-4970 -336 6231 4312 -2025 786 -2126 343 1065 4058 1435 -3099 -284 -6537 -3792 -8538 -5360 164 884 -596 -7689 2382 -8745 4562 -6232 3245 -6396 3978 5847 -663 -457 -457 -1782 4854 -842 -2879 -1612 1061 9613 -4888 2691 -5914 -1037 4712 485 4563 697 6709 -163 -1032 -4958 1203 -209 -90 92 -6165 2790 2521 -2038 10888 -5500 -549 -4133 -2269
-457 -2277 5877 3081 5240 -1629 -5296 -93 5592 2749 -626 -3510 -3708 -2235 -730 -9089 -9491 1867 -3607 1268 -10768 -1883 -8737 901 -9153 3509 -6571 18 4714 -700 -1963 1870 2634 5406 -1468 -3417 -4102 2016 6612 -8774 4798 -5842 2817 5589 -1408 8126 -1903 7108 -478 944 -2396 -1286 -2780 -4206 810 -1180 778 7273 2585 14998 -5727 -2857 -3221 -3817
-457 -2277 5877 3081 5240 -1629 -5296 -93 5592 2749 -626 -3510 -3708 -2235 -730 -9089 -9491 1867 -3607 1268 -10768 -1883 -8737 901 -9153 3509 -6571 18 4714 -700 -1963 1870 2634 5406 -1468 -3417 -4102 2016 6612 -8774 4798 -5842 2817 5589 -1408 8126 -1903 7108 -478 944 -2396 -1286 -2780 -4206 810 -1180 778 7273 2585 14998 -5727 -2857 -3221 -3817
-457 -2277 5877 3081 5240 -1629 -5296 -93 5592 2749 -626 -3510 -3708 -2235 -730 -9089 -9491 1867 -3607 1268 -10768 -1883 -8737 901 -9153 3509 -6571 18 4714 -700 -1963 1870 2634 5406 -1468 -3417 -4102 2016 6612 -8774 4798 -5842 2817 5589 -1408 8126 -1903 7108 -478 944 -2396 -1286 -2780 -4206 810 -1180 778 7273 2585 14998 -5727 -2857 -3221 -3817
-457 -2277 5877 3081 5240 -1629 -5296 -93 5592 2749 -626 -3510 -3708 -2235 -730 -9089 -9491 1867 -3607 1268 -10768 -1883 -8737 901 -9153 3509 -6571 18 4714 -700 -1963 1870 2634 5406 -1468 -3417 -4102 2016 6612 -8774 4798 -5842 2817 5589 -1408 8126 -1903 7108 -478 944 -2396 -1286 -2780 -4206 810 -1180 778 7273 2585 14998 -5727 -2857 -3221 -3817
-457 -2277 5877 3081 5240 -1629 -5296 -93 5592 2749 -626 -3510 -3708 -2235 -730 -9089 -9491 1867 -3607 1268 -10768 -1883 -8737 901 -9153 3509 -6571 18 4714 -700 -1963 1870 2634 5406 -1468 -3417 -4102 2016 6612 -8774 4798 -5842 2817 5589 -1408 8126 -1903 7108 -478 944 -2396 -1286 -2780 -4206 810 -1180 778 7273 2585 14998 -5727 -2857 -3221 -3817
-457 -2277 5877 3081 5240 -1629 -5296 -93 5592 2749 -626 -3510 -3708 -2235 -730 -9089 -9491 1867 -3607 1268 -10768 -1883 -8737 901 -9153 3509 -6571 18 4714 -700 -1963 1870 2634 5406 -1468 -3417 -4102 2016 6612 -8774 4798 -5842 2817 5589 -1408 8126 -1903 7108 -478 944 -2396 -1286 -2780 -4206 810 -1180 778 7273 2585 14998 -5727 -2857 -3221 -3817
-457 -2277 5877 3081 5240 -1629 -5296 -93 5592 2749 -626 -3510 -3708 -2235 -730 -9089 -9491 1867 -3607 1268 -10768 -1883 -8737 901 -9153 3509 -6571 18 4714 -700 -1963 1870 2634 5406 -1468 -3417 -4102 2016 6612 -8774 4798 -5842 2817 5589 -1408 8126 -1903 7108 -478 944 -2396 -1286 -2780 -4206 810 -1180 778 7273 2585 14998 -5727 -2857 -3221 -3817
-457 -2277 5877 3081 5240 -1629 -5296 -93 5592 2749 -626 -3510 -3708 -2235 -730 -9089 -9491 1867 -3607 1268 -10768 -1883 -8737 901 -9153 3509 -6571 18 4714 -700 -1963 1870 2634 5406 -1468 -3417 -4102 2016 6612 -8774 4798 -5842 2817 5589 -1408 8126 -1903 7108 -478 944 -2396 -1286 -2780 -4206 810 -1180 778 7273 2585 14998 -5727 -2857 -3221 -3817
-399 -2051 7809 3311 4400 -778 -4572 -501 5334 2448 641 -3304 -3746 -3901 -2665 -8678 -10145 3541 -3102 3624 -10010 -1562 -9046 717 -9891 3863 -7124 1966 6834 -851 -2066 -186 370 4789 -1086 -4219 -5455 2381 6110 -8999 3129 -6579 2429 6578 -376 8371 -1579 5467 -1194 2615 -3530 -573 -2145 -4888 2182 -761 2451 6244 1493 17008 -3959 -3323 -1944 -5910
1040 -3199 5686 3545 3836 -405 -2982 739 5009 2594 -55 -3449 -3342 -3934 -2467 -8093 -9547 2475 -5487 1891 -9857 -626 -6562 302 -7823 6304 -7186 1158 5528 -756 -3427 1252 1394 5620 1726 -1835 -4992 1064 5840 -7439 3865 -6930 2404 6921 -946 6487 -755 7246 2323 467 -2690 -1475 -1000 -4364 2985 -787 -257 6225 2131 14822 -5280 -2044 -2162 -4024
-457 -2277 5877 3081 5240 -1629 -5296 -93 5592 2749 -626 -3510 -3708 -2235 -730 -9089 -9491 1867 -3607 1268 -10768 -1883 -8737 901 -9153 3509 -6571 18 4714 -700 -1963 1870 2634 5406 -1468 -3417 -4102 2016 6612 -8774 4798 -5842 2817 5589 -1408 8126 -1903 7108 -478 944 -2396 -1286 -2780 -4206 810 -1180 778 7273 2585 14998 -5727 -2857 -3221 -3817
-457 -2277 5877 3081 5240 -1629 -5296 -93 5592 2749 -626 -3510 -3708 -2235 -730 -9089 -9491 1867 -3607 1268 -10768 -1883 -8737 901 -9153 3509 -6571 18 4714 -700 -1963 1870 2634 5406 -1468 -3417 -4102 2016 6612 -8774 4798 -5842 2817 5589 -1408 8126 -1903 7108 -478 944 -2396 -1286 -2780 -4206 810 -1180 778 7273 2585 14998 -5727 -2857 -3221 -3817
-457 -2277 5877 3081 5240 -1629 -5296 -93 5592 2749 -626 -3510 -3708 -2235 -730 -9089 -9491 1867 -3607 1268 -10768 -1883 -8737 901 -9153 3509 -6571 18 4714 -700 -1963 1870 2634 5406 -1468 -3417 -4102 2016 6612 -8774 4798 -5842 2817 5589 -1408 8126 -1903 7108 -478 944 -2396 -1286 -2780 -4206 810 -1180 778 7273 2585 14998 -5727 -2857 -3221 -3817
-457 -2277 5877 3081 5240 -1629 -5296 -93 5592 2749 -626 -3510 -3708 -2235 -730 -9089 -9491 1867 -3607 1268 -10768 -1883 -8737 901 -9153 3509 -6571 18 4714 -700 -1963 1870 2634 5406 -1468 -3417 -4102 2016 6612 -8774 4798 -5842 2817 5589 -1408 8126 -1903 7108 -478 944 -2396 -1286 -2780 -4206 810 -1180 778 7273 2585 14998 -5727 -2857 -3221 -3817
-457 -2277 5877 3081 5240 -1629 -5296 -93 5592 2749 -626 -3510 -3708 -2235 -730 -9089 -9491 1867 -3607 1268 -10768 -1883 -8737 901 -9153 3509 -6571 18 4714 -700 -1963 1870 2634 5406 -1468 -3417 -4102 2016 6612 -8774 4798 -5842 2817 5589 -1408 8126 -1903 7108 -478 944 -2396 -1286 -2780 -4206 810 -1180 778 7273 2585 14998 -5727 -2857 -3221 -3817
-2570 -559 5089 3671 1725 -2786 -5688 -1907 1849 3512 -619 -2511 -4360 -3454 -95 -9087 -7389 1768 46 1787 -9069 -1880 -11215 1793 -7582 426 -7789 2219 5096 -303 1438 -185 2990 3019 -4983 -5828 -2728 2630 8056 -7421 3328 -3010 -671 6522 -676 7702 -376 7146 -2316 695 -3290 1400 -3206 -1363 -558 -2205 2780 5126 -63 12013 -6185 -3818 -2220 -2224
-6807 1375 7106 3402 29 147 -3404 -4932 813 4243 226 -2734 -781 -2000 430 -7810 -5711 -306 3699 -1217 -7533 1856 -10164 3912 -5207 -2935 -9000 2343 3809 210 3651 -2798 2725 3608 -4695 -3134 -24 2772 11374 -6656 3162 -3059 -1590 2880 -223 8656 1053 12069 -3555 -2947 -4452 2416 -1872 1527 -3684 -5583 4041 2626 -2929 10745 -6539 -2460 -4155 1782
-7270 1861 6740 2018 620 1851 -3459 -3801 193 4535 781 -1460 1937 -2948 -212 -7989 -5808 -436 3118 -2874 -6036 1477 -9946 4850 -5022 -3062 -6546 2660 5520 -225 2185 -529 3429 3917 -7333 -2250 710 1389 12936 -6586 4549 -1394 -943 1906 -237 7919 3922 11778 -3215 -3858 -3133 2058 -2200 1627 -3286 -7380 3104 4172 -3181 11540 -6520 -846 -4849 2182
-8820 893 9487 2580 -1102 1288 -3215 -3973 813 3796 1609 -2720 1492 -5715 -2535 -6770 -7514 721 5529 -375 -4121 2421 -12123 3456 -4698 -3686 -7311 5561 6451 772 3624 -2795 -1061 2991 -6096 -1772 -567 2744 12002 -5869 904 -2699 -2385 4211 326 7031 4512 9470 -3747 -2614 -6719 1866 -1778 -1102 -536 -7335 6875 2038 -6681 14209 -5628 -1917 -4948 1114
-4077 -1118 9198 868 2347 1167 -2681 -1881 3296 2448 2298 -2446 1673 -3657 -1784 -10102 -8039 -451 -5111 -948 -9991 917 -8119 4962 -6103 5917 -6249 -1498 4556 -1261 -1495 1440 1305 6308 916 81 -704 -117 6187 -6809 7079 -5124 2997 1871 162 8781 411 10266 4245 -2470 -3642 1112 -2974 -2154 560 -4030 -594 8139 93 12712 -4371 2310 -4955 -1354
-457 -2277 5877 3081 5240 -1629 -5296 -93 5592 2749 -626 -3510 -3708 -2235 -730 -9089 -9491 1867 -3607 1268 -10768 -1883 -8737 901 -9153 3509 -6571 18 4714 -700 -1963 1870 2634 5406 -1468 -3417 -4102 2016 6612 -8774 4798 -5842 2817 5589 -1408 8126 -1903 7108 -478 944 -2396 -1286 -2780 -4206 810 -1180 778 7273 2585 14998 -5727 -2857 -3221 -3817
-457 -2277 5877 3081 5240 -1629 -5296 -93 5592 2749 -626 -3510 -3708 -2235 -730 -9089 -9491 1867 -3607 1268 -10768 -1883 -8737 901 -9153 3509 -6571 18 4714 -700 -1963 1870 2634 5406 -1468 -3417 -4102 2016 6612 -8774 4798 -5842 2817 5589 -1408 8126 -1903 7108 -478 944 -2396 -1286 -2780 -4206 810 -1180 778 7273 2585 14998 -5727 -2857 -3221 -3817
-457 -2277 5877 3081 5240 -1629 -5296 -93 5592 2749 -626 -3510 -3708 -2235 -730 -9089 -9491 1867 -3607 1268 -10768 -1883 -8737 901 -9153 3509 -6571 18 4714 -700 -1963 1870 2634 5406 -1468 -3417 -4102 2016 6612 -8774 4798 -5842 2817 5589 -1408 8126 -1903 7108 -478 944 -2396 -1286 -2780 -4206 810 -1180 778 7273 2585 14998 -5727 -2857 -3221 -3817
-457 -2277 5877 3081 5240 -1629 -5296 -93 5592 2749 -626 -3510 -3708 -2235 -730 -9089 -9491 1867 -3607 1268 -10768 -1883 -8737 901 -9153 3509 -6571 18 4714 -700 -1963 1870 2634 5406 -1468 -3417 -4102 2016 6612 -8774 4798 -5842 2817 5589 -1408 8126 -1903 7108 -478 944 -2396 -1286 -2780 -4206 810 -1180 778 7273 2585 14998 -5727 -2857 -3221 -3817
-457 -2277 5877 3081 5240 -1629 -5296 -93 5592 2749 -626 -3510 -3708 -2235 -730 -9089 -9491 1867 -3607 1268 -10768 -1883 -8737 901 -9153 3509 -6571 18 4714 -700 -1963 1870 2634 5406 -1468 -3417 -4102 2016 6612 -8774 4798 -5842 2817 5589 -1408 8126 -1903 7108 -478 944 -2396 -1286 -2780 -4206 810 -1180 778 7273 2585 14998 -5727 -2857 -3221 -3817
167 1333 1360 6052 -2923 -877 -1106 2961 242 4611 843 -1633 651 -6839 -69 -7142 -4320 1971 -610 -3042 -5744 -122 -6816 923 -3908 4197 -5669 6171 7528 336 -2367 -518 2326 5973 -3278 -5832 -2599 -496 10025 -3922 2618 -3274 -2079 5465 661 3106 3131 7941 -1672 1505 -3055 -1510 1135 1439 -1061 -6974 1860 -156 -331 11335 -9152 -1377 -1154 -2097
-1611 -1986 6666 2794 4949 -1172 -4942 -973 5038 2328 -314 -3309 -2961 -1824 -809 -8975 -9305 1788 -3192 1310 -10139 -1002 -9049 1859 -9186 2913 -6698 -255 4800 -1161 -1068 1812 2279 6042 -1247 -2787 -3112 1373 6431 -8566 4515 -5591 2426 4963 -1168 8433 -1979 7749 -806 386 -2101 -1039 -3329 -3755 946 -1239 708 7371 2171 14717 -5745 -2592 -4111 -3217
-457 -2277 5877 3081 5240 -1629 -5296 -93 5592 2749 -626 -3510 -3708 -2235 -730 -9089 -9491 1867 -3607 1268 -10768 -1883 -8737 901 -9153 3509 -6571 18 4714 -700 -1963 1870 2634 5406 -1468 -3417 -4102 2016 6612 -8774 4798 -5842 2817 5589 -1408 8126 -1903 7108 -478 944 -2396 -1286 -2780 -4206 810 -1180 778 7273 2585 14998 -5727 -2857 -3221 -3817
-457 -2277 5877 3081 5240 -1629 -5296 -93 5592 2749 -626 -3510 -3708 -2235 -730 -9089 -9491 1867 -3607 1268 -10768 -1883 -8737 901 -9153 3509 -6571 18 4714 -700 -1963 1870 2634 5406 -1468 -3417 -4102 2016 6612 -8774 4798 -5842 2817 5589 -1408 8126 -1903 7108 -478 944 -2396 -1286 -2780 -4206 810 -1180 778 7273 2585 14998 -5727 -2857 -3221 -3817
-457 -2277 5877 3081 5240 -1629 -5296 -93 5592 2749 -626 -3510 -3708 -2235 -730 -9089 -9491 1867 -3607 1268 -10768 -1883 -8737 901 -9153 3509 -6571 18 4714 -700 -1963 1870 2634 5406 -1468 -3417 -4102 2016 6612 -8774 4798 -5842 2817 5589 -1408 8126 -1903 7108 -478 944 -2396 -1286 -2780 -4206 810 -1180 778 7273 2585 14998 -5727 -2857 -3221 -3817
-457 -2277 5877 3081 5240 -1629 -5296 -93 5592 2749 -626 -3510 -3708 -2235 -730 -9089 -9491 1867 -3607 1268 -10768 -1883 -8737 901 -9153 3509 -6571 18 4714 -700 -1963 1870 2634 5406 -1468 -3417 -4102 2016 6612 -8774 4798 -5842 2817 5589 -1408 8126 -1903 7108 -478 944 -2396 -1286 -2780 -4206 810 -1180 778 7273 2585 14998 -5727 -2857 -3221 -3817
-2540 -1775 7900 6160 2176 -2639 -4986 -128 6299 1267 -1127 -4620 -3369 -6023 -4295 -7396 -12093 4762 -699 4907 -8533 755 -10626 1058 -7237 1969 -5694 5683 8443 66 -600 316 -3701 4096 -2687 -2708 -4989 2188 6096 -5950 -900 -6534 823 7001 -1324 5525 528 3023 -3067 1055 -5811 -1286 -2011 -5335 3914 -1124 5169 4747 280 17902 -4146 -3991 -3089 -5283
-5090 -104 9420 1781 2265 2538 -2970 -2665 2752 3597 1578 -1923 2909 -2838 -1728 -8717 -7068 -1623 -2895 -2609 -10281 1876 -7420 5720 -5864 4409 -7315 -750 3681 -26 -1651 -484 1652 5295 151 849 261 195 8709 -6844 7397 -5542 2666 418 19 8849 660 11827 3477 -3916 -5066 2399 -1441 -587 -964 -5606 524 6238 -849 11824 -3629 2867 -5824 -1103
-457 -2277 5877 3081 5240 -1629 -5296 -93 5592 2749 -626 -3510 -3708 -2235 -730 -9089 -9491 1867 -3607 1268 -10768 -1883 -8737 901 -9153 3509 -6571 18 4714 -700 -1963 1870 2634 5406 -1468 -3417 -4102 2016 6612 -8774 4798 -5842 2817 5589 -1408 8126 -1903 7108 -478 944 -2396 -1286 -2780 -4206 810 -1180 778 7273 2585 14998 -5727 -2857 -3221 -3817
-457 -2277 5877 3081 5240 -1629 -5296 -93 5592 2749 -626 -3510 -3708 -2235 -730 -9089 -9491 1867 -3607 1268 -10768 -1883 -8737 901 -9153 3509 -6571 18 4714 -700 -1963 1870 2634 5406 -1468 -3417 -4102 2016 6612 -8774 4798 -5842 2817 5589 -1408 8126 -1903 7108 -478 944 -2396 -1286 -2780 -4206 810 -1180 778 7273 2585 14998 -5727 -2857 -3221 -3817
-457 -2277 5877 3081 5240 -1629 -5296 -93 5592 2749 -626 -3510 -3708 -2235 -730 -9089 -9491 1867 -3607 1268 -10768 -1883 -8737 901 -9153 3509 -6571 18 4714 -700 -1963 1870 2634 5406 -1468 -3417 -4102 2016 6612 -8774 4798 -5842 2817 5589 -1408 8126 -1903 7108 -478 944 -2396 -1286 -2780 -4206 810 -1180 778 7273 2585 14998 -5727 -2857 -3221 -3817
-457 -2277 5877 3081 5240 -1629 -5296 -93 5592 2749 -626 -3510 -3708 -2235 -730 -9089 -9491 1867 -3607 1268 -10768 -1883 -8737 901 -9153 3509 -6571 18 4714 -700 -1963 1870 2634 5406 -1468 -3417 -4102 2016 6612 -8774 4798 -5842 2817 5589 -1408 8126 -1903 7108 -478 944 -2396 -1286 -2780 -4206 810 -1180 778 7273 2585 14998 -5727 -2857 -3221 -3817
-560 -2662 7085 2924 4783 -927 -5282 -650 5736 2534 242 -3653 -4023 -3414 -1801 -8870 -10402 2622 -3065 2421 -10038 -1717 -9329 678 -9635 3333 -7102 1094 5604 -603 -1914 434 1105 4554 -1467 -3403 -4946 2659 6179 -9085 3687 -6219 1952 6416 -1180 8447 -1429 6164 -753 1641 -3667 -1144 -2463 -5467 1834 -762 2140 6740 1481 15819 -4699 -3699 -2694 -4793
656 328 3225 3687 -2772 1707 -763 1655 -223 6253 1470 -1320 2264 -6852 -252 -7445 -4090 -1881 -1783 -6392 -7678 -762 -4646 2515 -2998 6780 -7718 3944 4785 1770 -5452 -2985 3558 3527 198 -3626 -2011 661 10669 -5657 7141 -5092 -1704 5014 1560 6101 3488 10582 3899 -853 -5811 -217 3813 1137 -1276 -9345 446 -36 -1565 9393 -6608 1161 -1439 -642
-711 -2121 6136 3061 5025 -1552 -5147 -407 5454 2640 -537 -3564 -3517 -2030 -684 -9100 -9507 1794 -3449 1310 -10637 -1579 -8825 1174 -9176 3317 -6686 -5 4690 -926 -1680 1711 2498 5619 -1237 -3250 -3807 1878 6443 -8783 4704 -5877 2602 5410 -1346 8351 -1987 7342 -680 805 -2414 -1240 -2935 -4071 863 -1182 737 7170 2545 14929 -5752 -2888 -3422 -3587
-457 -2277 5877 3081 5240 -1629 -5296 -93 5592 2749 -626 -3510 -3708 -2235 -730 -9089 -9491 1867 -3607 1268 -10768 -1883 -8737 901 -9153 3509 -6571 18 4714 -700 -1963 1870 2634 5406 -1468 -3417 -4102 2016 6612 -8774 4798 -5842 2817 5589 -1408 8126 -1903 7108 -478 944 -2396 -1286 -2780 -4206 810 -1180 778 7273 2585 14998 -5727 -2857 -3221 -3817
-457 -2277 5877 3081 5240 -1629 -5296 -93 5592 2749 -626 -3510 -3708 -2235 -730 -9089 -9491 1867 -3607 1268 -10768 -1883 -8737 901 -9153 3509 -6571 18 4714 -700 -1963 1870 2634 5406 -1468 -3417 -4102 2016 6612 -8774 4798 -5842 2817 5589 -1408 8126 -1903 7108 -478 944 -2396 -1286 -2780 -4206 810 -1180 778 7273 2585 14998 -5727 -2857 -3221 -3817
-457 -2277 5877 3081 5240 -1629 -5296 -93 5592 2749 -626 -3510 -3708 -2235 -730 -9089 -9491 1867 -3607 1268 -10768 -1883 -8737 901 -9153 3509 -6571 18 4714 -700 -1963 1870 2634 5406 -1468 -3417 -4102 2016 6612 -8774 4798 -5842 2817 5589 -1408 8126 -1903 7108 -478 944 -2396 -1286 -2780 -4206 810 -1180 778 7273 2585 14998 -5727 -2857 -3221 -3817
-457 -2277 5877 3081 5240 -1629 -5296 -93 5592 2749 -626 -3510 -3708 -2235 -730 -9089 -9491 1867 -3607 1268 -10768 -1883 -8737 901 -9153 3509 -6571 18 4714 -700 -1963 1870 2634 5406 -1468 -3417 -4102 2016 6612 -8774 4798 -5842 2817 5589 -1408 8126 -1903 7108 -478 944 -2396 -1286 -2780 -4206 810 -1180 778 7273 2585 14998 -5727 -2857 -3221 -3817
-4421 -1220 4589 5365 -119 -4671 -6482 -1677 4002 1925 -1862 -4667 -4829 -4231 -884 -9705 -9299 1855 1197 1144 -8091 96 -11548 1891 -4374 -928 -4932 4348 5058 690 2205 2808 517 3097 -6995 -3069 -2553 3699 8110 -5657 1316 -2283 -1476 5607 -2648 5351 1895 6018 -4123 -729 -4438 -858 -3940 -3398 -306 -3265 4739 5061 56 12181 -6988 -3921 -3560 967
-5822 824 9561 2442 3197 2099 -3821 -2713 1714 3324 1296 -2586 3206 -1270 -1062 -8412 -7216 -1906 -544 -2968 -9072 778 -7942 6048 -7036 2350 -7558 -155 4492 -1012 -610 -761 2030 5734 -1702 59 456 -307 10591 -8318 7239 -4751 2256 -430 704 9358 577 10699 1081 -3372 -4230 1832 -1588 386 -1321 -6776 474 5757 -869 12972 -4051 1842 -6737 -887
-457 -2277 5877 3081 5240 -1629 -5296 -93 5592 2749 -626 -3510 -3708 -2235 -730 -9089 -9491 1867 -3607 1268 -10768 -1883 -8737 901 -9153 3509 -6571 18 4714 -700 -1963 1870 2634 5406 -1468 -3417 -4102 2016 6612 -8774 4798 -5842 2817 5589 -1408 8126 -1903 7108 -478 944 -2396 -1286 -2780 -4206 810 -1180 778 7273 2585 14998 -5727 -2857 -3221 -3817
-457 -2277 5877 3081 5240 -1629 -5296 -93 5592 2749 -626 -3510 -3708 -2235 -730 -9089 -9491 1867 -3607 1268 -10768 -1883 -8737 901 -9153 3509 -6571 18 4714 -700 -1963 1870 2634 5406 -1468 -3417 -4102 2016 6612 -8774 4798 -5842 2817 5589 -1408 8126 -1903 7108 -478 944 -2396 -1286 -2780 -4206 810 -1180 778 7273 2585 14998 -5727 -2857 -3221 -3817
-457 -2277 5877 3081 5240 -1629 -5296 -93 5592 2749 -626 -3510 -3708 -2235 -730 -9089 -9491 1867 -3607 1268 -10768 -1883 -8737 901 -9153 3509 -6571 18 4714 -700 -1963 1870 2634 5406 -1468 -3417 -4102 2016 6612 -8774 4798 -5842 2817 5589 -1408 8126 -1903 7108 -478 944 -2396 -1286 -2780 -4206 810 -1180 778 7273 2585 14998 -5727 -2857 -3221 -3817
