1531 294 -116 -1077 -2297 -759 -66 924 23 1512 -220 531 -492 -1829 -1388 -950 365 1849 386 -360 1084 1207 -1088 376 -425 160 -794 18 517 -133 1161 -1294 -257 704 -1242 810 212 -683 -1470 534 983 -1155 914 -320 -918 -332 -2126 -749 376 -177 -883 208 -349 -1968 1046 -249 -413 -885 -336 406 -444 -200 2259 728
1189 -2 323 -1366 -2325 -1363 -1566 2374 128 943 14 1009 -428 -1162 -243 -1033 504 1556 247 -109 1562 2580 -761 518 654 -1127 -242 125 1471 368 1307 -998 114 691 -423 1292 -495 440 -1375 663 1217 -553 53 732 -999 1109 -2805 258 -526 595 -1380 428 -270 -2819 1809 189 -150 -862 417 843 -616 -446 2716 -524
1189 -2 323 -1366 -2325 -1363 -1566 2374 128 943 14 1009 -428 -1162 -243 -1033 504 1556 247 -109 1562 2580 -761 518 654 -1127 -242 125 1471 368 1307 -998 114 691 -423 1292 -495 440 -1375 663 1217 -553 53 732 -999 1109 -2805 258 -526 595 -1380 428 -270 -2819 1809 189 -150 -862 417 843 -616 -446 2716 -524
1189 -2 323 -1366 -2325 -1363 -1566 2374 128 943 14 1009 -428 -1162 -243 -1033 504 1556 247 -109 1562 2580 -761 518 654 -1127 -242 125 1471 368 1307 -998 114 691 -423 1292 -495 440 -1375 663 1217 -553 53 732 -999 1109 -2805 258 -526 595 -1380 428 -270 -2819 1809 189 -150 -862 417 843 -616 -446 2716 -524
1189 -2 323 -1366 -2325 -1363 -1566 2374 128 943 14 1009 -428 -1162 -243 -1033 504 1556 247 -109 1562 2580 -761 518 654 -1127 -242 125 1471 368 1307 -998 114 691 -423 1292 -495 440 -1375 663 1217 -553 53 732 -999 1109 -2805 258 -526 595 -1380 428 -270 -2819 1809 189 -150 -862 417 843 -616 -446 2716 -524
1189 -2 323 -1366 -2325 -1363 -1566 2374 128 943 14 1009 -428 -1162 -243 -1033 504 1556 247 -109 1562 2580 -761 518 654 -1127 -242 125 1471 368 1307 -998 114 691 -423 1292 -495 440 -1375 663 1217 -553 53 732 -999 1109 -2805 258 -526 595 -1380 428 -270 -2819 1809 189 -150 -862 417 843 -616 -446 2716 -524
1189 -2 323 -1366 -2325 -1363 -1566 2374 128 943 14 1009 -428 -1162 -243 -1033 504 1556 247 -109 1562 2580 -761 518 654 -1127 -242 125 1471 368 1307 -998 114 691 -423 1292 -495 440 -1375 663 1217 -553 53 732 -999 1109 -2805 258 -526 595 -1380 428 -270 -2819 1809 189 -150 -862 417 843 -616 -446 2716 -524
1189 -2 323 -1366 -2325 -1363 -1566 2374 128 943 14 1009 -428 -1162 -243 -1033 504 1556 247 -109 1562 2580 -761 518 654 -1127 -242 125 1471 368 1307 -998 114 691 -423 1292 -495 440 -1375 663 1217 -553 53 732 -999 1109 -2805 258 -526 595 -1380 428 -270 -2819 1809 189 -150 -862 417 843 -616 -446 2716 -524
1189 -2 323 -1366 -2325 -1363 -1566 2374 128 943 14 1009 -428 -1162 -243 -1033 504 1556 247 -109 1562 2580 -761 518 654 -1127 -242 125 1471 368 1307 -998 114 691 -423 1292 -495 440 -1375 663 1217 -553 53 732 -999 1109 -2805 258 -526 595 -1380 428 -270 -2819 1809 189 -150 -862 417 843 -616 -446 2716 -524
1265 167 183 -1257 -2245 -1268 -1332 1944 -241 972 -90 945 -320 -1215 -379 -949 700 1570 455 9 1349 2574 -843 378 457 -1106 -360 74 1194 321 1273 -1058 34 516 -357 1085 -330 363 -1310 585 847 -443 186 811 -1034 1099 -2478 207 -306 825 -1351 283 -123 -2415 1628 169 172 -732 361 907 -799 -228 2373 -288
1061 291 615 -1442 -2126 -1635 -1410 1983 -93 959 91 1002 -375 -1425 -413 -1081 450 1601 719 -43 1272 2375 -710 738 350 -721 347 54 1189 213 1278 -1423 150 509 -475 1170 -485 325 -1618 909 1340 -472 443 589 -734 1044 -2658 432 -527 559 -1453 360 -421 -2365 1380 246 -119 -860 204 480 -770 -398 2243 168
1189 -2 323 -1366 -2325 -1363 -1566 2374 128 943 14 1009 -428 -1162 -243 -1033 504 1556 247 -109 1562 2580 -761 518 654 -1127 -242 125 1471 368 1307 -998 114 691 -423 1292 -495 440 -1375 663 1217 -553 53 732 -999 1109 -2805 258 -526 595 -1380 428 -270 -2819 1809 189 -150 -862 417 843 -616 -446 2716 -524
1189 -2 323 -1366 -2325 -1363 -1566 2374 128 943 14 1009 -428 -1162 -243 -1033 504 1556 247 -109 1562 2580 -761 518 654 -1127 -242 125 1471 368 1307 -998 114 691 -423 1292 -495 440 -1375 663 1217 -553 53 732 -999 1109 -2805 258 -526 595 -1380 428 -270 -2819 1809 189 -150 -862 417 843 -616 -446 2716 -524
1189 -2 323 -1366 -2325 -1363 -1566 2374 128 943 14 1009 -428 -1162 -243 -1033 504 1556 247 -109 1562 2580 -761 518 654 -1127 -242 125 1471 368 1307 -998 114 691 -423 1292 -495 440 -1375 663 1217 -553 53 732 -999 1109 -2805 258 -526 595 -1380 428 -270 -2819 1809 189 -150 -862 417 843 -616 -446 2716 -524
1189 -2 323 -1366 -2325 -1363 -1566 2374 128 943 14 1009 -428 -1162 -243 -1033 504 1556 247 -109 1562 2580 -761 518 654 -1127 -242 125 1471 368 1307 -998 114 691 -423 1292 -495 440 -1375 663 1217 -553 53 732 -999 1109 -2805 258 -526 595 -1380 428 -270 -2819 1809 189 -150 -862 417 843 -616 -446 2716 -524
1189 -2 323 -1366 -2325 -1363 -1566 2374 128 943 14 1009 -428 -1162 -243 -1033 504 1556 247 -109 1562 2580 -761 518 654 -1127 -242 125 1471 368 1307 -998 114 691 -423 1292 -495 440 -1375 663 1217 -553 53 732 -999 1109 -2805 258 -526 595 -1380 428 -270 -2819 1809 189 -150 -862 417 843 -616 -446 2716 -524
1307 -222 -376 -1157 -2546 -1005 -763 1896 38 1150 -594 670 -504 -1474 -570 -667 248 1741 -70 -41 1663 2411 -1390 114 210 -1182 -689 -8 1149 352 1011 -413 54 480 -972 1207 -133 133 -1032 -14 1035 -824 -6 445 -1062 593 -2610 -78 -103 491 -1236 367 112 -2436 1383 327 -450 -866 211 910 -218 -468 2878 -900
1794 -501 -593 -732 -2427 -211 176 1115 227 1365 -1047 250 -818 -1620 -1049 -624 -116 1957 -177 -263 1185 1677 -1521 -50 -176 -247 -1299 232 953 -287 1225 -618 -195 1019 -1342 1007 281 -56 -1016 -336 1072 -1507 681 177 -1176 -215 -2393 -1038 272 -256 -844 207 294 -2313 867 214 -1231 -1165 -261 617 -121 -586 2816 -727
1603 -331 -587 -522 -2375 -179 -9 948 513 1412 -813 89 -866 -1435 -1132 -865 -6 1660 -9 -267 924 1110 -1263 121 -338 111 -1289 29 1107 -121 1182 -595 -190 939 -1321 986 323 -245 -1081 -332 878 -1560 1072 -122 -1465 -572 -2273 -955 90 -537 -863 318 -44 -2558 682 -70 -1370 -1095 -315 463 119 -580 2555 -788
1835 -339 -659 -523 -2501 -324 214 545 -49 1375 -773 169 -631 -1424 -1559 -762 195 1879 276 -218 560 1345 -1336 -230 -834 150 -1334 -44 982 -435 1173 -598 -409 984 -1522 812 490 -125 -1244 159 332 -1295 941 -540 -1293 -656 -2022 -1422 119 -266 -812 113 -263 -2043 367 38 -1025 -929 -80 427 143 -554 2006 -348
1478 235 994 -1493 -2224 -666 -796 1338 802 1155 -205 872 -643 -1701 -878 -1858 180 1665 598 -531 1559 1230 -225 1079 206 -149 -277 271 1151 418 1343 -2117 206 1087 -926 955 -243 -329 -1752 954 1586 -1607 848 310 -663 80 -2914 -181 -407 -16 -456 842 -783 -2837 1699 -368 -551 -915 -618 247 -896 -686 2557 481
1189 -2 323 -1366 -2325 -1363 -1566 2374 128 943 14 1009 -428 -1162 -243 -1033 504 1556 247 -109 1562 2580 -761 518 654 -1127 -242 125 1471 368 1307 -998 114 691 -423 1292 -495 440 -1375 663 1217 -553 53 732 -999 1109 -2805 258 -526 595 -1380 428 -270 -2819 1809 189 -150 -862 417 843 -616 -446 2716 -524
1189 -2 323 -1366 -2325 -1363 -1566 2374 128 943 14 1009 -428 -1162 -243 -1033 504 1556 247 -109 1562 2580 -761 518 654 -1127 -242 125 1471 368 1307 -998 114 691 -423 1292 -495 440 -1375 663 1217 -553 53 732 -999 1109 -2805 258 -526 595 -1380 428 -270 -2819 1809 189 -150 -862 417 843 -616 -446 2716 -524
1189 -2 323 -1366 -2325 -1363 -1566 2374 128 943 14 1009 -428 -1162 -243 -1033 504 1556 247 -109 1562 2580 -761 518 654 -1127 -242 125 1471 368 1307 -998 114 691 -423 1292 -495 440 -1375 663 1217 -553 53 732 -999 1109 -2805 258 -526 595 -1380 428 -270 -2819 1809 189 -150 -862 417 843 -616 -446 2716 -524
1189 -2 323 -1366 -2325 -1363 -1566 2374 128 943 14 1009 -428 -1162 -243 -1033 504 1556 247 -109 1562 2580 -761 518 654 -1127 -242 125 1471 368 1307 -998 114 691 -423 1292 -495 440 -1375 663 1217 -553 53 732 -999 1109 -2805 258 -526 595 -1380 428 -270 -2819 1809 189 -150 -862 417 843 -616 -446 2716 -524
1189 -2 323 -1366 -2325 -1363 -1566 2374 128 943 14 1009 -428 -1162 -243 -1033 504 1556 247 -109 1562 2580 -761 518 654 -1127 -242 125 1471 368 1307 -998 114 691 -423 1292 -495 440 -1375 663 1217 -553 53 732 -999 1109 -2805 258 -526 595 -1380 428 -270 -2819 1809 189 -150 -862 417 843 -616 -446 2716 -524
764 971 -394 -809 -2022 -1399 -184 1074 118 1574 303 477 -531 -1004 -787 -448 313 1582 167 -102 613 1304 -1245 565 -841 284 -287 -172 -248 14 400 -115 360 579 -554 1080 37 -679 -999 271 626 -875 1377 86 -1251 -248 -1552 152 327 -254 -1363 279 257 -1270 79 -605 -270 -814 166 516 -80 304 1959 555
1432 -164 416 -1341 -2322 -1232 -1450 2323 163 985 -140 1047 -447 -1277 -275 -1203 418 1604 311 -106 1602 2472 -683 555 612 -1134 -347 81 1549 300 1338 -1098 141 790 -469 1218 -530 320 -1381 636 1214 -655 67 709 -956 1030 -2947 145 -449 538 -1233 372 -283 -2910 1815 202 -271 -887 281 793 -639 -572 2845 -498
1189 -2 323 -1366 -2325 -1363 -1566 2374 128 943 14 1009 -428 -1162 -243 -1033 504 1556 247 -109 1562 2580 -761 518 654 -1127 -242 125 1471 368 1307 -998 114 691 -423 1292 -495 440 -1375 663 1217 -553 53 732 -999 1109 -2805 258 -526 595 -1380 428 -270 -2819 1809 189 -150 -862 417 843 -616 -446 2716 -524
1189 -2 323 -1366 -2325 -1363 -1566 2374 128 943 14 1009 -428 -1162 -243 -1033 504 1556 247 -109 1562 2580 -761 518 654 -1127 -242 125 1471 368 1307 -998 114 691 -423 1292 -495 440 -1375 663 1217 -553 53 732 -999 1109 -2805 258 -526 595 -1380 428 -270 -2819 1809 189 -150 -862 417 843 -616 -446 2716 -524
1189 -2 323 -1366 -2325 -1363 -1566 2374 128 943 14 1009 -428 -1162 -243 -1033 504 1556 247 -109 1562 2580 -761 518 654 -1127 -242 125 1471 368 1307 -998 114 691 -423 1292 -495 440 -1375 663 1217 -553 53 732 -999 1109 -2805 258 -526 595 -1380 428 -270 -2819 1809 189 -150 -862 417 843 -616 -446 2716 -524
1189 -2 323 -1366 -2325 -1363 -1566 2374 128 943 14 1009 -428 -1162 -243 -1033 504 1556 247 -109 1562 2580 -761 518 654 -1127 -242 125 1471 368 1307 -998 114 691 -423 1292 -495 440 -1375 663 1217 -553 53 732 -999 1109 -2805 258 -526 595 -1380 428 -270 -2819 1809 189 -150 -862 417 843 -616 -446 2716 -524
1821 42 179 -1231 -2270 -1341 -859 1219 -891 1078 -196 871 -121 -1209 -688 -913 567 1718 1003 -60 1019 2592 -1022 140 -458 -655 -443 -284 716 -46 1187 -1241 -348 629 -741 871 -6 89 -1430 873 384 -340 294 102 -783 603 -2122 -178 40 722 -1236 79 -360 -1883 1096 368 56 -761 309 579 -689 -157 1627 -60
1622 344 695 -1288 -2190 -159 -359 989 771 1296 -532 643 -821 -1968 -1104 -1823 161 1901 518 -621 1522 937 -405 967 93 213 -674 487 925 292 1407 -2038 194 1068 -1021 875 -55 -327 -1614 685 1590 -2059 1220 178 -777 -360 -2658 -528 -89 -304 -443 772 -719 -2790 1667 -506 -718 -1054 -796 187 -973 -732 2791 419
1189 -2 323 -1366 -2325 -1363 -1566 2374 128 943 14 1009 -428 -1162 -243 -1033 504 1556 247 -109 1562 2580 -761 518 654 -1127 -242 125 1471 368 1307 -998 114 691 -423 1292 -495 440 -1375 663 1217 -553 53 732 -999 1109 -2805 258 -526 595 -1380 428 -270 -2819 1809 189 -150 -862 417 843 -616 -446 2716 -524
1189 -2 323 -1366 -2325 -1363 -1566 2374 128 943 14 1009 -428 -1162 -243 -1033 504 1556 247 -109 1562 2580 -761 518 654 -1127 -242 125 1471 368 1307 -998 114 691 -423 1292 -495 440 -1375 663 1217 -553 53 732 -999 1109 -2805 258 -526 595 -1380 428 -270 -2819 1809 189 -150 -862 417 843 -616 -446 2716 -524
1189 -2 323 -1366 -2325 -1363 -1566 2374 128 943 14 1009 -428 -1162 -243 -1033 504 1556 247 -109 1562 2580 -761 518 654 -1127 -242 125 1471 368 1307 -998 114 691 -423 1292 -495 440 -1375 663 1217 -553 53 732 -999 1109 -2805 258 -526 595 -1380 428 -270 -2819 1809 189 -150 -862 417 843 -616 -446 2716 -524
1189 -2 323 -1366 -2325 -1363 -1566 2374 128 943 14 1009 -428 -1162 -243 -1033 504 1556 247 -109 1562 2580 -761 518 654 -1127 -242 125 1471 368 1307 -998 114 691 -423 1292 -495 440 -1375 663 1217 -553 53 732 -999 1109 -2805 258 -526 595 -1380 428 -270 -2819 1809 189 -150 -862 417 843 -616 -446 2716 -524
1256 -9 206 -1285 -2269 -1287 -1431 2064 -196 919 -89 957 -310 -1248 -385 -977 555 1583 397 -32 1387 2648 -870 306 546 -1148 -308 124 1337 289 1347 -1066 20 624 -535 1132 -365 473 -1421 705 954 -497 105 638 -1004 1064 -2683 146 -431 776 -1409 312 -155 -2626 1695 245 4 -808 399 847 -684 -336 2429 -472
253 1033 -213 -827 -1766 -629 -51 443 475 1178 -59 261 -699 -1211 -916 -963 123 1738 375 -199 938 907 -937 647 -543 360 -205 452 -75 316 748 -754 69 498 -877 600 -75 -327 -1129 444 1245 -1709 1814 99 -1092 -701 -1967 95 150 -404 -1190 473 59 -1338 292 -858 -520 -862 -522 265 -228 -156 2264 705
1268 -55 351 -1369 -2315 -1325 -1515 2360 128 950 -53 1023 -428 -1198 -247 -1085 484 1585 256 -107 1581 2561 -736 528 651 -1131 -273 122 1481 326 1324 -1012 125 721 -430 1267 -521 407 -1381 664 1207 -598 58 746 -990 1103 -2853 223 -491 587 -1339 419 -249 -2836 1808 207 -176 -871 377 839 -635 -465 2762 -528
1189 -2 323 -1366 -2325 -1363 -1566 2374 128 943 14 1009 -428 -1162 -243 -1033 504 1556 247 -109 1562 2580 -761 518 654 -1127 -242 125 1471 368 1307 -998 114 691 -423 1292 -495 440 -1375 663 1217 -553 53 732 -999 1109 -2805 258 -526 595 -1380 428 -270 -2819 1809 189 -150 -862 417 843 -616 -446 2716 -524
1189 -2 323 -1366 -2325 -1363 -1566 2374 128 943 14 1009 -428 -1162 -243 -1033 504 1556 247 -109 1562 2580 -761 518 654 -1127 -242 125 1471 368 1307 -998 114 691 -423 1292 -495 440 -1375 663 1217 -553 53 732 -999 1109 -2805 258 -526 595 -1380 428 -270 -2819 1809 189 -150 -862 417 843 -616 -446 2716 -524
1189 -2 323 -1366 -2325 -1363 -1566 2374 128 943 14 1009 -428 -1162 -243 -1033 504 1556 247 -109 1562 2580 -761 518 654 -1127 -242 125 1471 368 1307 -998 114 691 -423 1292 -495 440 -1375 663 1217 -553 53 732 -999 1109 -2805 258 -526 595 -1380 428 -270 -2819 1809 189 -150 -862 417 843 -616 -446 2716 -524
1189 -2 323 -1366 -2325 -1363 -1566 2374 128 943 14 1009 -428 -1162 -243 -1033 504 1556 247 -109 1562 2580 -761 518 654 -1127 -242 125 1471 368 1307 -998 114 691 -423 1292 -495 440 -1375 663 1217 -553 53 732 -999 1109 -2805 258 -526 595 -1380 428 -270 -2819 1809 189 -150 -862 417 843 -616 -446 2716 -524
1897 -328 -308 -1327 -2430 -1146 -703 1584 -451 1221 -302 527 -252 -1081 -708 -717 212 1664 210 -202 1366 2654 -1377 -188 -462 -818 -881 -366 800 7 1200 -714 -463 874 -1501 1204 94 -77 -1408 587 611 -780 -131 -517 -1009 309 -2444 -639 -69 173 -1136 483 -108 -2343 1046 457 -788 -901 261 560 -148 -286 1986 -977
1751 12 405 -946 -2246 19 -474 1217 759 1312 -668 569 -977 -1638 -1088 -1713 209 1875 346 -516 1512 1069 -450 786 173 40 -891 381 1134 296 1345 -1520 36 1143 -887 965 -137 -177 -1391 310 1249 -1880 1195 302 -1054 -353 -2554 -626 -67 -398 -592 565 -541 -3082 1753 -507 -862 -1098 -598 281 -693 -706 2992 -90
1189 -2 323 -1366 -2325 -1363 -1566 2374 128 943 14 1009 -428 -1162 -243 -1033 504 1556 247 -109 1562 2580 -761 518 654 -1127 -242 125 1471 368 1307 -998 114 691 -423 1292 -495 440 -1375 663 1217 -553 53 732 -999 1109 -2805 258 -526 595 -1380 428 -270 -2819 1809 189 -150 -862 417 843 -616 -446 2716 -524
1189 -2 323 -1366 -2325 -1363 -1566 2374 128 943 14 1009 -428 -1162 -243 -1033 504 1556 247 -109 1562 2580 -761 518 654 -1127 -242 125 1471 368 1307 -998 114 691 -423 1292 -495 440 -1375 663 1217 -553 53 732 -999 1109 -2805 258 -526 595 -1380 428 -270 -2819 1809 189 -150 -862 417 843 -616 -446 2716 -524
1189 -2 323 -1366 -2325 -1363 -1566 2374 128 943 14 1009 -428 -1162 -243 -1033 504 1556 247 -109 1562 2580 -761 518 654 -1127 -242 125 1471 368 1307 -998 114 691 -423 1292 -495 440 -1375 663 1217 -553 53 732 -999 1109 -2805 258 -526 595 -1380 428 -270 -2819 1809 189 -150 -862 417 843 -616 -446 2716 -524
