-335 -636 -237 -371 -696 136 -479 -527 -689 -512 743 2625 -692 -442 -679 -330 1168 -395 3654 0 390 -145 446 161 -571 1151 828 -696 116 2249 1113 1376 -692 901 982 -593 -515 2276 -696 -155 3056 283 -640 -225 68 2748 -694 1950 2202 -624 3044 602 942 455 -465 1998 2794 -633 -167 -114 6681 186 -683 38 -608 -10 -654 994 679 3814 -642 -384 4087 -37 -329 -211 -687 49 9 295 -279 2287 2426 -514 2142 2149 -244 -627 1874 -306 1308 2923 550 -328 -254 -259 1080 -145 -622 -600 530 898 -84 212 451 -642 431 65 -315 2644 1187 -646 610 -559 -262 118 4118 -380 -433 762 1445 -320 1396 -568 -489 -542 -528 -678
-604 -615 62 -644 -212 1280 88 -133 -669 238 -476 3897 -480 -320 -514 -267 88 -594 2152 671 -116 -364 1372 2138 -694 198 592 -625 1134 998 1089 437 -517 2188 5006 179 -595 1734 -693 -664 2841 -305 -664 -470 46 1447 -195 3059 1167 -682 6141 -265 1296 553 -398 2016 3222 -579 -454 -655 6911 1952 -264 -574 -483 -684 -625 677 628 1291 -606 -424 3465 632 -596 1173 -689 211 450 -128 -169 3803 5546 -23 945 2409 -313 -689 1760 -618 2039 1457 -89 293 649 -147 1053 -663 -691 -669 -243 543 307 1619 96 -635 290 201 -25 -166 707 -159 -404 -502 -62 -83 4187 256 223 2176 513 433 630 159 -653 -694 -568 -668
-604 -615 62 -644 -212 1280 88 -133 -669 238 -476 3897 -480 -320 -514 -267 88 -594 2152 671 -116 -364 1372 2138 -694 198 592 -625 1134 998 1089 437 -517 2188 5006 179 -595 1734 -693 -664 2841 -305 -664 -470 46 1447 -195 3059 1167 -682 6141 -265 1296 553 -398 2016 3222 -579 -454 -655 6911 1952 -264 -574 -483 -684 -625 677 628 1291 -606 -424 3465 632 -596 1173 -689 211 450 -128 -169 3803 5546 -23 945 2409 -313 -689 1760 -618 2039 1457 -89 293 649 -147 1053 -663 -691 -669 -243 543 307 1619 96 -635 290 201 -25 -166 707 -159 -404 -502 -62 -83 4187 256 223 2176 513 433 630 159 -653 -694 -568 -668
-604 -615 62 -644 -212 1280 88 -133 -669 238 -476 3897 -480 -320 -514 -267 88 -594 2152 671 -116 -364 1372 2138 -694 198 592 -625 1134 998 1089 437 -517 2188 5006 179 -595 1734 -693 -664 2841 -305 -664 -470 46 1447 -195 3059 1167 -682 6141 -265 1296 553 -398 2016 3222 -579 -454 -655 6911 1952 -264 -574 -483 -684 -625 677 628 1291 -606 -424 3465 632 -596 1173 -689 211 450 -128 -169 3803 5546 -23 945 2409 -313 -689 1760 -618 2039 1457 -89 293 649 -147 1053 -663 -691 -669 -243 543 307 1619 96 -635 290 201 -25 -166 707 -159 -404 -502 -62 -83 4187 256 223 2176 513 433 630 159 -653 -694 -568 -668
-604 -615 62 -644 -212 1280 88 -133 -669 238 -476 3897 -480 -320 -514 -267 88 -594 2152 671 -116 -364 1372 2138 -694 198 592 -625 1134 998 1089 437 -517 2188 5006 179 -595 1734 -693 -664 2841 -305 -664 -470 46 1447 -195 3059 1167 -682 6141 -265 1296 553 -398 2016 3222 -579 -454 -655 6911 1952 -264 -574 -483 -684 -625 677 628 1291 -606 -424 3465 632 -596 1173 -689 211 450 -128 -169 3803 5546 -23 945 2409 -313 -689 1760 -618 2039 1457 -89 293 649 -147 1053 -663 -691 -669 -243 543 307 1619 96 -635 290 201 -25 -166 707 -159 -404 -502 -62 -83 4187 256 223 2176 513 433 630 159 -653 -694 -568 -668
-604 -615 62 -644 -212 1280 88 -133 -669 238 -476 3897 -480 -320 -514 -267 88 -594 2152 671 -116 -364 1372 2138 -694 198 592 -625 1134 998 1089 437 -517 2188 5006 179 -595 1734 -693 -664 2841 -305 -664 -470 46 1447 -195 3059 1167 -682 6141 -265 1296 553 -398 2016 3222 -579 -454 -655 6911 1952 -264 -574 -483 -684 -625 677 628 1291 -606 -424 3465 632 -596 1173 -689 211 450 -128 -169 3803 5546 -23 945 2409 -313 -689 1760 -618 2039 1457 -89 293 649 -147 1053 -663 -691 -669 -243 543 307 1619 96 -635 290 201 -25 -166 707 -159 -404 -502 -62 -83 4187 256 223 2176 513 433 630 159 -653 -694 -568 -668
-604 -615 62 -644 -212 1280 88 -133 -669 238 -476 3897 -480 -320 -514 -267 88 -594 2152 671 -116 -364 1372 2138 -694 198 592 -625 1134 998 1089 437 -517 2188 5006 179 -595 1734 -693 -664 2841 -305 -664 -470 46 1447 -195 3059 1167 -682 6141 -265 1296 553 -398 2016 3222 -579 -454 -655 6911 1952 -264 -574 -483 -684 -625 677 628 1291 -606 -424 3465 632 -596 1173 -689 211 450 -128 -169 3803 5546 -23 945 2409 -313 -689 1760 -618 2039 1457 -89 293 649 -147 1053 -663 -691 -669 -243 543 307 1619 96 -635 290 201 -25 -166 707 -159 -404 -502 -62 -83 4187 256 223 2176 513 433 630 159 -653 -694 -568 -668
-604 -615 62 -644 -212 1280 88 -133 -669 238 -476 3897 -480 -320 -514 -267 88 -594 2152 671 -116 -364 1372 2138 -694 198 592 -625 1134 998 1089 437 -517 2188 5006 179 -595 1734 -693 -664 2841 -305 -664 -470 46 1447 -195 3059 1167 -682 6141 -265 1296 553 -398 2016 3222 -579 -454 -655 6911 1952 -264 -574 -483 -684 -625 677 628 1291 -606 -424 3465 632 -596 1173 -689 211 450 -128 -169 3803 5546 -23 945 2409 -313 -689 1760 -618 2039 1457 -89 293 649 -147 1053 -663 -691 -669 -243 543 307 1619 96 -635 290 201 -25 -166 707 -159 -404 -502 -62 -83 4187 256 223 2176 513 433 630 159 -653 -694 -568 -668
-604 -615 62 -644 -212 1280 88 -133 -669 238 -476 3897 -480 -320 -514 -267 88 -594 2152 671 -116 -364 1372 2138 -694 198 592 -625 1134 998 1089 437 -517 2188 5006 179 -595 1734 -693 -664 2841 -305 -664 -470 46 1447 -195 3059 1167 -682 6141 -265 1296 553 -398 2016 3222 -579 -454 -655 6911 1952 -264 -574 -483 -684 -625 677 628 1291 -606 -424 3465 632 -596 1173 -689 211 450 -128 -169 3803 5546 -23 945 2409 -313 -689 1760 -618 2039 1457 -89 293 649 -147 1053 -663 -691 -669 -243 543 307 1619 96 -635 290 201 -25 -166 707 -159 -404 -502 -62 -83 4187 256 223 2176 513 433 630 159 -653 -694 -568 -668
-589 -630 -173 -668 -387 1127 -81 315 -643 -146 -319 3348 -404 -403 -640 -233 -180 -545 2297 279 -208 -331 1234 1750 -650 -193 439 -687 1302 1207 1256 645 -443 2162 4912 -236 -663 1905 -690 -664 2234 -229 -696 -358 111 1505 -430 2325 1288 -650 4952 -347 1420 729 -387 2219 3637 -663 -543 -668 6899 2615 -378 -532 -446 -621 -599 657 572 1181 -471 -470 3138 642 -673 597 -674 329 506 -109 -474 2786 5594 10 1076 2133 -190 -669 2631 -582 1868 1365 -64 -157 353 116 1720 -603 -694 -636 -282 324 887 1479 75 -676 568 -119 -207 -23 481 -87 -487 -414 -34 -316 4233 -71 -194 1777 427 850 579 92 -576 -633 -597 -656
-508 -589 58 -692 -393 987 -55 496 -687 64 -44 3061 -581 -472 -646 -224 52 -532 3292 939 -217 -404 348 2942 -658 -306 525 -588 642 337 952 599 -362 2050 4115 6 -593 1919 -694 -597 2776 -397 -696 -441 -70 1194 -550 2496 933 -688 6107 -461 1499 1353 -350 2602 4396 -529 -311 -643 6020 1984 -176 -307 -284 -659 -693 946 546 2513 -552 -421 2924 764 -618 1504 -692 417 594 -594 -438 3430 6253 -348 559 2488 -375 -693 2782 -456 1724 1194 -214 178 92 369 1256 -633 -667 -585 -276 360 646 1445 -81 -638 726 -51 -183 -381 1015 17 -603 -477 255 -151 3276 -43 -189 1492 296 605 770 372 -418 -678 -624 -641
-604 -615 62 -644 -212 1280 88 -133 -669 238 -476 3897 -480 -320 -514 -267 88 -594 2152 671 -116 -364 1372 2138 -694 198 592 -625 1134 998 1089 437 -517 2188 5006 179 -595 1734 -693 -664 2841 -305 -664 -470 46 1447 -195 3059 1167 -682 6141 -265 1296 553 -398 2016 3222 -579 -454 -655 6911 1952 -264 -574 -483 -684 -625 677 628 1291 -606 -424 3465 632 -596 1173 -689 211 450 -128 -169 3803 5546 -23 945 2409 -313 -689 1760 -618 2039 1457 -89 293 649 -147 1053 -663 -691 -669 -243 543 307 1619 96 -635 290 201 -25 -166 707 -159 -404 -502 -62 -83 4187 256 223 2176 513 433 630 159 -653 -694 -568 -668
-604 -615 62 -644 -212 1280 88 -133 -669 238 -476 3897 -480 -320 -514 -267 88 -594 2152 671 -116 -364 1372 2138 -694 198 592 -625 1134 998 1089 437 -517 2188 5006 179 -595 1734 -693 -664 2841 -305 -664 -470 46 1447 -195 3059 1167 -682 6141 -265 1296 553 -398 2016 3222 -579 -454 -655 6911 1952 -264 -574 -483 -684 -625 677 628 1291 -606 -424 3465 632 -596 1173 -689 211 450 -128 -169 3803 5546 -23 945 2409 -313 -689 1760 -618 2039 1457 -89 293 649 -147 1053 -663 -691 -669 -243 543 307 1619 96 -635 290 201 -25 -166 707 -159 -404 -502 -62 -83 4187 256 223 2176 513 433 630 159 -653 -694 -568 -668
-604 -615 62 -644 -212 1280 88 -133 -669 238 -476 3897 -480 -320 -514 -267 88 -594 2152 671 -116 -364 1372 2138 -694 198 592 -625 1134 998 1089 437 -517 2188 5006 179 -595 1734 -693 -664 2841 -305 -664 -470 46 1447 -195 3059 1167 -682 6141 -265 1296 553 -398 2016 3222 -579 -454 -655 6911 1952 -264 -574 -483 -684 -625 677 628 1291 -606 -424 3465 632 -596 1173 -689 211 450 -128 -169 3803 5546 -23 945 2409 -313 -689 1760 -618 2039 1457 -89 293 649 -147 1053 -663 -691 -669 -243 543 307 1619 96 -635 290 201 -25 -166 707 -159 -404 -502 -62 -83 4187 256 223 2176 513 433 630 159 -653 -694 -568 -668
-604 -615 62 -644 -212 1280 88 -133 -669 238 -476 3897 -480 -320 -514 -267 88 -594 2152 671 -116 -364 1372 2138 -694 198 592 -625 1134 998 1089 437 -517 2188 5006 179 -595 1734 -693 -664 2841 -305 -664 -470 46 1447 -195 3059 1167 -682 6141 -265 1296 553 -398 2016 3222 -579 -454 -655 6911 1952 -264 -574 -483 -684 -625 677 628 1291 -606 -424 3465 632 -596 1173 -689 211 450 -128 -169 3803 5546 -23 945 2409 -313 -689 1760 -618 2039 1457 -89 293 649 -147 1053 -663 -691 -669 -243 543 307 1619 96 -635 290 201 -25 -166 707 -159 -404 -502 -62 -83 4187 256 223 2176 513 433 630 159 -653 -694 -568 -668
-604 -615 62 -644 -212 1280 88 -133 -669 238 -476 3897 -480 -320 -514 -267 88 -594 2152 671 -116 -364 1372 2138 -694 198 592 -625 1134 998 1089 437 -517 2188 5006 179 -595 1734 -693 -664 2841 -305 -664 -470 46 1447 -195 3059 1167 -682 6141 -265 1296 553 -398 2016 3222 -579 -454 -655 6911 1952 -264 -574 -483 -684 -625 677 628 1291 -606 -424 3465 632 -596 1173 -689 211 450 -128 -169 3803 5546 -23 945 2409 -313 -689 1760 -618 2039 1457 -89 293 649 -147 1053 -663 -691 -669 -243 543 307 1619 96 -635 290 201 -25 -166 707 -159 -404 -502 -62 -83 4187 256 223 2176 513 433 630 159 -653 -694 -568 -668
-655 -611 -82 -644 -637 2193 285 -199 -86 -424 -105 4980 -582 20 -680 -301 1258 -664 1900 213 479 -325 1571 531 -671 372 542 -695 780 1777 1276 145 -653 1807 4260 -272 -562 2766 -693 -598 1831 -76 -624 -515 74 2134 -521 3444 1212 -671 3968 322 625 317 -142 1008 1859 -687 -464 -586 6578 1960 -428 -570 -461 -618 -471 409 1121 118 -507 -576 3413 335 -498 237 -575 -306 857 682 -63 2616 3948 -83 2574 3081 -488 -694 1348 -674 2740 3127 363 -396 -94 -688 1139 -312 -680 -696 -42 1641 26 888 -13 -694 359 25 -273 1063 438 -429 259 -428 -370 139 4363 142 399 1838 777 -217 923 -451 -636 -645 -442 -690
-677 -581 -417 -527 -692 1307 -210 -673 -188 -679 308 5679 -633 390 -654 -400 3219 -590 2249 -440 1482 -567 1252 -522 -561 2660 -152 -686 245 3041 1251 159 -678 1102 2564 -509 -620 3603 -693 -168 2154 153 -343 -378 230 3366 -630 2813 1489 -566 2006 893 544 37 281 1469 1026 -668 -276 240 6231 554 -690 -350 -428 -454 137 135 722 1909 -579 -570 3996 1 -405 79 -581 -101 773 1123 348 2422 1680 -29 4372 2267 14 -625 -73 -498 1585 3988 684 -205 110 -683 1105 167 -523 -664 531 1711 -314 732 585 -593 -237 293 -187 2604 816 -685 1595 17 -424 355 4448 675 376 606 1376 -609 1598 -684 -640 -368 -421 -688
-594 -618 -254 -463 -659 519 -347 -695 -304 -617 447 4558 -665 297 -587 -419 2327 -423 1844 -298 1875 -486 1436 -542 -476 3010 338 -696 -213 3663 950 123 -635 1296 1940 -396 -213 3132 -687 -408 2969 274 -27 -393 138 4037 -519 2891 1385 -518 2699 1389 993 -303 1 995 695 -696 -283 165 5812 155 -690 -337 -435 -147 57 -89 825 3178 -610 -521 3823 -151 -371 299 -488 3 716 1380 556 2745 939 -87 4179 1412 446 -696 -358 -581 690 3923 674 -171 323 -693 793 263 26 -694 1134 1671 -257 721 649 -660 -102 438 -104 2716 1005 -689 1691 -21 -391 833 3670 315 268 450 2132 -659 975 -581 -666 -448 -523 -602
-572 -624 -612 -38 -685 290 -548 -604 -314 -622 719 4463 -592 624 -695 -376 1345 -277 2654 -247 1643 9 1555 -473 -695 1650 91 -695 9 3524 1432 659 -495 1545 1369 -653 -544 3972 -638 178 2405 308 -405 -555 498 3539 -608 1165 1451 -595 1599 1000 527 99 298 970 2075 -659 -443 61 6039 429 -645 -37 -281 269 104 5 1190 2917 -211 -643 2843 69 -658 -385 -255 -51 876 1647 -310 1698 848 -56 4341 1071 1362 -666 267 -306 1240 3023 606 -586 -328 -683 1317 588 126 -694 1753 650 -138 483 24 -314 -22 13 -377 3983 1068 -696 1570 146 -446 495 3942 -200 -357 -85 1978 -660 1410 -596 -696 -131 -518 -505
-455 -653 -62 -530 -273 278 -612 -555 -684 -88 -82 2858 -582 -533 -476 -262 1691 -295 2546 643 -126 -575 138 1128 -694 1288 30 -671 138 1826 685 469 -595 888 2301 215 -580 1881 -633 -679 4832 -262 -688 606 -293 2180 -677 2690 1531 -288 5799 -81 1338 414 -331 3352 3970 -394 13 -147 5252 211 -695 -292 -429 -603 -681 582 -123 5743 -675 -451 4339 203 -622 1089 -678 453 -24 -404 528 5656 4134 -322 440 2207 -59 -683 1215 -245 651 2132 -118 1419 672 -13 100 -619 -554 -684 1543 1171 344 1308 190 -654 406 653 852 -246 901 -365 -140 -332 460 -406 4478 318 -152 1219 917 -199 1201 -148 -340 -686 -639 -696
-604 -615 62 -644 -212 1280 88 -133 -669 238 -476 3897 -480 -320 -514 -267 88 -594 2152 671 -116 -364 1372 2138 -694 198 592 -625 1134 998 1089 437 -517 2188 5006 179 -595 1734 -693 -664 2841 -305 -664 -470 46 1447 -195 3059 1167 -682 6141 -265 1296 553 -398 2016 3222 -579 -454 -655 6911 1952 -264 -574 -483 -684 -625 677 628 1291 -606 -424 3465 632 -596 1173 -689 211 450 -128 -169 3803 5546 -23 945 2409 -313 -689 1760 -618 2039 1457 -89 293 649 -147 1053 -663 -691 -669 -243 543 307 1619 96 -635 290 201 -25 -166 707 -159 -404 -502 -62 -83 4187 256 223 2176 513 433 630 159 -653 -694 -568 -668
-604 -615 62 -644 -212 1280 88 -133 -669 238 -476 3897 -480 -320 -514 -267 88 -594 2152 671 -116 -364 1372 2138 -694 198 592 -625 1134 998 1089 437 -517 2188 5006 179 -595 1734 -693 -664 2841 -305 -664 -470 46 1447 -195 3059 1167 -682 6141 -265 1296 553 -398 2016 3222 -579 -454 -655 6911 1952 -264 -574 -483 -684 -625 677 628 1291 -606 -424 3465 632 -596 1173 -689 211 450 -128 -169 3803 5546 -23 945 2409 -313 -689 1760 -618 2039 1457 -89 293 649 -147 1053 -663 -691 -669 -243 543 307 1619 96 -635 290 201 -25 -166 707 -159 -404 -502 -62 -83 4187 256 223 2176 513 433 630 159 -653 -694 -568 -668
-604 -615 62 -644 -212 1280 88 -133 -669 238 -476 3897 -480 -320 -514 -267 88 -594 2152 671 -116 -364 1372 2138 -694 198 592 -625 1134 998 1089 437 -517 2188 5006 179 -595 1734 -693 -664 2841 -305 -664 -470 46 1447 -195 3059 1167 -682 6141 -265 1296 553 -398 2016 3222 -579 -454 -655 6911 1952 -264 -574 -483 -684 -625 677 628 1291 -606 -424 3465 632 -596 1173 -689 211 450 -128 -169 3803 5546 -23 945 2409 -313 -689 1760 -618 2039 1457 -89 293 649 -147 1053 -663 -691 -669 -243 543 307 1619 96 -635 290 201 -25 -166 707 -159 -404 -502 -62 -83 4187 256 223 2176 513 433 630 159 -653 -694 -568 -668
-604 -615 62 -644 -212 1280 88 -133 -669 238 -476 3897 -480 -320 -514 -267 88 -594 2152 671 -116 -364 1372 2138 -694 198 592 -625 1134 998 1089 437 -517 2188 5006 179 -595 1734 -693 -664 2841 -305 -664 -470 46 1447 -195 3059 1167 -682 6141 -265 1296 553 -398 2016 3222 -579 -454 -655 6911 1952 -264 -574 -483 -684 -625 677 628 1291 -606 -424 3465 632 -596 1173 -689 211 450 -128 -169 3803 5546 -23 945 2409 -313 -689 1760 -618 2039 1457 -89 293 649 -147 1053 -663 -691 -669 -243 543 307 1619 96 -635 290 201 -25 -166 707 -159 -404 -502 -62 -83 4187 256 223 2176 513 433 630 159 -653 -694 -568 -668
-604 -615 62 -644 -212 1280 88 -133 -669 238 -476 3897 -480 -320 -514 -267 88 -594 2152 671 -116 -364 1372 2138 -694 198 592 -625 1134 998 1089 437 -517 2188 5006 179 -595 1734 -693 -664 2841 -305 -664 -470 46 1447 -195 3059 1167 -682 6141 -265 1296 553 -398 2016 3222 -579 -454 -655 6911 1952 -264 -574 -483 -684 -625 677 628 1291 -606 -424 3465 632 -596 1173 -689 211 450 -128 -169 3803 5546 -23 945 2409 -313 -689 1760 -618 2039 1457 -89 293 649 -147 1053 -663 -691 -669 -243 543 307 1619 96 -635 290 201 -25 -166 707 -159 -404 -502 -62 -83 4187 256 223 2176 513 433 630 159 -653 -694 -568 -668
-436 -665 27 -696 -696 527 337 -334 -560 -638 1667 1736 -647 -208 -684 -293 424 -142 4209 848 2087 69 -50 508 -647 -251 2069 -678 -304 784 692 851 -694 1546 816 -533 2141 684 -636 -363 1002 860 -267 -460 -355 2459 -685 2843 784 -689 4125 367 1857 45 -582 719 712 -624 -229 -268 5621 1381 -588 31 34 -419 -686 1059 1262 1483 -661 -376 2818 267 691 339 -676 50 106 961 -317 1703 3213 -669 3000 1678 -514 -245 2196 -651 298 3217 790 -359 -683 -569 1462 860 -688 -568 -294 299 696 -259 770 -519 879 -257 -563 2966 1144 -696 450 -628 -421 1437 1282 -361 -359 1564 1744 425 615 -286 -575 -290 -440 -642
-598 -601 81 -656 -304 1197 -86 -285 -661 118 -391 3989 -427 -364 -555 -257 380 -554 2263 568 -226 -387 1580 1706 -696 429 524 -662 978 1296 1023 444 -504 2116 5149 98 -634 1944 -692 -642 3196 -264 -671 -436 94 1616 -142 3123 1168 -693 6010 -154 1277 601 -376 2326 3135 -552 -451 -619 7015 1960 -437 -583 -490 -671 -609 685 450 1600 -640 -421 3635 481 -622 1136 -696 235 462 34 -130 3780 5177 103 995 2324 -151 -696 1387 -627 2055 1402 -19 471 781 -206 876 -674 -696 -668 -41 760 230 1747 95 -636 171 341 123 -141 581 -258 -312 -469 -130 -193 4480 397 224 2100 665 48 1027 31 -682 -685 -566 -671
-604 -615 62 -644 -212 1280 88 -133 -669 238 -476 3897 -480 -320 -514 -267 88 -594 2152 671 -116 -364 1372 2138 -694 198 592 -625 1134 998 1089 437 -517 2188 5006 179 -595 1734 -693 -664 2841 -305 -664 -470 46 1447 -195 3059 1167 -682 6141 -265 1296 553 -398 2016 3222 -579 -454 -655 6911 1952 -264 -574 -483 -684 -625 677 628 1291 -606 -424 3465 632 -596 1173 -689 211 450 -128 -169 3803 5546 -23 945 2409 -313 -689 1760 -618 2039 1457 -89 293 649 -147 1053 -663 -691 -669 -243 543 307 1619 96 -635 290 201 -25 -166 707 -159 -404 -502 -62 -83 4187 256 223 2176 513 433 630 159 -653 -694 -568 -668
-604 -615 62 -644 -212 1280 88 -133 -669 238 -476 3897 -480 -320 -514 -267 88 -594 2152 671 -116 -364 1372 2138 -694 198 592 -625 1134 998 1089 437 -517 2188 5006 179 -595 1734 -693 -664 2841 -305 -664 -470 46 1447 -195 3059 1167 -682 6141 -265 1296 553 -398 2016 3222 -579 -454 -655 6911 1952 -264 -574 -483 -684 -625 677 628 1291 -606 -424 3465 632 -596 1173 -689 211 450 -128 -169 3803 5546 -23 945 2409 -313 -689 1760 -618 2039 1457 -89 293 649 -147 1053 -663 -691 -669 -243 543 307 1619 96 -635 290 201 -25 -166 707 -159 -404 -502 -62 -83 4187 256 223 2176 513 433 630 159 -653 -694 -568 -668
-604 -615 62 -644 -212 1280 88 -133 -669 238 -476 3897 -480 -320 -514 -267 88 -594 2152 671 -116 -364 1372 2138 -694 198 592 -625 1134 998 1089 437 -517 2188 5006 179 -595 1734 -693 -664 2841 -305 -664 -470 46 1447 -195 3059 1167 -682 6141 -265 1296 553 -398 2016 3222 -579 -454 -655 6911 1952 -264 -574 -483 -684 -625 677 628 1291 -606 -424 3465 632 -596 1173 -689 211 450 -128 -169 3803 5546 -23 945 2409 -313 -689 1760 -618 2039 1457 -89 293 649 -147 1053 -663 -691 -669 -243 543 307 1619 96 -635 290 201 -25 -166 707 -159 -404 -502 -62 -83 4187 256 223 2176 513 433 630 159 -653 -694 -568 -668
-604 -615 62 -644 -212 1280 88 -133 -669 238 -476 3897 -480 -320 -514 -267 88 -594 2152 671 -116 -364 1372 2138 -694 198 592 -625 1134 998 1089 437 -517 2188 5006 179 -595 1734 -693 -664 2841 -305 -664 -470 46 1447 -195 3059 1167 -682 6141 -265 1296 553 -398 2016 3222 -579 -454 -655 6911 1952 -264 -574 -483 -684 -625 677 628 1291 -606 -424 3465 632 -596 1173 -689 211 450 -128 -169 3803 5546 -23 945 2409 -313 -689 1760 -618 2039 1457 -89 293 649 -147 1053 -663 -691 -669 -243 543 307 1619 96 -635 290 201 -25 -166 707 -159 -404 -502 -62 -83 4187 256 223 2176 513 433 630 159 -653 -694 -568 -668
-533 -612 -363 -685 -398 169 -507 151 -573 -91 135 2733 -85 126 -696 -296 -362 -449 3733 751 -513 735 1675 1413 -526 -407 990 -694 151 1221 2071 1349 -155 2157 3661 -510 -658 2682 -498 43 1895 -149 -681 -585 730 1824 -166 1082 1318 -660 3377 -5 674 1475 -298 1535 4706 -692 -625 -659 6560 2545 -689 -369 -380 -377 -450 992 1396 1497 -53 -510 2178 541 -693 -151 -437 469 480 777 -653 1304 4050 402 1251 1311 465 -305 2898 -515 2492 361 -4 -534 -236 135 2212 -511 -653 -592 181 175 978 1041 -187 -692 453 -387 -491 1291 1040 -516 -452 -472 -331 -55 4598 -404 -563 1034 589 190 1355 105 -603 -553 -590 -687
-446 -632 -326 -191 -432 290 -627 -688 -694 -385 -60 3316 -661 -372 -465 -384 2485 -468 2614 40 448 -654 68 296 -696 2530 -123 -679 136 2381 753 543 -671 368 1383 55 -632 2132 -618 -636 4615 -323 -673 665 -271 3292 -690 2632 2313 -217 4387 212 1275 199 -283 3704 3472 -475 174 159 5543 -20 -695 -140 -535 -530 -581 892 -219 6677 -676 -421 4634 52 -570 1014 -693 758 45 -412 987 5248 3469 -357 1313 2066 19 -651 713 -43 263 2907 -41 1076 916 -309 274 -501 -511 -694 1500 966 129 987 684 -695 345 288 773 180 1289 -503 292 -224 367 -252 4532 384 -160 999 911 -274 1142 -477 -237 -683 -650 -696
-604 -615 62 -644 -212 1280 88 -133 -669 238 -476 3897 -480 -320 -514 -267 88 -594 2152 671 -116 -364 1372 2138 -694 198 592 -625 1134 998 1089 437 -517 2188 5006 179 -595 1734 -693 -664 2841 -305 -664 -470 46 1447 -195 3059 1167 -682 6141 -265 1296 553 -398 2016 3222 -579 -454 -655 6911 1952 -264 -574 -483 -684 -625 677 628 1291 -606 -424 3465 632 -596 1173 -689 211 450 -128 -169 3803 5546 -23 945 2409 -313 -689 1760 -618 2039 1457 -89 293 649 -147 1053 -663 -691 -669 -243 543 307 1619 96 -635 290 201 -25 -166 707 -159 -404 -502 -62 -83 4187 256 223 2176 513 433 630 159 -653 -694 -568 -668
-604 -615 62 -644 -212 1280 88 -133 -669 238 -476 3897 -480 -320 -514 -267 88 -594 2152 671 -116 -364 1372 2138 -694 198 592 -625 1134 998 1089 437 -517 2188 5006 179 -595 1734 -693 -664 2841 -305 -664 -470 46 1447 -195 3059 1167 -682 6141 -265 1296 553 -398 2016 3222 -579 -454 -655 6911 1952 -264 -574 -483 -684 -625 677 628 1291 -606 -424 3465 632 -596 1173 -689 211 450 -128 -169 3803 5546 -23 945 2409 -313 -689 1760 -618 2039 1457 -89 293 649 -147 1053 -663 -691 -669 -243 543 307 1619 96 -635 290 201 -25 -166 707 -159 -404 -502 -62 -83 4187 256 223 2176 513 433 630 159 -653 -694 -568 -668
-604 -615 62 -644 -212 1280 88 -133 -669 238 -476 3897 -480 -320 -514 -267 88 -594 2152 671 -116 -364 1372 2138 -694 198 592 -625 1134 998 1089 437 -517 2188 5006 179 -595 1734 -693 -664 2841 -305 -664 -470 46 1447 -195 3059 1167 -682 6141 -265 1296 553 -398 2016 3222 -579 -454 -655 6911 1952 -264 -574 -483 -684 -625 677 628 1291 -606 -424 3465 632 -596 1173 -689 211 450 -128 -169 3803 5546 -23 945 2409 -313 -689 1760 -618 2039 1457 -89 293 649 -147 1053 -663 -691 -669 -243 543 307 1619 96 -635 290 201 -25 -166 707 -159 -404 -502 -62 -83 4187 256 223 2176 513 433 630 159 -653 -694 -568 -668
-604 -615 62 -644 -212 1280 88 -133 -669 238 -476 3897 -480 -320 -514 -267 88 -594 2152 671 -116 -364 1372 2138 -694 198 592 -625 1134 998 1089 437 -517 2188 5006 179 -595 1734 -693 -664 2841 -305 -664 -470 46 1447 -195 3059 1167 -682 6141 -265 1296 553 -398 2016 3222 -579 -454 -655 6911 1952 -264 -574 -483 -684 -625 677 628 1291 -606 -424 3465 632 -596 1173 -689 211 450 -128 -169 3803 5546 -23 945 2409 -313 -689 1760 -618 2039 1457 -89 293 649 -147 1053 -663 -691 -669 -243 543 307 1619 96 -635 290 201 -25 -166 707 -159 -404 -502 -62 -83 4187 256 223 2176 513 433 630 159 -653 -694 -568 -668
-604 -621 -215 -675 -284 1297 -27 234 -663 30 -437 3835 -428 -262 -609 -237 -47 -565 2336 414 -135 -287 1232 2131 -674 31 397 -652 1356 1255 1151 637 -442 2297 4931 -41 -663 2078 -695 -645 2507 -282 -692 -465 55 1534 -356 2383 1197 -658 5386 -297 1323 735 -310 2077 3876 -647 -508 -656 6898 2191 -314 -551 -399 -654 -599 694 754 1301 -461 -487 3155 709 -661 830 -677 254 569 -132 -392 3077 5407 21 1056 2217 -121 -692 2297 -581 2120 1447 -79 -61 374 -46 1467 -620 -691 -663 -204 313 480 1652 -68 -673 446 -26 -94 -62 574 -73 -463 -448 7 -215 4535 59 -81 1709 427 573 549 69 -607 -671 -589 -656
-402 -682 -507 -262 -674 541 94 -286 -696 -639 923 2633 -515 13 -563 -358 1495 -165 4145 213 3678 -590 -671 646 -662 575 562 -520 228 827 243 698 -672 405 -101 -47 1136 1017 -526 -579 1977 111 -382 112 -536 3265 -517 2359 1606 -580 4119 128 2130 -118 -395 1638 1923 -544 270 389 3708 -348 -355 542 10 -525 -682 1485 494 4878 -664 -444 3084 460 412 1376 -695 259 108 -565 489 3181 3824 -660 2486 1815 -584 -689 2264 206 -201 5280 414 -167 -591 -506 738 1080 -696 -599 -64 116 220 -297 787 -252 1257 -461 -57 1291 1363 -560 554 -464 307 958 1571 -137 -286 781 1091 752 -171 -479 511 -593 -617 -696
-605 -611 45 -646 -261 1249 41 -162 -669 169 -448 3974 -459 -312 -525 -265 211 -579 2228 615 -162 -375 1410 1990 -694 266 531 -641 1126 1067 1075 458 -519 2169 5117 147 -615 1785 -693 -648 2895 -290 -669 -457 62 1504 -209 3050 1156 -685 6067 -243 1293 571 -377 2119 3213 -563 -453 -640 6929 1966 -314 -582 -470 -683 -621 700 587 1362 -622 -421 3506 583 -604 1164 -694 216 439 -71 -163 3751 5487 4 960 2376 -257 -693 1662 -616 2062 1447 -60 348 675 -169 1019 -665 -690 -668 -205 617 288 1665 103 -641 237 216 23 -171 650 -184 -377 -492 -78 -130 4336 321 234 2195 537 336 767 115 -664 -691 -565 -668
-604 -615 62 -644 -212 1280 88 -133 -669 238 -476 3897 -480 -320 -514 -267 88 -594 2152 671 -116 -364 1372 2138 -694 198 592 -625 1134 998 1089 437 -517 2188 5006 179 -595 1734 -693 -664 2841 -305 -664 -470 46 1447 -195 3059 1167 -682 6141 -265 1296 553 -398 2016 3222 -579 -454 -655 6911 1952 -264 -574 -483 -684 -625 677 628 1291 -606 -424 3465 632 -596 1173 -689 211 450 -128 -169 3803 5546 -23 945 2409 -313 -689 1760 -618 2039 1457 -89 293 649 -147 1053 -663 -691 -669 -243 543 307 1619 96 -635 290 201 -25 -166 707 -159 -404 -502 -62 -83 4187 256 223 2176 513 433 630 159 -653 -694 -568 -668
-604 -615 62 -644 -212 1280 88 -133 -669 238 -476 3897 -480 -320 -514 -267 88 -594 2152 671 -116 -364 1372 2138 -694 198 592 -625 1134 998 1089 437 -517 2188 5006 179 -595 1734 -693 -664 2841 -305 -664 -470 46 1447 -195 3059 1167 -682 6141 -265 1296 553 -398 2016 3222 -579 -454 -655 6911 1952 -264 -574 -483 -684 -625 677 628 1291 -606 -424 3465 632 -596 1173 -689 211 450 -128 -169 3803 5546 -23 945 2409 -313 -689 1760 -618 2039 1457 -89 293 649 -147 1053 -663 -691 -669 -243 543 307 1619 96 -635 290 201 -25 -166 707 -159 -404 -502 -62 -83 4187 256 223 2176 513 433 630 159 -653 -694 -568 -668
-604 -615 62 -644 -212 1280 88 -133 -669 238 -476 3897 -480 -320 -514 -267 88 -594 2152 671 -116 -364 1372 2138 -694 198 592 -625 1134 998 1089 437 -517 2188 5006 179 -595 1734 -693 -664 2841 -305 -664 -470 46 1447 -195 3059 1167 -682 6141 -265 1296 553 -398 2016 3222 -579 -454 -655 6911 1952 -264 -574 -483 -684 -625 677 628 1291 -606 -424 3465 632 -596 1173 -689 211 450 -128 -169 3803 5546 -23 945 2409 -313 -689 1760 -618 2039 1457 -89 293 649 -147 1053 -663 -691 -669 -243 543 307 1619 96 -635 290 201 -25 -166 707 -159 -404 -502 -62 -83 4187 256 223 2176 513 433 630 159 -653 -694 -568 -668
-604 -615 62 -644 -212 1280 88 -133 -669 238 -476 3897 -480 -320 -514 -267 88 -594 2152 671 -116 -364 1372 2138 -694 198 592 -625 1134 998 1089 437 -517 2188 5006 179 -595 1734 -693 -664 2841 -305 -664 -470 46 1447 -195 3059 1167 -682 6141 -265 1296 553 -398 2016 3222 -579 -454 -655 6911 1952 -264 -574 -483 -684 -625 677 628 1291 -606 -424 3465 632 -596 1173 -689 211 450 -128 -169 3803 5546 -23 945 2409 -313 -689 1760 -618 2039 1457 -89 293 649 -147 1053 -663 -691 -669 -243 543 307 1619 96 -635 290 201 -25 -166 707 -159 -404 -502 -62 -83 4187 256 223 2176 513 433 630 159 -653 -694 -568 -668
-623 -601 -284 -689 -465 400 -289 -319 -314 129 -66 4937 -354 925 -657 -317 499 -526 2776 1080 -4 1012 1930 1111 -696 459 1532 -688 -167 2006 2114 873 -496 2078 3420 -226 -289 2963 -574 208 1865 260 -543 -663 679 2446 23 1616 908 -696 3667 818 16 646 -86 -22 3197 -696 -550 -447 5822 997 -696 -489 -404 -508 -366 432 2554 547 -263 -556 2825 497 -478 -153 -192 -422 456 2054 -415 2098 2221 472 2217 1816 47 -480 974 -659 3701 1553 303 -534 -431 -647 1183 -371 -574 -689 458 1396 -63 823 -265 -694 -78 314 -441 2855 1097 -641 36 -526 -438 717 5487 -63 -108 1163 925 -450 1335 -101 -610 -645 -395 -645
-456 -624 -285 -444 -431 204 -535 -693 -687 -435 -199 3886 -647 -351 -489 -414 2333 -306 1971 -232 676 -625 980 -207 -694 3080 116 -696 197 3037 880 609 -686 414 2262 50 -601 2095 -624 -618 4842 -149 -538 338 14 3747 -603 2941 2384 -433 4226 697 1273 -164 -325 3266 2503 -556 -239 -28 6087 190 -695 -300 -596 -449 -479 762 -297 5550 -688 -381 4466 -15 -547 787 -696 1059 81 193 1057 4944 2725 -153 2023 1332 262 -682 103 -212 360 2911 172 942 1247 -437 395 -518 -459 -691 1266 861 14 984 706 -690 18 338 872 614 1115 -616 762 -129 -67 -119 4220 598 136 1326 1544 -414 809 -430 -504 -659 -629 -696
-604 -615 62 -644 -212 1280 88 -133 -669 238 -476 3897 -480 -320 -514 -267 88 -594 2152 671 -116 -364 1372 2138 -694 198 592 -625 1134 998 1089 437 -517 2188 5006 179 -595 1734 -693 -664 2841 -305 -664 -470 46 1447 -195 3059 1167 -682 6141 -265 1296 553 -398 2016 3222 -579 -454 -655 6911 1952 -264 -574 -483 -684 -625 677 628 1291 -606 -424 3465 632 -596 1173 -689 211 450 -128 -169 3803 5546 -23 945 2409 -313 -689 1760 -618 2039 1457 -89 293 649 -147 1053 -663 -691 -669 -243 543 307 1619 96 -635 290 201 -25 -166 707 -159 -404 -502 -62 -83 4187 256 223 2176 513 433 630 159 -653 -694 -568 -668
-604 -615 62 -644 -212 1280 88 -133 -669 238 -476 3897 -480 -320 -514 -267 88 -594 2152 671 -116 -364 1372 2138 -694 198 592 -625 1134 998 1089 437 -517 2188 5006 179 -595 1734 -693 -664 2841 -305 -664 -470 46 1447 -195 3059 1167 -682 6141 -265 1296 553 -398 2016 3222 -579 -454 -655 6911 1952 -264 -574 -483 -684 -625 677 628 1291 -606 -424 3465 632 -596 1173 -689 211 450 -128 -169 3803 5546 -23 945 2409 -313 -689 1760 -618 2039 1457 -89 293 649 -147 1053 -663 -691 -669 -243 543 307 1619 96 -635 290 201 -25 -166 707 -159 -404 -502 -62 -83 4187 256 223 2176 513 433 630 159 -653 -694 -568 -668
-604 -615 62 -644 -212 1280 88 -133 -669 238 -476 3897 -480 -320 -514 -267 88 -594 2152 671 -116 -364 1372 2138 -694 198 592 -625 1134 998 1089 437 -517 2188 5006 179 -595 1734 -693 -664 2841 -305 -664 -470 46 1447 -195 3059 1167 -682 6141 -265 1296 553 -398 2016 3222 -579 -454 -655 6911 1952 -264 -574 -483 -684 -625 677 628 1291 -606 -424 3465 632 -596 1173 -689 211 450 -128 -169 3803 5546 -23 945 2409 -313 -689 1760 -618 2039 1457 -89 293 649 -147 1053 -663 -691 -669 -243 543 307 1619 96 -635 290 201 -25 -166 707 -159 -404 -502 -62 -83 4187 256 223 2176 513 433 630 159 -653 -694 -568 -668
