1415 1829 1289 -1567 112 4063 -3852 -89 -254 2765 1186 2722 430 -2618 -3654 -1158 -21 2037 77 -1063 3169 1364 -3627 488 -1782 -3322 -3028 1318 1218 -212 -350 4346 -6064 -3256 1091 2651 187 315 -2211 -2007 375 -256 -3413 2072 2181 -3418 307 -128 -1877 3153 -5813 -1806 -1663 -1129 -832 777 -1916 -2596 1242 -1967 253 -1832 3423 -121
4310 2910 -1219 -1639 -1825 -900 -717 628 -931 3417 178 3925 -1044 -2177 -3692 452 853 -71 686 -2225 281 208 -3909 4133 -645 -5402 -2122 464 1994 2838 -77 3790 -2036 -2886 1565 3207 56 -712 62 -4150 2909 -556 -4593 -317 1136 -598 -2352 674 90 1440 -3056 -3240 712 1732 -356 1322 -3393 -2176 1633 -1772 -1296 -145 4755 -1716
4310 2910 -1219 -1639 -1825 -900 -717 628 -931 3417 178 3925 -1044 -2177 -3692 452 853 -71 686 -2225 281 208 -3909 4133 -645 -5402 -2122 464 1994 2838 -77 3790 -2036 -2886 1565 3207 56 -712 62 -4150 2909 -556 -4593 -317 1136 -598 -2352 674 90 1440 -3056 -3240 712 1732 -356 1322 -3393 -2176 1633 -1772 -1296 -145 4755 -1716
4310 2910 -1219 -1639 -1825 -900 -717 628 -931 3417 178 3925 -1044 -2177 -3692 452 853 -71 686 -2225 281 208 -3909 4133 -645 -5402 -2122 464 1994 2838 -77 3790 -2036 -2886 1565 3207 56 -712 62 -4150 2909 -556 -4593 -317 1136 -598 -2352 674 90 1440 -3056 -3240 712 1732 -356 1322 -3393 -2176 1633 -1772 -1296 -145 4755 -1716
4310 2910 -1219 -1639 -1825 -900 -717 628 -931 3417 178 3925 -1044 -2177 -3692 452 853 -71 686 -2225 281 208 -3909 4133 -645 -5402 -2122 464 1994 2838 -77 3790 -2036 -2886 1565 3207 56 -712 62 -4150 2909 -556 -4593 -317 1136 -598 -2352 674 90 1440 -3056 -3240 712 1732 -356 1322 -3393 -2176 1633 -1772 -1296 -145 4755 -1716
4310 2910 -1219 -1639 -1825 -900 -717 628 -931 3417 178 3925 -1044 -2177 -3692 452 853 -71 686 -2225 281 208 -3909 4133 -645 -5402 -2122 464 1994 2838 -77 3790 -2036 -2886 1565 3207 56 -712 62 -4150 2909 -556 -4593 -317 1136 -598 -2352 674 90 1440 -3056 -3240 712 1732 -356 1322 -3393 -2176 1633 -1772 -1296 -145 4755 -1716
4310 2910 -1219 -1639 -1825 -900 -717 628 -931 3417 178 3925 -1044 -2177 -3692 452 853 -71 686 -2225 281 208 -3909 4133 -645 -5402 -2122 464 1994 2838 -77 3790 -2036 -2886 1565 3207 56 -712 62 -4150 2909 -556 -4593 -317 1136 -598 -2352 674 90 1440 -3056 -3240 712 1732 -356 1322 -3393 -2176 1633 -1772 -1296 -145 4755 -1716
4310 2910 -1219 -1639 -1825 -900 -717 628 -931 3417 178 3925 -1044 -2177 -3692 452 853 -71 686 -2225 281 208 -3909 4133 -645 -5402 -2122 464 1994 2838 -77 3790 -2036 -2886 1565 3207 56 -712 62 -4150 2909 -556 -4593 -317 1136 -598 -2352 674 90 1440 -3056 -3240 712 1732 -356 1322 -3393 -2176 1633 -1772 -1296 -145 4755 -1716
4310 2910 -1219 -1639 -1825 -900 -717 628 -931 3417 178 3925 -1044 -2177 -3692 452 853 -71 686 -2225 281 208 -3909 4133 -645 -5402 -2122 464 1994 2838 -77 3790 -2036 -2886 1565 3207 56 -712 62 -4150 2909 -556 -4593 -317 1136 -598 -2352 674 90 1440 -3056 -3240 712 1732 -356 1322 -3393 -2176 1633 -1772 -1296 -145 4755 -1716
2796 3192 -730 -1518 -638 -655 -710 1240 -1077 4141 48 2701 -1312 -653 -3869 -145 804 1066 342 -1811 716 -214 -3582 4599 -982 -4679 -3094 639 2258 1977 -567 3228 -1968 -2430 1410 3248 401 -1526 -1066 -3458 3009 -528 -4300 310 917 -545 -1774 613 -583 2691 -3129 -3165 653 1742 -1557 427 -2014 -1785 1080 -1401 -785 -1276 5118 -1114
3859 2141 -586 -1957 -1971 -1095 -900 417 -968 3203 695 3521 -332 -811 -4792 182 410 150 1442 -2132 -78 536 -4139 3681 -1150 -4581 -2909 1130 2765 2246 -325 2844 -2424 -2033 1033 2466 -133 -1442 -73 -3676 2466 -368 -5027 -506 1049 -313 -1747 1279 356 2727 -3677 -2992 119 1161 612 114 -3168 -3181 651 -2891 -2461 -706 3510 -2034
4310 2910 -1219 -1639 -1825 -900 -717 628 -931 3417 178 3925 -1044 -2177 -3692 452 853 -71 686 -2225 281 208 -3909 4133 -645 -5402 -2122 464 1994 2838 -77 3790 -2036 -2886 1565 3207 56 -712 62 -4150 2909 -556 -4593 -317 1136 -598 -2352 674 90 1440 -3056 -3240 712 1732 -356 1322 -3393 -2176 1633 -1772 -1296 -145 4755 -1716
4310 2910 -1219 -1639 -1825 -900 -717 628 -931 3417 178 3925 -1044 -2177 -3692 452 853 -71 686 -2225 281 208 -3909 4133 -645 -5402 -2122 464 1994 2838 -77 3790 -2036 -2886 1565 3207 56 -712 62 -4150 2909 -556 -4593 -317 1136 -598 -2352 674 90 1440 -3056 -3240 712 1732 -356 1322 -3393 -2176 1633 -1772 -1296 -145 4755 -1716
4310 2910 -1219 -1639 -1825 -900 -717 628 -931 3417 178 3925 -1044 -2177 -3692 452 853 -71 686 -2225 281 208 -3909 4133 -645 -5402 -2122 464 1994 2838 -77 3790 -2036 -2886 1565 3207 56 -712 62 -4150 2909 -556 -4593 -317 1136 -598 -2352 674 90 1440 -3056 -3240 712 1732 -356 1322 -3393 -2176 1633 -1772 -1296 -145 4755 -1716
4310 2910 -1219 -1639 -1825 -900 -717 628 -931 3417 178 3925 -1044 -2177 -3692 452 853 -71 686 -2225 281 208 -3909 4133 -645 -5402 -2122 464 1994 2838 -77 3790 -2036 -2886 1565 3207 56 -712 62 -4150 2909 -556 -4593 -317 1136 -598 -2352 674 90 1440 -3056 -3240 712 1732 -356 1322 -3393 -2176 1633 -1772 -1296 -145 4755 -1716
4310 2910 -1219 -1639 -1825 -900 -717 628 -931 3417 178 3925 -1044 -2177 -3692 452 853 -71 686 -2225 281 208 -3909 4133 -645 -5402 -2122 464 1994 2838 -77 3790 -2036 -2886 1565 3207 56 -712 62 -4150 2909 -556 -4593 -317 1136 -598 -2352 674 90 1440 -3056 -3240 712 1732 -356 1322 -3393 -2176 1633 -1772 -1296 -145 4755 -1716
1976 2595 -896 -1044 -539 435 -1830 -6 -987 2760 507 3568 -703 -3621 -1784 158 1170 429 -993 -2417 829 197 -3081 3749 -1428 -5881 -2485 324 -590 1008 -528 4660 -2528 -3527 1951 4170 451 -1191 -1054 -2992 2178 -1035 -3267 2002 1788 -474 -2191 -1240 -225 1211 -3504 -3463 241 384 -1787 1880 -2545 -356 1969 448 366 96 4932 780
1369 833 -377 255 1428 3099 -2676 -328 723 645 858 2298 -652 -3910 -211 343 181 1153 -2230 -1554 981 1129 -2669 614 -1169 -2963 -1816 445 164 -204 1440 5785 -4507 -5125 3510 4043 871 -449 -554 -3598 1615 458 -2216 3282 2581 -1515 -1758 -1188 -1601 -537 -3924 -1591 -280 -544 -1226 1780 -2727 918 2397 1439 769 -339 3725 1635
2570 1579 524 -596 1766 3570 -1988 -258 1051 180 460 2568 -407 -3795 -99 -413 800 1730 -2030 -1400 1989 983 -2383 -71 378 -1961 -2501 -258 238 457 691 5746 -4596 -5066 1936 3494 548 165 -1149 -3353 999 527 -2473 4490 2453 -3751 -2412 -2021 -2390 -766 -5353 -1657 -225 -419 -986 1728 -3769 1038 2446 1270 2190 -461 4186 -352
-86 1565 1413 642 2772 3999 -2908 552 -186 2032 1226 -18 -156 -1638 170 -1455 579 2957 -2515 -1026 1891 384 -2872 669 -253 -1566 -2837 733 803 -1015 856 4456 -4613 -3956 2538 4559 886 -1139 -2524 -1803 1202 1082 -1666 5018 2275 -3053 -1509 -1248 -2089 1294 -5369 -2141 -889 -908 -1725 235 -1578 2234 1849 1955 1982 -2747 3693 1140
4818 1548 -1077 -1051 36 731 -1728 463 -303 788 904 3935 357 -1049 -3960 35 -451 786 2032 -3303 203 440 -4897 1198 -27 -2563 -4278 1690 3919 1763 -850 3495 -4585 -1484 295 464 -453 -28 405 -4107 1773 1097 -6311 407 1425 -1627 -1655 1402 -694 432 -5224 -1403 972 740 749 1055 -4152 -2441 1501 -3132 -792 -435 4346 -3212
4310 2910 -1219 -1639 -1825 -900 -717 628 -931 3417 178 3925 -1044 -2177 -3692 452 853 -71 686 -2225 281 208 -3909 4133 -645 -5402 -2122 464 1994 2838 -77 3790 -2036 -2886 1565 3207 56 -712 62 -4150 2909 -556 -4593 -317 1136 -598 -2352 674 90 1440 -3056 -3240 712 1732 -356 1322 -3393 -2176 1633 -1772 -1296 -145 4755 -1716
4310 2910 -1219 -1639 -1825 -900 -717 628 -931 3417 178 3925 -1044 -2177 -3692 452 853 -71 686 -2225 281 208 -3909 4133 -645 -5402 -2122 464 1994 2838 -77 3790 -2036 -2886 1565 3207 56 -712 62 -4150 2909 -556 -4593 -317 1136 -598 -2352 674 90 1440 -3056 -3240 712 1732 -356 1322 -3393 -2176 1633 -1772 -1296 -145 4755 -1716
4310 2910 -1219 -1639 -1825 -900 -717 628 -931 3417 178 3925 -1044 -2177 -3692 452 853 -71 686 -2225 281 208 -3909 4133 -645 -5402 -2122 464 1994 2838 -77 3790 -2036 -2886 1565 3207 56 -712 62 -4150 2909 -556 -4593 -317 1136 -598 -2352 674 90 1440 -3056 -3240 712 1732 -356 1322 -3393 -2176 1633 -1772 -1296 -145 4755 -1716
4310 2910 -1219 -1639 -1825 -900 -717 628 -931 3417 178 3925 -1044 -2177 -3692 452 853 -71 686 -2225 281 208 -3909 4133 -645 -5402 -2122 464 1994 2838 -77 3790 -2036 -2886 1565 3207 56 -712 62 -4150 2909 -556 -4593 -317 1136 -598 -2352 674 90 1440 -3056 -3240 712 1732 -356 1322 -3393 -2176 1633 -1772 -1296 -145 4755 -1716
4310 2910 -1219 -1639 -1825 -900 -717 628 -931 3417 178 3925 -1044 -2177 -3692 452 853 -71 686 -2225 281 208 -3909 4133 -645 -5402 -2122 464 1994 2838 -77 3790 -2036 -2886 1565 3207 56 -712 62 -4150 2909 -556 -4593 -317 1136 -598 -2352 674 90 1440 -3056 -3240 712 1732 -356 1322 -3393 -2176 1633 -1772 -1296 -145 4755 -1716
400 2321 3351 -4844 192 2687 -3005 17 1003 959 130 5545 -9 -5815 -3281 -676 85 109 -57 -665 2967 2083 -3210 2289 -2187 -3663 -1864 -216 -1979 1306 -1409 5042 -4411 -5233 695 1880 2103 694 -2209 -1363 -1687 -772 -2121 3828 3809 -3543 -1066 -1241 -2080 3173 -6177 -2945 -4942 -868 -1068 474 -3887 -3169 991 -1015 25 -818 3043 -203
4467 2828 -1498 -956 -1414 -988 -1017 575 -892 3034 190 3896 -795 -2035 -3494 693 760 -298 723 -2619 244 201 -3831 3952 -464 -4994 -2089 488 2296 2561 -194 3914 -2302 -2951 1809 3266 -94 -939 239 -4475 3311 -564 -4767 60 1002 -803 -2515 736 -221 1124 -2963 -3045 1192 1683 -283 1408 -3036 -1872 1934 -1534 -1131 -83 4994 -1826
4310 2910 -1219 -1639 -1825 -900 -717 628 -931 3417 178 3925 -1044 -2177 -3692 452 853 -71 686 -2225 281 208 -3909 4133 -645 -5402 -2122 464 1994 2838 -77 3790 -2036 -2886 1565 3207 56 -712 62 -4150 2909 -556 -4593 -317 1136 -598 -2352 674 90 1440 -3056 -3240 712 1732 -356 1322 -3393 -2176 1633 -1772 -1296 -145 4755 -1716
4310 2910 -1219 -1639 -1825 -900 -717 628 -931 3417 178 3925 -1044 -2177 -3692 452 853 -71 686 -2225 281 208 -3909 4133 -645 -5402 -2122 464 1994 2838 -77 3790 -2036 -2886 1565 3207 56 -712 62 -4150 2909 -556 -4593 -317 1136 -598 -2352 674 90 1440 -3056 -3240 712 1732 -356 1322 -3393 -2176 1633 -1772 -1296 -145 4755 -1716
4310 2910 -1219 -1639 -1825 -900 -717 628 -931 3417 178 3925 -1044 -2177 -3692 452 853 -71 686 -2225 281 208 -3909 4133 -645 -5402 -2122 464 1994 2838 -77 3790 -2036 -2886 1565 3207 56 -712 62 -4150 2909 -556 -4593 -317 1136 -598 -2352 674 90 1440 -3056 -3240 712 1732 -356 1322 -3393 -2176 1633 -1772 -1296 -145 4755 -1716
4310 2910 -1219 -1639 -1825 -900 -717 628 -931 3417 178 3925 -1044 -2177 -3692 452 853 -71 686 -2225 281 208 -3909 4133 -645 -5402 -2122 464 1994 2838 -77 3790 -2036 -2886 1565 3207 56 -712 62 -4150 2909 -556 -4593 -317 1136 -598 -2352 674 90 1440 -3056 -3240 712 1732 -356 1322 -3393 -2176 1633 -1772 -1296 -145 4755 -1716
828 3079 319 -1130 -356 -78 -1740 1336 -2041 4297 343 932 37 -576 -3342 -414 1160 1976 -412 -816 899 -1230 -3236 4461 -1382 -3656 -2694 1104 1750 1030 -183 2311 -2557 -1727 1005 4560 -440 -1466 -2724 -2146 2829 -207 -2651 960 1648 -1812 -1552 833 310 4477 -3036 -4294 115 1061 -2036 212 82 -1350 1399 -384 -599 -2241 4547 426
4398 1158 -581 -1207 268 2199 -1823 540 695 649 1371 3726 -686 -1464 -3454 -269 -832 1611 1101 -2500 650 1110 -4507 -352 -165 -1708 -4246 1332 4031 1506 11 4365 -5120 -2554 1508 829 -9 825 287 -4591 783 1510 -5554 435 2120 -2095 -765 1133 -1790 126 -5644 -1291 743 397 508 1078 -4150 -2199 1635 -2464 -680 -794 3541 -2047
4310 2910 -1219 -1639 -1825 -900 -717 628 -931 3417 178 3925 -1044 -2177 -3692 452 853 -71 686 -2225 281 208 -3909 4133 -645 -5402 -2122 464 1994 2838 -77 3790 -2036 -2886 1565 3207 56 -712 62 -4150 2909 -556 -4593 -317 1136 -598 -2352 674 90 1440 -3056 -3240 712 1732 -356 1322 -3393 -2176 1633 -1772 -1296 -145 4755 -1716
4310 2910 -1219 -1639 -1825 -900 -717 628 -931 3417 178 3925 -1044 -2177 -3692 452 853 -71 686 -2225 281 208 -3909 4133 -645 -5402 -2122 464 1994 2838 -77 3790 -2036 -2886 1565 3207 56 -712 62 -4150 2909 -556 -4593 -317 1136 -598 -2352 674 90 1440 -3056 -3240 712 1732 -356 1322 -3393 -2176 1633 -1772 -1296 -145 4755 -1716
4310 2910 -1219 -1639 -1825 -900 -717 628 -931 3417 178 3925 -1044 -2177 -3692 452 853 -71 686 -2225 281 208 -3909 4133 -645 -5402 -2122 464 1994 2838 -77 3790 -2036 -2886 1565 3207 56 -712 62 -4150 2909 -556 -4593 -317 1136 -598 -2352 674 90 1440 -3056 -3240 712 1732 -356 1322 -3393 -2176 1633 -1772 -1296 -145 4755 -1716
4310 2910 -1219 -1639 -1825 -900 -717 628 -931 3417 178 3925 -1044 -2177 -3692 452 853 -71 686 -2225 281 208 -3909 4133 -645 -5402 -2122 464 1994 2838 -77 3790 -2036 -2886 1565 3207 56 -712 62 -4150 2909 -556 -4593 -317 1136 -598 -2352 674 90 1440 -3056 -3240 712 1732 -356 1322 -3393 -2176 1633 -1772 -1296 -145 4755 -1716
3448 3030 -919 -1304 -1267 -561 -722 1113 -1305 4232 326 2907 -1187 -892 -3474 -38 950 797 510 -2032 436 30 -3790 4449 -672 -5186 -2751 693 2142 2145 -86 3242 -1726 -2411 1654 3522 204 -1282 -578 -3721 3136 -326 -4393 246 917 -441 -2058 490 -192 2080 -3349 -3295 671 1728 -803 625 -2584 -1701 1226 -1418 -861 -1078 4969 -1282
1958 1516 2468 -4783 -93 4209 -2195 452 1431 641 1556 5311 -829 -4078 -3558 -964 -1058 1532 800 -635 2343 2716 -4618 -823 -1290 -3231 -3692 1017 241 567 -461 4076 -4946 -3761 1296 158 2362 1790 -399 -2197 -2561 792 -3497 2324 3205 -1639 618 -944 -2563 1634 -7592 -1392 -4558 -1470 428 107 -6068 -3687 275 -2749 -706 -1605 1543 -1087
4331 2858 -1348 -1439 -1670 -932 -825 651 -917 3308 182 3934 -952 -2182 -3594 578 824 -166 705 -2311 238 183 -3900 4093 -612 -5307 -2083 487 2061 2711 -70 3797 -2104 -2876 1718 3190 49 -779 149 -4293 3082 -549 -4631 -242 1099 -557 -2387 695 6 1366 -2966 -3184 814 1742 -372 1346 -3280 -2096 1700 -1689 -1258 -165 4845 -1726
4310 2910 -1219 -1639 -1825 -900 -717 628 -931 3417 178 3925 -1044 -2177 -3692 452 853 -71 686 -2225 281 208 -3909 4133 -645 -5402 -2122 464 1994 2838 -77 3790 -2036 -2886 1565 3207 56 -712 62 -4150 2909 -556 -4593 -317 1136 -598 -2352 674 90 1440 -3056 -3240 712 1732 -356 1322 -3393 -2176 1633 -1772 -1296 -145 4755 -1716
4310 2910 -1219 -1639 -1825 -900 -717 628 -931 3417 178 3925 -1044 -2177 -3692 452 853 -71 686 -2225 281 208 -3909 4133 -645 -5402 -2122 464 1994 2838 -77 3790 -2036 -2886 1565 3207 56 -712 62 -4150 2909 -556 -4593 -317 1136 -598 -2352 674 90 1440 -3056 -3240 712 1732 -356 1322 -3393 -2176 1633 -1772 -1296 -145 4755 -1716
4310 2910 -1219 -1639 -1825 -900 -717 628 -931 3417 178 3925 -1044 -2177 -3692 452 853 -71 686 -2225 281 208 -3909 4133 -645 -5402 -2122 464 1994 2838 -77 3790 -2036 -2886 1565 3207 56 -712 62 -4150 2909 -556 -4593 -317 1136 -598 -2352 674 90 1440 -3056 -3240 712 1732 -356 1322 -3393 -2176 1633 -1772 -1296 -145 4755 -1716
4310 2910 -1219 -1639 -1825 -900 -717 628 -931 3417 178 3925 -1044 -2177 -3692 452 853 -71 686 -2225 281 208 -3909 4133 -645 -5402 -2122 464 1994 2838 -77 3790 -2036 -2886 1565 3207 56 -712 62 -4150 2909 -556 -4593 -317 1136 -598 -2352 674 90 1440 -3056 -3240 712 1732 -356 1322 -3393 -2176 1633 -1772 -1296 -145 4755 -1716
1890 2248 -351 -973 -1190 1715 -2798 211 -2942 2435 106 1983 1050 -4137 -1189 64 1849 1161 -1123 -1189 731 -726 -2922 3515 -876 -5168 -1577 856 -779 916 303 3589 -2553 -2925 933 5361 -855 -250 -1797 -1745 2526 -82 -1429 2199 2773 -1681 -2795 -890 1775 2350 -3234 -4203 -992 0 -1067 2418 -2261 -21 2602 686 1010 -271 4444 894
4398 2193 -224 -942 625 2198 -1935 793 1209 697 1226 3935 -1183 -2704 -2816 22 -526 1366 164 -2085 1547 645 -3923 -191 724 -2265 -3277 422 3543 1690 84 5371 -5004 -3513 2304 1395 615 1036 271 -5095 1193 385 -4902 1134 1856 -2579 -1552 573 -2848 192 -5029 -1742 987 961 -327 1785 -3849 -1405 2335 -1044 46 -826 4384 -1857
4310 2910 -1219 -1639 -1825 -900 -717 628 -931 3417 178 3925 -1044 -2177 -3692 452 853 -71 686 -2225 281 208 -3909 4133 -645 -5402 -2122 464 1994 2838 -77 3790 -2036 -2886 1565 3207 56 -712 62 -4150 2909 -556 -4593 -317 1136 -598 -2352 674 90 1440 -3056 -3240 712 1732 -356 1322 -3393 -2176 1633 -1772 -1296 -145 4755 -1716
4310 2910 -1219 -1639 -1825 -900 -717 628 -931 3417 178 3925 -1044 -2177 -3692 452 853 -71 686 -2225 281 208 -3909 4133 -645 -5402 -2122 464 1994 2838 -77 3790 -2036 -2886 1565 3207 56 -712 62 -4150 2909 -556 -4593 -317 1136 -598 -2352 674 90 1440 -3056 -3240 712 1732 -356 1322 -3393 -2176 1633 -1772 -1296 -145 4755 -1716
4310 2910 -1219 -1639 -1825 -900 -717 628 -931 3417 178 3925 -1044 -2177 -3692 452 853 -71 686 -2225 281 208 -3909 4133 -645 -5402 -2122 464 1994 2838 -77 3790 -2036 -2886 1565 3207 56 -712 62 -4150 2909 -556 -4593 -317 1136 -598 -2352 674 90 1440 -3056 -3240 712 1732 -356 1322 -3393 -2176 1633 -1772 -1296 -145 4755 -1716
