-6030 281 5619 6950 639 866 -2934 3588 2423 4112 3902 -2904 583 -6488 -5602 -9417 -1795 -1294 1088 -4787 -8233 249 -5497 4826 -6031 1800 -3432 5177 5918 -1874 -684 -1008 476 3313 365 753 -2654 2895 10083 -2723 2022 -4674 -1597 4538 3471 3448 -1500 1144 825 -1226 -3069 2199 -56 1215 -253 -6386 3173 -1579 -2085 12597 612 -1777 -1930 -1632
-351 -1679 4311 4569 7819 -1571 -5493 2566 6567 2174 1281 -2739 -2816 -947 -1462 -8188 -5508 723 -3548 -2015 -9743 -3940 -4433 345 -7785 1879 -2949 402 3817 -1480 -1962 1632 4841 3382 -236 236 -4464 3370 5410 -5966 3781 -3700 2652 4874 1088 6593 -3709 1398 450 1051 122 -588 -2510 -3003 591 -168 681 3519 2978 14523 376 -3662 -588 -2796
-351 -1679 4311 4569 7819 -1571 -5493 2566 6567 2174 1281 -2739 -2816 -947 -1462 -8188 -5508 723 -3548 -2015 -9743 -3940 -4433 345 -7785 1879 -2949 402 3817 -1480 -1962 1632 4841 3382 -236 236 -4464 3370 5410 -5966 3781 -3700 2652 4874 1088 6593 -3709 1398 450 1051 122 -588 -2510 -3003 591 -168 681 3519 2978 14523 376 -3662 -588 -2796
-351 -1679 4311 4569 7819 -1571 -5493 2566 6567 2174 1281 -2739 -2816 -947 -1462 -8188 -5508 723 -3548 -2015 -9743 -3940 -4433 345 -7785 1879 -2949 402 3817 -1480 -1962 1632 4841 3382 -236 236 -4464 3370 5410 -5966 3781 -3700 2652 4874 1088 6593 -3709 1398 450 1051 122 -588 -2510 -3003 591 -168 681 3519 2978 14523 376 -3662 -588 -2796
-351 -1679 4311 4569 7819 -1571 -5493 2566 6567 2174 1281 -2739 -2816 -947 -1462 -8188 -5508 723 -3548 -2015 -9743 -3940 -4433 345 -7785 1879 -2949 402 3817 -1480 -1962 1632 4841 3382 -236 236 -4464 3370 5410 -5966 3781 -3700 2652 4874 1088 6593 -3709 1398 450 1051 122 -588 -2510 -3003 591 -168 681 3519 2978 14523 376 -3662 -588 -2796
-351 -1679 4311 4569 7819 -1571 -5493 2566 6567 2174 1281 -2739 -2816 -947 -1462 -8188 -5508 723 -3548 -2015 -9743 -3940 -4433 345 -7785 1879 -2949 402 3817 -1480 -1962 1632 4841 3382 -236 236 -4464 3370 5410 -5966 3781 -3700 2652 4874 1088 6593 -3709 1398 450 1051 122 -588 -2510 -3003 591 -168 681 3519 2978 14523 376 -3662 -588 -2796
-351 -1679 4311 4569 7819 -1571 -5493 2566 6567 2174 1281 -2739 -2816 -947 -1462 -8188 -5508 723 -3548 -2015 -9743 -3940 -4433 345 -7785 1879 -2949 402 3817 -1480 -1962 1632 4841 3382 -236 236 -4464 3370 5410 -5966 3781 -3700 2652 4874 1088 6593 -3709 1398 450 1051 122 -588 -2510 -3003 591 -168 681 3519 2978 14523 376 -3662 -588 -2796
-351 -1679 4311 4569 7819 -1571 -5493 2566 6567 2174 1281 -2739 -2816 -947 -1462 -8188 -5508 723 -3548 -2015 -9743 -3940 -4433 345 -7785 1879 -2949 402 3817 -1480 -1962 1632 4841 3382 -236 236 -4464 3370 5410 -5966 3781 -3700 2652 4874 1088 6593 -3709 1398 450 1051 122 -588 -2510 -3003 591 -168 681 3519 2978 14523 376 -3662 -588 -2796
-351 -1679 4311 4569 7819 -1571 -5493 2566 6567 2174 1281 -2739 -2816 -947 -1462 -8188 -5508 723 -3548 -2015 -9743 -3940 -4433 345 -7785 1879 -2949 402 3817 -1480 -1962 1632 4841 3382 -236 236 -4464 3370 5410 -5966 3781 -3700 2652 4874 1088 6593 -3709 1398 450 1051 122 -588 -2510 -3003 591 -168 681 3519 2978 14523 376 -3662 -588 -2796
-314 -1456 5811 4480 6527 -702 -4553 1973 5897 1739 2379 -2452 -2718 -2499 -3240 -7381 -5856 2205 -2918 272 -8527 -3470 -4520 114 -8086 2058 -3344 2159 5549 -1586 -1994 -446 2375 2559 97 -579 -5517 3466 4572 -5887 1966 -4221 2116 5497 1946 6432 -3242 -286 -282 2500 -1000 73 -1847 -3545 1801 157 2199 2331 1750 15554 1941 -3971 591 -4644
963 -3029 3982 4989 6397 -543 -3553 3245 5955 1891 1746 -3063 -2736 -2961 -3546 -7714 -6022 1137 -5876 -1689 -9422 -3038 -2597 -500 -6957 4613 -3942 1354 4575 -1837 -3790 816 3521 3495 2818 1634 -5812 2285 4580 -5064 2726 -5210 2069 6175 1367 4886 -2908 1364 3101 368 -426 -1053 -976 -3499 2632 2 -619 2298 2349 14648 634 -3147 262 -3348
-351 -1679 4311 4569 7819 -1571 -5493 2566 6567 2174 1281 -2739 -2816 -947 -1462 -8188 -5508 723 -3548 -2015 -9743 -3940 -4433 345 -7785 1879 -2949 402 3817 -1480 -1962 1632 4841 3382 -236 236 -4464 3370 5410 -5966 3781 -3700 2652 4874 1088 6593 -3709 1398 450 1051 122 -588 -2510 -3003 591 -168 681 3519 2978 14523 376 -3662 -588 -2796
-351 -1679 4311 4569 7819 -1571 -5493 2566 6567 2174 1281 -2739 -2816 -947 -1462 -8188 -5508 723 -3548 -2015 -9743 -3940 -4433 345 -7785 1879 -2949 402 3817 -1480 -1962 1632 4841 3382 -236 236 -4464 3370 5410 -5966 3781 -3700 2652 4874 1088 6593 -3709 1398 450 1051 122 -588 -2510 -3003 591 -168 681 3519 2978 14523 376 -3662 -588 -2796
-351 -1679 4311 4569 7819 -1571 -5493 2566 6567 2174 1281 -2739 -2816 -947 -1462 -8188 -5508 723 -3548 -2015 -9743 -3940 -4433 345 -7785 1879 -2949 402 3817 -1480 -1962 1632 4841 3382 -236 236 -4464 3370 5410 -5966 3781 -3700 2652 4874 1088 6593 -3709 1398 450 1051 122 -588 -2510 -3003 591 -168 681 3519 2978 14523 376 -3662 -588 -2796
-351 -1679 4311 4569 7819 -1571 -5493 2566 6567 2174 1281 -2739 -2816 -947 -1462 -8188 -5508 723 -3548 -2015 -9743 -3940 -4433 345 -7785 1879 -2949 402 3817 -1480 -1962 1632 4841 3382 -236 236 -4464 3370 5410 -5966 3781 -3700 2652 4874 1088 6593 -3709 1398 450 1051 122 -588 -2510 -3003 591 -168 681 3519 2978 14523 376 -3662 -588 -2796
-351 -1679 4311 4569 7819 -1571 -5493 2566 6567 2174 1281 -2739 -2816 -947 -1462 -8188 -5508 723 -3548 -2015 -9743 -3940 -4433 345 -7785 1879 -2949 402 3817 -1480 -1962 1632 4841 3382 -236 236 -4464 3370 5410 -5966 3781 -3700 2652 4874 1088 6593 -3709 1398 450 1051 122 -588 -2510 -3003 591 -168 681 3519 2978 14523 376 -3662 -588 -2796
-2606 332 4222 5964 5064 -2952 -6410 1086 3389 3416 1533 -1722 -3778 -2273 -758 -8998 -3641 877 319 -1479 -8829 -4248 -7542 1596 -6787 -1200 -4447 3083 4877 -1043 1767 -319 5980 1286 -4004 -2267 -3301 4638 7829 -5009 2812 -788 -709 6658 2199 7107 -2278 1771 -1334 1043 -689 2530 -3177 -68 -686 -1217 3247 1786 594 13151 24 -5076 618 -1163
-7298 2313 6042 5137 2840 -90 -3929 -2355 1916 3694 1951 -2055 -165 -917 -446 -7484 -1956 -1631 3913 -4876 -7039 -330 -6330 3499 -4212 -4961 -5797 2815 3023 -708 3784 -3326 5226 1581 -3780 381 -655 4370 10722 -4268 2272 -1076 -2009 2006 2290 7362 -946 6731 -2870 -3125 -2161 3224 -1848 2764 -4235 -5014 4159 -1245 -2766 10903 -598 -3609 -1717 2905
-7797 2501 5242 3317 3123 1433 -4110 -1360 978 3646 2230 -922 2407 -2106 -1337 -7684 -2232 -1958 2972 -6669 -5524 -957 -6153 4141 -4127 -5199 -3321 2812 4456 -1376 1913 -1143 5554 1606 -6629 1035 -128 2577 11779 -4310 3403 432 -1520 687 1957 6133 1799 5996 -2687 -4198 -972 2514 -2344 2566 -3936 -6935 2802 124 -3197 11147 -778 -2044 -2613 2985
-8448 1504 7582 3781 1405 1027 -3370 -1261 1665 2881 3087 -1887 2029 -4365 -3243 -5727 -3485 -516 5232 -3570 -3075 199 -7549 2692 -3305 -5204 -3585 5537 5182 -131 3320 -3030 1035 790 -4741 1598 -1140 3853 10159 -3098 -138 -654 -2578 3020 2529 5006 2407 3524 -2781 -2518 -4128 2331 -1601 -64 -819 -6201 6410 -1698 -6086 13013 289 -2728 -2315 1951
-4653 -1023 7597 2041 4769 826 -3519 364 4070 1526 3983 -2245 2241 -2958 -3127 -10207 -4783 -2141 -5842 -4958 -9965 -1671 -4513 4151 -5509 4103 -3274 -1623 3419 -2618 -2036 852 3325 4058 1793 3416 -1722 912 4809 -4757 5980 -3625 2453 585 2316 7056 -1978 4401 4963 -2903 -1639 1427 -3262 -1425 -104 -3587 -1266 4117 40 12482 1435 1171 -2900 -849
-351 -1679 4311 4569 7819 -1571 -5493 2566 6567 2174 1281 -2739 -2816 -947 -1462 -8188 -5508 723 -3548 -2015 -9743 -3940 -4433 345 -7785 1879 -2949 402 3817 -1480 -1962 1632 4841 3382 -236 236 -4464 3370 5410 -5966 3781 -3700 2652 4874 1088 6593 -3709 1398 450 1051 122 -588 -2510 -3003 591 -168 681 3519 2978 14523 376 -3662 -588 -2796
-351 -1679 4311 4569 7819 -1571 -5493 2566 6567 2174 1281 -2739 -2816 -947 -1462 -8188 -5508 723 -3548 -2015 -9743 -3940 -4433 345 -7785 1879 -2949 402 3817 -1480 -1962 1632 4841 3382 -236 236 -4464 3370 5410 -5966 3781 -3700 2652 4874 1088 6593 -3709 1398 450 1051 122 -588 -2510 -3003 591 -168 681 3519 2978 14523 376 -3662 -588 -2796
-351 -1679 4311 4569 7819 -1571 -5493 2566 6567 2174 1281 -2739 -2816 -947 -1462 -8188 -5508 723 -3548 -2015 -9743 -3940 -4433 345 -7785 1879 -2949 402 3817 -1480 -1962 1632 4841 3382 -236 236 -4464 3370 5410 -5966 3781 -3700 2652 4874 1088 6593 -3709 1398 450 1051 122 -588 -2510 -3003 591 -168 681 3519 2978 14523 376 -3662 -588 -2796
-351 -1679 4311 4569 7819 -1571 -5493 2566 6567 2174 1281 -2739 -2816 -947 -1462 -8188 -5508 723 -3548 -2015 -9743 -3940 -4433 345 -7785 1879 -2949 402 3817 -1480 -1962 1632 4841 3382 -236 236 -4464 3370 5410 -5966 3781 -3700 2652 4874 1088 6593 -3709 1398 450 1051 122 -588 -2510 -3003 591 -168 681 3519 2978 14523 376 -3662 -588 -2796
-351 -1679 4311 4569 7819 -1571 -5493 2566 6567 2174 1281 -2739 -2816 -947 -1462 -8188 -5508 723 -3548 -2015 -9743 -3940 -4433 345 -7785 1879 -2949 402 3817 -1480 -1962 1632 4841 3382 -236 236 -4464 3370 5410 -5966 3781 -3700 2652 4874 1088 6593 -3709 1398 450 1051 122 -588 -2510 -3003 591 -168 681 3519 2978 14523 376 -3662 -588 -2796
-138 2057 -493 8565 -706 -1507 -1962 6360 1111 4314 2722 -1359 1298 -7039 -1373 -7857 -823 570 -1010 -7871 -6068 -3041 -3399 126 -3429 2595 -2807 7342 7495 -948 -3238 -1391 5021 4260 -2834 -3066 -4050 670 10045 -1812 1587 -1746 -3082 5060 3298 1369 1121 2272 -1291 1484 -1065 -1368 1224 2694 -1913 -7535 1742 -5016 -344 12545 -4063 -2999 1352 -1658
-1597 -1468 5242 4393 7763 -1202 -5364 1714 6195 1777 1601 -2665 -2191 -597 -1638 -8405 -5555 627 -3288 -2086 -9482 -3213 -4955 1303 -8140 1287 -3225 95 3999 -2050 -1150 1591 4630 4118 -61 840 -3671 2801 5374 -6019 3589 -3616 2276 4314 1330 7063 -3969 2085 88 473 391 -396 -3210 -2687 711 -276 593 3708 2620 14715 330 -3567 -1571 -2321
-351 -1679 4311 4569 7819 -1571 -5493 2566 6567 2174 1281 -2739 -2816 -947 -1462 -8188 -5508 723 -3548 -2015 -9743 -3940 -4433 345 -7785 1879 -2949 402 3817 -1480 -1962 1632 4841 3382 -236 236 -4464 3370 5410 -5966 3781 -3700 2652 4874 1088 6593 -3709 1398 450 1051 122 -588 -2510 -3003 591 -168 681 3519 2978 14523 376 -3662 -588 -2796
-351 -1679 4311 4569 7819 -1571 -5493 2566 6567 2174 1281 -2739 -2816 -947 -1462 -8188 -5508 723 -3548 -2015 -9743 -3940 -4433 345 -7785 1879 -2949 402 3817 -1480 -1962 1632 4841 3382 -236 236 -4464 3370 5410 -5966 3781 -3700 2652 4874 1088 6593 -3709 1398 450 1051 122 -588 -2510 -3003 591 -168 681 3519 2978 14523 376 -3662 -588 -2796
-351 -1679 4311 4569 7819 -1571 -5493 2566 6567 2174 1281 -2739 -2816 -947 -1462 -8188 -5508 723 -3548 -2015 -9743 -3940 -4433 345 -7785 1879 -2949 402 3817 -1480 -1962 1632 4841 3382 -236 236 -4464 3370 5410 -5966 3781 -3700 2652 4874 1088 6593 -3709 1398 450 1051 122 -588 -2510 -3003 591 -168 681 3519 2978 14523 376 -3662 -588 -2796
-351 -1679 4311 4569 7819 -1571 -5493 2566 6567 2174 1281 -2739 -2816 -947 -1462 -8188 -5508 723 -3548 -2015 -9743 -3940 -4433 345 -7785 1879 -2949 402 3817 -1480 -1962 1632 4841 3382 -236 236 -4464 3370 5410 -5966 3781 -3700 2652 4874 1088 6593 -3709 1398 450 1051 122 -588 -2510 -3003 591 -168 681 3519 2978 14523 376 -3662 -588 -2796
-2150 -1053 5927 7182 4507 -2269 -4728 2417 6838 766 851 -3501 -2179 -4279 -4566 -5953 -7425 3435 -482 1609 -6894 -1150 -5773 593 -5362 365 -1808 5693 7079 -584 -487 122 -1278 2013 -1260 951 -4898 3384 4634 -2849 -1660 -3993 707 5901 1170 3799 -1117 -2389 -1886 1145 -2971 -452 -1557 -3771 3519 -54 4824 1037 717 16282 1871 -4373 -337 -3849
-5709 63 7722 2915 4588 2141 -3821 -476 3412 2619 3077 -1694 3400 -2133 -3082 -8674 -3758 -3378 -3499 -6665 -10172 -700 -3770 4835 -5235 2427 -4381 -869 2415 -1348 -2217 -1212 3585 2892 923 4107 -756 1175 7306 -4780 6189 -4053 2030 -1004 2079 6971 -1744 5911 4042 -4413 -3150 2695 -1670 176 -1736 -5230 -132 2029 -995 11328 2134 1693 -3808 -619
-351 -1679 4311 4569 7819 -1571 -5493 2566 6567 2174 1281 -2739 -2816 -947 -1462 -8188 -5508 723 -3548 -2015 -9743 -3940 -4433 345 -7785 1879 -2949 402 3817 -1480 -1962 1632 4841 3382 -236 236 -4464 3370 5410 -5966 3781 -3700 2652 4874 1088 6593 -3709 1398 450 1051 122 -588 -2510 -3003 591 -168 681 3519 2978 14523 376 -3662 -588 -2796
-351 -1679 4311 4569 7819 -1571 -5493 2566 6567 2174 1281 -2739 -2816 -947 -1462 -8188 -5508 723 -3548 -2015 -9743 -3940 -4433 345 -7785 1879 -2949 402 3817 -1480 -1962 1632 4841 3382 -236 236 -4464 3370 5410 -5966 3781 -3700 2652 4874 1088 6593 -3709 1398 450 1051 122 -588 -2510 -3003 591 -168 681 3519 2978 14523 376 -3662 -588 -2796
-351 -1679 4311 4569 7819 -1571 -5493 2566 6567 2174 1281 -2739 -2816 -947 -1462 -8188 -5508 723 -3548 -2015 -9743 -3940 -4433 345 -7785 1879 -2949 402 3817 -1480 -1962 1632 4841 3382 -236 236 -4464 3370 5410 -5966 3781 -3700 2652 4874 1088 6593 -3709 1398 450 1051 122 -588 -2510 -3003 591 -168 681 3519 2978 14523 376 -3662 -588 -2796
-351 -1679 4311 4569 7819 -1571 -5493 2566 6567 2174 1281 -2739 -2816 -947 -1462 -8188 -5508 723 -3548 -2015 -9743 -3940 -4433 345 -7785 1879 -2949 402 3817 -1480 -1962 1632 4841 3382 -236 236 -4464 3370 5410 -5966 3781 -3700 2652 4874 1088 6593 -3709 1398 450 1051 122 -588 -2510 -3003 591 -168 681 3519 2978 14523 376 -3662 -588 -2796
-358 -1954 5408 4358 7210 -750 -5243 2013 6580 1989 2179 -2732 -2946 -1977 -2375 -7655 -6149 1503 -2846 -763 -8672 -3592 -4799 198 -7946 1731 -3299 1503 4641 -1267 -1780 269 3283 2530 -149 318 -5062 3960 4902 -6012 2677 -3875 1829 5616 1349 6801 -3066 511 252 1759 -1039 -355 -2068 -4066 1641 299 2076 2986 1899 14965 1418 -4300 13 -3570
277 597 1399 5032 -618 1291 -1529 4145 359 5465 3000 -1036 2755 -6422 -1542 -7451 -642 -3684 -2306 -10720 -7583 -3494 -863 1630 -2248 4992 -4825 4095 3686 555 -6252 -3911 5665 1088 1030 -528 -3126 1708 9524 -3578 6087 -3600 -2479 3895 3767 4253 1256 4701 4593 -1238 -3974 12 3877 2021 -2060 -9278 -156 -4532 -1749 8990 -977 -51 799 -91
-612 -1535 4615 4593 7682 -1512 -5398 2277 6495 2085 1379 -2819 -2655 -751 -1432 -8282 -5581 656 -3427 -1995 -9710 -3675 -4568 621 -7887 1704 -3096 382 3829 -1723 -1698 1488 4760 3629 -9 400 -4222 3269 5291 -6040 3726 -3773 2452 4724 1160 6869 -3834 1652 251 921 104 -549 -2694 -2898 649 -173 646 3451 2968 14599 353 -3734 -799 -2595
-351 -1679 4311 4569 7819 -1571 -5493 2566 6567 2174 1281 -2739 -2816 -947 -1462 -8188 -5508 723 -3548 -2015 -9743 -3940 -4433 345 -7785 1879 -2949 402 3817 -1480 -1962 1632 4841 3382 -236 236 -4464 3370 5410 -5966 3781 -3700 2652 4874 1088 6593 -3709 1398 450 1051 122 -588 -2510 -3003 591 -168 681 3519 2978 14523 376 -3662 -588 -2796
-351 -1679 4311 4569 7819 -1571 -5493 2566 6567 2174 1281 -2739 -2816 -947 -1462 -8188 -5508 723 -3548 -2015 -9743 -3940 -4433 345 -7785 1879 -2949 402 3817 -1480 -1962 1632 4841 3382 -236 236 -4464 3370 5410 -5966 3781 -3700 2652 4874 1088 6593 -3709 1398 450 1051 122 -588 -2510 -3003 591 -168 681 3519 2978 14523 376 -3662 -588 -2796
-351 -1679 4311 4569 7819 -1571 -5493 2566 6567 2174 1281 -2739 -2816 -947 -1462 -8188 -5508 723 -3548 -2015 -9743 -3940 -4433 345 -7785 1879 -2949 402 3817 -1480 -1962 1632 4841 3382 -236 236 -4464 3370 5410 -5966 3781 -3700 2652 4874 1088 6593 -3709 1398 450 1051 122 -588 -2510 -3003 591 -168 681 3519 2978 14523 376 -3662 -588 -2796
-351 -1679 4311 4569 7819 -1571 -5493 2566 6567 2174 1281 -2739 -2816 -947 -1462 -8188 -5508 723 -3548 -2015 -9743 -3940 -4433 345 -7785 1879 -2949 402 3817 -1480 -1962 1632 4841 3382 -236 236 -4464 3370 5410 -5966 3781 -3700 2652 4874 1088 6593 -3709 1398 450 1051 122 -588 -2510 -3003 591 -168 681 3519 2978 14523 376 -3662 -588 -2796
-4382 -200 3741 7822 3118 -4770 -6928 1488 5826 1776 301 -3845 -4017 -2875 -1433 -9279 -5444 1119 1750 -1962 -7376 -1822 -7543 1847 -2935 -2501 -1048 5485 4866 236 2714 3090 3335 1507 -5934 947 -2898 5875 7884 -2796 711 171 -1441 5611 159 4480 410 711 -3125 -351 -1752 175 -3680 -2072 -219 -2130 5432 1800 840 13154 -641 -4822 -669 2511
-6181 1186 7756 3567 5496 1649 -4453 -370 2371 2312 2708 -2164 3616 -417 -2225 -7981 -3681 -3454 -890 -6692 -8513 -1693 -4061 5119 -6131 329 -4355 -155 3233 -2206 -1014 -1385 3932 3327 -879 3269 -436 719 9038 -6006 5907 -3030 1641 -1722 2790 7342 -1676 4665 1610 -3641 -2109 2131 -1705 1210 -1948 -6158 -62 1603 -861 12203 1698 643 -4520 -294
-351 -1679 4311 4569 7819 -1571 -5493 2566 6567 2174 1281 -2739 -2816 -947 -1462 -8188 -5508 723 -3548 -2015 -9743 -3940 -4433 345 -7785 1879 -2949 402 3817 -1480 -1962 1632 4841 3382 -236 236 -4464 3370 5410 -5966 3781 -3700 2652 4874 1088 6593 -3709 1398 450 1051 122 -588 -2510 -3003 591 -168 681 3519 2978 14523 376 -3662 -588 -2796
-351 -1679 4311 4569 7819 -1571 -5493 2566 6567 2174 1281 -2739 -2816 -947 -1462 -8188 -5508 723 -3548 -2015 -9743 -3940 -4433 345 -7785 1879 -2949 402 3817 -1480 -1962 1632 4841 3382 -236 236 -4464 3370 5410 -5966 3781 -3700 2652 4874 1088 6593 -3709 1398 450 1051 122 -588 -2510 -3003 591 -168 681 3519 2978 14523 376 -3662 -588 -2796
-351 -1679 4311 4569 7819 -1571 -5493 2566 6567 2174 1281 -2739 -2816 -947 -1462 -8188 -5508 723 -3548 -2015 -9743 -3940 -4433 345 -7785 1879 -2949 402 3817 -1480 -1962 1632 4841 3382 -236 236 -4464 3370 5410 -5966 3781 -3700 2652 4874 1088 6593 -3709 1398 450 1051 122 -588 -2510 -3003 591 -168 681 3519 2978 14523 376 -3662 -588 -2796
