-4529 10 6443 4564 -1644 1109 -1743 676 1383 4315 1746 -2696 61 -6064 -3374 -8024 -4911 500 1206 -244 -7192 2673 -8227 4809 -5765 3518 -5926 4237 6067 -310 -108 -108 -1406 5094 -485 -2480 -1240 1379 9756 -4449 2976 -5453 -676 4955 815 4809 1022 6911 180 -672 -4517 1518 135 252 430 -5700 3072 2810 -1657 11005 -5048 -199 -3709 -1883
-13 -1543 5311 2960 4775 -999 -4081 292 5070 2681 -156 -2580 -2746 -1509 -243 -7269 -7607 1940 -2662 1437 -8680 -1212 -6973 1128 -7323 3320 -5153 385 4333 -218 -1279 1942 2584 4915 -863 -2502 -3078 2065 5928 -7005 4403 -4540 2738 5068 -813 7201 -1229 6345 -31 1164 -1644 -710 -1966 -3165 1051 -621 1024 6483 2543 12977 -4443 -2031 -2337 -2838
-13 -1543 5311 2960 4775 -999 -4081 292 5070 2681 -156 -2580 -2746 -1509 -243 -7269 -7607 1940 -2662 1437 -8680 -1212 -6973 1128 -7323 3320 -5153 385 4333 -218 -1279 1942 2584 4915 -863 -2502 -3078 2065 5928 -7005 4403 -4540 2738 5068 -813 7201 -1229 6345 -31 1164 -1644 -710 -1966 -3165 1051 -621 1024 6483 2543 12977 -4443 -2031 -2337 -2838
-13 -1543 5311 2960 4775 -999 -4081 292 5070 2681 -156 -2580 -2746 -1509 -243 -7269 -7607 1940 -2662 1437 -8680 -1212 -6973 1128 -7323 3320 -5153 385 4333 -218 -1279 1942 2584 4915 -863 -2502 -3078 2065 5928 -7005 4403 -4540 2738 5068 -813 7201 -1229 6345 -31 1164 -1644 -710 -1966 -3165 1051 -621 1024 6483 2543 12977 -4443 -2031 -2337 -2838
-13 -1543 5311 2960 4775 -999 -4081 292 5070 2681 -156 -2580 -2746 -1509 -243 -7269 -7607 1940 -2662 1437 -8680 -1212 -6973 1128 -7323 3320 -5153 385 4333 -218 -1279 1942 2584 4915 -863 -2502 -3078 2065 5928 -7005 4403 -4540 2738 5068 -813 7201 -1229 6345 -31 1164 -1644 -710 -1966 -3165 1051 -621 1024 6483 2543 12977 -4443 -2031 -2337 -2838
-13 -1543 5311 2960 4775 -999 -4081 292 5070 2681 -156 -2580 -2746 -1509 -243 -7269 -7607 1940 -2662 1437 -8680 -1212 -6973 1128 -7323 3320 -5153 385 4333 -218 -1279 1942 2584 4915 -863 -2502 -3078 2065 5928 -7005 4403 -4540 2738 5068 -813 7201 -1229 6345 -31 1164 -1644 -710 -1966 -3165 1051 -621 1024 6483 2543 12977 -4443 -2031 -2337 -2838
-13 -1543 5311 2960 4775 -999 -4081 292 5070 2681 -156 -2580 -2746 -1509 -243 -7269 -7607 1940 -2662 1437 -8680 -1212 -6973 1128 -7323 3320 -5153 385 4333 -218 -1279 1942 2584 4915 -863 -2502 -3078 2065 5928 -7005 4403 -4540 2738 5068 -813 7201 -1229 6345 -31 1164 -1644 -710 -1966 -3165 1051 -621 1024 6483 2543 12977 -4443 -2031 -2337 -2838
-13 -1543 5311 2960 4775 -999 -4081 292 5070 2681 -156 -2580 -2746 -1509 -243 -7269 -7607 1940 -2662 1437 -8680 -1212 -6973 1128 -7323 3320 -5153 385 4333 -218 -1279 1942 2584 4915 -863 -2502 -3078 2065 5928 -7005 4403 -4540 2738 5068 -813 7201 -1229 6345 -31 1164 -1644 -710 -1966 -3165 1051 -621 1024 6483 2543 12977 -4443 -2031 -2337 -2838
-13 -1543 5311 2960 4775 -999 -4081 292 5070 2681 -156 -2580 -2746 -1509 -243 -7269 -7607 1940 -2662 1437 -8680 -1212 -6973 1128 -7323 3320 -5153 385 4333 -218 -1279 1942 2584 4915 -863 -2502 -3078 2065 5928 -7005 4403 -4540 2738 5068 -813 7201 -1229 6345 -31 1164 -1644 -710 -1966 -3165 1051 -621 1024 6483 2543 12977 -4443 -2031 -2337 -2838
-7 -1334 6585 2973 3847 -311 -3358 -89 4597 2280 828 -2340 -2694 -2820 -1827 -6656 -7834 3158 -2178 3224 -7725 -941 -6951 889 -7630 3416 -5407 1893 5802 -370 -1345 164 611 4160 -558 -3075 -4067 2226 5220 -6913 2826 -4970 2264 5596 12 7036 -955 4704 -645 2413 -2521 -146 -1409 -3612 2066 -298 2282 5328 1513 13973 -2866 -2355 -1248 -4432
1086 -2603 5128 3265 3518 -171 -2413 824 4539 2437 133 -2820 -2727 -3242 -1966 -6861 -8125 2334 -4594 1826 -8395 -364 -5528 443 -6626 5666 -6071 1188 4991 -477 -2801 1270 1394 5070 1683 -1416 -4162 1106 5262 -6292 3544 -5849 2272 6202 -642 5825 -476 6485 2202 587 -2160 -1103 -689 -3616 2778 -504 -43 5597 2035 13077 -4414 -1598 -1700 -3320
-13 -1543 5311 2960 4775 -999 -4081 292 5070 2681 -156 -2580 -2746 -1509 -243 -7269 -7607 1940 -2662 1437 -8680 -1212 -6973 1128 -7323 3320 -5153 385 4333 -218 -1279 1942 2584 4915 -863 -2502 -3078 2065 5928 -7005 4403 -4540 2738 5068 -813 7201 -1229 6345 -31 1164 -1644 -710 -1966 -3165 1051 -621 1024 6483 2543 12977 -4443 -2031 -2337 -2838
-13 -1543 5311 2960 4775 -999 -4081 292 5070 2681 -156 -2580 -2746 -1509 -243 -7269 -7607 1940 -2662 1437 -8680 -1212 -6973 1128 -7323 3320 -5153 385 4333 -218 -1279 1942 2584 4915 -863 -2502 -3078 2065 5928 -7005 4403 -4540 2738 5068 -813 7201 -1229 6345 -31 1164 -1644 -710 -1966 -3165 1051 -621 1024 6483 2543 12977 -4443 -2031 -2337 -2838
-13 -1543 5311 2960 4775 -999 -4081 292 5070 2681 -156 -2580 -2746 -1509 -243 -7269 -7607 1940 -2662 1437 -8680 -1212 -6973 1128 -7323 3320 -5153 385 4333 -218 -1279 1942 2584 4915 -863 -2502 -3078 2065 5928 -7005 4403 -4540 2738 5068 -813 7201 -1229 6345 -31 1164 -1644 -710 -1966 -3165 1051 -621 1024 6483 2543 12977 -4443 -2031 -2337 -2838
-13 -1543 5311 2960 4775 -999 -4081 292 5070 2681 -156 -2580 -2746 -1509 -243 -7269 -7607 1940 -2662 1437 -8680 -1212 -6973 1128 -7323 3320 -5153 385 4333 -218 -1279 1942 2584 4915 -863 -2502 -3078 2065 5928 -7005 4403 -4540 2738 5068 -813 7201 -1229 6345 -31 1164 -1644 -710 -1966 -3165 1051 -621 1024 6483 2543 12977 -4443 -2031 -2337 -2838
-13 -1543 5311 2960 4775 -999 -4081 292 5070 2681 -156 -2580 -2746 -1509 -243 -7269 -7607 1940 -2662 1437 -8680 -1212 -6973 1128 -7323 3320 -5153 385 4333 -218 -1279 1942 2584 4915 -863 -2502 -3078 2065 5928 -7005 4403 -4540 2738 5068 -813 7201 -1229 6345 -31 1164 -1644 -710 -1966 -3165 1051 -621 1024 6483 2543 12977 -4443 -2031 -2337 -2838
-1794 37 5179 3888 2116 -1991 -4633 -1190 2229 3743 -18 -1741 -3424 -2599 459 -7727 -6181 2155 587 2173 -7711 -1166 -9665 2178 -6357 934 -6546 2566 5186 270 1855 377 3268 3294 -3991 -4761 -1938 2941 7881 -6211 3576 -2195 -65 6483 -70 7558 204 7052 -1563 1178 -2450 1820 -2373 -696 38 -1462 3077 5212 488 11483 -5086 -2930 -1475 -1479
-5628 1500 6493 3266 328 431 -2663 -3994 1010 3998 499 -2080 -378 -1440 677 -6502 -4673 36 3525 -758 -6260 1919 -8552 3710 -4234 -2255 -7538 2343 3621 485 3483 -2135 2676 3446 -3788 -2428 281 2717 10211 -5496 3057 -2362 -1083 2811 108 7843 1219 10816 -2795 -2265 -3577 2407 -1328 1633 -2907 -4561 3822 2590 -2249 9664 -5394 -1841 -3318 1855
-6126 1692 5868 1826 630 1683 -2863 -3156 263 3981 767 -1152 1757 -2426 -83 -6741 -4874 -275 2768 -2362 -5069 1363 -8417 4251 -4201 -2523 -5506 2376 4824 -94 1969 -354 3034 3452 -6180 -1828 706 1288 11174 -5540 3993 -1096 -709 1730 -105 6878 3456 10182 -2654 -3205 -2584 1860 -1785 1491 -2715 -6220 2756 3670 -2625 9978 -5484 -626 -4053 1966
-6804 967 7842 2316 -630 1283 -2321 -2927 902 3289 1539 -1924 1445 -4320 -1777 -5165 -5760 828 4675 -48 -3045 2188 -9447 3016 -3507 -2698 -5597 4700 5413 870 3151 -1985 -597 2645 -4625 -1165 -202 2447 9854 -4443 975 -1908 -1656 3621 512 5877 3861 7828 -2746 -1839 -5124 1745 -1171 -630 -177 -5616 5752 1883 -5093 11620 -4250 -1282 -3707 1143
-3524 -970 7938 745 2022 1004 -2319 -1628 2841 2109 1980 -2116 1441 -3161 -1545 -8726 -6945 -393 -4417 -822 -8631 788 -7014 4280 -5274 5105 -5400 -1298 3929 -1093 -1295 1240 1123 5442 787 65 -612 -106 5338 -5884 6108 -4429 2583 1611 135 7577 350 8860 3661 -2137 -3149 956 -2572 -1864 480 -3484 -517 7023 76 10971 -3779 1990 -4282 -1173
-13 -1543 5311 2960 4775 -999 -4081 292 5070 2681 -156 -2580 -2746 -1509 -243 -7269 -7607 1940 -2662 1437 -8680 -1212 -6973 1128 -7323 3320 -5153 385 4333 -218 -1279 1942 2584 4915 -863 -2502 -3078 2065 5928 -7005 4403 -4540 2738 5068 -813 7201 -1229 6345 -31 1164 -1644 -710 -1966 -3165 1051 -621 1024 6483 2543 12977 -4443 -2031 -2337 -2838
-13 -1543 5311 2960 4775 -999 -4081 292 5070 2681 -156 -2580 -2746 -1509 -243 -7269 -7607 1940 -2662 1437 -8680 -1212 -6973 1128 -7323 3320 -5153 385 4333 -218 -1279 1942 2584 4915 -863 -2502 -3078 2065 5928 -7005 4403 -4540 2738 5068 -813 7201 -1229 6345 -31 1164 -1644 -710 -1966 -3165 1051 -621 1024 6483 2543 12977 -4443 -2031 -2337 -2838
-13 -1543 5311 2960 4775 -999 -4081 292 5070 2681 -156 -2580 -2746 -1509 -243 -7269 -7607 1940 -2662 1437 -8680 -1212 -6973 1128 -7323 3320 -5153 385 4333 -218 -1279 1942 2584 4915 -863 -2502 -3078 2065 5928 -7005 4403 -4540 2738 5068 -813 7201 -1229 6345 -31 1164 -1644 -710 -1966 -3165 1051 -621 1024 6483 2543 12977 -4443 -2031 -2337 -2838
-13 -1543 5311 2960 4775 -999 -4081 292 5070 2681 -156 -2580 -2746 -1509 -243 -7269 -7607 1940 -2662 1437 -8680 -1212 -6973 1128 -7323 3320 -5153 385 4333 -218 -1279 1942 2584 4915 -863 -2502 -3078 2065 5928 -7005 4403 -4540 2738 5068 -813 7201 -1229 6345 -31 1164 -1644 -710 -1966 -3165 1051 -621 1024 6483 2543 12977 -4443 -2031 -2337 -2838
-13 -1543 5311 2960 4775 -999 -4081 292 5070 2681 -156 -2580 -2746 -1509 -243 -7269 -7607 1940 -2662 1437 -8680 -1212 -6973 1128 -7323 3320 -5153 385 4333 -218 -1279 1942 2584 4915 -863 -2502 -3078 2065 5928 -7005 4403 -4540 2738 5068 -813 7201 -1229 6345 -31 1164 -1644 -710 -1966 -3165 1051 -621 1024 6483 2543 12977 -4443 -2031 -2337 -2838
256 1410 1436 6078 -2802 -777 -1003 3020 330 4653 925 -1525 734 -6676 22 -6976 -4184 2041 -513 -2919 -5593 -30 -6653 1004 -3776 4243 -5518 6196 7539 423 -2251 -422 2392 6000 -3153 -5679 -2481 -400 10009 -3790 2680 -3148 -1966 5498 744 3164 3189 7947 -1564 1580 -2932 -1404 1213 1514 -959 -6810 1931 -64 -237 11305 -8964 -1271 -1051 -1984
-1038 -1358 6048 2733 4578 -661 -3889 -491 4654 2335 73 -2491 -2193 -1219 -351 -7341 -7624 1873 -2390 1463 -8337 -516 -7404 1933 -7521 2835 -5392 124 4451 -652 -572 1893 2293 5513 -726 -2044 -2322 1517 5847 -6991 4207 -4444 2418 4590 -658 7560 -1352 6975 -349 672 -1457 -548 -2508 -2873 1151 -719 948 6652 2200 12940 -4576 -1877 -3177 -2412
-13 -1543 5311 2960 4775 -999 -4081 292 5070 2681 -156 -2580 -2746 -1509 -243 -7269 -7607 1940 -2662 1437 -8680 -1212 -6973 1128 -7323 3320 -5153 385 4333 -218 -1279 1942 2584 4915 -863 -2502 -3078 2065 5928 -7005 4403 -4540 2738 5068 -813 7201 -1229 6345 -31 1164 -1644 -710 -1966 -3165 1051 -621 1024 6483 2543 12977 -4443 -2031 -2337 -2838
-13 -1543 5311 2960 4775 -999 -4081 292 5070 2681 -156 -2580 -2746 -1509 -243 -7269 -7607 1940 -2662 1437 -8680 -1212 -6973 1128 -7323 3320 -5153 385 4333 -218 -1279 1942 2584 4915 -863 -2502 -3078 2065 5928 -7005 4403 -4540 2738 5068 -813 7201 -1229 6345 -31 1164 -1644 -710 -1966 -3165 1051 -621 1024 6483 2543 12977 -4443 -2031 -2337 -2838
-13 -1543 5311 2960 4775 -999 -4081 292 5070 2681 -156 -2580 -2746 -1509 -243 -7269 -7607 1940 -2662 1437 -8680 -1212 -6973 1128 -7323 3320 -5153 385 4333 -218 -1279 1942 2584 4915 -863 -2502 -3078 2065 5928 -7005 4403 -4540 2738 5068 -813 7201 -1229 6345 -31 1164 -1644 -710 -1966 -3165 1051 -621 1024 6483 2543 12977 -4443 -2031 -2337 -2838
-13 -1543 5311 2960 4775 -999 -4081 292 5070 2681 -156 -2580 -2746 -1509 -243 -7269 -7607 1940 -2662 1437 -8680 -1212 -6973 1128 -7323 3320 -5153 385 4333 -218 -1279 1942 2584 4915 -863 -2502 -3078 2065 5928 -7005 4403 -4540 2738 5068 -813 7201 -1229 6345 -31 1164 -1644 -710 -1966 -3165 1051 -621 1024 6483 2543 12977 -4443 -2031 -2337 -2838
-1592 -985 6695 5314 2151 -1670 -3533 323 5424 1430 -470 -3243 -2250 -4357 -2985 -5447 -9175 4205 -131 4319 -6349 1024 -8011 1264 -5320 1987 -4096 4935 7126 477 -52 675 -2513 3676 -1709 -1725 -3536 2161 5263 -4298 -290 -4762 1078 5981 -626 4810 843 2824 -2010 1261 -4189 -596 -1172 -3811 3531 -468 4528 4192 647 14635 -2866 -2744 -2028 -3769
-4423 -135 8055 1486 1902 2136 -2600 -2338 2321 3047 1311 -1700 2456 -2486 -1532 -7542 -6123 -1441 -2535 -2290 -8887 1567 -6427 4873 -5089 3745 -6336 -691 3120 -68 -1466 -462 1375 4508 84 684 178 121 7443 -5931 6315 -4811 2247 314 -29 7564 521 10124 2944 -3413 -4402 2017 -1285 -551 -875 -4866 405 5319 -776 10122 -3167 2419 -5054 -994
-13 -1543 5311 2960 4775 -999 -4081 292 5070 2681 -156 -2580 -2746 -1509 -243 -7269 -7607 1940 -2662 1437 -8680 -1212 -6973 1128 -7323 3320 -5153 385 4333 -218 -1279 1942 2584 4915 -863 -2502 -3078 2065 5928 -7005 4403 -4540 2738 5068 -813 7201 -1229 6345 -31 1164 -1644 -710 -1966 -3165 1051 -621 1024 6483 2543 12977 -4443 -2031 -2337 -2838
-13 -1543 5311 2960 4775 -999 -4081 292 5070 2681 -156 -2580 -2746 -1509 -243 -7269 -7607 1940 -2662 1437 -8680 -1212 -6973 1128 -7323 3320 -5153 385 4333 -218 -1279 1942 2584 4915 -863 -2502 -3078 2065 5928 -7005 4403 -4540 2738 5068 -813 7201 -1229 6345 -31 1164 -1644 -710 -1966 -3165 1051 -621 1024 6483 2543 12977 -4443 -2031 -2337 -2838
-13 -1543 5311 2960 4775 -999 -4081 292 5070 2681 -156 -2580 -2746 -1509 -243 -7269 -7607 1940 -2662 1437 -8680 -1212 -6973 1128 -7323 3320 -5153 385 4333 -218 -1279 1942 2584 4915 -863 -2502 -3078 2065 5928 -7005 4403 -4540 2738 5068 -813 7201 -1229 6345 -31 1164 -1644 -710 -1966 -3165 1051 -621 1024 6483 2543 12977 -4443 -2031 -2337 -2838
-13 -1543 5311 2960 4775 -999 -4081 292 5070 2681 -156 -2580 -2746 -1509 -243 -7269 -7607 1940 -2662 1437 -8680 -1212 -6973 1128 -7323 3320 -5153 385 4333 -218 -1279 1942 2584 4915 -863 -2502 -3078 2065 5928 -7005 4403 -4540 2738 5068 -813 7201 -1229 6345 -31 1164 -1644 -710 -1966 -3165 1051 -621 1024 6483 2543 12977 -4443 -2031 -2337 -2838
-34 -1755 6228 2820 4342 -335 -3901 -107 5123 2500 624 -2567 -2870 -2372 -1050 -6840 -8095 2572 -2085 2408 -7797 -981 -7216 980 -7467 3155 -5392 1321 5015 -69 -1143 781 1330 4155 -776 -2363 -3626 2603 5486 -7016 3445 -4668 2024 5680 -542 7343 -746 5474 -191 1769 -2578 -512 -1593 -4053 1928 -199 2178 5945 1638 13382 -3424 -2605 -1782 -3501
578 278 2926 3348 -2555 1539 -719 1491 -225 5693 1322 -1228 2048 -6283 -251 -6825 -3758 -1740 -1651 -5862 -7038 -717 -4267 2277 -2761 6175 -7074 3583 4351 1596 -5003 -2749 3230 3202 160 -3335 -1859 582 9728 -5191 6504 -4675 -1579 4561 1404 5554 3166 9648 3541 -800 -5332 -219 3463 1018 -1188 -8561 386 -54 -1452 8562 -6060 1040 -1336 -608
-229 -1420 5552 2956 4614 -940 -3975 27 4976 2600 -83 -2638 -2599 -1343 -207 -7314 -7657 1886 -2542 1477 -8611 -963 -7082 1362 -7378 3172 -5275 366 4331 -411 -1048 1815 2480 5115 -674 -2374 -2844 1957 5811 -7046 4343 -4592 2568 4939 -766 7422 -1307 6570 -204 1050 -1668 -676 -2108 -3067 1099 -628 993 6425 2519 12977 -4487 -2068 -2519 -2658
-13 -1543 5311 2960 4775 -999 -4081 292 5070 2681 -156 -2580 -2746 -1509 -243 -7269 -7607 1940 -2662 1437 -8680 -1212 -6973 1128 -7323 3320 -5153 385 4333 -218 -1279 1942 2584 4915 -863 -2502 -3078 2065 5928 -7005 4403 -4540 2738 5068 -813 7201 -1229 6345 -31 1164 -1644 -710 -1966 -3165 1051 -621 1024 6483 2543 12977 -4443 -2031 -2337 -2838
-13 -1543 5311 2960 4775 -999 -4081 292 5070 2681 -156 -2580 -2746 -1509 -243 -7269 -7607 1940 -2662 1437 -8680 -1212 -6973 1128 -7323 3320 -5153 385 4333 -218 -1279 1942 2584 4915 -863 -2502 -3078 2065 5928 -7005 4403 -4540 2738 5068 -813 7201 -1229 6345 -31 1164 -1644 -710 -1966 -3165 1051 -621 1024 6483 2543 12977 -4443 -2031 -2337 -2838
-13 -1543 5311 2960 4775 -999 -4081 292 5070 2681 -156 -2580 -2746 -1509 -243 -7269 -7607 1940 -2662 1437 -8680 -1212 -6973 1128 -7323 3320 -5153 385 4333 -218 -1279 1942 2584 4915 -863 -2502 -3078 2065 5928 -7005 4403 -4540 2738 5068 -813 7201 -1229 6345 -31 1164 -1644 -710 -1966 -3165 1051 -621 1024 6483 2543 12977 -4443 -2031 -2337 -2838
-13 -1543 5311 2960 4775 -999 -4081 292 5070 2681 -156 -2580 -2746 -1509 -243 -7269 -7607 1940 -2662 1437 -8680 -1212 -6973 1128 -7323 3320 -5153 385 4333 -218 -1279 1942 2584 4915 -863 -2502 -3078 2065 5928 -7005 4403 -4540 2738 5068 -813 7201 -1229 6345 -31 1164 -1644 -710 -1966 -3165 1051 -621 1024 6483 2543 12977 -4443 -2031 -2337 -2838
-3292 -417 4800 5497 571 -3516 -5142 -827 4272 2408 -993 -3513 -3657 -3121 -115 -8037 -7672 2344 1753 1706 -6587 765 -9692 2376 -3249 -155 -3751 4583 5220 1299 2658 3200 1143 3459 -5603 -2077 -1614 4000 7961 -4401 1861 -1372 -647 5714 -1699 5484 2381 6083 -3024 24 -3307 -92 -2860 -2373 404 -2253 4934 5223 729 11617 -5597 -2843 -2518 1547
-4872 726 8086 2089 2724 1800 -3187 -2253 1476 2832 1124 -2146 2733 -1038 -862 -7053 -6046 -1574 -426 -2468 -7609 688 -6657 5126 -5894 2011 -6334 -98 3816 -821 -481 -609 1742 4862 -1402 82 416 -226 8953 -6974 6129 -3970 1932 -330 625 7914 518 9044 942 -2808 -3531 1575 -1306 357 -1081 -5676 431 4881 -700 10958 -3380 1584 -5643 -715
-13 -1543 5311 2960 4775 -999 -4081 292 5070 2681 -156 -2580 -2746 -1509 -243 -7269 -7607 1940 -2662 1437 -8680 -1212 -6973 1128 -7323 3320 -5153 385 4333 -218 -1279 1942 2584 4915 -863 -2502 -3078 2065 5928 -7005 4403 -4540 2738 5068 -813 7201 -1229 6345 -31 1164 -1644 -710 -1966 -3165 1051 -621 1024 6483 2543 12977 -4443 -2031 -2337 -2838
-13 -1543 5311 2960 4775 -999 -4081 292 5070 2681 -156 -2580 -2746 -1509 -243 -7269 -7607 1940 -2662 1437 -8680 -1212 -6973 1128 -7323 3320 -5153 385 4333 -218 -1279 1942 2584 4915 -863 -2502 -3078 2065 5928 -7005 4403 -4540 2738 5068 -813 7201 -1229 6345 -31 1164 -1644 -710 -1966 -3165 1051 -621 1024 6483 2543 12977 -4443 -2031 -2337 -2838
-13 -1543 5311 2960 4775 -999 -4081 292 5070 2681 -156 -2580 -2746 -1509 -243 -7269 -7607 1940 -2662 1437 -8680 -1212 -6973 1128 -7323 3320 -5153 385 4333 -218 -1279 1942 2584 4915 -863 -2502 -3078 2065 5928 -7005 4403 -4540 2738 5068 -813 7201 -1229 6345 -31 1164 -1644 -710 -1966 -3165 1051 -621 1024 6483 2543 12977 -4443 -2031 -2337 -2838
