104 76 76 76 76 76 76 76 76 91 80 76 76 76 76 76 89 98 98 128 81 76 76 76 76 76 115 76 76 76 76 76 113 80 76 76 76 76 84 93 76 76 76 76 76 105 78 76 76 76
101 78 78 78 78 78 78 78 78 86 86 78 78 78 78 78 88 91 86 104 85 78 78 78 78 78 105 79 78 78 78 78 102 80 78 78 78 78 82 86 79 78 78 78 78 101 74 78 78 78
101 78 78 78 78 78 78 78 78 86 86 78 78 78 78 78 88 91 86 104 85 78 78 78 78 78 105 79 78 78 78 78 102 80 78 78 78 78 82 86 79 78 78 78 78 101 74 78 78 78
101 78 78 78 78 78 78 78 78 86 86 78 78 78 78 78 88 91 86 104 85 78 78 78 78 78 105 79 78 78 78 78 102 80 78 78 78 78 82 86 79 78 78 78 78 101 74 78 78 78
101 78 78 78 78 78 78 78 78 86 86 78 78 78 78 78 88 91 86 104 85 78 78 78 78 78 105 79 78 78 78 78 102 80 78 78 78 78 82 86 79 78 78 78 78 101 74 78 78 78
101 78 78 78 78 78 78 78 78 86 86 78 78 78 78 78 88 91 86 104 85 78 78 78 78 78 105 79 78 78 78 78 102 80 78 78 78 78 82 86 79 78 78 78 78 101 74 78 78 78
101 78 78 78 78 78 78 78 78 86 86 78 78 78 78 78 88 91 86 104 85 78 78 78 78 78 105 79 78 78 78 78 102 80 78 78 78 78 82 86 79 78 78 78 78 101 74 78 78 78
101 78 78 78 78 78 78 78 78 86 86 78 78 78 78 78 88 91 86 104 85 78 78 78 78 78 105 79 78 78 78 78 102 80 78 78 78 78 82 86 79 78 78 78 78 101 74 78 78 78
101 78 78 78 78 78 78 78 78 86 86 78 78 78 78 78 88 91 86 104 85 78 78 78 78 78 105 79 78 78 78 78 102 80 78 78 78 78 82 86 79 78 78 78 78 101 74 78 78 78
97 79 79 79 79 79 79 79 79 89 89 79 79 79 79 79 85 84 79 97 85 79 79 79 79 79 98 80 79 79 79 79 104 79 79 79 79 79 84 82 79 79 79 79 79 93 72 79 79 79
91 81 81 81 81 81 81 81 81 89 86 81 81 81 81 81 87 78 72 86 80 81 81 81 81 81 97 81 81 81 81 81 102 71 81 81 81 81 84 74 81 81 81 81 81 98 67 81 81 81
101 78 78 78 78 78 78 78 78 86 86 78 78 78 78 78 88 91 86 104 85 78 78 78 78 78 105 79 78 78 78 78 102 80 78 78 78 78 82 86 79 78 78 78 78 101 74 78 78 78
101 78 78 78 78 78 78 78 78 86 86 78 78 78 78 78 88 91 86 104 85 78 78 78 78 78 105 79 78 78 78 78 102 80 78 78 78 78 82 86 79 78 78 78 78 101 74 78 78 78
101 78 78 78 78 78 78 78 78 86 86 78 78 78 78 78 88 91 86 104 85 78 78 78 78 78 105 79 78 78 78 78 102 80 78 78 78 78 82 86 79 78 78 78 78 101 74 78 78 78
101 78 78 78 78 78 78 78 78 86 86 78 78 78 78 78 88 91 86 104 85 78 78 78 78 78 105 79 78 78 78 78 102 80 78 78 78 78 82 86 79 78 78 78 78 101 74 78 78 78
101 78 78 78 78 78 78 78 78 86 86 78 78 78 78 78 88 91 86 104 85 78 78 78 78 78 105 79 78 78 78 78 102 80 78 78 78 78 82 86 79 78 78 78 78 101 74 78 78 78
109 75 75 75 75 75 75 75 75 84 80 75 75 75 75 75 92 108 106 128 81 75 75 75 75 75 125 75 75 75 75 75 101 84 75 75 75 75 80 105 75 75 75 75 75 101 82 75 75 75
120 70 70 70 70 70 70 70 70 77 71 70 70 70 70 70 95 143 143 169 81 70 70 70 70 70 148 71 70 70 70 70 97 93 70 70 70 70 73 126 70 70 70 70 70 111 98 70 70 70
118 70 70 70 70 70 70 70 70 77 71 70 70 70 70 70 95 141 144 165 82 70 70 70 70 70 146 70 70 70 70 70 95 94 70 70 70 70 73 127 70 70 70 70 70 112 98 70 70 70
110 72 72 72 72 72 72 72 72 81 75 72 72 72 72 72 92 127 131 152 84 72 72 72 72 72 131 73 72 72 72 72 98 92 72 72 72 72 76 116 72 72 72 72 72 101 95 72 72 72
98 78 78 78 78 78 78 78 78 87 83 78 78 78 78 78 92 96 85 103 84 78 78 78 78 78 101 81 78 78 78 78 103 78 78 78 78 78 82 80 79 78 78 78 78 104 75 78 78 78
101 78 78 78 78 78 78 78 78 86 86 78 78 78 78 78 88 91 86 104 85 78 78 78 78 78 105 79 78 78 78 78 102 80 78 78 78 78 82 86 79 78 78 78 78 101 74 78 78 78
101 78 78 78 78 78 78 78 78 86 86 78 78 78 78 78 88 91 86 104 85 78 78 78 78 78 105 79 78 78 78 78 102 80 78 78 78 78 82 86 79 78 78 78 78 101 74 78 78 78
101 78 78 78 78 78 78 78 78 86 86 78 78 78 78 78 88 91 86 104 85 78 78 78 78 78 105 79 78 78 78 78 102 80 78 78 78 78 82 86 79 78 78 78 78 101 74 78 78 78
101 78 78 78 78 78 78 78 78 86 86 78 78 78 78 78 88 91 86 104 85 78 78 78 78 78 105 79 78 78 78 78 102 80 78 78 78 78 82 86 79 78 78 78 78 101 74 78 78 78
101 78 78 78 78 78 78 78 78 86 86 78 78 78 78 78 88 91 86 104 85 78 78 78 78 78 105 79 78 78 78 78 102 80 78 78 78 78 82 86 79 78 78 78 78 101 74 78 78 78
107 74 74 74 74 74 74 74 74 87 74 74 74 74 74 74 93 110 118 145 78 74 74 74 74 74 138 72 74 74 74 74 104 83 74 74 74 74 80 112 73 74 74 74 74 105 85 74 74 74
102 78 78 78 78 78 78 78 78 87 86 78 78 78 78 78 89 94 87 109 85 78 78 78 78 78 104 79 78 78 78 78 105 81 78 78 78 78 83 86 78 78 78 78 78 101 75 78 78 78
101 78 78 78 78 78 78 78 78 86 86 78 78 78 78 78 88 91 86 104 85 78 78 78 78 78 105 79 78 78 78 78 102 80 78 78 78 78 82 86 79 78 78 78 78 101 74 78 78 78
101 78 78 78 78 78 78 78 78 86 86 78 78 78 78 78 88 91 86 104 85 78 78 78 78 78 105 79 78 78 78 78 102 80 78 78 78 78 82 86 79 78 78 78 78 101 74 78 78 78
101 78 78 78 78 78 78 78 78 86 86 78 78 78 78 78 88 91 86 104 85 78 78 78 78 78 105 79 78 78 78 78 102 80 78 78 78 78 82 86 79 78 78 78 78 101 74 78 78 78
101 78 78 78 78 78 78 78 78 86 86 78 78 78 78 78 88 91 86 104 85 78 78 78 78 78 105 79 78 78 78 78 102 80 78 78 78 78 82 86 79 78 78 78 78 101 74 78 78 78
92 79 79 79 79 79 79 79 79 94 89 79 79 79 79 79 86 83 80 104 84 79 79 79 79 79 89 80 79 79 79 79 111 78 79 79 79 79 88 77 80 79 79 79 79 91 70 79 79 79
102 77 77 77 77 77 77 77 77 82 79 77 77 77 77 77 92 105 98 112 85 77 77 77 77 77 112 79 77 77 77 77 98 83 77 77 77 77 78 91 77 77 77 77 77 109 82 77 77 77
101 78 78 78 78 78 78 78 78 86 86 78 78 78 78 78 88 91 86 104 85 78 78 78 78 78 105 79 78 78 78 78 102 80 78 78 78 78 82 86 79 78 78 78 78 101 74 78 78 78
101 78 78 78 78 78 78 78 78 86 86 78 78 78 78 78 88 91 86 104 85 78 78 78 78 78 105 79 78 78 78 78 102 80 78 78 78 78 82 86 79 78 78 78 78 101 74 78 78 78
101 78 78 78 78 78 78 78 78 86 86 78 78 78 78 78 88 91 86 104 85 78 78 78 78 78 105 79 78 78 78 78 102 80 78 78 78 78 82 86 79 78 78 78 78 101 74 78 78 78
101 78 78 78 78 78 78 78 78 86 86 78 78 78 78 78 88 91 86 104 85 78 78 78 78 78 105 79 78 78 78 78 102 80 78 78 78 78 82 86 79 78 78 78 78 101 74 78 78 78
97 79 79 79 79 79 79 79 79 87 87 79 79 79 79 79 87 87 82 98 84 79 79 79 79 79 101 80 79 79 79 79 102 78 79 79 79 79 83 83 79 79 79 79 79 96 72 79 79 79
100 76 76 76 76 76 76 76 76 78 71 76 76 76 76 76 94 106 112 113 78 76 76 76 76 76 142 75 76 76 76 76 86 81 76 76 76 76 75 110 76 76 76 76 76 105 88 76 76 76
102 78 78 78 78 78 78 78 78 86 86 78 78 78 78 78 89 92 87 106 85 78 78 78 78 78 105 79 78 78 78 78 103 80 78 78 78 78 82 86 78 78 78 78 78 101 74 78 78 78
101 78 78 78 78 78 78 78 78 86 86 78 78 78 78 78 88 91 86 104 85 78 78 78 78 78 105 79 78 78 78 78 102 80 78 78 78 78 82 86 79 78 78 78 78 101 74 78 78 78
101 78 78 78 78 78 78 78 78 86 86 78 78 78 78 78 88 91 86 104 85 78 78 78 78 78 105 79 78 78 78 78 102 80 78 78 78 78 82 86 79 78 78 78 78 101 74 78 78 78
101 78 78 78 78 78 78 78 78 86 86 78 78 78 78 78 88 91 86 104 85 78 78 78 78 78 105 79 78 78 78 78 102 80 78 78 78 78 82 86 79 78 78 78 78 101 74 78 78 78
101 78 78 78 78 78 78 78 78 86 86 78 78 78 78 78 88 91 86 104 85 78 78 78 78 78 105 79 78 78 78 78 102 80 78 78 78 78 82 86 79 78 78 78 78 101 74 78 78 78
107 75 75 75 75 75 75 75 75 85 78 75 75 75 75 75 97 115 113 140 81 75 75 75 75 75 117 75 75 75 75 75 105 83 75 75 75 75 80 97 75 75 75 75 75 106 81 75 75 75
114 74 74 74 74 74 74 74 74 81 78 74 74 74 74 74 91 118 114 138 88 74 74 74 74 74 121 75 74 74 74 74 100 92 74 74 74 74 77 106 74 74 74 74 74 110 90 74 74 74
101 78 78 78 78 78 78 78 78 86 86 78 78 78 78 78 88 91 86 104 85 78 78 78 78 78 105 79 78 78 78 78 102 80 78 78 78 78 82 86 79 78 78 78 78 101 74 78 78 78
101 78 78 78 78 78 78 78 78 86 86 78 78 78 78 78 88 91 86 104 85 78 78 78 78 78 105 79 78 78 78 78 102 80 78 78 78 78 82 86 79 78 78 78 78 101 74 78 78 78
101 78 78 78 78 78 78 78 78 86 86 78 78 78 78 78 88 91 86 104 85 78 78 78 78 78 105 79 78 78 78 78 102 80 78 78 78 78 82 86 79 78 78 78 78 101 74 78 78 78
