75 83 83 83 83 83 83 83 83 83 72 83 83 83 83 83 87 78 88 78 78 83 83 83 83 83 84 82 83 83 83 83 77 73 83 83 83 83 82 73 83 83 83 83 83 93 82 83 83 83
78 83 83 83 83 83 83 83 83 84 73 83 83 83 83 83 92 81 82 76 76 83 83 83 83 83 80 82 83 83 83 83 82 71 83 83 83 83 82 67 83 83 83 83 83 96 76 83 83 83
78 83 83 83 83 83 83 83 83 84 73 83 83 83 83 83 92 81 82 76 76 83 83 83 83 83 80 82 83 83 83 83 82 71 83 83 83 83 82 67 83 83 83 83 83 96 76 83 83 83
78 83 83 83 83 83 83 83 83 84 73 83 83 83 83 83 92 81 82 76 76 83 83 83 83 83 80 82 83 83 83 83 82 71 83 83 83 83 82 67 83 83 83 83 83 96 76 83 83 83
78 83 83 83 83 83 83 83 83 84 73 83 83 83 83 83 92 81 82 76 76 83 83 83 83 83 80 82 83 83 83 83 82 71 83 83 83 83 82 67 83 83 83 83 83 96 76 83 83 83
78 83 83 83 83 83 83 83 83 84 73 83 83 83 83 83 92 81 82 76 76 83 83 83 83 83 80 82 83 83 83 83 82 71 83 83 83 83 82 67 83 83 83 83 83 96 76 83 83 83
78 83 83 83 83 83 83 83 83 84 73 83 83 83 83 83 92 81 82 76 76 83 83 83 83 83 80 82 83 83 83 83 82 71 83 83 83 83 82 67 83 83 83 83 83 96 76 83 83 83
78 83 83 83 83 83 83 83 83 84 73 83 83 83 83 83 92 81 82 76 76 83 83 83 83 83 80 82 83 83 83 83 82 71 83 83 83 83 82 67 83 83 83 83 83 96 76 83 83 83
78 83 83 83 83 83 83 83 83 84 73 83 83 83 83 83 92 81 82 76 76 83 83 83 83 83 80 82 83 83 83 83 82 71 83 83 83 83 82 67 83 83 83 83 83 96 76 83 83 83
86 81 81 81 81 81 81 81 81 84 73 81 81 81 81 81 91 82 87 81 79 81 81 81 81 81 92 80 81 81 81 81 80 75 81 81 81 81 82 81 81 81 81 81 81 94 80 81 81 81
71 85 85 85 85 85 85 85 85 83 75 85 85 85 85 85 86 73 76 67 78 85 85 85 85 85 72 84 85 85 85 85 77 70 85 85 85 85 83 63 85 85 85 85 85 91 75 85 85 85
78 83 83 83 83 83 83 83 83 84 73 83 83 83 83 83 92 81 82 76 76 83 83 83 83 83 80 82 83 83 83 83 82 71 83 83 83 83 82 67 83 83 83 83 83 96 76 83 83 83
78 83 83 83 83 83 83 83 83 84 73 83 83 83 83 83 92 81 82 76 76 83 83 83 83 83 80 82 83 83 83 83 82 71 83 83 83 83 82 67 83 83 83 83 83 96 76 83 83 83
78 83 83 83 83 83 83 83 83 84 73 83 83 83 83 83 92 81 82 76 76 83 83 83 83 83 80 82 83 83 83 83 82 71 83 83 83 83 82 67 83 83 83 83 83 96 76 83 83 83
78 83 83 83 83 83 83 83 83 84 73 83 83 83 83 83 92 81 82 76 76 83 83 83 83 83 80 82 83 83 83 83 82 71 83 83 83 83 82 67 83 83 83 83 83 96 76 83 83 83
78 83 83 83 83 83 83 83 83 84 73 83 83 83 83 83 92 81 82 76 76 83 83 83 83 83 80 82 83 83 83 83 82 71 83 83 83 83 82 67 83 83 83 83 83 96 76 83 83 83
94 80 80 80 80 80 80 80 80 85 75 80 80 80 80 80 92 84 89 87 80 80 80 80 80 80 102 79 80 80 80 80 84 78 80 80 80 80 82 92 80 80 80 80 80 93 82 80 80 80
82 81 81 81 81 81 81 81 81 78 77 81 81 81 81 81 85 80 89 80 83 81 81 81 81 81 97 80 81 81 81 81 73 78 81 81 81 81 79 93 81 81 81 81 81 94 80 81 81 81
76 83 83 83 83 83 83 83 83 79 75 83 83 83 83 83 85 76 87 76 82 83 83 83 83 83 88 81 83 83 83 83 72 75 83 83 83 83 80 81 82 83 83 83 83 93 80 83 83 83
85 81 81 81 81 81 81 81 81 79 79 81 81 81 81 81 81 76 88 77 85 81 81 81 81 81 105 79 81 81 81 81 71 80 81 81 81 81 79 103 81 81 81 81 81 86 82 81 81 81
54 86 86 86 86 86 86 86 86 79 67 86 86 86 86 86 93 79 80 66 71 86 86 86 86 86 54 86 86 86 86 86 71 61 86 86 86 86 81 44 87 86 86 86 86 109 69 86 86 86
78 83 83 83 83 83 83 83 83 84 73 83 83 83 83 83 92 81 82 76 76 83 83 83 83 83 80 82 83 83 83 83 82 71 83 83 83 83 82 67 83 83 83 83 83 96 76 83 83 83
78 83 83 83 83 83 83 83 83 84 73 83 83 83 83 83 92 81 82 76 76 83 83 83 83 83 80 82 83 83 83 83 82 71 83 83 83 83 82 67 83 83 83 83 83 96 76 83 83 83
78 83 83 83 83 83 83 83 83 84 73 83 83 83 83 83 92 81 82 76 76 83 83 83 83 83 80 82 83 83 83 83 82 71 83 83 83 83 82 67 83 83 83 83 83 96 76 83 83 83
78 83 83 83 83 83 83 83 83 84 73 83 83 83 83 83 92 81 82 76 76 83 83 83 83 83 80 82 83 83 83 83 82 71 83 83 83 83 82 67 83 83 83 83 83 96 76 83 83 83
78 83 83 83 83 83 83 83 83 84 73 83 83 83 83 83 92 81 82 76 76 83 83 83 83 83 80 82 83 83 83 83 82 71 83 83 83 83 82 67 83 83 83 83 83 96 76 83 83 83
82 82 82 82 82 82 82 82 82 86 76 82 82 82 82 82 82 68 83 75 82 82 82 82 82 82 97 80 82 82 82 82 80 77 82 82 82 82 84 85 82 82 82 82 82 83 84 82 82 82
78 83 83 83 83 83 83 83 83 84 73 83 83 83 83 83 92 82 82 77 76 83 83 83 83 83 80 82 83 83 83 83 82 70 83 83 83 83 82 68 83 83 83 83 83 98 76 83 83 83
78 83 83 83 83 83 83 83 83 84 73 83 83 83 83 83 92 81 82 76 76 83 83 83 83 83 80 82 83 83 83 83 82 71 83 83 83 83 82 67 83 83 83 83 83 96 76 83 83 83
78 83 83 83 83 83 83 83 83 84 73 83 83 83 83 83 92 81 82 76 76 83 83 83 83 83 80 82 83 83 83 83 82 71 83 83 83 83 82 67 83 83 83 83 83 96 76 83 83 83
78 83 83 83 83 83 83 83 83 84 73 83 83 83 83 83 92 81 82 76 76 83 83 83 83 83 80 82 83 83 83 83 82 71 83 83 83 83 82 67 83 83 83 83 83 96 76 83 83 83
78 83 83 83 83 83 83 83 83 84 73 83 83 83 83 83 92 81 82 76 76 83 83 83 83 83 80 82 83 83 83 83 82 71 83 83 83 83 82 67 83 83 83 83 83 96 76 83 83 83
88 82 82 82 82 82 82 82 82 88 77 82 82 82 82 82 85 78 81 77 80 82 82 82 82 82 93 81 82 82 82 82 83 77 82 82 82 82 84 83 82 82 82 82 82 82 82 82 82 82
52 86 86 86 86 86 86 86 86 76 69 86 86 86 86 86 90 76 81 65 74 86 86 86 86 86 55 86 86 86 86 86 68 62 86 86 86 86 80 46 87 86 86 86 86 110 69 86 86 86
78 83 83 83 83 83 83 83 83 84 73 83 83 83 83 83 92 81 82 76 76 83 83 83 83 83 80 82 83 83 83 83 82 71 83 83 83 83 82 67 83 83 83 83 83 96 76 83 83 83
78 83 83 83 83 83 83 83 83 84 73 83 83 83 83 83 92 81 82 76 76 83 83 83 83 83 80 82 83 83 83 83 82 71 83 83 83 83 82 67 83 83 83 83 83 96 76 83 83 83
78 83 83 83 83 83 83 83 83 84 73 83 83 83 83 83 92 81 82 76 76 83 83 83 83 83 80 82 83 83 83 83 82 71 83 83 83 83 82 67 83 83 83 83 83 96 76 83 83 83
78 83 83 83 83 83 83 83 83 84 73 83 83 83 83 83 92 81 82 76 76 83 83 83 83 83 80 82 83 83 83 83 82 71 83 83 83 83 82 67 83 83 83 83 83 96 76 83 83 83
83 82 82 82 82 82 82 82 82 84 74 82 82 82 82 82 90 80 82 77 78 82 82 82 82 82 88 81 82 82 82 82 81 73 82 82 82 82 82 76 82 82 82 82 82 94 77 82 82 82
58 86 86 86 86 86 86 86 86 79 72 86 86 86 86 86 84 67 82 67 77 86 86 86 86 86 66 85 86 86 86 86 71 66 86 86 86 86 83 55 85 86 86 86 86 100 75 86 86 86
78 83 83 83 83 83 83 83 83 84 73 83 83 83 83 83 92 81 82 77 76 83 83 83 83 83 80 82 83 83 83 83 82 70 83 83 83 83 82 68 83 83 83 83 83 97 76 83 83 83
78 83 83 83 83 83 83 83 83 84 73 83 83 83 83 83 92 81 82 76 76 83 83 83 83 83 80 82 83 83 83 83 82 71 83 83 83 83 82 67 83 83 83 83 83 96 76 83 83 83
78 83 83 83 83 83 83 83 83 84 73 83 83 83 83 83 92 81 82 76 76 83 83 83 83 83 80 82 83 83 83 83 82 71 83 83 83 83 82 67 83 83 83 83 83 96 76 83 83 83
78 83 83 83 83 83 83 83 83 84 73 83 83 83 83 83 92 81 82 76 76 83 83 83 83 83 80 82 83 83 83 83 82 71 83 83 83 83 82 67 83 83 83 83 83 96 76 83 83 83
78 83 83 83 83 83 83 83 83 84 73 83 83 83 83 83 92 81 82 76 76 83 83 83 83 83 80 82 83 83 83 83 82 71 83 83 83 83 82 67 83 83 83 83 83 96 76 83 83 83
87 82 82 82 82 82 82 82 82 91 77 82 82 82 82 82 88 78 79 79 76 82 82 82 82 82 90 82 82 82 82 82 89 74 82 82 82 82 85 75 82 82 82 82 82 83 80 82 82 82
61 84 84 84 84 84 84 84 84 77 69 84 84 84 84 84 92 81 87 75 74 84 84 84 84 84 66 84 84 84 84 84 73 65 84 84 84 84 80 56 85 84 84 84 84 113 72 84 84 84
78 83 83 83 83 83 83 83 83 84 73 83 83 83 83 83 92 81 82 76 76 83 83 83 83 83 80 82 83 83 83 83 82 71 83 83 83 83 82 67 83 83 83 83 83 96 76 83 83 83
78 83 83 83 83 83 83 83 83 84 73 83 83 83 83 83 92 81 82 76 76 83 83 83 83 83 80 82 83 83 83 83 82 71 83 83 83 83 82 67 83 83 83 83 83 96 76 83 83 83
78 83 83 83 83 83 83 83 83 84 73 83 83 83 83 83 92 81 82 76 76 83 83 83 83 83 80 82 83 83 83 83 82 71 83 83 83 83 82 67 83 83 83 83 83 96 76 83 83 83
