67 86 86 86 86 86 86 86 86 76 77 86 86 86 86 86 88 81 71 67 53 86 86 86 86 86 90 86 86 86 86 86 78 49 86 86 86 86 81 58 87 86 86 86 86 96 54 86 86 86
69 84 84 84 84 84 84 84 84 73 74 84 84 84 84 84 100 95 86 75 63 84 84 84 84 84 94 84 84 84 84 84 71 60 84 84 84 84 77 70 84 84 84 84 84 99 65 84 84 84
69 84 84 84 84 84 84 84 84 73 74 84 84 84 84 84 100 95 86 75 63 84 84 84 84 84 94 84 84 84 84 84 71 60 84 84 84 84 77 70 84 84 84 84 84 99 65 84 84 84
69 84 84 84 84 84 84 84 84 73 74 84 84 84 84 84 100 95 86 75 63 84 84 84 84 84 94 84 84 84 84 84 71 60 84 84 84 84 77 70 84 84 84 84 84 99 65 84 84 84
69 84 84 84 84 84 84 84 84 73 74 84 84 84 84 84 100 95 86 75 63 84 84 84 84 84 94 84 84 84 84 84 71 60 84 84 84 84 77 70 84 84 84 84 84 99 65 84 84 84
69 84 84 84 84 84 84 84 84 73 74 84 84 84 84 84 100 95 86 75 63 84 84 84 84 84 94 84 84 84 84 84 71 60 84 84 84 84 77 70 84 84 84 84 84 99 65 84 84 84
69 84 84 84 84 84 84 84 84 73 74 84 84 84 84 84 100 95 86 75 63 84 84 84 84 84 94 84 84 84 84 84 71 60 84 84 84 84 77 70 84 84 84 84 84 99 65 84 84 84
69 84 84 84 84 84 84 84 84 73 74 84 84 84 84 84 100 95 86 75 63 84 84 84 84 84 94 84 84 84 84 84 71 60 84 84 84 84 77 70 84 84 84 84 84 99 65 84 84 84
69 84 84 84 84 84 84 84 84 73 74 84 84 84 84 84 100 95 86 75 63 84 84 84 84 84 94 84 84 84 84 84 71 60 84 84 84 84 77 70 84 84 84 84 84 99 65 84 84 84
69 84 84 84 84 84 84 84 84 74 73 84 84 84 84 84 103 95 86 77 60 84 84 84 84 84 92 84 84 84 84 84 73 57 84 84 84 84 78 67 84 84 84 84 84 102 63 84 84 84
73 83 83 83 83 83 83 83 83 75 75 83 83 83 83 83 103 97 85 78 62 83 83 83 83 83 91 83 83 83 83 83 75 59 83 83 83 83 78 69 84 83 83 83 83 102 65 83 83 83
69 84 84 84 84 84 84 84 84 73 74 84 84 84 84 84 100 95 86 75 63 84 84 84 84 84 94 84 84 84 84 84 71 60 84 84 84 84 77 70 84 84 84 84 84 99 65 84 84 84
69 84 84 84 84 84 84 84 84 73 74 84 84 84 84 84 100 95 86 75 63 84 84 84 84 84 94 84 84 84 84 84 71 60 84 84 84 84 77 70 84 84 84 84 84 99 65 84 84 84
69 84 84 84 84 84 84 84 84 73 74 84 84 84 84 84 100 95 86 75 63 84 84 84 84 84 94 84 84 84 84 84 71 60 84 84 84 84 77 70 84 84 84 84 84 99 65 84 84 84
69 84 84 84 84 84 84 84 84 73 74 84 84 84 84 84 100 95 86 75 63 84 84 84 84 84 94 84 84 84 84 84 71 60 84 84 84 84 77 70 84 84 84 84 84 99 65 84 84 84
69 84 84 84 84 84 84 84 84 73 74 84 84 84 84 84 100 95 86 75 63 84 84 84 84 84 94 84 84 84 84 84 71 60 84 84 84 84 77 70 84 84 84 84 84 99 65 84 84 84
62 86 86 86 86 86 86 86 86 73 74 86 86 86 86 86 91 86 80 70 57 86 86 86 86 86 88 85 86 86 86 86 72 53 86 86 86 86 78 60 86 86 86 86 86 97 60 86 86 86
66 85 85 85 85 85 85 85 85 74 75 85 85 85 85 85 87 88 83 76 61 85 85 85 85 85 89 86 85 85 85 85 74 58 85 85 85 85 79 61 85 85 85 85 85 93 64 85 85 85
64 85 85 85 85 85 85 85 85 74 76 85 85 85 85 85 86 85 80 73 57 85 85 85 85 85 90 87 85 85 85 85 75 53 85 85 85 85 79 57 86 85 85 85 85 93 59 85 85 85
63 86 86 86 86 86 86 86 86 74 73 86 86 86 86 86 87 83 79 72 53 86 86 86 86 86 85 86 86 86 86 86 74 49 86 86 86 86 81 55 86 86 86 86 86 96 57 86 86 86
78 82 82 82 82 82 82 82 82 71 77 82 82 82 82 82 94 107 92 84 70 82 82 82 82 82 95 86 82 82 82 82 71 68 82 82 82 82 75 75 84 82 82 82 82 93 72 82 82 82
69 84 84 84 84 84 84 84 84 73 74 84 84 84 84 84 100 95 86 75 63 84 84 84 84 84 94 84 84 84 84 84 71 60 84 84 84 84 77 70 84 84 84 84 84 99 65 84 84 84
69 84 84 84 84 84 84 84 84 73 74 84 84 84 84 84 100 95 86 75 63 84 84 84 84 84 94 84 84 84 84 84 71 60 84 84 84 84 77 70 84 84 84 84 84 99 65 84 84 84
69 84 84 84 84 84 84 84 84 73 74 84 84 84 84 84 100 95 86 75 63 84 84 84 84 84 94 84 84 84 84 84 71 60 84 84 84 84 77 70 84 84 84 84 84 99 65 84 84 84
69 84 84 84 84 84 84 84 84 73 74 84 84 84 84 84 100 95 86 75 63 84 84 84 84 84 94 84 84 84 84 84 71 60 84 84 84 84 77 70 84 84 84 84 84 99 65 84 84 84
69 84 84 84 84 84 84 84 84 73 74 84 84 84 84 84 100 95 86 75 63 84 84 84 84 84 94 84 84 84 84 84 71 60 84 84 84 84 77 70 84 84 84 84 84 99 65 84 84 84
72 85 85 85 85 85 85 85 85 81 76 85 85 85 85 85 94 76 70 69 48 85 85 85 85 85 98 83 85 85 85 85 90 43 85 85 85 85 83 58 85 85 85 85 85 107 48 85 85 85
68 84 84 84 84 84 84 84 84 72 74 84 84 84 84 84 100 96 87 75 63 84 84 84 84 84 94 85 84 84 84 84 69 60 84 84 84 84 76 68 84 84 84 84 84 97 65 84 84 84
69 84 84 84 84 84 84 84 84 73 74 84 84 84 84 84 100 95 86 75 63 84 84 84 84 84 94 84 84 84 84 84 71 60 84 84 84 84 77 70 84 84 84 84 84 99 65 84 84 84
69 84 84 84 84 84 84 84 84 73 74 84 84 84 84 84 100 95 86 75 63 84 84 84 84 84 94 84 84 84 84 84 71 60 84 84 84 84 77 70 84 84 84 84 84 99 65 84 84 84
69 84 84 84 84 84 84 84 84 73 74 84 84 84 84 84 100 95 86 75 63 84 84 84 84 84 94 84 84 84 84 84 71 60 84 84 84 84 77 70 84 84 84 84 84 99 65 84 84 84
69 84 84 84 84 84 84 84 84 73 74 84 84 84 84 84 100 95 86 75 63 84 84 84 84 84 94 84 84 84 84 84 71 60 84 84 84 84 77 70 84 84 84 84 84 99 65 84 84 84
63 86 86 86 86 86 86 86 86 72 70 86 86 86 86 86 100 86 79 68 50 86 86 86 86 86 89 84 86 86 86 86 69 47 86 86 86 86 79 60 86 86 86 86 86 103 56 86 86 86
78 82 82 82 82 82 82 82 82 73 79 82 82 82 82 82 91 104 89 85 71 82 82 82 82 82 94 86 82 82 82 82 73 69 82 82 82 82 76 74 84 82 82 82 82 91 72 82 82 82
69 84 84 84 84 84 84 84 84 73 74 84 84 84 84 84 100 95 86 75 63 84 84 84 84 84 94 84 84 84 84 84 71 60 84 84 84 84 77 70 84 84 84 84 84 99 65 84 84 84
69 84 84 84 84 84 84 84 84 73 74 84 84 84 84 84 100 95 86 75 63 84 84 84 84 84 94 84 84 84 84 84 71 60 84 84 84 84 77 70 84 84 84 84 84 99 65 84 84 84
69 84 84 84 84 84 84 84 84 73 74 84 84 84 84 84 100 95 86 75 63 84 84 84 84 84 94 84 84 84 84 84 71 60 84 84 84 84 77 70 84 84 84 84 84 99 65 84 84 84
69 84 84 84 84 84 84 84 84 73 74 84 84 84 84 84 100 95 86 75 63 84 84 84 84 84 94 84 84 84 84 84 71 60 84 84 84 84 77 70 84 84 84 84 84 99 65 84 84 84
69 83 83 83 83 83 83 83 83 73 73 83 83 83 83 83 102 97 88 78 61 83 83 83 83 83 93 84 83 83 83 83 72 58 83 83 83 83 78 68 84 83 83 83 83 102 65 83 83 83
84 83 83 83 83 83 83 83 83 84 83 83 83 83 83 83 89 85 74 83 63 83 83 83 83 83 93 82 83 83 83 83 98 59 83 83 83 83 84 69 83 83 83 83 83 100 59 83 83 83
69 83 83 83 83 83 83 83 83 73 74 83 83 83 83 83 100 96 87 75 63 83 83 83 83 83 95 84 83 83 83 83 71 60 83 83 83 83 77 69 84 83 83 83 83 98 65 83 83 83
69 84 84 84 84 84 84 84 84 73 74 84 84 84 84 84 100 95 86 75 63 84 84 84 84 84 94 84 84 84 84 84 71 60 84 84 84 84 77 70 84 84 84 84 84 99 65 84 84 84
69 84 84 84 84 84 84 84 84 73 74 84 84 84 84 84 100 95 86 75 63 84 84 84 84 84 94 84 84 84 84 84 71 60 84 84 84 84 77 70 84 84 84 84 84 99 65 84 84 84
69 84 84 84 84 84 84 84 84 73 74 84 84 84 84 84 100 95 86 75 63 84 84 84 84 84 94 84 84 84 84 84 71 60 84 84 84 84 77 70 84 84 84 84 84 99 65 84 84 84
69 84 84 84 84 84 84 84 84 73 74 84 84 84 84 84 100 95 86 75 63 84 84 84 84 84 94 84 84 84 84 84 71 60 84 84 84 84 77 70 84 84 84 84 84 99 65 84 84 84
60 87 87 87 87 87 87 87 87 68 70 87 87 87 87 87 89 83 78 63 49 87 87 87 87 87 92 85 87 87 87 87 65 46 87 87 87 87 77 60 87 87 87 87 87 98 56 87 87 87
72 84 84 84 84 84 84 84 84 75 80 84 84 84 84 84 89 92 80 76 71 84 84 84 84 84 92 87 84 84 84 84 74 65 84 84 84 84 78 68 85 84 84 84 84 88 67 84 84 84
69 84 84 84 84 84 84 84 84 73 74 84 84 84 84 84 100 95 86 75 63 84 84 84 84 84 94 84 84 84 84 84 71 60 84 84 84 84 77 70 84 84 84 84 84 99 65 84 84 84
69 84 84 84 84 84 84 84 84 73 74 84 84 84 84 84 100 95 86 75 63 84 84 84 84 84 94 84 84 84 84 84 71 60 84 84 84 84 77 70 84 84 84 84 84 99 65 84 84 84
69 84 84 84 84 84 84 84 84 73 74 84 84 84 84 84 100 95 86 75 63 84 84 84 84 84 94 84 84 84 84 84 71 60 84 84 84 84 77 70 84 84 84 84 84 99 65 84 84 84
