80 81 81 81 81 81 81 81 81 82 83 81 81 81 81 81 92 98 89 84 81 81 81 81 81 81 85 85 81 81 81 81 67 82 81 81 81 81 81 83 83 81 81 81 81 65 88 81 81 81
113 76 76 76 76 76 76 76 76 77 89 76 76 76 76 76 76 90 88 87 121 76 76 76 76 76 109 77 76 76 76 76 70 125 76 76 76 76 73 139 76 76 76 76 76 63 109 76 76 76
113 76 76 76 76 76 76 76 76 77 89 76 76 76 76 76 76 90 88 87 121 76 76 76 76 76 109 77 76 76 76 76 70 125 76 76 76 76 73 139 76 76 76 76 76 63 109 76 76 76
113 76 76 76 76 76 76 76 76 77 89 76 76 76 76 76 76 90 88 87 121 76 76 76 76 76 109 77 76 76 76 76 70 125 76 76 76 76 73 139 76 76 76 76 76 63 109 76 76 76
113 76 76 76 76 76 76 76 76 77 89 76 76 76 76 76 76 90 88 87 121 76 76 76 76 76 109 77 76 76 76 76 70 125 76 76 76 76 73 139 76 76 76 76 76 63 109 76 76 76
113 76 76 76 76 76 76 76 76 77 89 76 76 76 76 76 76 90 88 87 121 76 76 76 76 76 109 77 76 76 76 76 70 125 76 76 76 76 73 139 76 76 76 76 76 63 109 76 76 76
113 76 76 76 76 76 76 76 76 77 89 76 76 76 76 76 76 90 88 87 121 76 76 76 76 76 109 77 76 76 76 76 70 125 76 76 76 76 73 139 76 76 76 76 76 63 109 76 76 76
113 76 76 76 76 76 76 76 76 77 89 76 76 76 76 76 76 90 88 87 121 76 76 76 76 76 109 77 76 76 76 76 70 125 76 76 76 76 73 139 76 76 76 76 76 63 109 76 76 76
113 76 76 76 76 76 76 76 76 77 89 76 76 76 76 76 76 90 88 87 121 76 76 76 76 76 109 77 76 76 76 76 70 125 76 76 76 76 73 139 76 76 76 76 76 63 109 76 76 76
121 75 75 75 75 75 75 75 75 79 89 75 75 75 75 75 79 92 92 95 121 75 75 75 75 75 115 77 75 75 75 75 75 122 75 75 75 75 74 139 75 75 75 75 75 67 107 75 75 75
109 77 77 77 77 77 77 77 77 76 89 77 77 77 77 77 78 88 88 82 123 77 77 77 77 77 102 79 77 77 77 77 67 121 77 77 77 77 74 131 77 77 77 77 77 64 107 77 77 77
113 76 76 76 76 76 76 76 76 77 89 76 76 76 76 76 76 90 88 87 121 76 76 76 76 76 109 77 76 76 76 76 70 125 76 76 76 76 73 139 76 76 76 76 76 63 109 76 76 76
113 76 76 76 76 76 76 76 76 77 89 76 76 76 76 76 76 90 88 87 121 76 76 76 76 76 109 77 76 76 76 76 70 125 76 76 76 76 73 139 76 76 76 76 76 63 109 76 76 76
113 76 76 76 76 76 76 76 76 77 89 76 76 76 76 76 76 90 88 87 121 76 76 76 76 76 109 77 76 76 76 76 70 125 76 76 76 76 73 139 76 76 76 76 76 63 109 76 76 76
113 76 76 76 76 76 76 76 76 77 89 76 76 76 76 76 76 90 88 87 121 76 76 76 76 76 109 77 76 76 76 76 70 125 76 76 76 76 73 139 76 76 76 76 76 63 109 76 76 76
113 76 76 76 76 76 76 76 76 77 89 76 76 76 76 76 76 90 88 87 121 76 76 76 76 76 109 77 76 76 76 76 70 125 76 76 76 76 73 139 76 76 76 76 76 63 109 76 76 76
108 76 76 76 76 76 76 76 76 81 87 76 76 76 76 76 81 97 93 100 106 76 76 76 76 76 114 78 76 76 76 76 76 111 76 76 76 76 76 128 77 76 76 76 76 67 102 76 76 76
78 82 82 82 82 82 82 82 82 87 86 82 82 82 82 82 85 93 77 82 77 82 82 82 82 82 83 84 82 82 82 82 75 81 82 82 82 82 83 83 83 82 82 82 82 65 83 82 82 82
77 83 83 83 83 83 83 83 83 87 85 83 83 83 83 83 89 90 77 80 72 83 83 83 83 83 85 83 83 83 83 83 74 74 83 83 83 83 83 81 83 83 83 83 83 67 77 83 83 83
80 82 82 82 82 82 82 82 82 89 87 82 82 82 82 82 91 87 77 82 74 82 82 82 82 82 88 83 82 82 82 82 76 73 82 82 82 82 85 81 83 82 82 82 82 67 75 82 82 82
87 82 82 82 82 82 82 82 82 77 85 82 82 82 82 82 83 90 77 69 91 82 82 82 82 82 79 84 82 82 82 82 63 93 82 82 82 82 76 93 83 82 82 82 82 63 93 82 82 82
113 76 76 76 76 76 76 76 76 77 89 76 76 76 76 76 76 90 88 87 121 76 76 76 76 76 109 77 76 76 76 76 70 125 76 76 76 76 73 139 76 76 76 76 76 63 109 76 76 76
113 76 76 76 76 76 76 76 76 77 89 76 76 76 76 76 76 90 88 87 121 76 76 76 76 76 109 77 76 76 76 76 70 125 76 76 76 76 73 139 76 76 76 76 76 63 109 76 76 76
113 76 76 76 76 76 76 76 76 77 89 76 76 76 76 76 76 90 88 87 121 76 76 76 76 76 109 77 76 76 76 76 70 125 76 76 76 76 73 139 76 76 76 76 76 63 109 76 76 76
113 76 76 76 76 76 76 76 76 77 89 76 76 76 76 76 76 90 88 87 121 76 76 76 76 76 109 77 76 76 76 76 70 125 76 76 76 76 73 139 76 76 76 76 76 63 109 76 76 76
113 76 76 76 76 76 76 76 76 77 89 76 76 76 76 76 76 90 88 87 121 76 76 76 76 76 109 77 76 76 76 76 70 125 76 76 76 76 73 139 76 76 76 76 76 63 109 76 76 76
81 80 80 80 80 80 80 80 80 83 84 80 80 80 80 80 92 93 91 89 87 80 80 80 80 80 92 83 80 80 80 80 71 84 80 80 80 80 82 92 81 80 80 80 80 70 87 80 80 80
106 78 78 78 78 78 78 78 78 77 89 78 78 78 78 78 76 88 85 82 116 78 78 78 78 78 100 79 78 78 78 78 69 119 78 78 78 78 74 126 78 78 78 78 78 62 107 78 78 78
113 76 76 76 76 76 76 76 76 77 89 76 76 76 76 76 76 90 88 87 121 76 76 76 76 76 109 77 76 76 76 76 70 125 76 76 76 76 73 139 76 76 76 76 76 63 109 76 76 76
113 76 76 76 76 76 76 76 76 77 89 76 76 76 76 76 76 90 88 87 121 76 76 76 76 76 109 77 76 76 76 76 70 125 76 76 76 76 73 139 76 76 76 76 76 63 109 76 76 76
113 76 76 76 76 76 76 76 76 77 89 76 76 76 76 76 76 90 88 87 121 76 76 76 76 76 109 77 76 76 76 76 70 125 76 76 76 76 73 139 76 76 76 76 76 63 109 76 76 76
113 76 76 76 76 76 76 76 76 77 89 76 76 76 76 76 76 90 88 87 121 76 76 76 76 76 109 77 76 76 76 76 70 125 76 76 76 76 73 139 76 76 76 76 76 63 109 76 76 76
110 77 77 77 77 77 77 77 77 81 91 77 77 77 77 77 80 87 88 90 117 77 77 77 77 77 109 78 77 77 77 77 73 115 77 77 77 77 77 132 77 77 77 77 77 63 100 77 77 77
83 82 82 82 82 82 82 82 82 80 85 82 82 82 82 82 86 94 77 72 83 82 82 82 82 82 78 84 82 82 82 82 64 87 82 82 82 82 78 88 84 82 82 82 82 63 89 82 82 82
113 76 76 76 76 76 76 76 76 77 89 76 76 76 76 76 76 90 88 87 121 76 76 76 76 76 109 77 76 76 76 76 70 125 76 76 76 76 73 139 76 76 76 76 76 63 109 76 76 76
113 76 76 76 76 76 76 76 76 77 89 76 76 76 76 76 76 90 88 87 121 76 76 76 76 76 109 77 76 76 76 76 70 125 76 76 76 76 73 139 76 76 76 76 76 63 109 76 76 76
113 76 76 76 76 76 76 76 76 77 89 76 76 76 76 76 76 90 88 87 121 76 76 76 76 76 109 77 76 76 76 76 70 125 76 76 76 76 73 139 76 76 76 76 76 63 109 76 76 76
113 76 76 76 76 76 76 76 76 77 89 76 76 76 76 76 76 90 88 87 121 76 76 76 76 76 109 77 76 76 76 76 70 125 76 76 76 76 73 139 76 76 76 76 76 63 109 76 76 76
118 76 76 76 76 76 76 76 76 78 89 76 76 76 76 76 77 90 90 91 121 76 76 76 76 76 114 77 76 76 76 76 72 123 76 76 76 76 74 140 76 76 76 76 76 65 107 76 76 76
80 81 81 81 81 81 81 81 81 81 81 81 81 81 81 81 96 98 90 83 79 81 81 81 81 81 88 83 81 81 81 81 67 79 81 81 81 81 80 88 82 81 81 81 81 71 85 81 81 81
110 77 77 77 77 77 77 77 77 77 89 77 77 77 77 77 76 89 87 85 120 77 77 77 77 77 106 78 77 77 77 77 70 123 77 77 77 77 74 134 77 77 77 77 77 63 108 77 77 77
113 76 76 76 76 76 76 76 76 77 89 76 76 76 76 76 76 90 88 87 121 76 76 76 76 76 109 77 76 76 76 76 70 125 76 76 76 76 73 139 76 76 76 76 76 63 109 76 76 76
113 76 76 76 76 76 76 76 76 77 89 76 76 76 76 76 76 90 88 87 121 76 76 76 76 76 109 77 76 76 76 76 70 125 76 76 76 76 73 139 76 76 76 76 76 63 109 76 76 76
113 76 76 76 76 76 76 76 76 77 89 76 76 76 76 76 76 90 88 87 121 76 76 76 76 76 109 77 76 76 76 76 70 125 76 76 76 76 73 139 76 76 76 76 76 63 109 76 76 76
113 76 76 76 76 76 76 76 76 77 89 76 76 76 76 76 76 90 88 87 121 76 76 76 76 76 109 77 76 76 76 76 70 125 76 76 76 76 73 139 76 76 76 76 76 63 109 76 76 76
96 78 78 78 78 78 78 78 78 82 89 78 78 78 78 78 81 88 86 88 100 78 78 78 78 78 109 78 78 78 78 78 72 103 78 78 78 78 79 124 78 78 78 78 78 63 94 78 78 78
84 82 82 82 82 82 82 82 82 81 85 82 82 82 82 82 84 93 78 74 86 82 82 82 82 82 80 84 82 82 82 82 66 90 82 82 82 82 79 88 83 82 82 82 82 61 92 82 82 82
113 76 76 76 76 76 76 76 76 77 89 76 76 76 76 76 76 90 88 87 121 76 76 76 76 76 109 77 76 76 76 76 70 125 76 76 76 76 73 139 76 76 76 76 76 63 109 76 76 76
113 76 76 76 76 76 76 76 76 77 89 76 76 76 76 76 76 90 88 87 121 76 76 76 76 76 109 77 76 76 76 76 70 125 76 76 76 76 73 139 76 76 76 76 76 63 109 76 76 76
113 76 76 76 76 76 76 76 76 77 89 76 76 76 76 76 76 90 88 87 121 76 76 76 76 76 109 77 76 76 76 76 70 125 76 76 76 76 73 139 76 76 76 76 76 63 109 76 76 76
