-3616 -1231 2506 850 1762 -326 -112 1511 -2082 -1371 -4982 -1290 806 -389 -1071 -2890 4035 -3178 762 -932 1234 2388 1478 3126 -412 39 6221 492 -1508 -1451 2450 -919 -2002 -4831 1521 -1931 -2141 -3424 -1423 -2658 -1389 -2750 -2699 3181 -1091 4126 317 112 525 3471 -530 1425 -1095 2805 13 2502 -2558 1118 -823 1072 2747 1966 3275 -370
-3274 -3318 1559 1303 872 -925 -1119 -29 -2141 -134 -3875 1045 2031 197 -1249 -1869 2581 -4438 -346 -680 -2135 -93 685 211 410 -518 1645 604 -3774 -1664 968 2311 -4811 -1493 -299 -4043 -739 -2043 385 488 -2452 726 -2757 1339 1365 1889 1742 1424 657 3266 1282 1345 -518 -617 -875 2265 -2288 1478 -667 -1149 1556 1885 4815 1248
-3274 -3318 1559 1303 872 -925 -1119 -29 -2141 -134 -3875 1045 2031 197 -1249 -1869 2581 -4438 -346 -680 -2135 -93 685 211 410 -518 1645 604 -3774 -1664 968 2311 -4811 -1493 -299 -4043 -739 -2043 385 488 -2452 726 -2757 1339 1365 1889 1742 1424 657 3266 1282 1345 -518 -617 -875 2265 -2288 1478 -667 -1149 1556 1885 4815 1248
-3274 -3318 1559 1303 872 -925 -1119 -29 -2141 -134 -3875 1045 2031 197 -1249 -1869 2581 -4438 -346 -680 -2135 -93 685 211 410 -518 1645 604 -3774 -1664 968 2311 -4811 -1493 -299 -4043 -739 -2043 385 488 -2452 726 -2757 1339 1365 1889 1742 1424 657 3266 1282 1345 -518 -617 -875 2265 -2288 1478 -667 -1149 1556 1885 4815 1248
-3274 -3318 1559 1303 872 -925 -1119 -29 -2141 -134 -3875 1045 2031 197 -1249 -1869 2581 -4438 -346 -680 -2135 -93 685 211 410 -518 1645 604 -3774 -1664 968 2311 -4811 -1493 -299 -4043 -739 -2043 385 488 -2452 726 -2757 1339 1365 1889 1742 1424 657 3266 1282 1345 -518 -617 -875 2265 -2288 1478 -667 -1149 1556 1885 4815 1248
-3274 -3318 1559 1303 872 -925 -1119 -29 -2141 -134 -3875 1045 2031 197 -1249 -1869 2581 -4438 -346 -680 -2135 -93 685 211 410 -518 1645 604 -3774 -1664 968 2311 -4811 -1493 -299 -4043 -739 -2043 385 488 -2452 726 -2757 1339 1365 1889 1742 1424 657 3266 1282 1345 -518 -617 -875 2265 -2288 1478 -667 -1149 1556 1885 4815 1248
-3274 -3318 1559 1303 872 -925 -1119 -29 -2141 -134 -3875 1045 2031 197 -1249 -1869 2581 -4438 -346 -680 -2135 -93 685 211 410 -518 1645 604 -3774 -1664 968 2311 -4811 -1493 -299 -4043 -739 -2043 385 488 -2452 726 -2757 1339 1365 1889 1742 1424 657 3266 1282 1345 -518 -617 -875 2265 -2288 1478 -667 -1149 1556 1885 4815 1248
-3274 -3318 1559 1303 872 -925 -1119 -29 -2141 -134 -3875 1045 2031 197 -1249 -1869 2581 -4438 -346 -680 -2135 -93 685 211 410 -518 1645 604 -3774 -1664 968 2311 -4811 -1493 -299 -4043 -739 -2043 385 488 -2452 726 -2757 1339 1365 1889 1742 1424 657 3266 1282 1345 -518 -617 -875 2265 -2288 1478 -667 -1149 1556 1885 4815 1248
-3274 -3318 1559 1303 872 -925 -1119 -29 -2141 -134 -3875 1045 2031 197 -1249 -1869 2581 -4438 -346 -680 -2135 -93 685 211 410 -518 1645 604 -3774 -1664 968 2311 -4811 -1493 -299 -4043 -739 -2043 385 488 -2452 726 -2757 1339 1365 1889 1742 1424 657 3266 1282 1345 -518 -617 -875 2265 -2288 1478 -667 -1149 1556 1885 4815 1248
-3234 -3163 1328 1111 1252 -1508 -523 64 -1609 320 -3278 740 2165 526 -2143 -1993 2485 -3379 -1126 -767 -1752 247 1425 916 1108 -1224 1582 1154 -3738 -1494 889 2181 -5232 -993 -802 -3636 -657 -2333 173 1014 -1779 6 -2799 2799 1403 2019 2542 1916 370 2479 117 1390 -1263 -753 -1416 2353 -2155 427 -1344 -916 2039 1291 4672 1089
-3653 -1986 738 1886 770 -1654 -866 656 -3168 339 -4659 1875 2093 -492 -2428 -2316 2671 -3356 -708 -927 -1978 -889 1219 -296 -811 -1635 1752 757 -3044 -2295 817 2018 -5479 -1094 -1520 -3639 -1297 -1716 1247 -100 -1875 -385 -3243 2006 1147 2752 1518 167 1395 2980 1315 1693 -515 1425 510 2947 -2442 975 -1929 -671 1967 1479 5145 678
-3274 -3318 1559 1303 872 -925 -1119 -29 -2141 -134 -3875 1045 2031 197 -1249 -1869 2581 -4438 -346 -680 -2135 -93 685 211 410 -518 1645 604 -3774 -1664 968 2311 -4811 -1493 -299 -4043 -739 -2043 385 488 -2452 726 -2757 1339 1365 1889 1742 1424 657 3266 1282 1345 -518 -617 -875 2265 -2288 1478 -667 -1149 1556 1885 4815 1248
-3274 -3318 1559 1303 872 -925 -1119 -29 -2141 -134 -3875 1045 2031 197 -1249 -1869 2581 -4438 -346 -680 -2135 -93 685 211 410 -518 1645 604 -3774 -1664 968 2311 -4811 -1493 -299 -4043 -739 -2043 385 488 -2452 726 -2757 1339 1365 1889 1742 1424 657 3266 1282 1345 -518 -617 -875 2265 -2288 1478 -667 -1149 1556 1885 4815 1248
-3274 -3318 1559 1303 872 -925 -1119 -29 -2141 -134 -3875 1045 2031 197 -1249 -1869 2581 -4438 -346 -680 -2135 -93 685 211 410 -518 1645 604 -3774 -1664 968 2311 -4811 -1493 -299 -4043 -739 -2043 385 488 -2452 726 -2757 1339 1365 1889 1742 1424 657 3266 1282 1345 -518 -617 -875 2265 -2288 1478 -667 -1149 1556 1885 4815 1248
-3274 -3318 1559 1303 872 -925 -1119 -29 -2141 -134 -3875 1045 2031 197 -1249 -1869 2581 -4438 -346 -680 -2135 -93 685 211 410 -518 1645 604 -3774 -1664 968 2311 -4811 -1493 -299 -4043 -739 -2043 385 488 -2452 726 -2757 1339 1365 1889 1742 1424 657 3266 1282 1345 -518 -617 -875 2265 -2288 1478 -667 -1149 1556 1885 4815 1248
-3274 -3318 1559 1303 872 -925 -1119 -29 -2141 -134 -3875 1045 2031 197 -1249 -1869 2581 -4438 -346 -680 -2135 -93 685 211 410 -518 1645 604 -3774 -1664 968 2311 -4811 -1493 -299 -4043 -739 -2043 385 488 -2452 726 -2757 1339 1365 1889 1742 1424 657 3266 1282 1345 -518 -617 -875 2265 -2288 1478 -667 -1149 1556 1885 4815 1248
-3430 -3164 2535 203 749 -659 -1001 235 440 -91 -2875 -226 1375 -436 799 -2359 3981 -3755 -139 -208 -1107 1703 1306 2062 1886 384 3753 1573 -3079 173 1985 1342 -3005 -2512 1465 -4165 -682 -3285 -1281 736 -2539 964 -1997 2382 797 1702 1359 2463 -612 3443 -854 582 -767 -1824 -2193 96 -2795 775 682 -1927 1912 1998 3966 1803
-2873 -2662 3942 232 857 737 -1707 690 1607 -2355 -2547 -2714 -206 -1682 2043 -780 4732 -3040 -1014 -1234 -351 3136 -76 2755 1359 2167 5042 2032 -1826 -183 1393 1224 -98 -5050 2847 -3070 -1122 -4229 -2843 -1333 -1201 -583 -817 925 -553 3426 1107 2458 576 3389 396 413 -1431 -1509 -653 -405 -4460 1759 1949 -969 2089 2167 2137 -578
-2414 -2439 3559 -222 978 1193 -1385 176 832 -2742 -2833 -2726 -723 -1718 2136 -1213 5500 -4057 -249 -1201 142 3627 371 3629 1282 2545 5781 922 -1645 -1232 1896 360 -117 -5685 1822 -2233 -710 -3391 -2845 -328 -1179 -1757 -1189 493 -1367 4025 524 1248 924 3296 661 404 -1253 -727 -338 491 -4238 1734 1149 -535 2484 2098 3236 -1273
-2671 -1607 2342 -449 1662 146 -106 463 1810 -2271 -2028 -2824 482 -1238 1315 -2079 4914 -1897 -1403 -1543 1228 4411 961 4041 2875 684 6641 2467 -1630 184 2477 -154 590 -5727 607 -1577 -913 -3921 -2832 -48 -1431 -2478 -2695 2134 -1589 3929 1776 1887 389 2918 -38 1557 -2229 -294 -664 -204 -3940 -76 19 79 2593 1790 2295 -1311
-3974 -2331 706 2207 1828 -907 -1722 314 -3601 -1172 -3740 664 198 -810 -2472 -233 3493 -5777 439 -1090 -1943 1193 -168 -321 -786 1303 3836 28 -1531 -4591 1528 2318 -5541 -3912 8 -1226 -1337 -1525 992 -1195 -865 -2486 -2028 -930 -234 4670 657 -837 4170 2562 3717 1485 452 1076 1207 4060 -4489 2926 -1809 887 2747 1327 5996 616
-3274 -3318 1559 1303 872 -925 -1119 -29 -2141 -134 -3875 1045 2031 197 -1249 -1869 2581 -4438 -346 -680 -2135 -93 685 211 410 -518 1645 604 -3774 -1664 968 2311 -4811 -1493 -299 -4043 -739 -2043 385 488 -2452 726 -2757 1339 1365 1889 1742 1424 657 3266 1282 1345 -518 -617 -875 2265 -2288 1478 -667 -1149 1556 1885 4815 1248
-3274 -3318 1559 1303 872 -925 -1119 -29 -2141 -134 -3875 1045 2031 197 -1249 -1869 2581 -4438 -346 -680 -2135 -93 685 211 410 -518 1645 604 -3774 -1664 968 2311 -4811 -1493 -299 -4043 -739 -2043 385 488 -2452 726 -2757 1339 1365 1889 1742 1424 657 3266 1282 1345 -518 -617 -875 2265 -2288 1478 -667 -1149 1556 1885 4815 1248
-3274 -3318 1559 1303 872 -925 -1119 -29 -2141 -134 -3875 1045 2031 197 -1249 -1869 2581 -4438 -346 -680 -2135 -93 685 211 410 -518 1645 604 -3774 -1664 968 2311 -4811 -1493 -299 -4043 -739 -2043 385 488 -2452 726 -2757 1339 1365 1889 1742 1424 657 3266 1282 1345 -518 -617 -875 2265 -2288 1478 -667 -1149 1556 1885 4815 1248
-3274 -3318 1559 1303 872 -925 -1119 -29 -2141 -134 -3875 1045 2031 197 -1249 -1869 2581 -4438 -346 -680 -2135 -93 685 211 410 -518 1645 604 -3774 -1664 968 2311 -4811 -1493 -299 -4043 -739 -2043 385 488 -2452 726 -2757 1339 1365 1889 1742 1424 657 3266 1282 1345 -518 -617 -875 2265 -2288 1478 -667 -1149 1556 1885 4815 1248
-3274 -3318 1559 1303 872 -925 -1119 -29 -2141 -134 -3875 1045 2031 197 -1249 -1869 2581 -4438 -346 -680 -2135 -93 685 211 410 -518 1645 604 -3774 -1664 968 2311 -4811 -1493 -299 -4043 -739 -2043 385 488 -2452 726 -2757 1339 1365 1889 1742 1424 657 3266 1282 1345 -518 -617 -875 2265 -2288 1478 -667 -1149 1556 1885 4815 1248
-3738 -884 3206 379 1222 393 331 1419 -1062 -2134 -5581 -151 -633 -641 1404 -5330 6875 -2758 857 769 2645 935 1866 3155 -2668 -281 4640 -299 -2010 -1338 1725 -1978 -530 -2171 1810 -3031 -1935 -2952 -1902 -1277 -2090 -1592 -2996 3511 -220 3355 -955 -1046 -492 4278 -2705 107 -944 3451 -718 975 -2665 -370 -638 840 2927 1713 3472 -1071
-3412 -3577 1735 1475 1128 -854 -1209 107 -2186 -111 -3821 651 1818 354 -1381 -1350 2765 -4866 -208 -1063 -2243 244 868 347 410 -227 1957 564 -3591 -1888 999 2663 -4672 -1845 -182 -3692 -830 -2103 636 -98 -1924 116 -2649 1019 1186 1944 1697 1562 1061 3073 1496 1505 -688 -886 -1072 2178 -2488 1510 -220 -1105 1441 1615 4761 1308
-3274 -3318 1559 1303 872 -925 -1119 -29 -2141 -134 -3875 1045 2031 197 -1249 -1869 2581 -4438 -346 -680 -2135 -93 685 211 410 -518 1645 604 -3774 -1664 968 2311 -4811 -1493 -299 -4043 -739 -2043 385 488 -2452 726 -2757 1339 1365 1889 1742 1424 657 3266 1282 1345 -518 -617 -875 2265 -2288 1478 -667 -1149 1556 1885 4815 1248
-3274 -3318 1559 1303 872 -925 -1119 -29 -2141 -134 -3875 1045 2031 197 -1249 -1869 2581 -4438 -346 -680 -2135 -93 685 211 410 -518 1645 604 -3774 -1664 968 2311 -4811 -1493 -299 -4043 -739 -2043 385 488 -2452 726 -2757 1339 1365 1889 1742 1424 657 3266 1282 1345 -518 -617 -875 2265 -2288 1478 -667 -1149 1556 1885 4815 1248
-3274 -3318 1559 1303 872 -925 -1119 -29 -2141 -134 -3875 1045 2031 197 -1249 -1869 2581 -4438 -346 -680 -2135 -93 685 211 410 -518 1645 604 -3774 -1664 968 2311 -4811 -1493 -299 -4043 -739 -2043 385 488 -2452 726 -2757 1339 1365 1889 1742 1424 657 3266 1282 1345 -518 -617 -875 2265 -2288 1478 -667 -1149 1556 1885 4815 1248
-3274 -3318 1559 1303 872 -925 -1119 -29 -2141 -134 -3875 1045 2031 197 -1249 -1869 2581 -4438 -346 -680 -2135 -93 685 211 410 -518 1645 604 -3774 -1664 968 2311 -4811 -1493 -299 -4043 -739 -2043 385 488 -2452 726 -2757 1339 1365 1889 1742 1424 657 3266 1282 1345 -518 -617 -875 2265 -2288 1478 -667 -1149 1556 1885 4815 1248
-4080 -1852 -314 494 1530 -1849 691 414 -986 132 -2948 68 2836 1476 -1266 -3470 2561 -2119 -850 -1300 -138 2066 2447 1905 2701 -2993 3995 1573 -3959 207 2398 1000 -3011 -1412 -1010 -3441 -879 -3225 306 575 -2292 -127 -4201 3598 1345 2192 3288 1686 -297 2354 -167 2596 -1194 1110 -1442 968 -980 -1249 -1303 148 1639 1041 3885 505
-2980 -2424 1922 1826 1210 -104 -1664 741 -3341 -2337 -3579 -156 -263 -1459 -1461 6 3111 -5198 134 -1367 -1564 1782 -812 791 -546 2103 4098 663 -1283 -4635 1566 1775 -4510 -4818 1074 -1558 -1391 -2333 -359 -1636 -641 -2315 -1683 -732 -668 5005 989 -824 4380 3144 3787 1151 135 1112 2038 4028 -5047 3642 -1167 1244 3000 1762 4686 -902
-3274 -3318 1559 1303 872 -925 -1119 -29 -2141 -134 -3875 1045 2031 197 -1249 -1869 2581 -4438 -346 -680 -2135 -93 685 211 410 -518 1645 604 -3774 -1664 968 2311 -4811 -1493 -299 -4043 -739 -2043 385 488 -2452 726 -2757 1339 1365 1889 1742 1424 657 3266 1282 1345 -518 -617 -875 2265 -2288 1478 -667 -1149 1556 1885 4815 1248
-3274 -3318 1559 1303 872 -925 -1119 -29 -2141 -134 -3875 1045 2031 197 -1249 -1869 2581 -4438 -346 -680 -2135 -93 685 211 410 -518 1645 604 -3774 -1664 968 2311 -4811 -1493 -299 -4043 -739 -2043 385 488 -2452 726 -2757 1339 1365 1889 1742 1424 657 3266 1282 1345 -518 -617 -875 2265 -2288 1478 -667 -1149 1556 1885 4815 1248
-3274 -3318 1559 1303 872 -925 -1119 -29 -2141 -134 -3875 1045 2031 197 -1249 -1869 2581 -4438 -346 -680 -2135 -93 685 211 410 -518 1645 604 -3774 -1664 968 2311 -4811 -1493 -299 -4043 -739 -2043 385 488 -2452 726 -2757 1339 1365 1889 1742 1424 657 3266 1282 1345 -518 -617 -875 2265 -2288 1478 -667 -1149 1556 1885 4815 1248
-3274 -3318 1559 1303 872 -925 -1119 -29 -2141 -134 -3875 1045 2031 197 -1249 -1869 2581 -4438 -346 -680 -2135 -93 685 211 410 -518 1645 604 -3774 -1664 968 2311 -4811 -1493 -299 -4043 -739 -2043 385 488 -2452 726 -2757 1339 1365 1889 1742 1424 657 3266 1282 1345 -518 -617 -875 2265 -2288 1478 -667 -1149 1556 1885 4815 1248
-3261 -3155 1175 1127 1018 -1473 -828 -8 -1666 207 -3514 858 2274 108 -1677 -1955 2514 -3742 -1027 -816 -1826 132 1160 529 1177 -919 1784 1187 -3931 -1403 1159 2175 -5026 -1621 -969 -3662 -580 -2220 263 1004 -2208 206 -3135 2145 1262 1936 2280 1783 539 2985 739 1564 -1182 -606 -1117 2219 -2145 739 -1169 -1122 1717 1714 4624 1080
-2158 -505 3158 1372 731 -67 -982 1443 -1751 -2836 -5087 1019 -1357 -3214 500 -4110 4657 -2782 -24 1186 1226 -113 -479 2347 -3947 1434 3435 649 -166 -3625 933 -1789 -2626 -4281 1381 -1793 -1943 -2249 -2007 -1104 -1895 -2201 -2781 1585 -1188 5159 -1614 -2589 2476 4692 476 -214 -38 3896 2566 3159 -4218 2819 -2007 1838 4345 2562 3946 -2127
-3361 -3418 1653 1402 1004 -944 -1188 34 -2116 -67 -3878 935 1958 256 -1286 -1729 2617 -4555 -355 -812 -2161 -31 724 231 363 -423 1675 607 -3755 -1724 930 2439 -4771 -1560 -252 -3912 -820 -2094 477 270 -2254 574 -2730 1243 1367 1919 1748 1497 797 3228 1326 1371 -560 -725 -954 2208 -2336 1501 -509 -1126 1518 1777 4791 1268
-3274 -3318 1559 1303 872 -925 -1119 -29 -2141 -134 -3875 1045 2031 197 -1249 -1869 2581 -4438 -346 -680 -2135 -93 685 211 410 -518 1645 604 -3774 -1664 968 2311 -4811 -1493 -299 -4043 -739 -2043 385 488 -2452 726 -2757 1339 1365 1889 1742 1424 657 3266 1282 1345 -518 -617 -875 2265 -2288 1478 -667 -1149 1556 1885 4815 1248
-3274 -3318 1559 1303 872 -925 -1119 -29 -2141 -134 -3875 1045 2031 197 -1249 -1869 2581 -4438 -346 -680 -2135 -93 685 211 410 -518 1645 604 -3774 -1664 968 2311 -4811 -1493 -299 -4043 -739 -2043 385 488 -2452 726 -2757 1339 1365 1889 1742 1424 657 3266 1282 1345 -518 -617 -875 2265 -2288 1478 -667 -1149 1556 1885 4815 1248
-3274 -3318 1559 1303 872 -925 -1119 -29 -2141 -134 -3875 1045 2031 197 -1249 -1869 2581 -4438 -346 -680 -2135 -93 685 211 410 -518 1645 604 -3774 -1664 968 2311 -4811 -1493 -299 -4043 -739 -2043 385 488 -2452 726 -2757 1339 1365 1889 1742 1424 657 3266 1282 1345 -518 -617 -875 2265 -2288 1478 -667 -1149 1556 1885 4815 1248
-3274 -3318 1559 1303 872 -925 -1119 -29 -2141 -134 -3875 1045 2031 197 -1249 -1869 2581 -4438 -346 -680 -2135 -93 685 211 410 -518 1645 604 -3774 -1664 968 2311 -4811 -1493 -299 -4043 -739 -2043 385 488 -2452 726 -2757 1339 1365 1889 1742 1424 657 3266 1282 1345 -518 -617 -875 2265 -2288 1478 -667 -1149 1556 1885 4815 1248
-4204 -1865 -63 -424 1119 -1073 -1011 -1039 851 -747 -2875 -1171 1942 -212 1874 -4300 3952 -2929 184 -397 469 3519 1351 1584 2778 -1473 6357 1084 -3722 1875 3491 532 -333 -3654 682 -3651 -769 -3609 -1287 613 -3886 987 -3559 1930 401 1981 1751 1878 -1115 3440 222 1793 -434 853 -2165 -940 -964 -437 634 -1029 1495 2365 3973 1541
-2467 -3079 3426 1651 1528 1031 -1472 675 -2502 -2619 -3240 -1066 -379 -696 -820 -216 3274 -5473 584 -1286 -1285 1669 -1134 2190 -319 2554 3687 758 -1438 -3814 792 1648 -3856 -4722 1346 -2163 -1337 -2547 -740 -1798 -692 -2107 -1867 38 -706 4203 1094 345 3696 3219 3210 1000 -532 -193 759 3277 -4716 3466 -182 782 3098 1167 3851 -890
-3274 -3318 1559 1303 872 -925 -1119 -29 -2141 -134 -3875 1045 2031 197 -1249 -1869 2581 -4438 -346 -680 -2135 -93 685 211 410 -518 1645 604 -3774 -1664 968 2311 -4811 -1493 -299 -4043 -739 -2043 385 488 -2452 726 -2757 1339 1365 1889 1742 1424 657 3266 1282 1345 -518 -617 -875 2265 -2288 1478 -667 -1149 1556 1885 4815 1248
-3274 -3318 1559 1303 872 -925 -1119 -29 -2141 -134 -3875 1045 2031 197 -1249 -1869 2581 -4438 -346 -680 -2135 -93 685 211 410 -518 1645 604 -3774 -1664 968 2311 -4811 -1493 -299 -4043 -739 -2043 385 488 -2452 726 -2757 1339 1365 1889 1742 1424 657 3266 1282 1345 -518 -617 -875 2265 -2288 1478 -667 -1149 1556 1885 4815 1248
-3274 -3318 1559 1303 872 -925 -1119 -29 -2141 -134 -3875 1045 2031 197 -1249 -1869 2581 -4438 -346 -680 -2135 -93 685 211 410 -518 1645 604 -3774 -1664 968 2311 -4811 -1493 -299 -4043 -739 -2043 385 488 -2452 726 -2757 1339 1365 1889 1742 1424 657 3266 1282 1345 -518 -617 -875 2265 -2288 1478 -667 -1149 1556 1885 4815 1248
