-632 -1926 -1926 -1926 -1926 -1926 -1926 -1926 -1926 -1191 -1699 -1926 -1926 -1926 -1926 -1926 -1278 -903 -869 199 -1672 -1926 -1926 -1926 -1926 -1926 -225 -1940 -1926 -1926 -1926 -1926 -296 -1740 -1926 -1926 -1926 -1926 -1534 -1122 -1934 -1926 -1926 -1926 -1926 -616 -1817 -1926 -1926 -1926
-279 -1319 -1319 -1319 -1319 -1319 -1319 -1319 -1319 -937 -945 -1319 -1319 -1319 -1319 -1319 -816 -681 -927 -164 -984 -1319 -1319 -1319 -1319 -1319 -112 -1276 -1319 -1319 -1319 -1319 -237 -1242 -1319 -1319 -1319 -1319 -1127 -929 -1304 -1319 -1319 -1319 -1319 -284 -1549 -1319 -1319 -1319
-279 -1319 -1319 -1319 -1319 -1319 -1319 -1319 -1319 -937 -945 -1319 -1319 -1319 -1319 -1319 -816 -681 -927 -164 -984 -1319 -1319 -1319 -1319 -1319 -112 -1276 -1319 -1319 -1319 -1319 -237 -1242 -1319 -1319 -1319 -1319 -1127 -929 -1304 -1319 -1319 -1319 -1319 -284 -1549 -1319 -1319 -1319
-279 -1319 -1319 -1319 -1319 -1319 -1319 -1319 -1319 -937 -945 -1319 -1319 -1319 -1319 -1319 -816 -681 -927 -164 -984 -1319 -1319 -1319 -1319 -1319 -112 -1276 -1319 -1319 -1319 -1319 -237 -1242 -1319 -1319 -1319 -1319 -1127 -929 -1304 -1319 -1319 -1319 -1319 -284 -1549 -1319 -1319 -1319
-279 -1319 -1319 -1319 -1319 -1319 -1319 -1319 -1319 -937 -945 -1319 -1319 -1319 -1319 -1319 -816 -681 -927 -164 -984 -1319 -1319 -1319 -1319 -1319 -112 -1276 -1319 -1319 -1319 -1319 -237 -1242 -1319 -1319 -1319 -1319 -1127 -929 -1304 -1319 -1319 -1319 -1319 -284 -1549 -1319 -1319 -1319
-279 -1319 -1319 -1319 -1319 -1319 -1319 -1319 -1319 -937 -945 -1319 -1319 -1319 -1319 -1319 -816 -681 -927 -164 -984 -1319 -1319 -1319 -1319 -1319 -112 -1276 -1319 -1319 -1319 -1319 -237 -1242 -1319 -1319 -1319 -1319 -1127 -929 -1304 -1319 -1319 -1319 -1319 -284 -1549 -1319 -1319 -1319
-279 -1319 -1319 -1319 -1319 -1319 -1319 -1319 -1319 -937 -945 -1319 -1319 -1319 -1319 -1319 -816 -681 -927 -164 -984 -1319 -1319 -1319 -1319 -1319 -112 -1276 -1319 -1319 -1319 -1319 -237 -1242 -1319 -1319 -1319 -1319 -1127 -929 -1304 -1319 -1319 -1319 -1319 -284 -1549 -1319 -1319 -1319
-279 -1319 -1319 -1319 -1319 -1319 -1319 -1319 -1319 -937 -945 -1319 -1319 -1319 -1319 -1319 -816 -681 -927 -164 -984 -1319 -1319 -1319 -1319 -1319 -112 -1276 -1319 -1319 -1319 -1319 -237 -1242 -1319 -1319 -1319 -1319 -1127 -929 -1304 -1319 -1319 -1319 -1319 -284 -1549 -1319 -1319 -1319
-279 -1319 -1319 -1319 -1319 -1319 -1319 -1319 -1319 -937 -945 -1319 -1319 -1319 -1319 -1319 -816 -681 -927 -164 -984 -1319 -1319 -1319 -1319 -1319 -112 -1276 -1319 -1319 -1319 -1319 -237 -1242 -1319 -1319 -1319 -1319 -1127 -929 -1304 -1319 -1319 -1319 -1319 -284 -1549 -1319 -1319 -1319
-321 -1134 -1134 -1134 -1134 -1134 -1134 -1134 -1134 -663 -663 -1134 -1134 -1134 -1134 -1134 -842 -889 -1129 -295 -847 -1134 -1134 -1134 -1134 -1134 -253 -1110 -1134 -1134 -1134 -1134 -36 -1157 -1134 -1134 -1134 -1134 -896 -984 -1127 -1134 -1134 -1134 -1134 -502 -1514 -1134 -1134 -1134
55 -425 -425 -425 -425 -425 -425 -425 -425 -59 -165 -425 -425 -425 -425 -425 -116 -602 -893 -194 -466 -425 -425 -425 -425 -425 299 -400 -425 -425 -425 -425 531 -956 -425 -425 -425 -425 -273 -773 -414 -425 -425 -425 -425 347 -1197 -425 -425 -425
-279 -1319 -1319 -1319 -1319 -1319 -1319 -1319 -1319 -937 -945 -1319 -1319 -1319 -1319 -1319 -816 -681 -927 -164 -984 -1319 -1319 -1319 -1319 -1319 -112 -1276 -1319 -1319 -1319 -1319 -237 -1242 -1319 -1319 -1319 -1319 -1127 -929 -1304 -1319 -1319 -1319 -1319 -284 -1549 -1319 -1319 -1319
-279 -1319 -1319 -1319 -1319 -1319 -1319 -1319 -1319 -937 -945 -1319 -1319 -1319 -1319 -1319 -816 -681 -927 -164 -984 -1319 -1319 -1319 -1319 -1319 -112 -1276 -1319 -1319 -1319 -1319 -237 -1242 -1319 -1319 -1319 -1319 -1127 -929 -1304 -1319 -1319 -1319 -1319 -284 -1549 -1319 -1319 -1319
-279 -1319 -1319 -1319 -1319 -1319 -1319 -1319 -1319 -937 -945 -1319 -1319 -1319 -1319 -1319 -816 -681 -927 -164 -984 -1319 -1319 -1319 -1319 -1319 -112 -1276 -1319 -1319 -1319 -1319 -237 -1242 -1319 -1319 -1319 -1319 -1127 -929 -1304 -1319 -1319 -1319 -1319 -284 -1549 -1319 -1319 -1319
-279 -1319 -1319 -1319 -1319 -1319 -1319 -1319 -1319 -937 -945 -1319 -1319 -1319 -1319 -1319 -816 -681 -927 -164 -984 -1319 -1319 -1319 -1319 -1319 -112 -1276 -1319 -1319 -1319 -1319 -237 -1242 -1319 -1319 -1319 -1319 -1127 -929 -1304 -1319 -1319 -1319 -1319 -284 -1549 -1319 -1319 -1319
-279 -1319 -1319 -1319 -1319 -1319 -1319 -1319 -1319 -937 -945 -1319 -1319 -1319 -1319 -1319 -816 -681 -927 -164 -984 -1319 -1319 -1319 -1319 -1319 -112 -1276 -1319 -1319 -1319 -1319 -237 -1242 -1319 -1319 -1319 -1319 -1127 -929 -1304 -1319 -1319 -1319 -1319 -284 -1549 -1319 -1319 -1319
-567 -2072 -2072 -2072 -2072 -2072 -2072 -2072 -2072 -1633 -1802 -2072 -2072 -2072 -2072 -2072 -1249 -580 -682 111 -1768 -2072 -2072 -2072 -2072 -2072 25 -2090 -2072 -2072 -2072 -2072 -857 -1631 -2072 -2072 -2072 -2072 -1836 -720 -2074 -2072 -2072 -2072 -2072 -853 -1729 -2072 -2072 -2072
-866 -3085 -3085 -3085 -3085 -3085 -3085 -3085 -3085 -2691 -3000 -3085 -3085 -3085 -3085 -3085 -1830 -152 -158 524 -2464 -3085 -3085 -3085 -3085 -3085 -23 -3053 -3085 -3085 -3085 -3085 -1733 -1905 -3085 -3085 -3085 -3085 -2899 -674 -3069 -3085 -3085 -3085 -3085 -1203 -1712 -3085 -3085 -3085
-821 -2961 -2961 -2961 -2961 -2961 -2961 -2961 -2961 -2610 -2935 -2961 -2961 -2961 -2961 -2961 -1731 -93 -11 537 -2336 -2961 -2961 -2961 -2961 -2961 28 -2948 -2961 -2961 -2961 -2961 -1744 -1771 -2961 -2961 -2961 -2961 -2803 -538 -2954 -2961 -2961 -2961 -2961 -1061 -1596 -2961 -2961 -2961
-1076 -2783 -2783 -2783 -2783 -2783 -2783 -2783 -2783 -2309 -2662 -2783 -2783 -2783 -2783 -2783 -1795 -481 -355 263 -2193 -2783 -2783 -2783 -2783 -2783 -350 -2775 -2783 -2783 -2783 -2783 -1543 -1784 -2783 -2783 -2783 -2783 -2566 -847 -2779 -2783 -2783 -2783 -2783 -1411 -1672 -2783 -2783 -2783
-168 -1075 -1075 -1075 -1075 -1075 -1075 -1075 -1075 -664 -862 -1075 -1075 -1075 -1075 -1075 -434 -265 -744 39 -806 -1075 -1075 -1075 -1075 -1075 -48 -963 -1075 -1075 -1075 -1075 35 -1081 -1075 -1075 -1075 -1075 -914 -991 -1031 -1075 -1075 -1075 -1075 70 -1241 -1075 -1075 -1075
-279 -1319 -1319 -1319 -1319 -1319 -1319 -1319 -1319 -937 -945 -1319 -1319 -1319 -1319 -1319 -816 -681 -927 -164 -984 -1319 -1319 -1319 -1319 -1319 -112 -1276 -1319 -1319 -1319 -1319 -237 -1242 -1319 -1319 -1319 -1319 -1127 -929 -1304 -1319 -1319 -1319 -1319 -284 -1549 -1319 -1319 -1319
-279 -1319 -1319 -1319 -1319 -1319 -1319 -1319 -1319 -937 -945 -1319 -1319 -1319 -1319 -1319 -816 -681 -927 -164 -984 -1319 -1319 -1319 -1319 -1319 -112 -1276 -1319 -1319 -1319 -1319 -237 -1242 -1319 -1319 -1319 -1319 -1127 -929 -1304 -1319 -1319 -1319 -1319 -284 -1549 -1319 -1319 -1319
-279 -1319 -1319 -1319 -1319 -1319 -1319 -1319 -1319 -937 -945 -1319 -1319 -1319 -1319 -1319 -816 -681 -927 -164 -984 -1319 -1319 -1319 -1319 -1319 -112 -1276 -1319 -1319 -1319 -1319 -237 -1242 -1319 -1319 -1319 -1319 -1127 -929 -1304 -1319 -1319 -1319 -1319 -284 -1549 -1319 -1319 -1319
-279 -1319 -1319 -1319 -1319 -1319 -1319 -1319 -1319 -937 -945 -1319 -1319 -1319 -1319 -1319 -816 -681 -927 -164 -984 -1319 -1319 -1319 -1319 -1319 -112 -1276 -1319 -1319 -1319 -1319 -237 -1242 -1319 -1319 -1319 -1319 -1127 -929 -1304 -1319 -1319 -1319 -1319 -284 -1549 -1319 -1319 -1319
-279 -1319 -1319 -1319 -1319 -1319 -1319 -1319 -1319 -937 -945 -1319 -1319 -1319 -1319 -1319 -816 -681 -927 -164 -984 -1319 -1319 -1319 -1319 -1319 -112 -1276 -1319 -1319 -1319 -1319 -237 -1242 -1319 -1319 -1319 -1319 -1127 -929 -1304 -1319 -1319 -1319 -1319 -284 -1549 -1319 -1319 -1319
-809 -2354 -2354 -2354 -2354 -2354 -2354 -2354 -2354 -1677 -2360 -2354 -2354 -2354 -2354 -2354 -1394 -723 -410 406 -2143 -2354 -2354 -2354 -2354 -2354 228 -2439 -2354 -2354 -2354 -2354 -950 -1881 -2354 -2354 -2354 -2354 -1995 -622 -2390 -2354 -2354 -2354 -2354 -912 -1778 -2354 -2354 -2354
-378 -1505 -1505 -1505 -1505 -1505 -1505 -1505 -1505 -1052 -1099 -1505 -1505 -1505 -1505 -1505 -974 -729 -1029 -139 -1126 -1505 -1505 -1505 -1505 -1505 -321 -1446 -1505 -1505 -1505 -1505 -288 -1361 -1505 -1505 -1505 -1505 -1262 -1117 -1483 -1505 -1505 -1505 -1505 -421 -1677 -1505 -1505 -1505
-279 -1319 -1319 -1319 -1319 -1319 -1319 -1319 -1319 -937 -945 -1319 -1319 -1319 -1319 -1319 -816 -681 -927 -164 -984 -1319 -1319 -1319 -1319 -1319 -112 -1276 -1319 -1319 -1319 -1319 -237 -1242 -1319 -1319 -1319 -1319 -1127 -929 -1304 -1319 -1319 -1319 -1319 -284 -1549 -1319 -1319 -1319
-279 -1319 -1319 -1319 -1319 -1319 -1319 -1319 -1319 -937 -945 -1319 -1319 -1319 -1319 -1319 -816 -681 -927 -164 -984 -1319 -1319 -1319 -1319 -1319 -112 -1276 -1319 -1319 -1319 -1319 -237 -1242 -1319 -1319 -1319 -1319 -1127 -929 -1304 -1319 -1319 -1319 -1319 -284 -1549 -1319 -1319 -1319
-279 -1319 -1319 -1319 -1319 -1319 -1319 -1319 -1319 -937 -945 -1319 -1319 -1319 -1319 -1319 -816 -681 -927 -164 -984 -1319 -1319 -1319 -1319 -1319 -112 -1276 -1319 -1319 -1319 -1319 -237 -1242 -1319 -1319 -1319 -1319 -1127 -929 -1304 -1319 -1319 -1319 -1319 -284 -1549 -1319 -1319 -1319
-279 -1319 -1319 -1319 -1319 -1319 -1319 -1319 -1319 -937 -945 -1319 -1319 -1319 -1319 -1319 -816 -681 -927 -164 -984 -1319 -1319 -1319 -1319 -1319 -112 -1276 -1319 -1319 -1319 -1319 -237 -1242 -1319 -1319 -1319 -1319 -1127 -929 -1304 -1319 -1319 -1319 -1319 -284 -1549 -1319 -1319 -1319
-1042 -1631 -1631 -1631 -1631 -1631 -1631 -1631 -1631 -929 -1164 -1631 -1631 -1631 -1631 -1631 -1315 -1463 -1626 -537 -1382 -1631 -1631 -1631 -1631 -1631 -1166 -1619 -1631 -1631 -1631 -1631 -259 -1732 -1631 -1631 -1631 -1631 -1224 -1786 -1629 -1631 -1631 -1631 -1631 -1092 -2125 -1631 -1631 -1631
-258 -1402 -1402 -1402 -1402 -1402 -1402 -1402 -1402 -1134 -1274 -1402 -1402 -1402 -1402 -1402 -666 -117 -420 134 -999 -1402 -1402 -1402 -1402 -1402 128 -1306 -1402 -1402 -1402 -1402 -415 -1079 -1402 -1402 -1402 -1402 -1323 -694 -1365 -1402 -1402 -1402 -1402 37 -1131 -1402 -1402 -1402
-279 -1319 -1319 -1319 -1319 -1319 -1319 -1319 -1319 -937 -945 -1319 -1319 -1319 -1319 -1319 -816 -681 -927 -164 -984 -1319 -1319 -1319 -1319 -1319 -112 -1276 -1319 -1319 -1319 -1319 -237 -1242 -1319 -1319 -1319 -1319 -1127 -929 -1304 -1319 -1319 -1319 -1319 -284 -1549 -1319 -1319 -1319
-279 -1319 -1319 -1319 -1319 -1319 -1319 -1319 -1319 -937 -945 -1319 -1319 -1319 -1319 -1319 -816 -681 -927 -164 -984 -1319 -1319 -1319 -1319 -1319 -112 -1276 -1319 -1319 -1319 -1319 -237 -1242 -1319 -1319 -1319 -1319 -1127 -929 -1304 -1319 -1319 -1319 -1319 -284 -1549 -1319 -1319 -1319
-279 -1319 -1319 -1319 -1319 -1319 -1319 -1319 -1319 -937 -945 -1319 -1319 -1319 -1319 -1319 -816 -681 -927 -164 -984 -1319 -1319 -1319 -1319 -1319 -112 -1276 -1319 -1319 -1319 -1319 -237 -1242 -1319 -1319 -1319 -1319 -1127 -929 -1304 -1319 -1319 -1319 -1319 -284 -1549 -1319 -1319 -1319
-279 -1319 -1319 -1319 -1319 -1319 -1319 -1319 -1319 -937 -945 -1319 -1319 -1319 -1319 -1319 -816 -681 -927 -164 -984 -1319 -1319 -1319 -1319 -1319 -112 -1276 -1319 -1319 -1319 -1319 -237 -1242 -1319 -1319 -1319 -1319 -1127 -929 -1304 -1319 -1319 -1319 -1319 -284 -1549 -1319 -1319 -1319
-309 -1145 -1145 -1145 -1145 -1145 -1145 -1145 -1145 -753 -744 -1145 -1145 -1145 -1145 -1145 -753 -762 -1020 -275 -886 -1145 -1145 -1145 -1145 -1145 -148 -1111 -1145 -1145 -1145 -1145 -111 -1193 -1145 -1145 -1145 -1145 -960 -963 -1132 -1145 -1145 -1145 -1145 -345 -1507 -1145 -1145 -1145
92 -1024 -1024 -1024 -1024 -1024 -1024 -1024 -1024 -902 -1297 -1024 -1024 -1024 -1024 -1024 -150 341 577 610 -928 -1024 -1024 -1024 -1024 -1024 1537 -1054 -1024 -1024 -1024 -1024 -493 -743 -1024 -1024 -1024 -1024 -1083 506 -1037 -1024 -1024 -1024 -1024 314 -413 -1024 -1024 -1024
-308 -1390 -1390 -1390 -1390 -1390 -1390 -1390 -1390 -973 -1004 -1390 -1390 -1390 -1390 -1390 -869 -695 -964 -140 -1043 -1390 -1390 -1390 -1390 -1390 -179 -1340 -1390 -1390 -1390 -1390 -246 -1292 -1390 -1390 -1390 -1390 -1174 -1001 -1372 -1390 -1390 -1390 -1390 -339 -1599 -1390 -1390 -1390
-279 -1319 -1319 -1319 -1319 -1319 -1319 -1319 -1319 -937 -945 -1319 -1319 -1319 -1319 -1319 -816 -681 -927 -164 -984 -1319 -1319 -1319 -1319 -1319 -112 -1276 -1319 -1319 -1319 -1319 -237 -1242 -1319 -1319 -1319 -1319 -1127 -929 -1304 -1319 -1319 -1319 -1319 -284 -1549 -1319 -1319 -1319
-279 -1319 -1319 -1319 -1319 -1319 -1319 -1319 -1319 -937 -945 -1319 -1319 -1319 -1319 -1319 -816 -681 -927 -164 -984 -1319 -1319 -1319 -1319 -1319 -112 -1276 -1319 -1319 -1319 -1319 -237 -1242 -1319 -1319 -1319 -1319 -1127 -929 -1304 -1319 -1319 -1319 -1319 -284 -1549 -1319 -1319 -1319
-279 -1319 -1319 -1319 -1319 -1319 -1319 -1319 -1319 -937 -945 -1319 -1319 -1319 -1319 -1319 -816 -681 -927 -164 -984 -1319 -1319 -1319 -1319 -1319 -112 -1276 -1319 -1319 -1319 -1319 -237 -1242 -1319 -1319 -1319 -1319 -1127 -929 -1304 -1319 -1319 -1319 -1319 -284 -1549 -1319 -1319 -1319
-279 -1319 -1319 -1319 -1319 -1319 -1319 -1319 -1319 -937 -945 -1319 -1319 -1319 -1319 -1319 -816 -681 -927 -164 -984 -1319 -1319 -1319 -1319 -1319 -112 -1276 -1319 -1319 -1319 -1319 -237 -1242 -1319 -1319 -1319 -1319 -1127 -929 -1304 -1319 -1319 -1319 -1319 -284 -1549 -1319 -1319 -1319
-1122 -2604 -2604 -2604 -2604 -2604 -2604 -2604 -2604 -2072 -2410 -2604 -2604 -2604 -2604 -2604 -1527 -818 -920 -18 -2247 -2604 -2604 -2604 -2604 -2604 -768 -2589 -2604 -2604 -2604 -2604 -1222 -2161 -2604 -2604 -2604 -2604 -2310 -1543 -2597 -2604 -2604 -2604 -2604 -1148 -2283 -2604 -2604 -2604
-352 -2152 -2152 -2152 -2152 -2152 -2152 -2152 -2152 -1741 -1909 -2152 -2152 -2152 -2152 -2152 -1302 -206 -343 419 -1404 -2152 -2152 -2152 -2152 -2152 -99 -2062 -2152 -2152 -2152 -2152 -884 -1243 -2152 -2152 -2152 -2152 -1946 -665 -2123 -2152 -2152 -2152 -2152 -501 -1325 -2152 -2152 -2152
-279 -1319 -1319 -1319 -1319 -1319 -1319 -1319 -1319 -937 -945 -1319 -1319 -1319 -1319 -1319 -816 -681 -927 -164 -984 -1319 -1319 -1319 -1319 -1319 -112 -1276 -1319 -1319 -1319 -1319 -237 -1242 -1319 -1319 -1319 -1319 -1127 -929 -1304 -1319 -1319 -1319 -1319 -284 -1549 -1319 -1319 -1319
-279 -1319 -1319 -1319 -1319 -1319 -1319 -1319 -1319 -937 -945 -1319 -1319 -1319 -1319 -1319 -816 -681 -927 -164 -984 -1319 -1319 -1319 -1319 -1319 -112 -1276 -1319 -1319 -1319 -1319 -237 -1242 -1319 -1319 -1319 -1319 -1127 -929 -1304 -1319 -1319 -1319 -1319 -284 -1549 -1319 -1319 -1319
-279 -1319 -1319 -1319 -1319 -1319 -1319 -1319 -1319 -937 -945 -1319 -1319 -1319 -1319 -1319 -816 -681 -927 -164 -984 -1319 -1319 -1319 -1319 -1319 -112 -1276 -1319 -1319 -1319 -1319 -237 -1242 -1319 -1319 -1319 -1319 -1127 -929 -1304 -1319 -1319 -1319 -1319 -284 -1549 -1319 -1319 -1319
