1115 1514 1514 1514 1514 1514 1514 1514 1514 1506 963 1514 1514 1514 1514 1514 1742 1278 1773 1282 1298 1514 1514 1514 1514 1514 1596 1474 1514 1514 1514 1514 1218 1023 1514 1514 1514 1514 1484 983 1508 1514 1514 1514 1514 1999 1478 1514 1514 1514
1128 1361 1361 1361 1361 1361 1361 1361 1361 1437 853 1361 1361 1361 1361 1361 1773 1250 1300 1019 1007 1361 1361 1361 1361 1361 1210 1337 1361 1361 1361 1361 1300 705 1361 1361 1361 1361 1331 521 1365 1361 1361 1361 1361 1962 1029 1361 1361 1361
1128 1361 1361 1361 1361 1361 1361 1361 1361 1437 853 1361 1361 1361 1361 1361 1773 1250 1300 1019 1007 1361 1361 1361 1361 1361 1210 1337 1361 1361 1361 1361 1300 705 1361 1361 1361 1361 1331 521 1365 1361 1361 1361 1361 1962 1029 1361 1361 1361
1128 1361 1361 1361 1361 1361 1361 1361 1361 1437 853 1361 1361 1361 1361 1361 1773 1250 1300 1019 1007 1361 1361 1361 1361 1361 1210 1337 1361 1361 1361 1361 1300 705 1361 1361 1361 1361 1331 521 1365 1361 1361 1361 1361 1962 1029 1361 1361 1361
1128 1361 1361 1361 1361 1361 1361 1361 1361 1437 853 1361 1361 1361 1361 1361 1773 1250 1300 1019 1007 1361 1361 1361 1361 1361 1210 1337 1361 1361 1361 1361 1300 705 1361 1361 1361 1361 1331 521 1365 1361 1361 1361 1361 1962 1029 1361 1361 1361
1128 1361 1361 1361 1361 1361 1361 1361 1361 1437 853 1361 1361 1361 1361 1361 1773 1250 1300 1019 1007 1361 1361 1361 1361 1361 1210 1337 1361 1361 1361 1361 1300 705 1361 1361 1361 1361 1331 521 1365 1361 1361 1361 1361 1962 1029 1361 1361 1361
1128 1361 1361 1361 1361 1361 1361 1361 1361 1437 853 1361 1361 1361 1361 1361 1773 1250 1300 1019 1007 1361 1361 1361 1361 1361 1210 1337 1361 1361 1361 1361 1300 705 1361 1361 1361 1361 1331 521 1365 1361 1361 1361 1361 1962 1029 1361 1361 1361
1128 1361 1361 1361 1361 1361 1361 1361 1361 1437 853 1361 1361 1361 1361 1361 1773 1250 1300 1019 1007 1361 1361 1361 1361 1361 1210 1337 1361 1361 1361 1361 1300 705 1361 1361 1361 1361 1331 521 1365 1361 1361 1361 1361 1962 1029 1361 1361 1361
1128 1361 1361 1361 1361 1361 1361 1361 1361 1437 853 1361 1361 1361 1361 1361 1773 1250 1300 1019 1007 1361 1361 1361 1361 1361 1210 1337 1361 1361 1361 1361 1300 705 1361 1361 1361 1361 1331 521 1365 1361 1361 1361 1361 1962 1029 1361 1361 1361
1651 1433 1433 1433 1433 1433 1433 1433 1433 1564 988 1433 1433 1433 1433 1433 1898 1473 1679 1386 1299 1433 1433 1433 1433 1433 1917 1376 1433 1433 1433 1433 1382 1083 1433 1433 1433 1433 1449 1401 1427 1433 1433 1433 1433 2008 1349 1433 1433 1433
829 1554 1554 1554 1554 1554 1554 1554 1554 1497 1043 1554 1554 1554 1554 1554 1612 949 1112 610 1225 1554 1554 1554 1554 1554 924 1512 1554 1554 1554 1554 1147 775 1554 1554 1554 1554 1474 349 1555 1554 1554 1554 1554 1848 1061 1554 1554 1554
1128 1361 1361 1361 1361 1361 1361 1361 1361 1437 853 1361 1361 1361 1361 1361 1773 1250 1300 1019 1007 1361 1361 1361 1361 1361 1210 1337 1361 1361 1361 1361 1300 705 1361 1361 1361 1361 1331 521 1365 1361 1361 1361 1361 1962 1029 1361 1361 1361
1128 1361 1361 1361 1361 1361 1361 1361 1361 1437 853 1361 1361 1361 1361 1361 1773 1250 1300 1019 1007 1361 1361 1361 1361 1361 1210 1337 1361 1361 1361 1361 1300 705 1361 1361 1361 1361 1331 521 1365 1361 1361 1361 1361 1962 1029 1361 1361 1361
1128 1361 1361 1361 1361 1361 1361 1361 1361 1437 853 1361 1361 1361 1361 1361 1773 1250 1300 1019 1007 1361 1361 1361 1361 1361 1210 1337 1361 1361 1361 1361 1300 705 1361 1361 1361 1361 1331 521 1365 1361 1361 1361 1361 1962 1029 1361 1361 1361
1128 1361 1361 1361 1361 1361 1361 1361 1361 1437 853 1361 1361 1361 1361 1361 1773 1250 1300 1019 1007 1361 1361 1361 1361 1361 1210 1337 1361 1361 1361 1361 1300 705 1361 1361 1361 1361 1331 521 1365 1361 1361 1361 1361 1962 1029 1361 1361 1361
1128 1361 1361 1361 1361 1361 1361 1361 1361 1437 853 1361 1361 1361 1361 1361 1773 1250 1300 1019 1007 1361 1361 1361 1361 1361 1210 1337 1361 1361 1361 1361 1300 705 1361 1361 1361 1361 1331 521 1365 1361 1361 1361 1361 1962 1029 1361 1361 1361
2400 1718 1718 1718 1718 1718 1718 1718 1718 1963 1439 1718 1718 1718 1718 1718 2299 1913 2166 2067 1694 1718 1718 1718 1718 1718 2727 1650 1718 1718 1718 1718 1915 1619 1718 1718 1718 1718 1797 2277 1700 1718 1718 1718 1718 2322 1820 1718 1718 1718
1411 1390 1390 1390 1390 1390 1390 1390 1390 1221 1160 1390 1390 1390 1390 1390 1576 1299 1771 1339 1448 1390 1390 1390 1390 1390 2097 1300 1390 1390 1390 1390 951 1222 1390 1390 1390 1390 1250 1931 1361 1390 1390 1390 1390 1957 1338 1390 1390 1390
1329 1684 1684 1684 1684 1684 1684 1684 1684 1490 1287 1684 1684 1684 1684 1684 1787 1334 1904 1324 1667 1684 1684 1684 1684 1684 1940 1620 1684 1684 1684 1684 1116 1302 1684 1684 1684 1684 1531 1617 1665 1684 1684 1684 1684 2178 1530 1684 1684 1684
1423 1230 1230 1230 1230 1230 1230 1230 1230 1139 1106 1230 1230 1230 1230 1230 1214 937 1540 1014 1440 1230 1230 1230 1230 1230 2278 1105 1230 1230 1230 1230 698 1192 1230 1230 1230 1230 1131 2223 1196 1230 1230 1230 1230 1448 1262 1230 1230 1230
-496 1407 1407 1407 1407 1407 1407 1407 1407 1034 375 1407 1407 1407 1407 1407 1734 1032 1094 343 639 1407 1407 1407 1407 1407 -478 1407 1407 1407 1407 1407 636 -11 1407 1407 1407 1407 1177 -1309 1426 1407 1407 1407 1407 2371 480 1407 1407 1407
1128 1361 1361 1361 1361 1361 1361 1361 1361 1437 853 1361 1361 1361 1361 1361 1773 1250 1300 1019 1007 1361 1361 1361 1361 1361 1210 1337 1361 1361 1361 1361 1300 705 1361 1361 1361 1361 1331 521 1365 1361 1361 1361 1361 1962 1029 1361 1361 1361
1128 1361 1361 1361 1361 1361 1361 1361 1361 1437 853 1361 1361 1361 1361 1361 1773 1250 1300 1019 1007 1361 1361 1361 1361 1361 1210 1337 1361 1361 1361 1361 1300 705 1361 1361 1361 1361 1331 521 1365 1361 1361 1361 1361 1962 1029 1361 1361 1361
1128 1361 1361 1361 1361 1361 1361 1361 1361 1437 853 1361 1361 1361 1361 1361 1773 1250 1300 1019 1007 1361 1361 1361 1361 1361 1210 1337 1361 1361 1361 1361 1300 705 1361 1361 1361 1361 1331 521 1365 1361 1361 1361 1361 1962 1029 1361 1361 1361
1128 1361 1361 1361 1361 1361 1361 1361 1361 1437 853 1361 1361 1361 1361 1361 1773 1250 1300 1019 1007 1361 1361 1361 1361 1361 1210 1337 1361 1361 1361 1361 1300 705 1361 1361 1361 1361 1331 521 1365 1361 1361 1361 1361 1962 1029 1361 1361 1361
1128 1361 1361 1361 1361 1361 1361 1361 1361 1437 853 1361 1361 1361 1361 1361 1773 1250 1300 1019 1007 1361 1361 1361 1361 1361 1210 1337 1361 1361 1361 1361 1300 705 1361 1361 1361 1361 1331 521 1365 1361 1361 1361 1361 1962 1029 1361 1361 1361
2576 2594 2594 2594 2594 2594 2594 2594 2594 2777 2283 2594 2594 2594 2594 2594 2574 1794 2628 2232 2572 2594 2594 2594 2594 2594 3258 2501 2594 2594 2594 2594 2489 2307 2594 2594 2594 2594 2686 2711 2567 2594 2594 2594 2594 2652 2706 2594 2594 2594
1056 1303 1303 1303 1303 1303 1303 1303 1303 1352 777 1303 1303 1303 1303 1303 1745 1266 1272 1008 932 1303 1303 1303 1303 1303 1156 1275 1303 1303 1303 1303 1239 631 1303 1303 1303 1303 1258 481 1307 1303 1303 1303 1303 1992 940 1303 1303 1303
1128 1361 1361 1361 1361 1361 1361 1361 1361 1437 853 1361 1361 1361 1361 1361 1773 1250 1300 1019 1007 1361 1361 1361 1361 1361 1210 1337 1361 1361 1361 1361 1300 705 1361 1361 1361 1361 1331 521 1365 1361 1361 1361 1361 1962 1029 1361 1361 1361
1128 1361 1361 1361 1361 1361 1361 1361 1361 1437 853 1361 1361 1361 1361 1361 1773 1250 1300 1019 1007 1361 1361 1361 1361 1361 1210 1337 1361 1361 1361 1361 1300 705 1361 1361 1361 1361 1331 521 1365 1361 1361 1361 1361 1962 1029 1361 1361 1361
1128 1361 1361 1361 1361 1361 1361 1361 1361 1437 853 1361 1361 1361 1361 1361 1773 1250 1300 1019 1007 1361 1361 1361 1361 1361 1210 1337 1361 1361 1361 1361 1300 705 1361 1361 1361 1361 1331 521 1365 1361 1361 1361 1361 1962 1029 1361 1361 1361
1128 1361 1361 1361 1361 1361 1361 1361 1361 1437 853 1361 1361 1361 1361 1361 1773 1250 1300 1019 1007 1361 1361 1361 1361 1361 1210 1337 1361 1361 1361 1361 1300 705 1361 1361 1361 1361 1331 521 1365 1361 1361 1361 1361 1962 1029 1361 1361 1361
1337 1057 1057 1057 1057 1057 1057 1057 1057 1338 804 1057 1057 1057 1057 1057 1205 841 1037 838 993 1057 1057 1057 1057 1057 1565 1015 1057 1057 1057 1057 1116 817 1057 1057 1057 1057 1148 1097 1057 1057 1057 1057 1057 1083 1059 1057 1057 1057
-760 1282 1282 1282 1282 1282 1282 1282 1282 734 335 1282 1282 1282 1282 1282 1431 758 1014 133 622 1282 1282 1282 1282 1282 -555 1270 1282 1282 1282 1282 283 -87 1282 1282 1282 1282 960 -1262 1291 1282 1282 1282 1282 2272 365 1282 1282 1282
1128 1361 1361 1361 1361 1361 1361 1361 1361 1437 853 1361 1361 1361 1361 1361 1773 1250 1300 1019 1007 1361 1361 1361 1361 1361 1210 1337 1361 1361 1361 1361 1300 705 1361 1361 1361 1361 1331 521 1365 1361 1361 1361 1361 1962 1029 1361 1361 1361
1128 1361 1361 1361 1361 1361 1361 1361 1361 1437 853 1361 1361 1361 1361 1361 1773 1250 1300 1019 1007 1361 1361 1361 1361 1361 1210 1337 1361 1361 1361 1361 1300 705 1361 1361 1361 1361 1331 521 1365 1361 1361 1361 1361 1962 1029 1361 1361 1361
1128 1361 1361 1361 1361 1361 1361 1361 1361 1437 853 1361 1361 1361 1361 1361 1773 1250 1300 1019 1007 1361 1361 1361 1361 1361 1210 1337 1361 1361 1361 1361 1300 705 1361 1361 1361 1361 1331 521 1365 1361 1361 1361 1361 1962 1029 1361 1361 1361
1128 1361 1361 1361 1361 1361 1361 1361 1361 1437 853 1361 1361 1361 1361 1361 1773 1250 1300 1019 1007 1361 1361 1361 1361 1361 1210 1337 1361 1361 1361 1361 1300 705 1361 1361 1361 1361 1331 521 1365 1361 1361 1361 1361 1962 1029 1361 1361 1361
1375 1335 1335 1335 1335 1335 1335 1335 1335 1438 927 1335 1335 1335 1335 1335 1707 1219 1333 1047 1108 1335 1335 1335 1335 1335 1603 1277 1335 1335 1335 1335 1268 836 1335 1335 1335 1335 1320 1025 1330 1335 1335 1335 1335 1864 1084 1335 1335 1335
524 2091 2091 2091 2091 2091 2091 2091 2091 1776 1371 2091 2091 2091 2091 2091 2031 1097 1920 1109 1680 2091 2091 2091 2091 2091 1040 2045 2091 2091 2091 2091 1334 1026 2091 2091 2091 2091 1946 287 2079 2091 2091 2091 2091 2720 1547 2091 2091 2091
1117 1345 1345 1345 1345 1345 1345 1345 1345 1418 835 1345 1345 1345 1345 1345 1772 1260 1296 1034 983 1345 1345 1345 1345 1345 1202 1319 1345 1345 1345 1345 1300 683 1345 1345 1345 1345 1314 512 1349 1345 1345 1345 1345 1983 1002 1345 1345 1345
1128 1361 1361 1361 1361 1361 1361 1361 1361 1437 853 1361 1361 1361 1361 1361 1773 1250 1300 1019 1007 1361 1361 1361 1361 1361 1210 1337 1361 1361 1361 1361 1300 705 1361 1361 1361 1361 1331 521 1365 1361 1361 1361 1361 1962 1029 1361 1361 1361
1128 1361 1361 1361 1361 1361 1361 1361 1361 1437 853 1361 1361 1361 1361 1361 1773 1250 1300 1019 1007 1361 1361 1361 1361 1361 1210 1337 1361 1361 1361 1361 1300 705 1361 1361 1361 1361 1331 521 1365 1361 1361 1361 1361 1962 1029 1361 1361 1361
1128 1361 1361 1361 1361 1361 1361 1361 1361 1437 853 1361 1361 1361 1361 1361 1773 1250 1300 1019 1007 1361 1361 1361 1361 1361 1210 1337 1361 1361 1361 1361 1300 705 1361 1361 1361 1361 1331 521 1365 1361 1361 1361 1361 1962 1029 1361 1361 1361
1128 1361 1361 1361 1361 1361 1361 1361 1361 1437 853 1361 1361 1361 1361 1361 1773 1250 1300 1019 1007 1361 1361 1361 1361 1361 1210 1337 1361 1361 1361 1361 1300 705 1361 1361 1361 1361 1331 521 1365 1361 1361 1361 1361 1962 1029 1361 1361 1361
1495 1227 1227 1227 1227 1227 1227 1227 1227 1647 953 1227 1227 1227 1227 1227 1509 1025 1088 1067 948 1227 1227 1227 1227 1227 1620 1215 1227 1227 1227 1227 1591 813 1227 1227 1227 1227 1370 858 1233 1227 1227 1227 1227 1303 1134 1227 1227 1227
-245 1080 1080 1080 1080 1080 1080 1080 1080 710 261 1080 1080 1080 1080 1080 1420 912 1195 592 553 1080 1080 1080 1080 1080 42 1051 1080 1080 1080 1080 454 -1 1080 1080 1080 1080 855 -616 1083 1080 1080 1080 1080 2256 419 1080 1080 1080
1128 1361 1361 1361 1361 1361 1361 1361 1361 1437 853 1361 1361 1361 1361 1361 1773 1250 1300 1019 1007 1361 1361 1361 1361 1361 1210 1337 1361 1361 1361 1361 1300 705 1361 1361 1361 1361 1331 521 1365 1361 1361 1361 1361 1962 1029 1361 1361 1361
1128 1361 1361 1361 1361 1361 1361 1361 1361 1437 853 1361 1361 1361 1361 1361 1773 1250 1300 1019 1007 1361 1361 1361 1361 1361 1210 1337 1361 1361 1361 1361 1300 705 1361 1361 1361 1361 1331 521 1365 1361 1361 1361 1361 1962 1029 1361 1361 1361
1128 1361 1361 1361 1361 1361 1361 1361 1361 1437 853 1361 1361 1361 1361 1361 1773 1250 1300 1019 1007 1361 1361 1361 1361 1361 1210 1337 1361 1361 1361 1361 1300 705 1361 1361 1361 1361 1331 521 1365 1361 1361 1361 1361 1962 1029 1361 1361 1361
