-1595 -578 -578 -578 -578 -578 -578 -578 -578 -1104 -1053 -578 -578 -578 -578 -578 -462 -840 -1342 -1581 -2534 -578 -578 -578 -578 -578 -386 -582 -578 -578 -578 -578 -996 -2907 -578 -578 -578 -578 -838 -2202 -554 -578 -578 -578 -578 -127 -2468 -578 -578 -578
-940 -176 -176 -176 -176 -176 -176 -176 -176 -740 -654 -176 -176 -176 -176 -176 572 372 -46 -592 -1334 -176 -176 -176 -176 -176 326 -143 -176 -176 -176 -176 -839 -1563 -176 -176 -176 -176 -513 -926 -144 -176 -176 -176 -176 507 -1191 -176 -176 -176
-940 -176 -176 -176 -176 -176 -176 -176 -176 -740 -654 -176 -176 -176 -176 -176 572 372 -46 -592 -1334 -176 -176 -176 -176 -176 326 -143 -176 -176 -176 -176 -839 -1563 -176 -176 -176 -176 -513 -926 -144 -176 -176 -176 -176 507 -1191 -176 -176 -176
-940 -176 -176 -176 -176 -176 -176 -176 -176 -740 -654 -176 -176 -176 -176 -176 572 372 -46 -592 -1334 -176 -176 -176 -176 -176 326 -143 -176 -176 -176 -176 -839 -1563 -176 -176 -176 -176 -513 -926 -144 -176 -176 -176 -176 507 -1191 -176 -176 -176
-940 -176 -176 -176 -176 -176 -176 -176 -176 -740 -654 -176 -176 -176 -176 -176 572 372 -46 -592 -1334 -176 -176 -176 -176 -176 326 -143 -176 -176 -176 -176 -839 -1563 -176 -176 -176 -176 -513 -926 -144 -176 -176 -176 -176 507 -1191 -176 -176 -176
-940 -176 -176 -176 -176 -176 -176 -176 -176 -740 -654 -176 -176 -176 -176 -176 572 372 -46 -592 -1334 -176 -176 -176 -176 -176 326 -143 -176 -176 -176 -176 -839 -1563 -176 -176 -176 -176 -513 -926 -144 -176 -176 -176 -176 507 -1191 -176 -176 -176
-940 -176 -176 -176 -176 -176 -176 -176 -176 -740 -654 -176 -176 -176 -176 -176 572 372 -46 -592 -1334 -176 -176 -176 -176 -176 326 -143 -176 -176 -176 -176 -839 -1563 -176 -176 -176 -176 -513 -926 -144 -176 -176 -176 -176 507 -1191 -176 -176 -176
-940 -176 -176 -176 -176 -176 -176 -176 -176 -740 -654 -176 -176 -176 -176 -176 572 372 -46 -592 -1334 -176 -176 -176 -176 -176 326 -143 -176 -176 -176 -176 -839 -1563 -176 -176 -176 -176 -513 -926 -144 -176 -176 -176 -176 507 -1191 -176 -176 -176
-940 -176 -176 -176 -176 -176 -176 -176 -176 -740 -654 -176 -176 -176 -176 -176 572 372 -46 -592 -1334 -176 -176 -176 -176 -176 326 -143 -176 -176 -176 -176 -839 -1563 -176 -176 -176 -176 -513 -926 -144 -176 -176 -176 -176 507 -1191 -176 -176 -176
-756 39 39 39 39 39 39 39 39 -438 -517 39 39 39 39 39 887 558 179 -283 -1330 39 39 39 39 39 446 42 39 39 39 39 -510 -1557 39 39 39 39 -219 -879 59 39 39 39 39 850 -1094 39 39 39
-621 -101 -101 -101 -101 -101 -101 -101 -101 -537 -539 -101 -101 -101 -101 -101 798 550 5 -336 -1279 -101 -101 -101 -101 -101 280 -88 -101 -101 -101 -101 -513 -1475 -101 -101 -101 -101 -347 -851 -73 -101 -101 -101 -101 753 -1135 -101 -101 -101
-940 -176 -176 -176 -176 -176 -176 -176 -176 -740 -654 -176 -176 -176 -176 -176 572 372 -46 -592 -1334 -176 -176 -176 -176 -176 326 -143 -176 -176 -176 -176 -839 -1563 -176 -176 -176 -176 -513 -926 -144 -176 -176 -176 -176 507 -1191 -176 -176 -176
-940 -176 -176 -176 -176 -176 -176 -176 -176 -740 -654 -176 -176 -176 -176 -176 572 372 -46 -592 -1334 -176 -176 -176 -176 -176 326 -143 -176 -176 -176 -176 -839 -1563 -176 -176 -176 -176 -513 -926 -144 -176 -176 -176 -176 507 -1191 -176 -176 -176
-940 -176 -176 -176 -176 -176 -176 -176 -176 -740 -654 -176 -176 -176 -176 -176 572 372 -46 -592 -1334 -176 -176 -176 -176 -176 326 -143 -176 -176 -176 -176 -839 -1563 -176 -176 -176 -176 -513 -926 -144 -176 -176 -176 -176 507 -1191 -176 -176 -176
-940 -176 -176 -176 -176 -176 -176 -176 -176 -740 -654 -176 -176 -176 -176 -176 572 372 -46 -592 -1334 -176 -176 -176 -176 -176 326 -143 -176 -176 -176 -176 -839 -1563 -176 -176 -176 -176 -513 -926 -144 -176 -176 -176 -176 507 -1191 -176 -176 -176
-940 -176 -176 -176 -176 -176 -176 -176 -176 -740 -654 -176 -176 -176 -176 -176 572 372 -46 -592 -1334 -176 -176 -176 -176 -176 326 -143 -176 -176 -176 -176 -839 -1563 -176 -176 -176 -176 -513 -926 -144 -176 -176 -176 -176 507 -1191 -176 -176 -176
-1526 -229 -229 -229 -229 -229 -229 -229 -229 -884 -826 -229 -229 -229 -229 -229 15 -228 -484 -1074 -1888 -229 -229 -229 -229 -229 -105 -233 -229 -229 -229 -229 -949 -2168 -229 -229 -229 -229 -586 -1688 -212 -229 -229 -229 -229 278 -1668 -229 -229 -229
-1210 -209 -209 -209 -209 -209 -209 -209 -209 -770 -700 -209 -209 -209 -209 -209 -96 -50 -287 -672 -1564 -209 -209 -209 -209 -209 -10 -147 -209 -209 -209 -209 -774 -1779 -209 -209 -209 -209 -520 -1551 -180 -209 -209 -209 -209 163 -1383 -209 -209 -209
-1780 -620 -620 -620 -620 -620 -620 -620 -620 -1200 -1112 -620 -620 -620 -620 -620 -569 -618 -885 -1270 -2243 -620 -620 -620 -620 -620 -389 -536 -620 -620 -620 -620 -1172 -2563 -620 -620 -620 -620 -932 -2244 -578 -620 -620 -620 -620 -261 -2122 -620 -620 -620
-1334 -61 -61 -61 -61 -61 -61 -61 -61 -665 -742 -61 -61 -61 -61 -61 -35 -223 -434 -768 -2070 -61 -61 -61 -61 -61 -134 -59 -61 -61 -61 -61 -655 -2343 -61 -61 -61 -61 -321 -1901 -50 -61 -61 -61 -61 403 -1724 -61 -61 -61
-1256 -1033 -1033 -1033 -1033 -1033 -1033 -1033 -1033 -1638 -1270 -1033 -1033 -1033 -1033 -1033 -491 48 -572 -954 -1710 -1033 -1033 -1033 -1033 -1033 -412 -851 -1033 -1033 -1033 -1033 -1652 -1792 -1033 -1033 -1033 -1033 -1401 -1424 -949 -1033 -1033 -1033 -1033 -529 -1561 -1033 -1033 -1033
-940 -176 -176 -176 -176 -176 -176 -176 -176 -740 -654 -176 -176 -176 -176 -176 572 372 -46 -592 -1334 -176 -176 -176 -176 -176 326 -143 -176 -176 -176 -176 -839 -1563 -176 -176 -176 -176 -513 -926 -144 -176 -176 -176 -176 507 -1191 -176 -176 -176
-940 -176 -176 -176 -176 -176 -176 -176 -176 -740 -654 -176 -176 -176 -176 -176 572 372 -46 -592 -1334 -176 -176 -176 -176 -176 326 -143 -176 -176 -176 -176 -839 -1563 -176 -176 -176 -176 -513 -926 -144 -176 -176 -176 -176 507 -1191 -176 -176 -176
-940 -176 -176 -176 -176 -176 -176 -176 -176 -740 -654 -176 -176 -176 -176 -176 572 372 -46 -592 -1334 -176 -176 -176 -176 -176 326 -143 -176 -176 -176 -176 -839 -1563 -176 -176 -176 -176 -513 -926 -144 -176 -176 -176 -176 507 -1191 -176 -176 -176
-940 -176 -176 -176 -176 -176 -176 -176 -176 -740 -654 -176 -176 -176 -176 -176 572 372 -46 -592 -1334 -176 -176 -176 -176 -176 326 -143 -176 -176 -176 -176 -839 -1563 -176 -176 -176 -176 -513 -926 -144 -176 -176 -176 -176 507 -1191 -176 -176 -176
-940 -176 -176 -176 -176 -176 -176 -176 -176 -740 -654 -176 -176 -176 -176 -176 572 372 -46 -592 -1334 -176 -176 -176 -176 -176 326 -143 -176 -176 -176 -176 -839 -1563 -176 -176 -176 -176 -513 -926 -144 -176 -176 -176 -176 507 -1191 -176 -176 -176
-1355 -645 -645 -645 -645 -645 -645 -645 -645 -864 -1101 -645 -645 -645 -645 -645 -235 -1102 -1454 -1517 -2969 -645 -645 -645 -645 -645 -70 -764 -645 -645 -645 -645 -432 -3407 -645 -645 -645 -645 -739 -2256 -653 -645 -645 -645 -645 275 -2964 -645 -645 -645
-1008 -186 -186 -186 -186 -186 -186 -186 -186 -801 -674 -186 -186 -186 -186 -186 544 397 -47 -654 -1340 -186 -186 -186 -186 -186 312 -121 -186 -186 -186 -186 -957 -1578 -186 -186 -186 -186 -561 -1022 -145 -186 -186 -186 -186 426 -1196 -186 -186 -186
-940 -176 -176 -176 -176 -176 -176 -176 -176 -740 -654 -176 -176 -176 -176 -176 572 372 -46 -592 -1334 -176 -176 -176 -176 -176 326 -143 -176 -176 -176 -176 -839 -1563 -176 -176 -176 -176 -513 -926 -144 -176 -176 -176 -176 507 -1191 -176 -176 -176
-940 -176 -176 -176 -176 -176 -176 -176 -176 -740 -654 -176 -176 -176 -176 -176 572 372 -46 -592 -1334 -176 -176 -176 -176 -176 326 -143 -176 -176 -176 -176 -839 -1563 -176 -176 -176 -176 -513 -926 -144 -176 -176 -176 -176 507 -1191 -176 -176 -176
-940 -176 -176 -176 -176 -176 -176 -176 -176 -740 -654 -176 -176 -176 -176 -176 572 372 -46 -592 -1334 -176 -176 -176 -176 -176 326 -143 -176 -176 -176 -176 -839 -1563 -176 -176 -176 -176 -513 -926 -144 -176 -176 -176 -176 507 -1191 -176 -176 -176
-940 -176 -176 -176 -176 -176 -176 -176 -176 -740 -654 -176 -176 -176 -176 -176 572 372 -46 -592 -1334 -176 -176 -176 -176 -176 326 -143 -176 -176 -176 -176 -839 -1563 -176 -176 -176 -176 -513 -926 -144 -176 -176 -176 -176 507 -1191 -176 -176 -176
-907 386 386 386 386 386 386 386 386 -326 -450 386 386 386 386 386 991 395 47 -585 -1807 386 386 386 386 386 509 300 386 386 386 386 -522 -2086 386 386 386 386 59 -1112 377 386 386 386 386 1126 -1362 386 386 386
-1181 -975 -975 -975 -975 -975 -975 -975 -975 -1480 -1138 -975 -975 -975 -975 -975 -545 3 -625 -811 -1552 -975 -975 -975 -975 -975 -426 -785 -975 -975 -975 -975 -1434 -1676 -975 -975 -975 -975 -1269 -1403 -890 -975 -975 -975 -975 -536 -1533 -975 -975 -975
-940 -176 -176 -176 -176 -176 -176 -176 -176 -740 -654 -176 -176 -176 -176 -176 572 372 -46 -592 -1334 -176 -176 -176 -176 -176 326 -143 -176 -176 -176 -176 -839 -1563 -176 -176 -176 -176 -513 -926 -144 -176 -176 -176 -176 507 -1191 -176 -176 -176
-940 -176 -176 -176 -176 -176 -176 -176 -176 -740 -654 -176 -176 -176 -176 -176 572 372 -46 -592 -1334 -176 -176 -176 -176 -176 326 -143 -176 -176 -176 -176 -839 -1563 -176 -176 -176 -176 -513 -926 -144 -176 -176 -176 -176 507 -1191 -176 -176 -176
-940 -176 -176 -176 -176 -176 -176 -176 -176 -740 -654 -176 -176 -176 -176 -176 572 372 -46 -592 -1334 -176 -176 -176 -176 -176 326 -143 -176 -176 -176 -176 -839 -1563 -176 -176 -176 -176 -513 -926 -144 -176 -176 -176 -176 507 -1191 -176 -176 -176
-940 -176 -176 -176 -176 -176 -176 -176 -176 -740 -654 -176 -176 -176 -176 -176 572 372 -46 -592 -1334 -176 -176 -176 -176 -176 326 -143 -176 -176 -176 -176 -839 -1563 -176 -176 -176 -176 -513 -926 -144 -176 -176 -176 -176 507 -1191 -176 -176 -176
-901 -123 -123 -123 -123 -123 -123 -123 -123 -659 -678 -123 -123 -123 -123 -123 693 477 101 -407 -1428 -123 -123 -123 -123 -123 320 -109 -123 -123 -123 -123 -724 -1632 -123 -123 -123 -123 -420 -961 -99 -123 -123 -123 -123 691 -1173 -123 -123 -123
-929 -992 -992 -992 -992 -992 -992 -992 -992 -907 -970 -992 -992 -992 -992 -992 -661 -869 -1452 -953 -2084 -992 -992 -992 -992 -992 -506 -1002 -992 -992 -992 -992 -271 -2368 -992 -992 -992 -992 -929 -1739 -963 -992 -992 -992 -992 -215 -2368 -992 -992 -992
-936 -171 -171 -171 -171 -171 -171 -171 -171 -744 -651 -171 -171 -171 -171 -171 587 401 -25 -585 -1319 -171 -171 -171 -171 -171 347 -129 -171 -171 -171 -171 -858 -1549 -171 -171 -171 -171 -518 -930 -137 -171 -171 -171 -171 499 -1176 -171 -171 -171
-940 -176 -176 -176 -176 -176 -176 -176 -176 -740 -654 -176 -176 -176 -176 -176 572 372 -46 -592 -1334 -176 -176 -176 -176 -176 326 -143 -176 -176 -176 -176 -839 -1563 -176 -176 -176 -176 -513 -926 -144 -176 -176 -176 -176 507 -1191 -176 -176 -176
-940 -176 -176 -176 -176 -176 -176 -176 -176 -740 -654 -176 -176 -176 -176 -176 572 372 -46 -592 -1334 -176 -176 -176 -176 -176 326 -143 -176 -176 -176 -176 -839 -1563 -176 -176 -176 -176 -513 -926 -144 -176 -176 -176 -176 507 -1191 -176 -176 -176
-940 -176 -176 -176 -176 -176 -176 -176 -176 -740 -654 -176 -176 -176 -176 -176 572 372 -46 -592 -1334 -176 -176 -176 -176 -176 326 -143 -176 -176 -176 -176 -839 -1563 -176 -176 -176 -176 -513 -926 -144 -176 -176 -176 -176 507 -1191 -176 -176 -176
-940 -176 -176 -176 -176 -176 -176 -176 -176 -740 -654 -176 -176 -176 -176 -176 572 372 -46 -592 -1334 -176 -176 -176 -176 -176 326 -143 -176 -176 -176 -176 -839 -1563 -176 -176 -176 -176 -513 -926 -144 -176 -176 -176 -176 507 -1191 -176 -176 -176
-1536 -29 -29 -29 -29 -29 -29 -29 -29 -1032 -918 -29 -29 -29 -29 -29 60 -213 -456 -1354 -2412 -29 -29 -29 -29 -29 189 -127 -29 -29 -29 -29 -1254 -2598 -29 -29 -29 -29 -545 -1564 -40 -29 -29 -29 -29 442 -1814 -29 -29 -29
-1132 -528 -528 -528 -528 -528 -528 -528 -528 -994 -699 -528 -528 -528 -528 -528 -258 -144 -684 -890 -1220 -528 -528 -528 -528 -528 -111 -353 -528 -528 -528 -528 -1022 -1564 -528 -528 -528 -528 -820 -1370 -451 -528 -528 -528 -528 -297 -1446 -528 -528 -528
-940 -176 -176 -176 -176 -176 -176 -176 -176 -740 -654 -176 -176 -176 -176 -176 572 372 -46 -592 -1334 -176 -176 -176 -176 -176 326 -143 -176 -176 -176 -176 -839 -1563 -176 -176 -176 -176 -513 -926 -144 -176 -176 -176 -176 507 -1191 -176 -176 -176
-940 -176 -176 -176 -176 -176 -176 -176 -176 -740 -654 -176 -176 -176 -176 -176 572 372 -46 -592 -1334 -176 -176 -176 -176 -176 326 -143 -176 -176 -176 -176 -839 -1563 -176 -176 -176 -176 -513 -926 -144 -176 -176 -176 -176 507 -1191 -176 -176 -176
-940 -176 -176 -176 -176 -176 -176 -176 -176 -740 -654 -176 -176 -176 -176 -176 572 372 -46 -592 -1334 -176 -176 -176 -176 -176 326 -143 -176 -176 -176 -176 -839 -1563 -176 -176 -176 -176 -513 -926 -144 -176 -176 -176 -176 507 -1191 -176 -176 -176
