415 -2075 1513 -565 -2360 1702 738 -4043 -1540 1517 -678 -2128 407 526 1004 -527 -3203 1518 1728 5042 1040 1939 -3666 1431 -504 146 -1876 -211 -519 1122 333 -111 -42 2054 -1911 -3437 -423 210 2589 -1930 1265 -2431 -473 -597 -1729 -890 3023 8263 -1914 2613 -1930 -354 2073 1063 976 603 -1160 3029 -906 -225 -3360 3727 -1675 -353
215 663 2444 -1083 -1892 -52 755 -1780 -318 831 -1922 118 -760 -993 1174 -402 -3612 1608 34 3624 -674 2628 -3978 808 -960 2642 -3521 107 1586 1335 657 1033 -2109 2524 -614 -2949 1428 -1173 1462 -2173 1577 -1485 1194 1943 -1898 2821 2398 5778 -144 180 -1934 -101 -176 -1127 701 -734 755 4668 575 1096 -6004 569 -2332 -704
215 663 2444 -1083 -1892 -52 755 -1780 -318 831 -1922 118 -760 -993 1174 -402 -3612 1608 34 3624 -674 2628 -3978 808 -960 2642 -3521 107 1586 1335 657 1033 -2109 2524 -614 -2949 1428 -1173 1462 -2173 1577 -1485 1194 1943 -1898 2821 2398 5778 -144 180 -1934 -101 -176 -1127 701 -734 755 4668 575 1096 -6004 569 -2332 -704
215 663 2444 -1083 -1892 -52 755 -1780 -318 831 -1922 118 -760 -993 1174 -402 -3612 1608 34 3624 -674 2628 -3978 808 -960 2642 -3521 107 1586 1335 657 1033 -2109 2524 -614 -2949 1428 -1173 1462 -2173 1577 -1485 1194 1943 -1898 2821 2398 5778 -144 180 -1934 -101 -176 -1127 701 -734 755 4668 575 1096 -6004 569 -2332 -704
215 663 2444 -1083 -1892 -52 755 -1780 -318 831 -1922 118 -760 -993 1174 -402 -3612 1608 34 3624 -674 2628 -3978 808 -960 2642 -3521 107 1586 1335 657 1033 -2109 2524 -614 -2949 1428 -1173 1462 -2173 1577 -1485 1194 1943 -1898 2821 2398 5778 -144 180 -1934 -101 -176 -1127 701 -734 755 4668 575 1096 -6004 569 -2332 -704
215 663 2444 -1083 -1892 -52 755 -1780 -318 831 -1922 118 -760 -993 1174 -402 -3612 1608 34 3624 -674 2628 -3978 808 -960 2642 -3521 107 1586 1335 657 1033 -2109 2524 -614 -2949 1428 -1173 1462 -2173 1577 -1485 1194 1943 -1898 2821 2398 5778 -144 180 -1934 -101 -176 -1127 701 -734 755 4668 575 1096 -6004 569 -2332 -704
215 663 2444 -1083 -1892 -52 755 -1780 -318 831 -1922 118 -760 -993 1174 -402 -3612 1608 34 3624 -674 2628 -3978 808 -960 2642 -3521 107 1586 1335 657 1033 -2109 2524 -614 -2949 1428 -1173 1462 -2173 1577 -1485 1194 1943 -1898 2821 2398 5778 -144 180 -1934 -101 -176 -1127 701 -734 755 4668 575 1096 -6004 569 -2332 -704
215 663 2444 -1083 -1892 -52 755 -1780 -318 831 -1922 118 -760 -993 1174 -402 -3612 1608 34 3624 -674 2628 -3978 808 -960 2642 -3521 107 1586 1335 657 1033 -2109 2524 -614 -2949 1428 -1173 1462 -2173 1577 -1485 1194 1943 -1898 2821 2398 5778 -144 180 -1934 -101 -176 -1127 701 -734 755 4668 575 1096 -6004 569 -2332 -704
215 663 2444 -1083 -1892 -52 755 -1780 -318 831 -1922 118 -760 -993 1174 -402 -3612 1608 34 3624 -674 2628 -3978 808 -960 2642 -3521 107 1586 1335 657 1033 -2109 2524 -614 -2949 1428 -1173 1462 -2173 1577 -1485 1194 1943 -1898 2821 2398 5778 -144 180 -1934 -101 -176 -1127 701 -734 755 4668 575 1096 -6004 569 -2332 -704
-33 983 3083 -904 -2056 -850 121 -1975 -313 597 -2233 -813 -1896 -1119 726 -374 -2891 1413 43 2776 84 2801 -3894 -109 -211 1696 -3636 65 288 1438 192 1167 -1360 2565 -615 -2569 1613 -545 2412 -1937 1134 -1572 1025 2921 -1976 2046 3341 5290 -464 1246 -2131 -552 206 -952 729 -1026 596 3799 624 300 -5836 1259 -1889 -28
115 1316 2441 -397 -799 -1251 1633 -1645 389 412 -2121 125 -515 -355 1038 -743 -2815 1234 -939 3742 -422 1768 -4215 265 -1047 2171 -3505 402 289 1470 -165 563 -2028 1765 -758 -2666 1052 -806 805 -2505 1827 39 1381 1382 -2363 1963 3020 4744 -174 765 -955 -471 157 -830 -40 -1097 -184 4201 1445 899 -5666 -712 -2657 -2265
215 663 2444 -1083 -1892 -52 755 -1780 -318 831 -1922 118 -760 -993 1174 -402 -3612 1608 34 3624 -674 2628 -3978 808 -960 2642 -3521 107 1586 1335 657 1033 -2109 2524 -614 -2949 1428 -1173 1462 -2173 1577 -1485 1194 1943 -1898 2821 2398 5778 -144 180 -1934 -101 -176 -1127 701 -734 755 4668 575 1096 -6004 569 -2332 -704
215 663 2444 -1083 -1892 -52 755 -1780 -318 831 -1922 118 -760 -993 1174 -402 -3612 1608 34 3624 -674 2628 -3978 808 -960 2642 -3521 107 1586 1335 657 1033 -2109 2524 -614 -2949 1428 -1173 1462 -2173 1577 -1485 1194 1943 -1898 2821 2398 5778 -144 180 -1934 -101 -176 -1127 701 -734 755 4668 575 1096 -6004 569 -2332 -704
215 663 2444 -1083 -1892 -52 755 -1780 -318 831 -1922 118 -760 -993 1174 -402 -3612 1608 34 3624 -674 2628 -3978 808 -960 2642 -3521 107 1586 1335 657 1033 -2109 2524 -614 -2949 1428 -1173 1462 -2173 1577 -1485 1194 1943 -1898 2821 2398 5778 -144 180 -1934 -101 -176 -1127 701 -734 755 4668 575 1096 -6004 569 -2332 -704
215 663 2444 -1083 -1892 -52 755 -1780 -318 831 -1922 118 -760 -993 1174 -402 -3612 1608 34 3624 -674 2628 -3978 808 -960 2642 -3521 107 1586 1335 657 1033 -2109 2524 -614 -2949 1428 -1173 1462 -2173 1577 -1485 1194 1943 -1898 2821 2398 5778 -144 180 -1934 -101 -176 -1127 701 -734 755 4668 575 1096 -6004 569 -2332 -704
215 663 2444 -1083 -1892 -52 755 -1780 -318 831 -1922 118 -760 -993 1174 -402 -3612 1608 34 3624 -674 2628 -3978 808 -960 2642 -3521 107 1586 1335 657 1033 -2109 2524 -614 -2949 1428 -1173 1462 -2173 1577 -1485 1194 1943 -1898 2821 2398 5778 -144 180 -1934 -101 -176 -1127 701 -734 755 4668 575 1096 -6004 569 -2332 -704
294 -1026 1135 -1595 -2988 915 -217 -3095 -762 2241 -950 -1261 -1171 -1311 2005 -15 -4855 1782 934 3699 690 2825 -3380 1111 -784 1851 -2528 1326 1483 1602 706 988 -203 2921 -1512 -2744 875 -982 2529 -2535 -169 -3040 -1209 1599 -1167 1260 2018 7651 -1575 202 -3223 1043 805 -334 1420 -392 391 3904 -1490 50 -6536 3510 -1352 1229
920 -3800 -277 -1577 -3950 2599 372 -3581 -1375 2850 1377 -1640 347 -784 2116 -194 -3431 2170 3412 4740 17 2868 -2449 3181 793 -180 -1120 435 1890 1565 -266 -983 289 2295 -1652 -3495 -374 -152 3748 -2842 73 -4244 -2792 -96 -2123 -747 1386 9481 -1820 106 -3497 -431 2280 1978 1193 191 1460 2411 -3444 37 -5592 6544 -174 2407
1200 -4084 -550 -1510 -4229 2874 484 -3800 -1370 2320 1282 -1406 1828 -644 1942 334 -2888 2569 4050 4533 -1294 2734 -2911 3633 -59 -20 -1239 -162 1464 811 99 -1741 -236 2962 -1220 -3950 -1461 572 3200 -1994 370 -3714 -2604 -1412 -2038 501 953 8580 -1685 -180 -2731 -27 2220 1779 1289 1336 1791 2761 -2984 595 -3654 6390 -750 1846
563 -4022 567 -46 -4564 2354 -735 -3571 -1838 1270 996 -2386 664 -1801 1100 -356 -1826 3083 3678 3777 -204 3599 -2749 1638 1123 -1479 -1256 594 16 1105 -690 -597 558 2996 -1367 -2964 -586 691 4824 -1606 -325 -3318 -2740 -230 -2632 -851 1516 8996 -2624 682 -3217 -1469 2618 1411 527 -612 1786 1241 -4311 -168 -3852 7010 -865 1470
533 -1623 1994 -537 -1766 2196 2098 -2458 -909 985 -1130 -859 962 413 2033 -533 -2417 1216 327 5681 -1888 1143 -4480 3826 -14 1673 -3469 -1262 800 1418 -348 -2990 -3332 1233 -1052 -3911 -844 -1123 1545 -2664 1991 -1229 2045 -774 -3403 2054 1897 5339 -180 1219 -1658 -552 355 808 -758 1532 1319 4525 -841 1989 -3285 813 -3331 -324
215 663 2444 -1083 -1892 -52 755 -1780 -318 831 -1922 118 -760 -993 1174 -402 -3612 1608 34 3624 -674 2628 -3978 808 -960 2642 -3521 107 1586 1335 657 1033 -2109 2524 -614 -2949 1428 -1173 1462 -2173 1577 -1485 1194 1943 -1898 2821 2398 5778 -144 180 -1934 -101 -176 -1127 701 -734 755 4668 575 1096 -6004 569 -2332 -704
215 663 2444 -1083 -1892 -52 755 -1780 -318 831 -1922 118 -760 -993 1174 -402 -3612 1608 34 3624 -674 2628 -3978 808 -960 2642 -3521 107 1586 1335 657 1033 -2109 2524 -614 -2949 1428 -1173 1462 -2173 1577 -1485 1194 1943 -1898 2821 2398 5778 -144 180 -1934 -101 -176 -1127 701 -734 755 4668 575 1096 -6004 569 -2332 -704
215 663 2444 -1083 -1892 -52 755 -1780 -318 831 -1922 118 -760 -993 1174 -402 -3612 1608 34 3624 -674 2628 -3978 808 -960 2642 -3521 107 1586 1335 657 1033 -2109 2524 -614 -2949 1428 -1173 1462 -2173 1577 -1485 1194 1943 -1898 2821 2398 5778 -144 180 -1934 -101 -176 -1127 701 -734 755 4668 575 1096 -6004 569 -2332 -704
215 663 2444 -1083 -1892 -52 755 -1780 -318 831 -1922 118 -760 -993 1174 -402 -3612 1608 34 3624 -674 2628 -3978 808 -960 2642 -3521 107 1586 1335 657 1033 -2109 2524 -614 -2949 1428 -1173 1462 -2173 1577 -1485 1194 1943 -1898 2821 2398 5778 -144 180 -1934 -101 -176 -1127 701 -734 755 4668 575 1096 -6004 569 -2332 -704
215 663 2444 -1083 -1892 -52 755 -1780 -318 831 -1922 118 -760 -993 1174 -402 -3612 1608 34 3624 -674 2628 -3978 808 -960 2642 -3521 107 1586 1335 657 1033 -2109 2524 -614 -2949 1428 -1173 1462 -2173 1577 -1485 1194 1943 -1898 2821 2398 5778 -144 180 -1934 -101 -176 -1127 701 -734 755 4668 575 1096 -6004 569 -2332 -704
2370 -1093 -884 -2099 -2091 1723 884 -3625 -198 2834 264 -1049 2021 1913 22 -266 -3529 1335 1456 3723 2839 1088 -2291 51 -4042 1794 735 686 1583 -21 1142 2250 750 3951 -29 -3850 -749 566 -247 -4146 2089 -968 -2137 -2449 -427 -1759 2617 6116 -1309 2360 -492 -502 2295 -918 1689 1260 -5253 1991 1271 -795 -3602 2660 -1000 -3164
89 88 2556 -1137 -2169 339 780 -2004 -300 800 -1861 74 -810 -939 1008 -631 -3333 1946 435 4094 -1111 2859 -3976 1073 -333 2737 -3518 128 1672 1423 601 473 -2301 2372 -705 -3053 1123 -913 1893 -1983 1384 -1856 1137 2117 -1994 2693 2520 6123 11 381 -1997 -254 -269 -673 491 -532 1113 4721 101 1165 -5930 983 -2172 -143
215 663 2444 -1083 -1892 -52 755 -1780 -318 831 -1922 118 -760 -993 1174 -402 -3612 1608 34 3624 -674 2628 -3978 808 -960 2642 -3521 107 1586 1335 657 1033 -2109 2524 -614 -2949 1428 -1173 1462 -2173 1577 -1485 1194 1943 -1898 2821 2398 5778 -144 180 -1934 -101 -176 -1127 701 -734 755 4668 575 1096 -6004 569 -2332 -704
215 663 2444 -1083 -1892 -52 755 -1780 -318 831 -1922 118 -760 -993 1174 -402 -3612 1608 34 3624 -674 2628 -3978 808 -960 2642 -3521 107 1586 1335 657 1033 -2109 2524 -614 -2949 1428 -1173 1462 -2173 1577 -1485 1194 1943 -1898 2821 2398 5778 -144 180 -1934 -101 -176 -1127 701 -734 755 4668 575 1096 -6004 569 -2332 -704
215 663 2444 -1083 -1892 -52 755 -1780 -318 831 -1922 118 -760 -993 1174 -402 -3612 1608 34 3624 -674 2628 -3978 808 -960 2642 -3521 107 1586 1335 657 1033 -2109 2524 -614 -2949 1428 -1173 1462 -2173 1577 -1485 1194 1943 -1898 2821 2398 5778 -144 180 -1934 -101 -176 -1127 701 -734 755 4668 575 1096 -6004 569 -2332 -704
215 663 2444 -1083 -1892 -52 755 -1780 -318 831 -1922 118 -760 -993 1174 -402 -3612 1608 34 3624 -674 2628 -3978 808 -960 2642 -3521 107 1586 1335 657 1033 -2109 2524 -614 -2949 1428 -1173 1462 -2173 1577 -1485 1194 1943 -1898 2821 2398 5778 -144 180 -1934 -101 -176 -1127 701 -734 755 4668 575 1096 -6004 569 -2332 -704
406 367 4135 -172 -1900 -615 -422 -2544 -658 -759 -2082 -629 -1819 -1281 253 -278 -1888 1735 1 2497 253 4011 -3615 -1598 37 259 -3104 626 -1112 1459 -334 2241 -1472 3295 -1202 -2350 1424 -775 3696 -1110 -397 -968 170 2593 -1900 235 4163 6096 -1191 1497 -2424 -1501 357 -1538 842 -3339 -57 2495 -489 -65 -5019 2378 -1665 -703
875 -2550 1104 -700 -2290 3008 1950 -2833 -1446 1235 110 -913 1169 519 2390 -636 -2347 702 1386 5969 -1850 1199 -4287 4239 845 167 -2505 -2027 937 1354 -762 -3004 -2724 1355 -735 -4747 -690 -935 2121 -2704 2808 -1773 1181 -1015 -3833 1093 1656 6946 -634 765 -2482 -461 1116 2059 -381 2012 1426 3972 -1487 1862 -3203 2520 -2279 99
215 663 2444 -1083 -1892 -52 755 -1780 -318 831 -1922 118 -760 -993 1174 -402 -3612 1608 34 3624 -674 2628 -3978 808 -960 2642 -3521 107 1586 1335 657 1033 -2109 2524 -614 -2949 1428 -1173 1462 -2173 1577 -1485 1194 1943 -1898 2821 2398 5778 -144 180 -1934 -101 -176 -1127 701 -734 755 4668 575 1096 -6004 569 -2332 -704
215 663 2444 -1083 -1892 -52 755 -1780 -318 831 -1922 118 -760 -993 1174 -402 -3612 1608 34 3624 -674 2628 -3978 808 -960 2642 -3521 107 1586 1335 657 1033 -2109 2524 -614 -2949 1428 -1173 1462 -2173 1577 -1485 1194 1943 -1898 2821 2398 5778 -144 180 -1934 -101 -176 -1127 701 -734 755 4668 575 1096 -6004 569 -2332 -704
215 663 2444 -1083 -1892 -52 755 -1780 -318 831 -1922 118 -760 -993 1174 -402 -3612 1608 34 3624 -674 2628 -3978 808 -960 2642 -3521 107 1586 1335 657 1033 -2109 2524 -614 -2949 1428 -1173 1462 -2173 1577 -1485 1194 1943 -1898 2821 2398 5778 -144 180 -1934 -101 -176 -1127 701 -734 755 4668 575 1096 -6004 569 -2332 -704
215 663 2444 -1083 -1892 -52 755 -1780 -318 831 -1922 118 -760 -993 1174 -402 -3612 1608 34 3624 -674 2628 -3978 808 -960 2642 -3521 107 1586 1335 657 1033 -2109 2524 -614 -2949 1428 -1173 1462 -2173 1577 -1485 1194 1943 -1898 2821 2398 5778 -144 180 -1934 -101 -176 -1127 701 -734 755 4668 575 1096 -6004 569 -2332 -704
-83 537 2802 -665 -2042 -417 160 -1832 -340 590 -2078 -265 -1207 -1511 997 -291 -3168 1743 12 3073 -490 2958 -3813 254 -343 1936 -3800 41 722 1493 100 1182 -1772 2630 -706 -2526 1552 -920 2299 -1815 1149 -1419 933 2638 -1974 2494 2796 5808 -382 462 -2252 -467 -65 -986 589 -1117 978 4253 211 680 -6158 1060 -2230 -349
1560 -2005 -2003 -947 -1359 2205 1946 -2822 -472 3825 1271 -1010 3440 1225 1963 -921 -3710 -347 902 4630 2038 -606 -2814 2723 -3509 -299 -238 -1006 1624 -168 77 -226 273 2453 -198 -4416 -761 0 -1251 -4690 3756 -84 -762 -3538 -2092 -716 1241 5936 -1067 1255 -905 -275 2974 1083 505 3368 -3757 2183 738 394 -3725 1662 -2412 -3447
183 488 2522 -1107 -1968 67 741 -1829 -292 905 -1899 130 -806 -978 1113 -502 -3527 1683 94 3753 -741 2730 -3921 887 -755 2649 -3532 140 1652 1385 651 902 -2189 2509 -665 -2988 1342 -1085 1574 -2160 1507 -1625 1163 2010 -1914 2701 2493 5888 -60 298 -1988 -212 -210 -951 644 -717 784 4636 456 1108 -6095 697 -2254 -505
215 663 2444 -1083 -1892 -52 755 -1780 -318 831 -1922 118 -760 -993 1174 -402 -3612 1608 34 3624 -674 2628 -3978 808 -960 2642 -3521 107 1586 1335 657 1033 -2109 2524 -614 -2949 1428 -1173 1462 -2173 1577 -1485 1194 1943 -1898 2821 2398 5778 -144 180 -1934 -101 -176 -1127 701 -734 755 4668 575 1096 -6004 569 -2332 -704
215 663 2444 -1083 -1892 -52 755 -1780 -318 831 -1922 118 -760 -993 1174 -402 -3612 1608 34 3624 -674 2628 -3978 808 -960 2642 -3521 107 1586 1335 657 1033 -2109 2524 -614 -2949 1428 -1173 1462 -2173 1577 -1485 1194 1943 -1898 2821 2398 5778 -144 180 -1934 -101 -176 -1127 701 -734 755 4668 575 1096 -6004 569 -2332 -704
215 663 2444 -1083 -1892 -52 755 -1780 -318 831 -1922 118 -760 -993 1174 -402 -3612 1608 34 3624 -674 2628 -3978 808 -960 2642 -3521 107 1586 1335 657 1033 -2109 2524 -614 -2949 1428 -1173 1462 -2173 1577 -1485 1194 1943 -1898 2821 2398 5778 -144 180 -1934 -101 -176 -1127 701 -734 755 4668 575 1096 -6004 569 -2332 -704
215 663 2444 -1083 -1892 -52 755 -1780 -318 831 -1922 118 -760 -993 1174 -402 -3612 1608 34 3624 -674 2628 -3978 808 -960 2642 -3521 107 1586 1335 657 1033 -2109 2524 -614 -2949 1428 -1173 1462 -2173 1577 -1485 1194 1943 -1898 2821 2398 5778 -144 180 -1934 -101 -176 -1127 701 -734 755 4668 575 1096 -6004 569 -2332 -704
1019 -2068 1894 -355 -2374 1662 -638 -2996 -1403 1013 -953 75 300 -1781 1887 933 -4185 2744 904 3616 -458 3829 -2766 842 -1504 1235 -2871 1446 507 1286 285 1547 -1454 3976 -2202 -2430 -9 -1882 3005 -935 -2227 -2051 -1572 743 -966 303 2330 8007 -1744 -816 -2493 -325 266 -1690 1789 -3291 891 3004 -2233 -104 -5879 3465 -1663 -59
693 -2656 1277 -1189 -3416 3080 1799 -3211 -1143 1791 642 -1378 1029 213 1307 -1180 -2583 892 2958 5462 -1897 2420 -4123 3812 1022 269 -2380 -1569 1766 812 546 -2582 -2435 2077 -361 -4828 -706 97 2359 -2127 2556 -2748 810 -312 -3211 1211 1420 7654 -513 944 -2885 -494 1264 2373 66 1951 1324 3678 -1503 1714 -3625 3212 -1770 960
215 663 2444 -1083 -1892 -52 755 -1780 -318 831 -1922 118 -760 -993 1174 -402 -3612 1608 34 3624 -674 2628 -3978 808 -960 2642 -3521 107 1586 1335 657 1033 -2109 2524 -614 -2949 1428 -1173 1462 -2173 1577 -1485 1194 1943 -1898 2821 2398 5778 -144 180 -1934 -101 -176 -1127 701 -734 755 4668 575 1096 -6004 569 -2332 -704
215 663 2444 -1083 -1892 -52 755 -1780 -318 831 -1922 118 -760 -993 1174 -402 -3612 1608 34 3624 -674 2628 -3978 808 -960 2642 -3521 107 1586 1335 657 1033 -2109 2524 -614 -2949 1428 -1173 1462 -2173 1577 -1485 1194 1943 -1898 2821 2398 5778 -144 180 -1934 -101 -176 -1127 701 -734 755 4668 575 1096 -6004 569 -2332 -704
215 663 2444 -1083 -1892 -52 755 -1780 -318 831 -1922 118 -760 -993 1174 -402 -3612 1608 34 3624 -674 2628 -3978 808 -960 2642 -3521 107 1586 1335 657 1033 -2109 2524 -614 -2949 1428 -1173 1462 -2173 1577 -1485 1194 1943 -1898 2821 2398 5778 -144 180 -1934 -101 -176 -1127 701 -734 755 4668 575 1096 -6004 569 -2332 -704
