1570 -391 -6665 4548 -8941 2726 431 -2113 -3325 7289 3248 -6074 -2477 -4598 -5725 -6290 -2242 5560 -9007 6366 4338 3955 1037 139 3143 -4727 -3422 -9431 -5076 3876 -2821 3370 -3188 -1315 3485 1076 3070 3408 -227 -3443 10720 5312 -2257 -2151 10997 -1833 -6072 1176 -2233 -7813 -469 9399 4702 -659 -3068 2677 -7316 -2428 -892 2078 2173 12315 1530 8964
1068 -44 -6874 2114 -8562 6441 -1083 -1633 -4128 1294 2276 -4995 -8117 -2377 -6461 -2864 -160 1400 -10535 3756 807 1538 3390 -1310 3489 -5780 -3124 -6402 -4624 1820 -238 681 -5823 2825 3244 2261 3341 4356 1351 -2602 12991 6050 -108 -122 11132 69 -2129 4334 19 -5301 3809 8380 6948 -3858 -7560 -51 -7406 -1965 4652 4325 1267 9358 -23 3634
1068 -44 -6874 2114 -8562 6441 -1083 -1633 -4128 1294 2276 -4995 -8117 -2377 -6461 -2864 -160 1400 -10535 3756 807 1538 3390 -1310 3489 -5780 -3124 -6402 -4624 1820 -238 681 -5823 2825 3244 2261 3341 4356 1351 -2602 12991 6050 -108 -122 11132 69 -2129 4334 19 -5301 3809 8380 6948 -3858 -7560 -51 -7406 -1965 4652 4325 1267 9358 -23 3634
1068 -44 -6874 2114 -8562 6441 -1083 -1633 -4128 1294 2276 -4995 -8117 -2377 -6461 -2864 -160 1400 -10535 3756 807 1538 3390 -1310 3489 -5780 -3124 -6402 -4624 1820 -238 681 -5823 2825 3244 2261 3341 4356 1351 -2602 12991 6050 -108 -122 11132 69 -2129 4334 19 -5301 3809 8380 6948 -3858 -7560 -51 -7406 -1965 4652 4325 1267 9358 -23 3634
1068 -44 -6874 2114 -8562 6441 -1083 -1633 -4128 1294 2276 -4995 -8117 -2377 -6461 -2864 -160 1400 -10535 3756 807 1538 3390 -1310 3489 -5780 -3124 -6402 -4624 1820 -238 681 -5823 2825 3244 2261 3341 4356 1351 -2602 12991 6050 -108 -122 11132 69 -2129 4334 19 -5301 3809 8380 6948 -3858 -7560 -51 -7406 -1965 4652 4325 1267 9358 -23 3634
1068 -44 -6874 2114 -8562 6441 -1083 -1633 -4128 1294 2276 -4995 -8117 -2377 -6461 -2864 -160 1400 -10535 3756 807 1538 3390 -1310 3489 -5780 -3124 -6402 -4624 1820 -238 681 -5823 2825 3244 2261 3341 4356 1351 -2602 12991 6050 -108 -122 11132 69 -2129 4334 19 -5301 3809 8380 6948 -3858 -7560 -51 -7406 -1965 4652 4325 1267 9358 -23 3634
1068 -44 -6874 2114 -8562 6441 -1083 -1633 -4128 1294 2276 -4995 -8117 -2377 -6461 -2864 -160 1400 -10535 3756 807 1538 3390 -1310 3489 -5780 -3124 -6402 -4624 1820 -238 681 -5823 2825 3244 2261 3341 4356 1351 -2602 12991 6050 -108 -122 11132 69 -2129 4334 19 -5301 3809 8380 6948 -3858 -7560 -51 -7406 -1965 4652 4325 1267 9358 -23 3634
1068 -44 -6874 2114 -8562 6441 -1083 -1633 -4128 1294 2276 -4995 -8117 -2377 -6461 -2864 -160 1400 -10535 3756 807 1538 3390 -1310 3489 -5780 -3124 -6402 -4624 1820 -238 681 -5823 2825 3244 2261 3341 4356 1351 -2602 12991 6050 -108 -122 11132 69 -2129 4334 19 -5301 3809 8380 6948 -3858 -7560 -51 -7406 -1965 4652 4325 1267 9358 -23 3634
1068 -44 -6874 2114 -8562 6441 -1083 -1633 -4128 1294 2276 -4995 -8117 -2377 -6461 -2864 -160 1400 -10535 3756 807 1538 3390 -1310 3489 -5780 -3124 -6402 -4624 1820 -238 681 -5823 2825 3244 2261 3341 4356 1351 -2602 12991 6050 -108 -122 11132 69 -2129 4334 19 -5301 3809 8380 6948 -3858 -7560 -51 -7406 -1965 4652 4325 1267 9358 -23 3634
2472 1 -8634 1555 -8982 4896 -2045 -3089 -4748 2664 4462 -5697 -7335 -785 -6715 -2857 505 1354 -9628 4689 -351 2387 1580 -1821 3046 -6347 -3912 -8093 -4554 94 -129 1067 -3730 1108 2981 806 3850 3604 -70 -3029 12302 6809 886 -530 9884 -1564 -4016 4464 -1429 -3716 2668 7736 5599 -4520 -6456 -1220 -7850 -2660 4458 2759 2053 9345 367 4787
3143 -79 -7927 2830 -9530 4991 -3158 -1825 -6024 2217 4931 -4389 -6138 -3269 -5598 -1410 -1582 1267 -10344 5232 1412 875 2255 -2169 2198 -5841 -3748 -8328 -3568 1313 264 1060 -5115 2492 3530 1581 2714 4040 1461 -4314 11877 6729 1202 125 11110 -885 -3049 4949 863 -5114 3965 8387 5371 -2936 -7653 29 -6236 -3466 5050 4423 2338 9827 -2059 3412
1068 -44 -6874 2114 -8562 6441 -1083 -1633 -4128 1294 2276 -4995 -8117 -2377 -6461 -2864 -160 1400 -10535 3756 807 1538 3390 -1310 3489 -5780 -3124 -6402 -4624 1820 -238 681 -5823 2825 3244 2261 3341 4356 1351 -2602 12991 6050 -108 -122 11132 69 -2129 4334 19 -5301 3809 8380 6948 -3858 -7560 -51 -7406 -1965 4652 4325 1267 9358 -23 3634
1068 -44 -6874 2114 -8562 6441 -1083 -1633 -4128 1294 2276 -4995 -8117 -2377 -6461 -2864 -160 1400 -10535 3756 807 1538 3390 -1310 3489 -5780 -3124 -6402 -4624 1820 -238 681 -5823 2825 3244 2261 3341 4356 1351 -2602 12991 6050 -108 -122 11132 69 -2129 4334 19 -5301 3809 8380 6948 -3858 -7560 -51 -7406 -1965 4652 4325 1267 9358 -23 3634
1068 -44 -6874 2114 -8562 6441 -1083 -1633 -4128 1294 2276 -4995 -8117 -2377 -6461 -2864 -160 1400 -10535 3756 807 1538 3390 -1310 3489 -5780 -3124 -6402 -4624 1820 -238 681 -5823 2825 3244 2261 3341 4356 1351 -2602 12991 6050 -108 -122 11132 69 -2129 4334 19 -5301 3809 8380 6948 -3858 -7560 -51 -7406 -1965 4652 4325 1267 9358 -23 3634
1068 -44 -6874 2114 -8562 6441 -1083 -1633 -4128 1294 2276 -4995 -8117 -2377 -6461 -2864 -160 1400 -10535 3756 807 1538 3390 -1310 3489 -5780 -3124 -6402 -4624 1820 -238 681 -5823 2825 3244 2261 3341 4356 1351 -2602 12991 6050 -108 -122 11132 69 -2129 4334 19 -5301 3809 8380 6948 -3858 -7560 -51 -7406 -1965 4652 4325 1267 9358 -23 3634
1068 -44 -6874 2114 -8562 6441 -1083 -1633 -4128 1294 2276 -4995 -8117 -2377 -6461 -2864 -160 1400 -10535 3756 807 1538 3390 -1310 3489 -5780 -3124 -6402 -4624 1820 -238 681 -5823 2825 3244 2261 3341 4356 1351 -2602 12991 6050 -108 -122 11132 69 -2129 4334 19 -5301 3809 8380 6948 -3858 -7560 -51 -7406 -1965 4652 4325 1267 9358 -23 3634
-458 -1056 -5802 4157 -8656 5040 -2343 1197 -1493 4044 1135 -4101 -3950 -3993 -5007 -5613 -2059 5302 -13431 2665 -82 1946 3831 1237 5965 -5474 -1042 -7657 -6192 2942 1306 3358 -5572 694 7570 975 444 3011 -1182 -3372 10210 4096 1201 -2910 13275 3029 -5262 3205 -184 -5196 4683 10957 8022 -4237 -6714 863 -7500 -558 5479 5823 2219 6097 1514 2989
-2989 -2729 -3615 8707 -8787 3729 -1043 -550 -753 5136 1033 -6186 -3869 -4293 -6374 -9943 -1262 9487 -14000 4058 4244 7870 2354 1928 8985 -5197 -1944 -4822 -5797 2802 -2640 5082 -1867 -886 3023 1546 -348 5517 -1195 -3253 8899 1120 -2013 -3698 11332 1263 -7702 1819 708 -9002 1056 9042 7120 -4857 -2655 2173 -5639 1930 -1864 4496 743 9646 276 5511
-4116 -3051 -2444 7543 -9471 4009 1465 -1449 -1006 5793 -2616 -6050 -2824 -4728 -8390 -9333 -530 8410 -12164 4478 5033 9031 2287 1542 7476 -3937 -1977 -3769 -4662 4159 -6098 4606 -675 -1328 3047 3019 1275 5039 -1878 -2428 11403 2059 -4927 -4396 11164 1430 -6028 -463 -1000 -9937 632 9223 6847 -1061 -2975 2610 -8236 1938 -3834 4959 -917 11071 -267 8980
-2661 -3374 -4921 6058 -10868 2592 -989 -5879 -1183 7944 -740 -7420 5 -2993 -9767 -11087 260 8182 -9846 6521 3544 9891 116 1718 5699 -2772 -2145 -6660 -5756 3767 -5105 5602 1781 -2821 2755 127 3173 3677 -3677 -1871 10479 2628 -4413 -6618 8350 774 -7509 -2438 -2377 -7122 -2254 7788 6095 -877 191 255 -8715 171 -5769 2796 -655 10866 2266 10415
-305 672 -5876 3310 -12217 2728 871 -3715 -6164 6346 4306 -5163 -4930 -3003 -8966 -4896 364 639 -10569 8351 4082 5523 -223 -61 2458 -4096 -5344 -6345 -6283 3882 -696 1445 -5562 -2175 1650 1644 4713 5310 3307 -6697 14023 6727 -3697 -963 10409 615 -4245 4809 -2618 -8820 4445 11178 4858 -543 -5098 1198 -8896 -3036 105 7038 285 11218 -2443 4155
1068 -44 -6874 2114 -8562 6441 -1083 -1633 -4128 1294 2276 -4995 -8117 -2377 -6461 -2864 -160 1400 -10535 3756 807 1538 3390 -1310 3489 -5780 -3124 -6402 -4624 1820 -238 681 -5823 2825 3244 2261 3341 4356 1351 -2602 12991 6050 -108 -122 11132 69 -2129 4334 19 -5301 3809 8380 6948 -3858 -7560 -51 -7406 -1965 4652 4325 1267 9358 -23 3634
1068 -44 -6874 2114 -8562 6441 -1083 -1633 -4128 1294 2276 -4995 -8117 -2377 -6461 -2864 -160 1400 -10535 3756 807 1538 3390 -1310 3489 -5780 -3124 -6402 -4624 1820 -238 681 -5823 2825 3244 2261 3341 4356 1351 -2602 12991 6050 -108 -122 11132 69 -2129 4334 19 -5301 3809 8380 6948 -3858 -7560 -51 -7406 -1965 4652 4325 1267 9358 -23 3634
1068 -44 -6874 2114 -8562 6441 -1083 -1633 -4128 1294 2276 -4995 -8117 -2377 -6461 -2864 -160 1400 -10535 3756 807 1538 3390 -1310 3489 -5780 -3124 -6402 -4624 1820 -238 681 -5823 2825 3244 2261 3341 4356 1351 -2602 12991 6050 -108 -122 11132 69 -2129 4334 19 -5301 3809 8380 6948 -3858 -7560 -51 -7406 -1965 4652 4325 1267 9358 -23 3634
1068 -44 -6874 2114 -8562 6441 -1083 -1633 -4128 1294 2276 -4995 -8117 -2377 -6461 -2864 -160 1400 -10535 3756 807 1538 3390 -1310 3489 -5780 -3124 -6402 -4624 1820 -238 681 -5823 2825 3244 2261 3341 4356 1351 -2602 12991 6050 -108 -122 11132 69 -2129 4334 19 -5301 3809 8380 6948 -3858 -7560 -51 -7406 -1965 4652 4325 1267 9358 -23 3634
1068 -44 -6874 2114 -8562 6441 -1083 -1633 -4128 1294 2276 -4995 -8117 -2377 -6461 -2864 -160 1400 -10535 3756 807 1538 3390 -1310 3489 -5780 -3124 -6402 -4624 1820 -238 681 -5823 2825 3244 2261 3341 4356 1351 -2602 12991 6050 -108 -122 11132 69 -2129 4334 19 -5301 3809 8380 6948 -3858 -7560 -51 -7406 -1965 4652 4325 1267 9358 -23 3634
2415 -731 -7031 5140 -6682 5135 -983 2411 -1709 5658 621 -3668 134 -7595 -1852 -6820 -7232 9406 -9797 1437 2383 -332 3454 -736 2109 -6023 672 -10525 -6014 5210 -4143 6025 -5842 888 8912 2557 2274 808 -3996 691 9441 7269 892 -4657 14309 -1868 -1907 640 -452 -7822 -128 11119 7568 1477 -3377 3459 -5367 745 3132 1832 3876 8280 1458 7487
37 -559 -6178 2977 -8795 5599 -1074 -1918 -3689 1807 2916 -5361 -8082 -2402 -7278 -3611 641 1593 -10462 4017 1295 2480 3303 -886 3927 -5517 -3950 -6229 -5084 2143 -329 935 -5065 2288 2530 2890 3326 4203 2185 -3098 13141 5240 -521 -149 10669 613 -2770 4327 -409 -5720 3246 8049 6257 -4009 -7133 -444 -7529 -2254 3553 3743 1252 9653 554 3847
1068 -44 -6874 2114 -8562 6441 -1083 -1633 -4128 1294 2276 -4995 -8117 -2377 -6461 -2864 -160 1400 -10535 3756 807 1538 3390 -1310 3489 -5780 -3124 -6402 -4624 1820 -238 681 -5823 2825 3244 2261 3341 4356 1351 -2602 12991 6050 -108 -122 11132 69 -2129 4334 19 -5301 3809 8380 6948 -3858 -7560 -51 -7406 -1965 4652 4325 1267 9358 -23 3634
1068 -44 -6874 2114 -8562 6441 -1083 -1633 -4128 1294 2276 -4995 -8117 -2377 -6461 -2864 -160 1400 -10535 3756 807 1538 3390 -1310 3489 -5780 -3124 -6402 -4624 1820 -238 681 -5823 2825 3244 2261 3341 4356 1351 -2602 12991 6050 -108 -122 11132 69 -2129 4334 19 -5301 3809 8380 6948 -3858 -7560 -51 -7406 -1965 4652 4325 1267 9358 -23 3634
1068 -44 -6874 2114 -8562 6441 -1083 -1633 -4128 1294 2276 -4995 -8117 -2377 -6461 -2864 -160 1400 -10535 3756 807 1538 3390 -1310 3489 -5780 -3124 -6402 -4624 1820 -238 681 -5823 2825 3244 2261 3341 4356 1351 -2602 12991 6050 -108 -122 11132 69 -2129 4334 19 -5301 3809 8380 6948 -3858 -7560 -51 -7406 -1965 4652 4325 1267 9358 -23 3634
1068 -44 -6874 2114 -8562 6441 -1083 -1633 -4128 1294 2276 -4995 -8117 -2377 -6461 -2864 -160 1400 -10535 3756 807 1538 3390 -1310 3489 -5780 -3124 -6402 -4624 1820 -238 681 -5823 2825 3244 2261 3341 4356 1351 -2602 12991 6050 -108 -122 11132 69 -2129 4334 19 -5301 3809 8380 6948 -3858 -7560 -51 -7406 -1965 4652 4325 1267 9358 -23 3634
3559 -380 -9237 1157 -9079 3033 -2940 -6314 -2717 4249 3042 -5237 -3888 -905 -7485 -4130 149 1552 -7241 4821 -1260 1888 1394 -1195 2833 -4135 -2902 -9528 -5438 1663 -2697 3112 -487 1068 2829 645 5701 716 -1642 -1281 12309 8439 -859 -2108 7644 -3091 -4427 1481 -608 -2891 379 6896 4719 -3666 -4157 -2858 -7370 -3285 2645 1332 2630 10287 2514 8005
-765 -117 -4623 5291 -11959 3132 2042 -3717 -5844 5576 3745 -6019 -6149 -2393 -8771 -5921 796 3162 -11153 9407 5490 7357 -885 642 4019 -5243 -5387 -4626 -5452 3664 -2250 1631 -3976 -2398 842 353 4736 7106 2543 -6899 11850 6002 -4772 -1249 11224 269 -5355 4131 -1008 -9626 3806 10599 5063 -1825 -3962 3764 -7676 -1060 -1426 7766 -796 12845 -3585 5466
1068 -44 -6874 2114 -8562 6441 -1083 -1633 -4128 1294 2276 -4995 -8117 -2377 -6461 -2864 -160 1400 -10535 3756 807 1538 3390 -1310 3489 -5780 -3124 -6402 -4624 1820 -238 681 -5823 2825 3244 2261 3341 4356 1351 -2602 12991 6050 -108 -122 11132 69 -2129 4334 19 -5301 3809 8380 6948 -3858 -7560 -51 -7406 -1965 4652 4325 1267 9358 -23 3634
1068 -44 -6874 2114 -8562 6441 -1083 -1633 -4128 1294 2276 -4995 -8117 -2377 -6461 -2864 -160 1400 -10535 3756 807 1538 3390 -1310 3489 -5780 -3124 -6402 -4624 1820 -238 681 -5823 2825 3244 2261 3341 4356 1351 -2602 12991 6050 -108 -122 11132 69 -2129 4334 19 -5301 3809 8380 6948 -3858 -7560 -51 -7406 -1965 4652 4325 1267 9358 -23 3634
1068 -44 -6874 2114 -8562 6441 -1083 -1633 -4128 1294 2276 -4995 -8117 -2377 -6461 -2864 -160 1400 -10535 3756 807 1538 3390 -1310 3489 -5780 -3124 -6402 -4624 1820 -238 681 -5823 2825 3244 2261 3341 4356 1351 -2602 12991 6050 -108 -122 11132 69 -2129 4334 19 -5301 3809 8380 6948 -3858 -7560 -51 -7406 -1965 4652 4325 1267 9358 -23 3634
1068 -44 -6874 2114 -8562 6441 -1083 -1633 -4128 1294 2276 -4995 -8117 -2377 -6461 -2864 -160 1400 -10535 3756 807 1538 3390 -1310 3489 -5780 -3124 -6402 -4624 1820 -238 681 -5823 2825 3244 2261 3341 4356 1351 -2602 12991 6050 -108 -122 11132 69 -2129 4334 19 -5301 3809 8380 6948 -3858 -7560 -51 -7406 -1965 4652 4325 1267 9358 -23 3634
1994 -181 -8090 1631 -9146 5127 -2046 -2807 -4174 1940 3471 -5840 -7495 -1481 -7234 -2815 789 1472 -10066 4522 123 2239 2526 -1590 3451 -5882 -3740 -7796 -4814 1225 159 762 -4656 1651 2369 1065 4003 4234 703 -2461 13022 6257 800 -183 10182 -251 -3165 3573 -1155 -4160 2470 8256 6630 -3770 -6910 -847 -7986 -2549 4151 3813 1327 9218 307 4051
2333 -77 -6476 6456 -9261 6029 984 1971 -5601 5565 2665 -4829 -1222 -6804 -2929 -7063 -6808 9174 -11815 6384 4991 2166 644 -292 1517 -6977 -969 -10317 -4598 3737 -2303 4734 -8527 -171 6698 -1291 3090 4052 -1998 -2878 8737 7334 -19 -4116 15866 -775 -2562 1563 264 -8789 476 13547 8125 1270 -2466 6593 -5432 1129 2832 5591 1276 9577 -3668 6161
839 -215 -6709 2457 -8613 6216 -1170 -1709 -3939 1369 2610 -5109 -8202 -2453 -6699 -3191 56 1494 -10449 3775 918 1762 3447 -1258 3670 -5672 -3387 -6429 -4890 1906 -212 808 -5629 2706 2898 2459 3258 4230 1745 -2738 12969 5771 -137 -104 10905 111 -2333 4374 -76 -5503 3463 8214 6807 -4090 -7364 -247 -7377 -2002 4334 3974 1330 9452 242 3573
1068 -44 -6874 2114 -8562 6441 -1083 -1633 -4128 1294 2276 -4995 -8117 -2377 -6461 -2864 -160 1400 -10535 3756 807 1538 3390 -1310 3489 -5780 -3124 -6402 -4624 1820 -238 681 -5823 2825 3244 2261 3341 4356 1351 -2602 12991 6050 -108 -122 11132 69 -2129 4334 19 -5301 3809 8380 6948 -3858 -7560 -51 -7406 -1965 4652 4325 1267 9358 -23 3634
1068 -44 -6874 2114 -8562 6441 -1083 -1633 -4128 1294 2276 -4995 -8117 -2377 -6461 -2864 -160 1400 -10535 3756 807 1538 3390 -1310 3489 -5780 -3124 -6402 -4624 1820 -238 681 -5823 2825 3244 2261 3341 4356 1351 -2602 12991 6050 -108 -122 11132 69 -2129 4334 19 -5301 3809 8380 6948 -3858 -7560 -51 -7406 -1965 4652 4325 1267 9358 -23 3634
1068 -44 -6874 2114 -8562 6441 -1083 -1633 -4128 1294 2276 -4995 -8117 -2377 -6461 -2864 -160 1400 -10535 3756 807 1538 3390 -1310 3489 -5780 -3124 -6402 -4624 1820 -238 681 -5823 2825 3244 2261 3341 4356 1351 -2602 12991 6050 -108 -122 11132 69 -2129 4334 19 -5301 3809 8380 6948 -3858 -7560 -51 -7406 -1965 4652 4325 1267 9358 -23 3634
1068 -44 -6874 2114 -8562 6441 -1083 -1633 -4128 1294 2276 -4995 -8117 -2377 -6461 -2864 -160 1400 -10535 3756 807 1538 3390 -1310 3489 -5780 -3124 -6402 -4624 1820 -238 681 -5823 2825 3244 2261 3341 4356 1351 -2602 12991 6050 -108 -122 11132 69 -2129 4334 19 -5301 3809 8380 6948 -3858 -7560 -51 -7406 -1965 4652 4325 1267 9358 -23 3634
368 508 -6997 3464 -9139 4479 -2762 -2599 611 3875 -2079 -3738 -2037 -6001 -6664 -5839 -683 4447 -10336 997 -136 2504 5616 141 6452 -3579 -886 -7789 -6191 5190 -2386 3335 -3428 2202 4707 2053 2750 1634 -1632 676 13341 5208 -1267 -2348 10531 1689 -3511 -1151 -670 -6788 1404 9163 8383 -1179 -4526 -393 -7182 -571 2235 4200 933 8636 4118 5880
-2193 -1585 -2691 5894 -10997 4620 2994 -3664 -4342 4755 1874 -7393 -7760 -1727 -10233 -6650 2261 4649 -10613 8324 5229 8574 345 1316 4619 -5100 -5086 -3200 -5014 3375 -4408 1396 -2707 -1392 11 1740 5218 6564 1521 -5684 11561 4563 -5784 -1226 11806 525 -4883 2889 -1397 -10107 2172 8507 5540 -2476 -3631 3900 -7501 355 -1883 5491 -1282 12877 -2239 7353
1068 -44 -6874 2114 -8562 6441 -1083 -1633 -4128 1294 2276 -4995 -8117 -2377 -6461 -2864 -160 1400 -10535 3756 807 1538 3390 -1310 3489 -5780 -3124 -6402 -4624 1820 -238 681 -5823 2825 3244 2261 3341 4356 1351 -2602 12991 6050 -108 -122 11132 69 -2129 4334 19 -5301 3809 8380 6948 -3858 -7560 -51 -7406 -1965 4652 4325 1267 9358 -23 3634
1068 -44 -6874 2114 -8562 6441 -1083 -1633 -4128 1294 2276 -4995 -8117 -2377 -6461 -2864 -160 1400 -10535 3756 807 1538 3390 -1310 3489 -5780 -3124 -6402 -4624 1820 -238 681 -5823 2825 3244 2261 3341 4356 1351 -2602 12991 6050 -108 -122 11132 69 -2129 4334 19 -5301 3809 8380 6948 -3858 -7560 -51 -7406 -1965 4652 4325 1267 9358 -23 3634
1068 -44 -6874 2114 -8562 6441 -1083 -1633 -4128 1294 2276 -4995 -8117 -2377 -6461 -2864 -160 1400 -10535 3756 807 1538 3390 -1310 3489 -5780 -3124 -6402 -4624 1820 -238 681 -5823 2825 3244 2261 3341 4356 1351 -2602 12991 6050 -108 -122 11132 69 -2129 4334 19 -5301 3809 8380 6948 -3858 -7560 -51 -7406 -1965 4652 4325 1267 9358 -23 3634
