-203 -237 -327 -124 -13 274 -136 126 -263 -240 -154 -358 -204 62 -213 9 -21 31 176 183 298 -213 299 -172 19 247 103 14 166 -254 46 158 230 302 233 303 -208 -52 -16 340 -343 -46 132 142 149 -38 269 -264 136 -311 111 257 80 -252 -337 -54 260 -347 187 230 46 -169 213 176 58 -33 98 205 51 322 7 -7 8 264 272 -254 -74 78 238 -238 35 -133 -83 -137 292 101 -318 249 274 -187 94 339 335 308 -307 248 -45 99 36 -133 274 99 -132 -249 -6 331 68 329 343 31 79 -248 161 151 8 194 -183 335 -115 -359 -200 -80 206 -330 285 -35 77 211
170 279 284 -168 355 -239 95 -355 -39 146 -201 -333 -228 269 323 -76 34 140 -185 28 331 -183 52 -102 -241 -236 107 -30 276 -53 -30 290 74 -55 -57 -43 -357 282 -67 -90 -51 -185 -354 -149 161 -240 47 -256 352 347 -175 -276 -255 -116 -68 -268 -353 175 -193 -32 156 -66 -303 28 -337 238 197 36 24 -160 -44 -349 110 303 308 327 -219 -109 17 165 146 -248 -99 -2 -306 259 -338 -292 -41 60 307 -152 -336 18 -100 -82 -224 260 134 -280 279 -130 -349 -287 -232 211 285 246 262 -275 142 -300 171 241 268 -39 353 -6 -109 245 292 -227 -43 -169 -168 91 329 265
-21 267 134 298 316 -302 -283 -153 33 267 -46 194 -68 122 205 235 219 167 263 268 -355 -357 243 -259 219 123 -61 -218 -179 103 138 -10 -61 111 -4 237 -276 14 -117 -46 -113 -123 189 56 -294 -362 -9 -362 351 221 -283 206 -352 -210 -155 -213 69 3 -8 285 10 231 -40 121 172 193 33 -142 266 224 -261 -360 30 -3 218 67 -252 -270 -123 -219 -275 139 348 -23 -94 -175 -269 -307 -84 347 293 42 326 151 306 285 171 27 -218 83 -240 -274 -113 -20 295 -208 -56 208 -348 54 -339 -316 -217 292 212 56 -281 89 -41 149 -318 273 266 342 -92 -114 340 -203
-94 -210 -211 352 -56 342 232 32 -17 -207 -327 323 311 -39 148 44 360 -4 -277 -98 -212 306 -229 -105 -224 -22 -58 267 0 -46 335 239 70 323 -9 -337 -281 150 193 140 162 183 -134 326 -205 -244 -57 304 297 -301 -85 -62 -324 298 -235 -166 -10 107 -34 -321 -140 -9 146 163 -210 -218 215 87 314 -291 360 -186 -352 -276 -317 315 -332 -337 -97 358 -228 -249 283 -203 -155 -294 8 291 -8 -123 176 20 -236 327 -108 -179 299 -146 160 -155 300 -169 304 -68 -194 4 -231 253 282 -16 279 -122 8 21 -74 100 338 344 171 348 134 10 -226 29 -226 153 156 -138
-136 86 8 187 182 -308 -53 198 -231 66 -292 167 -321 272 -214 -5 112 -186 -136 125 -168 -142 -109 -318 -155 -76 -55 322 -81 -268 -191 -264 354 41 -41 54 0 226 -280 -109 -11 -43 -228 -274 85 269 180 -350 -362 -250 236 -67 -254 -75 -256 6 270 -211 130 -345 29 -299 -52 194 -96 -328 -96 62 -347 -102 -326 147 -280 -251 8 -308 260 162 340 134 218 -4 -322 -214 154 -181 -117 -228 -291 -38 153 192 -334 94 265 204 -360 -217 24 99 -65 17 -46 -283 -13 -28 -169 209 211 -77 105 -146 -274 -172 -133 -130 359 149 183 251 -217 -211 234 -310 335 192 -243 14
342 -49 -54 240 72 -343 -176 343 -218 -223 281 -280 133 -189 48 -91 -143 204 357 121 280 66 198 8 271 -170 -227 67 171 -183 295 -5 -134 100 -188 170 -236 -114 180 152 223 198 88 146 -24 -277 -30 91 -187 178 239 -72 98 -308 -345 20 -128 11 -285 323 -353 92 193 129 95 313 335 245 -327 -67 325 -227 190 255 155 -12 109 222 -145 -16 252 -49 250 -135 -233 -289 288 -79 -240 140 345 247 331 268 190 -286 -74 194 321 335 -134 -280 263 -76 251 132 -18 -85 39 -131 -209 78 -344 260 -46 68 115 -64 -301 25 358 169 -200 -234 -150 -72 151 -115
10 224 -146 120 212 -153 -42 -239 152 -168 -320 248 -126 103 346 98 -142 -176 -211 315 305 41 -79 -133 286 111 239 245 141 58 133 11 345 -210 194 301 -323 -291 -226 -113 235 268 223 -170 206 309 -181 234 -310 231 -243 -1 87 -290 283 -250 -309 -51 -16 -307 248 351 -187 220 291 89 88 -327 -254 279 -274 311 244 -4 260 13 333 118 322 -74 50 -317 -69 -274 291 -324 207 -203 -207 78 139 167 189 -206 -59 -270 -26 -45 -94 -313 -7 -132 273 209 7 -357 321 197 -120 -63 -197 81 14 -122 275 -316 34 184 -195 251 209 290 -20 -155 114 -277 347 -287
326 -106 -257 -175 264 -120 -241 -298 136 -199 -257 337 -190 -141 -241 317 176 266 -183 320 310 129 -318 311 -359 -204 -159 46 94 -245 182 352 -120 -351 -302 106 271 276 177 140 194 -84 121 -141 -203 -291 -236 231 -126 -49 54 256 36 -169 -89 -342 -67 132 61 140 51 -209 25 100 185 -194 -324 166 -40 169 -84 131 119 12 -266 -124 -296 350 232 -16 -20 -230 -18 -150 166 -84 182 152 -149 50 276 283 191 -330 64 -13 241 -139 -281 70 215 -234 248 -221 168 -33 -23 57 7 -221 -339 261 -11 -240 207 50 304 -52 -103 -25 -333 -92 -164 -6 259 -323 317 1
137 -33 116 -282 -209 -119 52 -78 280 351 219 14 -361 253 132 -220 -36 -159 -146 -262 -38 42 -211 104 -309 260 186 120 -201 39 -136 -143 -148 -183 39 -272 167 -305 -162 340 200 359 -335 214 -42 -16 158 69 67 -206 72 215 -154 9 246 -342 -189 -247 -350 157 -126 -289 131 207 195 262 -333 115 -148 22 -301 28 -125 322 17 294 82 163 236 298 -120 212 23 45 -129 308 -233 -116 -44 -206 100 -49 -324 -30 -138 221 64 -112 -21 -37 -355 -42 -17 -355 -351 347 -12 257 -351 36 72 -210 238 303 -35 169 16 -168 -144 195 48 -85 87 -298 -151 -309 310 -193
115 -190 298 27 73 -256 -287 173 19 -361 154 270 -179 -311 -328 126 167 -59 199 -232 -361 125 179 -83 37 52 247 300 -74 354 -116 -308 -362 40 -285 285 355 -346 186 237 244 143 -318 -189 231 -360 -176 -47 -207 -87 -124 -294 320 70 41 213 7 273 -218 -17 -219 -298 -115 -300 190 -234 301 21 60 -145 -253 -140 -175 -211 209 318 218 -241 -164 -255 -216 300 56 242 -126 342 -222 22 -28 -266 -300 -151 100 345 159 278 231 -45 -232 353 -284 -115 76 60 126 -30 270 32 260 -191 -28 -15 -359 168 -346 -229 -202 127 73 -192 -356 304 7 -27 185 63 -229 -135
191 -70 58 -165 -102 -219 -30 308 64 98 -80 49 281 226 173 45 -309 61 -264 -142 -331 53 -74 84 238 246 -273 -140 -111 69 -214 351 -91 161 330 312 126 -148 180 274 10 -357 31 -98 -211 44 164 337 110 -25 172 301 142 271 245 158 -210 -336 -225 -132 -179 65 -263 184 -189 -154 -200 -187 -189 261 -321 162 97 84 -56 -299 109 250 -89 -291 329 -241 -134 59 227 335 290 137 263 -203 231 323 -113 145 193 94 -239 69 281 150 -94 76 -110 -17 -202 24 253 263 130 336 -59 250 -287 321 10 -285 -176 12 20 -162 216 348 -241 224 -301 -71 -17 -251
286 191 -162 -350 196 -334 -137 -37 -277 -19 147 325 -18 -140 102 106 -128 -297 -107 265 158 248 -354 194 170 -337 346 145 316 27 64 153 79 -168 283 106 68 68 -284 -87 -151 -131 32 -341 -257 -334 278 212 -338 -126 -107 197 264 148 56 -44 9 -224 -54 -58 147 -253 113 -91 -42 -59 -290 -277 130 293 287 -112 288 -14 213 -36 -261 344 -41 9 172 -298 350 -224 358 -81 115 -152 287 327 -49 -28 -207 207 -190 349 119 -163 318 231 -322 -115 275 -276 -244 -87 -358 205 261 66 -240 -263 336 269 287 -311 249 105 -95 -125 87 -269 228 9 -151 209 -138 -62
-98 93 -288 139 -45 68 -227 -69 -24 -263 -49 -5 135 -290 -339 0 255 82 -46 109 87 154 -323 -301 313 104 280 338 43 178 -359 -362 -347 58 -215 -303 -63 40 35 103 -80 -332 340 245 -237 -88 -143 162 7 78 222 -55 -74 342 -218 -230 -233 86 -304 323 52 40 355 -92 41 -279 84 268 185 -277 -117 320 -120 153 138 346 -190 269 62 185 281 265 238 -98 155 -280 147 122 -81 -288 10 -283 -121 -203 -191 -125 85 -177 22 -348 -223 62 353 348 331 -10 -192 37 -180 146 -137 -202 -114 -183 50 40 -128 320 -76 135 136 -84 238 63 21 -153 104 233
-234 -37 -98 209 343 213 -223 -23 -20 -118 138 286 -54 -353 221 -329 -165 4 -243 160 -248 -325 -13 -220 279 304 -303 205 288 165 356 10 -334 -175 30 100 125 -64 145 295 -43 -135 -259 123 362 175 -252 28 30 343 328 62 -252 145 344 266 67 -10 60 5 -177 -73 194 -56 -65 -172 202 261 -203 267 325 85 321 -203 -179 -297 -255 -39 196 -219 31 -321 -220 335 -349 -223 356 -310 308 270 199 -113 -192 296 59 -17 -58 -96 -45 109 299 -11 -104 3 -321 -99 195 2 283 -320 -226 178 110 278 117 -263 331 304 -231 269 -13 152 260 -101 -149 191 251 -275
81 256 163 -53 204 237 -20 274 -288 -136 -199 -128 -57 175 73 -238 -250 210 258 125 37 152 126 -56 41 147 119 -263 -174 15 -53 57 -200 30 331 355 -74 -198 161 -325 -43 -189 56 198 223 -27 343 -351 206 179 -91 65 -211 184 -49 233 -44 294 -188 182 128 -201 55 -174 -126 -173 346 -67 -156 -75 291 332 335 20 -168 -319 -13 -261 -322 -186 209 -36 110 -39 -6 118 -73 105 70 315 -132 190 -130 -133 -315 234 -126 -182 155 -294 245 -58 -223 -265 -253 42 -266 109 213 -30 300 -152 -220 149 -219 240 50 353 -264 -91 -323 72 -43 -352 -108 354 78 -165
-260 53 205 146 -27 349 301 -55 39 -6 33 13 286 339 264 -246 -188 173 107 -163 27 348 287 284 -359 -337 -328 354 146 -303 109 -100 243 -300 -94 -332 308 57 -23 93 214 286 35 113 -157 -141 -348 -290 -349 359 -256 -324 355 -323 -105 -198 -173 353 -46 195 127 187 142 248 1 111 84 -85 152 -93 -24 -217 -279 179 265 272 -74 -103 244 317 -95 219 -289 -123 -132 -2 259 272 162 -9 -306 -308 -190 -208 260 52 -239 157 -215 28 315 20 -261 -307 -37 52 -77 334 -245 -351 262 254 -276 -147 -346 215 14 344 -344 -237 -80 51 -154 172 -169 -313 -193 221
355 181 295 281 -205 -237 267 13 -35 -326 -92 38 90 -338 53 -111 -127 -232 -178 75 248 68 216 -250 -252 -30 -142 -223 -194 230 109 343 154 48 -47 8 -340 -321 -220 -329 -95 -280 -142 29 321 88 -107 -119 104 146 237 -272 301 33 281 81 -276 75 131 27 -319 -340 31 191 -45 -158 289 -309 -101 -3 93 249 74 335 135 -194 102 -249 136 316 168 19 213 -229 312 -341 -198 -234 150 176 -61 -263 -237 -195 29 291 -16 151 -86 -111 -3 -149 -156 131 80 360 -5 -82 -346 210 -15 -260 40 -257 147 -29 256 50 57 -299 294 239 345 50 -80 139 -257 314
15 -61 184 329 -236 203 -318 274 -275 -47 121 245 6 -107 30 -299 -332 284 -265 35 233 59 79 52 257 -30 176 159 93 229 -312 -215 22 -147 265 63 -301 -143 -213 6 -333 -312 127 -280 143 139 182 19 57 300 -272 15 143 17 249 109 341 -320 73 142 -179 -210 -35 292 240 -23 113 -82 -211 196 18 -41 -297 -167 203 259 101 192 -269 -346 -269 21 -256 247 120 180 234 312 -115 -355 -289 -220 -226 296 107 113 164 276 -221 223 -358 82 -310 -237 197 -170 -75 -141 -217 307 -30 -10 270 -40 39 86 293 271 -147 58 -31 -353 62 189 -309 -321 118 354
-69 183 30 -336 -190 -190 -261 181 -294 237 215 -211 226 74 93 -77 -71 -221 230 122 46 245 -298 340 -259 84 114 -63 202 -159 213 -337 -206 -295 -235 262 -336 -300 -240 208 -249 -272 182 -167 -8 -334 -181 -280 -210 -224 -211 250 151 200 -100 -45 -211 335 177 -59 -24 -173 -276 90 -249 113 -47 257 291 -73 343 202 -149 -238 -20 -327 -280 -277 296 -246 230 152 27 -261 -6 -215 293 78 -272 152 24 -259 142 230 -129 65 66 -342 -125 326 -9 26 -303 294 249 223 -173 135 -185 -297 -286 360 146 109 -43 10 -92 346 137 -144 323 -360 -142 -200 -121 -94 -158 -168
266 -27 145 333 114 178 -18 328 53 158 16 29 319 -241 -6 -165 335 -339 2 -246 214 -26 282 -226 270 291 -47 190 -61 -73 -83 -317 -336 35 296 33 -149 273 -256 -273 238 125 51 -27 -125 60 -39 -158 -340 243 254 -256 -324 160 -107 305 -3 -4 247 -240 -247 220 14 157 -124 -43 349 -70 331 249 169 361 -233 279 -36 -257 -289 330 26 185 80 -292 -145 -124 207 -55 143 -32 -177 -94 -296 204 -180 -147 212 -231 59 -228 10 146 215 -44 -56 22 263 46 25 -45 -269 -282 -104 -288 361 -276 360 246 -141 -9 -289 99 -83 316 110 -318 -325 2 60 85
234 -47 229 276 -126 300 -39 -148 -337 19 229 169 -324 -54 -310 -200 240 -212 229 -6 148 12 199 -128 -119 -211 -302 -274 -13 135 90 -274 149 -194 45 317 -71 -270 239 362 -272 84 164 -64 259 83 -157 256 -35 43 163 271 310 288 -134 311 -228 239 -215 -158 -327 173 -50 -99 153 24 -352 133 23 168 -52 -181 284 335 -62 -357 -71 12 -145 -214 -291 11 -321 255 -68 115 -167 270 -103 -29 -59 131 -136 -139 -148 -275 113 -289 141 -157 296 263 -46 183 163 222 -118 243 111 161 -337 -257 -39 -168 -115 -1 242 -229 -357 -290 11 -237 232 317 -55 18 156 197
-346 42 326 195 95 317 -113 -95 -10 -186 -283 -300 -154 41 56 193 -43 71 -114 111 107 87 -131 -78 265 135 -21 350 79 -342 -294 -307 50 142 131 90 -229 -217 -252 239 -233 0 -78 128 -264 -243 105 244 17 -207 326 212 44 40 -16 -5 -2 61 188 300 -7 128 -30 -320 -46 148 -242 260 -264 -295 156 180 -92 169 272 -229 -207 104 209 -46 269 280 118 -355 295 138 293 -62 13 -51 292 8 -296 294 -137 -330 -238 -256 185 326 -150 119 -50 224 64 -271 -264 142 22 133 -22 -59 332 -98 155 352 270 -305 -161 98 19 348 82 361 -287 49 142 150
-195 37 76 -32 338 -199 150 -102 -177 192 268 241 88 -300 113 -217 -107 -238 242 -94 -356 -247 -251 113 -195 -228 46 -13 335 -227 332 145 210 -334 151 -264 -158 158 120 85 253 154 -330 -233 -67 -71 20 -192 -305 284 -146 -296 129 233 -262 -205 93 -95 -239 -164 -359 -94 -3 37 266 -288 -218 283 -306 -196 -140 268 -162 84 -197 -65 34 -328 203 30 -356 0 -139 322 -256 198 146 125 -278 -246 292 17 -275 356 -54 175 -185 82 -301 -276 -302 14 248 -50 360 66 -353 -305 259 3 -91 -72 -47 -99 -120 -315 -80 144 170 -228 -285 -16 163 -104 200 118 214 -70
160 113 -309 127 211 -171 -231 -292 26 -34 -170 64 86 -41 212 195 -151 203 -18 2 89 146 118 -64 -188 -184 52 -285 -27 208 -334 359 173 -50 -298 -227 117 -116 160 -111 259 336 -169 98 -23 -290 -86 -235 -109 348 -296 -146 112 159 159 -297 184 189 174 104 48 313 -209 208 -244 170 44 350 317 -77 197 127 -79 114 -187 -54 17 -306 322 270 -261 82 -271 -71 -121 -242 76 334 -76 28 72 -333 91 -223 -200 -257 277 169 -101 -72 -36 67 226 266 184 183 62 -148 -235 -350 -155 -217 -248 -86 260 -257 -360 -7 323 270 -167 247 256 146 -166 -354 -175 -287
-219 -322 313 -63 -337 270 -50 59 -109 -99 212 27 -117 183 -347 -277 340 41 356 -244 -87 -57 -350 -107 -58 -352 28 253 105 310 136 233 -223 -107 346 -154 -63 -146 218 -204 -111 -235 252 -152 279 125 -211 -317 -125 185 185 -231 118 -210 -151 -81 90 36 -326 127 -176 -170 20 -129 308 140 283 46 -294 -67 282 -18 -128 126 61 -120 -153 127 -26 -277 3 290 325 -157 216 -232 -337 -342 52 -99 -104 204 -244 -227 165 319 -213 157 142 -297 -190 -297 -228 -335 66 -80 207 -320 68 254 -329 233 327 -347 -142 -169 309 -31 316 257 -311 31 337 -170 -231 -217 131 -46
190 187 -40 29 240 30 24 -149 -359 -244 -198 228 157 332 -59 -284 -94 -28 55 254 -338 -277 267 -142 -113 243 -1 147 344 -358 139 -97 338 -129 -315 241 302 -103 19 336 -345 -291 -289 255 -47 -37 -64 -247 -193 30 -35 59 17 -231 -47 59 -134 5 73 144 358 -46 168 -18 -295 -181 -232 -38 -228 3 -203 129 309 -351 -266 285 -122 350 136 -156 -246 -73 191 243 -83 238 147 72 70 -181 325 176 -2 -21 124 -127 -236 -326 209 -292 283 -52 -21 -236 -37 7 74 207 206 -185 123 -110 80 -124 -211 -323 -173 -23 -329 -331 259 -304 235 -147 73 262 67 47
-334 121 -192 25 361 -55 132 -87 -258 -83 -2 325 325 -67 -336 -303 -31 208 96 -311 79 -255 -45 -296 -229 -6 -204 277 191 236 -49 -169 -155 -186 202 166 191 93 207 20 295 -149 -315 -311 -98 -8 84 259 -30 313 -176 207 -1 -155 61 -3 217 -132 -308 -348 -16 338 -344 22 -346 -342 233 -216 -104 104 75 -36 -87 352 -88 44 79 -306 -100 -324 19 157 193 83 136 -42 -230 181 139 -125 -220 -95 184 -293 270 131 354 330 4 -29 159 218 -241 75 -188 89 -182 145 -221 87 -18 -120 183 -131 308 -139 -313 67 -157 -264 32 53 34 -70 -353 -330 -137 323
156 -286 -262 -261 -335 -293 -176 -154 158 335 -265 -138 -87 248 -128 -362 34 14 -25 352 159 274 -357 -178 -123 -72 -300 206 328 -106 143 337 171 127 285 166 -46 -162 250 238 111 -26 -94 299 333 20 260 348 -156 315 -8 -301 140 -197 148 -18 212 -28 0 -77 80 287 103 77 -251 -81 214 191 92 190 53 -134 -163 -105 112 -194 134 103 200 -322 115 327 -353 178 -302 359 127 -122 124 39 144 176 -142 -263 231 -296 -57 244 -292 335 -350 59 22 -257 308 213 215 312 -217 -329 -341 -255 -66 104 -186 257 141 -48 -81 -111 -209 -84 136 42 -315 -113 38 -264
-148 190 -59 301 298 196 -102 5 -329 342 -163 244 223 345 -146 -300 19 343 116 -85 -101 83 -34 276 178 135 276 61 8 -64 131 307 -301 -100 -62 121 207 22 -323 177 -268 257 139 -75 78 -144 -340 -180 273 92 -347 -9 -112 -349 51 168 96 295 233 -35 350 -284 -145 41 -140 48 -50 165 -284 -284 347 126 -286 63 78 -305 -273 309 -192 22 -197 -11 -162 -121 133 -150 -177 -176 326 344 52 255 324 -259 -107 63 50 186 -219 -17 4 252 -105 266 117 -247 -320 -303 347 -119 286 105 -209 47 165 348 -240 191 -312 181 -126 241 232 -162 306 -7 -351 -243
-64 182 242 334 279 24 -292 -330 -166 95 209 298 266 203 276 275 -280 229 -60 241 -245 -187 -173 138 -120 -156 78 -147 297 59 -72 -192 -187 -204 -165 315 -95 248 350 -57 117 212 -360 89 -303 174 -77 -85 -284 207 -237 151 -341 -124 -273 -121 -138 -180 -106 -66 89 -196 148 103 247 -48 311 312 133 -345 -33 237 157 109 -33 221 2 -312 28 -331 -358 -132 -11 304 239 51 334 249 -91 -107 -328 335 189 353 -20 -167 -216 76 -89 188 201 18 336 -257 122 308 316 210 -37 -87 -119 120 31 192 -280 -27 143 204 -277 -296 225 -194 -89 -32 -220 95 193 -268
85 -161 289 -287 361 90 -71 134 66 -339 21 -267 -36 -347 324 -175 113 -82 248 130 -238 15 -119 -83 219 -343 197 76 -243 161 248 339 1 -221 361 -166 20 98 -277 353 113 -305 54 -190 -220 31 -321 -16 -200 -342 300 141 -40 -84 -141 -155 49 -142 72 121 311 -322 -335 -200 129 226 -83 228 274 317 167 -328 123 160 -234 277 99 235 -102 234 -116 -160 285 174 -325 340 36 -78 -206 -222 294 -174 -1 -143 112 -148 325 -69 272 -125 -73 59 144 -199 -204 208 -355 84 -176 214 88 -184 176 106 332 -125 -30 254 -109 -342 -304 305 220 -139 -281 9 -159 84
-188 144 144 133 14 180 251 66 141 -152 356 -151 126 228 111 -159 -253 16 -250 -189 -34 157 -344 305 207 -282 79 237 -174 50 -247 -133 -261 121 -310 160 143 -200 285 289 165 243 287 -180 218 263 233 -76 85 -206 -147 186 216 266 208 -85 -249 187 23 -246 349 -62 325 -22 -193 121 -8 -304 -354 309 -65 -341 -172 110 -296 38 -79 206 33 197 332 240 185 303 -70 230 73 80 -8 159 357 -156 16 -350 181 -277 -146 -300 118 -98 239 -122 222 -117 -266 90 161 -151 317 241 -45 -102 64 104 -62 -175 338 -151 -194 348 -2 265 -25 -219 -270 -335 46 80
-32 82 -40 9 -286 -99 -260 36 -342 297 223 320 148 110 -276 -257 -334 -242 -157 102 -17 82 59 120 177 -216 333 -26 65 267 -143 -344 85 281 195 -295 -119 269 84 328 -257 287 226 -187 81 -251 115 303 260 239 -78 -40 -236 -70 -27 268 -73 177 -30 84 -320 43 -321 223 -192 -291 -38 338 302 280 182 -292 26 119 325 -273 326 -294 -154 105 -280 -274 -81 107 -34 -192 -166 17 -294 337 274 266 -267 177 -32 170 -301 -277 -6 251 71 -72 213 80 -20 -219 358 314 19 336 -1 -103 122 -95 111 44 -309 0 66 -217 -142 161 -83 333 -52 149 -256 -107
-76 -6 -264 30 -230 174 169 -55 -9 337 138 36 310 -6 122 -88 174 121 -309 -76 -172 303 20 323 -143 -346 166 59 117 132 -172 -129 177 -324 32 -310 -316 169 -111 20 -223 248 24 -62 48 -306 -199 126 27 -72 -34 187 115 264 -306 -38 307 -346 -87 321 -104 -149 216 88 -81 -77 -109 -298 -227 -159 230 70 82 5 -68 -302 -89 301 -358 -159 193 201 230 -202 -338 71 -174 218 -17 -297 191 74 -245 -168 -12 -357 -133 -218 189 -111 -186 343 291 255 63 69 296 249 33 -217 270 -214 69 146 82 155 233 240 -83 145 181 312 79 -316 -39 -272 82 -7
8 -354 328 -64 347 -210 -74 279 -195 -85 126 270 102 159 322 4 -270 -192 236 119 176 136 -122 -150 -73 -306 -108 339 143 29 152 -164 -1 181 215 -57 -167 80 66 115 298 -201 123 -340 -293 309 185 -67 -54 -257 -335 222 -101 30 160 269 334 22 350 -108 -42 17 49 69 -173 233 -312 59 92 111 -324 -19 -327 113 208 265 -277 -266 176 260 93 -99 -89 -116 69 221 124 -204 3 -279 317 189 105 66 124 -277 60 181 -275 -81 328 271 -204 219 5 -360 -11 -315 130 61 59 -32 220 121 236 49 194 -50 -344 -347 -123 214 -108 -51 -126 -214 -337 -283
361 50 -127 -199 333 226 -260 -231 -322 318 -49 -245 -21 207 -107 126 -120 327 334 -237 -326 276 79 -140 -279 -159 51 167 349 353 99 285 240 154 -79 274 233 81 347 200 -318 277 -19 236 -329 -120 -275 104 325 74 -77 104 215 -313 -245 -277 254 114 121 63 294 -332 349 40 -200 96 108 5 -246 113 178 -114 76 247 -263 179 143 140 -78 100 -280 -21 -285 -80 329 -203 -310 188 198 85 120 -337 80 -353 -16 198 18 359 214 -231 6 -91 -261 -158 -87 3 208 330 90 -358 83 318 -168 -111 9 -44 265 -328 -151 -345 -238 260 336 227 330 -10 279 -2
197 343 -291 166 -173 244 -291 -263 350 159 -290 297 -268 -172 236 -234 193 26 249 -250 -278 207 359 -211 138 145 -151 264 143 -226 -288 81 66 -181 136 196 -47 -335 143 -82 20 -129 327 -107 -90 -187 155 4 45 -197 -77 -152 -10 118 -176 -155 287 222 -305 -343 -84 -70 115 -22 -251 -354 -117 -298 65 16 343 263 -121 -194 -238 -91 -191 -272 288 266 210 -35 54 -7 2 -224 139 2 -224 -52 59 160 246 38 165 5 -192 -345 -271 -127 -222 163 -270 -206 52 -187 -55 -213 -303 356 -5 167 -24 35 272 263 -96 86 96 202 9 263 -68 195 -93 26 92 -317
355 253 -10 -172 -224 -159 116 161 5 281 -350 324 -186 -324 -126 185 184 171 276 -58 264 -14 160 114 -127 -72 -263 354 242 115 -107 270 -205 35 288 -295 237 -188 191 44 -150 -236 120 9 310 343 -266 199 -172 76 -342 -177 49 -171 -156 -161 -271 277 -145 296 308 214 175 43 328 -53 -180 -260 -317 266 -277 361 -31 -61 218 -129 -286 22 -339 91 277 272 131 319 229 50 44 -92 173 -198 252 -337 -60 -59 276 37 -262 -198 5 206 -13 302 16 -96 59 9 -39 268 187 288 -206 -87 -257 332 -205 -112 -215 -161 -147 90 231 -30 -5 317 180 319 349 71
277 -333 145 -230 317 -352 -102 2 276 -12 -323 144 198 -156 -285 85 -172 258 -203 -192 329 -188 131 -212 104 -129 204 277 268 167 -69 -324 52 304 345 132 -289 85 -276 -301 -124 315 -75 -254 -309 211 -293 -124 68 202 78 349 151 -63 36 93 -34 63 -3 -193 82 -142 350 233 -319 162 -196 -265 275 251 60 291 -114 -174 -217 61 197 -77 -222 -267 128 132 -94 -177 -282 -315 361 104 314 -137 -265 352 -136 -263 -299 -94 -340 -297 -262 -200 -77 294 157 -195 -15 174 91 105 -125 -39 360 361 -86 -122 208 -219 -166 93 99 -44 10 -60 134 249 -150 -54 154 -341
362 -96 -251 -351 33 -133 224 124 99 125 332 -267 -219 -324 -164 -361 252 138 159 -354 263 98 -15 296 218 -231 265 -256 159 217 -50 311 -291 -303 60 -202 -317 -204 96 252 -176 -134 114 -76 70 240 -38 -212 32 28 -154 40 -124 -145 -219 -214 -118 48 -250 231 75 -256 -6 63 -304 -202 -247 146 -169 -177 159 124 336 -135 165 32 -285 210 307 76 -278 274 235 47 -328 125 -234 -219 200 -231 195 322 -204 -110 259 -102 -195 261 -297 223 104 352 162 -127 -130 -170 55 128 -108 -94 -195 -225 -148 285 330 -29 -225 269 330 -271 352 288 -318 -32 44 -11 171 99
-79 -189 235 -263 -155 -173 155 -121 154 359 -130 -19 -84 -149 227 -13 -12 -249 -335 184 -198 358 -300 -5 107 -136 196 126 335 318 -150 -319 -145 304 -284 -46 -78 -147 -39 -52 103 -344 176 -118 258 -359 241 -80 172 -193 197 229 -248 -25 239 279 -1 -352 -269 -351 225 361 -204 -146 167 -238 -231 -275 248 235 110 -109 65 -356 -76 264 -212 107 154 197 -136 -12 193 264 -80 57 325 215 22 -168 -339 -193 203 124 -102 64 273 -30 -195 -144 24 197 -306 -319 128 -315 32 170 -147 307 -191 223 -126 34 336 267 -74 145 160 -188 -149 278 313 -260 -232 273 189 189
-96 43 343 324 -161 -168 -147 -276 -254 -82 -26 346 64 355 -111 -248 267 45 -125 -328 -283 43 -93 97 -129 -19 -180 60 -148 111 -311 123 183 -355 160 -208 341 -51 144 79 -226 178 -361 126 22 6 -121 216 3 -289 -197 189 -132 167 -230 -153 -349 277 -238 -46 -130 360 -18 176 15 192 -55 202 207 -165 -155 -139 35 -218 294 -346 -105 -150 -341 -107 -308 251 -175 301 284 271 -125 27 73 -344 -307 -208 -235 240 179 136 -23 317 151 98 -117 -100 58 360 304 282 -133 -313 86 332 66 -179 -361 -341 -299 -161 64 143 57 -256 210 -344 73 183 -10 222 -157 -323
-49 -268 -273 -8 -190 -140 321 -176 157 -336 -295 356 164 71 176 125 252 351 -311 -161 -30 -221 262 -31 -80 229 -235 101 188 -163 142 104 35 -251 -78 -51 -126 -297 226 -38 270 244 4 -185 -240 -22 244 101 189 1 -200 256 99 -228 255 -358 -16 254 222 96 175 -4 258 -317 64 168 -166 214 196 -130 -326 140 -324 27 -263 -327 -322 -234 -247 43 346 -308 -224 75 -324 254 182 329 -331 57 350 -252 150 -63 -358 356 -245 -120 -73 68 -27 -39 -167 -287 204 -32 52 -246 80 244 -282 301 -130 -274 355 217 19 -17 59 313 230 276 56 134 -211 -228 -3 9
-279 156 353 -78 -207 -160 -82 -15 108 289 188 63 273 -37 -300 133 272 37 313 -129 329 -224 117 -44 -288 -167 -41 -358 -330 1 -272 333 -139 -294 139 294 165 355 314 -162 -88 -131 -40 140 -54 285 96 -154 6 163 211 -322 -86 -277 -183 -1 143 -221 295 -282 345 172 232 -50 189 33 -109 -38 222 -237 90 -22 -14 156 238 -150 324 -32 -341 -161 -35 296 114 -159 -13 -336 -47 -279 127 101 179 -40 -36 84 -211 246 48 240 17 -151 147 -214 94 -265 -41 45 -73 227 24 111 -229 274 43 -165 -153 -248 248 -342 -3 362 -128 18 -160 -335 -190 -274 -10 -228
40 -286 242 249 -53 -256 -33 195 242 -250 334 60 -289 -52 235 -41 -357 -295 148 159 1 149 -317 9 -197 -204 41 -95 -252 23 316 -123 56 305 238 -67 -269 214 329 -256 -236 91 109 -261 -16 -171 296 -86 -315 347 114 -336 147 23 337 193 8 -131 -262 194 -106 -256 242 -304 305 -39 115 232 -2 -332 -246 344 299 32 33 -7 -273 11 -219 -175 125 249 -172 58 16 -211 208 -136 164 -56 256 -308 -280 -88 140 -137 117 -334 -135 155 -198 360 194 45 -166 329 130 261 2 -113 -27 -195 82 74 -353 -93 -70 158 -267 116 -40 245 -233 -339 201 95 -162 172
-340 -203 -177 274 346 -331 -250 282 67 221 75 291 269 105 -213 86 120 -72 -362 215 124 80 280 -77 -278 -13 275 77 354 -340 -348 2 197 154 -275 -45 145 -214 -322 130 -303 -8 -352 -40 -302 -79 11 101 -48 -57 196 361 100 -121 -105 112 -90 -117 -18 310 202 79 -163 124 -329 68 140 18 -91 42 -291 235 -244 -86 -150 66 304 -277 -349 -226 -16 -121 309 -325 332 -25 -158 29 157 -241 -264 209 -225 -340 360 -346 -309 320 346 -239 -82 -1 -234 -61 123 -216 148 -239 -239 149 55 -288 10 -108 -264 132 -42 153 -217 -198 239 -144 33 -3 89 73 304 96
238 15 -231 -27 112 85 156 113 -309 -295 -52 173 -75 -325 87 -109 -5 -285 125 -346 -347 251 -155 -296 -35 -256 -284 -247 355 -235 -207 33 206 357 357 -9 -55 -91 -161 -86 -10 -225 -61 -32 25 -334 -120 98 -247 33 320 -230 -221 99 -250 66 -63 196 -110 244 154 238 -120 172 -80 -228 231 -336 108 -318 320 -187 -1 136 327 -231 331 -232 81 195 -192 251 155 -304 -315 -276 -198 -164 -244 -335 15 1 -284 -360 -203 9 355 202 303 162 -335 -334 280 -3 202 294 72 -293 -137 -86 121 17 -338 207 -244 -335 -46 99 201 79 -111 -121 221 -105 -258 -286 321 224
-169 167 -234 -300 -297 277 224 359 -101 144 246 -46 -66 271 217 157 -256 80 -335 -221 98 -162 187 -269 301 -79 30 -113 -96 263 -237 66 91 343 -157 -123 220 82 321 -83 109 336 -23 68 -127 60 236 107 -345 241 -285 73 286 273 9 -359 250 -358 -235 224 321 112 -42 -265 264 -115 187 280 -4 -25 -177 246 -136 -101 -278 -256 -29 -165 293 8 303 30 -103 -86 345 -291 -265 209 -349 111 -96 -265 -358 -215 -186 179 160 317 327 297 246 -19 325 -114 25 -349 171 221 -208 90 45 320 -308 -269 -83 52 346 -204 -161 354 -17 -90 -204 -3 176 246 3 201
67 -140 18 71 300 349 83 -4 -28 259 -212 237 255 338 -187 -53 -318 23 125 197 237 276 248 187 -7 240 -339 -12 68 -143 43 1 -346 329 29 348 272 264 242 -198 -4 -332 1 -346 266 98 -40 32 -190 282 -90 223 253 -111 -173 159 -248 -204 -262 -122 264 220 238 -294 -326 -135 29 88 15 164 63 35 -37 331 102 277 21 -262 305 -87 -24 260 -199 140 90 318 308 129 112 189 300 -293 31 223 -79 -308 75 -10 -26 -282 -87 113 56 241 51 -323 -151 157 -21 -138 78 -29 -347 -9 237 74 179 -188 -85 -295 -174 -183 -240 139 343 -287 341 -27
-28 -124 114 -32 328 -66 261 -74 -93 -111 201 -231 -254 -33 144 56 -84 -209 -227 250 351 60 55 172 320 226 -173 -120 -134 264 311 -32 -9 151 34 -167 -167 -195 -95 -347 287 -357 174 56 -146 -334 -106 321 294 190 -327 -25 142 -90 174 301 310 99 -335 -335 -188 99 -198 -143 -337 -354 -69 11 -275 -174 164 -50 41 -105 50 -77 -90 -207 283 -11 -314 -93 -223 194 50 359 224 -126 -341 -197 -283 -248 -214 115 116 -347 153 -152 152 109 61 88 -92 7 -209 -198 -295 177 -141 292 104 -63 -278 -161 -195 41 -65 -229 -101 -63 246 296 -232 124 304 31 -135 -216
340 139 0 323 359 316 -208 356 67 -65 -281 252 -42 -25 -300 272 -243 193 -42 361 175 246 133 -233 -330 -272 -153 214 -139 254 50 9 -195 28 -61 124 -131 -267 101 -109 290 9 154 154 220 6 321 -324 60 -328 -356 263 139 -256 359 -171 -261 -157 -346 231 285 258 -317 -198 -59 136 294 232 56 267 -206 -143 -274 169 89 355 -325 -222 -296 -338 -268 128 -345 220 171 358 187 175 -310 -109 148 -128 -118 -245 -216 -19 329 -83 -280 -231 60 344 -150 291 316 -106 -175 128 -261 344 229 -176 35 341 162 -183 -8 -26 184 -232 227 -163 73 222 -140 -268 9 277
221 -334 214 -305 -207 63 268 293 239 152 99 -108 154 -352 -278 -306 -61 45 63 0 25 236 -255 0 13 -323 -294 169 -285 171 247 -318 -163 -346 185 -250 -350 108 290 -28 7 261 41 -62 325 257 233 -86 -157 343 -57 305 -195 -353 -69 308 -317 295 -213 -42 140 -355 -55 297 189 195 -218 -32 124 10 190 -184 175 263 184 358 -137 -26 -77 -58 -272 205 -189 105 -125 24 224 120 110 72 101 -186 -167 99 -1 3 285 -84 -254 -59 -42 90 21 -305 -141 132 275 -315 253 278 154 -227 52 294 -71 318 323 143 -265 -221 -344 -182 337 -321 230 8 57 -305
125 198 -352 129 94 191 228 16 -290 58 -191 348 -107 -175 14 241 -126 -198 353 96 -155 -62 235 -291 -360 -41 180 -162 139 -250 30 -129 227 262 15 -153 -61 -313 -337 -216 110 -307 -230 72 -336 336 116 112 19 137 -160 -26 29 269 106 -142 -280 -53 -232 70 201 266 -226 354 -206 248 62 174 157 -339 -57 -60 6 123 107 124 119 235 -75 -344 -124 58 14 -309 213 223 267 -295 251 202 -283 -321 255 -34 -89 115 -355 23 262 -61 219 -135 221 289 -213 285 156 -219 2 -100 80 163 -130 279 -57 -319 49 81 -99 -238 350 233 109 30 127 -65 274 35
181 -178 0 -149 344 -245 -171 -185 14 238 -277 -293 245 335 286 228 -223 -155 -303 -101 -245 -34 130 -129 275 -236 -136 -115 246 119 304 232 110 -145 -121 53 -85 -252 -183 156 -296 25 -238 -114 -187 -226 -96 134 -285 294 -236 -347 -30 189 129 175 -203 210 -284 -17 -138 142 -350 21 11 -332 152 -18 -41 119 -244 -134 215 260 -327 136 -161 25 120 -13 -194 98 -111 73 172 -283 103 135 320 205 123 243 350 -339 -317 249 198 192 -96 -34 331 31 222 204 153 212 -24 329 24 18 -340 82 166 -59 -94 -123 -152 -192 72 -171 -349 191 -32 -203 217 17 -322 -69
-273 169 -51 78 269 194 294 -249 -55 317 -230 320 0 -105 277 262 197 222 219 90 -232 264 236 144 -29 215 -341 19 135 280 -48 361 77 52 -285 67 292 188 237 58 -206 -316 206 324 -247 22 96 15 -256 163 -239 -231 238 -269 257 137 50 308 -34 -347 -262 114 139 162 -237 307 -101 -201 -273 170 232 -178 165 -200 -262 -212 -218 -329 -139 -267 132 13 173 168 41 190 -301 13 -175 256 -237 229 -253 -296 -162 -268 15 106 61 -169 325 -105 -345 -228 -3 -318 -196 -52 -108 143 98 29 -339 -17 71 -335 -159 212 4 -273 109 -245 139 137 282 -100 -155 108
-294 -216 81 -212 70 35 -95 -264 -43 -84 -263 301 -178 97 -292 -6 9 299 -138 107 -32 -284 -224 -71 173 200 221 209 83 195 -310 -58 131 25 21 137 -231 263 169 -12 334 -121 -102 201 214 -275 -189 102 -9 -338 -150 -276 108 -352 -336 153 51 -265 -316 221 -17 169 -3 238 -254 -341 -187 102 27 331 199 -268 -23 215 -113 -188 186 176 303 -284 -286 282 -288 -307 -97 -253 -310 226 -68 311 17 -74 292 -57 54 358 -91 -18 245 -228 231 -251 249 -248 152 191 249 -348 -144 -105 -145 183 -94 304 -208 -222 324 -56 -184 46 -63 -210 -131 158 -37 92 -354 89
-12 -360 -42 332 310 284 -46 -212 -282 2 256 23 131 114 -125 112 281 342 -319 49 125 53 -150 -55 288 -150 -238 -262 354 18 224 218 63 -72 75 360 -353 0 -4 168 151 -110 319 351 -108 -59 37 269 221 -273 -277 -19 -330 -221 -231 344 82 192 227 110 -203 222 -107 -3 -240 163 -153 -32 118 -179 -224 24 -323 -262 -17 126 -322 -294 159 -346 226 -24 -143 -226 217 105 13 -126 290 -104 -313 -266 -147 -259 125 0 300 89 -108 183 191 -114 223 -159 103 31 -197 -305 81 -337 -332 86 -81 -327 285 171 109 325 38 -88 -187 -266 135 311 201 348 337 219
-227 99 -119 -250 -171 -131 57 91 -139 -79 131 21 -201 -113 147 -22 -346 -119 -22 -73 179 123 -8 48 -353 152 336 -261 -21 241 -260 -50 197 -100 4 219 188 291 -182 -358 151 185 -196 -321 -35 -251 -259 92 191 179 97 -71 7 -158 -156 -276 -80 309 37 78 -165 27 156 323 -310 48 -126 254 -134 220 288 330 336 -2 139 79 148 174 0 -79 -281 -45 -301 -47 78 2 162 351 342 -279 33 -244 -62 231 278 172 303 228 42 -274 216 1 193 -318 69 4 348 244 -52 80 83 -102 3 -139 253 -266 252 -329 110 -57 -338 5 -223 2 165 19 283 -200
162 -235 264 -218 348 -117 209 -178 251 -32 169 -210 -325 -154 -126 -335 -193 -299 -31 -305 16 137 308 242 -333 303 -207 -279 -232 -12 -37 -87 322 313 -359 307 183 -46 -186 191 314 -101 240 134 -210 243 -238 289 -269 219 -55 51 -38 -251 -263 121 -223 143 -346 -19 -307 -315 -129 302 154 256 79 -224 104 -50 326 112 20 -21 341 356 -127 -77 290 100 -249 123 -287 -295 298 247 -359 0 -85 -251 -116 252 -50 -335 299 -1 -195 57 -288 309 -290 -297 -270 183 -188 187 -183 76 -54 8 -49 301 72 -140 276 232 123 271 311 57 -291 -353 -231 -21 211 78 -82 97
269 -200 20 139 218 197 -278 -144 -312 358 301 -319 -214 -233 -338 146 -340 -147 -212 348 -339 109 -276 -161 245 -345 123 227 316 98 77 59 -260 62 -280 -351 -285 -149 119 -32 277 -251 -227 324 -307 278 161 296 172 104 -315 -283 75 -29 -225 191 -225 288 -36 133 -339 221 40 -283 205 -232 119 -288 -338 -336 31 -135 -235 118 -28 -331 -330 -253 155 269 15 329 -55 349 62 74 300 241 183 -257 -98 -13 -97 -229 112 307 -253 230 27 -14 274 76 110 -256 -312 310 -276 64 279 143 -238 85 -172 -232 -49 -116 -170 -300 -285 -220 -238 45 297 -205 174 -308 84 76
276 -72 340 -222 144 13 -226 66 230 -317 37 -30 258 17 -128 76 130 243 -199 -229 186 -142 237 -155 -9 -214 -182 32 -94 132 -53 48 -13 132 -235 -287 307 138 -238 186 -321 -34 188 229 305 345 318 196 -220 119 2 -59 -47 -361 193 -19 -79 -333 335 274 301 260 -291 -95 -124 60 -106 -87 -293 105 274 -133 -361 -176 106 151 -157 -164 -134 80 -47 167 302 -251 1 -320 51 230 -330 -32 -31 196 -125 151 -160 -131 -178 149 222 240 121 -60 80 -225 -183 -293 -56 -80 -1 312 277 -69 283 148 -8 230 335 -161 -285 -187 -139 -243 141 69 79 -99 153 207
-284 -2 298 249 -210 318 186 173 -81 110 170 -226 -156 -30 349 -211 322 30 129 3 246 185 -182 131 -328 -148 310 86 348 -53 326 23 -68 27 118 -223 -76 -178 238 267 -214 -278 331 222 237 -293 -156 -207 -79 44 -223 -193 85 -99 -121 -90 -272 148 292 110 342 -336 -333 -276 -309 102 -7 -193 -49 -180 291 319 343 -19 20 -170 -350 -142 -69 208 -78 -35 -12 38 108 60 -124 -4 343 -205 166 -312 -14 66 157 27 5 317 132 17 123 41 -189 183 219 348 -75 12 230 -4 -196 -262 107 53 194 98 348 -113 289 272 -326 -247 -174 51 293 115 -132 269
52 235 161 262 133 254 70 -207 -169 167 -204 261 -362 248 -91 316 -337 -175 54 333 -306 -334 -300 -278 322 -251 -118 8 226 13 293 -348 54 -50 -181 -304 -43 40 196 -254 -175 83 -348 -141 162 75 270 353 -166 -334 153 312 -221 -176 -100 -325 273 74 347 -32 -15 -251 111 112 300 295 -223 -13 168 272 -231 -244 -236 351 -180 -180 356 -254 -254 -165 -219 -69 116 -362 334 319 -357 -235 304 246 -190 -121 25 56 -247 -168 -120 90 -355 295 310 -153 -264 -79 -6 147 -254 -266 -156 205 -3 -242 -32 -13 322 123 -301 -58 205 232 73 -339 -341 86 -225 70 191 147
89 -225 -263 262 104 318 256 30 -322 124 -284 -176 -331 58 -41 296 219 238 47 -83 286 311 192 296 68 140 66 148 -353 -149 -277 -249 252 -240 -349 314 -133 -354 -279 175 -344 -166 88 -107 -298 129 168 47 -225 137 195 180 -326 79 31 -256 170 118 87 -7 337 1 6 210 -225 -188 -322 100 334 20 206 -343 316 74 -211 274 277 -245 85 69 -258 104 -356 233 -73 -85 13 -221 -343 106 20 358 293 38 -152 41 -42 -309 -308 -68 40 276 80 -79 -33 238 -164 -343 100 12 -69 110 229 -105 -97 140 -311 -20 208 -221 -82 220 -61 225 -238 205 162 59
