211 212 -36 150 -367 436 167 265 275 -504 117 459 -281 -313 -250 -68 -278 -469 -116 262 498 -148 -407 111 -477 -274 134 278 -430 -334 75 458 239 -132 -290 162 -360 -346 418 345 11 -345 -217 286 -447 349 -399 -53 67 408 -314 393 -264 18 116 -464 345 242 -420 54 -445 -118 131 -430
-301 -281 158 104 -388 -23 464 507 -453 -368 -307 -238 -82 94 -411 429 -353 264 -391 326 -194 -227 371 483 378 138 1 122 109 259 -240 -41 -58 -216 114 -74 -341 -88 -443 299 -392 -462 -367 -119 439 306 -393 13 509 315 -246 -220 -452 -159 103 497 -443 -365 -312 202 439 482 323 -441
-227 400 -264 222 -465 105 176 -184 -328 464 374 495 308 226 132 -167 26 -333 -99 -262 465 284 316 378 224 400 -496 381 265 -153 -46 86 153 39 386 -396 -172 235 257 65 -459 -473 -110 385 360 20 -307 -429 -86 -314 -142 237 360 -197 361 -83 368 -177 75 269 -149 -371 -113 464
-285 -266 -163 -266 471 398 470 202 268 111 -228 441 -271 453 20 124 278 -461 310 266 152 -483 373 229 -109 -478 147 140 212 381 -476 -388 -447 -235 131 296 -111 -296 421 -94 191 81 35 -466 -351 413 406 -433 -45 211 355 115 -95 481 -323 390 -12 283 79 16 -24 178 213 478
249 -162 72 -144 108 425 47 279 -321 -510 465 -68 -427 182 2 -213 -132 350 357 413 373 -303 -172 305 347 -490 286 -289 273 180 353 -414 423 -258 248 -418 -195 -7 18 -435 -499 418 -337 -454 -343 235 -47 268 273 -506 -252 -205 113 -317 -158 6 -493 -464 -141 493 -184 -268 197 205
138 218 -86 492 -261 41 -428 -246 -374 -325 -502 -228 510 472 -467 32 -314 307 -252 351 435 -494 42 -258 380 -54 461 398 -194 409 193 -149 -472 -303 -100 99 376 230 40 -395 482 -307 -42 454 -431 -120 -390 -295 -226 -428 -272 223 -360 332 -288 -372 371 -124 -34 -42 39 320 133 447
168 -159 -66 -375 -24 -19 -463 -386 -189 456 -133 -346 -453 -457 -249 -131 -149 146 -45 6 220 -299 337 -485 250 -296 448 -154 254 45 -25 -503 472 -243 501 383 -120 207 398 -458 -110 -106 465 -104 -335 131 281 145 -511 -364 138 163 -167 -145 -17 150 432 235 -101 252 -434 -455 80 351
-144 320 -109 258 485 -34 -307 -146 131 5 11 -472 -233 -47 319 -427 457 474 11 8 -477 207 385 384 16 314 239 -292 -151 49 211 -198 169 -230 -59 17 -22 490 -400 -96 303 -266 286 -88 32 -153 -184 165 -67 392 22 430 -274 230 -31 -83 61 -299 506 -184 -263 217 324 378
-409 -23 -293 199 143 -419 -325 381 -502 -123 -131 424 -185 -133 325 -152 320 500 -418 -504 286 438 -104 13 85 266 480 356 62 -440 -47 -160 460 -34 -360 346 -486 -393 487 236 171 -434 469 -325 -194 -21 3 -155 376 -382 245 503 -415 -157 414 -279 282 -45 254 -74 298 -445 -199 -24
392 -48 -214 139 52 -200 -420 -173 -164 237 -46 0 -340 -356 -451 12 -290 -183 198 -248 91 465 433 -386 -405 -65 403 455 -128 -355 -101 289 270 -154 12 -86 356 -24 -248 -200 419 416 -111 -49 -139 -12 -37 -168 -26 -66 -397 -202 99 308 -492 90 -130 459 -302 -180 -33 -84 339 158
348 436 346 37 446 252 -137 -48 19 -510 -249 420 31 129 125 345 84 -470 464 -269 -290 218 -166 408 40 140 333 475 -328 -157 -333 495 -330 -141 -274 -133 220 -104 427 20 119 -240 -376 258 -153 -215 23 -247 -45 336 -327 -24 262 117 -498 295 -437 364 198 -88 307 -199 407 341
396 -472 -168 -509 55 318 462 224 14 284 162 -151 426 491 -140 -461 -247 247 -159 448 435 -386 -264 -419 307 -384 -156 -265 -82 474 185 306 -481 -367 118 200 -221 63 -366 -9 165 -395 -437 -187 332 -466 48 -493 -449 384 489 109 -243 -171 -422 509 16 392 306 -422 -491 179 -376 -444
-500 -460 478 42 -15 -42 122 -209 -151 -212 -295 261 -391 -342 -490 -10 -221 -283 -92 -466 71 268 50 78 -275 -255 62 -166 44 81 374 -279 49 429 -24 154 337 309 494 392 372 -402 -55 73 275 241 394 346 103 481 -348 -310 207 51 151 -499 158 465 -299 143 327 -231 -435 415
454 171 225 -55 266 381 404 -361 -310 60 164 -223 390 -115 -290 -183 107 269 3 299 245 167 -404 -310 -60 -264 -64 -98 -376 124 -409 -61 420 -49 321 119 -377 -257 -235 332 95 -371 285 4 60 404 -97 487 -22 -206 -356 -149 -172 130 -182 -288 488 -150 81 100 50 -417 20 -479
-220 21 472 -209 76 -366 174 -224 -89 98 -434 -110 -305 323 159 404 262 90 -392 -394 100 -421 -470 379 215 190 -112 -140 349 -138 -271 -345 204 -70 156 78 -99 43 -456 -282 -383 -348 68 124 -158 -104 -170 -113 367 277 506 189 -105 -477 -36 -469 -295 -83 495 472 49 -267 -244 223
111 -114 -142 370 -146 4 334 133 -223 148 147 -338 -201 118 -152 -60 -16 37 398 -347 135 457 -263 159 -113 253 -363 16 479 -383 -199 5 392 -188 247 62 222 -261 -355 376 -468 435 193 -479 -161 -120 -306 55 126 -85 243 -451 109 86 -313 -418 -170 -223 -110 -294 -278 -247 -315 -229
261 -356 -84 -216 159 -19 468 -235 -265 -20 -150 375 197 -386 420 -450 73 -345 0 487 -492 -425 5 174 -413 102 -336 277 -230 -321 -435 386 273 -207 -93 -65 405 1 373 433 469 -297 0 -434 506 -386 -328 -223 445 -11 271 451 -198 -2 -252 -113 222 295 -45 7 343 174 261 482
10 -164 -102 462 -338 -211 339 -512 -431 -472 277 139 -260 -398 357 -447 338 76 22 208 -459 503 367 334 -194 -131 -109 266 321 -428 -387 -253 168 421 -350 -40 -169 -38 -188 -339 -390 -468 495 -334 -109 -130 -246 110 -3 389 74 -101 -170 -479 -22 483 -178 -301 -109 338 -158 -108 -304 429
-422 -476 40 330 -286 511 -406 404 183 -113 208 -12 259 -310 115 -114 -312 -100 -359 136 353 -33 -20 295 -156 73 -236 311 -219 465 394 438 -235 -234 -174 84 -217 269 -510 -248 -214 -505 -287 -306 -98 37 249 -124 -286 -282 320 140 -131 150 512 467 416 326 301 504 -283 285 438 327
-65 237 -161 191 366 250 358 83 -471 206 -196 86 -267 250 -325 66 197 -357 307 158 -100 -271 57 -132 276 390 -65 -118 -202 -58 448 -145 -168 -477 460 41 409 -143 402 430 436 -287 14 136 251 -98 -274 -92 -316 285 242 281 125 -297 209 -487 -2 117 -502 228 -140 -151 468 -216
22 -465 -64 -120 -350 -227 -99 -392 385 -369 67 -205 -171 -448 307 -440 360 -72 -214 -337 417 -374 -137 192 -119 102 415 -207 124 440 -139 -467 -106 -215 -56 35 220 -311 -360 425 166 -369 -158 -414 -199 355 247 52 -276 -278 175 465 233 337 -417 -444 189 -180 -506 142 73 109 -315 -439
304 -3 304 72 -248 -25 298 430 302 -335 -10 -505 64 -342 -445 -482 -194 -300 -290 220 371 72 502 392 -168 148 -469 343 394 6 358 -3 424 -323 27 276 283 -246 92 -110 13 497 175 356 -404 -98 -367 -226 -82 -181 239 -331 248 398 -81 -119 496 31 48 -250 305 482 -148 -323
-329 -391 191 512 -239 458 -399 -370 -179 398 435 -264 -249 -228 90 404 67 87 -27 -315 139 230 152 75 296 -142 -243 287 463 136 295 -143 38 95 -161 -117 3 -348 -480 -229 -89 -51 173 15 488 -198 177 -418 -438 -118 -223 -138 292 -487 196 302 113 -17 -260 -411 -365 -412 -405 438
-454 -68 117 0 489 77 -36 260 -270 -352 306 -11 46 189 -4 -501 -64 122 -140 200 -180 -465 408 -278 495 -134 -107 -152 470 88 -73 190 -27 -2 -23 -120 -373 -367 -252 311 332 210 496 -211 481 -295 -200 179 71 -409 256 285 -90 -452 135 -351 35 -269 41 161 360 -170 401 -241
-111 125 310 30 121 -484 450 -494 158 -96 427 -361 446 35 -319 -212 68 -451 -305 458 -65 -468 483 162 -503 -24 -123 -170 -148 371 23 273 360 94 -304 -354 -271 144 -277 344 183 -489 -428 486 -150 -40 -233 -273 -99 161 436 297 376 498 -138 451 -318 333 502 -355 -221 -88 507 -395
177 -212 382 -466 -217 5 -291 -22 -39 411 -494 48 -264 -392 -72 497 370 -155 441 35 -212 10 384 281 -273 -491 -268 -452 -307 -168 466 431 -178 -420 149 172 -223 38 -162 -182 101 345 -105 198 504 382 -192 486 -239 -331 160 227 298 -293 -188 456 -52 405 -367 -406 131 395 32 428
-400 -38 507 361 -339 -94 -426 55 267 -376 143 417 -79 -424 -418 11 -158 232 306 -486 -434 -112 325 -30 146 -246 -247 50 -396 401 -434 83 111 44 42 406 -282 235 -141 453 236 143 -428 -303 -214 506 122 105 -508 -193 217 364 -468 240 -322 35 -197 -147 -340 -362 439 -204 50 495
392 -153 232 -93 -113 381 -128 -172 -8 508 151 -474 -510 41 -376 -291 371 -87 1 429 -441 -250 -293 458 -188 -312 349 -10 -425 -145 -300 198 413 -280 477 161 -417 -281 -446 113 -60 -471 -494 -339 37 -11 -318 -149 -408 189 -371 142 -467 -494 140 3 -296 -209 -66 300 121 243 -163 -188
-281 420 357 210 135 -91 449 445 -274 466 11 -499 298 -310 -234 -474 -372 -148 -99 -71 283 502 -372 -338 180 298 202 190 153 272 -136 -281 463 -392 279 105 -185 -255 397 74 298 -379 431 -171 -182 180 76 -296 446 -303 -67 -166 -170 85 507 165 -50 -226 -168 4 -420 -310 -358 -62
244 -89 246 226 86 296 -239 -125 303 -305 21 354 225 -369 -389 354 268 -444 -258 -442 -312 124 -147 56 -241 -13 259 75 -91 179 0 -489 -284 -464 -239 -420 -2 277 348 -252 -453 -487 -17 224 206 4 367 -488 -65 -215 -307 -68 338 -436 -191 501 -249 -162 -4 507 476 319 -470 206
137 -293 -304 473 361 -210 127 85 -324 0 429 215 207 173 -400 283 -276 25 -334 -329 149 -245 295 -308 -488 206 -422 -111 -427 246 -408 113 507 -295 -197 391 249 376 -208 360 -95 -443 -315 491 154 390 411 -128 345 264 -98 -377 191 -486 -185 118 -27 307 -485 -74 -265 -435 -322 145
63 510 -404 -241 230 -291 5 -32 296 -303 406 -459 -489 -454 -322 430 458 178 -474 105 36 -498 279 -493 -92 342 387 -77 -111 227 -408 406 211 -19 141 201 -502 -323 502 -246 -173 280 28 509 187 -485 -438 53 -8 -456 162 146 40 -336 353 268 509 -493 233 420 -207 206 -308 482
213 -242 351 210 -193 7 324 8 -244 14 -110 -287 -338 -412 -83 283 226 77 323 89 -211 -440 486 -96 151 194 -11 217 -116 89 172 38 408 -324 407 -467 -506 18 -355 287 411 198 -192 -330 160 -496 -390 466 457 -97 108 138 319 -422 -255 357 -265 264 363 17 295 -68 403 -60
-417 305 -80 154 299 91 150 -432 -361 -434 -90 -490 87 342 114 345 -15 -487 -129 477 454 298 -437 106 99 -401 119 -434 -364 -392 246 -255 145 -256 -371 -359 30 394 -501 -40 315 403 -177 -55 239 -127 272 -465 227 69 -232 -98 -268 63 259 -278 192 -464 -189 -487 315 -303 -179 -357
-125 104 -9 -58 302 -236 103 252 -332 395 195 142 -442 17 -82 470 450 56 366 511 -331 279 367 -487 224 -391 -197 -366 -81 -7 107 -187 -88 213 -339 -425 191 -120 -110 5 -373 383 -332 107 -457 -333 -239 -491 -115 345 -366 256 476 235 -218 -344 460 -72 305 -60 -265 333 -166 -310
311 -499 -293 365 -156 -492 16 227 144 -10 251 -266 113 435 -464 -403 120 -53 461 257 -357 135 -253 -119 -320 219 -342 -49 -125 438 78 -26 -151 178 -342 -64 330 -109 -51 -421 363 -248 -209 451 -330 228 339 -282 -248 113 -41 -127 393 -401 121 18 441 -328 -203 -113 -32 -215 88 358
496 -410 -309 -252 -59 471 -8 -97 -300 -86 -284 -420 174 -26 -503 -45 479 454 461 -470 363 209 148 -22 54 22 407 249 -503 370 -4 120 -239 38 -184 -330 -46 351 -251 -369 -329 98 -211 -508 -449 -474 351 121 92 -493 -133 229 506 250 363 -62 -45 159 411 50 -3 190 242 51
346 406 -202 30 -455 -6 153 429 385 -251 456 254 -311 -390 -248 -201 424 -5 228 153 487 193 151 32 306 185 -493 397 -426 -11 -78 -492 -166 146 428 156 -107 -468 -447 475 431 -4 -259 -39 111 -28 232 294 164 -96 -317 -29 -61 216 430 287 -425 198 512 237 289 26 -161 -112
-20 118 -376 297 -221 -231 108 64 -17 -418 128 -396 94 -281 107 37 360 107 -446 -345 498 -232 194 -217 181 -18 77 233 99 127 410 211 -89 -184 436 -46 -458 427 -445 480 -88 -495 -86 -167 -155 -276 -418 -338 -232 306 -332 -176 118 -298 -255 -35 -218 -193 -343 497 -5 377 -163 -434
92 223 -271 -196 468 141 -8 176 -118 -400 435 -18 -46 436 108 -21 -285 367 -100 -471 -79 -155 43 56 410 -334 214 -184 -152 231 -220 -303 454 -307 328 99 296 -333 44 -495 -228 277 -291 217 442 -324 -16 463 -347 -257 64 25 318 -418 -62 452 -365 206 487 -57 445 -217 389 -361
-35 -309 243 -435 -488 -188 -197 -495 -503 -124 379 176 426 312 -381 43 -404 65 -213 -269 -299 -431 180 353 -193 415 -484 461 -445 437 -339 -294 -252 230 -76 22 246 -156 -305 -138 -342 -351 -156 -436 336 158 191 447 471 68 -355 -218 287 40 487 -232 334 365 -6 355 2 -278 -463 228
-159 461 -159 -138 -415 -411 476 470 -136 266 356 416 394 140 -448 156 170 152 77 265 -390 -496 -352 -285 -218 -446 67 -235 -159 504 336 -89 478 -75 -390 -354 -210 65 -165 498 203 -395 334 -288 35 -251 367 -232 -450 142 125 -232 -411 -263 -28 178 -56 -250 481 -166 -452 -355 72 -199
-8 127 -267 -502 21 -378 -21 -250 174 -498 -350 -183 -130 19 -356 381 494 351 -236 36 403 96 -54 84 408 485 236 242 118 -84 -73 42 -434 260 -497 390 -272 -477 -32 -346 -465 -219 168 312 350 -13 -230 -453 111 3 181 150 -420 73 -221 -107 221 506 353 -311 167 -236 421 -416
-221 -289 -489 -13 206 38 -388 -182 -432 17 422 -6 -34 102 -171 224 245 -47 170 -489 -454 268 119 -138 -39 -510 470 -87 -399 -204 257 -290 135 103 -207 -395 -57 -271 -405 -510 -201 -227 349 81 100 -80 -371 94 55 217 -348 -320 278 -284 76 503 245 -283 -290 -78 -373 -337 162 187
239 310 -23 -476 -500 -462 500 -52 -406 -412 481 104 54 -62 216 54 84 294 -423 -504 -189 36 128 350 133 -20 53 -203 46 -450 105 144 -363 418 496 -376 84 421 -450 48 175 -320 68 381 421 482 -80 378 177 -51 -77 203 -181 -382 368 128 -298 30 13 359 -187 -225 473 -57
-167 -494 192 -317 -311 440 423 -209 -418 -447 -335 387 -36 148 502 13 426 186 369 134 -116 -470 -7 85 80 117 85 -253 -107 225 346 367 -1 -148 67 261 -369 -214 398 -190 195 -435 -38 -459 399 206 271 -116 299 471 -185 -510 423 371 325 -476 -109 442 -293 -393 -482 37 -146 69
-387 371 -20 -348 81 280 425 442 47 220 301 71 -386 482 177 -211 370 -26 -373 -319 -14 287 -85 -71 195 108 -237 216 150 400 -500 132 -338 372 -142 -253 502 -371 283 -294 -394 405 274 -396 180 -359 -321 95 35 242 162 315 -77 360 181 -48 137 -331 -332 -369 483 -432 -26 207
-15 294 117 -187 -423 -333 -317 -440 -92 -316 41 488 276 -14 -487 371 -458 -170 79 -110 203 60 447 174 278 282 -451 -222 381 -404 -284 232 39 57 143 184 -283 -402 -239 -46 231 -98 231 496 325 311 316 -371 -356 208 476 -429 -372 478 -88 481 16 24 76 -369 318 42 -102 -406
-505 172 116 307 487 -124 -399 71 24 232 -331 409 -444 76 -30 -184 -264 154 -12 387 -326 229 -434 383 110 -495 -323 -73 -405 -92 416 -149 -224 -253 -216 0 -212 123 -244 145 82 -416 72 356 488 105 -24 457 302 -29 217 -462 -54 120 359 -402 507 460 -179 -154 -180 455 -39 -288
-372 69 241 -378 167 -378 -401 181 -218 11 379 286 -206 348 -327 75 179 -4 188 429 -318 -253 453 -220 420 -509 448 107 -419 -229 -126 -474 93 435 358 -120 -180 -279 50 -151 -311 450 334 106 254 154 212 498 -405 -163 419 -255 382 474 -42 279 484 -503 32 -505 35 -143 -65 -53
-311 -103 69 39 -410 472 -26 479 159 54 -459 -194 311 -267 334 -475 -350 375 -389 -381 428 -468 -331 445 -287 -470 -197 -50 79 -406 172 -147 -242 -444 80 432 289 -303 85 -215 -117 295 -344 218 178 223 -3 -439 91 124 -213 -17 -320 156 -190 -431 265 114 346 -244 -444 -321 407 -280
-435 -377 -303 -80 252 -413 -454 164 402 -205 74 131 26 -32 -384 89 3 -324 -341 309 -227 47 -284 490 130 -260 425 -487 -171 426 72 66 -222 -23 -16 -265 -150 57 405 372 375 424 -238 -271 -232 399 8 268 -275 322 -247 -400 312 -491 179 447 184 -342 -153 453 -392 159 178 431
398 -406 104 -140 -159 -284 344 -383 125 53 -48 356 323 152 -249 387 -347 82 -252 -498 143 -287 214 -194 340 -286 -287 -76 -499 -30 154 330 41 -162 367 398 -377 -345 451 3 -44 182 -273 -250 -428 76 -359 -101 -439 98 62 439 171 -69 323 -349 501 287 395 -373 469 -383 -215 202
91 497 431 -503 -27 511 -442 415 -506 -489 511 300 370 16 334 9 455 103 472 68 -291 41 176 -269 66 -204 303 233 -232 56 349 289 235 42 -9 503 -88 -204 357 76 -441 -257 -141 -448 43 351 475 349 344 279 334 -207 -25 40 -2 305 225 -153 -354 201 98 -297 -131 225
-35 224 93 -327 -289 194 406 71 -41 234 -456 441 37 122 155 419 422 -282 449 52 -153 -7 324 -279 -288 55 498 402 396 1 241 -468 148 76 368 -453 132 -258 96 1 464 58 38 247 -214 489 -43 447 -59 51 -175 368 -368 21 428 157 -55 396 -423 -349 282 268 352 -243
-246 -115 283 -374 201 -92 -397 179 280 -282 341 -44 189 -391 315 281 -75 397 -39 318 -447 164 -281 135 59 161 -137 -251 123 436 -240 349 483 428 -389 -293 -18 436 39 156 -473 467 4 -457 -406 -408 -344 311 203 -317 491 -70 488 -185 -159 193 -111 326 -8 -408 199 -123 351 237
210 -426 -301 -352 -223 395 -474 -11 286 -406 -190 -213 246 -342 207 439 224 -281 -351 -349 -355 450 -112 43 -415 -140 269 216 -427 458 -226 -20 402 -219 447 -63 -383 -373 -79 -111 23 -329 111 352 -360 -311 -265 423 -473 -442 -110 294 139 -143 178 275 448 304 417 -74 -416 319 95 -256
200 -490 -159 335 73 270 414 115 453 467 68 477 355 -490 95 498 302 238 -167 -11 372 289 -425 -136 150 114 395 -283 -388 21 -144 89 188 -224 363 201 -28 -130 -236 262 -488 -376 457 366 -262 -129 61 -84 267 138 366 367 457 -132 -509 429 256 -460 -457 -209 -438 -289 118 207
-212 75 -271 -364 -419 49 -214 -268 252 116 3 -253 301 101 149 -100 389 144 60 -201 -86 12 -273 279 105 -257 112 109 -122 471 498 -491 287 471 207 -290 -35 -37 -32 207 -179 477 -344 -5 370 367 -463 -72 -372 -229 -166 5 -188 149 432 65 490 -444 -438 138 465 -354 32 368
71 207 443 399 -357 440 270 -17 471 203 347 -254 -130 418 -15 -263 -287 171 -506 -86 -288 181 419 441 448 43 398 -359 297 -43 39 -249 60 -475 -511 162 1 -60 -56 254 471 -501 443 -217 -465 -477 -415 -79 -444 -98 148 -387 -375 136 394 151 426 60 75 -251 507 47 -127 -170
508 -3 -127 163 -354 -457 63 -276 -3 -502 395 -146 184 373 84 -372 204 -433 102 179 -298 -474 433 17 7 214 -145 24 -478 181 -355 135 -164 -430 189 -106 -73 -386 387 -511 290 124 -338 -348 -452 294 440 -26 -395 -299 175 -382 376 -105 -149 -67 -353 403 73 19 27 408 330 419
-328 48 375 250 270 127 -69 -453 -11 -497 -27 -248 217 230 490 213 -261 472 291 -222 -319 -232 319 349 -425 175 477 -345 134 -53 27 -84 -276 -503 -292 -308 322 358 -175 471 -82 -442 147 -361 498 182 262 -318 224 276 -318 26 -96 -491 429 -86 169 -421 506 254 85 465 136 363
219 -10 -494 397 -428 -40 -111 -171 408 273 341 -443 490 351 403 -268 -306 -143 -86 257 -307 147 -389 -247 -294 200 -119 -303 453 4 -198 -260 -476 383 309 -47 -332 -455 -431 115 102 -478 175 -94 101 195 267 87 -68 321 511 183 -291 37 -131 247 169 484 338 -204 -321 -248 19 -249
28 12 -424 430 327 -98 -121 317 387 -402 -212 329 -303 -179 393 461 409 218 244 -52 -407 -33 353 234 234 -386 116 502 -208 305 398 241 294 493 -57 -314 -279 117 424 12 -422 290 165 -431 503 -490 373 -196 100 -123 198 -403 298 75 -80 300 -398 107 -331 188 48 262 -427 243
