47 -434 444 95 239 -63 92 449 297 -30 316 406 -326 -440 -483 -191 12 -377 -450 -492 301 300 -401 -494 481 388 -75 -398 289 -143 255 351 -435 11 225 501 376 -454 325 382 -68 -322 -178 -428 469 -447 -115 -187 421 383 -309 -276 -342 127 441 -54 -103 102 -67 211 -151 472 330 -315
-470 -231 163 -373 -461 -220 -197 436 420 -57 374 -460 -275 -389 -263 -190 -359 -382 -302 138 -281 356 -349 278 65 -260 413 -344 -303 267 -491 -97 -336 -119 -250 -275 -60 219 171 -179 -242 162 277 -166 105 240 -161 188 -284 -360 -77 10 401 -35 -329 -208 -79 398 -352 88 -453 -55 407 132
275 -165 -170 -352 -306 185 239 510 -313 472 -288 -78 283 -86 155 -66 -119 -383 -452 347 -137 202 451 -425 -206 -255 -290 -480 165 406 -420 -480 -134 -508 216 -194 180 446 410 -481 157 -21 146 27 461 92 259 -273 177 -144 -92 22 -65 -336 -164 397 -442 -383 -123 492 240 27 377 450
-442 -86 18 70 -436 -169 185 -320 -316 -246 147 444 -7 153 -446 441 -35 -329 25 -300 -196 454 -305 377 -388 -485 335 321 386 -132 439 323 -450 91 13 412 -68 -82 -104 -502 -37 62 340 307 501 338 329 -342 87 209 248 492 -28 303 346 502 -157 174 -354 6 137 -474 299 33
169 94 -49 -110 -93 188 -499 -368 -69 476 109 -486 261 -389 -174 126 123 421 -193 -5 -394 351 151 95 479 -327 -294 298 303 -278 354 507 208 124 57 -137 91 372 -233 -427 405 59 260 104 -280 -272 -424 500 -115 225 291 342 -256 -424 -378 246 159 69 159 -389 425 -76 -244 12
511 46 163 -165 145 -278 -480 473 32 -76 -349 11 173 -90 0 272 -416 197 -169 217 488 -21 301 -364 -202 68 -447 -187 -120 -249 209 -185 -337 -472 186 465 -182 -344 400 -315 -142 -450 -488 -301 -506 -84 317 511 -473 -393 160 -90 -143 182 -441 195 407 -327 78 -451 214 281 -454 100
126 481 -154 -488 162 -182 -501 497 -192 9 381 199 -366 105 -120 -310 -208 -10 -437 -147 -281 -90 -392 -434 496 -240 412 284 404 294 -9 -61 -237 120 -474 223 213 -173 -429 -44 141 67 244 -393 -466 376 -379 467 384 -281 91 297 462 -470 -209 -192 -271 227 -112 359 -27 -184 -87 -453
-301 -511 -227 -72 11 348 29 451 276 -30 -422 -464 -368 114 -500 486 317 191 211 -200 -242 133 -245 175 110 -120 236 -96 296 367 -220 269 160 -338 -122 66 -20 379 -511 231 -362 156 34 -276 10 365 -499 460 -498 -92 -388 -269 41 -282 -439 -344 -460 233 -38 21 -217 -504 498 17
-85 -196 124 -251 -304 233 -346 476 278 102 -403 171 83 -46 4 98 -353 -509 245 94 272 357 -496 -100 196 -422 -146 183 -206 354 -98 -486 -167 166 305 -437 240 -272 467 63 426 -485 -458 409 -285 222 -31 -346 -276 -507 296 214 327 -74 151 194 121 448 -409 -224 -427 -321 -252 244
179 -211 64 -55 -335 450 100 -350 249 433 -405 468 -311 -65 -159 447 -286 373 -269 274 -291 239 325 428 385 24 -52 -479 -330 -56 -185 509 -504 427 -109 378 393 452 363 -491 -275 14 -47 372 384 99 285 143 -47 373 -272 -18 489 -477 168 -17 -198 -252 -410 -421 -234 87 447 -406
-33 -37 -463 -386 187 -345 112 -340 301 -7 253 -481 363 -156 -336 -481 -418 328 -258 249 -353 200 449 21 -201 212 162 -200 -64 -33 -238 490 332 -267 -150 89 512 -436 73 177 242 -280 415 293 62 -108 297 296 -270 -298 -78 -238 4 59 436 -328 503 355 -485 170 30 154 -156 -357
406 125 -130 -148 14 -127 391 500 144 377 -260 256 172 -388 -497 411 99 169 -431 453 359 -89 328 -343 506 9 -111 68 -173 -278 -249 179 274 346 66 -408 14 -255 268 -244 101 46 -77 228 -425 353 -213 156 495 341 -2 -442 -495 -313 -8 -431 405 417 -91 57 145 -391 140 308
-355 -123 190 433 281 283 433 -374 -103 -1 324 -417 -416 25 467 210 -188 182 308 -195 219 -330 -92 -461 121 -227 204 57 43 -350 360 -182 19 -470 128 -266 453 217 451 428 99 395 282 -374 -29 418 348 -405 -162 441 -377 73 -225 -121 -352 -369 -23 127 -281 125 348 33 472 253
113 -131 -427 132 33 178 -80 101 -254 -138 71 21 -249 -259 -232 -75 217 150 -386 52 394 -56 -449 30 308 36 253 137 -489 -166 257 343 -265 1 -407 -154 -172 -333 -18 -296 151 359 -297 168 -302 -364 408 61 -361 -198 59 331 295 -87 137 -460 122 9 151 -356 -366 -337 -260 433
273 194 427 -150 -144 -245 154 -465 493 -324 -375 5 -329 -426 112 -286 -310 161 -440 -463 327 -56 -395 -102 -409 -278 -483 -384 434 141 459 -80 -348 -482 177 -367 317 442 -1 -122 308 -478 -189 442 -10 379 -52 -382 -208 -25 -289 46 332 311 60 -127 81 0 -229 437 -308 -315 323 73
-474 95 264 101 -351 301 -246 451 481 -125 94 -237 404 122 -203 -37 -483 242 470 250 146 358 -509 -436 23 -31 369 433 55 -474 -177 120 400 -282 -119 -18 -240 312 310 361 113 -342 414 271 82 47 -407 363 -274 214 230 -52 388 171 510 -365 34 -315 336 -280 -359 -327 -511 -169
409 309 -499 332 -320 21 -493 -97 -386 253 -23 339 191 209 -193 479 -467 -472 436 416 284 -70 -69 -188 -34 316 -134 471 -199 331 468 58 -26 -25 -153 -286 419 -269 -378 -54 -290 199 -69 175 393 -425 -333 381 -56 399 23 -349 437 202 -282 266 183 -492 -383 477 -334 214 450 -500
488 98 -252 362 -260 417 152 -412 -428 -258 -222 -193 -67 443 401 339 5 399 280 -224 195 -381 96 395 -91 173 293 226 -120 351 -447 -169 70 -166 83 272 -211 464 -454 -175 141 -358 -161 212 -176 -167 498 -86 190 39 34 187 245 347 -8 -447 -11 63 -444 147 189 205 147 -80
123 389 -348 194 -300 -228 190 363 341 -256 504 -447 305 -25 -219 300 375 136 -329 -269 219 232 -72 -454 -223 400 -285 -239 463 -69 429 -430 -128 -15 178 387 -39 175 -201 350 -8 -189 458 403 -55 20 -197 314 -220 211 394 -159 77 216 -79 78 368 -375 388 -502 330 469 120 240
420 142 -42 171 -489 -230 437 114 144 443 -22 -380 262 179 399 270 387 -281 383 -87 235 10 -381 502 369 94 -407 -145 -425 -439 -474 -414 327 395 -288 257 73 -192 -234 8 268 434 -370 168 -481 104 62 462 55 441 8 393 33 -284 73 -459 211 -170 -91 -206 -18 93 -428 -198
248 -240 161 -108 -102 -425 164 355 -421 345 -161 -266 394 -190 157 -192 -257 -215 -413 -103 -451 -149 -417 252 130 353 -417 445 43 -297 -32 68 81 226 -217 -258 -273 -196 328 -423 -387 -126 181 8 179 360 -124 -313 404 155 354 -380 -49 -509 417 497 390 159 -493 143 -426 -161 144 -217
305 93 -291 498 -269 -202 195 456 -249 94 271 -255 365 -423 208 486 38 81 -95 -58 271 396 451 -63 -301 -345 358 426 390 -227 15 133 -159 -65 335 -354 402 203 30 -188 438 -341 362 -83 451 -406 115 -138 -212 -301 -87 -4 245 -155 44 -210 134 -64 166 444 328 19 453 -148
413 -374 -346 -221 -75 -413 -491 276 367 28 41 -297 -410 -475 157 -37 93 358 -360 -178 306 -32 339 176 179 -319 -142 204 -203 219 -480 -367 -277 -77 -166 346 427 280 252 155 -303 440 342 413 382 -160 -468 -366 278 -164 -402 153 -127 13 -332 -420 86 -144 -482 -472 -105 -397 -426 43
-471 -317 -12 -88 -183 -478 -279 69 112 491 -231 -242 -165 20 -228 401 -289 422 359 44 -102 21 79 396 373 -142 -178 443 -92 -339 -485 -317 -188 -146 196 156 372 -436 -210 -4 361 -319 -187 -499 -331 -485 -364 134 -287 -459 381 -157 12 -27 155 -106 333 56 -477 386 -418 -54 92 392
407 -188 -263 487 -183 -27 -56 -157 -103 333 29 155 243 134 509 392 -129 -315 459 -290 2 401 422 -386 348 -83 205 54 -163 47 -286 466 359 494 491 460 367 200 -147 94 146 -51 -146 251 -101 307 -496 -232 260 202 -370 -283 410 -358 339 36 278 455 -405 -222 27 -312 195 -110
42 -329 430 -507 347 285 257 152 -182 277 22 337 297 -301 -498 -87 -456 -239 49 -140 324 415 109 149 -243 -102 59 353 -10 489 -208 199 144 -329 389 -173 5 -212 -442 -439 114 -445 125 175 71 295 -213 -268 -228 124 -381 -128 -115 -219 257 -156 -19 -287 498 -455 -331 -303 -234 339
207 -192 276 -318 298 -511 250 -464 302 -296 -219 -102 -363 187 -409 -343 478 -113 -436 64 -129 348 408 251 134 -101 478 -413 -354 422 297 -195 487 182 -97 122 -438 354 -85 -323 -343 51 99 107 -26 -183 175 413 -173 -117 340 -126 -489 -263 85 -273 65 -33 76 -359 -243 -426 413 -496
-434 -397 -335 258 -9 -106 171 471 -157 99 -207 503 -334 229 346 -428 336 -103 -324 409 74 28 -40 -42 357 103 -252 370 -464 -129 244 50 -275 -284 -177 209 1 192 74 171 -213 -161 -274 -360 -142 -273 -241 -185 320 450 -427 -314 362 447 486 -263 446 -6 -156 216 253 279 234 153
55 -345 -21 -53 455 -239 63 -321 35 267 -218 -246 -267 55 -374 196 243 -124 -276 -319 293 -252 -366 -485 428 401 465 -265 462 -33 -143 -220 -477 45 -487 497 -395 371 -430 60 483 458 236 106 -164 378 371 -213 37 429 -278 457 481 -392 109 -253 411 -277 406 445 42 -30 -257 -180
88 480 102 -484 53 -298 -480 -34 -295 434 452 310 492 -33 -358 -452 19 -368 375 -84 -401 400 -434 -249 40 246 -7 84 -328 -330 396 -10 -356 161 -473 -330 505 -218 -128 506 -402 -158 -91 197 260 221 -170 444 -210 -50 422 -266 217 284 42 -482 -152 -341 -100 -181 -505 -267 -405 132
-283 -447 398 -169 -210 -178 -440 13 -204 65 -463 450 480 -219 -52 -95 -432 187 432 -148 -11 85 -489 393 -480 -439 -195 -45 329 -25 -172 -140 177 -3 150 -17 435 141 102 45 -29 287 -307 -12 467 -113 400 -84 312 113 63 132 348 -260 463 236 160 -309 -278 -42 -64 33 -75 -219
-399 449 364 484 -235 149 94 -407 -273 -161 196 394 -422 243 -64 236 72 -469 -40 331 479 248 150 -274 234 417 -4 -419 372 -389 416 -76 -354 89 -370 -501 -184 -172 140 13 -34 413 -225 433 182 -400 -499 -69 59 322 408 422 -372 37 247 -408 459 413 -274 -450 484 -196 232 -333
-169 264 -120 -48 -29 277 -157 233 176 -274 220 170 91 -340 -237 -11 -102 28 488 95 203 293 335 -124 -349 -72 -511 -303 346 79 479 20 453 167 50 -143 -345 199 274 348 -162 193 -439 497 222 -324 -174 -7 -191 27 126 54 -380 -252 -324 126 -356 -7 -25 -5 399 85 464 -214
247 -323 -83 432 -460 -259 -270 -145 501 154 293 315 -54 -347 302 -404 -286 -232 -362 259 485 6 350 367 -181 200 -87 471 24 -146 -285 -356 281 367 -244 142 -317 268 -358 -252 -68 -311 -244 199 349 -286 214 324 126 5 127 225 -404 -260 -51 474 166 -142 267 294 -32 -103 293 -457
-350 -496 478 81 67 -480 -407 -19 -266 -210 153 -465 314 160 -248 155 -133 -25 133 -347 -383 96 403 339 112 -429 -244 -455 8 203 236 -279 68 -346 461 -140 -303 -257 -96 104 178 357 206 -177 384 -418 -487 -152 -367 458 -373 -84 185 418 -234 275 -262 291 149 237 -400 -310 433 -272
44 -364 136 398 -438 89 -345 391 203 -21 183 75 88 433 202 -59 71 -410 -298 79 -435 -375 -232 165 -456 -99 46 -11 39 -272 -338 -502 456 40 402 -221 71 346 -233 -234 -28 414 -342 -448 -443 483 -416 267 -311 133 471 355 276 -35 149 497 -81 -49 -263 443 -260 228 -242 -353
-164 382 -444 -455 -440 155 -261 445 -228 -273 -97 -40 71 -330 137 -134 -151 505 25 -193 322 237 -491 -260 -63 -159 -128 358 61 -34 207 417 -510 -470 -409 458 357 -16 432 -226 261 -283 -138 -204 463 -136 193 160 -270 -215 -464 386 -221 191 -204 -164 157 373 -189 23 -6 399 67 482
-410 3 -89 -195 -190 411 177 191 143 70 321 -193 507 -12 96 152 -102 -84 162 236 -18 258 -190 189 -207 281 494 280 116 -48 328 -468 -299 491 -339 -492 225 134 66 -309 -333 -172 -407 42 -316 359 -372 74 -11 261 -352 -334 -389 276 -364 282 -183 498 378 -97 -22 -269 317 -349
-122 -256 95 -198 -162 29 -217 148 456 -476 -402 442 -465 361 -329 101 489 419 -319 42 307 -180 251 -142 -179 -114 -443 -284 -121 -219 -296 191 -424 112 454 142 492 -258 278 -432 -340 283 438 -421 -1 299 426 -420 -470 -230 -5 -69 333 -54 -203 1 -348 -28 -337 -435 -91 242 -315 301
406 -281 197 -163 -188 -41 -198 -190 -169 -76 186 -503 -467 70 22 32 306 377 352 -54 -155 448 -511 443 -291 283 374 294 -4 -194 154 -136 -160 -498 -325 -262 -158 -178 251 -11 133 476 -26 287 -12 464 366 258 -66 -54 -233 -446 -309 -289 -244 213 29 -99 245 375 487 -289 335 388
437 166 474 349 176 -487 -115 29 -435 -101 245 -489 -276 -224 -149 -453 -302 7 475 -238 -181 -44 348 -276 -215 507 -387 194 266 -418 -69 290 495 -39 291 -357 -408 256 236 -508 229 88 -205 378 -323 -202 444 -261 -423 441 66 -141 -325 275 296 44 -408 256 422 507 109 187 470 241
205 429 -510 428 -217 45 358 -59 -194 -67 479 -280 -336 -493 139 -374 -286 -385 115 267 45 -114 325 -317 192 139 -331 -248 -411 418 138 -392 41 421 -264 -270 214 -6 -465 480 -257 83 460 -508 392 76 -168 -324 -436 39 -511 -240 146 389 -452 -283 420 -422 207 -293 25 -370 323 295
510 417 -358 -69 119 349 40 -325 440 47 144 -316 150 -379 434 322 -246 -428 487 45 -236 45 -63 448 445 -452 -452 226 -133 -459 -163 -245 303 192 -255 -227 -182 -40 194 -224 -498 470 -140 95 56 -282 -102 507 153 49 -59 154 -15 352 74 -232 -302 274 307 248 263 -306 -233 447
-136 266 198 242 332 465 -341 -339 -270 -464 182 -199 -359 -271 -356 -222 421 114 -305 -441 -27 -149 -243 -258 195 211 -61 -396 -226 69 411 418 322 -170 254 372 -116 -165 -19 289 -78 -107 -472 -274 -503 -162 161 12 487 178 -73 -356 259 -342 -403 -9 264 512 -505 -237 306 245 -121 -331
-108 -30 321 -179 -456 -165 -470 201 -237 316 376 -248 108 -378 130 216 -107 507 -65 -183 124 -205 -370 325 215 68 -479 -65 374 -22 299 -341 -117 457 -218 -169 -317 -87 -349 508 -220 340 -480 298 31 296 497 29 60 -434 506 -63 -486 -419 -310 322 7 347 99 -71 -134 -298 -250 -71
-27 349 406 466 -222 34 -311 136 -339 -421 -3 133 0 -318 335 -49 244 -324 -95 31 151 -194 -34 204 122 384 511 270 -73 -266 -128 167 70 95 -448 -244 498 277 -7 462 -187 67 450 54 -406 -54 299 -142 432 -197 -121 -496 135 230 -131 -448 -24 411 -36 159 -462 -472 256 329
90 209 -394 -360 -416 239 221 -204 505 309 -497 103 416 -234 -66 -342 -409 -341 -376 -441 154 -478 -56 39 -456 -127 -297 213 -329 72 -391 -276 7 90 -511 -58 57 340 148 456 399 -219 -200 -471 -328 29 -508 351 -478 409 34 -302 -35 140 58 419 190 58 -206 -403 -338 87 -180 -467
-51 409 -165 -369 -395 -418 -191 -228 -248 -169 50 -231 -102 -252 -229 233 448 -260 -1 176 -488 431 486 151 363 500 328 374 116 -402 -197 -503 434 -10 53 -209 309 395 488 316 -181 -509 182 -256 443 184 -289 51 132 -360 5 461 327 226 326 -481 268 -452 -180 -72 -343 506 339 -294
-390 306 13 139 416 138 342 -485 -323 384 -241 -65 248 87 287 95 81 172 -47 -376 148 -121 -352 -18 -254 -311 -472 -387 181 -322 352 294 329 -235 370 -471 70 -285 -225 -375 250 -60 245 424 251 494 461 -53 260 -151 263 220 505 85 475 -155 67 -301 -377 -441 -64 -378 16 400
-407 157 26 239 -130 -321 -60 -173 -153 8 -346 19 363 322 -270 167 198 -342 328 -263 455 302 398 389 443 -201 -352 22 391 -306 -187 -49 -338 -203 -212 -363 -109 169 -228 124 268 36 -342 -48 -259 -170 95 -474 -388 41 -84 -227 -393 -244 -258 230 -221 482 -412 41 253 223 -477 -157
112 269 275 311 258 -72 395 -497 440 -25 -439 -404 102 -292 -501 -385 111 -372 -330 465 -68 391 -270 474 409 -254 -344 -47 334 301 -17 -214 501 -268 173 415 -158 260 280 157 -4 -319 -306 87 -114 -274 -98 150 -487 91 436 -364 109 6 -267 159 447 -467 -397 87 413 81 -164 -142
-50 -91 395 -463 -213 -58 436 190 -338 198 -196 415 -382 411 -126 -24 -411 397 -130 -391 158 5 -434 -51 285 -204 -4 161 -451 412 244 -229 -495 507 221 -175 369 -174 212 209 -116 -26 -2 -410 -130 494 279 263 22 -468 226 104 4 -67 351 299 185 23 372 495 263 119 -74 403
14 -119 -353 404 -472 -382 -277 -300 -326 434 17 487 -60 -225 54 187 369 434 183 -430 209 253 -498 263 -237 509 -116 -355 -214 -216 -498 195 -196 310 -353 -223 372 -482 -348 162 -226 -491 195 275 -118 89 476 -159 277 242 -180 -44 258 -194 472 -35 247 208 -149 -423 271 292 395 146
422 -270 374 -102 -456 -427 317 -32 502 -425 -88 459 -62 413 -371 343 -441 -421 221 112 -148 -440 268 -31 369 454 434 -311 -266 185 389 -296 -486 452 -67 315 -386 347 203 165 62 -320 77 78 230 -212 236 -506 -245 -355 -378 -464 264 -60 -82 -162 274 -15 145 -296 -430 -362 -389 -415
337 -483 96 373 -440 209 88 434 156 73 63 57 -429 27 143 449 198 491 -497 -428 -288 416 111 273 452 -120 -86 -348 483 -254 134 370 205 -260 -224 100 415 -262 166 295 -243 -154 -194 -95 -202 35 376 -74 292 -96 -108 120 -279 -315 269 -43 -29 -495 125 211 -189 -85 355 267
-436 -393 434 -444 145 -428 -298 22 393 -442 121 -462 -134 160 470 28 -212 145 368 118 2 -37 -319 -141 266 158 297 -25 498 -430 507 102 -311 -225 -399 -187 117 64 -270 -192 310 -247 -328 -445 -107 -438 -79 69 -193 380 360 -261 448 -399 148 -264 416 -75 238 -364 -446 262 -407 -196
83 381 -221 493 289 -189 -466 -385 121 -38 -74 -46 -478 191 468 -16 -421 472 -114 322 -439 221 -224 297 -240 222 294 381 389 -341 432 -340 -134 -474 -503 -427 471 -210 293 186 -175 408 -99 -282 463 350 417 -331 -47 258 409 479 75 178 155 -304 -366 -440 -279 -467 -343 279 -75 292
-444 -379 247 -427 263 -441 -115 1 -49 -69 494 -152 -305 -36 -128 82 -95 -183 -268 7 298 -238 478 1 -218 -193 456 -214 157 264 -510 -56 -500 458 228 218 -247 -368 232 215 409 455 -476 32 -229 -154 -415 -263 -216 178 170 -394 -207 -268 43 398 28 437 132 -491 -381 182 242 88
-260 230 -292 -473 -462 268 -14 310 -143 440 313 135 -200 -359 -484 231 -217 280 257 273 -279 141 481 129 -388 481 -154 -123 -392 480 479 -341 -160 -217 342 -394 -182 -288 -230 459 374 -397 50 -47 12 -11 44 351 314 -45 261 -61 409 -408 47 500 151 488 -145 505 -429 -72 -251 355
-127 -434 179 249 35 -437 120 500 247 -50 343 -44 -17 -355 244 -108 -54 365 162 -30 -213 -320 -106 -438 -222 -457 217 -55 -386 -304 -104 -32 -384 -503 178 438 -152 205 332 280 -448 136 223 -477 128 255 196 -177 289 -488 -328 443 -155 -368 288 -478 -7 133 -321 93 346 -379 166 -482
273 -81 -414 -94 -239 -308 287 64 295 -457 300 -440 -74 285 459 -474 -162 -480 -476 235 139 -477 -259 -62 -107 -335 -404 1 -51 399 366 -316 -373 -81 504 -120 301 -40 0 364 -24 135 473 298 383 -271 399 291 -503 314 -291 287 372 -390 160 168 -483 232 -296 204 -4 -447 -448 -311
280 -329 -26 -146 237 -70 381 325 469 -383 -458 -7 254 483 218 -458 -417 -6 -459 435 292 111 122 285 39 362 -107 305 -445 306 387 212 233 -327 -409 341 175 342 -70 475 32 467 478 -491 349 -447 172 -376 395 242 -300 -115 128 1 434 -56 -273 413 -320 -52 -46 454 439 -34
119 -461 -156 -152 -388 -65 14 149 52 -354 -472 -179 -32 -284 206 380 386 -496 369 111 -22 505 179 160 -223 68 -192 -49 -28 498 134 -64 181 -245 366 -511 382 -137 -433 -385 -407 -187 -28 -105 210 -50 -140 -77 -273 -507 -248 -274 -82 394 39 -255 119 -359 -244 -500 -140 -167 375 -511
-260 307 180 -401 407 76 220 240 -269 -167 302 -352 88 -86 317 -89 -122 -409 -97 239 325 -214 294 170 120 494 -200 42 333 -156 353 219 446 -487 414 -58 19 510 -27 -437 -128 193 -134 415 153 77 -277 450 -286 441 427 253 134 326 311 316 279 -482 -233 -264 430 494 434 -351
