356 -476 -428 407 -451 225 429 -23 -506 251 -380 123 373 -229 341 -294 -197 -234 10 -358 59 74 -181 -363 231 -470 -73 -444 -322 -301 301 457 367 -64 371 -89 -19 64 270 487 358 274 -108 -348 226 11 71 -148 -269 -155 49 445 -494 28 -183 353 -289 -6 75 403 290 -205 -115 -365
70 -220 347 -201 410 315 336 201 -397 165 -316 -395 462 -40 72 502 50 145 -210 462 -445 98 78 462 326 -212 -219 239 369 -249 -93 77 122 -378 288 -313 392 -466 -201 228 -116 460 -157 -357 -459 -274 -282 400 127 50 -486 291 -439 333 442 477 79 165 -341 -308 402 206 170 -299
-416 -333 147 -204 -77 -164 -345 -187 -35 414 -253 -356 367 -1 400 209 -388 -491 53 -141 190 -249 -344 292 -294 111 462 -172 -320 -449 -505 204 406 -177 21 -358 -418 137 184 -407 135 -406 480 414 -138 -417 452 483 239 406 149 -9 406 284 -61 193 313 -508 55 20 2 396 503 106
-174 -55 281 265 -318 217 275 355 -474 -155 204 275 -240 -233 343 -185 -350 -85 -353 383 -23 482 -231 466 253 184 496 -309 447 139 50 76 135 262 -469 466 241 -406 -503 313 -334 4 -269 29 -265 69 -340 -310 14 -452 24 303 149 -464 -299 -491 509 -46 -189 -294 421 -323 377 49
-321 -392 -431 366 186 -103 -132 242 -437 327 -454 -121 485 195 -123 15 -56 50 302 -433 53 399 -260 -148 251 503 -99 471 286 353 -183 -141 83 -424 24 352 396 133 -374 482 247 -152 8 185 -226 -284 -209 -164 412 93 -420 483 -25 474 140 187 -355 30 458 221 343 345 280 318
-218 262 237 295 -40 -105 53 47 -450 114 439 220 -293 154 268 -160 267 394 467 -495 218 201 282 450 160 296 -434 208 61 -450 224 428 -456 -410 382 -493 -492 -18 -438 1 -266 -83 -449 -356 -422 125 -220 -73 84 268 237 440 216 68 -335 -98 -431 41 -459 -471 174 -155 88 -310
321 -282 -213 -270 147 -422 -135 -116 -279 174 294 500 29 85 145 18 74 264 428 -11 -110 -498 157 350 484 186 264 -98 88 292 496 269 -261 277 275 -126 -144 367 67 -5 -110 -391 -68 322 -464 308 422 -180 -29 138 -467 -487 -2 486 55 -196 -63 -91 -492 -422 -231 443 -302 -231
-506 -301 68 -461 -334 -171 33 66 236 -108 -53 -154 262 -295 -209 -17 114 -471 379 86 -101 -171 366 -160 330 110 -172 -432 163 -137 -121 -151 -369 231 100 293 55 123 -41 427 290 39 380 -379 -128 204 426 -125 -48 464 -205 330 91 -24 -19 -77 96 -269 -255 206 -447 64 277 133
281 170 147 391 108 477 -503 -147 -439 200 103 322 -158 -18 -365 114 -498 200 439 -113 -294 209 429 -326 0 317 444 131 -114 -137 478 440 -444 -36 -468 -201 347 429 7 -266 -160 -49 347 346 210 -260 146 242 167 -279 132 210 180 -14 502 -91 426 -236 497 -454 -33 -286 0 509
263 -7 -33 344 -40 -370 -68 -370 38 178 -283 -109 -23 426 -221 197 339 104 -468 396 -175 507 221 -117 -141 -463 -234 397 43 270 340 -482 103 -483 -499 312 -331 -298 -448 412 -341 -4 287 -405 -475 -79 -184 363 -45 -101 495 23 -483 444 -317 -387 -123 172 4 -15 177 186 390 152
335 -184 276 476 -313 -508 411 493 -267 -456 268 395 -34 413 144 -160 214 -335 -397 -340 181 -286 109 125 -54 7 219 -112 -227 -94 94 -202 -412 158 -326 -413 -226 34 -323 239 120 155 190 -261 459 -58 -211 298 -444 -158 491 -269 111 -511 55 -372 -305 -148 -45 -192 -32 237 -41 266
-464 369 159 -30 -404 -485 -88 -427 76 -226 333 -195 329 279 -94 -296 156 -36 63 -160 286 -225 246 -207 409 -435 -28 -347 -451 441 202 -397 -40 -241 379 470 -198 430 308 389 88 -205 -183 216 29 340 409 47 -376 -385 73 -230 -105 329 452 439 -129 -199 -172 217 -382 -287 -319 25
-142 33 -230 -238 -381 365 167 72 58 463 -285 366 -233 213 219 248 198 65 302 13 -141 12 197 -150 -186 -349 -260 414 111 -78 53 -240 455 -382 -67 -334 -205 110 303 257 237 -9 -182 326 121 -420 509 506 -175 405 142 357 137 -245 -153 233 -16 -64 60 -507 -401 97 14 -243
-4 429 221 -28 -302 -500 -68 141 509 59 252 -123 -84 278 -425 504 70 171 300 -162 104 -111 -167 221 -451 352 -364 -476 355 -467 194 185 275 -240 -68 29 108 1 37 -404 448 435 141 150 285 39 438 205 -404 369 345 -283 -1 -247 -78 437 -347 -161 64 108 -480 -421 89 -502
485 -85 26 70 353 -395 -239 487 -328 326 -176 495 300 26 281 240 -253 -146 469 116 233 427 -409 -298 308 -124 -449 -85 269 367 -90 80 -267 299 491 383 256 -338 343 156 288 107 -260 490 -177 -41 383 -148 -90 49 260 -93 95 -128 -258 428 -262 -167 -215 323 331 -43 295 479
-162 -384 43 -222 50 274 -136 455 -301 -158 -180 -500 411 69 182 -212 -175 -151 472 -421 -334 -30 236 -9 -245 -269 -65 -225 420 -453 -21 324 -5 122 -57 -155 -486 -36 137 -148 152 496 31 -116 58 -249 -218 370 474 140 221 380 128 -441 17 0 -114 422 -348 -289 438 372 -290 330
-327 157 296 -486 449 -383 183 32 -183 90 -17 481 -85 496 357 -272 -133 445 -2 -432 433 171 130 241 -224 89 -420 189 396 -446 371 142 103 57 368 -36 495 417 -262 -294 -343 462 -507 441 451 -430 -208 443 -95 -274 -354 -416 241 -109 -507 315 493 -296 75 472 109 34 -424 29
19 -148 505 403 278 4 31 370 194 -59 -147 -404 357 -415 -165 -12 -178 485 392 -119 -343 -272 427 7 -436 -124 84 -279 -199 477 -337 -177 -224 394 -93 337 472 -303 -190 -270 279 -312 -102 -62 259 356 -418 480 336 -237 294 -9 16 366 61 454 -228 65 -111 213 499 -303 109 281
-90 -363 225 -19 3 33 -169 -182 506 -204 -259 344 244 -347 -214 159 160 -507 438 -478 428 -241 387 193 -189 -226 7 -57 -148 72 475 501 -300 -400 2 -33 368 283 -23 393 -298 -293 -480 -108 256 -194 -487 191 43 256 174 505 20 -167 -235 74 -192 299 368 62 128 289 136 23
286 -114 -54 -456 -325 -295 119 -26 242 25 -402 107 154 -427 -18 481 -385 -41 211 -3 -203 457 -476 57 299 -336 230 -427 -338 -86 377 278 -185 -413 -408 473 -421 154 -130 465 -512 -491 64 362 122 -386 -49 -36 458 -392 179 -64 415 -86 198 231 463 -223 -371 -158 141 108 -246 312
-291 301 214 -412 312 4 -424 126 95 86 -428 -74 507 -403 -396 -340 392 205 -272 -48 321 -246 155 421 333 -58 261 -398 -257 222 -15 225 440 332 376 -397 -470 -421 430 493 -54 146 95 294 -363 -9 83 498 -218 376 -49 15 141 234 -45 -86 53 -402 -8 -421 -435 202 401 -265
510 257 493 85 216 -352 -339 162 -413 -80 83 -423 -204 -6 348 -429 116 -59 25 -147 82 425 350 -175 -45 503 446 107 -501 177 233 -222 506 -211 -150 -441 -329 -123 -132 71 365 194 -318 149 261 10 -292 368 -140 444 -198 -263 440 86 -181 -372 317 30 497 -216 -237 406 49 331
97 -376 -479 354 -397 -303 471 261 245 368 -72 -125 -356 -222 166 -313 10 50 -192 -420 -198 -45 -155 -312 454 -4 125 -190 420 -51 33 84 -86 -204 375 -68 -256 -214 -44 -103 -271 -496 73 -337 -49 335 -195 241 -468 206 305 -284 -456 -197 -265 409 -291 -338 -507 311 208 180 -495 198
-233 28 -309 254 -498 364 -217 -97 428 -286 -497 490 338 2 270 116 338 279 -144 -28 -181 -115 182 -238 396 481 -438 137 -403 242 257 218 175 -204 295 -27 -504 482 -30 -452 -511 -58 -123 -359 -449 294 -298 480 -374 413 -465 257 494 -224 437 351 109 196 30 431 -67 -174 -421 97
320 492 164 57 -232 298 -210 -279 -480 333 -305 -254 164 80 74 -477 87 -249 -24 -184 -132 -245 -319 -107 -452 -237 451 339 163 142 464 -510 305 -185 417 55 234 469 171 -254 374 185 -147 -500 50 40 36 410 -72 -275 171 -111 249 -378 -312 -68 -320 136 4 5 121 112 -104 389
72 -287 -257 -237 84 -447 18 -440 -70 -71 480 58 378 -341 160 118 -362 -94 -349 -32 -164 -381 -275 -499 -335 331 189 -442 -172 467 -89 -391 -59 -383 -311 -236 -14 280 107 -490 387 -418 89 -62 -494 -32 -149 355 427 361 188 313 439 -54 -508 -340 24 -452 83 398 -175 -335 340 -476
-7 -382 -464 53 383 -331 357 -111 230 -330 -357 299 214 -427 25 -115 -422 353 225 -357 431 460 -24 -101 -481 356 295 47 -290 -361 267 450 -175 -452 143 -220 44 -500 6 176 -49 249 462 -317 -448 41 -301 -350 287 159 303 360 -259 -353 127 500 432 -71 287 -424 427 273 -282 272
433 451 147 16 -66 477 504 -22 461 322 21 68 167 160 -488 464 291 386 473 -34 -96 -9 -192 165 223 -500 476 -486 -139 132 352 -362 -11 48 155 -281 189 -461 -501 -117 298 359 235 466 -3 140 185 332 482 -2 -232 -228 -76 -57 265 227 -21 -224 191 446 478 357 -116 145
-126 89 -110 -234 111 -478 475 41 -321 -447 147 -116 414 -378 288 3 325 -20 413 130 -437 -224 -11 27 -162 -228 53 443 408 199 -223 64 384 -232 -337 114 70 444 -77 -16 10 -57 -56 119 -321 -442 -279 353 308 -229 226 223 -475 5 323 -317 24 227 377 -273 412 -328 12 -412
-296 116 -106 -154 321 357 -39 -307 328 296 -387 -399 -480 -117 -402 72 469 479 -137 314 361 302 -109 -327 -77 141 -341 429 -140 -269 -103 -350 362 325 321 -193 409 344 95 -92 508 -509 188 -327 29 -229 53 -478 -398 -394 160 -116 125 -173 -61 457 -124 -274 231 -234 11 -278 319 444
-133 -233 217 504 28 38 461 79 28 -28 472 -488 -432 -29 253 -27 -252 195 217 312 190 468 -104 -468 -445 -409 46 475 163 -103 296 456 -439 436 382 -40 418 -432 -393 -56 -94 -444 389 -397 -493 144 -176 415 -337 -493 -440 13 243 465 -384 40 -181 464 -511 -58 201 263 -366 23
258 -297 167 435 14 -261 459 74 -441 -18 -396 -87 314 -15 122 334 219 77 -330 223 208 401 284 -9 -414 139 203 -411 -476 152 393 -200 -33 -106 327 84 -90 -255 429 -242 469 71 -301 -214 -92 436 446 -433 -210 91 276 -130 -96 -39 492 -312 -386 -275 3 -386 -1 -207 -297 390
8 -17 462 -483 430 -134 122 61 -144 -451 351 -376 -277 -7 66 187 -2 441 -473 -208 1 -431 -256 -204 215 381 329 447 -499 -51 -225 442 45 -404 166 -355 321 398 -73 441 -390 -394 -469 -197 -285 76 -62 -317 212 250 328 353 141 45 -415 -49 58 277 482 235 176 57 -176 393
-417 140 179 -83 445 293 -223 -36 245 -248 -116 -413 -212 301 -28 328 3 -284 -504 -199 382 -30 434 -182 -61 36 238 114 -508 224 186 -238 -223 63 -381 -12 504 65 -284 -307 159 206 422 472 -240 324 64 -355 -377 -281 285 348 -304 -511 446 -199 415 -407 223 104 -45 -43 -414 446
-461 135 485 380 -500 -435 -326 282 254 -299 -65 -350 78 -412 -195 -215 -191 -187 -174 -295 50 341 87 358 -433 20 -491 439 -234 -462 -481 -471 496 278 305 -460 323 72 357 -33 -7 -263 -268 -224 511 19 7 198 34 482 -492 -1 35 -382 -493 -303 -327 -239 417 110 246 -79 -176 -430
89 -485 408 15 -348 -507 -412 451 197 -446 52 -460 466 -322 235 74 -4 40 -152 172 157 154 -381 -339 382 -100 16 150 460 409 -73 -179 -66 24 20 -119 0 147 163 -484 -303 -359 97 235 242 299 -358 50 -191 -458 267 -122 4 -472 -39 -284 307 -42 217 335 339 -154 -482 -81
368 -184 318 -497 -478 -297 38 -167 192 65 477 -378 -399 175 -465 -65 275 249 400 435 -234 208 321 -434 -47 -146 -339 181 -117 -153 221 -36 -388 -335 -92 -175 404 -475 -455 244 84 441 55 197 381 302 -217 180 -370 -372 475 141 52 -112 365 410 203 -34 301 363 -194 367 -427 -283
471 492 255 -486 314 -382 158 -41 -259 -466 -215 -357 186 -376 -196 29 -446 -341 -39 384 -166 102 221 115 -7 149 -232 236 414 205 -19 -21 143 57 180 255 255 -107 218 -446 297 -286 -317 16 -24 -488 -419 511 -314 190 -157 475 -370 -321 -274 83 271 118 -101 401 348 395 -415 165
338 -277 372 -383 328 -281 -91 -284 479 -393 -491 95 -216 66 364 438 204 -257 -361 300 334 -491 156 414 -360 -467 -87 403 -187 354 136 332 256 453 371 -488 456 -511 434 180 241 -61 31 -411 433 52 397 256 -307 149 223 -215 -25 219 -339 -313 -29 -185 262 481 -284 -207 177 22
320 270 -266 -485 -99 430 294 -103 8 -204 -12 346 -100 46 -468 -151 -105 179 234 -360 131 115 348 -453 305 297 60 -328 197 249 123 -382 94 -173 -68 -84 124 -237 -421 -269 56 -210 -189 490 -465 -95 255 -242 -271 -478 -84 -389 -96 8 285 18 43 -197 -470 417 -323 171 234 187
-47 -350 475 -381 -494 -432 -69 -202 -70 412 431 -450 -287 14 23 316 182 -93 129 97 -126 476 302 -136 444 -487 -411 -374 181 -447 -127 403 429 20 -51 -83 11 -492 -439 509 343 -366 -338 308 262 -444 141 -52 -181 91 -348 -236 -129 -387 -392 -397 -54 -491 449 -36 -319 -116 170 94
109 234 71 178 -444 291 -104 -63 82 231 445 -484 -331 -454 -90 448 270 -216 28 457 21 218 229 -81 -480 -231 217 -125 -445 -263 69 -183 344 431 316 -70 392 -368 -31 -278 251 14 48 -253 -287 -495 -441 -385 135 170 -448 -488 -315 -35 110 72 -299 -470 473 -112 -463 235 492 -99
480 -397 31 -504 88 54 134 -208 -433 15 8 -35 -409 478 -190 -280 499 -50 494 102 -205 -335 -68 485 375 463 99 -354 480 -1 -102 -125 426 118 204 377 141 -141 5 61 384 -209 -125 399 86 -311 164 201 22 260 -472 -214 154 -481 -52 509 346 237 -136 -324 -199 -427 103 -381
10 -237 57 157 367 1 -28 -467 -79 116 501 432 -25 121 509 389 -100 -143 -311 -19 370 321 111 -285 390 442 -490 -51 -183 508 -421 102 233 -497 -114 -431 -143 -355 17 380 442 363 -382 431 -172 -378 511 -137 -244 256 368 -197 55 -108 244 -205 -313 -276 505 -168 71 -57 316 353
-364 -28 16 -406 378 496 105 401 -298 31 -29 75 -184 85 -439 -453 448 25 60 -229 167 -6 151 -297 155 -120 -424 116 -354 -437 293 -378 -376 253 337 206 -238 -299 221 1 198 4 348 -338 136 240 -9 -487 -318 469 94 -162 -328 34 333 -98 -503 91 -184 280 77 481 -297 -189
-397 199 139 -476 -258 -274 -359 504 -7 -211 80 389 313 133 -156 -379 442 -496 450 -437 -509 413 96 61 -263 -274 -26 -441 -435 -3 137 136 485 75 45 390 361 -58 -328 77 -315 -24 -374 -135 354 -74 144 373 -434 -339 -179 -507 -416 420 -34 316 -411 -452 -401 79 391 429 -386 -442
174 -249 36 67 485 -266 -310 18 409 -251 -282 339 -322 385 -322 432 437 -361 461 216 369 5 294 -96 386 292 421 255 458 295 110 161 135 466 -273 467 381 306 -269 393 -296 2 243 -419 90 396 -371 -233 24 -359 -48 230 125 68 -225 299 -496 217 150 -363 173 423 389 -42
-15 -165 320 -140 -258 488 38 -62 461 -292 488 -462 -86 349 506 424 -93 105 -389 503 252 -438 381 -250 443 21 356 442 -25 93 394 6 -42 -312 -257 334 134 -215 193 -229 -247 287 -226 295 451 161 113 -398 351 496 273 -97 -383 144 89 -337 -124 357 447 335 367 195 354 302
105 -261 -119 272 -448 -378 356 38 -189 366 1 311 -50 490 -320 49 274 50 -336 432 -263 199 -184 -147 469 61 -418 301 42 102 -403 -366 409 152 -253 -486 461 185 90 -496 -455 -317 -191 -51 223 -330 -118 -451 -413 -72 -183 -345 140 -402 464 -161 226 138 149 30 -226 -105 171 -217
225 79 468 511 357 -251 348 -240 -173 -358 191 -53 433 15 93 -275 475 -357 187 -36 -308 -391 -98 -407 -178 18 -93 -499 350 297 -273 424 329 10 196 453 297 -45 418 118 -138 -236 -79 343 -81 147 -362 451 335 -73 -392 72 -447 504 69 407 87 -112 -419 179 224 390 16 -150
-320 110 509 454 -93 -255 191 -383 -93 -160 78 -468 -87 13 3 -152 470 -169 376 177 423 -187 276 450 -305 -161 -248 468 511 -260 3 -116 112 116 104 -52 121 -330 262 344 -424 -479 470 -404 -376 -89 -238 -179 388 -129 323 -379 359 -234 89 448 139 279 99 -296 390 -402 411 368
-190 -266 -372 -43 10 453 -155 10 466 -392 379 -115 -104 -311 123 31 261 88 -442 302 -336 -41 384 184 -487 -31 -317 -166 -448 -356 -16 -287 271 -206 30 222 -55 308 -131 -264 230 -456 -418 71 -304 -191 -284 -366 -405 -256 -130 -83 252 218 208 -231 -429 191 79 -6 105 446 -167 152
404 -442 -397 54 -397 295 -100 -401 -150 400 463 186 59 34 -49 -246 89 301 316 -35 122 300 -70 76 -325 48 198 -393 -163 -413 -350 -212 -320 53 -443 -400 500 -41 10 465 -88 249 -161 17 492 -337 307 355 -306 393 191 -174 57 -473 -154 -506 59 -207 413 40 -299 -97 74 -255
494 351 292 503 110 185 510 -314 373 36 187 -60 255 -297 235 -148 440 284 59 -365 362 -266 -68 -345 -298 -468 -435 79 -347 -508 503 123 -282 -485 425 -108 503 214 476 -340 -85 245 482 -502 -183 464 -19 87 376 241 -122 -90 -101 -360 -84 -357 352 -355 -259 -137 14 215 46 465
-211 154 249 306 -25 432 -393 379 113 128 -476 -323 -229 -81 -147 -34 495 509 -501 -242 -227 124 128 -64 -506 263 -14 -299 105 -406 376 385 -177 -239 476 373 -368 377 51 137 -232 82 318 306 343 277 -473 -241 -102 218 468 -338 -171 -235 472 -203 -292 2 393 -36 195 -500 223 479
291 -123 474 37 425 414 -37 30 11 308 -49 -17 -260 -214 -318 -449 340 -127 371 193 -402 -116 190 -54 478 175 -438 46 -408 323 281 497 494 -486 -134 -273 470 232 -342 464 -32 366 -56 -308 165 483 -392 -511 -133 -476 186 207 462 443 61 327 -391 -323 23 49 481 -134 483 -275
-216 -120 190 -57 480 -491 -310 261 -108 -313 -435 419 330 -8 224 -308 -123 18 -314 335 373 -438 -298 280 465 342 -81 -487 -396 -54 204 349 -40 -141 218 441 -370 -220 -196 -68 442 -55 368 -469 -255 -4 145 -260 -309 384 -396 -65 -320 75 -373 449 -105 508 60 -361 -125 -155 -388 -114
-213 -112 -424 415 55 109 -85 -80 -52 115 -367 391 -7 -34 308 -163 -388 99 -151 10 292 -91 -76 -187 27 -158 -100 -149 -110 399 352 306 429 -99 399 -323 -361 -231 -15 -505 53 197 158 -98 -400 -450 -420 -498 -17 440 -68 152 392 -296 219 -169 -279 175 -465 39 -103 -397 55 -443
-143 430 117 200 294 -443 -347 -210 6 -467 130 -317 483 -480 177 -51 -390 170 -213 251 -211 -11 -96 -326 -454 145 -87 -125 -386 482 100 134 179 508 -210 -389 424 -57 360 198 356 -150 -449 424 -124 385 -377 140 308 70 509 447 30 -33 380 -103 -256 262 451 -397 -120 -65 449 -337
-329 -203 -276 357 -226 -282 23 197 -151 -280 151 241 -334 -137 361 98 311 66 502 231 186 -122 -504 204 368 478 -342 -174 -1 401 478 -331 269 -249 -391 237 1 -167 466 -411 143 317 -150 150 194 -485 -315 348 -512 -197 -162 -99 403 361 184 362 45 484 158 -270 504 399 177 -305
245 -227 462 451 203 251 -239 451 483 -303 -174 509 -305 -322 -58 343 -375 434 -140 29 33 -370 -18 442 -158 -433 -479 -178 436 295 16 406 -57 -174 435 18 -320 189 -59 -42 -490 342 227 -486 84 -433 -398 451 485 -369 -78 -386 155 -454 33 475 -43 -313 -494 -270 152 -305 458 320
204 -499 16 480 303 -180 330 -206 472 235 220 -55 -220 -424 13 216 353 86 345 182 -204 -455 137 -278 -253 460 -4 266 94 -229 471 148 291 -67 376 126 250 -10 500 423 440 291 -492 202 200 338 284 -300 213 235 167 -1 -39 -157 -303 170 -120 361 505 104 -435 175 267 -357
120 394 26 -508 -236 250 257 -365 -39 -324 110 -304 -129 -74 3 -414 148 -244 -413 116 -247 164 -56 -403 -95 423 413 -403 -392 95 323 -171 -504 -356 354 496 215 -299 174 -279 436 107 -132 -239 -183 334 -41 9 -83 -209 198 -113 349 -346 154 -271 272 -24 -9 381 -33 -81 -393 -184
-306 97 303 -377 -153 140 104 187 -87 -61 22 -372 -346 -48 -73 -325 -487 -16 -242 86 165 330 -483 -259 24 239 89 -188 -86 -250 -438 -58 27 -368 139 -457 -261 474 163 466 368 78 403 -33 -106 -86 330 -449 215 363 156 -375 297 58 -509 -133 10 -90 -155 197 419 106 281 -491
