0.12452667951583862
-0.0003907531499862671
-0.025493428111076355
0.027511119842529297
0.0023624300956726074
-0.045873239636421204
-0.034681305289268494
-0.12393561005592346
-0.06711138784885406
0.07830093801021576
0.059989869594573975
0.03446206450462341
0.06450103223323822
0.006158679723739624
0.008611932396888733
0.03321672976016998
0.09718206524848938
-0.11958320438861847
0.045712992548942566
0.036336302757263184
0.10886161029338837
-0.03065010905265808
-0.07198865711688995
-0.07944434881210327
0.00841955840587616
-0.007000058889389038
0.04289908707141876
-0.06123065948486328
-0.0974331945180893
-0.03865726292133331
-0.06795571744441986
0.020495519042015076
0.12243115901947021
0.08213724195957184
0.09941472113132477
-0.03220850229263306
0.04848948121070862
-0.01668892800807953
-0.011647522449493408
-0.0981685072183609
-0.004646703600883484
0.06661635637283325
0.09010705351829529
0.03169795870780945
-0.09176379442214966
-0.03212319314479828
0.028636902570724487
-0.08902688324451447
0.053919851779937744
-0.023168697953224182
-0.04137547314167023
0.11160583794116974
0.033892884850502014
-0.11368255317211151
-0.08260799944400787
-0.06934323906898499
0.1107722818851471
-0.030233681201934814
-0.11179457604885101
0.0009753555059432983
0.0412764847278595
-0.07174628973007202
-0.00011356174945831299
-0.04375565052032471
0.08899751305580139
-0.1061875969171524
0.12208576500415802
-0.11545133590698242
-0.018810153007507324
0.07932484149932861
-0.02169176936149597
-0.028645634651184082
0.061792537569999695
0.04328007996082306
-0.08940835297107697
0.08893625438213348
0.10204215347766876
-0.030017539858818054
-0.06721211969852448
0.02970719337463379
0.10528501868247986
0.037596046924591064
0.04130677878856659
0.022798463702201843
-0.04324868321418762
0.047509029507637024
-0.04594391584396362
-0.1249847412109375
-0.01991187036037445
0.05181984603404999
0.11142443120479584
0.03366793692111969
-0.10241319239139557
0.05251149833202362
-0.09576977789402008
-0.06379669904708862
0.04578235745429993
-0.1214413046836853
-0.08684676885604858
0.06898781657218933
0.08030655980110168
0.09935647249221802
0.08909997344017029
0.09335769712924957
0.0031510740518569946
-0.06002792716026306
-0.02218073606491089
0.07875826954841614
-0.0431397408246994
0.12300960719585419
-0.04932388663291931
0.0538364052772522
0.034629955887794495
0.028188586235046387
0.02190786600112915
0.11629290878772736
0.11417359113693237
0.03080509603023529
-0.09082108736038208
-0.10416567325592041
0.0902496874332428
-0.11220969259738922
-0.11827278137207031
0.09454502165317535
-0.0831071138381958
0.02582031488418579
-0.0978163480758667
0.029825463891029358
