0.05592833459377289
-0.006108224391937256
0.0007576197385787964
0.11412854492664337
0.0757877379655838
-0.10644204914569855
-0.0390811562538147
-0.08343267440795898
0.046764373779296875
-0.07468079030513763
0.0790625512599945
-0.03298558294773102
0.08469730615615845
-0.041735634207725525
-0.01332041621208191
0.0869876891374588
0.08045519888401031
-0.08483654260635376
-0.09575515985488892
0.08694575726985931
-0.07640746235847473
0.02425593137741089
-0.006417915225028992
0.022391200065612793
0.07957145571708679
-0.056518539786338806
0.00924055278301239
0.07866832613945007
-0.11087243258953094
-0.0018870234489440918
0.0674857497215271
0.11538621783256531
0.04408371448516846
-0.06581185758113861
0.07466447353363037
-0.0749005675315857
-0.09263260662555695
0.07516470551490784
0.05228649079799652
0.05372448265552521
-0.10371533036231995
-0.01034991443157196
0.03609280288219452
0.06976199150085449
0.057622507214546204
-0.03803861141204834
0.11270734667778015
0.05096776783466339
-0.057855024933815
-0.07243679463863373
-0.05526997148990631
0.08604077994823456
-0.05449168384075165
-0.028126955032348633
-0.005806908011436462
-0.05365777015686035
-0.04896913468837738
-0.0987042784690857
-0.0965743213891983
-0.04638423025608063
0.07268697023391724
-0.07654058933258057
0.12047441303730011
-0.0014270693063735962
