-0.007880285382270813
-0.022281378507614136
-0.08508868515491486
-0.0918160229921341
-0.10198433697223663
-0.08129757642745972
-0.11950762569904327
-0.10260069370269775
0.09879074990749359
0.08158877491950989
0.04328407347202301
0.12385326623916626
-0.02934400737285614
0.023723095655441284
0.007609188556671143
0.005614578723907471
-0.022701233625411987
0.04363711178302765
0.12253513932228088
0.09152868390083313
0.121416375041008
-0.010025888681411743
0.001486659049987793
-0.060799404978752136
-0.0959399938583374
0.12140922248363495
-0.021845653653144836
0.02949574589729309
0.06699833273887634
-0.07224713265895844
-0.06040447950363159
0.028927460312843323
0.11742135882377625
-0.08592578768730164
0.001515120267868042
-0.10342240333557129
0.021873190999031067
0.003916218876838684
0.030913710594177246
-0.11445960402488708
0.021070361137390137
0.040475741028785706
0.036703094840049744
-0.0490516722202301
-0.07356743514537811
0.027551621198654175
-0.08187046647071838
0.047557130455970764
0.019993573427200317
-0.017842724919319153
-0.02026940882205963
-0.11151939630508423
0.12101522088050842
-0.0001501142978668213
-0.06752511858940125
0.012237682938575745
0.10794126987457275
0.06498655676841736
-0.002302825450897217
0.02344013750553131
0.03228472173213959
0.09973517060279846
-0.046205922961235046
-0.09118504822254181
