0.025876477360725403
0.12039326131343842
-0.10038097202777863
-0.10155028104782104
0.0180986225605011
0.11234205961227417
0.032297298312187195
-0.09735147655010223
-0.06852070987224579
0.05262249708175659
0.03274792432785034
0.040329381823539734
0.01527319848537445
0.012879133224487305
0.10662692785263062
-0.11941209435462952
-0.07545457780361176
0.03449542820453644
-0.04479603469371796
0.08378244936466217
0.06888358294963837
0.05592775344848633
0.02451285719871521
0.040090933442115784
0.09793999791145325
-0.12314727902412415
-0.011935070157051086
0.06409800052642822
-0.04946984350681305
-0.017114296555519104
0.06196349859237671
0.07088278234004974
0.0972183495759964
0.11424784362316132
-0.10813015699386597
-0.0505877286195755
0.08257739245891571
-0.08001743257045746
0.057089030742645264
0.10164983570575714
-0.035904139280319214
0.02076694369316101
0.018241271376609802
0.04494515061378479
0.0762186050415039
0.011872157454490662
-0.06742855906486511
0.031073853373527527
0.07875148952007294
-0.07854945957660675
0.01650218665599823
-0.06359381973743439
0.03959168493747711
0.0700996071100235
0.024304553866386414
0.05957713723182678
0.09677019715309143
0.056124716997146606
0.09274180233478546
0.08989723026752472
-0.06868329644203186
0.07916992902755737
-0.03782390058040619
-0.04052402079105377
