0.31508076190948486
0.5111120343208313
-0.058209896087646484
-0.2621240019798279
-1.392878532409668
-0.31635966897010803
-0.027572229504585266
-0.019216373562812805
-0.25931286811828613
-0.12424474954605103
-0.2974071204662323
0.6231637597084045
-0.9310072064399719
-0.2525901198387146
-0.9764782786369324
-0.4563763737678528
-0.12933717668056488
0.8089006543159485
-0.3041260838508606
-0.800178050994873
0.4319515824317932
-0.2068851888179779
0.5794498920440674
-0.15343347191810608
0.5190091133117676
-0.07170388102531433
0.12719063460826874
0.4390045404434204
0.3015548586845398
0.10536114871501923
-0.21927672624588013
-0.008684217929840088
1.0759193897247314
0.2692672610282898
-0.894411027431488
0.12887342274188995
0.4592859148979187
-0.6771159172058105
0.48294442892074585
0.6729192733764648
-0.4225914180278778
1.6956870555877686
-0.46744513511657715
-0.29061758518218994
0.05050221085548401
0.16957987844944
1.0183724164962769
-0.08459195494651794
-0.5107289552688599
-0.899893045425415
-0.4506987929344177
-0.045851558446884155
0.1777460128068924
0.07475633174180984
0.2801375985145569
0.08432511985301971
0.5151249766349792
1.4611929655075073
0.24568144977092743
0.2613506317138672
-0.24532411992549896
0.20193986594676971
0.5892148613929749
-0.5844742655754089
