0.30505216121673584
0.4708111882209778
-0.05814423784613609
-0.2562811076641083
-0.883802592754364
-0.3062116205692291
-0.02756524458527565
-0.019214008003473282
-0.2536527216434479
-0.12360936403274536
-0.2889379858970642
0.5533269643783569
-0.7310631275177002
-0.24735186994075775
-0.7515373229980469
-0.4271262586116791
-0.12862078845500946
0.6689833402633667
-0.29508399963378906
-0.6641362905502319
0.406950980424881
-0.20398320257663727
0.5222654938697815
-0.15224066376686096
0.47693488001823425
-0.07158124446868896
0.1265091747045517
0.412818968296051
0.29273486137390137
0.10497300326824188
-0.21582858264446259
-0.008684000000357628
0.7916809320449829
0.2629428803920746
-0.7135655879974365
0.12816467881202698
0.42950204014778137
-0.5896412134170532
0.44859859347343445
0.5868968963623047
-0.3991113007068634
0.9348677396774292
-0.4361327290534973
-0.28270313143730164
0.05045932158827782
0.16797280311584473
0.7692027688026428
-0.08439075946807861
-0.4705129563808441
-0.7162457704544067
-0.4224732518196106
-0.04581945389509201
0.1758974939584732
0.07461738586425781
0.27303242683410645
0.084125816822052
0.47392868995666504
0.8978840708732605
0.2408548891544342
0.25555840134620667
-0.240518257021904
0.19923889636993408
0.5293306708335876
-0.5259097814559937
