-158 -450 -300 -65 -382 -117 -237 202 510 -86 -299 337 -283 299 -104 -261 -375 -93 6 -74 466 324 479 -482 190 -118 482 286 248 282 436 -223 -197 387 -234 -90 116 78 -451 142 -327 -342 459 493 125 -307 472 -392 293 418 422 -122 -137 173 -274 254 54 -281 75 -384 -174 282 239 -386
-237 -126 -405 200 502 301 74 160 -404 399 396 381 -122 511 28 392 -334 318 -83 -441 -201 200 -50 413 154 -326 497 -377 369 342 485 -369 21 -425 166 53 -377 321 -250 320 -184 -306 342 290 -426 -389 467 -360 -241 -465 -244 229 93 -258 -290 -309 -130 -119 -45 -477 414 271 49 -112
139 263 -183 -112 192 336 -143 463 261 -469 282 180 -110 -109 -126 150 -98 -157 -127 447 -446 395 325 -231 386 286 -479 -319 7 233 268 -43 -149 -491 -238 -481 -261 -21 344 509 247 323 498 203 270 193 -374 109 57 -172 470 -188 8 -44 -71 413 -446 316 -131 284 -368 -117 197 -387
-147 439 169 -446 68 22 102 140 -272 -285 -406 -103 251 -214 -242 273 -303 186 -438 323 126 -345 -238 486 114 458 45 166 -101 47 -286 436 487 -232 -376 213 497 -250 -68 100 -159 -417 39 -254 333 232 78 101 -333 243 -495 1 -307 325 309 495 -307 488 -251 -100 290 -271 121 94
-395 -11 119 -302 124 194 -299 435 354 150 419 472 49 -224 442 -288 -269 74 253 -268 -298 -325 420 -84 -247 249 -348 270 112 -327 -293 -78 -59 16 495 -405 -108 349 -128 254 -450 416 464 245 -225 345 201 113 454 482 -394 -149 -420 -203 312 -422 304 -286 438 76 40 -222 -31 371
-225 -386 314 -253 -6 -249 -204 -156 -406 456 -185 351 42 61 424 478 -425 -55 372 15 -470 348 -262 -5 336 -21 -376 337 -267 53 256 -375 -451 427 366 -214 448 164 106 -49 -135 329 496 223 -486 -284 -126 -234 -100 293 72 15 -359 30 234 359 253 209 383 19 411 27 261 -288
-404 -125 -189 485 -79 -198 -77 468 -481 -129 -113 -472 403 -248 -162 150 -80 -152 358 -485 251 -45 -19 158 428 241 -476 442 -474 238 412 457 474 325 184 447 29 288 -457 -3 511 88 -109 295 -147 -268 -86 -481 -351 -61 -113 56 -477 -20 20 -406 410 -280 52 313 196 -27 68 -430
-169 72 -203 56 150 -370 -196 -299 -331 373 -194 -173 -236 234 344 -102 -378 -406 324 164 222 -453 -472 141 -441 406 199 -138 45 -501 -125 -121 -297 216 116 101 133 -254 -49 264 492 -447 225 328 501 497 -386 -299 -9 -259 276 137 -61 177 -248 -315 316 -353 367 -379 -448 152 -21 -183
13 -404 490 29 101 135 -111 -170 446 508 190 65 268 461 -71 462 208 428 -400 -388 37 461 -83 -172 -351 493 -63 -450 -395 -481 418 63 -245 -445 9 -241 -383 -490 505 453 48 -77 -15 8 -360 376 -132 -357 -303 203 -506 144 -218 -302 308 322 106 -147 -376 -389 -456 -447 -300 -188
-130 372 -42 -450 -238 219 -272 399 227 58 -192 -247 -272 146 -156 355 -483 101 -409 140 -70 -354 256 -182 -140 -303 -496 -49 55 92 461 -160 387 101 488 -331 -349 484 109 259 -452 378 -296 -242 158 -37 -247 -320 356 -198 -77 -468 391 -210 470 -125 -249 83 208 -216 -152 323 -350 130
-344 -50 404 -176 -73 -51 -322 109 33 337 -295 -177 -89 -109 -320 -259 87 422 -507 165 -104 249 -334 309 163 47 3 -15 75 91 -481 -321 -155 -506 -402 -238 -278 -386 189 -386 -77 141 -167 -401 -160 -356 -42 -2 461 -169 395 370 444 225 23 285 -449 -81 -183 77 -438 -141 -465 220
-98 30 322 -107 8 148 -71 -194 480 62 83 322 -122 453 299 -187 447 487 -506 -508 -295 258 468 -455 -44 -477 403 266 -445 -100 343 -289 -447 -181 135 90 -398 141 -136 89 -391 6 -93 105 168 427 -6 -403 -208 360 -452 -297 -450 -138 229 -427 457 -197 24 156 -305 -18 238 -17
23 -172 -473 -422 249 190 -143 415 397 353 -92 -48 -487 379 -100 453 419 -467 -71 2 475 -412 -456 -442 480 399 10 395 393 54 232 34 -298 -335 70 9 396 50 433 228 -337 162 508 -61 -288 -337 441 393 -182 -8 305 268 -106 -135 -509 365 457 -54 131 267 -427 -505 368 264
136 -283 487 254 -380 105 54 -362 349 471 -497 61 -223 174 462 189 223 271 -269 -477 -218 -270 83 173 230 55 -479 -275 183 126 -173 -184 180 492 -336 -289 500 319 -422 -111 454 213 -462 309 -248 -450 -219 -21 105 -454 -424 -78 54 464 217 327 491 -7 -59 496 330 241 277 473
-119 -231 369 -233 -226 -489 -458 -378 314 -305 -40 306 427 -46 126 -490 -48 404 82 -318 334 -336 406 247 400 -17 -506 -69 -379 -204 -349 153 297 -204 49 305 -485 -326 -140 -110 232 32 277 -205 -71 367 -300 140 -492 -420 -72 -292 -404 129 510 -492 205 -91 -144 -77 226 6 -468 94
-32 -47 -243 -412 -210 -414 -252 272 183 -15 -219 306 400 474 505 -440 -159 241 351 81 443 -128 368 -474 475 213 -19 113 -311 -287 -61 -126 422 -426 -256 84 100 493 -134 57 -237 92 341 -389 277 -163 -312 -444 210 425 97 -38 122 83 -376 85 -376 317 229 -21 -304 -482 187 409
-237 -316 -224 238 232 215 -416 125 323 113 -16 -483 121 392 424 -120 109 -87 -164 -50 187 65 -81 -485 -361 -89 -384 352 -205 -448 463 -212 -281 -377 -424 168 411 -259 -375 -55 255 202 -243 273 105 -196 289 -224 237 2 333 407 -9 -214 -293 -247 379 -167 -182 395 339 -111 -297 -15
487 66 -297 -433 446 374 507 -264 -285 471 -37 321 -245 258 151 201 295 -367 283 387 -141 -240 112 395 44 418 364 220 497 382 193 -282 -451 446 200 -423 356 116 21 -263 216 163 141 -419 -159 -171 -254 -153 487 -401 432 199 -10 -368 -16 220 -264 -150 192 -502 202 20 255 386
277 -303 -32 306 306 441 -114 -161 -158 -292 439 -41 -367 -116 -290 362 228 363 -68 190 -348 169 -97 -27 -1 -123 -25 -350 10 324 274 -483 -264 414 -385 228 323 -306 367 -70 -179 0 -480 405 -435 -299 408 330 -283 -341 338 168 123 -187 -158 409 370 -121 -222 -110 245 -209 98 -501
-403 -211 208 136 217 -153 -127 -71 510 156 -320 90 110 -78 -469 432 408 94 -133 -308 14 218 -175 427 182 347 -48 376 -327 119 -180 282 206 -294 161 -336 -290 -206 -16 254 -404 324 225 225 -110 499 -395 297 386 -129 -117 201 -153 495 -71 122 -258 99 -42 492 -388 192 -260 -13
220 -134 463 -199 101 118 107 171 286 -189 -74 114 -78 41 5 480 380 365 -455 415 -157 -223 354 -218 -292 345 166 460 95 92 -95 146 -505 326 481 -383 -139 -395 196 -325 431 9 -474 29 146 -360 -65 -132 -146 419 -255 -174 348 491 254 404 197 310 -390 79 181 -482 -197 77
-199 273 304 289 -104 121 297 -11 -48 90 500 -436 -372 483 390 396 346 -198 247 15 267 -241 -359 -249 -50 505 437 424 324 -88 510 -458 -433 307 504 -2 -392 -148 -158 -34 -158 428 -310 -387 -337 311 -223 -217 -456 58 -432 57 -158 -120 -248 108 -137 -154 -470 -392 -319 283 323 455
258 -416 -103 323 -73 -141 387 -299 151 274 -84 -452 182 485 112 479 -2 33 502 376 194 58 -374 83 -406 -279 152 -193 120 -99 -351 450 -188 436 100 -146 -320 -403 -177 -237 -355 360 53 321 507 -175 352 -471 440 -158 -262 258 187 -291 -286 97 -218 104 -332 -286 -31 -53 36 -259
-437 -6 323 465 -248 -293 59 125 -508 264 -107 246 -431 -323 -251 -468 -271 505 181 -165 396 -288 168 -503 -224 148 366 434 469 271 -496 -458 -222 -483 15 -288 -337 -365 -92 74 -281 204 196 -45 -263 -39 413 -134 411 -406 -270 268 500 -504 -170 -491 -497 457 -68 -260 257 431 -467 45
166 -41 -176 -190 -505 -488 199 -385 484 211 -306 -99 -140 277 -414 388 319 -254 486 -27 17 -188 -122 -168 382 508 231 266 -105 -497 -455 -463 -250 -226 -394 -383 -177 140 -423 338 -307 224 -298 476 214 -380 -306 199 2 470 -217 -63 251 20 -259 50 -388 -462 90 -112 360 278 306 53
290 301 328 -405 28 7 61 473 -119 -222 152 -178 45 414 98 -139 -264 -178 -366 -445 -156 -172 151 296 482 -56 -324 83 -362 493 -323 -84 426 -305 259 -365 486 2 193 11 131 237 -32 70 -363 82 471 328 321 301 -437 511 -217 195 61 124 453 -118 96 419 444 -421 -335 -421
-171 358 -15 -56 400 221 -204 159 -87 451 81 145 -375 -392 428 137 -54 125 -390 439 224 470 -39 -29 354 367 -68 367 -483 205 -6 300 -377 235 450 -203 -324 109 25 -133 -451 160 -382 -224 244 44 -405 83 229 434 395 278 -315 -205 106 11 -297 -351 507 -7 50 198 222 280
-310 481 233 -145 40 359 -419 -457 56 258 -40 -15 -451 403 -104 -75 136 -209 283 89 -314 -426 421 -506 34 -481 122 -391 463 -212 -492 -140 300 -395 174 286 -466 94 -432 474 399 242 -121 -455 -440 76 -345 -15 430 -440 413 -488 354 -252 -294 468 -62 -213 310 -375 -69 -85 461 -499
114 412 -245 287 -5 154 480 185 -269 0 181 0 116 -94 253 133 236 88 288 337 -25 275 377 -73 -487 211 264 -485 -261 217 251 54 174 -408 25 326 503 -477 -7 207 -375 -126 470 -170 119 -7 -453 311 -91 94 271 471 387 33 -112 -510 324 -237 163 -171 9 52 -425 -510
-5 -102 -234 155 131 -511 -20 -155 -505 428 -448 183 413 -431 507 127 509 158 -271 128 -126 -475 -311 -341 345 498 -479 -300 92 -467 -181 345 236 -412 -414 -112 75 53 -215 57 -199 181 264 380 -390 289 409 -284 -310 174 -339 -302 -22 -349 257 230 -188 9 434 298 -318 -134 -384 -462
273 132 -245 -478 115 4 -398 223 12 -470 -113 460 -102 -511 -129 -509 32 -232 314 -43 -5 -464 -423 505 -376 -86 480 -493 -39 167 -68 -230 114 404 -76 -46 -225 -73 45 58 172 284 210 -110 102 131 319 -290 396 -257 289 -41 304 -198 309 68 114 -407 -53 75 -281 -13 -390 294
-402 -384 348 472 -423 126 463 -499 -469 -459 -343 -357 35 220 26 337 135 375 -367 182 -409 -265 278 -334 321 -464 452 -432 -80 -96 -468 -93 492 57 -242 402 340 -442 -310 203 255 376 102 -393 -470 -422 0 -314 -252 -506 428 406 159 498 -142 -203 116 -366 -133 351 -237 363 374 11
-180 -195 -254 -192 -18 -360 -80 360 257 100 71 -56 -227 465 295 -182 -111 -36 -245 -200 -332 -455 -5 -227 -174 -54 -201 112 -375 59 106 159 -346 99 -498 -346 451 94 294 -340 -382 -15 462 60 357 -92 424 147 -499 439 192 86 -30 -50 -441 -73 -172 340 -41 -483 -511 -90 -238 -75
42 103 -215 35 -294 29 44 461 -216 440 -195 31 -201 399 89 483 -148 94 328 -352 -423 -301 121 371 -155 327 225 -293 -138 433 460 -225 331 362 -481 -169 -261 -221 509 99 -470 -394 334 114 -428 -48 -163 283 151 -466 370 -480 -335 -290 474 -311 -295 -184 361 -153 64 -422 -324 -467
-462 -141 -296 11 368 -282 -221 -382 -471 -304 228 -256 -188 -42 -156 355 192 -376 -291 130 135 278 -314 -380 382 -506 -326 142 350 67 133 428 193 460 -157 489 63 356 46 488 -365 274 -379 -164 -112 275 440 192 -368 185 194 173 27 -241 -137 184 150 -49 175 -248 6 -394 335 382
90 -213 -340 -223 -208 274 207 174 132 -117 -349 -471 -386 458 -227 336 -363 -321 -347 -84 250 -372 -52 286 -376 422 364 375 235 14 -196 239 -449 246 -196 -438 -2 303 343 432 63 -406 -226 -164 105 294 -375 -349 17 114 -453 -385 -437 57 401 -280 359 -23 -48 -86 258 237 364 -322
90 -274 -68 449 -349 335 -400 -104 -218 -400 493 -321 -305 263 -277 -263 -471 -328 161 76 -451 -172 493 -33 -371 -166 90 -202 182 434 -363 -407 457 -14 325 -25 349 464 44 -110 138 461 -66 -453 206 -267 437 -49 299 -124 106 454 -151 -328 -82 210 -500 507 366 -101 272 -397 51 406
-439 -417 -324 -16 -128 323 401 219 -52 -497 -303 -194 -470 401 399 396 336 65 -162 234 92 -142 -63 434 319 -470 210 -39 147 198 182 -108 197 233 -307 -505 330 140 -123 322 -501 -323 -329 -29 -320 -492 -58 379 339 -452 -503 -51 172 186 76 22 -494 -72 212 -324 -107 -400 235 472
-139 333 -369 471 188 435 -390 -441 123 467 -370 -49 470 -12 175 -445 134 -385 420 112 85 484 -134 438 -319 -242 -123 -223 -443 501 224 293 -125 455 -105 -150 17 311 9 -86 382 500 299 466 191 207 490 -511 383 -70 -95 353 -29 479 -118 -281 184 43 -265 123 91 -231 -311 -341
-503 203 -51 -166 -103 334 -101 -76 -87 482 -505 145 -416 -207 -471 461 -402 -471 473 400 134 8 -74 447 304 185 295 243 384 -238 366 486 246 288 -495 178 166 -104 -50 -11 -511 193 -377 -212 359 351 282 14 169 419 -33 409 -131 -92 434 37 182 4 -390 -331 -443 352 507 -253
136 408 112 -428 289 -235 -465 -483 -210 -123 -212 -216 275 110 412 -170 336 176 -437 355 448 -289 -511 -429 287 318 -261 -471 -133 -375 33 -53 -282 -293 -103 -214 -27 -74 -167 -99 196 -481 107 -154 30 -420 473 226 -17 463 117 -489 4 -167 289 333 457 -143 -408 33 -18 484 -122 155
482 440 -163 216 165 434 -49 196 -204 132 -408 184 310 238 -157 66 267 -18 464 -339 -319 -185 188 -257 487 -172 407 404 2 -330 365 -465 136 -352 3 202 -353 367 -353 341 326 179 168 407 349 131 417 438 -431 159 191 464 310 99 405 367 347 -471 379 -320 -473 -104 221 -463
69 -59 333 500 -506 -131 484 369 508 -135 -17 51 233 -83 508 -242 263 308 88 101 -191 -468 142 -58 -98 -33 232 -239 241 -222 416 505 -393 -241 -87 -57 -154 -208 253 -172 66 -455 347 -114 -186 223 -101 101 136 -158 474 -329 -259 265 243 -403 411 -402 113 -398 -225 248 510 467
-86 394 -482 406 -4 -178 -301 -452 71 -402 -181 -89 190 381 -62 507 -28 464 -57 -89 378 -46 -320 49 41 494 -75 128 441 -502 140 331 -62 66 -260 202 253 446 123 -77 -181 -193 374 1 135 -417 -158 127 172 -242 309 140 -239 -236 -402 21 429 432 -379 -80 345 -17 486 -266
-223 -55 -504 401 -432 -48 -475 300 92 -200 116 -157 -350 280 -35 -168 -374 389 -503 -223 441 -378 55 -204 -471 -257 -43 -47 311 -488 -285 104 165 -97 -73 154 199 229 70 -320 219 -360 179 469 -253 -41 423 169 235 -142 -65 40 -413 -448 151 51 111 -285 -510 471 42 294 486 121
226 261 -486 -142 372 405 -275 -377 218 371 -505 11 193 -164 -480 464 177 219 452 -100 -157 -250 256 126 -423 -237 -98 -74 295 117 -154 -448 -420 262 143 -78 -248 16 -119 115 -330 -273 298 -344 -434 -242 -508 453 78 251 -131 -263 498 245 456 495 395 163 -130 -7 186 -286 -83 229
-6 -406 -267 -233 459 415 11 50 -67 100 -495 170 232 310 4 307 377 138 -182 143 -292 -282 133 138 1 -58 -97 -70 415 -47 -360 -123 79 331 30 -97 120 379 -493 307 11 -327 146 -32 -398 -255 137 -24 447 -47 213 -352 -312 -395 497 445 193 -328 -345 342 434 336 235 17
-300 -47 81 208 371 -446 108 -458 -430 -130 23 -206 -62 -284 -8 -49 442 238 -139 405 163 -327 264 242 400 -46 428 -164 486 13 165 -192 -116 -446 6 381 380 267 -322 -141 -340 -467 -39 402 422 259 -372 -277 68 -34 397 71 393 -505 456 -135 498 365 -326 447 130 151 -358 -148
140 -447 485 -351 -412 104 -159 -242 -113 390 303 -207 -24 -480 375 -166 -302 -72 -423 -345 -29 347 204 50 -257 -495 -82 455 422 134 235 151 114 -147 -351 381 337 311 497 -39 415 266 178 488 -104 36 176 -351 -8 436 142 196 273 -42 482 -123 271 -322 211 -249 247 -98 -410 -177
483 246 351 493 -29 -411 353 -351 -290 330 -372 -398 342 99 -158 -308 -419 48 -154 395 -313 -301 -201 478 -191 418 -411 -473 314 360 -299 369 201 -109 -237 -31 -84 -327 7 478 -119 322 -367 187 238 -311 47 108 44 -150 254 -409 287 -235 -322 -257 -444 -369 405 -306 -308 -325 433 177
-359 -80 -98 -205 245 -123 239 131 105 -166 323 81 18 -464 -93 144 66 259 -205 -109 -280 178 55 -410 310 -423 -357 273 -455 -342 185 209 -248 392 494 266 -114 502 -449 -258 -31 489 164 494 -203 -57 151 82 -296 493 -272 -309 -251 72 370 43 203 384 -15 17 399 -371 -34 446
-510 60 364 -17 56 55 268 -161 135 227 34 -354 485 292 -444 -199 -188 278 41 451 226 334 -392 -4 487 7 -392 -239 -425 -216 -501 324 -86 352 -159 -434 -504 -480 -86 -139 45 12 118 315 -271 494 315 -17 294 73 -351 -446 361 388 -378 -98 -231 322 -166 42 2 120 98 199
-510 -24 -97 94 -201 -310 -126 293 -240 -310 -127 53 289 -69 -4 149 164 -353 253 -316 96 269 38 410 -94 210 -352 243 -347 406 -127 369 484 -42 -145 -106 22 -5 373 -195 -418 398 209 -229 -365 0 408 422 -10 51 248 472 -303 -370 329 -431 -41 -244 93 -378 -168 362 292 384
-394 -65 244 279 -143 376 58 298 52 -383 -297 172 -228 248 346 -68 331 202 457 -477 -112 -172 -309 423 188 70 125 474 -363 332 -166 -364 -145 504 -480 -74 190 339 -368 503 131 -53 113 -478 395 -206 -150 -49 -160 -400 310 383 -53 328 -290 421 -166 -37 -19 -190 385 -135 -382 342
264 -95 434 281 131 -285 377 -98 162 -383 91 448 -16 -369 506 -388 170 -46 -324 -279 -196 77 -320 -447 432 82 109 -490 439 122 -55 -496 -155 497 -266 -232 347 442 355 -438 -196 -444 -247 -310 17 -113 254 401 -345 5 489 -383 504 4 269 -69 -262 461 118 -15 11 129 168 -5
-79 -149 487 -302 428 278 105 -150 -294 498 402 -265 -362 70 468 -384 146 51 -327 106 168 40 7 403 -511 -506 -54 -329 426 413 -343 357 45 -269 162 -453 -6 -501 122 224 -392 151 -329 -59 -228 -126 -164 59 -453 -237 -157 -248 367 131 -199 407 -185 46 -204 -283 -249 -206 243 91
-8 -220 -268 -158 -215 -3 42 8 -489 -24 -464 -78 -247 426 152 -189 -103 -74 25 -256 68 -207 -69 153 -505 492 -191 -251 181 -46 -236 155 -499 190 -346 -336 -34 291 448 -258 471 -437 374 -373 131 365 432 -202 -510 182 -295 -8 374 97 -365 -343 -512 471 383 423 115 -271 -318 -186
380 359 406 440 149 -161 133 -169 32 412 -16 -189 -281 -215 -118 -323 -483 -393 -350 505 -266 -412 -39 -144 -442 70 159 71 -43 377 106 -150 75 -319 500 -163 -66 -323 -184 -473 -282 -284 409 129 235 497 101 -248 -175 222 158 67 165 114 66 -187 -297 -238 -312 374 490 199 423 -414
-178 12 467 384 44 -49 -404 -98 356 434 -435 484 -394 -485 22 -486 -40 397 -57 -348 -383 -219 18 -109 -453 470 21 -437 491 -83 486 -388 67 -169 -467 154 175 -422 65 -233 285 -221 89 -401 -277 273 260 318 -346 150 192 327 -511 -302 285 175 -128 428 -142 -192 113 -168 163 469
-235 473 -128 -179 -355 498 136 -16 319 494 -384 -475 181 24 -372 316 297 -367 -239 -32 -437 28 -461 -280 -131 189 141 469 340 -427 -52 -308 147 -171 -138 34 471 -280 -442 -85 198 366 145 501 44 -445 -436 473 -168 -123 115 48 29 -333 -320 277 388 131 16 -34 512 -508 416 320
-339 250 71 -460 -170 -416 213 309 -284 -115 -21 -228 -425 76 -426 451 139 286 -438 -468 -313 120 13 151 -255 -493 490 458 -284 -280 -365 -428 216 -317 -382 -124 261 -278 -505 315 440 418 -135 -302 479 342 75 -230 250 -492 -262 -169 -307 288 43 -205 -481 374 100 363 48 -71 -398 26
-469 -453 -247 -435 32 -77 -352 165 -484 39 -76 -457 371 -414 83 -402 -509 -421 501 -283 232 3 -225 -248 340 -474 90 -176 -165 -353 -358 187 181 176 106 -245 329 308 -265 -419 -89 31 111 258 -61 -225 -175 -307 -490 -469 -222 -107 -68 -131 -45 456 -174 38 -441 489 404 233 472 -11
-284 11 189 360 245 -357 -4 370 -263 441 -29 -480 415 79 -204 260 278 -159 93 -405 263 -448 347 -97 -466 257 -210 232 7 -380 -163 -132 -314 294 457 -283 62 -69 278 -92 16 418 162 -394 412 421 320 116 -455 -89 -509 -432 287 255 -52 394 -95 62 -367 169 8 184 -257 59
431 146 -291 -134 -41 286 -480 -399 -293 391 231 -272 -395 -87 -173 -284 -247 14 456 -307 299 349 -268 134 -162 375 -302 -376 60 121 -259 -499 -196 492 -491 -341 -475 335 -264 -300 425 339 -164 369 -382 51 -472 -87 -249 271 28 -124 140 -430 245 55 -7 -55 -222 -290 -502 -450 348 243
92 -479 499 84 322 -434 -62 -481 497 -367 260 -355 261 365 -288 451 401 496 -287 -65 468 94 16 182 258 -270 54 95 424 34 -249 -182 169 -196 -488 -122 -204 -431 -477 208 -327 -480 -322 -163 163 -160 472 -163 374 -464 -399 -132 -371 411 417 288 -53 214 491 110 22 -116 5 207
56 428 -431 -356 500 -149 267 161 -238 -51 121 194 354 -510 435 -176 382 -12 -368 -203 40 13 -215 -371 353 482 29 81 268 -17 -377 185 499 -443 -307 152 -301 409 -281 349 456 335 204 404 163 484 -231 229 163 112 -212 443 -241 263 134 -465 -364 321 -438 -25 -432 479 351 471
373 68 347 -268 320 -173 -27 -224 51 -11 -240 -501 495 65 -113 90 131 8 -474 -17 29 478 401 474 -176 -102 285 -448 -105 458 48 151 -219 232 -155 -201 268 -217 -286 88 -431 -483 -328 -463 326 -227 505 461 162 -233 -94 -351 -16 -151 326 6 -236 -131 -305 277 -262 169 -275 458
398 -127 234 -37 -135 32 -394 -321 74 -244 -252 -308 135 43 83 390 396 -349 445 -216 -466 279 15 -303 -180 -123 -69 368 235 -278 434 -489 41 310 52 -388 133 -32 144 -139 -247 403 246 -137 -394 -264 429 -231 -509 -137 473 332 139 -396 -77 271 51 -491 165 367 156 -346 -17 292
142 55 0 -262 60 509 181 -467 -287 84 -364 -297 94 415 4 -109 -332 129 -251 -87 -167 -132 -366 -489 384 479 65 13 263 479 -5 429 327 152 43 -55 450 294 218 145 -179 334 177 -473 -174 337 317 322 -397 3 407 388 -470 -503 28 -399 125 478 320 317 -66 -43 346 36
-150 485 348 -144 -171 25 202 277 -335 -235 174 369 383 5 249 -46 2 131 71 -231 98 393 -493 -388 410 -313 446 -119 -325 -272 -353 57 -3 -125 232 48 -167 322 463 230 13 -474 -83 -438 93 265 382 -395 296 -94 109 -47 -39 319 404 429 -65 -232 129 127 -390 340 203 341
435 -498 237 204 -228 104 -10 -470 241 -372 -16 -443 -414 -502 48 8 215 88 101 295 282 232 -449 381 -25 -455 -281 174 -120 275 439 -38 193 -214 21 36 -399 -240 261 114 -364 139 162 458 302 373 -339 254 -314 -285 338 -98 95 226 158 -439 176 133 -70 -274 -229 -101 -413 -55
45 -473 224 322 342 -206 -392 -447 450 131 -124 -301 162 389 -148 149 -173 -83 -378 167 -52 -492 -190 286 444 -387 188 170 -31 305 163 -7 -51 272 -69 107 88 -348 288 -327 220 382 269 -305 427 -38 -497 -267 472 472 380 -85 -448 438 509 55 93 176 359 229 -70 -278 -232 310
-29 -335 4 222 -318 458 216 400 -5 270 251 -320 -244 -335 191 -124 226 -281 -116 290 -34 -252 -480 -450 454 -51 -332 -362 97 -399 123 52 -242 -431 22 -184 25 150 -290 238 124 512 -196 308 110 -110 -382 -429 10 -154 -440 -35 59 -284 296 -384 -4 -371 -321 -317 179 -312 393 281
408 -453 469 26 276 8 171 -245 -469 191 35 -46 125 411 -361 373 -52 166 115 190 475 28 442 84 -322 -273 84 315 -267 -235 -376 361 430 -48 -281 428 -403 -184 -393 -162 -393 -105 -214 430 -69 -507 -264 -320 -427 121 262 432 -176 511 -280 -499 425 487 -415 67 -379 -374 -220 442
136 102 -205 136 200 269 505 -172 439 31 -416 -189 280 -297 422 -215 -507 371 -452 111 -309 26 66 427 182 -376 -8 240 104 -353 241 422 -391 511 297 286 252 -196 451 -496 -427 288 -154 443 -118 345 -174 138 497 31 251 -300 267 -311 -378 104 -223 -308 -504 -84 -336 328 490 -52
324 283 -244 500 -202 -323 -96 501 490 177 443 -209 413 -269 204 274 -385 389 68 -340 135 359 -199 178 -325 346 -304 -297 -187 416 -220 142 510 485 -254 -30 -80 -292 -201 -416 -42 -220 -221 -221 326 106 58 -85 -509 -80 302 -255 -397 203 482 451 -216 -156 429 -88 -115 497 -8 -72
-334 376 -77 338 337 391 452 459 -136 -61 -212 237 180 -469 -341 -430 -420 494 272 161 -2 -177 501 142 401 193 432 19 221 -307 -61 476 -186 -108 418 17 -356 132 -377 -498 -338 438 355 -93 390 326 -460 392 220 171 -39 -72 -473 255 360 254 401 160 175 509 327 -146 -306 432
-248 -391 -412 -338 -393 -322 -391 221 -381 55 -192 -409 156 -381 -4 104 112 90 70 53 122 -261 347 -412 63 171 -83 37 -30 211 318 395 -290 -201 298 -430 341 -300 -26 393 228 -407 -288 49 193 55 48 -96 -261 -368 -311 288 35 -291 -212 441 -134 -385 -223 -87 407 12 312 26
481 397 289 188 399 -169 457 -154 -36 316 487 29 -436 -17 -207 -31 -346 -267 -104 480 -77 -300 -383 447 385 177 -193 416 324 488 9 -15 -330 337 241 61 -143 -410 -439 441 -131 -194 207 131 -51 45 511 -453 -186 -124 24 -23 -408 285 162 43 57 -491 -12 176 365 460 -441 448
-500 -153 -395 -364 251 -29 -109 158 297 493 403 -159 188 -292 -71 -257 -258 77 133 -365 294 -504 461 479 -4 -438 285 -101 0 119 429 -259 -316 -283 -180 -78 96 -64 316 302 24 100 -298 -41 -231 16 -238 -247 330 53 -439 55 154 -142 358 -506 -121 -172 399 401 455 344 435 10
-468 -27 -354 21 291 -328 -380 204 -348 503 505 -316 -25 335 -130 -136 246 -354 282 -28 398 200 304 427 -96 -175 286 -163 -487 -63 352 -19 12 314 420 -146 -412 -270 -106 141 113 232 94 371 15 -165 -365 -74 -199 450 -214 449 277 136 -297 309 -103 -184 -82 124 -244 124 -237 -348
161 -96 -218 262 202 266 -77 362 -79 268 -67 50 154 32 129 371 -23 309 252 -275 -314 443 -427 226 -180 -404 -3 -222 -272 -409 -466 -131 -313 -307 -143 -411 405 -162 5 305 89 -295 -23 -15 368 -23 123 419 229 -288 -294 -93 493 -124 -418 271 348 -436 -99 286 -184 65 -430 344
-122 -8 467 395 136 -31 370 269 190 475 386 22 34 -445 -78 297 74 -79 -476 -43 -243 259 -105 27 2 -405 420 341 -278 -477 -316 -118 -291 417 -227 -164 -39 471 -350 -443 78 -442 153 297 -217 235 -321 90 497 139 -81 -252 125 511 374 56 -112 -83 502 -292 -299 450 174 -317
44 423 -287 -429 102 313 421 5 -454 -199 -81 27 -261 285 -122 191 -362 70 -480 485 423 313 -403 -216 -186 288 -68 275 162 326 -167 479 -41 313 193 459 76 -477 266 309 -394 -287 437 511 -313 144 144 -417 20 -477 -83 -502 -267 -148 413 353 375 303 -186 -26 -458 457 337 -302
250 -385 -394 -93 -58 188 356 -192 52 -484 222 346 -112 0 192 490 377 -11 -481 -241 -140 -468 -203 -137 231 -60 -189 -83 100 453 -4 222 357 -418 -246 -481 -509 407 61 -334 -127 152 -275 -147 143 476 -245 356 -260 21 232 424 340 333 458 -389 147 -203 453 -498 494 211 -211 301
-191 260 314 295 360 337 69 -297 465 -491 -78 -226 -433 -60 485 51 -111 212 -142 125 498 132 246 470 57 246 502 466 -425 498 62 418 345 492 101 -341 -334 401 -90 -111 -48 -182 -87 62 60 290 -277 -45 83 -163 -26 -220 46 -202 201 157 251 -458 376 285 -266 57 63 -4
405 -88 62 -375 193 462 -96 434 -252 -190 212 46 453 -380 317 343 -114 270 -381 257 -425 348 467 -272 52 -486 -408 -21 -203 -6 -323 119 9 -278 -15 -209 -79 109 486 -182 -97 394 -220 -110 233 407 -325 467 6 -274 407 -103 -404 -214 -115 -306 -471 50 -117 -302 68 -396 142 -477
-424 -32 -149 -255 416 8 -435 -245 372 -1 -237 -24 -442 20 -16 471 304 407 268 464 338 -322 -346 307 346 -383 501 502 -359 -351 -292 510 83 -277 -354 -168 -298 -80 46 -40 357 -509 372 330 -481 -405 479 346 191 356 -47 405 256 272 -127 -29 363 63 264 -417 199 -80 473 -281
-173 94 -240 -21 386 -230 400 -268 -138 453 -173 133 250 470 -116 -371 -433 -345 410 338 378 -81 204 345 329 -233 500 130 -136 -370 -142 -335 342 195 487 373 -144 121 -96 284 13 480 304 262 -227 -148 17 247 -200 220 394 -416 -420 495 128 308 -482 158 -488 -502 -294 483 -447 342
-172 -291 209 -510 47 -295 -153 -168 -121 131 374 503 -488 -304 -69 -52 -485 423 226 183 -85 -315 -499 -339 255 402 -469 138 204 12 -266 286 112 122 42 -143 -84 13 75 396 80 -387 -88 139 132 397 188 362 -175 -260 -136 -512 -109 3 304 140 348 -492 476 326 -8 229 -454 -356
-266 322 -247 -276 50 -37 -59 -211 -183 -39 -339 -101 167 -17 -50 3 62 -98 322 -270 -399 396 -459 -3 47 223 436 -307 -147 -50 76 395 351 203 504 128 68 -254 210 151 86 -432 258 -465 -46 -155 242 -77 -255 508 -10 425 188 280 180 -155 195 472 160 280 129 130 212 -385
493 -297 -82 83 479 384 -372 77 -380 -174 193 -162 -220 -497 408 -66 -413 -56 -183 -148 243 -381 -52 -301 -332 151 -37 29 374 217 456 478 40 294 -330 -96 -169 -272 -383 -235 415 -469 116 -465 -195 -357 -497 492 204 -48 128 -453 -419 54 433 411 -394 -135 -356 350 -423 -158 -307 -113
-14 338 491 -226 4 295 -127 220 -434 13 -359 -123 7 104 273 63 -75 498 -6 -237 221 -156 165 -348 47 43 -206 302 -157 0 99 358 163 4 11 1 35 338 482 369 330 -186 -305 -182 -421 31 -359 323 72 -65 439 -111 326 -230 368 510 -481 -44 -510 274 363 425 -242 -297
488 305 -353 -407 -374 411 -185 -449 507 238 506 400 -446 -360 102 -198 25 196 -264 -190 406 106 -353 9 302 388 468 -131 -101 284 -146 145 -166 -239 267 491 -460 286 449 236 -169 280 -337 225 -160 63 91 -351 382 151 -317 -469 -407 -191 102 -172 47 -370 -294 196 -221 -360 410 -396
-289 308 165 -25 -35 28 -112 388 261 -68 -245 -108 151 -45 -502 -17 -336 -269 -430 -311 -370 344 384 -316 60 -235 -437 230 144 28 -83 464 -271 -463 -466 -447 -406 389 240 72 -22 268 442 -416 -81 474 341 -210 227 406 -508 -175 -157 -258 -248 -367 -473 188 -237 490 -496 441 -326 -254
310 -7 -457 -242 -358 -392 396 -297 -287 41 -131 329 -278 -310 -304 -183 413 -79 -482 130 75 -499 132 -106 -177 -407 115 262 -481 297 315 312 316 -1 -418 -260 -493 -115 453 -368 -89 -351 -407 -141 432 -472 99 -432 -450 29 -481 346 -318 -76 152 -264 -239 -106 385 -114 218 163 58 -445
55 -467 5 -257 -250 -359 462 -470 -162 348 -262 -178 -445 1 367 163 -399 -247 353 -180 114 257 285 191 127 -116 482 261 268 511 81 -210 90 -276 -411 398 305 -284 -406 211 129 -163 -481 287 459 92 -25 -288 -368 329 435 221 333 438 -312 227 136 201 -134 268 -157 52 -459 -158
229 -51 -243 384 82 -391 140 -161 350 -158 209 279 -99 -305 -97 -463 489 -95 286 349 424 -311 263 265 -388 298 39 171 -6 377 -423 165 -477 -93 111 -280 -490 -434 486 -79 -467 -33 -139 -49 265 -261 303 128 38 156 30 -410 -323 -360 373 -45 343 186 23 -143 344 442 -101 -52
-249 -447 -32 -465 172 -405 -299 460 -13 393 -413 226 -482 209 262 401 255 317 -494 -259 172 -227 -357 -177 -118 -291 -71 -112 -374 484 219 199 -466 244 -424 321 366 33 -88 -452 137 -300 -60 329 290 -383 -506 -319 -460 -270 -330 -484 -353 -282 -163 361 55 -346 258 33 311 -155 109 -504
-489 -421 401 -151 377 270 228 96 -180 -213 448 426 110 -177 502 378 -143 46 -135 353 224 394 -240 -396 110 97 177 -347 -358 281 398 53 -307 -125 -325 191 30 -404 436 -239 -287 391 -10 -286 369 459 88 -137 -230 122 -315 260 351 347 -176 -62 -408 334 -39 114 251 -414 383 329
-425 116 -266 -451 -129 -186 -99 -65 -396 291 -154 -472 173 -434 -482 56 175 275 -466 351 469 148 -138 -50 -133 -251 272 258 163 413 -54 258 -367 417 -443 346 -441 -335 250 -93 80 -311 24 -262 251 447 207 34 -287 208 -421 506 -424 -70 -78 85 40 284 -130 238 -439 260 -151 13
487 434 222 -327 -67 489 408 256 -329 354 -246 6 -405 154 -184 135 -399 398 303 -489 -492 -346 -392 260 -469 397 149 -294 325 -225 326 -110 342 -249 229 392 -445 91 347 -368 116 -178 -421 -203 -454 -27 -321 92 431 414 -465 433 105 212 -455 3 238 12 -195 192 180 6 81 154
-50 474 -312 -507 339 219 318 175 119 -100 178 377 240 34 478 435 -234 -388 185 385 387 493 -237 291 181 -76 310 486 -339 -296 -344 91 275 -225 -496 -477 144 48 446 -183 205 151 -14 -214 -304 100 -345 240 414 -198 -19 157 481 -178 -306 -498 60 388 -409 -370 452 -102 96 -191
384 -135 -308 71 83 -44 361 18 143 8 271 -460 256 -236 177 -58 0 434 120 150 399 -438 -271 -501 156 -231 -458 -427 386 -195 -291 -475 -190 -511 -13 -370 97 -182 -479 395 182 -203 77 81 -304 -186 -53 114 -462 319 145 -319 -43 -510 300 -99 38 -365 -278 495 213 329 375 257
483 390 348 395 -64 491 327 -111 -402 -73 -320 26 -409 -43 431 -125 414 382 -101 -362 111 -501 349 -346 473 -289 -338 140 -328 75 77 -171 314 -355 405 21 -469 -394 77 -174 422 232 -199 -88 -377 -400 -23 412 -379 -108 241 -224 125 425 476 503 214 57 443 303 465 326 -39 401
462 -115 1 306 112 79 -389 -140 341 -263 5 168 401 -263 43 342 -320 440 -408 -12 -198 -370 359 -52 318 26 486 -238 -318 -2 -43 -479 -480 -57 -92 184 -298 -352 305 340 210 -216 -216 382 -300 -304 -511 -257 -451 -287 -306 234 96 195 491 -148 -71 459 -134 -221 -307 -28 254 -367
458 497 -105 348 -88 -235 245 -422 368 -308 81 460 -333 -362 -419 -6 -253 -47 152 111 88 -428 105 -115 -156 355 183 -334 -155 -148 -355 143 -206 78 411 181 99 105 -121 441 485 -19 -142 -238 -215 229 75 232 -76 56 236 -341 466 -81 328 -500 122 -242 -74 -128 183 -346 -403 47
267 -461 59 12 13 -404 111 476 325 -21 -489 98 -312 200 -72 -410 267 -28 249 -4 -349 -414 -502 209 -218 -284 -404 177 -329 -463 389 20 3 -456 54 -369 -434 -189 69 -390 -17 156 372 268 -495 -354 -294 -77 -418 301 -189 -142 80 51 484 -502 -285 383 416 304 -49 492 -331 229
-439 263 -168 -79 -30 294 -403 -390 510 -122 -127 -17 229 -66 -353 -131 -102 -64 -185 -167 28 -227 405 -407 502 -411 228 -57 -114 269 -23 223 464 -251 28 -512 -475 233 -112 376 -439 -392 -413 -154 -25 -506 351 -131 -12 0 370 -22 179 420 506 331 -351 -19 -106 2 -78 258 -147 -2
139 -434 473 331 108 -187 150 313 356 213 121 -387 -383 109 -152 167 486 479 4 39 254 27 -493 -58 365 91 -94 475 -80 340 69 276 23 232 181 -303 169 411 -203 425 278 -303 -181 330 -254 -486 445 455 -489 454 -301 11 209 260 114 -189 207 317 -461 -328 -139 -10 449 390
293 -340 -372 -304 244 -349 -80 -103 -64 -132 417 342 -494 480 -80 -259 -445 -85 449 469 75 -202 -450 365 165 -300 -307 86 -2 216 408 98 276 268 326 -248 -418 410 256 -17 224 456 45 31 -273 -96 -90 232 115 -177 496 -162 327 -186 -74 -354 449 33 -387 -336 27 357 466 12
11 -104 -78 164 -16 -412 228 308 191 -338 -336 19 55 -61 99 -262 489 -359 -195 271 -34 -461 -442 -176 -45 319 500 433 424 346 492 11 -412 417 109 -270 350 218 410 206 510 -460 -287 50 175 30 178 12 490 -426 -209 125 -447 -168 119 -283 -102 -350 -438 430 -85 337 193 420
445 -418 274 -435 107 266 -467 -238 199 451 -198 74 364 25 324 -38 508 72 359 -53 91 -30 -199 421 -209 481 -410 -317 84 339 79 420 -511 390 -251 322 89 -7 -397 150 -341 284 -265 238 423 -350 -22 273 382 -307 -176 -308 55 -243 270 423 454 -221 10 -233 -379 227 422 120
32 -81 417 -229 -366 409 247 27 -245 -259 58 171 -441 61 -401 313 337 -288 158 304 -368 -175 367 4 -248 156 126 399 442 476 51 -36 -24 337 -366 -157 -486 -22 -219 -245 488 322 -44 -77 -510 -356 -469 272 -431 152 321 54 -132 -196 381 -458 -106 154 96 -389 -246 -440 471 -232
-205 -422 -396 260 -359 92 -251 367 -404 213 -82 265 -193 58 -408 -488 -34 38 -106 -363 416 9 -37 -148 -342 354 206 273 -129 -185 256 430 56 -363 -255 455 85 474 229 -158 -243 280 339 315 -346 -103 -367 210 391 -260 -487 339 388 -457 -489 155 492 -303 -70 -158 291 53 -421 -286
-326 170 282 303 -213 -394 -105 421 140 -35 188 -43 -432 -413 461 441 -373 421 365 -119 427 195 324 376 291 -287 -112 417 -460 -232 -155 203 -240 71 -315 -428 198 82 -412 -16 -311 -176 415 -434 -364 -193 -119 364 -123 -350 440 187 -321 256 -194 -343 -452 -86 18 300 16 261 60 -408
154 -451 326 254 -332 -325 -347 327 425 -324 -19 -432 -265 -60 40 -186 -243 -328 320 456 195 392 459 -18 431 245 -343 136 1 -369 253 191 276 293 -57 -397 160 241 182 -43 322 -177 -356 53 -239 385 -203 -2 320 -509 -150 332 -276 -296 -259 -204 -462 354 -409 -167 -495 436 -360 -316
216 472 -88 488 153 227 -51 -82 -341 54 386 59 0 -415 102 -510 -408 164 51 -109 419 246 -387 -282 469 347 -327 -430 -266 239 206 -220 -244 -420 -83 377 -254 -21 -248 -414 -504 410 -265 -90 380 68 156 -112 -158 -101 -489 -243 -38 406 297 319 -121 358 -156 445 -261 399 -295 -174
-174 -312 -107 -509 192 -73 -181 57 215 -261 -142 -343 -192 -355 323 -44 159 374 158 -438 -419 408 37 -299 -280 447 128 -13 88 -420 176 -171 -490 -485 214 4 368 105 205 -269 48 -146 -334 100 430 39 -261 -80 -12 -93 144 418 -461 373 128 -444 -450 11 509 -442 -485 55 -237 380
-313 -90 -75 -480 499 86 -243 495 -389 129 169 216 121 506 8 140 229 205 383 259 346 223 -132 443 -275 -112 -391 -296 62 24 249 -301 161 -451 356 442 -249 -301 55 497 -125 -272 498 38 426 -389 191 -309 60 169 -475 -403 -16 458 -303 164 -313 201 -172 -297 -111 -500 122 -481
241 170 99 -233 260 204 378 27 5 182 274 216 -375 507 158 135 -258 395 277 -129 -17 339 229 -83 156 -238 -378 -30 64 -108 497 -250 54 335 -507 106 -83 -305 291 431 383 69 121 -112 -191 -174 494 -200 -236 -344 -508 307 -11 126 116 -407 22 -298 -331 158 307 229 -110 -41
-296 -240 243 -370 -508 -466 -131 421 196 296 -206 -121 -302 -38 -320 459 -227 338 437 -458 -477 -280 -383 -322 312 326 -424 322 195 36 128 -254 -364 -189 -466 1 -40 160 188 -36 351 83 -133 -176 383 -354 494 -141 -58 -105 251 -407 -314 278 383 -135 449 409 -460 -141 435 -197 -141 188
-20 362 359 -119 -291 311 -429 -40 293 -412 150 -511 397 -112 -281 318 386 0 -261 115 79 -380 -136 497 471 88 -163 91 420 309 -509 -225 -154 276 203 -66 489 -354 123 -443 -401 509 -282 501 374 192 -58 153 -425 24 217 278 -346 -197 -373 188 -327 -228 -266 219 -310 -155 397 -464
-322 -429 -117 -459 -86 255 60 462 369 224 -319 333 208 -242 476 75 413 425 174 156 -496 79 -152 -484 123 -422 131 -160 -261 -243 -381 -340 179 -27 102 -96 -192 88 459 417 -69 198 135 320 266 -259 478 -53 -333 -508 485 63 191 381 253 74 -511 244 476 -412 -318 -7 311 317
-30 -440 -356 -118 -316 145 456 -358 332 48 338 -184 399 -10 -182 400 -347 200 126 442 -221 -235 -109 -124 122 388 -299 486 502 -463 466 490 416 407 276 170 230 155 -185 162 -385 -106 50 -93 6 346 -351 297 -42 17 221 195 31 -64 -130 -202 173 459 -322 49 489 104 263 -353
-402 -488 131 206 253 332 63 -81 -59 456 261 -509 -46 -170 -145 381 362 -447 180 -460 -117 161 392 -459 -257 385 -511 -80 -262 293 405 -121 -390 -417 -242 -405 -83 -199 -358 1 379 156 -189 374 114 81 92 425 -252 51 462 324 313 102 382 -433 364 -178 -430 373 -99 -410 280 6
-58 266 318 -499 -246 -75 482 -192 -465 -144 -290 -228 -248 228 7 -211 249 -494 -322 141 -251 -161 -407 -190 325 245 -106 -473 -114 -360 482 81 18 137 304 -23 -310 349 251 -82 -9 352 -425 -169 -505 292 -255 -365 -63 46 36 -462 -199 195 258 21 108 257 414 -198 -267 459 187 19
397 -138 121 281 422 -56 -339 -172 -266 246 -8 -500 -473 -204 45 493 -79 292 -383 -439 273 -148 197 348 -184 91 447 -77 122 -37 487 -506 88 403 404 -407 -117 158 211 -149 -281 67 504 181 -425 -478 417 -95 227 452 -105 -175 40 -330 -87 -161 -87 441 212 -227 -401 -340 -246 79
