50 346 -266 -47 -378 362 -48 180 -206 -45 309 -5 -376 -142 210 17 4 -51 441 492 -224 -151 285 210 -278 42 -178 151 335 456 317 -100 -73 -210 -57 -262 241 35 -41 -410 271 -52 -34 -15 276 -150 -156 -405 -499 389 -437 -360 201 276 334 -110 -475 219 -81 173 80 209 -323 370
293 495 25 102 148 -405 -416 -475 -126 108 120 424 225 445 157 305 406 417 -470 225 -302 33 -435 -500 87 -154 -497 387 7 -98 -375 -279 282 235 -183 387 -226 -502 480 147 125 -198 -504 -384 254 -253 224 -113 74 31 188 280 350 457 -132 499 -85 80 325 -353 397 154 510 -73
76 -386 -474 -287 506 312 244 -77 -78 -228 -446 302 260 135 504 162 -331 -322 245 251 437 -275 -118 285 389 325 -435 12 165 357 -52 398 388 9 -363 353 174 358 -134 98 -311 354 -218 -293 -30 -119 161 112 348 134 499 -2 314 -362 172 -414 504 445 -174 110 301 445 389 -164
100 153 312 -106 -106 -315 -350 -257 208 29 -429 144 87 390 -238 -285 -305 451 204 -135 -272 -166 -288 279 27 -22 -265 -341 25 -476 160 -240 -183 100 -25 123 460 473 197 40 -332 90 -319 -408 -152 -389 -132 237 126 -380 -508 480 212 -77 -238 325 -393 -408 -141 -258 -455 189 -297 -204
-214 446 255 -229 -42 -456 -270 479 -451 -485 -268 -192 373 47 253 414 506 -40 238 171 101 -85 130 -80 -12 483 -446 -427 -440 -296 -195 -185 50 188 411 -276 -61 -381 147 -206 420 -466 -198 490 -97 243 40 -240 -450 -487 36 235 440 -421 -73 -372 195 -265 -228 368 -41 -250 -445 365
-39 415 99 -172 311 321 -1 -285 486 -254 -364 -358 399 236 311 -337 475 -184 106 326 418 -215 -480 -141 500 -4 504 304 -427 386 -75 -208 -343 203 478 82 -150 413 -378 -487 -144 71 371 -510 -462 267 -333 -174 -40 280 -339 -464 -483 191 -52 -269 77 -160 -474 -10 206 -265 441 352
-87 -358 -407 356 -360 131 -279 -236 -434 -84 -409 -287 -306 -228 -261 191 58 167 476 -1 392 -65 -432 507 164 459 366 -109 -358 -245 -238 138 -291 60 16 -411 360 403 181 242 -375 -157 -507 -258 -17 -315 145 -318 -67 213 56 202 -132 -334 441 -213 493 -90 -268 -500 -318 -342 2 -424
133 14 -18 -383 -124 158 -401 -90 -351 -332 -183 86 130 307 88 -362 442 -9 463 -38 -182 456 -414 -238 471 -469 44 438 55 -20 -187 -376 -121 28 381 474 -440 -279 24 185 415 117 368 -219 -417 -94 -386 -106 -175 219 -26 13 -311 239 -118 443 331 31 248 391 465 22 254 -328
297 233 -385 250 323 215 386 177 472 -512 -153 18 112 -56 -314 73 490 397 -493 202 -128 463 166 -69 -201 380 455 163 321 -168 165 -217 511 191 22 -167 372 -179 37 -51 90 -289 -118 319 421 -85 381 150 -493 254 -462 19 -228 -387 -219 -450 385 269 -135 -333 405 -115 311 -255
120 239 350 -218 -385 413 -412 -127 -373 -124 105 336 -35 -313 245 -353 -172 -305 -495 -23 295 429 152 239 150 -212 -265 -369 105 -105 100 -186 -69 77 88 340 -455 -340 94 -438 411 -479 242 487 72 -262 499 -371 -235 -176 -457 245 32 74 36 193 127 -310 145 361 -347 -429 -145 68
-58 -213 -32 37 -451 496 -120 169 154 187 -336 89 473 323 -212 -5 -211 -24 -78 354 457 111 -137 -436 204 234 98 -438 399 -23 -385 -31 56 61 -172 -82 -136 62 -43 -425 414 432 455 -282 471 416 168 222 -382 159 150 322 51 472 407 123 263 -146 4 184 179 305 322 123
339 162 434 393 -411 35 53 32 -314 -444 77 -23 434 -2 -397 -122 -117 493 -408 120 -54 -98 -511 -213 -254 -377 136 -483 -126 403 27 183 -57 -346 -309 503 -284 -219 -65 133 262 282 -496 165 -332 15 -67 227 -181 391 -444 -425 -212 467 153 -339 -435 133 439 96 85 497 -42 -367
227 -500 388 -428 317 359 -344 3 -293 -77 163 -3 226 273 159 -329 -94 312 -405 431 -472 308 56 -419 -123 262 -31 31 -8 340 -47 510 -292 397 -322 -409 -421 -216 282 377 124 -192 291 465 -499 226 431 392 107 7 -90 181 -124 360 -405 31 506 323 -347 421 -220 69 72 231
-303 -138 190 -406 -473 451 170 -215 412 214 -139 341 498 -1 -495 -80 252 345 -386 -129 285 -83 -143 280 -49 -323 485 -266 -496 348 -58 -24 -337 399 161 351 -197 454 204 497 263 -75 -261 -203 -278 -38 438 184 -205 200 -104 305 13 -354 102 -160 152 -93 325 -345 -431 -303 -364 344
-355 -9 360 -131 -452 305 198 476 282 456 416 -456 262 -67 247 -40 -160 16 158 -122 -405 -302 457 476 -299 -175 -433 -250 -195 132 155 -324 -89 457 -379 -232 20 297 452 2 153 502 -426 498 -454 -113 171 20 -200 247 317 -248 -114 -132 355 -202 499 341 -267 -3 512 120 -346 33
-470 -277 261 -434 -374 -210 276 365 428 -201 395 -493 -416 24 14 -383 -36 -42 -399 -348 -348 144 307 474 490 358 256 -65 -433 120 294 487 -149 -432 -487 -464 -240 -5 -286 -100 168 -318 -442 136 274 -211 295 445 443 -240 -489 -198 11 137 -505 -109 138 -270 49 -110 -44 -471 -231 -149
486 -349 -52 -63 82 29 -493 469 -136 236 -391 86 -387 -74 -478 227 -338 -21 -186 -419 -63 53 -503 -236 107 -287 191 -488 181 -91 -406 89 360 446 353 385 95 -378 -491 109 -183 495 400 -282 437 -307 -440 9 414 -38 105 -107 142 -463 217 271 190 -453 249 -41 -190 276 78 350
-388 17 272 94 401 -452 151 508 6 -12 51 477 -248 -236 222 -42 -219 -8 -9 224 343 478 -264 -470 -165 -388 347 -294 -447 -95 -38 -384 -491 211 15 -196 417 386 391 -79 -168 -152 -38 276 -446 436 260 -91 -505 -189 429 26 -91 430 -117 200 413 -426 353 463 228 106 -62 -324
-33 83 -18 454 -157 -57 -260 -420 -475 268 -300 -155 -175 -281 390 -204 -370 -19 -28 48 350 212 -301 -343 -89 -138 511 -171 288 409 -274 -393 294 -138 343 -258 -373 -65 -483 225 407 -360 -262 344 415 274 9 -64 -342 21 -214 -490 -104 73 -26 -183 279 -288 356 287 -41 315 -153 -142
-323 -118 -149 129 -160 -438 -423 -350 169 -455 -265 -374 -279 18 -39 55 -400 -325 454 -293 -106 109 -380 -120 -186 -177 -79 48 36 475 477 147 -7 335 11 75 87 234 145 -488 -408 121 159 -312 207 -376 -478 -284 505 -181 433 209 -25 -428 -34 337 488 208 -476 -456 274 -341 475 294
-414 -110 -257 481 366 443 -405 -27 422 153 277 -405 193 -221 -257 358 332 -1 -480 -62 -206 165 -465 504 312 -422 34 392 -414 -375 387 290 -504 196 -109 188 -242 -218 480 -421 -501 318 434 -494 -248 481 411 -469 180 179 -139 116 294 507 -115 320 262 7 219 119 129 -271 59 -413
459 395 -87 -266 110 504 407 -218 -423 -507 286 -85 -210 92 182 55 -391 -298 -59 25 -500 -368 -467 422 402 -435 -60 181 8 414 407 45 401 -82 -115 185 247 502 96 -239 -166 -76 -279 143 200 329 15 -71 -462 -427 507 -392 -232 -444 -315 363 255 -175 -382 326 159 -128 44 93
64 427 476 -355 -338 419 -205 -469 -317 -467 52 -280 377 -276 503 -410 233 -124 -496 364 78 233 -79 307 -74 88 -390 -273 -374 126 277 147 -171 226 89 -392 -373 244 -167 165 454 -307 75 116 -441 159 43 -470 461 -325 -92 -488 165 4 -350 509 -180 -351 510 375 48 11 -394 405
195 -224 462 301 -179 -263 -28 -437 89 -120 160 -481 132 -360 122 202 454 371 -339 506 499 381 395 -378 -270 -287 -39 -269 497 -326 508 444 228 1 -147 -509 -409 64 166 -391 426 -260 -230 -440 -150 -400 212 308 -70 -259 -507 -409 165 -229 -100 -372 -393 -173 -47 -282 220 29 498 -351
380 -126 -244 -64 -1 -193 461 1 -75 -226 54 162 261 -401 -46 -201 -251 342 87 -328 -37 -179 454 450 -458 145 -112 -430 -511 206 -324 144 473 86 -277 142 -328 387 30 -267 355 -402 -338 130 -416 382 153 285 -24 392 495 -41 86 -368 11 -390 -423 -433 259 29 506 -491 284 347
-250 -207 -115 -357 62 -247 275 299 198 474 172 116 63 410 23 -386 -126 273 326 -236 327 -401 400 -241 -255 112 355 255 198 156 504 457 351 255 475 -317 399 -307 76 284 -388 22 255 -268 -206 -113 -179 -98 375 435 410 486 -235 431 399 -53 145 345 124 -333 189 396 109 216
-122 -493 -72 -280 -275 -190 -231 -467 -69 52 442 -173 -346 341 -450 118 -289 358 406 -318 -237 -130 -348 -178 -339 -170 -230 376 -511 68 217 -148 25 -164 -444 -456 380 108 150 153 -489 -220 253 432 -225 107 179 -320 376 -261 215 -76 128 -320 -184 -254 -102 -263 -157 -269 84 -461 -48 291
413 115 -440 275 -270 -172 506 -98 453 68 -375 183 -356 -274 -67 63 -74 -496 354 -381 5 159 422 32 -401 361 -180 371 277 194 436 34 -301 -446 -400 389 234 -27 -251 -259 156 397 -58 -357 -131 141 -148 316 -232 438 -218 434 -150 -288 174 136 238 185 363 49 -152 381 -231 285
-420 50 -306 -111 -155 -57 -159 168 485 336 229 -189 444 492 476 251 -109 -196 -301 185 -180 113 -7 276 53 -167 218 -198 -506 291 -346 294 -4 -58 -449 255 -354 458 427 386 -276 357 -149 -282 -320 -1 428 291 -325 292 459 320 -506 262 380 -361 -306 -140 -300 -302 462 478 -269 -497
-167 -30 -439 349 38 -380 -55 94 340 117 -328 355 143 358 91 -507 -508 -382 -109 -185 169 348 -410 -479 -363 281 323 442 -104 -386 167 302 348 -256 -307 295 255 -405 -97 68 -219 -194 -190 114 50 -100 458 414 59 -145 448 -438 31 -448 -2 326 342 -179 -234 -210 -438 403 -443 461
-117 137 -154 -329 -407 495 -95 -285 222 469 -319 -60 -108 255 455 -7 251 -278 -169 478 -433 -206 -505 -221 185 -57 74 25 -347 -17 385 363 198 461 -155 -311 -505 407 445 368 157 211 16 -339 138 -17 -188 -463 210 -34 -106 234 192 81 -113 -242 -221 -248 -52 -396 -141 -283 -142 19
243 328 -64 -149 364 -372 56 -228 -162 -261 480 -222 217 144 -285 -284 -230 372 6 -101 313 7 173 -199 -165 314 154 -451 -511 327 246 20 -78 241 365 -302 328 -435 -453 -115 412 29 -413 301 350 119 -349 351 -42 -458 -174 -292 -261 -313 182 -142 -194 -506 238 -459 -259 78 485 -481
-185 -110 46 123 -150 390 135 240 -345 407 -190 386 -490 295 318 -102 -304 -248 86 -108 155 -78 75 216 343 205 459 -100 -183 -132 274 54 178 -154 -228 -80 377 -225 -317 -352 487 -191 218 -212 -418 326 -84 319 165 -340 384 -64 459 -75 408 368 -254 288 395 -98 281 338 -304 511
-291 9 411 303 314 349 359 -386 -465 -292 -3 90 -264 473 -98 79 -140 122 -465 199 -504 -411 302 272 141 -363 161 -437 -309 405 -210 192 363 250 -458 14 -485 -279 373 11 -167 58 503 510 -69 160 -344 292 262 -475 18 -406 -369 -455 -493 349 -324 189 490 -222 -63 416 -491 -74
-106 -97 -171 -430 35 146 211 -281 -190 -435 282 246 -293 366 81 178 308 264 -489 -70 -92 -51 208 87 -164 467 -470 13 83 25 159 -482 122 -212 132 -7 282 349 365 -255 139 -449 179 -54 -5 -302 -412 -237 122 388 -315 -192 114 406 461 -149 383 337 167 361 5 -166 -224 -295
135 451 345 12 -226 -263 406 -163 330 -326 -29 138 247 -43 205 246 -272 75 75 302 -121 -126 -372 -334 -481 214 -138 -464 248 269 -508 380 -342 -182 328 303 420 -8 -495 477 24 482 -35 -59 82 356 -1 494 500 246 -164 159 217 -179 -127 105 -30 -142 12 361 -466 -200 492 -320
-79 512 418 -295 286 -187 37 56 -85 -158 -62 54 180 449 -113 -498 275 362 -268 -103 450 -202 120 362 88 -80 47 65 -31 85 235 -303 -173 383 -333 352 -306 -489 -426 76 199 316 190 267 -349 250 -65 288 -322 -414 -66 181 5 480 -146 107 -157 492 -123 -363 37 -357 -146 367
315 -199 206 120 -213 -12 -149 128 -448 180 -260 -314 143 339 -37 -312 13 -432 -366 -315 245 424 -145 -4 -128 497 -101 120 -11 483 51 490 -237 359 477 251 -307 -58 -235 196 248 -243 186 295 -262 -490 -423 -180 359 291 308 -90 211 386 -453 212 124 173 -129 454 -32 65 -329 1
-392 -55 414 -427 -95 -348 234 -371 -368 -113 -103 -213 -190 182 344 -15 339 52 330 202 327 129 -500 154 201 115 -275 -312 -91 471 186 -258 -460 339 -270 157 -9 -222 475 -129 152 230 -34 40 2 -424 108 339 -336 338 355 -10 266 -219 -68 -30 282 -448 334 -198 -361 58 -58 -58
261 13 -347 205 232 393 417 233 -262 14 328 -40 -299 427 -340 252 394 -228 168 15 113 303 -384 477 440 -320 -187 -317 311 57 -155 -360 -163 -365 262 66 -244 -240 278 485 -432 -421 451 -166 322 405 491 222 -338 -285 471 260 506 -282 -345 -197 -377 -241 -445 21 -319 -240 167 340
-195 -314 -143 296 135 -173 485 364 434 375 -501 -286 469 -25 -392 -338 -396 -332 -2 -510 166 131 -16 -415 -107 64 510 204 47 -10 -270 46 164 25 175 -119 -199 34 83 -41 20 -36 -178 328 46 -350 99 -400 -165 23 144 -433 -164 -85 471 -3 54 -130 -406 -27 -62 326 227 -335
-398 -10 287 353 -207 382 509 216 -338 -61 -497 109 -226 421 -201 -264 365 315 -346 356 -363 -286 374 -194 -356 -396 -167 359 -153 -381 52 -179 -367 439 7 -316 391 27 -493 -79 489 139 426 -158 0 -510 -354 110 112 -219 -303 100 2 -152 346 -181 254 -39 -313 -107 -446 119 -72 -30
511 462 350 -220 325 -397 321 -46 -336 -163 429 423 166 326 -264 -44 -76 36 -138 26 -327 318 -276 70 -403 -121 -332 -67 -501 -422 217 408 135 251 508 -72 -89 296 464 -357 -350 -28 -379 -265 359 -198 -298 -426 -125 438 -24 391 420 146 367 -30 425 -256 -160 156 28 382 409 287
-326 406 -432 -35 -500 -437 51 26 342 506 403 -193 -218 448 160 262 422 160 -479 19 -187 60 -363 -338 -401 -420 -508 -275 407 154 -260 291 -18 -180 -48 -500 12 -502 -385 -13 426 286 -399 42 -140 -188 -409 -218 -331 -31 -290 -440 82 471 -184 36 4 -4 324 204 246 165 207 228
-421 162 -432 -237 -328 386 -146 385 -293 -271 158 334 1 106 -458 -319 246 267 389 46 252 -378 -77 351 -65 374 350 204 266 -262 -286 -3 155 303 405 -321 -481 511 -301 75 -132 -212 -347 -263 -10 417 -444 390 -276 340 -456 83 14 364 -242 282 -419 486 -269 463 504 -13 235 442
-53 106 -400 282 -76 -482 -128 -315 -240 7 69 93 -357 -489 -398 -29 362 482 -91 -81 -188 56 256 42 413 -480 12 -267 149 -54 304 -92 55 -223 -385 227 -160 341 -435 -263 -82 -210 195 -339 461 -250 224 -285 476 -199 475 413 -195 -21 -488 -82 -364 355 27 450 -497 378 197 -456
28 -401 214 96 92 493 177 -209 -175 -399 429 312 278 -278 228 24 445 207 -353 -499 306 -186 -276 485 414 -92 -326 442 508 -70 -510 -361 -249 -442 61 185 -147 122 127 43 416 -136 -469 -424 -189 51 -251 -340 -246 257 -255 -334 182 272 -378 472 -196 -490 -441 471 196 325 482 -377
0 71 437 -166 -54 279 28 74 -338 -37 52 -432 -310 -132 -281 -475 -16 216 494 187 328 -489 160 -156 -48 425 -111 -504 -271 -64 -482 -296 149 -454 -210 -159 284 -333 -387 450 79 -334 -191 218 -251 195 -243 -67 181 457 -328 264 49 56 -95 -224 -73 292 453 131 52 362 -240 -225
331 -86 365 -230 478 -114 -51 60 145 52 140 -109 123 258 126 334 -159 -78 336 -258 272 402 67 -5 339 -69 175 -322 71 97 144 466 89 72 -106 409 245 -414 -378 -120 12 278 -113 352 -171 426 398 -409 -430 486 418 -484 351 47 -334 50 -164 96 21 -247 272 -238 -428 90
-117 -191 358 -82 442 -296 430 -84 343 -22 157 234 461 -15 -236 1 75 -200 165 -232 494 6 223 -180 324 -239 -284 56 -327 97 -226 123 107 -330 476 138 402 -183 -240 253 -512 31 129 422 366 -116 421 290 -100 -327 277 455 -61 492 183 264 -138 276 -306 4 -256 -448 141 171
-213 -510 392 -365 -311 -227 -376 261 -449 -147 -466 438 -123 -88 487 -490 -23 192 475 403 -444 215 101 -259 -511 -185 -370 -497 -86 -268 -168 -355 231 -474 -168 -329 330 -11 254 -303 287 387 206 169 -113 251 -110 -316 -195 -463 101 -130 -236 -284 -39 211 505 -281 -72 -472 -226 456 507 -149
-29 166 210 495 340 182 115 -503 -399 -15 -251 100 -422 -482 101 -467 -131 -350 96 37 -437 241 216 -384 467 93 -247 -38 -368 -275 337 213 -204 -97 -483 92 121 -307 -209 -158 -271 233 -52 329 188 -200 -462 -481 -79 -241 16 -223 302 -204 116 -314 -384 -232 417 495 422 427 -157 378
-310 378 84 471 -297 -138 301 -445 -418 199 -509 -426 -126 -154 388 138 -233 -203 410 -21 324 3 356 132 -354 -59 -454 14 -475 219 382 -503 306 -383 338 241 -237 351 391 417 -489 374 434 144 -285 -339 -270 -369 123 266 -349 174 -350 3 409 -176 -110 41 37 -64 301 -323 251 23
27 -233 -328 -396 192 208 -231 507 191 75 240 38 -237 -164 -387 182 -206 -283 267 -156 314 301 485 -225 6 -467 255 259 -218 440 413 173 -193 108 159 -303 -195 180 221 -282 -420 -122 -245 323 -445 478 -318 332 -128 -71 35 -8 -102 -53 27 -33 116 -289 -344 -280 115 489 -221 -465
472 69 97 256 -28 392 432 458 189 77 407 63 -467 340 352 349 97 -335 61 37 121 -240 -113 128 346 427 239 74 -38 -38 205 -508 -324 -341 -393 -512 -490 463 -384 -275 -101 340 161 389 346 -6 157 298 82 435 -152 195 250 179 88 -267 -210 295 -436 -194 -374 511 -260 -504
502 457 489 132 -503 250 208 262 505 -145 -366 213 -353 -258 442 -234 439 420 -432 269 -464 27 324 -146 -330 -347 -441 404 -379 288 -447 247 187 -395 400 46 239 104 88 281 169 -468 276 98 -454 243 -15 -108 490 -340 370 228 121 232 475 180 -471 327 193 -141 -169 112 -12 141
407 22 -96 269 -196 -180 219 353 -186 -227 244 410 -123 122 -213 225 -9 -362 202 -35 -360 -103 -146 18 -42 -310 -96 224 157 -475 458 -246 100 29 339 267 464 443 -284 -165 -366 -9 213 -269 391 400 430 -277 -393 -334 -290 226 -280 385 -326 228 -62 -63 -268 108 -56 143 -24 412
-106 -454 -266 -267 304 -20 350 -12 375 335 263 404 -127 404 -45 383 127 -362 -458 -17 363 287 -149 56 193 -43 -302 478 -114 -93 261 -351 216 -149 264 1 -13 -491 98 -213 440 176 -150 -370 -406 155 73 -134 -141 -430 270 101 396 -462 -326 118 437 -410 75 -385 -428 -475 468 277
88 255 470 -334 431 -180 482 340 133 -80 -487 -417 -136 -413 -72 502 180 -125 -194 363 -101 382 -45 465 277 -285 152 430 215 -342 413 -95 -359 156 223 321 462 409 232 -245 493 -354 -183 149 202 -437 -85 -435 262 -60 301 -256 -435 -153 503 226 292 278 304 127 -126 506 -10 137
458 112 73 -137 261 -69 73 363 99 217 37 236 329 -499 145 453 -364 -149 451 111 338 -362 -318 -4 306 471 -335 -449 -82 -160 -249 142 112 138 -329 92 -382 297 253 -143 -217 -154 -219 -67 469 321 -510 -389 492 371 74 -466 365 500 -305 -259 125 -126 226 -292 181 14 -470 -20
225 489 117 -430 482 -236 -86 62 476 -87 429 -449 168 -466 -434 202 -446 -299 471 87 248 -450 -170 119 -467 92 334 -66 505 -212 370 -5 -448 130 421 483 -467 -27 22 273 445 -4 -255 -306 219 419 -124 349 -30 -341 -312 108 -228 -115 290 -210 244 -271 -150 140 178 -322 43 -274
-192 142 -14 -489 85 112 -143 153 347 -268 140 266 180 171 234 -317 356 -195 2 485 337 -51 387 -299 -45 128 -453 157 6 258 -62 -472 156 67 -409 -198 -508 -395 142 -139 1 423 -331 -10 -313 376 -86 293 -364 151 -293 72 469 426 -4 -47 -78 388 -10 -256 220 -322 -124 326
-57 -27 -128 -488 -502 135 -314 -339 351 200 -15 -153 436 86 -476 449 67 -256 477 -101 -110 -354 -320 -149 -395 -289 -367 172 263 -279 -154 -67 81 292 -378 92 211 -512 338 195 -116 406 399 226 -312 439 -397 268 35 146 151 510 486 236 468 84 -319 256 365 508 -90 -456 -258 -79
-191 -395 -373 -507 503 340 -42 -384 -177 -473 -382 374 351 -378 2 271 -259 -67 251 437 -11 -383 172 -219 250 270 -249 -380 -225 -328 -168 -468 -290 462 -60 230 118 266 -293 -120 344 -491 -218 93 -11 -427 375 177 -15 189 -237 -370 240 350 -61 191 480 214 325 443 506 -404 132 117
