97 451 -170 -349 220 3 -303 342 303 -49 -163 -86 -340 -502 -49 166 -447 512 -476 -350 136 -161 341 222 432 333 104 -313 225 -206 40 -508 -263 -27 -280 351 -177 106 -351 -3 88 210 9 128 351 -259 -291 35 -400 -416 -446 -336 243 -483 229 377 505 -39 -39 -186 -228 87 -243 192
21 -240 -327 426 121 96 495 -213 58 -468 -353 -17 124 274 435 233 351 443 249 233 471 370 -151 -299 319 -282 -28 4 -238 305 369 470 -304 226 -192 -469 -453 -258 -92 -169 -34 301 -99 -234 219 -274 102 326 -42 441 -277 -266 -242 -313 -329 -266 -275 282 -374 -199 93 364 51 153
-255 -222 -106 248 87 -239 170 -242 -475 453 177 -58 138 -447 -408 -437 -457 -288 269 -419 303 -431 -182 -402 93 93 -104 216 394 -273 -335 -211 -436 162 -470 314 296 -411 159 475 -70 -451 -459 401 -312 19 -412 -487 405 -434 391 -494 57 -488 486 -38 489 -223 -394 -435 -314 161 437 366
-316 436 -1 85 379 -265 377 -268 -450 -142 253 94 -127 -316 88 171 346 425 -471 255 349 412 437 144 11 -224 386 -346 337 431 -67 185 22 -308 349 -312 57 -68 -77 -125 493 426 58 183 -486 -229 73 161 360 378 -358 386 -275 327 -342 431 397 25 -396 245 370 -192 314 142
282 -116 -198 -42 335 432 -326 -37 -182 -138 -339 -49 31 341 302 252 -333 -137 414 164 111 -339 -277 -316 215 -304 27 240 -97 -230 493 -115 -301 -508 -345 265 224 -286 217 -87 -233 -457 -112 164 98 -235 140 418 292 29 -460 -348 285 -197 408 -58 -409 -227 -194 -194 255 263 -115 70
241 26 -31 -303 155 -70 217 -338 -170 151 301 259 -380 195 -254 -39 -275 185 348 -181 -382 13 -10 -134 -142 -63 179 239 505 273 -425 460 366 -359 511 -71 -453 228 16 489 350 -183 67 5 216 489 386 141 -301 -40 -428 -393 75 224 -443 -54 483 -44 21 -318 253 -323 86 45
372 -264 268 -141 314 -392 309 402 -367 -399 472 479 -422 504 -458 -283 -412 46 -368 -163 327 321 -161 -6 -371 -380 -380 -469 458 -334 -184 506 51 -275 -178 -440 -407 138 293 -267 -495 296 -111 237 -416 122 373 389 165 -494 36 88 25 81 -198 -59 275 201 22 445 472 -60 471 -329
-206 -2 193 -76 -436 -120 366 -31 203 -361 215 -97 -193 77 305 497 109 107 17 -290 474 -303 274 -407 -329 -251 -465 304 -20 -378 -479 96 -364 -292 -229 -20 -244 -438 511 95 -38 1 -301 -71 -261 -261 102 -324 -192 -122 -197 -338 302 433 392 41 -181 -159 445 249 -364 412 116 -473
-135 359 277 445 413 210 427 -222 -85 451 -97 412 -492 448 96 3 -243 423 -221 34 -75 493 -286 -488 200 -89 -136 -187 186 -280 257 135 -375 203 -195 179 414 -483 448 -455 289 -427 -432 -290 -394 293 6 115 -233 198 367 247 -402 -231 -498 -36 -125 -400 -465 154 -502 314 -271 398
286 325 -296 -112 -136 502 278 -287 -370 -167 -157 424 -444 -263 -262 324 112 -320 -292 486 114 375 447 -78 96 61 -482 321 -163 313 -263 192 117 224 183 -213 -393 484 54 -100 325 74 317 -228 448 12 381 -509 435 -456 -270 -450 377 -268 -66 -340 150 -214 351 -198 189 -205 -363 437
-173 -217 -504 -29 -124 219 -323 -25 258 -184 290 206 -435 -224 -308 137 262 505 425 -500 316 305 -377 -408 54 346 -25 449 158 33 -296 377 -34 281 -344 117 242 345 156 -287 472 -278 143 18 -149 240 132 353 429 -235 335 160 59 25 349 -339 -258 78 324 275 458 336 257 -8
337 117 -402 419 -132 -337 -299 460 37 -42 37 -502 375 -480 89 -217 502 215 460 200 352 -258 -69 77 146 123 -280 504 358 -409 404 -465 -175 330 -171 -161 -245 -188 159 -323 -443 -196 -67 339 -458 -221 511 349 421 48 -315 -317 92 237 -95 83 -332 -308 44 165 -23 365 9 104
85 256 244 -291 321 408 49 -180 -282 69 -400 38 332 -37 103 -420 -474 336 496 -166 440 -315 7 -216 262 288 281 145 119 -343 -300 167 187 400 285 6 349 -396 461 -82 480 383 -425 -6 32 333 18 353 -223 21 -421 -465 124 -485 -435 313 -280 -464 87 -393 506 -240 -268 91
256 -326 -116 512 494 -347 -435 -475 439 163 161 413 -481 473 268 96 463 -463 247 -123 -199 -345 -129 -497 -165 -315 330 28 146 -122 -55 93 -178 109 391 -470 -504 421 -182 -115 221 -385 -105 -478 -274 213 -65 -123 318 115 -121 266 255 256 186 412 -77 491 78 233 -485 232 -96 81
53 -55 -229 -11 289 -226 346 -4 361 -484 300 124 247 -308 -60 425 215 351 -386 428 -4 234 333 -55 156 94 -149 273 -187 -209 373 -28 165 -60 458 -62 -261 443 113 157 -434 279 -384 -251 385 -160 216 315 462 28 -315 -242 -386 478 -170 193 163 398 -184 -363 175 508 -99 140
-79 -312 -85 -244 -322 333 -202 190 328 -505 52 4 414 326 94 112 26 -373 -36 -474 262 341 -3 -358 4 303 501 215 -404 -118 -467 -504 -322 -37 143 -285 400 -166 67 -287 65 20 -378 -44 401 -326 316 -330 -71 456 465 149 -279 376 -329 180 131 -496 -275 401 235 131 -22 310
284 -435 240 -169 391 333 451 220 321 -76 -3 -507 -129 154 -86 150 337 316 214 -422 302 -463 80 -377 185 -88 -25 -261 -464 -72 -281 -14 176 418 -112 328 176 -412 212 148 428 462 -249 211 417 -105 -27 -59 -373 -425 55 287 -22 -7 224 148 376 187 364 384 302 -319 482 -506
-361 508 451 -174 254 21 429 433 -71 -38 -41 -119 282 -12 -19 104 214 -187 258 -121 -16 44 286 474 -32 -211 -31 -309 385 389 185 54 44 22 91 -41 -274 -188 415 -382 51 -241 501 -71 443 -225 443 148 -482 4 -237 -333 454 -68 9 -363 -404 455 125 198 -61 193 -198 493
3 -446 -295 -76 63 89 -73 198 -426 -21 138 -65 344 -102 200 -186 -360 -385 -115 106 -471 -82 473 -49 -338 25 -187 -480 -263 170 -162 -279 -456 118 -430 -185 -356 -182 183 -184 114 -294 427 -463 104 251 490 -11 396 368 13 496 132 40 273 -348 267 447 -473 -69 -19 512 103 -110
-263 273 -405 339 -141 -471 380 173 315 -315 -165 -394 -454 -56 -249 442 -420 -173 208 -381 256 214 -337 412 -119 -278 -151 183 -242 127 -7 189 250 -207 -484 -386 264 272 -313 -421 -147 169 389 -387 -62 182 99 278 438 -493 62 -46 292 247 481 454 393 -20 -14 -472 -199 -23 31 377
-391 322 -363 56 -29 -90 339 465 -244 -279 56 454 472 69 273 -401 13 -225 -440 -294 177 -295 376 -329 -71 466 -449 62 -230 -510 -55 -485 89 383 -322 272 394 -340 -492 229 307 -499 222 473 -413 -304 -212 -415 12 198 102 -283 310 234 60 384 416 -387 -32 -90 -237 -122 -466 273
327 -428 -418 -477 300 245 510 -167 219 352 101 40 94 434 403 372 402 -408 -320 -26 272 -201 302 244 218 -382 -419 399 13 -135 303 -109 7 504 227 229 -174 -59 40 314 74 130 213 424 279 -196 -382 465 145 -457 -398 200 292 -493 215 159 -363 73 319 -433 -435 -284 -78 -200
47 -374 -139 63 420 -20 -186 380 436 393 267 13 -471 -4 -359 488 223 -421 9 222 95 -187 9 -243 -230 -460 -348 -469 -49 218 -390 278 83 -300 -338 -275 -190 -99 308 -427 283 33 18 108 -358 327 -511 395 453 -78 205 133 87 -433 462 56 424 259 140 13 -56 125 324 336
127 -444 112 131 298 243 212 503 -68 317 241 104 299 -279 215 -214 282 490 308 296 199 -420 278 16 49 -204 -230 -302 130 380 -38 322 490 -512 -394 456 485 206 -31 -490 298 385 -106 280 324 3 -308 343 -98 55 334 -244 -24 -64 -125 28 125 -19 -443 -351 113 85 398 -421
278 -51 -2 -318 112 78 324 381 502 343 -509 277 29 278 453 -399 -325 369 -176 -129 170 119 215 -405 413 336 -442 201 367 -333 230 -150 -451 -73 -433 -58 278 361 -212 -176 -205 469 364 138 -120 -56 -216 217 455 -48 -498 -230 -68 -465 360 219 138 407 399 -362 -313 -117 -360 -499
125 146 -5 249 -328 -335 36 408 298 139 326 324 363 319 92 -227 421 -453 -154 416 -355 386 276 -480 -87 -51 130 -449 365 185 428 -324 -229 -310 425 205 -508 252 -92 -240 -506 25 451 397 -260 -286 -406 200 -229 -489 -21 -316 -3 -341 -251 -62 295 254 482 350 -34 230 -269 224
257 489 -410 405 -444 365 -389 186 276 -421 112 -83 -68 271 -332 -244 -345 398 -187 49 183 369 -140 396 -229 -65 -437 -499 205 -158 233 -450 459 -373 170 340 11 -375 293 -231 392 121 338 372 -381 -426 -200 -246 268 -490 -332 -87 -109 487 504 424 -106 139 1 25 184 -284 52 164
488 99 449 -405 202 -252 204 -490 152 -114 -380 -47 104 157 21 77 268 -324 -184 99 206 -154 -410 -424 -355 -313 152 -247 267 -136 326 394 159 18 -213 22 427 -82 412 -157 -150 -223 443 302 -473 141 145 397 -223 58 -282 110 -14 -476 387 -145 277 264 345 357 114 117 81 322
-297 25 450 -62 375 144 390 134 -140 -477 133 335 -165 -298 228 -297 406 64 106 441 415 499 42 -488 512 -461 361 455 -198 -476 490 -211 462 222 447 -245 -317 -149 -82 -280 -365 -202 -179 13 -333 65 313 -379 36 -6 87 -379 -162 -468 -188 447 -177 338 -171 -77 474 -47 -44 -428
-58 -506 6 -511 -296 278 -152 -496 148 266 -392 99 380 226 283 -211 72 125 271 -232 -269 66 -86 -400 476 275 27 -402 -29 -148 334 410 -392 -241 -422 355 -69 501 -10 35 -320 -458 138 341 157 -163 339 510 -205 316 486 -111 137 301 80 241 324 294 169 44 36 -468 240 26
130 37 461 51 -231 -100 -139 337 193 -289 -39 119 41 -336 512 -245 340 -281 486 218 -36 -392 -435 318 -408 -199 140 -175 309 -379 -79 -206 164 276 72 264 -20 126 -89 -486 346 217 -258 -406 -308 105 249 270 251 68 -345 -269 -190 429 -77 -420 -398 -417 -185 -162 321 172 63 350
-131 -376 -40 -510 -344 394 390 393 -31 86 -129 -85 403 476 -275 307 -197 -45 509 -189 -417 179 425 75 206 463 -309 -318 37 405 83 -378 -200 144 -408 421 -477 4 -330 -214 -289 -2 33 -356 118 -57 185 404 -176 -493 484 -337 -289 -300 -40 159 -6 -189 -465 339 137 356 -51 -403
-326 380 502 198 -175 159 -196 480 137 494 -241 -140 6 220 394 -407 104 63 -509 -294 -343 70 253 208 257 -446 -93 -243 233 -391 316 -511 107 -242 102 279 -417 -429 -402 60 -190 54 -441 -409 -354 88 -498 110 366 -144 -298 120 477 -450 254 398 74 -153 295 -505 -466 -64 378 404
254 107 -379 494 -46 60 3 286 411 87 -179 446 -279 164 -270 443 205 431 37 510 320 210 41 267 -385 283 291 -384 -387 239 -378 -464 511 472 -49 -253 332 -472 301 459 -200 -32 471 -44 412 -357 423 242 128 -220 -144 344 -26 371 421 -240 509 30 190 -404 -177 -298 -69 508
-239 32 405 -276 493 -459 -74 154 -383 -286 164 -217 -357 -40 262 -440 359 -464 -81 -497 42 -390 -54 -144 -486 -200 196 378 66 -458 102 9 -181 -458 278 106 168 -372 87 -13 -32 -247 -396 292 442 -456 -6 78 -492 23 333 214 -502 39 -211 -365 124 155 -381 165 40 419 -57 -18
-399 335 -303 -457 240 204 -339 -203 -424 47 -365 1 259 -74 245 484 -83 276 315 -392 -435 55 -95 -136 175 -70 -444 -20 156 -181 285 111 -202 -278 -441 212 329 -393 -134 -130 260 -509 236 422 295 -44 448 418 450 484 153 212 92 -135 329 -146 173 -199 -353 -193 500 177 312 -277
319 -79 -458 -278 -489 -394 -378 -217 294 55 157 137 453 122 -163 -339 -342 -397 -24 13 -478 -277 147 118 -282 146 -164 -175 -94 -258 417 -107 312 -28 -52 -221 18 -204 -183 411 -480 122 168 -484 -153 -9 -179 -325 -92 -465 -366 96 -409 292 242 -244 -200 7 23 56 -422 252 233 -330
-101 -361 125 -427 148 446 204 -4 -199 251 88 -315 470 0 65 -280 413 -321 -489 399 119 357 232 340 267 279 -348 -205 -364 -412 -297 -71 -413 -402 229 -191 -221 73 -435 364 459 476 43 -208 58 437 -299 -14 -4 142 -234 -70 249 84 482 461 313 -351 -333 389 -509 -126 -193 219
253 -128 240 -489 -284 -308 -284 144 165 371 -356 381 132 -120 -506 72 -178 335 201 33 70 68 -316 -423 383 -419 -77 -67 -57 477 -384 176 164 93 -43 81 -157 82 116 -375 58 317 -266 -168 175 -89 -426 -52 89 -176 -4 353 64 178 -20 260 267 -243 -453 354 47 105 -483 463
505 414 -417 202 7 236 287 257 358 -252 333 -39 478 171 224 -151 107 252 256 487 228 407 -372 413 360 -112 416 -443 -366 46 -88 1 347 -71 50 -466 -309 -279 86 -155 16 -216 146 -117 -414 108 -451 -184 116 -115 -314 -400 -218 157 -124 -463 18 -351 234 207 392 356 268 248
-105 -272 278 430 -20 -104 350 330 -230 375 -168 -406 -21 -509 -315 115 -477 304 337 -388 -186 170 377 217 -221 348 -323 75 220 94 -475 318 -101 214 404 -71 244 51 -310 508 247 38 234 -53 44 461 -34 -198 -164 268 -8 494 -129 -421 16 506 86 -370 -380 -464 -110 -123 -505 73
-310 427 -453 -494 -17 -169 -229 -461 -94 188 374 -156 -456 225 12 -150 -454 336 -221 266 348 -491 23 -423 29 289 91 340 451 6 -45 -169 44 284 -291 363 -430 504 452 -56 -414 -429 118 363 17 254 154 369 -414 -106 -329 -76 -442 -438 432 445 117 -249 78 -386 -26 409 -211 -168
-384 86 506 56 272 -207 -104 400 163 -253 30 441 -179 471 98 243 -249 453 110 -133 496 252 -339 -236 -61 -496 507 -510 455 -125 427 -482 142 -166 411 -46 -140 175 -426 296 46 127 -308 -22 -318 -471 -51 -376 360 -327 -354 456 176 -127 -496 280 -282 -71 338 400 -194 -27 -113 93
-359 -277 -105 282 -66 134 -229 -153 163 -383 503 -128 36 308 -221 -240 109 155 -179 -332 -220 139 48 328 -74 -456 89 -108 -100 -156 492 -112 -197 145 -301 165 -104 364 398 185 -388 127 -71 -401 117 206 -202 -238 505 115 -29 -337 -473 455 -245 -116 150 99 -268 -139 446 66 168 396
-59 382 336 -504 -253 160 187 46 438 19 293 -154 -61 -197 -354 482 14 -247 62 179 -335 258 439 59 -480 77 330 123 -133 -290 -303 85 511 -408 453 -139 124 196 144 394 -391 393 268 -326 -487 -268 -434 -503 -409 -477 -328 289 -161 -385 190 -370 -2 464 -245 369 -173 -249 213 225
109 -94 -504 208 161 134 -252 -282 21 166 -161 -64 4 -199 453 -360 151 -367 -441 369 140 -175 -79 -381 193 437 -413 -338 -68 242 149 442 -357 315 -474 205 122 446 271 -44 466 434 -489 -37 22 -74 375 201 -72 144 395 -204 -251 -220 -160 425 -228 -150 111 120 8 194 382 -169
91 -409 195 239 -191 -237 356 496 359 68 188 -487 447 -131 -43 -69 105 269 -368 -265 499 -341 -372 494 240 -206 -261 -113 -64 32 -115 234 357 -286 52 -160 24 159 219 511 64 -76 -488 -240 445 19 -149 476 -267 -109 25 225 108 489 -240 -284 -74 -401 482 -1 502 302 -496 -145
-375 2 -457 -181 88 225 -415 -395 -204 70 281 -399 -367 203 342 -118 493 -382 454 205 491 165 462 369 -151 188 273 150 -50 -149 -20 -248 52 -94 418 277 -250 -55 -172 -477 -33 -416 -317 242 -50 178 -410 114 248 -354 -247 463 -149 -363 303 -482 436 -380 -364 488 -363 236 224 -277
428 -134 476 216 -344 -172 80 -345 216 163 -271 482 -235 -224 186 -27 -424 457 445 286 -426 -27 -61 -196 422 342 58 -358 -8 -116 -312 473 -167 -487 107 -291 -274 156 52 474 -442 42 -48 -476 50 479 -274 -485 -83 -154 -218 265 256 49 -260 -200 448 196 -365 -277 -165 248 110 77
-339 -429 381 242 123 -302 -291 -375 -229 -180 -462 -426 -289 491 316 395 -364 135 175 -467 314 127 129 -466 110 231 -328 -163 141 -257 494 440 -77 316 -285 -255 41 296 -68 212 15 -264 481 261 488 90 -371 -184 -429 497 -479 281 -372 -310 83 -309 472 327 -352 370 -510 -185 418 -319
-320 -324 -217 -67 -33 -211 20 163 14 122 -399 47 505 384 -121 -47 -383 -505 428 443 -40 -219 -412 137 175 392 168 273 -180 -480 359 -283 221 501 135 205 -116 -423 -218 -74 357 -400 -83 -294 495 -226 426 471 295 459 -496 -290 -484 -217 440 -401 325 -30 35 -328 171 136 -169 276
283 -145 -196 -65 294 232 -322 -82 -145 320 442 -21 400 0 -411 499 -209 44 504 271 314 -208 98 -312 132 109 285 174 -83 345 250 411 208 -336 24 209 469 -417 -108 41 125 -407 -447 -301 275 225 481 445 124 450 -262 88 282 -241 118 -245 433 -16 392 17 -224 -153 -140 -250
-449 504 263 154 348 -14 -334 -78 228 -62 -78 -140 485 -166 469 -113 -364 -67 189 -4 -259 15 498 458 -162 158 230 328 147 -327 -179 -45 241 -293 -366 -254 393 -355 105 284 450 506 301 -434 -55 -125 -501 -374 93 -392 -99 70 445 470 221 294 441 405 35 -176 -15 368 -351 16
416 -76 228 356 496 -182 409 -19 12 -69 493 370 -334 -429 -308 439 -139 307 -301 380 -399 472 214 -413 11 -47 458 86 -396 -27 381 275 29 -389 -340 -390 87 -231 -442 -223 -106 -298 -11 -184 -503 488 -114 78 -2 -221 -90 289 -238 -70 52 488 139 -106 -393 476 -53 -373 441 -208
83 -7 417 293 -167 117 153 182 403 -432 -239 -481 -296 165 492 331 -247 -455 181 263 -356 -153 288 470 -175 137 -13 -327 -358 459 -97 -141 249 494 -149 423 -422 -469 229 -249 428 161 185 -409 -396 50 -446 -337 193 334 1 -383 160 -480 -195 -437 -467 -482 351 219 -370 -423 373 -166
223 170 440 -365 267 -180 -109 -165 402 -480 -352 -438 416 169 -357 -368 -385 227 341 206 465 279 70 -153 -496 160 -476 360 -305 214 -113 22 -183 -36 -18 297 2 453 48 20 340 -58 -72 6 93 328 24 -129 -280 -469 -252 -178 -149 -506 -479 277 501 -333 -246 -355 -449 -240 -347 203
-501 35 -309 20 -289 486 451 -474 -87 -153 328 412 82 -8 138 -322 -212 10 346 -432 -264 -163 -74 -195 -159 -165 -341 459 -332 192 363 225 -287 -146 83 -288 339 -393 -359 138 -288 -126 -418 -439 -214 19 -250 510 228 441 217 320 387 257 159 -140 -65 -17 -281 373 344 -413 453 139
187 -246 463 -315 -385 -107 -292 506 -196 -23 380 119 -160 170 -119 -273 -96 282 343 -33 198 -351 317 -213 264 34 -465 280 -388 98 370 392 -406 -40 85 210 -287 -161 24 -179 -198 -208 -227 121 -172 471 332 193 473 55 -454 -314 -113 243 452 69 -167 386 -506 382 471 -66 -84 -482
-51 211 -1 -493 245 -311 448 -131 -315 197 265 -372 450 308 -476 -230 16 59 170 -207 466 53 397 83 -401 -328 71 64 401 -377 -481 -21 355 -246 159 508 314 277 -93 -508 -258 -222 -30 187 340 73 -322 -255 495 120 -296 -103 -274 -451 6 -120 -473 -1 511 155 -40 204 -171 450
-8 135 -253 -319 -140 -389 164 -69 -499 53 -166 92 420 -372 50 80 -5 -267 -311 161 -199 477 -400 -65 -44 368 5 270 171 -107 -127 -344 -163 25 -263 -351 -386 119 63 -256 507 -306 3 -4 -260 371 267 -316 -6 -187 -249 259 7 496 -82 -131 420 120 -404 303 28 477 -323 38
78 -511 -102 -282 312 -288 -184 -431 144 -426 -319 34 -131 456 19 497 -323 -348 -309 -329 231 -203 -193 67 216 322 246 -99 -99 147 -478 269 329 6 198 -270 -287 233 191 336 291 -494 -233 317 81 -366 -458 488 200 278 103 -100 -128 292 -118 -184 -441 -380 -275 -16 -489 -59 -417 302
-404 -86 -140 195 2 -379 336 -406 -144 -159 413 231 473 412 -307 137 -191 469 -399 15 -139 -119 403 198 455 -180 -195 209 -300 105 238 -240 -413 255 318 -501 145 -396 229 402 126 108 478 250 -224 256 -356 -421 259 -194 177 147 407 269 303 412 -248 381 -180 494 74 356 212 -22
368 395 506 -42 -200 491 85 -500 -448 -466 434 3 -336 -470 1 336 -92 -10 160 252 -78 -303 416 195 5 198 233 348 247 329 -343 -125 428 -222 -102 -382 339 253 402 268 -80 67 -447 -279 -40 -116 144 -150 355 104 460 -189 -118 -152 388 -353 59 -225 421 5 -369 -458 6 -126
14 -488 206 89 -132 -49 189 -51 -43 -141 -148 -199 308 510 14 -58 -435 232 474 187 403 315 -445 -104 344 -306 -359 -41 308 -390 179 474 -106 -420 339 422 165 98 232 126 39 -328 235 432 -435 -287 303 -436 395 241 335 149 365 431 -350 -48 -230 -309 -406 -256 267 445 169 -172
