-636 376 -1105 -2462 -509 1847 619 3711 2208 631 2324 1191 -2921 3344 2297 2817 1246 -703 -401 -2042 567 944 185 -4015 2104 -369 3133 -46 2527 895 -1809 -1936 1159 -1974 259 5927 3038 1262 1392 2497 -202 -930 -66 1410 -2478 1125 -652 1825 -788 -4208 1770 934 -369 -421 292 -671 -2588 -4314 -72 -4170 -1383 -766 -1726 -2217
-623 368 -1084 -2426 -503 1883 596 3720 2207 646 2320 1193 -2946 3318 2259 2820 1244 -694 -404 -2042 572 939 188 -4017 2095 -374 3135 -57 2527 895 -1802 -1941 1157 -1978 256 5917 3033 1261 1390 2500 -195 -928 -56 1426 -2462 1126 -656 1814 -790 -4200 1769 929 -368 -420 290 -675 -2581 -4312 -72 -4162 -1382 -777 -1728 -2218
-623 368 -1084 -2426 -503 1883 596 3720 2207 646 2320 1193 -2946 3318 2259 2820 1244 -694 -404 -2042 572 939 188 -4017 2095 -374 3135 -57 2527 895 -1802 -1941 1157 -1978 256 5917 3033 1261 1390 2500 -195 -928 -56 1426 -2462 1126 -656 1814 -790 -4200 1769 929 -368 -420 290 -675 -2581 -4312 -72 -4162 -1382 -777 -1728 -2218
-623 368 -1084 -2426 -503 1883 596 3720 2207 646 2320 1193 -2946 3318 2259 2820 1244 -694 -404 -2042 572 939 188 -4017 2095 -374 3135 -57 2527 895 -1802 -1941 1157 -1978 256 5917 3033 1261 1390 2500 -195 -928 -56 1426 -2462 1126 -656 1814 -790 -4200 1769 929 -368 -420 290 -675 -2581 -4312 -72 -4162 -1382 -777 -1728 -2218
-623 368 -1084 -2426 -503 1883 596 3720 2207 646 2320 1193 -2946 3318 2259 2820 1244 -694 -404 -2042 572 939 188 -4017 2095 -374 3135 -57 2527 895 -1802 -1941 1157 -1978 256 5917 3033 1261 1390 2500 -195 -928 -56 1426 -2462 1126 -656 1814 -790 -4200 1769 929 -368 -420 290 -675 -2581 -4312 -72 -4162 -1382 -777 -1728 -2218
-623 368 -1084 -2426 -503 1883 596 3720 2207 646 2320 1193 -2946 3318 2259 2820 1244 -694 -404 -2042 572 939 188 -4017 2095 -374 3135 -57 2527 895 -1802 -1941 1157 -1978 256 5917 3033 1261 1390 2500 -195 -928 -56 1426 -2462 1126 -656 1814 -790 -4200 1769 929 -368 -420 290 -675 -2581 -4312 -72 -4162 -1382 -777 -1728 -2218
-623 368 -1084 -2426 -503 1883 596 3720 2207 646 2320 1193 -2946 3318 2259 2820 1244 -694 -404 -2042 572 939 188 -4017 2095 -374 3135 -57 2527 895 -1802 -1941 1157 -1978 256 5917 3033 1261 1390 2500 -195 -928 -56 1426 -2462 1126 -656 1814 -790 -4200 1769 929 -368 -420 290 -675 -2581 -4312 -72 -4162 -1382 -777 -1728 -2218
-623 368 -1084 -2426 -503 1883 596 3720 2207 646 2320 1193 -2946 3318 2259 2820 1244 -694 -404 -2042 572 939 188 -4017 2095 -374 3135 -57 2527 895 -1802 -1941 1157 -1978 256 5917 3033 1261 1390 2500 -195 -928 -56 1426 -2462 1126 -656 1814 -790 -4200 1769 929 -368 -420 290 -675 -2581 -4312 -72 -4162 -1382 -777 -1728 -2218
-623 368 -1084 -2426 -503 1883 596 3720 2207 646 2320 1193 -2946 3318 2259 2820 1244 -694 -404 -2042 572 939 188 -4017 2095 -374 3135 -57 2527 895 -1802 -1941 1157 -1978 256 5917 3033 1261 1390 2500 -195 -928 -56 1426 -2462 1126 -656 1814 -790 -4200 1769 929 -368 -420 290 -675 -2581 -4312 -72 -4162 -1382 -777 -1728 -2218
-620 370 -1083 -2427 -504 1879 593 3719 2204 650 2326 1190 -2945 3310 2258 2815 1245 -698 -404 -2041 569 941 187 -4016 2100 -372 3132 -50 2527 894 -1806 -1938 1163 -1979 257 5912 3032 1265 1394 2507 -191 -926 -51 1433 -2455 1128 -653 1810 -790 -4201 1771 927 -368 -423 286 -673 -2583 -4312 -71 -4165 -1376 -777 -1733 -2221
-615 364 -1068 -2398 -498 1904 576 3723 2207 661 2319 1191 -2964 3298 2228 2818 1246 -697 -401 -2043 571 940 186 -4015 2096 -370 3137 -53 2526 898 -1803 -1938 1163 -1976 259 5914 3031 1265 1388 2502 -193 -929 -54 1429 -2458 1124 -656 1813 -789 -4198 1769 925 -364 -425 283 -667 -2582 -4309 -69 -4164 -1372 -775 -1739 -2217
-623 368 -1084 -2426 -503 1883 596 3720 2207 646 2320 1193 -2946 3318 2259 2820 1244 -694 -404 -2042 572 939 188 -4017 2095 -374 3135 -57 2527 895 -1802 -1941 1157 -1978 256 5917 3033 1261 1390 2500 -195 -928 -56 1426 -2462 1126 -656 1814 -790 -4200 1769 929 -368 -420 290 -675 -2581 -4312 -72 -4162 -1382 -777 -1728 -2218
-623 368 -1084 -2426 -503 1883 596 3720 2207 646 2320 1193 -2946 3318 2259 2820 1244 -694 -404 -2042 572 939 188 -4017 2095 -374 3135 -57 2527 895 -1802 -1941 1157 -1978 256 5917 3033 1261 1390 2500 -195 -928 -56 1426 -2462 1126 -656 1814 -790 -4200 1769 929 -368 -420 290 -675 -2581 -4312 -72 -4162 -1382 -777 -1728 -2218
-623 368 -1084 -2426 -503 1883 596 3720 2207 646 2320 1193 -2946 3318 2259 2820 1244 -694 -404 -2042 572 939 188 -4017 2095 -374 3135 -57 2527 895 -1802 -1941 1157 -1978 256 5917 3033 1261 1390 2500 -195 -928 -56 1426 -2462 1126 -656 1814 -790 -4200 1769 929 -368 -420 290 -675 -2581 -4312 -72 -4162 -1382 -777 -1728 -2218
-623 368 -1084 -2426 -503 1883 596 3720 2207 646 2320 1193 -2946 3318 2259 2820 1244 -694 -404 -2042 572 939 188 -4017 2095 -374 3135 -57 2527 895 -1802 -1941 1157 -1978 256 5917 3033 1261 1390 2500 -195 -928 -56 1426 -2462 1126 -656 1814 -790 -4200 1769 929 -368 -420 290 -675 -2581 -4312 -72 -4162 -1382 -777 -1728 -2218
-623 368 -1084 -2426 -503 1883 596 3720 2207 646 2320 1193 -2946 3318 2259 2820 1244 -694 -404 -2042 572 939 188 -4017 2095 -374 3135 -57 2527 895 -1802 -1941 1157 -1978 256 5917 3033 1261 1390 2500 -195 -928 -56 1426 -2462 1126 -656 1814 -790 -4200 1769 929 -368 -420 290 -675 -2581 -4312 -72 -4162 -1382 -777 -1728 -2218
-626 376 -1102 -2463 -510 1850 616 3715 2201 633 2332 1191 -2921 3328 2296 2813 1238 -685 -415 -2034 575 929 193 -4024 2094 -389 3129 -69 2530 884 -1805 -1950 1155 -1978 257 5930 3041 1259 1398 2498 -205 -930 -67 1407 -2486 1129 -650 1826 -789 -4198 1766 929 -362 -420 290 -670 -2579 -4308 -69 -4161 -1383 -776 -1730 -2211
-637 381 -1116 -2482 -513 1831 631 3711 2203 622 2330 1191 -2906 3347 2321 2815 1240 -690 -410 -2038 575 934 190 -4021 2095 -383 3132 -63 2529 889 -1805 -1946 1150 -1975 257 5948 3048 1251 1398 2488 -218 -935 -81 1383 -2512 1126 -651 1842 -791 -4206 1766 939 -371 -413 304 -680 -2581 -4315 -77 -4162 -1402 -771 -1709 -2212
-645 382 -1126 -2495 -514 1823 643 3710 2206 611 2325 1194 -2895 3364 2339 2820 1242 -699 -403 -2046 575 949 190 -4014 2096 -369 3136 -51 2530 898 -1800 -1938 1151 -1976 256 5940 3045 1254 1397 2492 -211 -932 -75 1394 -2499 1128 -651 1835 -791 -4211 1766 944 -374 -409 310 -684 -2583 -4318 -79 -4163 -1411 -769 -1700 -2212
-647 388 -1134 -2509 -518 1802 649 3706 2202 611 2337 1187 -2884 3360 2354 2812 1247 -707 -400 -2042 571 945 185 -4014 2105 -368 3135 -39 2524 899 -1811 -1932 1155 -1977 257 5937 3045 1258 1403 2497 -210 -931 -73 1397 -2497 1130 -648 1833 -793 -4218 1771 948 -385 -409 315 -691 -2588 -4325 -85 -4168 -1413 -764 -1692 -2221
-639 369 -1090 -2418 -500 1883 600 3719 2217 642 2305 1194 -2943 3337 2262 2828 1247 -705 -396 -2051 568 956 185 -4010 2100 -357 3137 -43 2529 902 -1798 -1933 1158 -1976 257 5908 3028 1265 1383 2500 -188 -924 -52 1434 -2448 1124 -658 1808 -787 -4201 1766 929 -361 -423 285 -665 -2584 -4308 -67 -4165 -1376 -773 -1735 -2211
-623 368 -1084 -2426 -503 1883 596 3720 2207 646 2320 1193 -2946 3318 2259 2820 1244 -694 -404 -2042 572 939 188 -4017 2095 -374 3135 -57 2527 895 -1802 -1941 1157 -1978 256 5917 3033 1261 1390 2500 -195 -928 -56 1426 -2462 1126 -656 1814 -790 -4200 1769 929 -368 -420 290 -675 -2581 -4312 -72 -4162 -1382 -777 -1728 -2218
-623 368 -1084 -2426 -503 1883 596 3720 2207 646 2320 1193 -2946 3318 2259 2820 1244 -694 -404 -2042 572 939 188 -4017 2095 -374 3135 -57 2527 895 -1802 -1941 1157 -1978 256 5917 3033 1261 1390 2500 -195 -928 -56 1426 -2462 1126 -656 1814 -790 -4200 1769 929 -368 -420 290 -675 -2581 -4312 -72 -4162 -1382 -777 -1728 -2218
-623 368 -1084 -2426 -503 1883 596 3720 2207 646 2320 1193 -2946 3318 2259 2820 1244 -694 -404 -2042 572 939 188 -4017 2095 -374 3135 -57 2527 895 -1802 -1941 1157 -1978 256 5917 3033 1261 1390 2500 -195 -928 -56 1426 -2462 1126 -656 1814 -790 -4200 1769 929 -368 -420 290 -675 -2581 -4312 -72 -4162 -1382 -777 -1728 -2218
-623 368 -1084 -2426 -503 1883 596 3720 2207 646 2320 1193 -2946 3318 2259 2820 1244 -694 -404 -2042 572 939 188 -4017 2095 -374 3135 -57 2527 895 -1802 -1941 1157 -1978 256 5917 3033 1261 1390 2500 -195 -928 -56 1426 -2462 1126 -656 1814 -790 -4200 1769 929 -368 -420 290 -675 -2581 -4312 -72 -4162 -1382 -777 -1728 -2218
-623 368 -1084 -2426 -503 1883 596 3720 2207 646 2320 1193 -2946 3318 2259 2820 1244 -694 -404 -2042 572 939 188 -4017 2095 -374 3135 -57 2527 895 -1802 -1941 1157 -1978 256 5917 3033 1261 1390 2500 -195 -928 -56 1426 -2462 1126 -656 1814 -790 -4200 1769 929 -368 -420 290 -675 -2581 -4312 -72 -4162 -1382 -777 -1728 -2218
-630 374 -1111 -2478 -511 1847 630 3714 2204 620 2325 1198 -2912 3349 2313 2820 1241 -695 -407 -2042 569 946 192 -4017 2100 -374 3129 -57 2533 889 -1801 -1943 1178 -1974 264 5889 3024 1283 1393 2520 -175 -915 -38 1458 -2420 1129 -646 1793 -789 -4203 1768 932 -365 -421 293 -669 -2584 -4311 -71 -4167 -1384 -765 -1729 -2212
-626 369 -1086 -2428 -503 1880 598 3719 2208 645 2319 1193 -2943 3322 2262 2820 1244 -695 -403 -2043 573 940 187 -4016 2095 -372 3136 -56 2527 896 -1802 -1940 1154 -1978 255 5922 3034 1258 1388 2496 -198 -930 -59 1420 -2469 1125 -658 1818 -790 -4202 1769 931 -369 -419 292 -676 -2582 -4313 -73 -4163 -1385 -777 -1725 -2218
-623 368 -1084 -2426 -503 1883 596 3720 2207 646 2320 1193 -2946 3318 2259 2820 1244 -694 -404 -2042 572 939 188 -4017 2095 -374 3135 -57 2527 895 -1802 -1941 1157 -1978 256 5917 3033 1261 1390 2500 -195 -928 -56 1426 -2462 1126 -656 1814 -790 -4200 1769 929 -368 -420 290 -675 -2581 -4312 -72 -4162 -1382 -777 -1728 -2218
-623 368 -1084 -2426 -503 1883 596 3720 2207 646 2320 1193 -2946 3318 2259 2820 1244 -694 -404 -2042 572 939 188 -4017 2095 -374 3135 -57 2527 895 -1802 -1941 1157 -1978 256 5917 3033 1261 1390 2500 -195 -928 -56 1426 -2462 1126 -656 1814 -790 -4200 1769 929 -368 -420 290 -675 -2581 -4312 -72 -4162 -1382 -777 -1728 -2218
-623 368 -1084 -2426 -503 1883 596 3720 2207 646 2320 1193 -2946 3318 2259 2820 1244 -694 -404 -2042 572 939 188 -4017 2095 -374 3135 -57 2527 895 -1802 -1941 1157 -1978 256 5917 3033 1261 1390 2500 -195 -928 -56 1426 -2462 1126 -656 1814 -790 -4200 1769 929 -368 -420 290 -675 -2581 -4312 -72 -4162 -1382 -777 -1728 -2218
-623 368 -1084 -2426 -503 1883 596 3720 2207 646 2320 1193 -2946 3318 2259 2820 1244 -694 -404 -2042 572 939 188 -4017 2095 -374 3135 -57 2527 895 -1802 -1941 1157 -1978 256 5917 3033 1261 1390 2500 -195 -928 -56 1426 -2462 1126 -656 1814 -790 -4200 1769 929 -368 -420 290 -675 -2581 -4312 -72 -4162 -1382 -777 -1728 -2218
-631 379 -1103 -2462 -511 1843 613 3712 2201 638 2335 1185 -2920 3325 2296 2809 1249 -704 -400 -2039 572 934 183 -4016 2101 -372 3138 -43 2520 901 -1814 -1933 1162 -1978 258 5921 3037 1265 1399 2505 -198 -928 -60 1420 -2471 1129 -649 1819 -791 -4213 1774 938 -381 -417 300 -685 -2589 -4322 -79 -4169 -1392 -771 -1711 -2228
-642 372 -1100 -2438 -504 1866 611 3716 2215 634 2310 1193 -2930 3344 2282 2826 1247 -706 -396 -2050 568 956 185 -4009 2102 -358 3136 -40 2528 902 -1800 -1932 1155 -1975 257 5922 3036 1260 1388 2495 -199 -928 -63 1415 -2471 1125 -655 1820 -788 -4204 1767 933 -367 -419 292 -671 -2584 -4312 -71 -4165 -1385 -772 -1725 -2214
-623 368 -1084 -2426 -503 1883 596 3720 2207 646 2320 1193 -2946 3318 2259 2820 1244 -694 -404 -2042 572 939 188 -4017 2095 -374 3135 -57 2527 895 -1802 -1941 1157 -1978 256 5917 3033 1261 1390 2500 -195 -928 -56 1426 -2462 1126 -656 1814 -790 -4200 1769 929 -368 -420 290 -675 -2581 -4312 -72 -4162 -1382 -777 -1728 -2218
-623 368 -1084 -2426 -503 1883 596 3720 2207 646 2320 1193 -2946 3318 2259 2820 1244 -694 -404 -2042 572 939 188 -4017 2095 -374 3135 -57 2527 895 -1802 -1941 1157 -1978 256 5917 3033 1261 1390 2500 -195 -928 -56 1426 -2462 1126 -656 1814 -790 -4200 1769 929 -368 -420 290 -675 -2581 -4312 -72 -4162 -1382 -777 -1728 -2218
-623 368 -1084 -2426 -503 1883 596 3720 2207 646 2320 1193 -2946 3318 2259 2820 1244 -694 -404 -2042 572 939 188 -4017 2095 -374 3135 -57 2527 895 -1802 -1941 1157 -1978 256 5917 3033 1261 1390 2500 -195 -928 -56 1426 -2462 1126 -656 1814 -790 -4200 1769 929 -368 -420 290 -675 -2581 -4312 -72 -4162 -1382 -777 -1728 -2218
-623 368 -1084 -2426 -503 1883 596 3720 2207 646 2320 1193 -2946 3318 2259 2820 1244 -694 -404 -2042 572 939 188 -4017 2095 -374 3135 -57 2527 895 -1802 -1941 1157 -1978 256 5917 3033 1261 1390 2500 -195 -928 -56 1426 -2462 1126 -656 1814 -790 -4200 1769 929 -368 -420 290 -675 -2581 -4312 -72 -4162 -1382 -777 -1728 -2218
-621 370 -1085 -2431 -504 1876 596 3718 2204 648 2326 1190 -2943 3313 2262 2815 1244 -696 -405 -2040 570 938 187 -4017 2098 -374 3133 -54 2527 893 -1806 -1940 1159 -1979 256 5920 3034 1261 1393 2501 -197 -929 -57 1423 -2467 1127 -655 1817 -790 -4202 1771 929 -370 -421 289 -675 -2583 -4314 -73 -4164 -1380 -777 -1728 -2221
-626 372 -1098 -2454 -507 1864 613 3716 2206 632 2323 1196 -2928 3334 2286 2819 1238 -692 -410 -2043 565 949 194 -4018 2102 -375 3123 -61 2537 883 -1798 -1947 1176 -1974 264 5892 3026 1281 1393 2518 -178 -916 -41 1453 -2426 1129 -646 1797 -787 -4196 1766 923 -356 -427 281 -658 -2582 -4305 -65 -4166 -1368 -768 -1748 -2208
-623 368 -1084 -2426 -503 1883 596 3719 2207 646 2320 1193 -2946 3318 2259 2820 1244 -694 -405 -2042 572 939 188 -4017 2095 -374 3135 -58 2528 894 -1802 -1941 1157 -1978 256 5919 3033 1260 1389 2499 -196 -928 -57 1424 -2465 1126 -657 1816 -790 -4200 1769 929 -368 -420 290 -675 -2581 -4313 -73 -4162 -1382 -777 -1727 -2218
-623 368 -1084 -2426 -503 1883 596 3720 2207 646 2320 1193 -2946 3318 2259 2820 1244 -694 -404 -2042 572 939 188 -4017 2095 -374 3135 -57 2527 895 -1802 -1941 1157 -1978 256 5917 3033 1261 1390 2500 -195 -928 -56 1426 -2462 1126 -656 1814 -790 -4200 1769 929 -368 -420 290 -675 -2581 -4312 -72 -4162 -1382 -777 -1728 -2218
-623 368 -1084 -2426 -503 1883 596 3720 2207 646 2320 1193 -2946 3318 2259 2820 1244 -694 -404 -2042 572 939 188 -4017 2095 -374 3135 -57 2527 895 -1802 -1941 1157 -1978 256 5917 3033 1261 1390 2500 -195 -928 -56 1426 -2462 1126 -656 1814 -790 -4200 1769 929 -368 -420 290 -675 -2581 -4312 -72 -4162 -1382 -777 -1728 -2218
-623 368 -1084 -2426 -503 1883 596 3720 2207 646 2320 1193 -2946 3318 2259 2820 1244 -694 -404 -2042 572 939 188 -4017 2095 -374 3135 -57 2527 895 -1802 -1941 1157 -1978 256 5917 3033 1261 1390 2500 -195 -928 -56 1426 -2462 1126 -656 1814 -790 -4200 1769 929 -368 -420 290 -675 -2581 -4312 -72 -4162 -1382 -777 -1728 -2218
-623 368 -1084 -2426 -503 1883 596 3720 2207 646 2320 1193 -2946 3318 2259 2820 1244 -694 -404 -2042 572 939 188 -4017 2095 -374 3135 -57 2527 895 -1802 -1941 1157 -1978 256 5917 3033 1261 1390 2500 -195 -928 -56 1426 -2462 1126 -656 1814 -790 -4200 1769 929 -368 -420 290 -675 -2581 -4312 -72 -4162 -1382 -777 -1728 -2218
-636 382 -1116 -2482 -514 1830 629 3711 2201 625 2334 1188 -2906 3342 2320 2813 1244 -692 -407 -2035 577 926 186 -4022 2094 -384 3138 -60 2523 894 -1812 -1943 1154 -1975 258 5937 3044 1257 1397 2493 -210 -933 -74 1396 -2497 1127 -651 1833 -791 -4211 1769 942 -378 -412 307 -685 -2585 -4320 -80 -4165 -1404 -768 -1703 -2218
-645 375 -1109 -2455 -507 1854 622 3715 2214 625 2312 1195 -2919 3355 2301 2826 1246 -705 -397 -2051 569 958 187 -4009 2101 -358 3136 -42 2530 901 -1798 -1933 1149 -1976 254 5933 3039 1253 1390 2490 -206 -931 -69 1404 -2486 1125 -656 1828 -790 -4208 1768 938 -373 -415 300 -679 -2585 -4316 -76 -4165 -1396 -771 -1713 -2217
-623 368 -1084 -2426 -503 1883 596 3720 2207 646 2320 1193 -2946 3318 2259 2820 1244 -694 -404 -2042 572 939 188 -4017 2095 -374 3135 -57 2527 895 -1802 -1941 1157 -1978 256 5917 3033 1261 1390 2500 -195 -928 -56 1426 -2462 1126 -656 1814 -790 -4200 1769 929 -368 -420 290 -675 -2581 -4312 -72 -4162 -1382 -777 -1728 -2218
-623 368 -1084 -2426 -503 1883 596 3720 2207 646 2320 1193 -2946 3318 2259 2820 1244 -694 -404 -2042 572 939 188 -4017 2095 -374 3135 -57 2527 895 -1802 -1941 1157 -1978 256 5917 3033 1261 1390 2500 -195 -928 -56 1426 -2462 1126 -656 1814 -790 -4200 1769 929 -368 -420 290 -675 -2581 -4312 -72 -4162 -1382 -777 -1728 -2218
-623 368 -1084 -2426 -503 1883 596 3720 2207 646 2320 1193 -2946 3318 2259 2820 1244 -694 -404 -2042 572 939 188 -4017 2095 -374 3135 -57 2527 895 -1802 -1941 1157 -1978 256 5917 3033 1261 1390 2500 -195 -928 -56 1426 -2462 1126 -656 1814 -790 -4200 1769 929 -368 -420 290 -675 -2581 -4312 -72 -4162 -1382 -777 -1728 -2218
