-586 16 530 -612 471 -547 2590 -664 452 2395 -205 2354 -488 -137 1662 201 -693 -558 -187 500 -237 -594 -689 -685 468 -350 -217 -85 475 -391 818 -334 -453 528 -610 3761 290 722 -316 -653 4343 -50 2727 4128 -541 2134 -282 -671 -571 2603 -508 -562 129 -641 3 838 1974 -634 -556 830 -378 -598 2349 2086 -571 1264 1513 883 254 196 2113 1050 2628 1151 -223 995 -87 -296 -537 -681 -423 -125 1700 143 -513 -546 -664 143 215 1278 -25 -685 1620 -292 -448 -672 382 -532 -682 713 2770 -693 -239 323 -576 1038 -575 -485 -619 -497 887 -421 1041 -237 -654 1419 -472 -646 -514 1203 1766 128 38 -234 2951 2289 1093 -663
-694 616 36 -554 138 0 476 -694 115 2328 238 1887 -490 -616 2098 65 -653 -695 -435 938 -604 -522 -687 -679 1093 607 103 -526 1127 158 611 -545 -691 -382 -573 2715 -43 1207 -674 -636 4543 2038 909 1211 -695 3025 149 -147 -470 4327 -651 -689 196 -399 -544 -7 5229 455 -569 2204 -696 -332 3999 -88 -236 -217 1860 664 -684 531 1949 -82 795 4038 -674 1167 -45 -481 80 -373 -287 485 5016 532 -285 -519 -561 -566 359 -269 -133 -307 579 -540 1214 -687 1176 -635 -644 845 974 -597 -524 1643 -434 1191 -480 -626 -644 -346 1806 -295 2216 -348 -548 2165 -469 -586 -258 1324 989 -694 473 585 1243 2054 2198 -689
-694 616 36 -554 138 0 476 -694 115 2328 238 1887 -490 -616 2098 65 -653 -695 -435 938 -604 -522 -687 -679 1093 607 103 -526 1127 158 611 -545 -691 -382 -573 2715 -43 1207 -674 -636 4543 2038 909 1211 -695 3025 149 -147 -470 4327 -651 -689 196 -399 -544 -7 5229 455 -569 2204 -696 -332 3999 -88 -236 -217 1860 664 -684 531 1949 -82 795 4038 -674 1167 -45 -481 80 -373 -287 485 5016 532 -285 -519 -561 -566 359 -269 -133 -307 579 -540 1214 -687 1176 -635 -644 845 974 -597 -524 1643 -434 1191 -480 -626 -644 -346 1806 -295 2216 -348 -548 2165 -469 -586 -258 1324 989 -694 473 585 1243 2054 2198 -689
-694 616 36 -554 138 0 476 -694 115 2328 238 1887 -490 -616 2098 65 -653 -695 -435 938 -604 -522 -687 -679 1093 607 103 -526 1127 158 611 -545 -691 -382 -573 2715 -43 1207 -674 -636 4543 2038 909 1211 -695 3025 149 -147 -470 4327 -651 -689 196 -399 -544 -7 5229 455 -569 2204 -696 -332 3999 -88 -236 -217 1860 664 -684 531 1949 -82 795 4038 -674 1167 -45 -481 80 -373 -287 485 5016 532 -285 -519 -561 -566 359 -269 -133 -307 579 -540 1214 -687 1176 -635 -644 845 974 -597 -524 1643 -434 1191 -480 -626 -644 -346 1806 -295 2216 -348 -548 2165 -469 -586 -258 1324 989 -694 473 585 1243 2054 2198 -689
-694 616 36 -554 138 0 476 -694 115 2328 238 1887 -490 -616 2098 65 -653 -695 -435 938 -604 -522 -687 -679 1093 607 103 -526 1127 158 611 -545 -691 -382 -573 2715 -43 1207 -674 -636 4543 2038 909 1211 -695 3025 149 -147 -470 4327 -651 -689 196 -399 -544 -7 5229 455 -569 2204 -696 -332 3999 -88 -236 -217 1860 664 -684 531 1949 -82 795 4038 -674 1167 -45 -481 80 -373 -287 485 5016 532 -285 -519 -561 -566 359 -269 -133 -307 579 -540 1214 -687 1176 -635 -644 845 974 -597 -524 1643 -434 1191 -480 -626 -644 -346 1806 -295 2216 -348 -548 2165 -469 -586 -258 1324 989 -694 473 585 1243 2054 2198 -689
-694 616 36 -554 138 0 476 -694 115 2328 238 1887 -490 -616 2098 65 -653 -695 -435 938 -604 -522 -687 -679 1093 607 103 -526 1127 158 611 -545 -691 -382 -573 2715 -43 1207 -674 -636 4543 2038 909 1211 -695 3025 149 -147 -470 4327 -651 -689 196 -399 -544 -7 5229 455 -569 2204 -696 -332 3999 -88 -236 -217 1860 664 -684 531 1949 -82 795 4038 -674 1167 -45 -481 80 -373 -287 485 5016 532 -285 -519 -561 -566 359 -269 -133 -307 579 -540 1214 -687 1176 -635 -644 845 974 -597 -524 1643 -434 1191 -480 -626 -644 -346 1806 -295 2216 -348 -548 2165 -469 -586 -258 1324 989 -694 473 585 1243 2054 2198 -689
-694 616 36 -554 138 0 476 -694 115 2328 238 1887 -490 -616 2098 65 -653 -695 -435 938 -604 -522 -687 -679 1093 607 103 -526 1127 158 611 -545 -691 -382 -573 2715 -43 1207 -674 -636 4543 2038 909 1211 -695 3025 149 -147 -470 4327 -651 -689 196 -399 -544 -7 5229 455 -569 2204 -696 -332 3999 -88 -236 -217 1860 664 -684 531 1949 -82 795 4038 -674 1167 -45 -481 80 -373 -287 485 5016 532 -285 -519 -561 -566 359 -269 -133 -307 579 -540 1214 -687 1176 -635 -644 845 974 -597 -524 1643 -434 1191 -480 -626 -644 -346 1806 -295 2216 -348 -548 2165 -469 -586 -258 1324 989 -694 473 585 1243 2054 2198 -689
-694 616 36 -554 138 0 476 -694 115 2328 238 1887 -490 -616 2098 65 -653 -695 -435 938 -604 -522 -687 -679 1093 607 103 -526 1127 158 611 -545 -691 -382 -573 2715 -43 1207 -674 -636 4543 2038 909 1211 -695 3025 149 -147 -470 4327 -651 -689 196 -399 -544 -7 5229 455 -569 2204 -696 -332 3999 -88 -236 -217 1860 664 -684 531 1949 -82 795 4038 -674 1167 -45 -481 80 -373 -287 485 5016 532 -285 -519 -561 -566 359 -269 -133 -307 579 -540 1214 -687 1176 -635 -644 845 974 -597 -524 1643 -434 1191 -480 -626 -644 -346 1806 -295 2216 -348 -548 2165 -469 -586 -258 1324 989 -694 473 585 1243 2054 2198 -689
-694 616 36 -554 138 0 476 -694 115 2328 238 1887 -490 -616 2098 65 -653 -695 -435 938 -604 -522 -687 -679 1093 607 103 -526 1127 158 611 -545 -691 -382 -573 2715 -43 1207 -674 -636 4543 2038 909 1211 -695 3025 149 -147 -470 4327 -651 -689 196 -399 -544 -7 5229 455 -569 2204 -696 -332 3999 -88 -236 -217 1860 664 -684 531 1949 -82 795 4038 -674 1167 -45 -481 80 -373 -287 485 5016 532 -285 -519 -561 -566 359 -269 -133 -307 579 -540 1214 -687 1176 -635 -644 845 974 -597 -524 1643 -434 1191 -480 -626 -644 -346 1806 -295 2216 -348 -548 2165 -469 -586 -258 1324 989 -694 473 585 1243 2054 2198 -689
-675 1145 -31 -525 54 69 -11 -696 442 2303 -8 1923 -473 -422 2617 370 -689 -690 -472 431 -621 -578 -657 -650 1437 304 -271 -413 573 558 720 -484 -687 -424 -571 2620 178 887 -696 -669 4283 1523 1603 1727 -685 3618 -51 -48 -399 4038 -672 -695 365 -105 -606 92 5542 -20 -568 1399 -653 -302 3627 -318 -51 -19 2218 627 -696 431 2362 -105 1275 3998 -649 797 -146 -478 -119 -398 -349 753 4636 90 -416 -412 -481 -385 768 -24 -487 -445 453 -460 1139 -695 1108 -640 -686 581 1247 -645 -550 1496 -665 782 -393 -564 -688 160 1259 -208 3060 -225 -557 1844 -409 -602 68 1313 728 -650 547 277 2288 2307 1256 -696
-696 331 101 -503 599 -209 892 -696 530 1887 249 2345 -555 -625 1535 919 -615 -659 -374 937 -662 -514 -693 -654 662 1250 -3 -562 1272 -39 732 -501 -648 -212 -617 2895 -16 1709 -684 -597 4541 1515 2393 2384 -682 3262 173 -241 -499 3560 -519 -696 64 -345 -149 227 4636 -98 -541 1526 -650 -223 4875 61 -87 -51 1331 919 -695 664 1796 -329 1881 4516 -658 1629 88 -450 -174 -289 -288 294 5182 356 -303 -541 -584 -473 795 -67 -234 -432 279 -609 1031 -690 966 -691 -607 311 1236 -692 -622 1307 -657 437 -281 -635 -524 -169 2204 208 1695 -234 -559 1731 -435 -519 -281 773 1167 -641 415 295 1774 2172 1933 -689
-694 616 36 -554 138 0 476 -694 115 2328 238 1887 -490 -616 2098 65 -653 -695 -435 938 -604 -522 -687 -679 1093 607 103 -526 1127 158 611 -545 -691 -382 -573 2715 -43 1207 -674 -636 4543 2038 909 1211 -695 3025 149 -147 -470 4327 -651 -689 196 -399 -544 -7 5229 455 -569 2204 -696 -332 3999 -88 -236 -217 1860 664 -684 531 1949 -82 795 4038 -674 1167 -45 -481 80 -373 -287 485 5016 532 -285 -519 -561 -566 359 -269 -133 -307 579 -540 1214 -687 1176 -635 -644 845 974 -597 -524 1643 -434 1191 -480 -626 -644 -346 1806 -295 2216 -348 -548 2165 -469 -586 -258 1324 989 -694 473 585 1243 2054 2198 -689
-694 616 36 -554 138 0 476 -694 115 2328 238 1887 -490 -616 2098 65 -653 -695 -435 938 -604 -522 -687 -679 1093 607 103 -526 1127 158 611 -545 -691 -382 -573 2715 -43 1207 -674 -636 4543 2038 909 1211 -695 3025 149 -147 -470 4327 -651 -689 196 -399 -544 -7 5229 455 -569 2204 -696 -332 3999 -88 -236 -217 1860 664 -684 531 1949 -82 795 4038 -674 1167 -45 -481 80 -373 -287 485 5016 532 -285 -519 -561 -566 359 -269 -133 -307 579 -540 1214 -687 1176 -635 -644 845 974 -597 -524 1643 -434 1191 -480 -626 -644 -346 1806 -295 2216 -348 -548 2165 -469 -586 -258 1324 989 -694 473 585 1243 2054 2198 -689
-694 616 36 -554 138 0 476 -694 115 2328 238 1887 -490 -616 2098 65 -653 -695 -435 938 -604 -522 -687 -679 1093 607 103 -526 1127 158 611 -545 -691 -382 -573 2715 -43 1207 -674 -636 4543 2038 909 1211 -695 3025 149 -147 -470 4327 -651 -689 196 -399 -544 -7 5229 455 -569 2204 -696 -332 3999 -88 -236 -217 1860 664 -684 531 1949 -82 795 4038 -674 1167 -45 -481 80 -373 -287 485 5016 532 -285 -519 -561 -566 359 -269 -133 -307 579 -540 1214 -687 1176 -635 -644 845 974 -597 -524 1643 -434 1191 -480 -626 -644 -346 1806 -295 2216 -348 -548 2165 -469 -586 -258 1324 989 -694 473 585 1243 2054 2198 -689
-694 616 36 -554 138 0 476 -694 115 2328 238 1887 -490 -616 2098 65 -653 -695 -435 938 -604 -522 -687 -679 1093 607 103 -526 1127 158 611 -545 -691 -382 -573 2715 -43 1207 -674 -636 4543 2038 909 1211 -695 3025 149 -147 -470 4327 -651 -689 196 -399 -544 -7 5229 455 -569 2204 -696 -332 3999 -88 -236 -217 1860 664 -684 531 1949 -82 795 4038 -674 1167 -45 -481 80 -373 -287 485 5016 532 -285 -519 -561 -566 359 -269 -133 -307 579 -540 1214 -687 1176 -635 -644 845 974 -597 -524 1643 -434 1191 -480 -626 -644 -346 1806 -295 2216 -348 -548 2165 -469 -586 -258 1324 989 -694 473 585 1243 2054 2198 -689
-694 616 36 -554 138 0 476 -694 115 2328 238 1887 -490 -616 2098 65 -653 -695 -435 938 -604 -522 -687 -679 1093 607 103 -526 1127 158 611 -545 -691 -382 -573 2715 -43 1207 -674 -636 4543 2038 909 1211 -695 3025 149 -147 -470 4327 -651 -689 196 -399 -544 -7 5229 455 -569 2204 -696 -332 3999 -88 -236 -217 1860 664 -684 531 1949 -82 795 4038 -674 1167 -45 -481 80 -373 -287 485 5016 532 -285 -519 -561 -566 359 -269 -133 -307 579 -540 1214 -687 1176 -635 -644 845 974 -597 -524 1643 -434 1191 -480 -626 -644 -346 1806 -295 2216 -348 -548 2165 -469 -586 -258 1324 989 -694 473 585 1243 2054 2198 -689
-681 710 214 -674 206 203 540 -693 143 2722 252 2119 -393 -355 2246 -49 -695 -696 107 1175 -127 -682 -462 -693 1312 -292 59 -370 1142 362 431 -548 -650 -407 -456 2717 357 38 -675 -695 3394 1755 675 2080 -686 2661 -112 -144 -497 3978 -694 -525 493 -356 -632 87 4217 48 -583 1818 -693 -521 1239 330 -527 -134 2287 372 -547 2 3155 685 443 2006 -598 492 -590 -398 -329 -670 -594 560 2817 1019 -390 -314 -662 123 -56 589 -503 -463 1484 -543 466 -637 1173 -693 -693 1659 1727 -615 -312 1122 -80 1165 -673 -400 -660 -369 545 -607 2100 -282 -668 3576 -536 -579 -473 2040 1140 -695 219 491 2759 2148 1886 -684
-616 347 224 -693 767 -354 1869 -657 121 2213 -3 2254 -434 100 2416 -492 -680 -659 865 716 403 -568 -692 -667 518 -416 366 468 1043 -375 54 -465 -553 81 -503 3277 1118 288 -276 -620 3379 1079 454 2500 -692 1854 -202 -680 -607 2320 -586 -591 253 -686 -429 340 1326 -474 -584 998 -636 -634 547 1167 -662 812 1396 357 873 69 2320 1628 1345 901 -459 687 -434 -149 -551 -676 -512 2 1005 762 -421 -119 -687 178 -487 1467 -541 -631 2432 -13 -342 -635 282 -679 -696 2321 2418 -617 -166 956 360 1647 -696 -301 -696 -430 1131 -684 927 -474 -695 2680 -581 -695 -637 1721 668 -604 333 58 2935 1083 1732 -695
-635 -3 408 -685 448 -334 2321 -690 130 2894 -108 1689 -409 43 2359 -625 -644 -598 923 630 465 -551 -683 -677 572 -619 555 929 1547 -564 -43 -441 -629 581 -569 2418 344 247 -359 -692 3841 844 322 2134 -682 1291 -167 -693 -593 1798 -470 -554 146 -684 -548 208 1064 -502 -618 1277 -579 -670 445 1249 -675 778 1629 365 1098 41 1999 1727 1186 467 -507 224 -450 -366 -592 -687 -439 -116 1064 568 -456 -397 -680 -219 -548 1574 -455 -633 1987 -1 -155 -554 22 -645 -696 2006 1706 -541 -133 1100 517 1765 -682 -442 -695 -364 1286 -644 417 -492 -641 2550 -565 -696 -555 1357 594 -515 203 414 1753 1129 1551 -695
-535 673 260 -696 114 -388 997 -528 550 2882 -203 1449 -418 1529 2586 -418 -596 -641 780 305 235 -595 -668 -618 1447 -667 -130 1335 609 -392 369 -475 -640 365 -654 2342 351 -73 245 -689 2480 333 1044 4069 -691 2321 -343 -693 -558 1811 -392 -577 638 -509 -566 65 1269 -690 -629 733 -353 -674 -74 1290 -677 1320 2002 365 915 -82 2088 1812 1141 475 -406 -288 -391 -549 -653 -689 -263 -157 519 53 -496 104 -666 426 -424 2544 -633 -665 1721 574 -139 -387 -202 -615 -663 1236 1768 -669 -102 850 -396 932 -696 -267 -655 79 844 -663 1338 -379 -664 2276 -509 -684 -460 1636 246 -207 315 -299 3064 2108 204 -642
-695 -6 20 -503 894 -650 2409 -696 -73 1563 -206 1757 -651 -610 663 14 -681 -653 -564 879 -109 -336 -642 -696 204 298 170 616 2263 -614 415 -380 -689 476 -628 2524 -126 2102 -608 -492 5910 1228 2015 2741 -659 1331 65 -592 -562 4011 -346 -686 -415 -696 -41 580 2407 -11 -504 2570 -570 -394 5374 590 -519 869 669 979 -167 150 905 273 3448 3227 -322 1656 162 -229 -190 -579 -211 142 2566 -28 -521 -489 -689 -679 -49 -31 405 -669 1199 166 723 -639 536 -694 -549 641 920 -694 -521 903 305 1474 -461 -669 -336 -172 2701 -102 1486 -576 -517 452 -416 -690 -625 -163 303 -562 1059 337 2110 733 2208 -683
-694 616 36 -554 138 0 476 -694 115 2328 238 1887 -490 -616 2098 65 -653 -695 -435 938 -604 -522 -687 -679 1093 607 103 -526 1127 158 611 -545 -691 -382 -573 2715 -43 1207 -674 -636 4543 2038 909 1211 -695 3025 149 -147 -470 4327 -651 -689 196 -399 -544 -7 5229 455 -569 2204 -696 -332 3999 -88 -236 -217 1860 664 -684 531 1949 -82 795 4038 -674 1167 -45 -481 80 -373 -287 485 5016 532 -285 -519 -561 -566 359 -269 -133 -307 579 -540 1214 -687 1176 -635 -644 845 974 -597 -524 1643 -434 1191 -480 -626 -644 -346 1806 -295 2216 -348 -548 2165 -469 -586 -258 1324 989 -694 473 585 1243 2054 2198 -689
-694 616 36 -554 138 0 476 -694 115 2328 238 1887 -490 -616 2098 65 -653 -695 -435 938 -604 -522 -687 -679 1093 607 103 -526 1127 158 611 -545 -691 -382 -573 2715 -43 1207 -674 -636 4543 2038 909 1211 -695 3025 149 -147 -470 4327 -651 -689 196 -399 -544 -7 5229 455 -569 2204 -696 -332 3999 -88 -236 -217 1860 664 -684 531 1949 -82 795 4038 -674 1167 -45 -481 80 -373 -287 485 5016 532 -285 -519 -561 -566 359 -269 -133 -307 579 -540 1214 -687 1176 -635 -644 845 974 -597 -524 1643 -434 1191 -480 -626 -644 -346 1806 -295 2216 -348 -548 2165 -469 -586 -258 1324 989 -694 473 585 1243 2054 2198 -689
-694 616 36 -554 138 0 476 -694 115 2328 238 1887 -490 -616 2098 65 -653 -695 -435 938 -604 -522 -687 -679 1093 607 103 -526 1127 158 611 -545 -691 -382 -573 2715 -43 1207 -674 -636 4543 2038 909 1211 -695 3025 149 -147 -470 4327 -651 -689 196 -399 -544 -7 5229 455 -569 2204 -696 -332 3999 -88 -236 -217 1860 664 -684 531 1949 -82 795 4038 -674 1167 -45 -481 80 -373 -287 485 5016 532 -285 -519 -561 -566 359 -269 -133 -307 579 -540 1214 -687 1176 -635 -644 845 974 -597 -524 1643 -434 1191 -480 -626 -644 -346 1806 -295 2216 -348 -548 2165 -469 -586 -258 1324 989 -694 473 585 1243 2054 2198 -689
-694 616 36 -554 138 0 476 -694 115 2328 238 1887 -490 -616 2098 65 -653 -695 -435 938 -604 -522 -687 -679 1093 607 103 -526 1127 158 611 -545 -691 -382 -573 2715 -43 1207 -674 -636 4543 2038 909 1211 -695 3025 149 -147 -470 4327 -651 -689 196 -399 -544 -7 5229 455 -569 2204 -696 -332 3999 -88 -236 -217 1860 664 -684 531 1949 -82 795 4038 -674 1167 -45 -481 80 -373 -287 485 5016 532 -285 -519 -561 -566 359 -269 -133 -307 579 -540 1214 -687 1176 -635 -644 845 974 -597 -524 1643 -434 1191 -480 -626 -644 -346 1806 -295 2216 -348 -548 2165 -469 -586 -258 1324 989 -694 473 585 1243 2054 2198 -689
-694 616 36 -554 138 0 476 -694 115 2328 238 1887 -490 -616 2098 65 -653 -695 -435 938 -604 -522 -687 -679 1093 607 103 -526 1127 158 611 -545 -691 -382 -573 2715 -43 1207 -674 -636 4543 2038 909 1211 -695 3025 149 -147 -470 4327 -651 -689 196 -399 -544 -7 5229 455 -569 2204 -696 -332 3999 -88 -236 -217 1860 664 -684 531 1949 -82 795 4038 -674 1167 -45 -481 80 -373 -287 485 5016 532 -285 -519 -561 -566 359 -269 -133 -307 579 -540 1214 -687 1176 -635 -644 845 974 -597 -524 1643 -434 1191 -480 -626 -644 -346 1806 -295 2216 -348 -548 2165 -469 -586 -258 1324 989 -694 473 585 1243 2054 2198 -689
-644 -52 619 -690 961 504 3454 -686 675 3020 -40 2851 -369 -615 1458 232 -695 -364 555 978 -540 -696 -288 -638 -87 -377 215 -641 363 -430 1187 -366 -342 129 -562 4146 77 182 -445 -660 4234 -167 3109 2546 218 1700 480 -517 -681 757 -466 -380 1506 -332 638 1526 2476 -682 -679 255 -461 -346 365 831 -520 413 2672 297 -226 577 2559 343 1161 28 -537 637 -574 38 -625 -655 -597 -379 3469 1546 -226 -696 -618 115 894 1073 343 -384 1125 -696 -168 -695 671 -610 -690 702 4010 -686 -188 1015 -649 1275 -675 -324 -646 -646 330 -95 -152 -79 -623 2644 -630 39 -576 1354 3528 -385 471 1209 1962 1774 1996 -691
-691 575 -77 -538 135 -206 655 -696 202 2466 57 1706 -472 -557 2087 -24 -646 -696 -385 902 -528 -489 -696 -677 956 504 98 -396 1357 142 693 -541 -692 -297 -569 2752 -40 1234 -689 -640 4619 1867 863 1514 -693 2740 60 -379 -468 4632 -636 -685 199 -501 -566 -65 4767 480 -575 2268 -696 -433 4030 4 -231 -199 1692 877 -636 494 1909 3 1087 3794 -650 1196 -9 -419 -93 -466 -280 422 4462 451 -307 -479 -562 -602 220 -220 -171 -437 752 -431 1069 -691 951 -620 -626 897 1260 -623 -493 1852 -348 1331 -511 -628 -615 -271 2064 -354 2028 -444 -592 2060 -462 -672 -323 1080 920 -695 609 512 1546 2140 2080 -687
-694 616 36 -554 138 0 476 -694 115 2328 238 1887 -490 -616 2098 65 -653 -695 -435 938 -604 -522 -687 -679 1093 607 103 -526 1127 158 611 -545 -691 -382 -573 2715 -43 1207 -674 -636 4543 2038 909 1211 -695 3025 149 -147 -470 4327 -651 -689 196 -399 -544 -7 5229 455 -569 2204 -696 -332 3999 -88 -236 -217 1860 664 -684 531 1949 -82 795 4038 -674 1167 -45 -481 80 -373 -287 485 5016 532 -285 -519 -561 -566 359 -269 -133 -307 579 -540 1214 -687 1176 -635 -644 845 974 -597 -524 1643 -434 1191 -480 -626 -644 -346 1806 -295 2216 -348 -548 2165 -469 -586 -258 1324 989 -694 473 585 1243 2054 2198 -689
-694 616 36 -554 138 0 476 -694 115 2328 238 1887 -490 -616 2098 65 -653 -695 -435 938 -604 -522 -687 -679 1093 607 103 -526 1127 158 611 -545 -691 -382 -573 2715 -43 1207 -674 -636 4543 2038 909 1211 -695 3025 149 -147 -470 4327 -651 -689 196 -399 -544 -7 5229 455 -569 2204 -696 -332 3999 -88 -236 -217 1860 664 -684 531 1949 -82 795 4038 -674 1167 -45 -481 80 -373 -287 485 5016 532 -285 -519 -561 -566 359 -269 -133 -307 579 -540 1214 -687 1176 -635 -644 845 974 -597 -524 1643 -434 1191 -480 -626 -644 -346 1806 -295 2216 -348 -548 2165 -469 -586 -258 1324 989 -694 473 585 1243 2054 2198 -689
-694 616 36 -554 138 0 476 -694 115 2328 238 1887 -490 -616 2098 65 -653 -695 -435 938 -604 -522 -687 -679 1093 607 103 -526 1127 158 611 -545 -691 -382 -573 2715 -43 1207 -674 -636 4543 2038 909 1211 -695 3025 149 -147 -470 4327 -651 -689 196 -399 -544 -7 5229 455 -569 2204 -696 -332 3999 -88 -236 -217 1860 664 -684 531 1949 -82 795 4038 -674 1167 -45 -481 80 -373 -287 485 5016 532 -285 -519 -561 -566 359 -269 -133 -307 579 -540 1214 -687 1176 -635 -644 845 974 -597 -524 1643 -434 1191 -480 -626 -644 -346 1806 -295 2216 -348 -548 2165 -469 -586 -258 1324 989 -694 473 585 1243 2054 2198 -689
-694 616 36 -554 138 0 476 -694 115 2328 238 1887 -490 -616 2098 65 -653 -695 -435 938 -604 -522 -687 -679 1093 607 103 -526 1127 158 611 -545 -691 -382 -573 2715 -43 1207 -674 -636 4543 2038 909 1211 -695 3025 149 -147 -470 4327 -651 -689 196 -399 -544 -7 5229 455 -569 2204 -696 -332 3999 -88 -236 -217 1860 664 -684 531 1949 -82 795 4038 -674 1167 -45 -481 80 -373 -287 485 5016 532 -285 -519 -561 -566 359 -269 -133 -307 579 -540 1214 -687 1176 -635 -644 845 974 -597 -524 1643 -434 1191 -480 -626 -644 -346 1806 -295 2216 -348 -548 2165 -469 -586 -258 1324 989 -694 473 585 1243 2054 2198 -689
-630 980 8 -584 -90 93 -263 -595 996 3187 -175 1038 -372 808 3282 609 -690 -684 -347 614 -670 -577 -507 -591 1277 -155 -580 -142 616 269 2025 -637 -676 -385 -661 2674 -273 99 -541 -635 2612 632 1384 3763 -639 4467 -336 -439 -369 3899 -492 -607 1072 797 -563 -251 5797 -415 -645 1064 -591 -559 1368 200 -386 -241 2759 1316 -689 103 2005 280 1043 2572 -588 6 -45 -688 -319 -348 -311 176 3785 -296 -489 -96 -572 409 384 971 -619 -686 476 -250 740 -696 401 -696 -692 473 896 -694 -424 1170 -682 55 -279 -353 -686 590 846 -323 2495 -223 -536 2152 -482 -696 194 1480 733 -437 374 86 2929 4228 134 -693
-692 -76 267 -532 946 -624 3089 -696 -45 1451 -65 2005 -646 -524 1063 -165 -694 -558 -402 716 98 -190 -627 -688 133 119 429 1049 1635 -667 33 -333 -665 678 -629 2764 383 2371 -542 -590 6002 1185 1866 2418 -618 1206 -61 -605 -567 2900 -316 -676 -552 -694 166 909 1633 -251 -444 1736 -523 -465 4337 1224 -577 1449 768 728 280 -58 797 715 3714 2628 -275 1705 126 -234 -175 -664 -344 89 1924 247 -574 -464 -672 -580 -359 345 56 -643 1550 188 147 -551 503 -681 -602 1077 977 -696 -435 493 266 1319 -492 -665 -355 -361 2412 -155 1218 -552 -570 521 -406 -680 -618 246 82 -366 522 223 1654 376 2171 -670
-694 616 36 -554 138 0 476 -694 115 2328 238 1887 -490 -616 2098 65 -653 -695 -435 938 -604 -522 -687 -679 1093 607 103 -526 1127 158 611 -545 -691 -382 -573 2715 -43 1207 -674 -636 4543 2038 909 1211 -695 3025 149 -147 -470 4327 -651 -689 196 -399 -544 -7 5229 455 -569 2204 -696 -332 3999 -88 -236 -217 1860 664 -684 531 1949 -82 795 4038 -674 1167 -45 -481 80 -373 -287 485 5016 532 -285 -519 -561 -566 359 -269 -133 -307 579 -540 1214 -687 1176 -635 -644 845 974 -597 -524 1643 -434 1191 -480 -626 -644 -346 1806 -295 2216 -348 -548 2165 -469 -586 -258 1324 989 -694 473 585 1243 2054 2198 -689
-694 616 36 -554 138 0 476 -694 115 2328 238 1887 -490 -616 2098 65 -653 -695 -435 938 -604 -522 -687 -679 1093 607 103 -526 1127 158 611 -545 -691 -382 -573 2715 -43 1207 -674 -636 4543 2038 909 1211 -695 3025 149 -147 -470 4327 -651 -689 196 -399 -544 -7 5229 455 -569 2204 -696 -332 3999 -88 -236 -217 1860 664 -684 531 1949 -82 795 4038 -674 1167 -45 -481 80 -373 -287 485 5016 532 -285 -519 -561 -566 359 -269 -133 -307 579 -540 1214 -687 1176 -635 -644 845 974 -597 -524 1643 -434 1191 -480 -626 -644 -346 1806 -295 2216 -348 -548 2165 -469 -586 -258 1324 989 -694 473 585 1243 2054 2198 -689
-694 616 36 -554 138 0 476 -694 115 2328 238 1887 -490 -616 2098 65 -653 -695 -435 938 -604 -522 -687 -679 1093 607 103 -526 1127 158 611 -545 -691 -382 -573 2715 -43 1207 -674 -636 4543 2038 909 1211 -695 3025 149 -147 -470 4327 -651 -689 196 -399 -544 -7 5229 455 -569 2204 -696 -332 3999 -88 -236 -217 1860 664 -684 531 1949 -82 795 4038 -674 1167 -45 -481 80 -373 -287 485 5016 532 -285 -519 -561 -566 359 -269 -133 -307 579 -540 1214 -687 1176 -635 -644 845 974 -597 -524 1643 -434 1191 -480 -626 -644 -346 1806 -295 2216 -348 -548 2165 -469 -586 -258 1324 989 -694 473 585 1243 2054 2198 -689
-694 616 36 -554 138 0 476 -694 115 2328 238 1887 -490 -616 2098 65 -653 -695 -435 938 -604 -522 -687 -679 1093 607 103 -526 1127 158 611 -545 -691 -382 -573 2715 -43 1207 -674 -636 4543 2038 909 1211 -695 3025 149 -147 -470 4327 -651 -689 196 -399 -544 -7 5229 455 -569 2204 -696 -332 3999 -88 -236 -217 1860 664 -684 531 1949 -82 795 4038 -674 1167 -45 -481 80 -373 -287 485 5016 532 -285 -519 -561 -566 359 -269 -133 -307 579 -540 1214 -687 1176 -635 -644 845 974 -597 -524 1643 -434 1191 -480 -626 -644 -346 1806 -295 2216 -348 -548 2165 -469 -586 -258 1324 989 -694 473 585 1243 2054 2198 -689
-690 991 -8 -545 54 37 58 -696 287 2244 156 1939 -494 -449 2522 227 -681 -694 -438 681 -605 -557 -681 -663 1469 377 -179 -420 848 382 639 -525 -694 -394 -597 2534 54 975 -690 -655 4042 1944 1279 1633 -678 3509 -3 -164 -427 4249 -650 -696 211 -208 -579 11 5492 102 -563 1815 -682 -315 3576 -266 -151 -70 1956 612 -693 429 2155 -80 965 4162 -664 852 -71 -520 -35 -368 -258 577 4730 211 -312 -406 -540 -446 462 -39 -415 -456 549 -452 1275 -692 1015 -640 -681 669 1001 -635 -527 1581 -607 877 -452 -578 -689 -23 1634 -345 2772 -305 -553 2133 -411 -606 -78 1346 612 -675 454 310 1731 2131 1565 -695
-682 -85 1322 -647 1864 170 4622 -695 219 887 432 3781 -638 -684 803 186 -695 -53 206 814 -114 -631 -692 -674 -134 42 713 -442 428 -652 -185 -225 -264 608 -622 3617 687 1879 -588 -695 5275 499 4343 2483 236 1020 627 -445 -639 346 -478 -680 -202 -575 1734 2380 994 -682 -572 165 -277 -246 1978 1141 -475 2173 1015 -234 238 515 1329 552 2491 935 -315 1130 -501 381 -261 -634 -435 -389 2521 1554 -366 -671 -675 -160 331 1023 345 -419 1173 -669 -260 -501 925 -520 -641 287 2351 -692 -339 -33 -552 1087 -558 -492 -502 -669 1138 77 -41 9 -564 1421 -455 147 -633 1078 1851 -42 102 438 1117 -36 3154 -683
-693 628 -11 -545 169 -58 517 -695 140 2326 170 1850 -484 -601 2121 38 -648 -695 -416 927 -583 -511 -691 -677 1022 611 81 -498 1199 177 653 -539 -690 -365 -569 2778 -18 1221 -680 -642 4565 1993 933 1294 -694 2957 122 -240 -474 4442 -648 -688 202 -426 -543 -7 5081 451 -571 2195 -696 -367 4018 -72 -230 -217 1770 744 -674 543 1937 -50 894 3977 -669 1188 -43 -446 39 -399 -285 451 4890 481 -284 -502 -561 -576 330 -250 -139 -342 641 -510 1145 -689 1102 -626 -637 867 1110 -608 -520 1727 -421 1233 -489 -620 -635 -311 1919 -339 2149 -379 -577 2135 -468 -620 -293 1240 986 -694 538 564 1392 2061 2207 -687
-694 616 36 -554 138 0 476 -694 115 2328 238 1887 -490 -616 2098 65 -653 -695 -435 938 -604 -522 -687 -679 1093 607 103 -526 1127 158 611 -545 -691 -382 -573 2715 -43 1207 -674 -636 4543 2038 909 1211 -695 3025 149 -147 -470 4327 -651 -689 196 -399 -544 -7 5229 455 -569 2204 -696 -332 3999 -88 -236 -217 1860 664 -684 531 1949 -82 795 4038 -674 1167 -45 -481 80 -373 -287 485 5016 532 -285 -519 -561 -566 359 -269 -133 -307 579 -540 1214 -687 1176 -635 -644 845 974 -597 -524 1643 -434 1191 -480 -626 -644 -346 1806 -295 2216 -348 -548 2165 -469 -586 -258 1324 989 -694 473 585 1243 2054 2198 -689
-694 616 36 -554 138 0 476 -694 115 2328 238 1887 -490 -616 2098 65 -653 -695 -435 938 -604 -522 -687 -679 1093 607 103 -526 1127 158 611 -545 -691 -382 -573 2715 -43 1207 -674 -636 4543 2038 909 1211 -695 3025 149 -147 -470 4327 -651 -689 196 -399 -544 -7 5229 455 -569 2204 -696 -332 3999 -88 -236 -217 1860 664 -684 531 1949 -82 795 4038 -674 1167 -45 -481 80 -373 -287 485 5016 532 -285 -519 -561 -566 359 -269 -133 -307 579 -540 1214 -687 1176 -635 -644 845 974 -597 -524 1643 -434 1191 -480 -626 -644 -346 1806 -295 2216 -348 -548 2165 -469 -586 -258 1324 989 -694 473 585 1243 2054 2198 -689
-694 616 36 -554 138 0 476 -694 115 2328 238 1887 -490 -616 2098 65 -653 -695 -435 938 -604 -522 -687 -679 1093 607 103 -526 1127 158 611 -545 -691 -382 -573 2715 -43 1207 -674 -636 4543 2038 909 1211 -695 3025 149 -147 -470 4327 -651 -689 196 -399 -544 -7 5229 455 -569 2204 -696 -332 3999 -88 -236 -217 1860 664 -684 531 1949 -82 795 4038 -674 1167 -45 -481 80 -373 -287 485 5016 532 -285 -519 -561 -566 359 -269 -133 -307 579 -540 1214 -687 1176 -635 -644 845 974 -597 -524 1643 -434 1191 -480 -626 -644 -346 1806 -295 2216 -348 -548 2165 -469 -586 -258 1324 989 -694 473 585 1243 2054 2198 -689
-694 616 36 -554 138 0 476 -694 115 2328 238 1887 -490 -616 2098 65 -653 -695 -435 938 -604 -522 -687 -679 1093 607 103 -526 1127 158 611 -545 -691 -382 -573 2715 -43 1207 -674 -636 4543 2038 909 1211 -695 3025 149 -147 -470 4327 -651 -689 196 -399 -544 -7 5229 455 -569 2204 -696 -332 3999 -88 -236 -217 1860 664 -684 531 1949 -82 795 4038 -674 1167 -45 -481 80 -373 -287 485 5016 532 -285 -519 -561 -566 359 -269 -133 -307 579 -540 1214 -687 1176 -635 -644 845 974 -597 -524 1643 -434 1191 -480 -626 -644 -346 1806 -295 2216 -348 -548 2165 -469 -586 -258 1324 989 -694 473 585 1243 2054 2198 -689
-654 306 386 -685 286 5 74 -599 -67 3328 283 1436 -366 293 2938 -176 -694 -690 188 1492 -498 -655 -447 -676 1228 -466 -394 -261 1415 -234 1583 -693 -673 -389 -624 2716 -424 -296 -537 -655 1764 1343 77 3527 -646 3306 -208 -568 -520 3727 -542 -357 900 -18 -578 -323 4551 -254 -663 2673 -695 -613 178 703 -690 -416 2159 753 -431 199 2580 1297 -169 1377 -617 -5 -260 -686 -457 -617 -356 -215 2960 62 -214 -213 -695 379 -327 1298 -348 -692 1936 -456 586 -660 334 -645 -664 1460 1035 -600 -183 1242 -252 888 -688 -153 -646 -193 944 -693 1272 -484 -595 4006 -634 -659 -489 1684 1250 -648 288 423 2054 3624 1213 -667
-671 84 235 -543 421 -547 2940 -694 127 2100 -156 1497 -551 -423 1747 -418 -695 -541 -348 589 287 -176 -651 -676 359 -145 465 976 1423 -593 -73 -310 -670 440 -600 2516 162 2008 -595 -652 6062 1309 1073 2087 -642 1017 -95 -654 -560 2931 -515 -686 -437 -695 -289 519 1707 -148 -484 1828 -594 -581 3683 1180 -476 1100 1305 702 692 85 863 881 3065 1912 -352 1208 79 -341 -143 -656 -273 -56 1870 499 -551 -497 -616 -623 -523 344 -162 -614 1467 20 -72 -543 463 -690 -614 907 1306 -683 -293 996 226 1328 -546 -630 -410 -384 1870 -325 843 -577 -558 804 -414 -674 -527 670 49 -402 472 321 1282 680 2166 -683
-694 616 36 -554 138 0 476 -694 115 2328 238 1887 -490 -616 2098 65 -653 -695 -435 938 -604 -522 -687 -679 1093 607 103 -526 1127 158 611 -545 -691 -382 -573 2715 -43 1207 -674 -636 4543 2038 909 1211 -695 3025 149 -147 -470 4327 -651 -689 196 -399 -544 -7 5229 455 -569 2204 -696 -332 3999 -88 -236 -217 1860 664 -684 531 1949 -82 795 4038 -674 1167 -45 -481 80 -373 -287 485 5016 532 -285 -519 -561 -566 359 -269 -133 -307 579 -540 1214 -687 1176 -635 -644 845 974 -597 -524 1643 -434 1191 -480 -626 -644 -346 1806 -295 2216 -348 -548 2165 -469 -586 -258 1324 989 -694 473 585 1243 2054 2198 -689
-694 616 36 -554 138 0 476 -694 115 2328 238 1887 -490 -616 2098 65 -653 -695 -435 938 -604 -522 -687 -679 1093 607 103 -526 1127 158 611 -545 -691 -382 -573 2715 -43 1207 -674 -636 4543 2038 909 1211 -695 3025 149 -147 -470 4327 -651 -689 196 -399 -544 -7 5229 455 -569 2204 -696 -332 3999 -88 -236 -217 1860 664 -684 531 1949 -82 795 4038 -674 1167 -45 -481 80 -373 -287 485 5016 532 -285 -519 -561 -566 359 -269 -133 -307 579 -540 1214 -687 1176 -635 -644 845 974 -597 -524 1643 -434 1191 -480 -626 -644 -346 1806 -295 2216 -348 -548 2165 -469 -586 -258 1324 989 -694 473 585 1243 2054 2198 -689
-694 616 36 -554 138 0 476 -694 115 2328 238 1887 -490 -616 2098 65 -653 -695 -435 938 -604 -522 -687 -679 1093 607 103 -526 1127 158 611 -545 -691 -382 -573 2715 -43 1207 -674 -636 4543 2038 909 1211 -695 3025 149 -147 -470 4327 -651 -689 196 -399 -544 -7 5229 455 -569 2204 -696 -332 3999 -88 -236 -217 1860 664 -684 531 1949 -82 795 4038 -674 1167 -45 -481 80 -373 -287 485 5016 532 -285 -519 -561 -566 359 -269 -133 -307 579 -540 1214 -687 1176 -635 -644 845 974 -597 -524 1643 -434 1191 -480 -626 -644 -346 1806 -295 2216 -348 -548 2165 -469 -586 -258 1324 989 -694 473 585 1243 2054 2198 -689
