-1909 -1651 7153 -2752 -3678 987 2684 -2374 1518 -931 -3145 -1415 -4530 3132 -2639 -3584 3779 -1235 8950 -717 -862 1350 -144 -565 4335 -3677 -1056 -5151 -2418 496 -843 1369 2684 -12 4108 410 2246 69 810 3749 -4071 -645 1071 2144 2210 1109 1253 935 -1002 498 267 -2902 3826 3164 1227 -1937 6557 -2077 -987 659 -470 3337 -1357 -2982
378 -836 7824 -1364 -2347 1390 407 -2243 1652 -2351 -5303 -2337 -3346 3104 -2867 -3877 1515 567 6749 -3684 -2877 2297 -494 331 3490 -1275 -1407 -3097 -4260 641 -1533 978 1835 -1035 2255 0 412 1000 1470 3245 -4218 -135 -360 1753 2376 1208 2153 -1322 608 508 -811 -4656 4746 3702 1200 1396 6855 -3715 -2292 989 -52 1443 -1753 -3735
378 -836 7824 -1364 -2347 1390 407 -2243 1652 -2351 -5303 -2337 -3346 3104 -2867 -3877 1515 567 6749 -3684 -2877 2297 -494 331 3490 -1275 -1407 -3097 -4260 641 -1533 978 1835 -1035 2255 0 412 1000 1470 3245 -4218 -135 -360 1753 2376 1208 2153 -1322 608 508 -811 -4656 4746 3702 1200 1396 6855 -3715 -2292 989 -52 1443 -1753 -3735
378 -836 7824 -1364 -2347 1390 407 -2243 1652 -2351 -5303 -2337 -3346 3104 -2867 -3877 1515 567 6749 -3684 -2877 2297 -494 331 3490 -1275 -1407 -3097 -4260 641 -1533 978 1835 -1035 2255 0 412 1000 1470 3245 -4218 -135 -360 1753 2376 1208 2153 -1322 608 508 -811 -4656 4746 3702 1200 1396 6855 -3715 -2292 989 -52 1443 -1753 -3735
378 -836 7824 -1364 -2347 1390 407 -2243 1652 -2351 -5303 -2337 -3346 3104 -2867 -3877 1515 567 6749 -3684 -2877 2297 -494 331 3490 -1275 -1407 -3097 -4260 641 -1533 978 1835 -1035 2255 0 412 1000 1470 3245 -4218 -135 -360 1753 2376 1208 2153 -1322 608 508 -811 -4656 4746 3702 1200 1396 6855 -3715 -2292 989 -52 1443 -1753 -3735
378 -836 7824 -1364 -2347 1390 407 -2243 1652 -2351 -5303 -2337 -3346 3104 -2867 -3877 1515 567 6749 -3684 -2877 2297 -494 331 3490 -1275 -1407 -3097 -4260 641 -1533 978 1835 -1035 2255 0 412 1000 1470 3245 -4218 -135 -360 1753 2376 1208 2153 -1322 608 508 -811 -4656 4746 3702 1200 1396 6855 -3715 -2292 989 -52 1443 -1753 -3735
378 -836 7824 -1364 -2347 1390 407 -2243 1652 -2351 -5303 -2337 -3346 3104 -2867 -3877 1515 567 6749 -3684 -2877 2297 -494 331 3490 -1275 -1407 -3097 -4260 641 -1533 978 1835 -1035 2255 0 412 1000 1470 3245 -4218 -135 -360 1753 2376 1208 2153 -1322 608 508 -811 -4656 4746 3702 1200 1396 6855 -3715 -2292 989 -52 1443 -1753 -3735
378 -836 7824 -1364 -2347 1390 407 -2243 1652 -2351 -5303 -2337 -3346 3104 -2867 -3877 1515 567 6749 -3684 -2877 2297 -494 331 3490 -1275 -1407 -3097 -4260 641 -1533 978 1835 -1035 2255 0 412 1000 1470 3245 -4218 -135 -360 1753 2376 1208 2153 -1322 608 508 -811 -4656 4746 3702 1200 1396 6855 -3715 -2292 989 -52 1443 -1753 -3735
378 -836 7824 -1364 -2347 1390 407 -2243 1652 -2351 -5303 -2337 -3346 3104 -2867 -3877 1515 567 6749 -3684 -2877 2297 -494 331 3490 -1275 -1407 -3097 -4260 641 -1533 978 1835 -1035 2255 0 412 1000 1470 3245 -4218 -135 -360 1753 2376 1208 2153 -1322 608 508 -811 -4656 4746 3702 1200 1396 6855 -3715 -2292 989 -52 1443 -1753 -3735
784 -356 7676 -1311 -2351 1064 609 -1875 2272 -2739 -5186 -2053 -2868 3573 -2298 -4208 890 692 6980 -3052 -3749 2521 -239 -31 3638 -1895 -1356 -3584 -4700 805 -1544 1483 1575 -459 2718 -117 253 1295 1927 2683 -3873 -593 312 1788 1755 1462 1626 -1086 -273 1022 -702 -4593 4433 4073 1430 670 6998 -3745 -2162 1957 -245 1523 -1230 -3866
177 -1460 6838 -927 -2047 898 1211 -1457 2809 -2352 -4236 -2225 -3495 2126 -1886 -4636 1653 376 8035 -3223 -2784 2737 267 312 3591 -2424 -1238 -2307 -4283 349 -1648 1347 2965 -838 2938 -278 430 737 1850 2834 -4243 -271 -31 1469 2009 1628 1567 -1297 -322 271 -619 -4856 3991 4571 340 938 6455 -3313 -2849 1671 -942 1703 -1864 -3300
378 -836 7824 -1364 -2347 1390 407 -2243 1652 -2351 -5303 -2337 -3346 3104 -2867 -3877 1515 567 6749 -3684 -2877 2297 -494 331 3490 -1275 -1407 -3097 -4260 641 -1533 978 1835 -1035 2255 0 412 1000 1470 3245 -4218 -135 -360 1753 2376 1208 2153 -1322 608 508 -811 -4656 4746 3702 1200 1396 6855 -3715 -2292 989 -52 1443 -1753 -3735
378 -836 7824 -1364 -2347 1390 407 -2243 1652 -2351 -5303 -2337 -3346 3104 -2867 -3877 1515 567 6749 -3684 -2877 2297 -494 331 3490 -1275 -1407 -3097 -4260 641 -1533 978 1835 -1035 2255 0 412 1000 1470 3245 -4218 -135 -360 1753 2376 1208 2153 -1322 608 508 -811 -4656 4746 3702 1200 1396 6855 -3715 -2292 989 -52 1443 -1753 -3735
378 -836 7824 -1364 -2347 1390 407 -2243 1652 -2351 -5303 -2337 -3346 3104 -2867 -3877 1515 567 6749 -3684 -2877 2297 -494 331 3490 -1275 -1407 -3097 -4260 641 -1533 978 1835 -1035 2255 0 412 1000 1470 3245 -4218 -135 -360 1753 2376 1208 2153 -1322 608 508 -811 -4656 4746 3702 1200 1396 6855 -3715 -2292 989 -52 1443 -1753 -3735
378 -836 7824 -1364 -2347 1390 407 -2243 1652 -2351 -5303 -2337 -3346 3104 -2867 -3877 1515 567 6749 -3684 -2877 2297 -494 331 3490 -1275 -1407 -3097 -4260 641 -1533 978 1835 -1035 2255 0 412 1000 1470 3245 -4218 -135 -360 1753 2376 1208 2153 -1322 608 508 -811 -4656 4746 3702 1200 1396 6855 -3715 -2292 989 -52 1443 -1753 -3735
378 -836 7824 -1364 -2347 1390 407 -2243 1652 -2351 -5303 -2337 -3346 3104 -2867 -3877 1515 567 6749 -3684 -2877 2297 -494 331 3490 -1275 -1407 -3097 -4260 641 -1533 978 1835 -1035 2255 0 412 1000 1470 3245 -4218 -135 -360 1753 2376 1208 2153 -1322 608 508 -811 -4656 4746 3702 1200 1396 6855 -3715 -2292 989 -52 1443 -1753 -3735
-754 -472 8510 -2045 -3287 1661 1494 -2935 -189 -1484 -5177 -2377 -2497 4255 -3836 -2693 1414 -407 7211 -2187 -3326 1681 -1316 -64 3506 -1398 -1827 -5066 -4156 -72 -982 1295 509 -891 2972 1155 1058 481 1522 4241 -3719 -466 1066 2891 2166 18 2155 -525 956 390 -783 -3433 5192 2914 1925 325 7412 -3838 -853 1100 -293 2254 -1779 -3812
-2576 -536 8241 -2835 -3765 860 2119 -3955 -760 -363 -3967 -1905 -3162 4006 -4291 -2639 3318 -1817 7532 -589 -1942 299 -719 -779 4338 -1065 -1745 -5825 -2917 -220 -1255 183 1344 33 2990 2150 2612 -717 -34 4154 -3964 1593 763 3946 2373 -693 1417 2106 1286 866 276 -2847 4185 1737 2153 -943 6288 -3126 300 733 -437 3389 -1726 -2922
-2491 -296 7595 -3256 -4050 394 1709 -4624 -925 -186 -4015 -1574 -3156 3348 -4792 -2137 3550 -1588 7057 -940 -952 557 -1359 -86 4207 -1163 -980 -6001 -2758 -313 -671 -540 884 -194 3026 1878 2783 -1112 -908 4579 -3912 1518 437 3818 3055 -1049 1550 1929 1122 698 276 -2389 4008 2083 1451 -1044 5062 -3141 1719 617 -416 3053 -1070 -2579
-2340 894 7572 -2730 -4127 -639 2130 -3934 621 -1165 -4062 -473 -2512 4156 -3600 -3540 3389 -1355 7744 207 -1691 33 -98 -1398 4601 -2209 -1699 -6391 -2809 49 -756 -15 1639 391 3132 1515 2621 -851 -272 3493 -2818 1200 1738 3436 2249 -293 857 2915 177 1958 15 -2126 3542 2753 2456 -1919 6025 -3280 1410 1218 -580 3570 -174 -3535
-785 -1930 6375 -2491 -2284 137 1846 -3025 2395 -1286 -4424 41 -5057 1107 -2589 -3514 4502 -346 7947 -1913 41 1981 -1546 -81 3831 -2273 -337 -3198 -2665 80 -1335 1146 2649 -224 2277 -28 2283 -932 767 2997 -4485 645 -227 813 1869 1537 1591 -64 658 441 29 -4777 4142 2968 -81 526 4874 -3338 -2568 638 349 2749 -878 -2400
378 -836 7824 -1364 -2347 1390 407 -2243 1652 -2351 -5303 -2337 -3346 3104 -2867 -3877 1515 567 6749 -3684 -2877 2297 -494 331 3490 -1275 -1407 -3097 -4260 641 -1533 978 1835 -1035 2255 0 412 1000 1470 3245 -4218 -135 -360 1753 2376 1208 2153 -1322 608 508 -811 -4656 4746 3702 1200 1396 6855 -3715 -2292 989 -52 1443 -1753 -3735
378 -836 7824 -1364 -2347 1390 407 -2243 1652 -2351 -5303 -2337 -3346 3104 -2867 -3877 1515 567 6749 -3684 -2877 2297 -494 331 3490 -1275 -1407 -3097 -4260 641 -1533 978 1835 -1035 2255 0 412 1000 1470 3245 -4218 -135 -360 1753 2376 1208 2153 -1322 608 508 -811 -4656 4746 3702 1200 1396 6855 -3715 -2292 989 -52 1443 -1753 -3735
378 -836 7824 -1364 -2347 1390 407 -2243 1652 -2351 -5303 -2337 -3346 3104 -2867 -3877 1515 567 6749 -3684 -2877 2297 -494 331 3490 -1275 -1407 -3097 -4260 641 -1533 978 1835 -1035 2255 0 412 1000 1470 3245 -4218 -135 -360 1753 2376 1208 2153 -1322 608 508 -811 -4656 4746 3702 1200 1396 6855 -3715 -2292 989 -52 1443 -1753 -3735
378 -836 7824 -1364 -2347 1390 407 -2243 1652 -2351 -5303 -2337 -3346 3104 -2867 -3877 1515 567 6749 -3684 -2877 2297 -494 331 3490 -1275 -1407 -3097 -4260 641 -1533 978 1835 -1035 2255 0 412 1000 1470 3245 -4218 -135 -360 1753 2376 1208 2153 -1322 608 508 -811 -4656 4746 3702 1200 1396 6855 -3715 -2292 989 -52 1443 -1753 -3735
378 -836 7824 -1364 -2347 1390 407 -2243 1652 -2351 -5303 -2337 -3346 3104 -2867 -3877 1515 567 6749 -3684 -2877 2297 -494 331 3490 -1275 -1407 -3097 -4260 641 -1533 978 1835 -1035 2255 0 412 1000 1470 3245 -4218 -135 -360 1753 2376 1208 2153 -1322 608 508 -811 -4656 4746 3702 1200 1396 6855 -3715 -2292 989 -52 1443 -1753 -3735
-1630 -2383 5783 -2365 -3557 2467 1405 -2122 -1303 -922 -2381 -4437 -4404 3653 -2729 -2680 2073 -1352 7740 -645 -1920 2392 -367 1627 3650 -2524 346 -4953 -2056 -619 -321 -24 1604 130 3880 -594 161 -249 -272 4648 -3723 -856 571 1992 3754 -299 1105 257 -997 -1266 -941 -2634 3090 4885 702 -1472 4787 -1640 871 670 -2149 1823 -2362 -2230
138 -736 8120 -1488 -2473 1237 623 -2610 1557 -2236 -5178 -2011 -3333 3189 -2956 -3890 1973 162 7098 -3475 -2544 1890 -618 29 3651 -1291 -1511 -3389 -4110 731 -1613 960 1825 -1094 2252 24 900 1115 1298 3196 -4327 175 -438 2058 2348 1406 2201 -1267 704 623 -675 -4568 4781 3315 1259 1069 6929 -3914 -2180 1043 77 1638 -1673 -3767
378 -836 7824 -1364 -2347 1390 407 -2243 1652 -2351 -5303 -2337 -3346 3104 -2867 -3877 1515 567 6749 -3684 -2877 2297 -494 331 3490 -1275 -1407 -3097 -4260 641 -1533 978 1835 -1035 2255 0 412 1000 1470 3245 -4218 -135 -360 1753 2376 1208 2153 -1322 608 508 -811 -4656 4746 3702 1200 1396 6855 -3715 -2292 989 -52 1443 -1753 -3735
378 -836 7824 -1364 -2347 1390 407 -2243 1652 -2351 -5303 -2337 -3346 3104 -2867 -3877 1515 567 6749 -3684 -2877 2297 -494 331 3490 -1275 -1407 -3097 -4260 641 -1533 978 1835 -1035 2255 0 412 1000 1470 3245 -4218 -135 -360 1753 2376 1208 2153 -1322 608 508 -811 -4656 4746 3702 1200 1396 6855 -3715 -2292 989 -52 1443 -1753 -3735
378 -836 7824 -1364 -2347 1390 407 -2243 1652 -2351 -5303 -2337 -3346 3104 -2867 -3877 1515 567 6749 -3684 -2877 2297 -494 331 3490 -1275 -1407 -3097 -4260 641 -1533 978 1835 -1035 2255 0 412 1000 1470 3245 -4218 -135 -360 1753 2376 1208 2153 -1322 608 508 -811 -4656 4746 3702 1200 1396 6855 -3715 -2292 989 -52 1443 -1753 -3735
378 -836 7824 -1364 -2347 1390 407 -2243 1652 -2351 -5303 -2337 -3346 3104 -2867 -3877 1515 567 6749 -3684 -2877 2297 -494 331 3490 -1275 -1407 -3097 -4260 641 -1533 978 1835 -1035 2255 0 412 1000 1470 3245 -4218 -135 -360 1753 2376 1208 2153 -1322 608 508 -811 -4656 4746 3702 1200 1396 6855 -3715 -2292 989 -52 1443 -1753 -3735
209 689 8431 -1334 -2728 -373 1238 -2118 3147 -3532 -4400 -761 -2875 3922 -2084 -4773 1762 338 8140 -2522 -3658 1609 1273 -874 4347 -2623 -1901 -4074 -3782 1512 -1947 1360 2428 -1131 3535 -789 117 1686 1956 2108 -2649 -806 1761 2369 1626 2115 1850 -405 -784 1514 -1216 -3310 3771 4660 3180 -785 7742 -3098 -985 2608 -362 1839 -613 -4374
-1596 -2084 6554 -2936 -2620 350 2241 -3366 2102 -624 -3809 -408 -5265 1147 -3317 -2960 4568 -1066 7882 -1556 52 1945 -1204 -33 4209 -2465 -299 -3760 -2625 103 -1400 1162 2936 59 2678 1150 2492 -1419 333 3047 -4359 1407 -402 1409 1807 978 1478 1322 558 625 490 -4339 3672 2633 134 -129 4611 -3116 -2076 514 234 3221 -923 -1925
378 -836 7824 -1364 -2347 1390 407 -2243 1652 -2351 -5303 -2337 -3346 3104 -2867 -3877 1515 567 6749 -3684 -2877 2297 -494 331 3490 -1275 -1407 -3097 -4260 641 -1533 978 1835 -1035 2255 0 412 1000 1470 3245 -4218 -135 -360 1753 2376 1208 2153 -1322 608 508 -811 -4656 4746 3702 1200 1396 6855 -3715 -2292 989 -52 1443 -1753 -3735
378 -836 7824 -1364 -2347 1390 407 -2243 1652 -2351 -5303 -2337 -3346 3104 -2867 -3877 1515 567 6749 -3684 -2877 2297 -494 331 3490 -1275 -1407 -3097 -4260 641 -1533 978 1835 -1035 2255 0 412 1000 1470 3245 -4218 -135 -360 1753 2376 1208 2153 -1322 608 508 -811 -4656 4746 3702 1200 1396 6855 -3715 -2292 989 -52 1443 -1753 -3735
378 -836 7824 -1364 -2347 1390 407 -2243 1652 -2351 -5303 -2337 -3346 3104 -2867 -3877 1515 567 6749 -3684 -2877 2297 -494 331 3490 -1275 -1407 -3097 -4260 641 -1533 978 1835 -1035 2255 0 412 1000 1470 3245 -4218 -135 -360 1753 2376 1208 2153 -1322 608 508 -811 -4656 4746 3702 1200 1396 6855 -3715 -2292 989 -52 1443 -1753 -3735
378 -836 7824 -1364 -2347 1390 407 -2243 1652 -2351 -5303 -2337 -3346 3104 -2867 -3877 1515 567 6749 -3684 -2877 2297 -494 331 3490 -1275 -1407 -3097 -4260 641 -1533 978 1835 -1035 2255 0 412 1000 1470 3245 -4218 -135 -360 1753 2376 1208 2153 -1322 608 508 -811 -4656 4746 3702 1200 1396 6855 -3715 -2292 989 -52 1443 -1753 -3735
473 -254 7792 -1156 -2367 877 691 -1940 2250 -2624 -5356 -2026 -2815 3400 -2532 -4244 1205 680 6987 -3297 -3531 2480 -318 -70 3657 -1705 -1599 -3362 -4573 594 -1453 1223 1762 -598 2426 84 472 1077 1780 2906 -3908 -243 283 1936 1947 1329 1832 -944 194 948 -848 -4685 4558 3877 1501 1053 7053 -3954 -2293 1577 -113 1721 -1270 -4094
-2351 -4119 3621 -2429 -2834 1450 1949 -1058 627 312 -2719 -3628 -4997 1516 -2709 -2401 2943 -1564 7263 -105 -1087 3687 -790 1789 3569 -3138 499 -3518 -2336 -1607 154 74 3195 1870 3455 748 882 -2449 -538 4289 -3794 700 210 652 3224 -1018 621 2188 -514 -969 -446 -3311 2129 4293 -820 -381 2976 -1605 -830 -176 -1887 3321 -1991 -1601
282 -828 7935 -1363 -2336 1337 492 -2320 1657 -2310 -5235 -2270 -3376 3175 -2882 -3893 1640 440 6884 -3602 -2834 2159 -488 219 3542 -1257 -1453 -3132 -4198 663 -1585 963 1833 -993 2235 -5 538 1025 1403 3201 -4273 -6 -340 1866 2369 1297 2163 -1297 667 553 -789 -4662 4751 3555 1261 1306 6909 -3750 -2310 1023 -22 1544 -1771 -3805
378 -836 7824 -1364 -2347 1390 407 -2243 1652 -2351 -5303 -2337 -3346 3104 -2867 -3877 1515 567 6749 -3684 -2877 2297 -494 331 3490 -1275 -1407 -3097 -4260 641 -1533 978 1835 -1035 2255 0 412 1000 1470 3245 -4218 -135 -360 1753 2376 1208 2153 -1322 608 508 -811 -4656 4746 3702 1200 1396 6855 -3715 -2292 989 -52 1443 -1753 -3735
378 -836 7824 -1364 -2347 1390 407 -2243 1652 -2351 -5303 -2337 -3346 3104 -2867 -3877 1515 567 6749 -3684 -2877 2297 -494 331 3490 -1275 -1407 -3097 -4260 641 -1533 978 1835 -1035 2255 0 412 1000 1470 3245 -4218 -135 -360 1753 2376 1208 2153 -1322 608 508 -811 -4656 4746 3702 1200 1396 6855 -3715 -2292 989 -52 1443 -1753 -3735
378 -836 7824 -1364 -2347 1390 407 -2243 1652 -2351 -5303 -2337 -3346 3104 -2867 -3877 1515 567 6749 -3684 -2877 2297 -494 331 3490 -1275 -1407 -3097 -4260 641 -1533 978 1835 -1035 2255 0 412 1000 1470 3245 -4218 -135 -360 1753 2376 1208 2153 -1322 608 508 -811 -4656 4746 3702 1200 1396 6855 -3715 -2292 989 -52 1443 -1753 -3735
378 -836 7824 -1364 -2347 1390 407 -2243 1652 -2351 -5303 -2337 -3346 3104 -2867 -3877 1515 567 6749 -3684 -2877 2297 -494 331 3490 -1275 -1407 -3097 -4260 641 -1533 978 1835 -1035 2255 0 412 1000 1470 3245 -4218 -135 -360 1753 2376 1208 2153 -1322 608 508 -811 -4656 4746 3702 1200 1396 6855 -3715 -2292 989 -52 1443 -1753 -3735
-1126 754 9234 -2008 -3291 105 1490 -3217 706 -2355 -4966 -1245 -2813 3809 -3493 -3399 2997 -164 7879 -2247 -2742 609 233 -794 3661 -1335 -2326 -4724 -2943 590 -1291 290 1382 -1356 3066 -120 1134 717 915 4147 -2874 -215 2007 3139 2585 460 2879 -147 1375 523 -1494 -2863 4743 3154 3519 -32 7853 -2854 78 1173 339 2570 -1117 -4764
-1405 -1669 7268 -3106 -3152 873 1697 -3993 1350 -680 -4186 -1067 -4975 2027 -4021 -2584 4063 -1355 7664 -1828 -328 1506 -1274 -63 4386 -1898 -335 -4553 -2848 435 -1451 517 2552 73 3155 918 2429 -769 -674 3345 -4416 1491 -571 2014 2271 1060 1896 950 647 784 440 -4003 3559 2051 740 -307 4777 -3238 -1307 668 149 3009 -773 -2537
378 -836 7824 -1364 -2347 1390 407 -2243 1652 -2351 -5303 -2337 -3346 3104 -2867 -3877 1515 567 6749 -3684 -2877 2297 -494 331 3490 -1275 -1407 -3097 -4260 641 -1533 978 1835 -1035 2255 0 412 1000 1470 3245 -4218 -135 -360 1753 2376 1208 2153 -1322 608 508 -811 -4656 4746 3702 1200 1396 6855 -3715 -2292 989 -52 1443 -1753 -3735
378 -836 7824 -1364 -2347 1390 407 -2243 1652 -2351 -5303 -2337 -3346 3104 -2867 -3877 1515 567 6749 -3684 -2877 2297 -494 331 3490 -1275 -1407 -3097 -4260 641 -1533 978 1835 -1035 2255 0 412 1000 1470 3245 -4218 -135 -360 1753 2376 1208 2153 -1322 608 508 -811 -4656 4746 3702 1200 1396 6855 -3715 -2292 989 -52 1443 -1753 -3735
378 -836 7824 -1364 -2347 1390 407 -2243 1652 -2351 -5303 -2337 -3346 3104 -2867 -3877 1515 567 6749 -3684 -2877 2297 -494 331 3490 -1275 -1407 -3097 -4260 641 -1533 978 1835 -1035 2255 0 412 1000 1470 3245 -4218 -135 -360 1753 2376 1208 2153 -1322 608 508 -811 -4656 4746 3702 1200 1396 6855 -3715 -2292 989 -52 1443 -1753 -3735
