-5625 -2473 8395 3880 -168 -1069 233 2555 2883 683 -1988 -4387 -86 -104 2741 -6977 -4111 -3967 4357 255 -1350 3509 -5521 1253 -5009 5342 -10373 6396 6815 -4044 1227 -3347 -9638 7205 -4938 8603 456 1376 11026 -2101 -4151 -7628 1600 4679 724 1076 -6079 7182 201 -3966 -10015 7056 -1788 -1511 -4810 -6202 -7627 -9367 -1495 4647 -6000 -968 3852 -2565
-1570 -3383 8601 1160 6775 -3718 -3471 3346 7626 85 -2886 -3281 -3574 6408 7086 -6782 -8193 -2988 -588 3107 -4963 1501 -4889 -2638 -7193 4145 -8437 2335 7458 -3904 -659 -749 -6853 7819 -4452 7313 -2947 3744 8127 -6044 -1928 -7097 6103 7436 -1549 5771 -10357 8872 -531 -1945 -7828 3510 -4562 -7689 -2035 -3377 -7971 -3673 4702 9751 -7749 -4094 4976 -6267
-1570 -3383 8601 1160 6775 -3718 -3471 3346 7626 85 -2886 -3281 -3574 6408 7086 -6782 -8193 -2988 -588 3107 -4963 1501 -4889 -2638 -7193 4145 -8437 2335 7458 -3904 -659 -749 -6853 7819 -4452 7313 -2947 3744 8127 -6044 -1928 -7097 6103 7436 -1549 5771 -10357 8872 -531 -1945 -7828 3510 -4562 -7689 -2035 -3377 -7971 -3673 4702 9751 -7749 -4094 4976 -6267
-1570 -3383 8601 1160 6775 -3718 -3471 3346 7626 85 -2886 -3281 -3574 6408 7086 -6782 -8193 -2988 -588 3107 -4963 1501 -4889 -2638 -7193 4145 -8437 2335 7458 -3904 -659 -749 -6853 7819 -4452 7313 -2947 3744 8127 -6044 -1928 -7097 6103 7436 -1549 5771 -10357 8872 -531 -1945 -7828 3510 -4562 -7689 -2035 -3377 -7971 -3673 4702 9751 -7749 -4094 4976 -6267
-1570 -3383 8601 1160 6775 -3718 -3471 3346 7626 85 -2886 -3281 -3574 6408 7086 -6782 -8193 -2988 -588 3107 -4963 1501 -4889 -2638 -7193 4145 -8437 2335 7458 -3904 -659 -749 -6853 7819 -4452 7313 -2947 3744 8127 -6044 -1928 -7097 6103 7436 -1549 5771 -10357 8872 -531 -1945 -7828 3510 -4562 -7689 -2035 -3377 -7971 -3673 4702 9751 -7749 -4094 4976 -6267
-1570 -3383 8601 1160 6775 -3718 -3471 3346 7626 85 -2886 -3281 -3574 6408 7086 -6782 -8193 -2988 -588 3107 -4963 1501 -4889 -2638 -7193 4145 -8437 2335 7458 -3904 -659 -749 -6853 7819 -4452 7313 -2947 3744 8127 -6044 -1928 -7097 6103 7436 -1549 5771 -10357 8872 -531 -1945 -7828 3510 -4562 -7689 -2035 -3377 -7971 -3673 4702 9751 -7749 -4094 4976 -6267
-1570 -3383 8601 1160 6775 -3718 -3471 3346 7626 85 -2886 -3281 -3574 6408 7086 -6782 -8193 -2988 -588 3107 -4963 1501 -4889 -2638 -7193 4145 -8437 2335 7458 -3904 -659 -749 -6853 7819 -4452 7313 -2947 3744 8127 -6044 -1928 -7097 6103 7436 -1549 5771 -10357 8872 -531 -1945 -7828 3510 -4562 -7689 -2035 -3377 -7971 -3673 4702 9751 -7749 -4094 4976 -6267
-1570 -3383 8601 1160 6775 -3718 -3471 3346 7626 85 -2886 -3281 -3574 6408 7086 -6782 -8193 -2988 -588 3107 -4963 1501 -4889 -2638 -7193 4145 -8437 2335 7458 -3904 -659 -749 -6853 7819 -4452 7313 -2947 3744 8127 -6044 -1928 -7097 6103 7436 -1549 5771 -10357 8872 -531 -1945 -7828 3510 -4562 -7689 -2035 -3377 -7971 -3673 4702 9751 -7749 -4094 4976 -6267
-1570 -3383 8601 1160 6775 -3718 -3471 3346 7626 85 -2886 -3281 -3574 6408 7086 -6782 -8193 -2988 -588 3107 -4963 1501 -4889 -2638 -7193 4145 -8437 2335 7458 -3904 -659 -749 -6853 7819 -4452 7313 -2947 3744 8127 -6044 -1928 -7097 6103 7436 -1549 5771 -10357 8872 -531 -1945 -7828 3510 -4562 -7689 -2035 -3377 -7971 -3673 4702 9751 -7749 -4094 4976 -6267
-1480 -3476 10560 1132 6180 -2759 -2223 2666 6904 -251 -1874 -3631 -3405 4499 4995 -6351 -7905 -1288 529 5176 -4156 1669 -5563 -2780 -8336 4381 -9062 3929 9466 -3757 -883 -2989 -8575 6837 -4280 6411 -4440 3349 7096 -6445 -4132 -7649 5926 8221 -692 6079 -9448 7101 -1236 61 -9203 3806 -3476 -8055 -856 -2294 -6600 -4789 3409 11704 -5890 -4368 5980 -7731
-323 -4319 9382 1675 5200 -3044 -976 3501 6876 -109 -2430 -3503 -3117 4522 5254 -5975 -7461 -1794 -1694 3955 -3892 2399 -2687 -2869 -6045 7514 -8811 3960 7961 -3985 -1857 -1520 -7782 7936 -1561 8876 -4231 2677 6786 -4068 -3223 -7892 6190 7926 -1368 4088 -8853 9517 2723 -2832 -8719 3422 -3117 -7435 -395 -2382 -9495 -4542 4013 9052 -7084 -3349 5699 -5253
-1570 -3383 8601 1160 6775 -3718 -3471 3346 7626 85 -2886 -3281 -3574 6408 7086 -6782 -8193 -2988 -588 3107 -4963 1501 -4889 -2638 -7193 4145 -8437 2335 7458 -3904 -659 -749 -6853 7819 -4452 7313 -2947 3744 8127 -6044 -1928 -7097 6103 7436 -1549 5771 -10357 8872 -531 -1945 -7828 3510 -4562 -7689 -2035 -3377 -7971 -3673 4702 9751 -7749 -4094 4976 -6267
-1570 -3383 8601 1160 6775 -3718 -3471 3346 7626 85 -2886 -3281 -3574 6408 7086 -6782 -8193 -2988 -588 3107 -4963 1501 -4889 -2638 -7193 4145 -8437 2335 7458 -3904 -659 -749 -6853 7819 -4452 7313 -2947 3744 8127 -6044 -1928 -7097 6103 7436 -1549 5771 -10357 8872 -531 -1945 -7828 3510 -4562 -7689 -2035 -3377 -7971 -3673 4702 9751 -7749 -4094 4976 -6267
-1570 -3383 8601 1160 6775 -3718 -3471 3346 7626 85 -2886 -3281 -3574 6408 7086 -6782 -8193 -2988 -588 3107 -4963 1501 -4889 -2638 -7193 4145 -8437 2335 7458 -3904 -659 -749 -6853 7819 -4452 7313 -2947 3744 8127 -6044 -1928 -7097 6103 7436 -1549 5771 -10357 8872 -531 -1945 -7828 3510 -4562 -7689 -2035 -3377 -7971 -3673 4702 9751 -7749 -4094 4976 -6267
-1570 -3383 8601 1160 6775 -3718 -3471 3346 7626 85 -2886 -3281 -3574 6408 7086 -6782 -8193 -2988 -588 3107 -4963 1501 -4889 -2638 -7193 4145 -8437 2335 7458 -3904 -659 -749 -6853 7819 -4452 7313 -2947 3744 8127 -6044 -1928 -7097 6103 7436 -1549 5771 -10357 8872 -531 -1945 -7828 3510 -4562 -7689 -2035 -3377 -7971 -3673 4702 9751 -7749 -4094 4976 -6267
-1570 -3383 8601 1160 6775 -3718 -3471 3346 7626 85 -2886 -3281 -3574 6408 7086 -6782 -8193 -2988 -588 3107 -4963 1501 -4889 -2638 -7193 4145 -8437 2335 7458 -3904 -659 -749 -6853 7819 -4452 7313 -2947 3744 8127 -6044 -1928 -7097 6103 7436 -1549 5771 -10357 8872 -531 -1945 -7828 3510 -4562 -7689 -2035 -3377 -7971 -3673 4702 9751 -7749 -4094 4976 -6267
-3164 -1664 6761 2144 4301 -4065 -3244 926 3648 654 -3859 -2911 -4026 3623 6562 -6893 -6954 -3166 2927 2912 -3187 609 -8213 -1657 -6190 831 -10039 4017 6945 -3108 2541 -2406 -6089 5445 -8359 6028 -1104 3525 10206 -5265 -2853 -4678 1353 8711 -712 5628 -8799 8226 -3329 -1284 -8676 6053 -3799 -3568 -4589 -3552 -6733 -6561 1431 6391 -7100 -4358 6352 -4900
-6706 -307 8856 3345 2671 -1133 -1036 -2188 3041 1137 -3468 -3302 -763 4196 6165 -5809 -5786 -5330 6301 -632 -1669 3136 -6759 32 -3880 -1798 -12676 4874 4595 -3424 5402 -5037 -5716 6705 -8192 8933 1977 3510 13790 -4451 -3106 -5732 473 4639 46 5922 -6886 12126 -3685 -4785 -8844 8650 -2917 156 -8096 -6293 -6992 -9943 -2610 4697 -7408 -2542 4182 -514
-7598 26 8231 2377 2839 731 -1386 -1239 3019 886 -2606 -2466 1507 3062 5510 -6544 -6133 -4968 5661 -2210 -746 2257 -6353 1205 -3149 -1544 -10290 4869 5850 -3623 4325 -2834 -4845 7047 -10654 9892 2914 1998 15716 -4478 -2060 -4170 1601 3365 -622 4803 -3749 12131 -3871 -6352 -7241 8618 -3372 224 -7737 -7966 -7455 -7978 -3143 5329 -7279 -1026 3180 -320
-8971 -1930 11164 2061 1332 69 -447 -1477 2704 287 -2064 -3969 1233 83 2531 -5240 -6933 -3791 9100 77 1375 3488 -8742 -588 -3379 -2231 -11253 6955 7262 -2182 5033 -4880 -9080 5808 -9398 9547 2101 3074 13820 -3078 -6720 -4946 190 4818 560 3939 -2599 8494 -4015 -4503 -11369 7814 -3299 -2650 -5838 -7295 -4333 -10000 -6233 7896 -5889 -1675 2813 -912
-4770 -2773 12813 168 2996 -1252 -678 1394 5783 -810 -944 -2932 1769 4091 5154 -9142 -7222 -4567 -2538 490 -3861 2271 -3017 1292 -3862 7380 -9714 1610 5868 -3966 470 -1662 -6900 9101 -2541 10969 329 1666 7532 -3164 278 -7830 7121 2579 597 4833 -7195 12080 4520 -5605 -8493 8856 -5209 -4595 -2933 -5662 -10061 -3336 773 6742 -5898 702 3492 -2602
-1570 -3383 8601 1160 6775 -3718 -3471 3346 7626 85 -2886 -3281 -3574 6408 7086 -6782 -8193 -2988 -588 3107 -4963 1501 -4889 -2638 -7193 4145 -8437 2335 7458 -3904 -659 -749 -6853 7819 -4452 7313 -2947 3744 8127 -6044 -1928 -7097 6103 7436 -1549 5771 -10357 8872 -531 -1945 -7828 3510 -4562 -7689 -2035 -3377 -7971 -3673 4702 9751 -7749 -4094 4976 -6267
-1570 -3383 8601 1160 6775 -3718 -3471 3346 7626 85 -2886 -3281 -3574 6408 7086 -6782 -8193 -2988 -588 3107 -4963 1501 -4889 -2638 -7193 4145 -8437 2335 7458 -3904 -659 -749 -6853 7819 -4452 7313 -2947 3744 8127 -6044 -1928 -7097 6103 7436 -1549 5771 -10357 8872 -531 -1945 -7828 3510 -4562 -7689 -2035 -3377 -7971 -3673 4702 9751 -7749 -4094 4976 -6267
-1570 -3383 8601 1160 6775 -3718 -3471 3346 7626 85 -2886 -3281 -3574 6408 7086 -6782 -8193 -2988 -588 3107 -4963 1501 -4889 -2638 -7193 4145 -8437 2335 7458 -3904 -659 -749 -6853 7819 -4452 7313 -2947 3744 8127 -6044 -1928 -7097 6103 7436 -1549 5771 -10357 8872 -531 -1945 -7828 3510 -4562 -7689 -2035 -3377 -7971 -3673 4702 9751 -7749 -4094 4976 -6267
-1570 -3383 8601 1160 6775 -3718 -3471 3346 7626 85 -2886 -3281 -3574 6408 7086 -6782 -8193 -2988 -588 3107 -4963 1501 -4889 -2638 -7193 4145 -8437 2335 7458 -3904 -659 -749 -6853 7819 -4452 7313 -2947 3744 8127 -6044 -1928 -7097 6103 7436 -1549 5771 -10357 8872 -531 -1945 -7828 3510 -4562 -7689 -2035 -3377 -7971 -3673 4702 9751 -7749 -4094 4976 -6267
-1570 -3383 8601 1160 6775 -3718 -3471 3346 7626 85 -2886 -3281 -3574 6408 7086 -6782 -8193 -2988 -588 3107 -4963 1501 -4889 -2638 -7193 4145 -8437 2335 7458 -3904 -659 -749 -6853 7819 -4452 7313 -2947 3744 8127 -6044 -1928 -7097 6103 7436 -1549 5771 -10357 8872 -531 -1945 -7828 3510 -4562 -7689 -2035 -3377 -7971 -3673 4702 9751 -7749 -4094 4976 -6267
-1401 338 2991 6250 -211 -2557 838 4444 2365 789 -1412 -3072 27 751 6876 -5807 -2579 -1924 3142 -2284 152 979 -3386 -1429 -3127 6873 -8895 8977 7493 -3576 -577 -2371 -4771 7671 -7195 6315 -1395 188 11741 -1648 -3927 -4742 1280 6400 -524 1373 -3821 9742 -2321 -1554 -8859 3153 774 887 -6972 -7431 -7640 -10746 18 3855 -10024 -664 6367 -2685
-2459 -3352 9458 1064 6461 -3208 -3192 2590 7062 -352 -2802 -3131 -2832 6623 6682 -6861 -8357 -3089 -315 3142 -4428 2221 -5060 -1669 -7236 3440 -8898 2087 7568 -4299 250 -1011 -7168 8618 -4237 8007 -1953 3059 8031 -5702 -2168 -7044 5537 6550 -1220 5888 -10407 9503 -857 -2429 -7345 4019 -5082 -7032 -1898 -3204 -8180 -3795 4089 9426 -7483 -3920 4192 -5493
-1570 -3383 8601 1160 6775 -3718 -3471 3346 7626 85 -2886 -3281 -3574 6408 7086 -6782 -8193 -2988 -588 3107 -4963 1501 -4889 -2638 -7193 4145 -8437 2335 7458 -3904 -659 -749 -6853 7819 -4452 7313 -2947 3744 8127 -6044 -1928 -7097 6103 7436 -1549 5771 -10357 8872 -531 -1945 -7828 3510 -4562 -7689 -2035 -3377 -7971 -3673 4702 9751 -7749 -4094 4976 -6267
-1570 -3383 8601 1160 6775 -3718 -3471 3346 7626 85 -2886 -3281 -3574 6408 7086 -6782 -8193 -2988 -588 3107 -4963 1501 -4889 -2638 -7193 4145 -8437 2335 7458 -3904 -659 -749 -6853 7819 -4452 7313 -2947 3744 8127 -6044 -1928 -7097 6103 7436 -1549 5771 -10357 8872 -531 -1945 -7828 3510 -4562 -7689 -2035 -3377 -7971 -3673 4702 9751 -7749 -4094 4976 -6267
-1570 -3383 8601 1160 6775 -3718 -3471 3346 7626 85 -2886 -3281 -3574 6408 7086 -6782 -8193 -2988 -588 3107 -4963 1501 -4889 -2638 -7193 4145 -8437 2335 7458 -3904 -659 -749 -6853 7819 -4452 7313 -2947 3744 8127 -6044 -1928 -7097 6103 7436 -1549 5771 -10357 8872 -531 -1945 -7828 3510 -4562 -7689 -2035 -3377 -7971 -3673 4702 9751 -7749 -4094 4976 -6267
-1570 -3383 8601 1160 6775 -3718 -3471 3346 7626 85 -2886 -3281 -3574 6408 7086 -6782 -8193 -2988 -588 3107 -4963 1501 -4889 -2638 -7193 4145 -8437 2335 7458 -3904 -659 -749 -6853 7819 -4452 7313 -2947 3744 8127 -6044 -1928 -7097 6103 7436 -1549 5771 -10357 8872 -531 -1945 -7828 3510 -4562 -7689 -2035 -3377 -7971 -3673 4702 9751 -7749 -4094 4976 -6267
-3197 -4489 10840 3290 4585 -4087 -2224 2538 7473 -1411 -3869 -5366 -3433 1557 2499 -5330 -10534 602 4181 6195 -2305 3777 -7797 -2517 -5971 2989 -7677 6902 9995 -2458 352 -2871 -12438 6051 -5787 7764 -2985 2384 6809 -2834 -8652 -6982 3863 7651 -1207 3291 -6151 3627 -2683 -1031 -11373 2670 -3843 -7942 383 -1659 -4106 -6546 1805 12070 -5283 -4487 4252 -7240
-5615 -1545 12799 1453 3027 390 -763 428 5347 271 -2011 -2603 2585 4383 4891 -7911 -6282 -5457 -167 -1487 -3836 2508 -2621 1796 -3673 6370 -11252 2681 4454 -3440 493 -3514 -6061 8030 -3636 12011 1395 1539 10278 -3565 1048 -8599 6729 1436 509 4744 -6447 13089 4099 -6890 -9521 10368 -3737 -2615 -4337 -7093 -9778 -5419 -744 5769 -5532 1321 2794 -2453
-1570 -3383 8601 1160 6775 -3718 -3471 3346 7626 85 -2886 -3281 -3574 6408 7086 -6782 -8193 -2988 -588 3107 -4963 1501 -4889 -2638 -7193 4145 -8437 2335 7458 -3904 -659 -749 -6853 7819 -4452 7313 -2947 3744 8127 -6044 -1928 -7097 6103 7436 -1549 5771 -10357 8872 -531 -1945 -7828 3510 -4562 -7689 -2035 -3377 -7971 -3673 4702 9751 -7749 -4094 4976 -6267
-1570 -3383 8601 1160 6775 -3718 -3471 3346 7626 85 -2886 -3281 -3574 6408 7086 -6782 -8193 -2988 -588 3107 -4963 1501 -4889 -2638 -7193 4145 -8437 2335 7458 -3904 -659 -749 -6853 7819 -4452 7313 -2947 3744 8127 -6044 -1928 -7097 6103 7436 -1549 5771 -10357 8872 -531 -1945 -7828 3510 -4562 -7689 -2035 -3377 -7971 -3673 4702 9751 -7749 -4094 4976 -6267
-1570 -3383 8601 1160 6775 -3718 -3471 3346 7626 85 -2886 -3281 -3574 6408 7086 -6782 -8193 -2988 -588 3107 -4963 1501 -4889 -2638 -7193 4145 -8437 2335 7458 -3904 -659 -749 -6853 7819 -4452 7313 -2947 3744 8127 -6044 -1928 -7097 6103 7436 -1549 5771 -10357 8872 -531 -1945 -7828 3510 -4562 -7689 -2035 -3377 -7971 -3673 4702 9751 -7749 -4094 4976 -6267
-1570 -3383 8601 1160 6775 -3718 -3471 3346 7626 85 -2886 -3281 -3574 6408 7086 -6782 -8193 -2988 -588 3107 -4963 1501 -4889 -2638 -7193 4145 -8437 2335 7458 -3904 -659 -749 -6853 7819 -4452 7313 -2947 3744 8127 -6044 -1928 -7097 6103 7436 -1549 5771 -10357 8872 -531 -1945 -7828 3510 -4562 -7689 -2035 -3377 -7971 -3673 4702 9751 -7749 -4094 4976 -6267
-1579 -4011 9835 801 6554 -2924 -3050 2590 7306 -119 -2199 -3702 -3675 4999 5801 -6587 -8663 -2121 371 4074 -4258 1620 -5707 -3033 -7797 3820 -8941 3105 8228 -3634 -643 -2323 -8149 6809 -4619 7115 -3714 3948 7357 -6335 -3356 -7303 5262 8032 -1359 6057 -9553 7587 -869 -915 -9243 3352 -4042 -8870 -1130 -2607 -6803 -4277 3574 10549 -6639 -4743 5226 -7088
-1454 303 5450 4121 -794 -615 1594 2837 2302 1984 -1327 -2577 1901 438 7087 -7240 -1992 -5258 1861 -5724 -1104 -24 -52 -838 -1684 9302 -11268 7986 4493 -2291 -2740 -5082 -3726 5581 -4250 7872 -1529 2110 12473 -2826 795 -7223 2603 6356 537 3184 -3472 12347 4168 -4267 -11232 5885 2716 424 -6717 -9956 -10065 -10656 -1828 2402 -8166 923 6327 -1563
-1719 -3307 8888 1193 6577 -3621 -3354 3064 7492 -12 -2888 -3338 -3349 6559 7041 -6833 -8302 -3070 -474 3141 -4845 1773 -4916 -2345 -7256 3903 -8641 2351 7447 -4135 -361 -966 -6967 8073 -4242 7500 -2686 3597 7952 -5988 -2008 -7217 5821 7184 -1468 5968 -10437 9104 -703 -2033 -7806 3657 -4689 -7470 -1979 -3283 -8066 -3838 4601 9674 -7691 -4130 4799 -5996
-1570 -3383 8601 1160 6775 -3718 -3471 3346 7626 85 -2886 -3281 -3574 6408 7086 -6782 -8193 -2988 -588 3107 -4963 1501 -4889 -2638 -7193 4145 -8437 2335 7458 -3904 -659 -749 -6853 7819 -4452 7313 -2947 3744 8127 -6044 -1928 -7097 6103 7436 -1549 5771 -10357 8872 -531 -1945 -7828 3510 -4562 -7689 -2035 -3377 -7971 -3673 4702 9751 -7749 -4094 4976 -6267
-1570 -3383 8601 1160 6775 -3718 -3471 3346 7626 85 -2886 -3281 -3574 6408 7086 -6782 -8193 -2988 -588 3107 -4963 1501 -4889 -2638 -7193 4145 -8437 2335 7458 -3904 -659 -749 -6853 7819 -4452 7313 -2947 3744 8127 -6044 -1928 -7097 6103 7436 -1549 5771 -10357 8872 -531 -1945 -7828 3510 -4562 -7689 -2035 -3377 -7971 -3673 4702 9751 -7749 -4094 4976 -6267
-1570 -3383 8601 1160 6775 -3718 -3471 3346 7626 85 -2886 -3281 -3574 6408 7086 -6782 -8193 -2988 -588 3107 -4963 1501 -4889 -2638 -7193 4145 -8437 2335 7458 -3904 -659 -749 -6853 7819 -4452 7313 -2947 3744 8127 -6044 -1928 -7097 6103 7436 -1549 5771 -10357 8872 -531 -1945 -7828 3510 -4562 -7689 -2035 -3377 -7971 -3673 4702 9751 -7749 -4094 4976 -6267
-1570 -3383 8601 1160 6775 -3718 -3471 3346 7626 85 -2886 -3281 -3574 6408 7086 -6782 -8193 -2988 -588 3107 -4963 1501 -4889 -2638 -7193 4145 -8437 2335 7458 -3904 -659 -749 -6853 7819 -4452 7313 -2947 3744 8127 -6044 -1928 -7097 6103 7436 -1549 5771 -10357 8872 -531 -1945 -7828 3510 -4562 -7689 -2035 -3377 -7971 -3673 4702 9751 -7749 -4094 4976 -6267
-4371 -3400 6417 2896 2916 -5637 -4060 1005 5781 -590 -4495 -5099 -4725 2704 5650 -7558 -9670 -2337 4517 2005 -2061 3092 -8826 -1906 -2968 37 -7395 5376 5936 -2111 3240 583 -8741 5494 -9834 8167 210 4488 10113 -2687 -5723 -3460 -173 6708 -2614 2945 -6113 5831 -4734 -2819 -9406 4157 -5117 -5714 -4224 -4273 -4346 -6517 1975 6143 -7509 -3820 4000 -2094
-6198 -980 12609 2321 4079 646 -2020 588 4449 -215 -2330 -3147 2465 5706 5412 -7648 -6758 -5887 2023 -1704 -2994 1706 -3168 2370 -5016 3898 -11488 3209 5677 -4704 1218 -3682 -5998 8782 -5598 11474 1635 1023 12698 -5712 674 -7749 6043 841 1048 5342 -6556 11850 1461 -6550 -8364 9289 -3915 -1753 -4285 -8079 -9927 -6074 -739 7138 -5827 372 1838 -2669
-1570 -3383 8601 1160 6775 -3718 -3471 3346 7626 85 -2886 -3281 -3574 6408 7086 -6782 -8193 -2988 -588 3107 -4963 1501 -4889 -2638 -7193 4145 -8437 2335 7458 -3904 -659 -749 -6853 7819 -4452 7313 -2947 3744 8127 -6044 -1928 -7097 6103 7436 -1549 5771 -10357 8872 -531 -1945 -7828 3510 -4562 -7689 -2035 -3377 -7971 -3673 4702 9751 -7749 -4094 4976 -6267
-1570 -3383 8601 1160 6775 -3718 -3471 3346 7626 85 -2886 -3281 -3574 6408 7086 -6782 -8193 -2988 -588 3107 -4963 1501 -4889 -2638 -7193 4145 -8437 2335 7458 -3904 -659 -749 -6853 7819 -4452 7313 -2947 3744 8127 -6044 -1928 -7097 6103 7436 -1549 5771 -10357 8872 -531 -1945 -7828 3510 -4562 -7689 -2035 -3377 -7971 -3673 4702 9751 -7748 -4094 4976 -6267
-1570 -3383 8601 1160 6775 -3718 -3471 3346 7626 85 -2886 -3281 -3574 6408 7086 -6782 -8193 -2988 -588 3107 -4963 1501 -4889 -2638 -7193 4145 -8437 2335 7458 -3904 -659 -749 -6853 7819 -4452 7313 -2947 3744 8127 -6044 -1928 -7097 6103 7436 -1549 5771 -10357 8872 -531 -1945 -7828 3510 -4562 -7689 -2035 -3377 -7971 -3673 4702 9751 -7748 -4094 4976 -6267
