-3759 -1127 8302 5804 203 -1343 -452 121 1240 1413 -2176 -4184 3001 -2725 -7 -6784 -2854 -2379 4142 2457 -1074 2692 -2993 3637 -4453 4304 -10321 6368 3825 -2629 2985 -162 -7933 7526 -4159 2346 -1914 1516 8358 -3550 -2269 -5261 2443 2962 3207 1140 -4316 5186 833 1010 -8360 5297 -360 -32 -2531 -4435 -3859 -2376 -1224 7531 -3968 921 5019 182
-646 -2030 7572 3703 5389 -3704 -3753 276 4279 -302 -2824 -3440 91 2373 3086 -6700 -5863 -1697 460 4324 -3402 656 -1967 422 -6009 2975 -8523 2685 4129 -2529 1462 1733 -4334 7043 -3616 1824 -4056 2922 5527 -6196 -806 -4523 4785 4836 1303 4423 -6932 5568 15 2609 -6111 2664 -1792 -4403 -677 -1116 -3845 1639 3244 10731 -4420 -1277 5066 -2321
-646 -2030 7572 3703 5389 -3704 -3753 276 4279 -302 -2824 -3440 91 2373 3086 -6700 -5863 -1697 460 4324 -3402 656 -1967 422 -6009 2975 -8523 2685 4129 -2529 1462 1733 -4334 7043 -3616 1824 -4056 2922 5527 -6196 -806 -4523 4785 4836 1303 4423 -6932 5568 15 2609 -6111 2664 -1792 -4403 -677 -1116 -3845 1639 3244 10731 -4420 -1277 5066 -2321
-646 -2030 7572 3703 5389 -3704 -3753 276 4279 -302 -2824 -3440 91 2373 3086 -6700 -5863 -1697 460 4324 -3402 656 -1967 422 -6009 2975 -8523 2685 4129 -2529 1462 1733 -4334 7043 -3616 1824 -4056 2922 5527 -6196 -806 -4523 4785 4836 1303 4423 -6932 5568 15 2609 -6111 2664 -1792 -4403 -677 -1116 -3845 1639 3244 10731 -4420 -1277 5066 -2321
-646 -2030 7572 3703 5389 -3704 -3753 276 4279 -302 -2824 -3440 91 2373 3086 -6700 -5863 -1697 460 4324 -3402 656 -1967 422 -6009 2975 -8523 2685 4129 -2529 1462 1733 -4334 7043 -3616 1824 -4056 2922 5527 -6196 -806 -4523 4785 4836 1303 4423 -6932 5568 15 2609 -6111 2664 -1792 -4403 -677 -1116 -3845 1639 3244 10731 -4420 -1277 5066 -2321
-646 -2030 7572 3703 5389 -3704 -3753 276 4279 -302 -2824 -3440 91 2373 3086 -6700 -5863 -1697 460 4324 -3402 656 -1967 422 -6009 2975 -8523 2685 4129 -2529 1462 1733 -4334 7043 -3616 1824 -4056 2922 5527 -6196 -806 -4523 4785 4836 1303 4423 -6932 5568 15 2609 -6111 2664 -1792 -4403 -677 -1116 -3845 1639 3244 10731 -4420 -1277 5066 -2321
-646 -2030 7572 3703 5389 -3704 -3753 276 4279 -302 -2824 -3440 91 2373 3086 -6700 -5863 -1697 460 4324 -3402 656 -1967 422 -6009 2975 -8523 2685 4129 -2529 1462 1733 -4334 7043 -3616 1824 -4056 2922 5527 -6196 -806 -4523 4785 4836 1303 4423 -6932 5568 15 2609 -6111 2664 -1792 -4403 -677 -1116 -3845 1639 3244 10731 -4420 -1277 5066 -2321
-646 -2030 7572 3703 5389 -3704 -3753 276 4279 -302 -2824 -3440 91 2373 3086 -6700 -5863 -1697 460 4324 -3402 656 -1967 422 -6009 2975 -8523 2685 4129 -2529 1462 1733 -4334 7043 -3616 1824 -4056 2922 5527 -6196 -806 -4523 4785 4836 1303 4423 -6932 5568 15 2609 -6111 2664 -1792 -4403 -677 -1116 -3845 1639 3244 10731 -4420 -1277 5066 -2321
-646 -2030 7572 3703 5389 -3704 -3753 276 4279 -302 -2824 -3440 91 2373 3086 -6700 -5863 -1697 460 4324 -3402 656 -1967 422 -6009 2975 -8523 2685 4129 -2529 1462 1733 -4334 7043 -3616 1824 -4056 2922 5527 -6196 -806 -4523 4785 4836 1303 4423 -6932 5568 15 2609 -6111 2664 -1792 -4403 -677 -1116 -3845 1639 3244 10731 -4420 -1277 5066 -2321
-441 -1789 8604 3656 4659 -2912 -2833 -400 3504 -568 -2044 -3384 110 1018 1476 -6074 -5533 -436 1181 5496 -2847 703 -2218 200 -6548 3077 -8673 3874 5366 -2370 1196 79 -5614 6082 -3340 1190 -4882 2726 4721 -6079 -2263 -4691 4464 5161 1907 4492 -6131 4185 -453 3752 -7012 2851 -1135 -4508 83 -519 -2675 866 2251 11683 -3037 -1437 5639 -3407
141 -3058 8035 4072 4097 -3306 -2273 275 3619 -581 -2602 -3817 169 718 1610 -6293 -5814 -1115 -644 4751 -3064 1152 -558 -58 -5593 5500 -9111 3636 4304 -2668 310 936 -5464 7080 -1650 2862 -5288 1973 4643 -4951 -1769 -5431 4954 5417 1563 3184 -6340 5899 2068 2171 -7024 2259 -780 -4316 251 -588 -5162 960 2521 10159 -4550 -888 5521 -2059
-646 -2030 7572 3703 5389 -3704 -3753 276 4279 -302 -2824 -3440 91 2373 3086 -6700 -5863 -1697 460 4324 -3402 656 -1967 422 -6009 2975 -8523 2685 4129 -2529 1462 1733 -4334 7043 -3616 1824 -4056 2922 5527 -6196 -806 -4523 4785 4836 1303 4423 -6932 5568 15 2609 -6111 2664 -1792 -4403 -677 -1116 -3845 1639 3244 10731 -4420 -1277 5066 -2321
-646 -2030 7572 3703 5389 -3704 -3753 276 4279 -302 -2824 -3440 91 2373 3086 -6700 -5863 -1697 460 4324 -3402 656 -1967 422 -6009 2975 -8523 2685 4129 -2529 1462 1733 -4334 7043 -3616 1824 -4056 2922 5527 -6196 -806 -4523 4785 4836 1303 4423 -6932 5568 15 2609 -6111 2664 -1792 -4403 -677 -1116 -3845 1639 3244 10731 -4420 -1277 5066 -2321
-646 -2030 7572 3703 5389 -3704 -3753 276 4279 -302 -2824 -3440 91 2373 3086 -6700 -5863 -1697 460 4324 -3402 656 -1967 422 -6009 2975 -8523 2685 4129 -2529 1462 1733 -4334 7043 -3616 1824 -4056 2922 5527 -6196 -806 -4523 4785 4836 1303 4423 -6932 5568 15 2609 -6111 2664 -1792 -4403 -677 -1116 -3845 1639 3244 10731 -4420 -1277 5066 -2321
-646 -2030 7572 3703 5389 -3704 -3753 276 4279 -302 -2824 -3440 91 2373 3086 -6700 -5863 -1697 460 4324 -3402 656 -1967 422 -6009 2975 -8523 2685 4129 -2529 1462 1733 -4334 7043 -3616 1824 -4056 2922 5527 -6197 -806 -4523 4785 4836 1303 4423 -6932 5568 15 2609 -6111 2664 -1792 -4403 -677 -1116 -3845 1639 3244 10731 -4420 -1277 5066 -2321
-646 -2030 7572 3703 5389 -3704 -3753 276 4279 -302 -2824 -3440 91 2373 3086 -6700 -5863 -1697 460 4324 -3402 656 -1967 422 -6009 2975 -8523 2685 4129 -2529 1462 1733 -4334 7043 -3616 1824 -4056 2922 5527 -6196 -806 -4523 4785 4836 1303 4423 -6932 5568 15 2609 -6111 2664 -1792 -4403 -677 -1116 -3845 1639 3244 10731 -4420 -1277 5066 -2321
-1694 -595 6737 4446 3792 -4178 -3077 -1244 1624 735 -3402 -2889 136 738 3266 -6915 -4675 -1522 3307 4868 -1976 331 -4495 1434 -5009 691 -10088 4559 4270 -1822 3985 830 -4266 6059 -6856 960 -2621 3324 7367 -5878 -1292 -2638 1921 5904 1900 4413 -5748 6083 -1345 2664 -7132 4963 -1730 -1549 -2189 -1721 -3039 -217 1325 9163 -4073 -1577 6798 -1137
-4169 258 7652 4528 2559 -1475 -899 -3253 1213 1671 -3116 -3057 2437 855 2651 -5597 -3794 -2885 5208 2000 -874 2513 -3820 2625 -3118 -1365 -11120 4700 2185 -2114 5579 -1409 -4475 6530 -6391 2487 -353 2952 9390 -5203 -1335 -3242 1274 2378 2273 4244 -4002 8308 -1763 -304 -7101 5764 -1330 919 -4749 -4101 -3179 -2887 -1554 7111 -4291 -539 4775 1824
-5081 351 7383 3863 2737 -278 -1345 -2760 1174 1359 -2692 -2674 4207 -273 2239 -6404 -4309 -2963 4709 731 -341 1827 -3818 3462 -2946 -1334 -9618 4537 2980 -2593 4790 23 -4008 6817 -8479 2919 175 1499 10818 -5557 -811 -2234 1938 1518 1744 3368 -1927 8158 -2049 -1413 -6157 5637 -1776 729 -4660 -5599 -3688 -1580 -1991 7554 -4288 356 3951 2094
-5418 -387 9137 3823 1482 -683 -595 -2774 692 908 -2012 -3162 3932 -2005 407 -4823 -4438 -1619 7015 2155 1274 2768 -5015 2306 -2617 -1458 -9611 6320 4067 -1233 5269 -1252 -6491 5538 -7007 2936 -269 2434 9228 -3911 -3538 -2263 990 2519 2592 2659 -819 5611 -1855 -174 -8531 4982 -1551 -917 -2946 -4825 -964 -2844 -3918 8823 -3150 -53 3736 1522
-3440 -1969 10560 2545 2751 -1813 -2075 -1368 3081 -487 -1435 -3381 3891 313 1452 -8482 -5379 -3299 -1232 2088 -3166 1422 -1334 3289 -4268 5621 -9653 1618 2710 -2948 1953 598 -5222 7995 -2302 3668 -2196 911 4898 -4599 1008 -5274 5445 1277 2851 4288 -5358 7572 3380 -89 -6504 5370 -2542 -2573 -1324 -3328 -6128 1838 -20 7932 -3900 1611 3282 -131
-646 -2030 7572 3703 5389 -3704 -3753 276 4279 -302 -2824 -3440 91 2373 3086 -6700 -5863 -1697 460 4324 -3402 656 -1967 422 -6009 2975 -8523 2685 4129 -2529 1462 1733 -4334 7043 -3616 1824 -4056 2922 5527 -6196 -806 -4523 4785 4836 1303 4423 -6932 5568 15 2609 -6111 2664 -1792 -4403 -677 -1116 -3845 1639 3244 10731 -4420 -1277 5066 -2321
-646 -2030 7572 3703 5389 -3704 -3753 276 4279 -302 -2824 -3440 91 2373 3086 -6700 -5863 -1697 460 4324 -3402 656 -1967 422 -6009 2975 -8523 2685 4129 -2529 1462 1733 -4334 7043 -3616 1824 -4056 2922 5527 -6196 -806 -4523 4785 4836 1303 4423 -6932 5568 15 2609 -6111 2664 -1792 -4403 -677 -1116 -3845 1639 3244 10731 -4420 -1277 5066 -2321
-646 -2030 7572 3703 5389 -3704 -3753 276 4279 -302 -2824 -3440 91 2373 3086 -6700 -5863 -1697 460 4324 -3402 656 -1967 422 -6009 2975 -8523 2685 4129 -2529 1462 1733 -4334 7043 -3616 1824 -4056 2922 5527 -6196 -806 -4523 4785 4836 1303 4423 -6932 5568 15 2609 -6111 2664 -1792 -4403 -677 -1116 -3845 1639 3244 10731 -4420 -1277 5066 -2321
-646 -2030 7572 3703 5389 -3704 -3753 276 4279 -302 -2824 -3440 91 2373 3086 -6700 -5863 -1697 460 4324 -3402 656 -1967 422 -6009 2975 -8523 2685 4129 -2529 1462 1733 -4334 7043 -3616 1824 -4056 2922 5527 -6196 -806 -4523 4785 4836 1303 4423 -6932 5568 15 2609 -6111 2664 -1792 -4403 -677 -1116 -3845 1639 3244 10731 -4420 -1277 5066 -2321
-646 -2030 7572 3703 5389 -3704 -3753 276 4279 -302 -2824 -3440 91 2373 3086 -6700 -5863 -1697 460 4324 -3402 656 -1967 422 -6009 2975 -8523 2685 4129 -2529 1462 1733 -4334 7043 -3616 1824 -4056 2922 5527 -6196 -806 -4523 4785 4836 1303 4423 -6932 5568 15 2609 -6111 2664 -1792 -4403 -677 -1116 -3845 1639 3244 10731 -4420 -1277 5066 -2321
-247 631 4183 7411 -644 -3064 -119 1489 573 1277 -2278 -3503 3138 -2746 3309 -6408 -2392 -810 2596 472 -557 -23 -2082 1098 -2995 4986 -9744 7876 4375 -2601 1138 646 -4377 8418 -6203 481 -3329 67 8697 -3693 -2745 -3522 1743 3974 1780 292 -2738 7119 -1460 2596 -8141 2496 1187 1389 -4266 -5816 -3967 -4000 182 7514 -7137 851 7511 115
-1390 -1985 8210 3614 5170 -3285 -3485 -268 3957 -523 -2773 -3392 655 2511 2829 -6771 -5891 -1804 643 4377 -3011 1254 -2205 1084 -6088 2496 -8922 2521 4200 -2922 2160 1569 -4686 7700 -3482 2210 -3478 2421 5467 -6121 -969 -4521 4465 4265 1564 4629 -7089 6048 -243 2199 -5744 2941 -2221 -4062 -498 -1097 -4160 1577 2792 10491 -4394 -1214 4498 -1823
-646 -2030 7572 3703 5389 -3704 -3753 276 4279 -302 -2824 -3440 91 2373 3086 -6700 -5863 -1697 460 4324 -3402 656 -1967 422 -6009 2975 -8523 2685 4129 -2529 1462 1733 -4334 7043 -3616 1824 -4056 2922 5527 -6196 -806 -4523 4785 4836 1303 4423 -6932 5568 15 2609 -6111 2664 -1792 -4403 -677 -1116 -3845 1639 3244 10731 -4420 -1277 5066 -2321
-646 -2030 7572 3703 5389 -3704 -3753 276 4279 -302 -2824 -3440 91 2373 3086 -6700 -5863 -1697 460 4324 -3402 656 -1967 422 -6009 2975 -8523 2685 4129 -2529 1462 1733 -4334 7043 -3616 1824 -4056 2922 5527 -6196 -806 -4523 4785 4836 1303 4423 -6932 5568 15 2609 -6111 2664 -1792 -4403 -677 -1116 -3845 1639 3244 10731 -4420 -1277 5066 -2321
-646 -2030 7572 3703 5389 -3704 -3753 276 4279 -302 -2824 -3440 91 2373 3086 -6700 -5863 -1697 460 4324 -3402 656 -1967 422 -6009 2975 -8523 2685 4129 -2529 1462 1733 -4334 7043 -3616 1824 -4056 2922 5527 -6196 -806 -4523 4785 4836 1303 4423 -6932 5568 15 2609 -6111 2664 -1792 -4403 -677 -1116 -3845 1639 3244 10731 -4420 -1277 5066 -2321
-646 -2030 7572 3703 5389 -3704 -3753 276 4279 -302 -2824 -3440 91 2373 3086 -6700 -5863 -1697 460 4324 -3402 656 -1967 422 -6009 2975 -8523 2685 4129 -2529 1462 1733 -4334 7043 -3616 1824 -4056 2922 5527 -6196 -806 -4523 4785 4836 1303 4423 -6932 5568 15 2609 -6111 2664 -1792 -4403 -677 -1116 -3845 1639 3244 10731 -4420 -1277 5066 -2321
-1455 -1709 8882 5504 3416 -3843 -2506 -267 3680 -1177 -3356 -4248 636 -981 290 -5200 -6825 948 3571 6144 -1376 2401 -3643 503 -4617 2205 -7626 6315 6061 -1303 2297 360 -8126 5773 -4402 2016 -3912 2254 4639 -3371 -5178 -3904 3240 4940 1500 2302 -3776 2200 -1269 2596 -8527 2371 -1462 -4215 1035 -371 -632 -121 1508 11793 -2697 -1379 4667 -2573
-3778 -1139 10349 3289 2882 -488 -1915 -1937 2780 598 -2293 -3014 4451 368 1214 -7367 -4761 -3771 427 683 -3214 1688 -1068 3712 -4020 4688 -10417 2431 1552 -2378 1811 -879 -4881 7155 -3064 4243 -1269 852 6851 -4781 1439 -5781 5197 226 2743 3971 -4647 8274 3146 -1107 -7342 6339 -1693 -1262 -2500 -4564 -5639 246 -1015 7218 -3491 1946 2772 -67
-646 -2030 7572 3703 5389 -3704 -3753 276 4279 -302 -2824 -3440 91 2373 3086 -6700 -5863 -1697 460 4324 -3402 656 -1967 422 -6009 2975 -8523 2685 4129 -2529 1462 1733 -4334 7043 -3616 1824 -4056 2922 5527 -6196 -806 -4523 4785 4836 1303 4423 -6932 5568 15 2609 -6111 2664 -1792 -4403 -677 -1116 -3845 1639 3244 10731 -4420 -1277 5066 -2321
-646 -2030 7572 3703 5389 -3704 -3753 276 4279 -302 -2824 -3440 91 2373 3086 -6700 -5863 -1697 460 4324 -3402 656 -1967 422 -6009 2975 -8523 2685 4129 -2529 1462 1733 -4334 7043 -3616 1824 -4056 2922 5527 -6196 -806 -4523 4785 4836 1303 4423 -6932 5568 15 2609 -6111 2664 -1792 -4403 -677 -1116 -3845 1639 3244 10731 -4420 -1277 5066 -2321
-646 -2030 7572 3703 5389 -3704 -3753 276 4279 -302 -2824 -3440 91 2373 3086 -6700 -5863 -1697 460 4324 -3402 656 -1967 422 -6009 2975 -8523 2685 4129 -2529 1462 1733 -4334 7043 -3616 1824 -4056 2922 5527 -6196 -806 -4523 4785 4836 1303 4423 -6932 5568 15 2609 -6111 2664 -1792 -4403 -677 -1116 -3845 1639 3244 10731 -4420 -1277 5066 -2321
-646 -2030 7572 3703 5389 -3704 -3753 276 4279 -302 -2824 -3440 91 2373 3086 -6700 -5863 -1697 460 4324 -3402 656 -1967 422 -6009 2975 -8523 2685 4129 -2529 1462 1733 -4334 7043 -3616 1824 -4056 2922 5527 -6196 -806 -4523 4785 4836 1303 4423 -6932 5568 15 2609 -6111 2664 -1792 -4403 -677 -1116 -3845 1639 3244 10731 -4420 -1277 5066 -2321
-493 -2252 8395 3560 5213 -3061 -3349 -286 3979 -425 -2242 -3479 34 1473 2229 -6332 -6075 -994 1252 4986 -2807 792 -2348 188 -6241 2823 -8687 3434 4701 -2216 1515 630 -5203 6231 -3644 1816 -4403 3249 5028 -6113 -1685 -4449 4173 5268 1553 4623 -6171 4741 -85 3257 -7069 2615 -1384 -5065 -35 -565 -2834 1296 2489 11190 -3510 -1656 5286 -2860
-137 -211 5636 5074 -423 -1391 -55 135 483 2379 -1900 -3062 4141 -2861 3059 -6687 -2384 -3723 1680 -2401 -1807 -738 489 1901 -2132 7038 -10698 6492 1610 -1364 -1061 -1904 -3484 6051 -3545 1467 -3281 1051 8657 -4276 1216 -5327 2477 3703 2839 2169 -2306 8353 3516 974 -9395 3567 2840 1187 -4358 -7255 -5661 -3941 -1616 5708 -5438 1791 6528 613
-774 -1956 7765 3710 5232 -3602 -3626 80 4202 -328 -2810 -3496 258 2481 3055 -6717 -5893 -1760 533 4352 -3303 877 -2012 620 -6031 2806 -8668 2696 4113 -2725 1690 1596 -4445 7238 -3447 1932 -3894 2823 5397 -6190 -850 -4611 4606 4667 1371 4593 -6995 5733 -120 2525 -6066 2741 -1889 -4266 -601 -1071 -3950 1523 3158 10652 -4419 -1309 4942 -2141
-646 -2030 7572 3703 5389 -3704 -3753 276 4279 -302 -2824 -3440 91 2373 3086 -6700 -5863 -1697 460 4324 -3402 656 -1967 422 -6009 2975 -8523 2685 4129 -2529 1462 1733 -4334 7043 -3616 1824 -4056 2922 5527 -6196 -806 -4523 4785 4836 1303 4423 -6932 5568 15 2609 -6111 2664 -1792 -4403 -677 -1116 -3845 1639 3244 10731 -4420 -1277 5066 -2321
-646 -2030 7572 3703 5389 -3704 -3753 276 4279 -302 -2824 -3440 91 2373 3086 -6700 -5863 -1697 460 4324 -3402 656 -1967 422 -6009 2975 -8523 2685 4129 -2529 1462 1733 -4334 7043 -3616 1824 -4056 2922 5527 -6196 -806 -4523 4785 4836 1303 4423 -6932 5568 15 2609 -6111 2664 -1792 -4403 -677 -1116 -3845 1639 3244 10731 -4420 -1277 5066 -2321
-646 -2030 7572 3703 5389 -3704 -3753 276 4279 -302 -2824 -3440 91 2373 3086 -6700 -5863 -1697 460 4324 -3402 656 -1967 422 -6009 2975 -8523 2685 4129 -2529 1462 1733 -4334 7043 -3616 1824 -4056 2922 5527 -6196 -806 -4523 4785 4836 1303 4423 -6932 5568 15 2609 -6111 2664 -1792 -4403 -677 -1116 -3845 1639 3244 10731 -4420 -1277 5066 -2321
-646 -2030 7572 3703 5389 -3704 -3753 276 4279 -302 -2824 -3440 91 2373 3086 -6700 -5863 -1697 460 4324 -3402 656 -1967 422 -6009 2975 -8523 2685 4129 -2529 1462 1733 -4334 7043 -3616 1824 -4056 2922 5527 -6196 -806 -4523 4785 4836 1303 4423 -6932 5568 15 2609 -6111 2664 -1792 -4403 -677 -1116 -3845 1639 3244 10731 -4420 -1277 5066 -2321
-2626 -1376 6792 5414 2855 -5333 -3354 -863 3158 -199 -3971 -4464 38 16 2989 -7427 -6433 -942 4490 4429 -850 2425 -4946 1517 -2365 284 -8066 5943 3871 -1034 4979 3111 -5949 6271 -8214 2631 -1663 4277 7452 -3871 -3399 -1395 962 4673 503 2230 -3582 4616 -2360 1475 -7768 3744 -2565 -2897 -1962 -2280 -1145 -73 1966 8893 -4476 -1012 5412 1440
-4034 -464 10010 3879 3601 -304 -2502 -1610 2149 280 -2467 -3339 4420 1489 1695 -6886 -4737 -3887 2033 572 -2311 1192 -1420 4060 -4696 2762 -10154 2891 2419 -3220 2512 -745 -4655 7583 -4243 3816 -1020 504 8428 -6204 1109 -4878 4724 -249 3024 4189 -4383 7198 1366 -958 -6258 5681 -1777 -734 -2319 -5212 -5506 -121 -747 8206 -3364 1367 2253 -11
-646 -2030 7572 3703 5389 -3704 -3753 276 4279 -302 -2824 -3440 91 2373 3086 -6700 -5863 -1697 460 4324 -3402 656 -1967 422 -6009 2975 -8523 2685 4129 -2529 1462 1733 -4334 7043 -3616 1824 -4056 2922 5527 -6196 -806 -4523 4785 4836 1303 4423 -6932 5568 15 2609 -6111 2664 -1792 -4403 -677 -1116 -3845 1639 3244 10731 -4420 -1277 5066 -2321
-646 -2030 7572 3703 5389 -3704 -3753 276 4279 -302 -2824 -3440 91 2373 3086 -6700 -5863 -1697 460 4324 -3402 656 -1967 422 -6009 2975 -8523 2685 4129 -2529 1462 1733 -4334 7043 -3616 1824 -4056 2922 5527 -6196 -806 -4523 4785 4836 1303 4423 -6932 5568 15 2609 -6111 2664 -1792 -4403 -677 -1116 -3845 1639 3244 10731 -4420 -1277 5066 -2321
-646 -2030 7572 3703 5389 -3704 -3753 276 4279 -302 -2824 -3440 91 2373 3086 -6700 -5863 -1697 460 4324 -3402 656 -1967 422 -6009 2975 -8523 2685 4129 -2529 1462 1733 -4334 7043 -3616 1824 -4056 2922 5527 -6196 -806 -4523 4785 4836 1303 4423 -6932 5568 15 2609 -6111 2664 -1792 -4403 -677 -1116 -3845 1639 3244 10731 -4420 -1277 5066 -2321
