84 83 83 83 83 83 83 83 83 84 96 83 83 83 83 83 71 66 65 65 86 83 83 83 83 83 74 79 83 83 83 83 80 89 83 83 83 83 85 105 82 83 83 83 83 71 81 83 83 83
91 81 81 81 81 81 81 81 81 81 97 81 81 81 81 81 71 70 72 71 102 81 81 81 81 81 75 79 81 81 81 81 79 105 81 81 81 81 82 115 80 81 81 81 81 72 91 81 81 81
91 81 81 81 81 81 81 81 81 81 97 81 81 81 81 81 71 70 72 71 102 81 81 81 81 81 75 79 81 81 81 81 79 105 81 81 81 81 82 115 80 81 81 81 81 72 91 81 81 81
91 81 81 81 81 81 81 81 81 81 97 81 81 81 81 81 71 70 72 71 102 81 81 81 81 81 75 79 81 81 81 81 79 105 81 81 81 81 82 115 80 81 81 81 81 72 91 81 81 81
91 81 81 81 81 81 81 81 81 81 97 81 81 81 81 81 71 70 72 71 102 81 81 81 81 81 75 79 81 81 81 81 79 105 81 81 81 81 82 115 80 81 81 81 81 72 91 81 81 81
91 81 81 81 81 81 81 81 81 81 97 81 81 81 81 81 71 70 72 71 102 81 81 81 81 81 75 79 81 81 81 81 79 105 81 81 81 81 82 115 80 81 81 81 81 72 91 81 81 81
91 81 81 81 81 81 81 81 81 81 97 81 81 81 81 81 71 70 72 71 102 81 81 81 81 81 75 79 81 81 81 81 79 105 81 81 81 81 82 115 80 81 81 81 81 72 91 81 81 81
91 81 81 81 81 81 81 81 81 81 97 81 81 81 81 81 71 70 72 71 102 81 81 81 81 81 75 79 81 81 81 81 79 105 81 81 81 81 82 115 80 81 81 81 81 72 91 81 81 81
91 81 81 81 81 81 81 81 81 81 97 81 81 81 81 81 71 70 72 71 102 81 81 81 81 81 75 79 81 81 81 81 79 105 81 81 81 81 82 115 80 81 81 81 81 72 91 81 81 81
91 81 81 81 81 81 81 81 81 81 96 81 81 81 81 81 72 71 73 74 102 81 81 81 81 81 72 79 81 81 81 81 82 104 81 81 81 81 83 111 80 81 81 81 81 75 90 81 81 81
97 79 79 79 79 79 79 79 79 79 96 79 79 79 79 79 71 75 77 75 107 79 79 79 79 79 78 78 79 79 79 79 79 114 79 79 79 79 80 124 79 79 79 79 79 74 98 79 79 79
91 81 81 81 81 81 81 81 81 81 97 81 81 81 81 81 71 70 72 71 102 81 81 81 81 81 75 79 81 81 81 81 79 105 81 81 81 81 82 115 80 81 81 81 81 72 91 81 81 81
91 81 81 81 81 81 81 81 81 81 97 81 81 81 81 81 71 70 72 71 102 81 81 81 81 81 75 79 81 81 81 81 79 105 81 81 81 81 82 115 80 81 81 81 81 72 91 81 81 81
91 81 81 81 81 81 81 81 81 81 97 81 81 81 81 81 71 70 72 71 102 81 81 81 81 81 75 79 81 81 81 81 79 105 81 81 81 81 82 115 80 81 81 81 81 72 91 81 81 81
91 81 81 81 81 81 81 81 81 81 97 81 81 81 81 81 71 70 72 71 102 81 81 81 81 81 75 79 81 81 81 81 79 105 81 81 81 81 82 115 80 81 81 81 81 72 91 81 81 81
91 81 81 81 81 81 81 81 81 81 97 81 81 81 81 81 71 70 72 71 102 81 81 81 81 81 75 79 81 81 81 81 79 105 81 81 81 81 82 115 80 81 81 81 81 72 91 81 81 81
83 82 82 82 82 82 82 82 82 85 97 82 82 82 82 82 71 66 67 70 95 82 82 82 82 82 65 80 82 82 82 82 83 94 82 82 82 82 87 96 82 82 82 82 82 74 82 82 82 82
80 84 84 84 84 84 84 84 84 87 98 84 84 84 84 84 70 62 61 65 86 84 84 84 84 84 66 80 84 84 84 84 84 85 84 84 84 84 88 93 83 84 84 84 84 72 76 84 84 84
77 85 85 85 85 85 85 85 85 88 100 85 85 85 85 85 68 58 57 59 83 85 85 85 85 85 68 80 85 85 85 85 82 81 85 85 85 85 88 92 83 85 85 85 85 68 74 85 85 85
74 85 85 85 85 85 85 85 85 91 99 85 85 85 85 85 70 58 55 61 77 85 85 85 85 85 64 81 85 85 85 85 90 73 85 85 85 85 91 81 84 85 85 85 85 73 68 85 85 85
94 81 81 81 81 81 81 81 81 82 101 81 81 81 81 81 69 67 66 65 96 81 81 81 81 81 88 78 81 81 81 81 77 100 81 81 81 81 82 129 80 81 81 81 81 67 88 81 81 81
91 81 81 81 81 81 81 81 81 81 97 81 81 81 81 81 71 70 72 71 102 81 81 81 81 81 75 79 81 81 81 81 79 105 81 81 81 81 82 115 80 81 81 81 81 72 91 81 81 81
91 81 81 81 81 81 81 81 81 81 97 81 81 81 81 81 71 70 72 71 102 81 81 81 81 81 75 79 81 81 81 81 79 105 81 81 81 81 82 115 80 81 81 81 81 72 91 81 81 81
91 81 81 81 81 81 81 81 81 81 97 81 81 81 81 81 71 70 72 71 102 81 81 81 81 81 75 79 81 81 81 81 79 105 81 81 81 81 82 115 80 81 81 81 81 72 91 81 81 81
91 81 81 81 81 81 81 81 81 81 97 81 81 81 81 81 71 70 72 71 102 81 81 81 81 81 75 79 81 81 81 81 79 105 81 81 81 81 82 115 80 81 81 81 81 72 91 81 81 81
91 81 81 81 81 81 81 81 81 81 97 81 81 81 81 81 71 70 72 71 102 81 81 81 81 81 75 79 81 81 81 81 79 105 81 81 81 81 82 115 80 81 81 81 81 72 91 81 81 81
78 84 84 84 84 84 84 84 84 83 97 84 84 84 84 84 67 62 63 63 92 84 84 84 84 84 65 80 84 84 84 84 79 93 84 84 84 84 85 96 83 84 84 84 84 69 84 84 84 84
91 81 81 81 81 81 81 81 81 81 98 81 81 81 81 81 71 70 70 70 101 81 81 81 81 81 76 79 81 81 81 81 79 103 81 81 81 81 83 116 80 81 81 81 81 72 89 81 81 81
91 81 81 81 81 81 81 81 81 81 97 81 81 81 81 81 71 70 72 71 102 81 81 81 81 81 75 79 81 81 81 81 79 105 81 81 81 81 82 115 80 81 81 81 81 72 91 81 81 81
91 81 81 81 81 81 81 81 81 81 97 81 81 81 81 81 71 70 72 71 102 81 81 81 81 81 75 79 81 81 81 81 79 105 81 81 81 81 82 115 80 81 81 81 81 72 91 81 81 81
91 81 81 81 81 81 81 81 81 81 97 81 81 81 81 81 71 70 72 71 102 81 81 81 81 81 75 79 81 81 81 81 79 105 81 81 81 81 82 115 80 81 81 81 81 72 91 81 81 81
91 81 81 81 81 81 81 81 81 81 97 81 81 81 81 81 71 70 72 71 102 81 81 81 81 81 75 79 81 81 81 81 79 105 81 81 81 81 82 115 80 81 81 81 81 72 91 81 81 81
83 82 82 82 82 82 82 82 82 85 96 82 82 82 82 82 72 67 67 70 90 82 82 82 82 82 70 80 82 82 82 82 88 90 82 82 82 82 86 95 82 82 82 82 82 78 80 82 82 82
90 82 82 82 82 82 82 82 82 84 100 82 82 82 82 82 69 65 64 63 91 82 82 82 82 82 84 78 82 82 82 82 79 94 82 82 82 82 83 120 81 82 82 82 82 66 84 82 82 82
91 81 81 81 81 81 81 81 81 81 97 81 81 81 81 81 71 70 72 71 102 81 81 81 81 81 75 79 81 81 81 81 79 105 81 81 81 81 82 115 80 81 81 81 81 72 91 81 81 81
91 81 81 81 81 81 81 81 81 81 97 81 81 81 81 81 71 70 72 71 102 81 81 81 81 81 75 79 81 81 81 81 79 105 81 81 81 81 82 115 80 81 81 81 81 72 91 81 81 81
91 81 81 81 81 81 81 81 81 81 97 81 81 81 81 81 71 70 72 71 102 81 81 81 81 81 75 79 81 81 81 81 79 105 81 81 81 81 82 115 80 81 81 81 81 72 91 81 81 81
91 81 81 81 81 81 81 81 81 81 97 81 81 81 81 81 71 70 72 71 102 81 81 81 81 81 75 79 81 81 81 81 79 105 81 81 81 81 82 115 80 81 81 81 81 72 91 81 81 81
91 81 81 81 81 81 81 81 81 82 97 81 81 81 81 81 72 71 72 73 101 81 81 81 81 81 72 79 81 81 81 81 82 103 81 81 81 81 83 110 80 81 81 81 81 75 89 81 81 81
85 82 82 82 82 82 82 82 82 81 96 82 82 82 82 82 67 66 68 67 95 82 82 82 82 82 71 80 82 82 82 82 79 98 82 82 82 82 83 104 82 82 82 82 82 69 90 82 82 82
91 81 81 81 81 81 81 81 81 81 97 81 81 81 81 81 71 70 71 70 102 81 81 81 81 81 75 79 81 81 81 81 79 105 81 81 81 81 82 115 80 81 81 81 81 72 91 81 81 81
91 81 81 81 81 81 81 81 81 81 97 81 81 81 81 81 71 70 72 71 102 81 81 81 81 81 75 79 81 81 81 81 79 105 81 81 81 81 82 115 80 81 81 81 81 72 91 81 81 81
91 81 81 81 81 81 81 81 81 81 97 81 81 81 81 81 71 70 72 71 102 81 81 81 81 81 75 79 81 81 81 81 79 105 81 81 81 81 82 115 80 81 81 81 81 72 91 81 81 81
91 81 81 81 81 81 81 81 81 81 97 81 81 81 81 81 71 70 72 71 102 81 81 81 81 81 75 79 81 81 81 81 79 105 81 81 81 81 82 115 80 81 81 81 81 72 91 81 81 81
91 81 81 81 81 81 81 81 81 81 97 81 81 81 81 81 71 70 72 71 102 81 81 81 81 81 75 79 81 81 81 81 79 105 81 81 81 81 82 115 80 81 81 81 81 72 91 81 81 81
80 83 83 83 83 83 83 83 83 87 98 83 83 83 83 83 70 63 61 66 87 83 83 83 83 83 67 80 83 83 83 83 86 85 83 83 83 83 88 89 83 83 83 83 83 75 76 83 83 83
86 83 83 83 83 83 83 83 83 85 101 83 83 83 83 83 68 62 61 61 89 83 83 83 83 83 80 79 83 83 83 83 79 90 83 83 83 83 85 113 82 83 83 83 83 65 81 83 83 83
91 81 81 81 81 81 81 81 81 81 97 81 81 81 81 81 71 70 72 71 102 81 81 81 81 81 75 79 81 81 81 81 79 105 81 81 81 81 82 115 80 81 81 81 81 72 91 81 81 81
91 81 81 81 81 81 81 81 81 81 97 81 81 81 81 81 71 70 72 71 102 81 81 81 81 81 75 79 81 81 81 81 79 105 81 81 81 81 82 115 80 81 81 81 81 72 91 81 81 81
91 81 81 81 81 81 81 81 81 81 97 81 81 81 81 81 71 70 72 71 102 81 81 81 81 81 75 79 81 81 81 81 79 105 81 81 81 81 82 115 80 81 81 81 81 72 91 81 81 81
