84 82 82 82 82 82 82 82 82 83 89 82 82 82 82 82 76 79 75 82 94 82 82 82 82 82 67 85 82 82 82 82 93 92 82 82 82 82 83 68 83 82 82 82 82 81 85 82 82 82
81 81 81 81 81 81 81 81 81 82 86 81 81 81 81 81 77 84 78 88 96 81 81 81 81 81 62 85 81 81 81 81 92 97 81 81 81 81 84 70 82 81 81 81 81 83 89 81 81 81
81 81 81 81 81 81 81 81 81 82 86 81 81 81 81 81 77 84 78 88 96 81 81 81 81 81 62 85 81 81 81 81 92 97 81 81 81 81 84 70 82 81 81 81 81 83 89 81 81 81
81 81 81 81 81 81 81 81 81 82 86 81 81 81 81 81 77 84 78 88 96 81 81 81 81 81 62 85 81 81 81 81 92 97 81 81 81 81 84 70 82 81 81 81 81 83 89 81 81 81
81 81 81 81 81 81 81 81 81 82 86 81 81 81 81 81 77 84 78 88 96 81 81 81 81 81 62 85 81 81 81 81 92 97 81 81 81 81 84 70 82 81 81 81 81 83 89 81 81 81
81 81 81 81 81 81 81 81 81 82 86 81 81 81 81 81 77 84 78 88 96 81 81 81 81 81 62 85 81 81 81 81 92 97 81 81 81 81 84 70 82 81 81 81 81 83 89 81 81 81
81 81 81 81 81 81 81 81 81 82 86 81 81 81 81 81 77 84 78 88 96 81 81 81 81 81 62 85 81 81 81 81 92 97 81 81 81 81 84 70 82 81 81 81 81 83 89 81 81 81
81 81 81 81 81 81 81 81 81 82 86 81 81 81 81 81 77 84 78 88 96 81 81 81 81 81 62 85 81 81 81 81 92 97 81 81 81 81 84 70 82 81 81 81 81 83 89 81 81 81
81 81 81 81 81 81 81 81 81 82 86 81 81 81 81 81 77 84 78 88 96 81 81 81 81 81 62 85 81 81 81 81 92 97 81 81 81 81 84 70 82 81 81 81 81 83 89 81 81 81
85 81 81 81 81 81 81 81 81 84 87 81 81 81 81 81 77 84 78 91 96 81 81 81 81 81 64 85 81 81 81 81 97 96 81 81 81 81 85 69 82 81 81 81 81 84 89 81 81 81
83 81 81 81 81 81 81 81 81 84 88 81 81 81 81 81 75 81 75 89 98 81 81 81 81 81 64 84 81 81 81 81 95 98 81 81 81 81 85 73 82 81 81 81 81 82 88 81 81 81
81 81 81 81 81 81 81 81 81 82 86 81 81 81 81 81 77 84 78 88 96 81 81 81 81 81 62 85 81 81 81 81 92 97 81 81 81 81 84 70 82 81 81 81 81 83 89 81 81 81
81 81 81 81 81 81 81 81 81 82 86 81 81 81 81 81 77 84 78 88 96 81 81 81 81 81 62 85 81 81 81 81 92 97 81 81 81 81 84 70 82 81 81 81 81 83 89 81 81 81
81 81 81 81 81 81 81 81 81 82 86 81 81 81 81 81 77 84 78 88 96 81 81 81 81 81 62 85 81 81 81 81 92 97 81 81 81 81 84 70 82 81 81 81 81 83 89 81 81 81
81 81 81 81 81 81 81 81 81 82 86 81 81 81 81 81 77 84 78 88 96 81 81 81 81 81 62 85 81 81 81 81 92 97 81 81 81 81 84 70 82 81 81 81 81 83 89 81 81 81
81 81 81 81 81 81 81 81 81 82 86 81 81 81 81 81 77 84 78 88 96 81 81 81 81 81 62 85 81 81 81 81 92 97 81 81 81 81 84 70 82 81 81 81 81 83 89 81 81 81
81 82 82 82 82 82 82 82 82 84 88 82 82 82 82 82 79 80 75 83 91 82 82 82 82 82 64 85 82 82 82 82 95 90 82 82 82 82 84 65 83 82 82 82 82 85 83 82 82 82
81 83 83 83 83 83 83 83 83 84 89 83 83 83 83 83 79 75 71 74 90 83 83 83 83 83 63 86 83 83 83 83 92 86 83 83 83 83 84 60 84 83 83 83 83 82 81 83 83 83
82 82 82 82 82 82 82 82 82 83 88 82 82 82 82 82 81 79 75 77 91 82 82 82 82 82 64 86 82 82 82 82 90 89 82 82 82 82 84 61 83 82 82 82 82 82 82 82 82 82
85 82 82 82 82 82 82 82 82 86 89 82 82 82 82 82 81 79 74 79 90 82 82 82 82 82 65 86 82 82 82 82 95 86 82 82 82 82 85 60 83 82 82 82 82 83 81 82 82 82
82 81 81 81 81 81 81 81 81 81 87 81 81 81 81 81 78 86 82 88 99 81 81 81 81 81 65 83 81 81 81 81 84 101 81 81 81 81 82 77 82 81 81 81 81 78 89 81 81 81
81 81 81 81 81 81 81 81 81 82 86 81 81 81 81 81 77 84 78 88 96 81 81 81 81 81 62 85 81 81 81 81 92 97 81 81 81 81 84 70 82 81 81 81 81 83 89 81 81 81
81 81 81 81 81 81 81 81 81 82 86 81 81 81 81 81 77 84 78 88 96 81 81 81 81 81 62 85 81 81 81 81 92 97 81 81 81 81 84 70 82 81 81 81 81 83 89 81 81 81
81 81 81 81 81 81 81 81 81 82 86 81 81 81 81 81 77 84 78 88 96 81 81 81 81 81 62 85 81 81 81 81 92 97 81 81 81 81 84 70 82 81 81 81 81 83 89 81 81 81
81 81 81 81 81 81 81 81 81 82 86 81 81 81 81 81 77 84 78 88 96 81 81 81 81 81 62 85 81 81 81 81 92 97 81 81 81 81 84 70 82 81 81 81 81 83 89 81 81 81
81 81 81 81 81 81 81 81 81 82 86 81 81 81 81 81 77 84 78 88 96 81 81 81 81 81 62 85 81 81 81 81 92 97 81 81 81 81 84 70 82 81 81 81 81 83 89 81 81 81
95 80 80 80 80 80 80 80 80 83 89 80 80 80 80 80 77 84 81 94 98 80 80 80 80 80 74 83 80 80 80 80 98 97 80 80 80 80 83 80 80 80 80 80 80 86 91 80 80 80
80 82 82 82 82 82 82 82 82 82 86 82 82 82 82 82 77 83 78 86 96 82 82 82 82 82 61 85 82 82 82 82 89 97 82 82 82 82 84 69 83 82 82 82 82 81 88 82 82 82
81 81 81 81 81 81 81 81 81 82 86 81 81 81 81 81 77 84 78 88 96 81 81 81 81 81 62 85 81 81 81 81 92 97 81 81 81 81 84 70 82 81 81 81 81 83 89 81 81 81
81 81 81 81 81 81 81 81 81 82 86 81 81 81 81 81 77 84 78 88 96 81 81 81 81 81 62 85 81 81 81 81 92 97 81 81 81 81 84 70 82 81 81 81 81 83 89 81 81 81
81 81 81 81 81 81 81 81 81 82 86 81 81 81 81 81 77 84 78 88 96 81 81 81 81 81 62 85 81 81 81 81 92 97 81 81 81 81 84 70 82 81 81 81 81 83 89 81 81 81
81 81 81 81 81 81 81 81 81 82 86 81 81 81 81 81 77 84 78 88 96 81 81 81 81 81 62 85 81 81 81 81 92 97 81 81 81 81 84 70 82 81 81 81 81 83 89 81 81 81
85 81 81 81 81 81 81 81 81 86 88 81 81 81 81 81 78 81 76 88 92 81 81 81 81 81 65 85 81 81 81 81 99 91 81 81 81 81 86 66 82 81 81 81 81 84 84 81 81 81
82 82 82 82 82 82 82 82 82 82 87 82 82 82 82 82 79 82 78 82 95 82 82 82 82 82 65 84 82 82 82 82 87 96 82 82 82 82 83 71 82 82 82 82 82 80 86 82 82 82
81 81 81 81 81 81 81 81 81 82 86 81 81 81 81 81 77 84 78 88 96 81 81 81 81 81 62 85 81 81 81 81 92 97 81 81 81 81 84 70 82 81 81 81 81 83 89 81 81 81
81 81 81 81 81 81 81 81 81 82 86 81 81 81 81 81 77 84 78 88 96 81 81 81 81 81 62 85 81 81 81 81 92 97 81 81 81 81 84 70 82 81 81 81 81 83 89 81 81 81
81 81 81 81 81 81 81 81 81 82 86 81 81 81 81 81 77 84 78 88 96 81 81 81 81 81 62 85 81 81 81 81 92 97 81 81 81 81 84 70 82 81 81 81 81 83 89 81 81 81
81 81 81 81 81 81 81 81 81 82 86 81 81 81 81 81 77 84 78 88 96 81 81 81 81 81 62 85 81 81 81 81 92 97 81 81 81 81 84 70 82 81 81 81 81 83 89 81 81 81
82 81 81 81 81 81 81 81 81 84 87 81 81 81 81 81 77 82 77 88 95 81 81 81 81 81 62 85 81 81 81 81 95 95 81 81 81 81 85 68 82 81 81 81 81 83 87 81 81 81
92 80 80 80 80 80 80 80 80 83 89 80 80 80 80 80 78 83 80 93 98 80 80 80 80 80 73 82 80 80 80 80 98 97 80 80 80 80 83 79 80 80 80 80 80 87 89 80 80 80
81 81 81 81 81 81 81 81 81 82 87 81 81 81 81 81 76 83 78 87 96 81 81 81 81 81 62 85 81 81 81 81 91 97 81 81 81 81 84 70 82 81 81 81 81 82 88 81 81 81
81 81 81 81 81 81 81 81 81 82 86 81 81 81 81 81 77 84 78 88 96 81 81 81 81 81 62 85 81 81 81 81 92 97 81 81 81 81 84 70 82 81 81 81 81 83 89 81 81 81
81 81 81 81 81 81 81 81 81 82 86 81 81 81 81 81 77 84 78 88 96 81 81 81 81 81 62 85 81 81 81 81 92 97 81 81 81 81 84 70 82 81 81 81 81 83 89 81 81 81
81 81 81 81 81 81 81 81 81 82 86 81 81 81 81 81 77 84 78 88 96 81 81 81 81 81 62 85 81 81 81 81 92 97 81 81 81 81 84 70 82 81 81 81 81 83 89 81 81 81
81 81 81 81 81 81 81 81 81 82 86 81 81 81 81 81 77 84 78 88 96 81 81 81 81 81 62 85 81 81 81 81 92 97 81 81 81 81 84 70 82 81 81 81 81 83 89 81 81 81
81 82 82 82 82 82 82 82 82 85 90 82 82 82 82 82 79 78 72 80 91 82 82 82 82 82 64 85 82 82 82 82 94 88 82 82 82 82 85 65 83 82 82 82 82 83 80 82 82 82
80 82 82 82 82 82 82 82 82 81 87 82 82 82 82 82 79 82 78 79 94 82 82 82 82 82 62 86 82 82 82 82 85 94 82 82 82 82 82 65 83 82 82 82 82 79 86 82 82 82
81 81 81 81 81 81 81 81 81 82 86 81 81 81 81 81 77 84 78 88 96 81 81 81 81 81 62 85 81 81 81 81 92 97 81 81 81 81 84 70 82 81 81 81 81 83 89 81 81 81
81 81 81 81 81 81 81 81 81 82 86 81 81 81 81 81 77 84 78 88 96 81 81 81 81 81 62 85 81 81 81 81 92 97 81 81 81 81 84 70 82 81 81 81 81 83 89 81 81 81
81 81 81 81 81 81 81 81 81 82 86 81 81 81 81 81 77 84 78 88 96 81 81 81 81 81 62 85 81 81 81 81 92 97 81 81 81 81 84 70 82 81 81 81 81 83 89 81 81 81
