66 87 87 87 87 87 87 87 87 84 79 87 87 87 87 87 82 64 56 60 77 87 87 87 87 87 52 87 87 87 87 87 79 69 87 87 87 87 88 53 88 87 87 87 87 83 67 87 87 87
71 86 86 86 86 86 86 86 86 91 88 86 86 86 86 86 78 61 53 64 75 86 86 86 86 86 57 85 86 86 86 86 91 69 86 86 86 86 92 57 86 86 86 86 86 76 65 86 86 86
71 86 86 86 86 86 86 86 86 91 88 86 86 86 86 86 78 61 53 64 75 86 86 86 86 86 57 85 86 86 86 86 91 69 86 86 86 86 92 57 86 86 86 86 86 76 65 86 86 86
71 86 86 86 86 86 86 86 86 91 88 86 86 86 86 86 78 61 53 64 75 86 86 86 86 86 57 85 86 86 86 86 91 69 86 86 86 86 92 57 86 86 86 86 86 76 65 86 86 86
71 86 86 86 86 86 86 86 86 91 88 86 86 86 86 86 78 61 53 64 75 86 86 86 86 86 57 85 86 86 86 86 91 69 86 86 86 86 92 57 86 86 86 86 86 76 65 86 86 86
71 86 86 86 86 86 86 86 86 91 88 86 86 86 86 86 78 61 53 64 75 86 86 86 86 86 57 85 86 86 86 86 91 69 86 86 86 86 92 57 86 86 86 86 86 76 65 86 86 86
71 86 86 86 86 86 86 86 86 91 88 86 86 86 86 86 78 61 53 64 75 86 86 86 86 86 57 85 86 86 86 86 91 69 86 86 86 86 92 57 86 86 86 86 86 76 65 86 86 86
71 86 86 86 86 86 86 86 86 91 88 86 86 86 86 86 78 61 53 64 75 86 86 86 86 86 57 85 86 86 86 86 91 69 86 86 86 86 92 57 86 86 86 86 86 76 65 86 86 86
71 86 86 86 86 86 86 86 86 91 88 86 86 86 86 86 78 61 53 64 75 86 86 86 86 86 57 85 86 86 86 86 91 69 86 86 86 86 92 57 86 86 86 86 86 76 65 86 86 86
72 86 86 86 86 86 86 86 86 91 86 86 86 86 86 86 79 63 54 66 73 86 86 86 86 86 57 85 86 86 86 86 94 67 86 86 86 86 92 55 86 86 86 86 86 78 65 86 86 86
72 86 86 86 86 86 86 86 86 89 84 86 86 86 86 86 80 63 56 66 74 86 86 86 86 86 59 86 86 86 86 86 91 68 86 86 86 86 90 57 86 86 86 86 86 80 66 86 86 86
71 86 86 86 86 86 86 86 86 91 88 86 86 86 86 86 78 61 53 64 75 86 86 86 86 86 57 85 86 86 86 86 91 69 86 86 86 86 92 57 86 86 86 86 86 76 65 86 86 86
71 86 86 86 86 86 86 86 86 91 88 86 86 86 86 86 78 61 53 64 75 86 86 86 86 86 57 85 86 86 86 86 91 69 86 86 86 86 92 57 86 86 86 86 86 76 65 86 86 86
71 86 86 86 86 86 86 86 86 91 88 86 86 86 86 86 78 61 53 64 75 86 86 86 86 86 57 85 86 86 86 86 91 69 86 86 86 86 92 57 86 86 86 86 86 76 65 86 86 86
71 86 86 86 86 86 86 86 86 91 88 86 86 86 86 86 78 61 53 64 75 86 86 86 86 86 57 85 86 86 86 86 91 69 86 86 86 86 92 57 86 86 86 86 86 76 65 86 86 86
71 86 86 86 86 86 86 86 86 91 88 86 86 86 86 86 78 61 53 64 75 86 86 86 86 86 57 85 86 86 86 86 91 69 86 86 86 86 92 57 86 86 86 86 86 76 65 86 86 86
70 86 86 86 86 86 86 86 86 88 87 86 86 86 86 86 77 62 54 62 79 86 86 86 86 86 56 85 86 86 86 86 84 72 86 86 86 86 90 60 86 86 86 86 86 75 68 86 86 86
64 87 87 87 87 87 87 87 87 85 86 87 87 87 87 87 75 60 50 53 82 87 87 87 87 87 51 86 87 87 87 87 75 73 87 87 87 87 88 58 88 87 87 87 87 73 68 87 87 87
60 88 88 88 88 88 88 88 88 84 84 88 88 88 88 88 75 59 50 50 84 88 88 88 88 88 48 87 88 88 88 88 71 74 88 88 88 88 88 55 88 88 88 88 88 72 69 88 88 88
58 88 88 88 88 88 88 88 88 84 82 88 88 88 88 88 76 58 49 50 80 88 88 88 88 88 45 88 88 88 88 88 72 69 88 88 88 88 89 50 89 88 88 88 88 76 66 88 88 88
69 86 86 86 86 86 86 86 86 86 81 86 86 86 86 86 78 64 57 64 79 86 86 86 86 86 55 86 86 86 86 86 85 72 86 86 86 86 89 57 87 86 86 86 86 81 71 86 86 86
71 86 86 86 86 86 86 86 86 91 88 86 86 86 86 86 78 61 53 64 75 86 86 86 86 86 57 85 86 86 86 86 91 69 86 86 86 86 92 57 86 86 86 86 86 76 65 86 86 86
71 86 86 86 86 86 86 86 86 91 88 86 86 86 86 86 78 61 53 64 75 86 86 86 86 86 57 85 86 86 86 86 91 69 86 86 86 86 92 57 86 86 86 86 86 76 65 86 86 86
71 86 86 86 86 86 86 86 86 91 88 86 86 86 86 86 78 61 53 64 75 86 86 86 86 86 57 85 86 86 86 86 91 69 86 86 86 86 92 57 86 86 86 86 86 76 65 86 86 86
71 86 86 86 86 86 86 86 86 91 88 86 86 86 86 86 78 61 53 64 75 86 86 86 86 86 57 85 86 86 86 86 91 69 86 86 86 86 92 57 86 86 86 86 86 76 65 86 86 86
71 86 86 86 86 86 86 86 86 91 88 86 86 86 86 86 78 61 53 64 75 86 86 86 86 86 57 85 86 86 86 86 91 69 86 86 86 86 92 57 86 86 86 86 86 76 65 86 86 86
68 87 87 87 87 87 87 87 87 82 81 87 87 87 87 87 83 65 56 57 78 87 87 87 87 87 56 87 87 87 87 87 74 71 87 87 87 87 86 57 87 87 87 87 87 79 66 87 87 87
70 86 86 86 86 86 86 86 86 90 87 86 86 86 86 86 77 60 52 63 76 86 86 86 86 86 55 86 86 86 86 86 90 69 86 86 86 86 91 56 87 86 86 86 86 76 66 86 86 86
71 86 86 86 86 86 86 86 86 91 88 86 86 86 86 86 78 61 53 64 75 86 86 86 86 86 57 85 86 86 86 86 91 69 86 86 86 86 92 57 86 86 86 86 86 76 65 86 86 86
71 86 86 86 86 86 86 86 86 91 88 86 86 86 86 86 78 61 53 64 75 86 86 86 86 86 57 85 86 86 86 86 91 69 86 86 86 86 92 57 86 86 86 86 86 76 65 86 86 86
71 86 86 86 86 86 86 86 86 91 88 86 86 86 86 86 78 61 53 64 75 86 86 86 86 86 57 85 86 86 86 86 91 69 86 86 86 86 92 57 86 86 86 86 86 76 65 86 86 86
71 86 86 86 86 86 86 86 86 91 88 86 86 86 86 86 78 61 53 64 75 86 86 86 86 86 57 85 86 86 86 86 91 69 86 86 86 86 92 57 86 86 86 86 86 76 65 86 86 86
65 87 87 87 87 87 87 87 87 90 83 87 87 87 87 87 79 60 52 61 74 87 87 87 87 87 49 87 87 87 87 87 87 66 87 87 87 87 92 49 87 87 87 87 87 79 64 87 87 87
67 86 86 86 86 86 86 86 86 86 82 86 86 86 86 86 78 62 55 60 79 86 86 86 86 86 53 87 86 86 86 86 83 72 86 86 86 86 89 56 87 86 86 86 86 79 70 86 86 86
71 86 86 86 86 86 86 86 86 91 88 86 86 86 86 86 78 61 53 64 75 86 86 86 86 86 57 85 86 86 86 86 91 69 86 86 86 86 92 57 86 86 86 86 86 76 65 86 86 86
71 86 86 86 86 86 86 86 86 91 88 86 86 86 86 86 78 61 53 64 75 86 86 86 86 86 57 85 86 86 86 86 91 69 86 86 86 86 92 57 86 86 86 86 86 76 65 86 86 86
71 86 86 86 86 86 86 86 86 91 88 86 86 86 86 86 78 61 53 64 75 86 86 86 86 86 57 85 86 86 86 86 91 69 86 86 86 86 92 57 86 86 86 86 86 76 65 86 86 86
71 86 86 86 86 86 86 86 86 91 88 86 86 86 86 86 78 61 53 64 75 86 86 86 86 86 57 85 86 86 86 86 91 69 86 86 86 86 92 57 86 86 86 86 86 76 65 86 86 86
71 86 86 86 86 86 86 86 86 91 87 86 86 86 86 86 78 62 53 65 74 86 86 86 86 86 56 85 86 86 86 86 93 68 86 86 86 86 92 55 86 86 86 86 86 78 65 86 86 86
73 86 86 86 86 86 86 86 86 83 81 86 86 86 86 86 83 69 58 60 77 86 86 86 86 86 62 86 86 86 86 86 79 71 86 86 86 86 86 60 87 86 86 86 86 82 68 86 86 86
71 86 86 86 86 86 86 86 86 91 87 86 86 86 86 86 77 61 53 64 75 86 86 86 86 86 56 85 86 86 86 86 91 69 86 86 86 86 92 57 86 86 86 86 86 76 66 86 86 86
71 86 86 86 86 86 86 86 86 91 88 86 86 86 86 86 78 61 53 64 75 86 86 86 86 86 57 85 86 86 86 86 91 69 86 86 86 86 92 57 86 86 86 86 86 76 65 86 86 86
71 86 86 86 86 86 86 86 86 91 88 86 86 86 86 86 78 61 53 64 75 86 86 86 86 86 57 85 86 86 86 86 91 69 86 86 86 86 92 57 86 86 86 86 86 76 65 86 86 86
71 86 86 86 86 86 86 86 86 91 88 86 86 86 86 86 78 61 53 64 75 86 86 86 86 86 57 85 86 86 86 86 91 69 86 86 86 86 92 57 86 86 86 86 86 76 65 86 86 86
71 86 86 86 86 86 86 86 86 91 88 86 86 86 86 86 78 61 53 64 75 86 86 86 86 86 57 85 86 86 86 86 91 69 86 86 86 86 92 57 86 86 86 86 86 76 65 86 86 86
61 88 88 88 88 88 88 88 88 86 83 88 88 88 88 88 76 58 51 55 80 88 88 88 88 88 48 86 88 88 88 88 76 70 88 88 88 88 89 53 88 88 88 88 88 75 66 88 88 88
64 87 87 87 87 87 87 87 87 87 83 87 87 87 87 87 77 60 52 57 79 87 87 87 87 87 51 87 87 87 87 87 81 71 87 87 87 87 90 54 88 87 87 87 87 76 68 87 87 87
71 86 86 86 86 86 86 86 86 91 88 86 86 86 86 86 78 61 53 64 75 86 86 86 86 86 57 85 86 86 86 86 91 69 86 86 86 86 92 57 86 86 86 86 86 76 65 86 86 86
71 86 86 86 86 86 86 86 86 91 88 86 86 86 86 86 78 61 53 64 75 86 86 86 86 86 57 85 86 86 86 86 91 69 86 86 86 86 92 57 86 86 86 86 86 76 65 86 86 86
71 86 86 86 86 86 86 86 86 91 88 86 86 86 86 86 78 61 53 64 75 86 86 86 86 86 57 85 86 86 86 86 91 69 86 86 86 86 92 57 86 86 86 86 86 76 65 86 86 86
