74 85 85 85 85 85 85 85 85 84 93 85 85 85 85 85 73 57 60 53 88 85 85 85 85 85 81 81 85 85 85 85 75 83 85 85 85 85 83 89 84 85 85 85 85 67 76 85 85 85
72 85 85 85 85 85 85 85 85 83 95 85 85 85 85 85 72 58 59 53 84 85 85 85 85 85 77 83 85 85 85 85 78 79 85 85 85 85 83 82 85 85 85 85 85 69 75 85 85 85
72 85 85 85 85 85 85 85 85 83 95 85 85 85 85 85 72 58 59 53 84 85 85 85 85 85 77 83 85 85 85 85 78 79 85 85 85 85 83 82 85 85 85 85 85 69 75 85 85 85
72 85 85 85 85 85 85 85 85 83 95 85 85 85 85 85 72 58 59 53 84 85 85 85 85 85 77 83 85 85 85 85 78 79 85 85 85 85 83 82 85 85 85 85 85 69 75 85 85 85
72 85 85 85 85 85 85 85 85 83 95 85 85 85 85 85 72 58 59 53 84 85 85 85 85 85 77 83 85 85 85 85 78 79 85 85 85 85 83 82 85 85 85 85 85 69 75 85 85 85
72 85 85 85 85 85 85 85 85 83 95 85 85 85 85 85 72 58 59 53 84 85 85 85 85 85 77 83 85 85 85 85 78 79 85 85 85 85 83 82 85 85 85 85 85 69 75 85 85 85
72 85 85 85 85 85 85 85 85 83 95 85 85 85 85 85 72 58 59 53 84 85 85 85 85 85 77 83 85 85 85 85 78 79 85 85 85 85 83 82 85 85 85 85 85 69 75 85 85 85
72 85 85 85 85 85 85 85 85 83 95 85 85 85 85 85 72 58 59 53 84 85 85 85 85 85 77 83 85 85 85 85 78 79 85 85 85 85 83 82 85 85 85 85 85 69 75 85 85 85
72 85 85 85 85 85 85 85 85 83 95 85 85 85 85 85 72 58 59 53 84 85 85 85 85 85 77 83 85 85 85 85 78 79 85 85 85 85 83 82 85 85 85 85 85 69 75 85 85 85
73 85 85 85 85 85 85 85 85 82 96 85 85 85 85 85 70 58 59 52 86 85 85 85 85 85 80 83 85 85 85 85 78 81 85 85 85 85 82 86 85 85 85 85 85 69 76 85 85 85
73 85 85 85 85 85 85 85 85 82 93 85 85 85 85 85 72 59 61 53 84 85 85 85 85 85 79 83 85 85 85 85 78 80 85 85 85 85 82 82 85 85 85 85 85 70 76 85 85 85
72 85 85 85 85 85 85 85 85 83 95 85 85 85 85 85 72 58 59 53 84 85 85 85 85 85 77 83 85 85 85 85 78 79 85 85 85 85 83 82 85 85 85 85 85 69 75 85 85 85
72 85 85 85 85 85 85 85 85 83 95 85 85 85 85 85 72 58 59 53 84 85 85 85 85 85 77 83 85 85 85 85 78 79 85 85 85 85 83 82 85 85 85 85 85 69 75 85 85 85
72 85 85 85 85 85 85 85 85 83 95 85 85 85 85 85 72 58 59 53 84 85 85 85 85 85 77 83 85 85 85 85 78 79 85 85 85 85 83 82 85 85 85 85 85 69 75 85 85 85
72 85 85 85 85 85 85 85 85 83 95 85 85 85 85 85 72 58 59 53 84 85 85 85 85 85 77 83 85 85 85 85 78 79 85 85 85 85 83 82 85 85 85 85 85 69 75 85 85 85
72 85 85 85 85 85 85 85 85 83 95 85 85 85 85 85 72 58 59 53 84 85 85 85 85 85 77 83 85 85 85 85 78 79 85 85 85 85 83 82 85 85 85 85 85 69 75 85 85 85
72 86 86 86 86 86 86 86 86 86 98 86 86 86 86 86 70 53 54 49 85 86 86 86 86 86 73 82 86 86 86 86 79 79 86 86 86 86 85 79 85 86 86 86 86 65 72 86 86 86
73 85 85 85 85 85 85 85 85 87 94 85 85 85 85 85 73 55 56 53 86 85 85 85 85 85 73 81 85 85 85 85 78 80 85 85 85 85 86 83 84 85 85 85 85 65 72 85 85 85
77 84 84 84 84 84 84 84 84 90 96 84 84 84 84 84 78 58 58 57 83 84 84 84 84 84 77 81 84 84 84 84 81 79 84 84 84 84 87 86 83 84 84 84 84 66 71 84 84 84
80 84 84 84 84 84 84 84 84 86 96 84 84 84 84 84 73 57 58 56 91 84 84 84 84 84 79 81 84 84 84 84 80 85 84 84 84 84 84 89 83 84 84 84 84 67 75 84 84 84
73 84 84 84 84 84 84 84 84 84 92 84 84 84 84 84 76 62 64 57 81 84 84 84 84 84 84 82 84 84 84 84 77 78 84 84 84 84 84 89 84 84 84 84 84 69 75 84 84 84
72 85 85 85 85 85 85 85 85 83 95 85 85 85 85 85 72 58 59 53 84 85 85 85 85 85 77 83 85 85 85 85 78 79 85 85 85 85 83 82 85 85 85 85 85 69 75 85 85 85
72 85 85 85 85 85 85 85 85 83 95 85 85 85 85 85 72 58 59 53 84 85 85 85 85 85 77 83 85 85 85 85 78 79 85 85 85 85 83 82 85 85 85 85 85 69 75 85 85 85
72 85 85 85 85 85 85 85 85 83 95 85 85 85 85 85 72 58 59 53 84 85 85 85 85 85 77 83 85 85 85 85 78 79 85 85 85 85 83 82 85 85 85 85 85 69 75 85 85 85
72 85 85 85 85 85 85 85 85 83 95 85 85 85 85 85 72 58 59 53 84 85 85 85 85 85 77 83 85 85 85 85 78 79 85 85 85 85 83 82 85 85 85 85 85 69 75 85 85 85
72 85 85 85 85 85 85 85 85 83 95 85 85 85 85 85 72 58 59 53 84 85 85 85 85 85 77 83 85 85 85 85 78 79 85 85 85 85 83 82 85 85 85 85 85 69 75 85 85 85
72 85 85 85 85 85 85 85 85 87 94 85 85 85 85 85 74 55 58 53 82 85 85 85 85 85 80 81 85 85 85 85 77 77 85 85 85 85 85 87 84 85 85 85 85 66 71 85 85 85
73 85 85 85 85 85 85 85 85 83 94 85 85 85 85 85 73 59 60 53 83 85 85 85 85 85 77 83 85 85 85 85 78 79 85 85 85 85 83 82 85 85 85 85 85 69 75 85 85 85
72 85 85 85 85 85 85 85 85 83 95 85 85 85 85 85 72 58 59 53 84 85 85 85 85 85 77 83 85 85 85 85 78 79 85 85 85 85 83 82 85 85 85 85 85 69 75 85 85 85
72 85 85 85 85 85 85 85 85 83 95 85 85 85 85 85 72 58 59 53 84 85 85 85 85 85 77 83 85 85 85 85 78 79 85 85 85 85 83 82 85 85 85 85 85 69 75 85 85 85
72 85 85 85 85 85 85 85 85 83 95 85 85 85 85 85 72 58 59 53 84 85 85 85 85 85 77 83 85 85 85 85 78 79 85 85 85 85 83 82 85 85 85 85 85 69 75 85 85 85
72 85 85 85 85 85 85 85 85 83 95 85 85 85 85 85 72 58 59 53 84 85 85 85 85 85 77 83 85 85 85 85 78 79 85 85 85 85 83 82 85 85 85 85 85 69 75 85 85 85
78 84 84 84 84 84 84 84 84 81 97 84 84 84 84 84 69 58 59 53 93 84 84 84 84 84 78 83 84 84 84 84 79 87 84 84 84 84 81 83 84 84 84 84 84 70 80 84 84 84
75 84 84 84 84 84 84 84 84 85 92 84 84 84 84 84 77 62 63 58 82 84 84 84 84 84 83 81 84 84 84 84 77 79 84 84 84 84 84 92 83 84 84 84 84 68 74 84 84 84
72 85 85 85 85 85 85 85 85 83 95 85 85 85 85 85 72 58 59 53 84 85 85 85 85 85 77 83 85 85 85 85 78 79 85 85 85 85 83 82 85 85 85 85 85 69 75 85 85 85
72 85 85 85 85 85 85 85 85 83 95 85 85 85 85 85 72 58 59 53 84 85 85 85 85 85 77 83 85 85 85 85 78 79 85 85 85 85 83 82 85 85 85 85 85 69 75 85 85 85
72 85 85 85 85 85 85 85 85 83 95 85 85 85 85 85 72 58 59 53 84 85 85 85 85 85 77 83 85 85 85 85 78 79 85 85 85 85 83 82 85 85 85 85 85 69 75 85 85 85
72 85 85 85 85 85 85 85 85 83 95 85 85 85 85 85 72 58 59 53 84 85 85 85 85 85 77 83 85 85 85 85 78 79 85 85 85 85 83 82 85 85 85 85 85 69 75 85 85 85
72 85 85 85 85 85 85 85 85 82 95 85 85 85 85 85 71 58 59 52 86 85 85 85 85 85 78 83 85 85 85 85 77 81 85 85 85 85 82 84 85 85 85 85 85 69 76 85 85 85
68 86 86 86 86 86 86 86 86 87 93 86 86 86 86 86 74 55 57 51 79 86 86 86 86 86 82 80 86 86 86 86 74 75 86 86 86 86 85 91 84 86 86 86 86 65 69 86 86 86
72 85 85 85 85 85 85 85 85 83 94 85 85 85 85 85 72 58 59 53 83 85 85 85 85 85 77 83 85 85 85 85 78 79 85 85 85 85 83 82 85 85 85 85 85 69 75 85 85 85
72 85 85 85 85 85 85 85 85 83 95 85 85 85 85 85 72 58 59 53 84 85 85 85 85 85 77 83 85 85 85 85 78 79 85 85 85 85 83 82 85 85 85 85 85 69 75 85 85 85
72 85 85 85 85 85 85 85 85 83 95 85 85 85 85 85 72 58 59 53 84 85 85 85 85 85 77 83 85 85 85 85 78 79 85 85 85 85 83 82 85 85 85 85 85 69 75 85 85 85
72 85 85 85 85 85 85 85 85 83 95 85 85 85 85 85 72 58 59 53 84 85 85 85 85 85 77 83 85 85 85 85 78 79 85 85 85 85 83 82 85 85 85 85 85 69 75 85 85 85
72 85 85 85 85 85 85 85 85 83 95 85 85 85 85 85 72 58 59 53 84 85 85 85 85 85 77 83 85 85 85 85 78 79 85 85 85 85 83 82 85 85 85 85 85 69 75 85 85 85
75 85 85 85 85 85 85 85 85 84 96 85 85 85 85 85 71 56 57 52 91 85 85 85 85 85 72 83 85 85 85 85 78 84 85 85 85 85 84 78 85 85 85 85 85 66 77 85 85 85
75 84 84 84 84 84 84 84 84 86 93 84 84 84 84 84 78 62 62 58 81 84 84 84 84 84 82 81 84 84 84 84 78 78 84 84 84 84 85 91 83 84 84 84 84 68 73 84 84 84
72 85 85 85 85 85 85 85 85 83 95 85 85 85 85 85 72 58 59 53 84 85 85 85 85 85 77 83 85 85 85 85 78 79 85 85 85 85 83 82 85 85 85 85 85 69 75 85 85 85
72 85 85 85 85 85 85 85 85 83 95 85 85 85 85 85 72 58 59 53 84 85 85 85 85 85 77 83 85 85 85 85 78 79 85 85 85 85 83 82 85 85 85 85 85 69 75 85 85 85
72 85 85 85 85 85 85 85 85 83 95 85 85 85 85 85 72 58 59 53 84 85 85 85 85 85 77 83 85 85 85 85 78 79 85 85 85 85 83 82 85 85 85 85 85 69 75 85 85 85
