435 595 858 227 -1952 -1573 1711 4027 6140 2876 -1755 -4973 -841 -3726 409 2878 1797 498 1782 -1441 -2808 1250 -3663 3817 -3355 -3664 2477 3571 751 2417 -1283 1066 -131 -3108 2441 -2564 3540 -2360 5572 -1153 2536 4592 -1138 335 454 3661 -1568 -76 -124 1355 -5176 -465 4264 17 353 -1083 -757 -1727 -4366 352 4000 896 -2194 -3007
1236 133 530 -20 -1104 -2488 2976 3768 4346 3921 -1063 -2433 -1220 -5051 532 2664 666 -723 4159 -2534 -2407 2085 -2911 3469 -619 -1453 960 4255 877 2678 -578 -57 -291 -2384 953 -1264 3353 -1390 4857 -1118 2933 6711 405 -1146 -465 3435 -267 321 -1754 3187 -3679 271 1763 2124 189 -774 772 -2181 -5169 758 1276 587 -959 -2163
1236 133 530 -20 -1104 -2488 2976 3768 4346 3921 -1063 -2433 -1220 -5051 532 2664 666 -723 4159 -2534 -2407 2085 -2911 3469 -619 -1453 960 4255 877 2678 -578 -57 -291 -2384 953 -1264 3353 -1390 4857 -1118 2933 6711 405 -1146 -465 3435 -267 321 -1754 3187 -3679 271 1763 2124 189 -774 772 -2181 -5169 758 1276 587 -959 -2163
1236 133 530 -20 -1104 -2488 2976 3768 4346 3921 -1063 -2433 -1220 -5051 532 2664 666 -723 4159 -2534 -2407 2085 -2911 3469 -619 -1453 960 4255 877 2678 -578 -57 -291 -2384 953 -1264 3353 -1390 4857 -1118 2933 6711 405 -1146 -465 3435 -267 321 -1754 3187 -3679 271 1763 2124 189 -774 772 -2181 -5169 758 1276 587 -959 -2163
1236 133 530 -20 -1104 -2488 2976 3768 4346 3921 -1063 -2433 -1220 -5051 532 2664 666 -723 4159 -2534 -2407 2085 -2911 3469 -619 -1453 960 4255 877 2678 -578 -57 -291 -2384 953 -1264 3353 -1390 4857 -1118 2933 6711 405 -1146 -465 3435 -267 321 -1754 3187 -3679 271 1763 2124 189 -774 772 -2181 -5169 758 1276 587 -959 -2163
1236 133 530 -20 -1104 -2488 2976 3768 4346 3921 -1063 -2433 -1220 -5051 532 2664 666 -723 4159 -2534 -2407 2085 -2911 3469 -619 -1453 960 4255 877 2678 -578 -57 -291 -2384 953 -1264 3353 -1390 4857 -1118 2933 6711 405 -1146 -465 3435 -267 321 -1754 3187 -3679 271 1763 2124 189 -774 772 -2181 -5169 758 1276 587 -959 -2163
1236 133 530 -20 -1104 -2488 2976 3768 4346 3921 -1063 -2433 -1220 -5051 532 2664 666 -723 4159 -2534 -2407 2085 -2911 3469 -619 -1453 960 4255 877 2678 -578 -57 -291 -2384 953 -1264 3353 -1390 4857 -1118 2933 6711 405 -1146 -465 3435 -267 321 -1754 3187 -3679 271 1763 2124 189 -774 772 -2181 -5169 758 1276 587 -959 -2163
1236 133 530 -20 -1104 -2488 2976 3768 4346 3921 -1063 -2433 -1220 -5051 532 2664 666 -723 4159 -2534 -2407 2085 -2911 3469 -619 -1453 960 4255 877 2678 -578 -57 -291 -2384 953 -1264 3353 -1390 4857 -1118 2933 6711 405 -1146 -465 3435 -267 321 -1754 3187 -3679 271 1763 2124 189 -774 772 -2181 -5169 758 1276 587 -959 -2163
1236 133 530 -20 -1104 -2488 2976 3768 4346 3921 -1063 -2433 -1220 -5051 532 2664 666 -723 4159 -2534 -2407 2085 -2911 3469 -619 -1453 960 4255 877 2678 -578 -57 -291 -2384 953 -1264 3353 -1390 4857 -1118 2933 6711 405 -1146 -465 3435 -267 321 -1754 3187 -3679 271 1763 2124 189 -774 772 -2181 -5169 758 1276 587 -959 -2163
449 134 592 5 -1455 -2554 2664 4496 4199 2938 -1121 -1416 -426 -5059 115 3051 1021 -1190 4410 -2569 -2706 2147 -2560 3343 -1937 -1443 1882 4797 1574 2948 -608 -301 -550 -1876 1279 -1668 3687 -1000 4506 -1543 3292 6068 773 -596 -293 4239 -981 492 -2321 3651 -3691 -87 2224 1986 585 -597 1070 -2312 -4293 942 1220 968 -1095 -2030
238 178 382 -327 -1424 -2995 3095 3656 4869 3569 -309 -2387 -1963 -4938 -228 3457 1346 -1350 3711 -3564 -3048 1175 -2773 3587 -1507 -1938 1702 3889 1563 2522 -466 103 -75 -1965 700 -1931 3107 -1451 4305 -1561 3667 6047 533 -1740 -911 3571 -957 579 -1969 2522 -4701 454 2166 1432 512 -1703 421 -2702 -4675 -242 1751 343 -1201 -2547
1236 133 530 -20 -1104 -2488 2976 3768 4346 3921 -1063 -2433 -1220 -5051 532 2664 666 -723 4159 -2534 -2407 2085 -2911 3469 -619 -1453 960 4255 877 2678 -578 -57 -291 -2384 953 -1264 3353 -1390 4857 -1118 2933 6711 405 -1146 -465 3435 -267 321 -1754 3187 -3679 271 1763 2124 189 -774 772 -2181 -5169 758 1276 587 -959 -2163
1236 133 530 -20 -1104 -2488 2976 3768 4346 3921 -1063 -2433 -1220 -5051 532 2664 666 -723 4159 -2534 -2407 2085 -2911 3469 -619 -1453 960 4255 877 2678 -578 -57 -291 -2384 953 -1264 3353 -1390 4857 -1118 2933 6711 405 -1146 -465 3435 -267 321 -1754 3187 -3679 271 1763 2124 189 -774 772 -2181 -5169 758 1276 587 -959 -2163
1236 133 530 -20 -1104 -2488 2976 3768 4346 3921 -1063 -2433 -1220 -5051 532 2664 666 -723 4159 -2534 -2407 2085 -2911 3469 -619 -1453 960 4255 877 2678 -578 -57 -291 -2384 953 -1264 3353 -1390 4857 -1118 2933 6711 405 -1146 -465 3435 -267 321 -1754 3187 -3679 271 1763 2124 189 -774 772 -2181 -5169 758 1276 587 -959 -2163
1236 133 530 -20 -1104 -2488 2976 3768 4346 3921 -1063 -2433 -1220 -5051 532 2664 666 -723 4159 -2534 -2407 2085 -2911 3469 -619 -1453 960 4255 877 2678 -578 -57 -291 -2384 953 -1264 3353 -1390 4857 -1118 2933 6711 405 -1146 -465 3435 -267 321 -1754 3187 -3679 271 1763 2124 189 -774 772 -2181 -5169 758 1276 587 -959 -2163
1236 133 530 -20 -1104 -2488 2976 3768 4346 3921 -1063 -2433 -1220 -5051 532 2664 666 -723 4159 -2534 -2407 2085 -2911 3469 -619 -1453 960 4255 877 2678 -578 -57 -291 -2384 953 -1264 3353 -1390 4857 -1118 2933 6711 405 -1146 -465 3435 -267 321 -1754 3187 -3679 271 1763 2124 189 -774 772 -2181 -5169 758 1276 587 -959 -2163
1416 1196 856 114 -1555 -2385 3010 4453 4444 3729 -3004 -2421 -7 -5247 485 1408 781 1638 4057 -1858 -1760 2216 -3138 3929 -978 -2641 1411 4296 -272 3286 -937 1108 -676 -2710 2273 -1715 3317 -1310 5445 -1839 2186 6239 1188 -337 453 3066 -138 -757 -740 3520 -3780 -843 2976 2000 -239 -192 -193 -508 -4795 1252 1525 1871 -1790 -1734
1862 1151 1104 852 -2357 -2115 2823 4544 5384 3494 -3189 -4146 -457 -4278 1046 1542 1009 2852 1448 -393 -1142 2403 -3149 3819 -662 -3453 78 3564 -466 2329 -991 2060 -1186 -3152 3250 -1513 3060 -2289 5712 -1275 1132 4740 -123 205 -7 3825 346 -1480 887 1767 -3918 -1758 2918 1222 -177 -299 -1012 -445 -5934 937 2857 1287 -2058 -2490
3284 767 1098 410 -1851 -1762 2196 3677 5623 3319 -2123 -5292 -586 -3961 1318 990 -130 2113 2109 1077 -1835 2205 -3888 3468 -1078 -4454 -764 3327 -1002 1852 -1397 1802 -1577 -3558 3452 -1241 3349 -3133 6299 -1514 573 4309 -445 612 261 3615 82 -996 2031 815 -3436 -1242 2822 580 -70 34 -1290 -917 -6757 1442 3498 573 -1589 -2005
2376 1123 1735 518 -2161 -2157 2077 4912 4959 730 -2253 -4663 631 -3766 1346 1515 855 1856 2293 678 -1149 2069 -3512 3146 -2791 -4158 833 4146 358 3263 -1393 1830 -1737 -2856 3528 -1990 3790 -2448 6052 -2145 749 3879 101 1581 728 4074 -1001 -1172 1713 980 -4039 -2220 4106 18 408 752 -1084 -18 -5708 1812 3472 633 -1549 -3009
1837 13 63 -252 -1259 -1962 3161 3215 5373 3841 398 -5283 -2528 -3704 1877 2896 -119 -1427 2377 -1948 -2975 1694 -3275 3298 -796 -2607 955 3392 1141 1516 -298 -289 -352 -3483 542 -1051 2909 -3824 5205 -696 1734 5077 -766 -893 -1339 2380 -1797 512 -164 1701 -4553 251 588 596 186 -1596 -727 -2430 -4838 197 4539 -160 -1280 -3237
1236 133 530 -20 -1104 -2488 2976 3768 4346 3921 -1063 -2433 -1220 -5051 532 2664 666 -723 4159 -2534 -2407 2085 -2911 3469 -619 -1453 960 4255 877 2678 -578 -57 -291 -2384 953 -1264 3353 -1390 4857 -1118 2933 6711 405 -1146 -465 3435 -267 321 -1754 3187 -3679 271 1763 2124 189 -774 772 -2181 -5169 758 1276 587 -959 -2163
1236 133 530 -20 -1104 -2488 2976 3768 4346 3921 -1063 -2433 -1220 -5051 532 2664 666 -723 4159 -2534 -2407 2085 -2911 3469 -619 -1453 960 4255 877 2678 -578 -57 -291 -2384 953 -1264 3353 -1390 4857 -1118 2933 6711 405 -1146 -465 3435 -267 321 -1754 3187 -3679 271 1763 2124 189 -774 772 -2181 -5169 758 1276 587 -959 -2163
1236 133 530 -20 -1104 -2488 2976 3768 4346 3921 -1063 -2433 -1220 -5051 532 2664 666 -723 4159 -2534 -2407 2085 -2911 3469 -619 -1453 960 4255 877 2678 -578 -57 -291 -2384 953 -1264 3353 -1390 4857 -1118 2933 6711 405 -1146 -465 3435 -267 321 -1754 3187 -3679 271 1763 2124 189 -774 772 -2181 -5169 758 1276 587 -959 -2163
1236 133 530 -20 -1104 -2488 2976 3768 4346 3921 -1063 -2433 -1220 -5051 532 2664 666 -723 4159 -2534 -2407 2085 -2911 3469 -619 -1453 960 4255 877 2678 -578 -57 -291 -2384 953 -1264 3353 -1390 4857 -1118 2933 6711 405 -1146 -465 3435 -267 321 -1754 3187 -3679 271 1763 2124 189 -774 772 -2181 -5169 758 1276 587 -959 -2163
1236 133 530 -20 -1104 -2488 2976 3768 4346 3921 -1063 -2433 -1220 -5051 532 2664 666 -723 4159 -2534 -2407 2085 -2911 3469 -619 -1453 960 4255 877 2678 -578 -57 -291 -2384 953 -1264 3353 -1390 4857 -1118 2933 6711 405 -1146 -465 3435 -267 321 -1754 3187 -3679 271 1763 2124 189 -774 772 -2181 -5169 758 1276 587 -959 -2163
593 325 278 1973 -1434 -1895 557 1834 6696 2652 -2423 -3983 -1361 -4778 -818 2105 1992 1715 1782 -1653 -3578 462 -2742 4617 -3107 -4540 2816 3036 -1011 1648 -125 983 685 -1769 3367 -2632 4768 -2154 4272 -1789 3197 3580 631 -623 1240 2954 -1179 355 -55 1013 -5039 -225 6029 636 938 -1477 -1108 -1973 -5365 -799 2288 1714 -3390 -1511
1295 247 579 -169 -912 -2408 3272 3980 4408 3956 -1107 -2920 -1237 -4853 766 2657 498 -545 3848 -2256 -2263 1988 -3133 3609 -464 -1625 588 4105 1004 2855 -670 54 -388 -2685 797 -969 3163 -1837 4983 -1039 2581 6687 39 -987 -578 3525 -405 75 -1425 3144 -3691 332 1628 2038 107 -728 576 -2143 -5441 609 1811 499 -692 -2409
1236 133 530 -20 -1104 -2488 2976 3768 4346 3921 -1063 -2433 -1220 -5051 532 2664 666 -723 4159 -2534 -2407 2085 -2911 3469 -619 -1453 960 4255 877 2678 -578 -57 -291 -2384 953 -1264 3353 -1390 4857 -1118 2933 6711 405 -1146 -465 3435 -267 321 -1754 3187 -3679 271 1763 2124 189 -774 772 -2181 -5169 758 1276 587 -959 -2163
1236 133 530 -20 -1104 -2488 2976 3768 4346 3921 -1063 -2433 -1220 -5051 532 2664 666 -723 4159 -2534 -2407 2085 -2911 3469 -619 -1453 960 4255 877 2678 -578 -57 -291 -2384 953 -1264 3353 -1390 4857 -1118 2933 6711 405 -1146 -465 3435 -267 321 -1754 3187 -3679 271 1763 2124 189 -774 772 -2181 -5169 758 1276 587 -959 -2163
1236 133 530 -20 -1104 -2488 2976 3768 4346 3921 -1063 -2433 -1220 -5051 532 2664 666 -723 4159 -2534 -2407 2085 -2911 3469 -619 -1453 960 4255 877 2678 -578 -57 -291 -2384 953 -1264 3353 -1390 4857 -1118 2933 6711 405 -1146 -465 3435 -267 321 -1754 3187 -3679 271 1763 2124 189 -774 772 -2181 -5169 758 1276 587 -959 -2163
1236 133 530 -20 -1104 -2488 2976 3768 4346 3921 -1063 -2433 -1220 -5051 532 2664 666 -723 4159 -2534 -2407 2085 -2911 3469 -619 -1453 960 4255 877 2678 -578 -57 -291 -2384 953 -1264 3353 -1390 4857 -1118 2933 6711 405 -1146 -465 3435 -267 321 -1754 3187 -3679 271 1763 2124 189 -774 772 -2181 -5169 758 1276 587 -959 -2163
653 886 1442 -442 -609 -2928 2093 5271 3809 688 -802 -2402 210 -4479 271 3146 1325 -865 4850 -1935 -1683 1776 -3216 2549 -3091 -1892 2200 5107 1745 4591 -1456 580 -685 -1681 1844 -2114 3596 -929 4908 -2118 2597 5108 835 412 26 3728 -1639 -217 -1878 3283 -4105 -637 3987 1098 383 747 465 -1960 -4105 1088 2293 947 -184 -2964
2409 65 264 206 -2167 -1901 2594 3202 5997 3990 26 -5541 -2162 -3297 1777 2846 332 -667 1664 -1085 -2635 2193 -3123 3261 -990 -2971 313 3372 773 1026 -322 572 -612 -3493 1635 -1433 2822 -3465 5501 -457 1704 4536 -1233 -310 -1233 2898 -758 225 -239 1272 -4396 -337 920 561 424 -1540 -804 -2673 -5175 440 4529 -51 -1772 -3266
1236 133 530 -20 -1104 -2488 2976 3768 4346 3921 -1063 -2433 -1220 -5051 532 2664 666 -723 4159 -2534 -2407 2085 -2911 3469 -619 -1453 960 4255 877 2678 -578 -57 -291 -2384 953 -1264 3353 -1390 4857 -1118 2933 6711 405 -1146 -465 3435 -267 321 -1754 3187 -3679 271 1763 2124 189 -774 772 -2181 -5169 758 1276 587 -959 -2163
1236 133 530 -20 -1104 -2488 2976 3768 4346 3921 -1063 -2433 -1220 -5051 532 2664 666 -723 4159 -2534 -2407 2085 -2911 3469 -619 -1453 960 4255 877 2678 -578 -57 -291 -2384 953 -1264 3353 -1390 4857 -1118 2933 6711 405 -1146 -465 3435 -267 321 -1754 3187 -3679 271 1763 2124 189 -774 772 -2181 -5169 758 1276 587 -959 -2163
1236 133 530 -20 -1104 -2488 2976 3768 4346 3921 -1063 -2433 -1220 -5051 532 2664 666 -723 4159 -2534 -2407 2085 -2911 3469 -619 -1453 960 4255 877 2678 -578 -57 -291 -2384 953 -1264 3353 -1390 4857 -1118 2933 6711 405 -1146 -465 3435 -267 321 -1754 3187 -3679 271 1763 2124 189 -774 772 -2181 -5169 758 1276 587 -959 -2163
1236 133 530 -20 -1104 -2488 2976 3768 4346 3921 -1063 -2433 -1220 -5051 532 2664 666 -723 4159 -2534 -2407 2085 -2911 3469 -619 -1453 960 4255 877 2678 -578 -57 -291 -2384 953 -1264 3353 -1390 4857 -1118 2933 6711 405 -1146 -465 3435 -267 321 -1754 3187 -3679 271 1763 2124 189 -774 772 -2181 -5169 758 1276 587 -959 -2163
1001 164 852 -163 -1469 -2660 2856 4371 4143 3189 -1095 -1773 -641 -5059 324 2805 957 -1082 4296 -2677 -2380 2274 -2724 3432 -1405 -1341 1458 4646 1391 3025 -723 -62 -579 -1945 1237 -1530 3477 -1116 4971 -1564 3061 6492 659 -823 -375 3926 -552 174 -1876 3472 -3684 -164 2114 1991 456 -642 998 -1919 -4706 974 1216 740 -864 -2236
1076 -371 354 1914 -3381 -1976 527 856 7024 3534 -1237 -4094 -2311 -3879 -237 2118 1791 809 412 -2460 -3860 1269 -1661 4600 -2874 -3980 2867 2708 -530 -155 194 1513 540 -1791 3066 -3034 4384 -2528 4550 -1177 4095 3694 26 -598 144 2702 -908 380 -228 158 -5463 -919 4295 -225 1695 -3585 -1323 -1788 -5152 -113 2567 824 -4515 -2174
1180 176 557 -25 -1058 -2459 3083 3851 4336 3939 -1110 -2523 -1266 -4987 606 2672 622 -638 4019 -2523 -2344 2063 -2925 3544 -552 -1452 879 4211 947 2722 -614 -18 -295 -2421 908 -1195 3275 -1516 4881 -1070 2857 6736 293 -1116 -510 3471 -330 201 -1736 3234 -3703 252 1749 2105 172 -782 697 -2179 -5223 688 1418 580 -865 -2258
1236 133 530 -20 -1104 -2488 2976 3768 4346 3921 -1063 -2433 -1220 -5051 532 2664 666 -723 4159 -2534 -2407 2085 -2911 3469 -619 -1453 960 4255 877 2678 -578 -57 -291 -2384 953 -1264 3353 -1390 4857 -1118 2933 6711 405 -1146 -465 3435 -267 321 -1754 3187 -3679 271 1763 2124 189 -774 772 -2181 -5169 758 1276 587 -959 -2163
1236 133 530 -20 -1104 -2488 2976 3768 4346 3921 -1063 -2433 -1220 -5051 532 2664 666 -723 4159 -2534 -2407 2085 -2911 3469 -619 -1453 960 4255 877 2678 -578 -57 -291 -2384 953 -1264 3353 -1390 4857 -1118 2933 6711 405 -1146 -465 3435 -267 321 -1754 3187 -3679 271 1763 2124 189 -774 772 -2181 -5169 758 1276 587 -959 -2163
1236 133 530 -20 -1104 -2488 2976 3768 4346 3921 -1063 -2433 -1220 -5051 532 2664 666 -723 4159 -2534 -2407 2085 -2911 3469 -619 -1453 960 4255 877 2678 -578 -57 -291 -2384 953 -1264 3353 -1390 4857 -1118 2933 6711 405 -1146 -465 3435 -267 321 -1754 3187 -3679 271 1763 2124 189 -774 772 -2181 -5169 758 1276 587 -959 -2163
1236 133 530 -20 -1104 -2488 2976 3768 4346 3921 -1063 -2433 -1220 -5051 532 2664 666 -723 4159 -2534 -2407 2085 -2911 3469 -619 -1453 960 4255 877 2678 -578 -57 -291 -2384 953 -1264 3353 -1390 4857 -1118 2933 6711 405 -1146 -465 3435 -267 321 -1754 3187 -3679 271 1763 2124 189 -774 772 -2181 -5169 758 1276 587 -959 -2163
1988 1474 1948 -674 -594 -2669 2679 4859 3855 1973 -1791 -3816 -345 -4803 1185 1348 891 1321 4123 -1326 -706 1824 -4119 3205 -1306 -2575 1298 4232 -437 4121 -2024 1216 -570 -2456 2294 -1800 3233 -2018 6362 -2472 1275 5649 1260 -214 594 2293 -743 -1491 598 2604 -4002 -1041 4057 1099 -458 1277 -781 -217 -5101 1197 2576 970 -393 -2584
2668 65 338 296 -1698 -1466 2318 3236 5915 3873 -269 -5529 -1486 -3551 1731 2185 -172 -285 1994 -93 -2612 2658 -3366 3364 -1111 -2887 -330 3247 582 1363 -780 845 -937 -3730 1674 -1289 3314 -3399 5913 -265 1683 4899 -1935 492 -699 3522 -352 -252 86 1585 -3900 -151 1273 884 597 -766 -659 -2702 -5914 732 4015 -136 -1453 -2549
1236 133 530 -20 -1104 -2488 2976 3768 4346 3921 -1063 -2433 -1220 -5051 532 2664 666 -723 4159 -2534 -2407 2085 -2911 3469 -619 -1453 960 4255 877 2678 -578 -57 -291 -2384 953 -1264 3353 -1390 4857 -1118 2933 6711 405 -1146 -465 3435 -267 321 -1754 3187 -3679 271 1763 2124 189 -774 772 -2181 -5169 758 1276 587 -959 -2163
1236 133 530 -20 -1104 -2488 2976 3768 4346 3921 -1063 -2433 -1220 -5051 532 2664 666 -723 4159 -2534 -2407 2085 -2911 3469 -619 -1453 960 4255 877 2678 -578 -57 -291 -2384 953 -1264 3353 -1390 4857 -1118 2933 6711 405 -1146 -465 3435 -267 321 -1754 3187 -3679 271 1763 2124 189 -774 772 -2181 -5169 758 1276 587 -959 -2163
1236 133 530 -20 -1104 -2488 2976 3768 4346 3921 -1063 -2433 -1220 -5051 532 2664 666 -723 4159 -2534 -2407 2085 -2911 3469 -619 -1453 960 4255 877 2678 -578 -57 -291 -2384 953 -1264 3353 -1390 4857 -1118 2933 6711 405 -1146 -465 3435 -267 321 -1754 3187 -3679 271 1763 2124 189 -774 772 -2181 -5169 758 1276 587 -959 -2163
