359 240 240 240 240 240 240 240 240 306 608 240 240 240 240 240 -55 82 -122 244 805 240 240 240 240 240 -600 402 240 240 240 240 777 724 240 240 240 240 323 -524 281 240 240 240 240 202 392 240 240 240
-349 -354 -354 -354 -354 -354 -354 -354 -354 -309 -99 -354 -354 -354 -354 -354 -594 -228 -503 -24 330 -354 -354 -354 -354 -354 -1444 -178 -354 -354 -354 -354 138 370 -354 -354 -354 -354 -227 -955 -299 -354 -354 -354 -354 -279 1 -354 -354 -354
-349 -354 -354 -354 -354 -354 -354 -354 -354 -309 -99 -354 -354 -354 -354 -354 -594 -228 -503 -24 330 -354 -354 -354 -354 -354 -1444 -178 -354 -354 -354 -354 138 370 -354 -354 -354 -354 -227 -955 -299 -354 -354 -354 -354 -279 1 -354 -354 -354
-349 -354 -354 -354 -354 -354 -354 -354 -354 -309 -99 -354 -354 -354 -354 -354 -594 -228 -503 -24 330 -354 -354 -354 -354 -354 -1444 -178 -354 -354 -354 -354 138 370 -354 -354 -354 -354 -227 -955 -299 -354 -354 -354 -354 -279 1 -354 -354 -354
-349 -354 -354 -354 -354 -354 -354 -354 -354 -309 -99 -354 -354 -354 -354 -354 -594 -228 -503 -24 330 -354 -354 -354 -354 -354 -1444 -178 -354 -354 -354 -354 138 370 -354 -354 -354 -354 -227 -955 -299 -354 -354 -354 -354 -279 1 -354 -354 -354
-349 -354 -354 -354 -354 -354 -354 -354 -354 -309 -99 -354 -354 -354 -354 -354 -594 -228 -503 -24 330 -354 -354 -354 -354 -354 -1444 -178 -354 -354 -354 -354 138 370 -354 -354 -354 -354 -227 -955 -299 -354 -354 -354 -354 -279 1 -354 -354 -354
-349 -354 -354 -354 -354 -354 -354 -354 -354 -309 -99 -354 -354 -354 -354 -354 -594 -228 -503 -24 330 -354 -354 -354 -354 -354 -1444 -178 -354 -354 -354 -354 138 370 -354 -354 -354 -354 -227 -955 -299 -354 -354 -354 -354 -279 1 -354 -354 -354
-349 -354 -354 -354 -354 -354 -354 -354 -354 -309 -99 -354 -354 -354 -354 -354 -594 -228 -503 -24 330 -354 -354 -354 -354 -354 -1444 -178 -354 -354 -354 -354 138 370 -354 -354 -354 -354 -227 -955 -299 -354 -354 -354 -354 -279 1 -354 -354 -354
-349 -354 -354 -354 -354 -354 -354 -354 -354 -309 -99 -354 -354 -354 -354 -354 -594 -228 -503 -24 330 -354 -354 -354 -354 -354 -1444 -178 -354 -354 -354 -354 138 370 -354 -354 -354 -354 -227 -955 -299 -354 -354 -354 -354 -279 1 -354 -354 -354
-323 -514 -514 -514 -514 -514 -514 -514 -514 -352 -208 -514 -514 -514 -514 -514 -726 -361 -652 -16 181 -514 -514 -514 -514 -514 -1480 -320 -514 -514 -514 -514 228 186 -514 -514 -514 -514 -315 -1141 -450 -514 -514 -514 -514 -348 -135 -514 -514 -514
-872 -955 -955 -955 -955 -955 -955 -955 -955 -816 -623 -955 -955 -955 -955 -955 -1289 -967 -1249 -563 -177 -955 -955 -955 -955 -955 -1920 -809 -955 -955 -955 -955 -282 -192 -955 -955 -955 -955 -777 -1359 -908 -955 -955 -955 -955 -909 -604 -955 -955 -955
-349 -354 -354 -354 -354 -354 -354 -354 -354 -309 -99 -354 -354 -354 -354 -354 -594 -228 -503 -24 330 -354 -354 -354 -354 -354 -1444 -178 -354 -354 -354 -354 138 370 -354 -354 -354 -354 -227 -955 -299 -354 -354 -354 -354 -279 1 -354 -354 -354
-349 -354 -354 -354 -354 -354 -354 -354 -354 -309 -99 -354 -354 -354 -354 -354 -594 -228 -503 -24 330 -354 -354 -354 -354 -354 -1444 -178 -354 -354 -354 -354 138 370 -354 -354 -354 -354 -227 -955 -299 -354 -354 -354 -354 -279 1 -354 -354 -354
-349 -354 -354 -354 -354 -354 -354 -354 -354 -309 -99 -354 -354 -354 -354 -354 -594 -228 -503 -24 330 -354 -354 -354 -354 -354 -1444 -178 -354 -354 -354 -354 138 370 -354 -354 -354 -354 -227 -955 -299 -354 -354 -354 -354 -279 1 -354 -354 -354
-349 -354 -354 -354 -354 -354 -354 -354 -354 -309 -99 -354 -354 -354 -354 -354 -594 -228 -503 -24 330 -354 -354 -354 -354 -354 -1444 -178 -354 -354 -354 -354 138 370 -354 -354 -354 -354 -227 -955 -299 -354 -354 -354 -354 -279 1 -354 -354 -354
-349 -354 -354 -354 -354 -354 -354 -354 -354 -309 -99 -354 -354 -354 -354 -354 -594 -228 -503 -24 330 -354 -354 -354 -354 -354 -1444 -178 -354 -354 -354 -354 138 370 -354 -354 -354 -354 -227 -955 -299 -354 -354 -354 -354 -279 1 -354 -354 -354
175 194 194 194 194 194 194 194 194 289 483 194 194 194 194 194 37 116 -149 261 645 194 194 194 194 194 -842 365 194 194 194 194 825 562 194 194 194 194 326 -772 247 194 194 194 194 372 275 194 194 194
736 851 851 851 851 851 851 851 851 907 1133 851 851 851 851 851 681 451 229 397 1182 851 851 851 851 851 -264 1008 851 851 851 851 1289 1010 851 851 851 851 908 -466 893 851 851 851 851 832 765 851 851 851
958 969 969 969 969 969 969 969 969 1018 1247 969 969 969 969 969 908 776 563 670 1369 969 969 969 969 969 -86 1128 969 969 969 969 1338 1262 969 969 969 969 1026 -230 1010 969 969 969 969 952 959 969 969 969
975 846 846 846 846 846 846 846 846 1015 1174 846 846 846 846 846 793 666 433 688 1208 846 846 846 846 846 -90 1031 846 846 846 846 1460 1034 846 846 846 846 980 -450 901 846 846 846 846 912 797 846 846 846
-390 -439 -439 -439 -439 -439 -439 -439 -439 -447 -150 -439 -439 -439 -439 -439 -591 -192 -411 -107 393 -439 -439 -439 -439 -439 -1350 -321 -439 -439 -439 -439 -268 479 -439 -439 -439 -439 -365 -666 -411 -439 -439 -439 -439 -584 -69 -439 -439 -439
-349 -354 -354 -354 -354 -354 -354 -354 -354 -309 -99 -354 -354 -354 -354 -354 -594 -228 -503 -24 330 -354 -354 -354 -354 -354 -1444 -178 -354 -354 -354 -354 138 370 -354 -354 -354 -354 -227 -955 -299 -354 -354 -354 -354 -279 1 -354 -354 -354
-349 -354 -354 -354 -354 -354 -354 -354 -354 -309 -99 -354 -354 -354 -354 -354 -594 -228 -503 -24 330 -354 -354 -354 -354 -354 -1444 -178 -354 -354 -354 -354 138 370 -354 -354 -354 -354 -227 -955 -299 -354 -354 -354 -354 -279 1 -354 -354 -354
-349 -354 -354 -354 -354 -354 -354 -354 -354 -309 -99 -354 -354 -354 -354 -354 -594 -228 -503 -24 330 -354 -354 -354 -354 -354 -1444 -178 -354 -354 -354 -354 138 370 -354 -354 -354 -354 -227 -955 -299 -354 -354 -354 -354 -279 1 -354 -354 -354
-349 -354 -354 -354 -354 -354 -354 -354 -354 -309 -99 -354 -354 -354 -354 -354 -594 -228 -503 -24 330 -354 -354 -354 -354 -354 -1444 -178 -354 -354 -354 -354 138 370 -354 -354 -354 -354 -227 -955 -299 -354 -354 -354 -354 -279 1 -354 -354 -354
-349 -354 -354 -354 -354 -354 -354 -354 -354 -309 -99 -354 -354 -354 -354 -354 -594 -228 -503 -24 330 -354 -354 -354 -354 -354 -1444 -178 -354 -354 -354 -354 138 370 -354 -354 -354 -354 -227 -955 -299 -354 -354 -354 -354 -279 1 -354 -354 -354
660 -50 -50 -50 -50 -50 -50 -50 -50 120 425 -50 -50 -50 -50 -50 -174 166 10 616 796 -50 -50 -50 -50 -50 -364 103 -50 -50 -50 -50 817 771 -50 -50 -50 -50 122 -49 -8 -50 -50 -50 -50 294 479 -50 -50 -50
-349 -265 -265 -265 -265 -265 -265 -265 -265 -255 -23 -265 -265 -265 -265 -265 -521 -177 -446 -50 407 -265 -265 -265 -265 -265 -1431 -90 -265 -265 -265 -265 107 449 -265 -265 -265 -265 -166 -938 -212 -265 -265 -265 -265 -289 60 -265 -265 -265
-349 -354 -354 -354 -354 -354 -354 -354 -354 -309 -99 -354 -354 -354 -354 -354 -594 -228 -503 -24 330 -354 -354 -354 -354 -354 -1444 -178 -354 -354 -354 -354 138 370 -354 -354 -354 -354 -227 -955 -299 -354 -354 -354 -354 -279 1 -354 -354 -354
-349 -354 -354 -354 -354 -354 -354 -354 -354 -309 -99 -354 -354 -354 -354 -354 -594 -228 -503 -24 330 -354 -354 -354 -354 -354 -1444 -178 -354 -354 -354 -354 138 370 -354 -354 -354 -354 -227 -955 -299 -354 -354 -354 -354 -279 1 -354 -354 -354
-349 -354 -354 -354 -354 -354 -354 -354 -354 -309 -99 -354 -354 -354 -354 -354 -594 -228 -503 -24 330 -354 -354 -354 -354 -354 -1444 -178 -354 -354 -354 -354 138 370 -354 -354 -354 -354 -227 -955 -299 -354 -354 -354 -354 -279 1 -354 -354 -354
-349 -354 -354 -354 -354 -354 -354 -354 -354 -309 -99 -354 -354 -354 -354 -354 -594 -228 -503 -24 330 -354 -354 -354 -354 -354 -1444 -178 -354 -354 -354 -354 138 370 -354 -354 -354 -354 -227 -955 -299 -354 -354 -354 -354 -279 1 -354 -354 -354
-74 -267 -267 -267 -267 -267 -267 -267 -267 -36 81 -267 -267 -267 -267 -267 -441 -251 -552 54 262 -267 -267 -267 -267 -267 -1154 -85 -267 -267 -267 -267 540 180 -267 -267 -267 -267 -48 -1090 -206 -267 -267 -267 -267 -131 -106 -267 -267 -267
78 74 74 74 74 74 74 74 74 74 351 74 74 74 74 74 -78 86 -124 101 713 74 74 74 74 74 -877 199 74 74 74 74 319 727 74 74 74 74 126 -519 102 74 74 74 74 -28 285 74 74 74
-349 -354 -354 -354 -354 -354 -354 -354 -354 -309 -99 -354 -354 -354 -354 -354 -594 -228 -503 -24 330 -354 -354 -354 -354 -354 -1444 -178 -354 -354 -354 -354 138 370 -354 -354 -354 -354 -227 -955 -299 -354 -354 -354 -354 -279 1 -354 -354 -354
-349 -354 -354 -354 -354 -354 -354 -354 -354 -309 -99 -354 -354 -354 -354 -354 -594 -228 -503 -24 330 -354 -354 -354 -354 -354 -1444 -178 -354 -354 -354 -354 138 370 -354 -354 -354 -354 -227 -955 -299 -354 -354 -354 -354 -279 1 -354 -354 -354
-349 -354 -354 -354 -354 -354 -354 -354 -354 -309 -99 -354 -354 -354 -354 -354 -594 -228 -503 -24 330 -354 -354 -354 -354 -354 -1444 -178 -354 -354 -354 -354 138 370 -354 -354 -354 -354 -227 -955 -299 -354 -354 -354 -354 -279 1 -354 -354 -354
-349 -354 -354 -354 -354 -354 -354 -354 -354 -309 -99 -354 -354 -354 -354 -354 -594 -228 -503 -24 330 -354 -354 -354 -354 -354 -1444 -178 -354 -354 -354 -354 138 370 -354 -354 -354 -354 -227 -955 -299 -354 -354 -354 -354 -279 1 -354 -354 -354
-360 -412 -412 -412 -412 -412 -412 -412 -412 -283 -123 -412 -412 -412 -412 -412 -652 -353 -658 -84 241 -412 -412 -412 -412 -412 -1503 -227 -412 -412 -412 -412 232 233 -412 -412 -412 -412 -237 -1134 -352 -412 -412 -412 -412 -318 -113 -412 -412 -412
244 -353 -353 -353 -353 -353 -353 -353 -353 -183 96 -353 -353 -353 -353 -353 -465 -194 -357 258 470 -353 -353 -353 -353 -353 -720 -220 -353 -353 -353 -353 498 439 -353 -353 -353 -353 -181 -372 -320 -353 -353 -353 -353 -4 107 -353 -353 -353
-359 -334 -334 -334 -334 -334 -334 -334 -334 -298 -80 -334 -334 -334 -334 -334 -585 -228 -502 -45 347 -334 -334 -334 -334 -334 -1445 -159 -334 -334 -334 -334 121 385 -334 -334 -334 -334 -216 -951 -280 -334 -334 -334 -334 -294 11 -334 -334 -334
-349 -354 -354 -354 -354 -354 -354 -354 -354 -309 -99 -354 -354 -354 -354 -354 -594 -228 -503 -24 330 -354 -354 -354 -354 -354 -1444 -178 -354 -354 -354 -354 138 370 -354 -354 -354 -354 -227 -955 -299 -354 -354 -354 -354 -279 1 -354 -354 -354
-349 -354 -354 -354 -354 -354 -354 -354 -354 -309 -99 -354 -354 -354 -354 -354 -594 -228 -503 -24 330 -354 -354 -354 -354 -354 -1444 -178 -354 -354 -354 -354 138 370 -354 -354 -354 -354 -227 -955 -299 -354 -354 -354 -354 -279 1 -354 -354 -354
-349 -354 -354 -354 -354 -354 -354 -354 -354 -309 -99 -354 -354 -354 -354 -354 -594 -228 -503 -24 330 -354 -354 -354 -354 -354 -1444 -178 -354 -354 -354 -354 138 370 -354 -354 -354 -354 -227 -955 -299 -354 -354 -354 -354 -279 1 -354 -354 -354
-349 -354 -354 -354 -354 -354 -354 -354 -354 -309 -99 -354 -354 -354 -354 -354 -594 -228 -503 -24 330 -354 -354 -354 -354 -354 -1444 -178 -354 -354 -354 -354 138 370 -354 -354 -354 -354 -227 -955 -299 -354 -354 -354 -354 -279 1 -354 -354 -354
231 298 298 298 298 298 298 298 298 429 652 298 298 298 298 298 131 75 -221 165 736 298 298 298 298 298 -757 436 298 298 298 298 852 585 298 298 298 298 440 -669 342 298 298 298 298 319 207 298 298 298
338 468 468 468 468 468 468 468 468 399 680 468 468 468 468 468 294 434 244 315 1019 468 468 468 468 468 -665 636 468 468 468 468 589 1014 468 468 468 468 472 -481 507 468 468 468 468 323 637 468 468 468
-349 -354 -354 -354 -354 -354 -354 -354 -354 -309 -99 -354 -354 -354 -354 -354 -594 -228 -503 -24 330 -354 -354 -354 -354 -354 -1444 -178 -354 -354 -354 -354 138 370 -354 -354 -354 -354 -227 -955 -299 -354 -354 -354 -354 -279 1 -354 -354 -354
-349 -354 -354 -354 -354 -354 -354 -354 -354 -309 -99 -354 -354 -354 -354 -354 -594 -228 -503 -24 330 -354 -354 -354 -354 -354 -1444 -178 -354 -354 -354 -354 138 370 -354 -354 -354 -354 -227 -955 -299 -354 -354 -354 -354 -279 1 -354 -354 -354
-349 -354 -354 -354 -354 -354 -354 -354 -354 -309 -99 -354 -354 -354 -354 -354 -594 -228 -503 -24 330 -354 -354 -354 -354 -354 -1444 -178 -354 -354 -354 -354 138 370 -354 -354 -354 -354 -227 -955 -299 -354 -354 -354 -354 -279 1 -354 -354 -354
