2190 3292 3292 3292 3292 3292 3292 3292 3292 3171 2911 3292 3292 3292 3292 3292 3047 2076 1510 1764 2821 3292 3292 3292 3292 3292 1231 3313 3292 3292 3292 3292 2900 2375 3292 3292 3292 3292 3354 1255 3331 3292 3292 3292 3292 3091 2253 3292 3292 3292
2507 3307 3307 3307 3307 3307 3307 3307 3307 3519 3381 3307 3307 3307 3307 3307 2881 1893 1305 2072 2742 3307 3307 3307 3307 3307 1603 3274 3307 3307 3307 3307 3540 2377 3307 3307 3307 3307 3560 1614 3322 3307 3307 3307 3307 2796 2189 3307 3307 3307
2507 3307 3307 3307 3307 3307 3307 3307 3307 3519 3381 3307 3307 3307 3307 3307 2881 1893 1305 2072 2742 3307 3307 3307 3307 3307 1603 3274 3307 3307 3307 3307 3540 2377 3307 3307 3307 3307 3560 1614 3322 3307 3307 3307 3307 2796 2189 3307 3307 3307
2507 3307 3307 3307 3307 3307 3307 3307 3307 3519 3381 3307 3307 3307 3307 3307 2881 1893 1305 2072 2742 3307 3307 3307 3307 3307 1603 3274 3307 3307 3307 3307 3540 2377 3307 3307 3307 3307 3560 1614 3322 3307 3307 3307 3307 2796 2189 3307 3307 3307
2507 3307 3307 3307 3307 3307 3307 3307 3307 3519 3381 3307 3307 3307 3307 3307 2881 1893 1305 2072 2742 3307 3307 3307 3307 3307 1603 3274 3307 3307 3307 3307 3540 2377 3307 3307 3307 3307 3560 1614 3322 3307 3307 3307 3307 2796 2189 3307 3307 3307
2507 3307 3307 3307 3307 3307 3307 3307 3307 3519 3381 3307 3307 3307 3307 3307 2881 1893 1305 2072 2742 3307 3307 3307 3307 3307 1603 3274 3307 3307 3307 3307 3540 2377 3307 3307 3307 3307 3560 1614 3322 3307 3307 3307 3307 2796 2189 3307 3307 3307
2507 3307 3307 3307 3307 3307 3307 3307 3307 3519 3381 3307 3307 3307 3307 3307 2881 1893 1305 2072 2742 3307 3307 3307 3307 3307 1603 3274 3307 3307 3307 3307 3540 2377 3307 3307 3307 3307 3560 1614 3322 3307 3307 3307 3307 2796 2189 3307 3307 3307
2507 3307 3307 3307 3307 3307 3307 3307 3307 3519 3381 3307 3307 3307 3307 3307 2881 1893 1305 2072 2742 3307 3307 3307 3307 3307 1603 3274 3307 3307 3307 3307 3540 2377 3307 3307 3307 3307 3560 1614 3322 3307 3307 3307 3307 2796 2189 3307 3307 3307
2507 3307 3307 3307 3307 3307 3307 3307 3307 3519 3381 3307 3307 3307 3307 3307 2881 1893 1305 2072 2742 3307 3307 3307 3307 3307 1603 3274 3307 3307 3307 3307 3540 2377 3307 3307 3307 3307 3560 1614 3322 3307 3307 3307 3307 2796 2189 3307 3307 3307
2866 3610 3610 3610 3610 3610 3610 3610 3610 3869 3640 3610 3610 3610 3610 3610 3276 2314 1733 2566 2967 3610 3610 3610 3610 3610 1912 3589 3610 3610 3610 3610 3974 2622 3610 3610 3610 3610 3899 1784 3628 3610 3610 3610 3610 3231 2479 3610 3610 3610
2428 3114 3114 3114 3114 3114 3114 3114 3114 3264 3049 3114 3114 3114 3114 3114 2832 1877 1341 2053 2529 3114 3114 3114 3114 3114 1596 3109 3114 3114 3114 3114 3348 2178 3114 3114 3114 3114 3333 1463 3136 3114 3114 3114 3114 2826 2060 3114 3114 3114
2507 3307 3307 3307 3307 3307 3307 3307 3307 3519 3381 3307 3307 3307 3307 3307 2881 1893 1305 2072 2742 3307 3307 3307 3307 3307 1603 3274 3307 3307 3307 3307 3540 2377 3307 3307 3307 3307 3560 1614 3322 3307 3307 3307 3307 2796 2189 3307 3307 3307
2507 3307 3307 3307 3307 3307 3307 3307 3307 3519 3381 3307 3307 3307 3307 3307 2881 1893 1305 2072 2742 3307 3307 3307 3307 3307 1603 3274 3307 3307 3307 3307 3540 2377 3307 3307 3307 3307 3560 1614 3322 3307 3307 3307 3307 2796 2189 3307 3307 3307
2507 3307 3307 3307 3307 3307 3307 3307 3307 3519 3381 3307 3307 3307 3307 3307 2881 1893 1305 2072 2742 3307 3307 3307 3307 3307 1603 3274 3307 3307 3307 3307 3540 2377 3307 3307 3307 3307 3560 1614 3322 3307 3307 3307 3307 2796 2189 3307 3307 3307
2507 3307 3307 3307 3307 3307 3307 3307 3307 3519 3381 3307 3307 3307 3307 3307 2881 1893 1305 2072 2742 3307 3307 3307 3307 3307 1603 3274 3307 3307 3307 3307 3540 2377 3307 3307 3307 3307 3560 1614 3322 3307 3307 3307 3307 2796 2189 3307 3307 3307
2507 3307 3307 3307 3307 3307 3307 3307 3307 3519 3381 3307 3307 3307 3307 3307 2881 1893 1305 2072 2742 3307 3307 3307 3307 3307 1603 3274 3307 3307 3307 3307 3540 2377 3307 3307 3307 3307 3560 1614 3322 3307 3307 3307 3307 2796 2189 3307 3307 3307
2454 3316 3316 3316 3316 3316 3316 3316 3316 3415 3380 3316 3316 3316 3316 3316 2858 1998 1414 1943 2957 3316 3316 3316 3316 3316 1584 3269 3316 3316 3316 3316 3227 2590 3316 3316 3316 3316 3488 1851 3334 3316 3316 3316 3316 2752 2322 3316 3316 3316
2037 3321 3321 3321 3321 3321 3321 3321 3321 3206 3236 3321 3321 3321 3321 3321 2712 1752 1078 1304 3047 3321 3321 3321 3321 3321 1127 3275 3321 3321 3321 3321 2701 2581 3321 3321 3321 3321 3373 1621 3347 3321 3321 3321 3321 2595 2278 3321 3321 3321
1404 2937 2937 2937 2937 2937 2937 2937 2937 2731 2763 2937 2937 2937 2937 2937 2287 1302 612 656 2747 2937 2937 2937 2937 2937 431 2905 2937 2937 2937 2937 2064 2251 2937 2937 2937 2937 2932 1038 2965 2937 2937 2937 2937 2106 1938 2937 2937 2937
1847 3567 3567 3567 3567 3567 3567 3567 3567 3354 3252 3567 3567 3567 3567 3567 2975 1867 1152 1213 3149 3567 3567 3567 3567 3567 843 3529 3567 3567 3567 3567 2729 2576 3567 3567 3567 3567 3578 1233 3601 3567 3567 3567 3567 2947 2351 3567 3567 3567
1247 2166 2166 2166 2166 2166 2166 2166 2166 2176 1937 2166 2166 2166 2166 2166 1773 949 475 941 1820 2166 2166 2166 2166 2166 334 2187 2166 2166 2166 2166 2102 1461 2166 2166 2166 2166 2309 504 2198 2166 2166 2166 2166 1903 1368 2166 2166 2166
2507 3307 3307 3307 3307 3307 3307 3307 3307 3519 3381 3307 3307 3307 3307 3307 2881 1893 1305 2072 2742 3307 3307 3307 3307 3307 1603 3274 3307 3307 3307 3307 3540 2377 3307 3307 3307 3307 3560 1614 3322 3307 3307 3307 3307 2796 2189 3307 3307 3307
2507 3307 3307 3307 3307 3307 3307 3307 3307 3519 3381 3307 3307 3307 3307 3307 2881 1893 1305 2072 2742 3307 3307 3307 3307 3307 1603 3274 3307 3307 3307 3307 3540 2377 3307 3307 3307 3307 3560 1614 3322 3307 3307 3307 3307 2796 2189 3307 3307 3307
2507 3307 3307 3307 3307 3307 3307 3307 3307 3519 3381 3307 3307 3307 3307 3307 2881 1893 1305 2072 2742 3307 3307 3307 3307 3307 1603 3274 3307 3307 3307 3307 3540 2377 3307 3307 3307 3307 3560 1614 3322 3307 3307 3307 3307 2796 2189 3307 3307 3307
2507 3307 3307 3307 3307 3307 3307 3307 3307 3519 3381 3307 3307 3307 3307 3307 2881 1893 1305 2072 2742 3307 3307 3307 3307 3307 1603 3274 3307 3307 3307 3307 3540 2377 3307 3307 3307 3307 3560 1614 3322 3307 3307 3307 3307 2796 2189 3307 3307 3307
2507 3307 3307 3307 3307 3307 3307 3307 3307 3519 3381 3307 3307 3307 3307 3307 2881 1893 1305 2072 2742 3307 3307 3307 3307 3307 1603 3274 3307 3307 3307 3307 3540 2377 3307 3307 3307 3307 3560 1614 3322 3307 3307 3307 3307 2796 2189 3307 3307 3307
2704 3713 3713 3713 3713 3713 3713 3713 3713 3480 3406 3713 3713 3713 3713 3713 3515 2557 1884 1990 3291 3713 3713 3713 3713 3713 1891 3712 3713 3713 3713 3713 3054 2874 3713 3713 3713 3713 3679 1978 3746 3713 3713 3713 3713 3315 2617 3713 3713 3713
2331 3197 3197 3197 3197 3197 3197 3197 3197 3378 3227 3197 3197 3197 3197 3197 2733 1737 1151 1899 2678 3197 3197 3197 3197 3197 1351 3167 3197 3197 3197 3197 3362 2296 3197 3197 3197 3197 3440 1445 3213 3197 3197 3197 3197 2677 2105 3197 3197 3197
2507 3307 3307 3307 3307 3307 3307 3307 3307 3519 3381 3307 3307 3307 3307 3307 2881 1893 1305 2072 2742 3307 3307 3307 3307 3307 1603 3274 3307 3307 3307 3307 3540 2377 3307 3307 3307 3307 3560 1614 3322 3307 3307 3307 3307 2796 2189 3307 3307 3307
2507 3307 3307 3307 3307 3307 3307 3307 3307 3519 3381 3307 3307 3307 3307 3307 2881 1893 1305 2072 2742 3307 3307 3307 3307 3307 1603 3274 3307 3307 3307 3307 3540 2377 3307 3307 3307 3307 3560 1614 3322 3307 3307 3307 3307 2796 2189 3307 3307 3307
2507 3307 3307 3307 3307 3307 3307 3307 3307 3519 3381 3307 3307 3307 3307 3307 2881 1893 1305 2072 2742 3307 3307 3307 3307 3307 1603 3274 3307 3307 3307 3307 3540 2377 3307 3307 3307 3307 3560 1614 3322 3307 3307 3307 3307 2796 2189 3307 3307 3307
2507 3307 3307 3307 3307 3307 3307 3307 3307 3519 3381 3307 3307 3307 3307 3307 2881 1893 1305 2072 2742 3307 3307 3307 3307 3307 1603 3274 3307 3307 3307 3307 3540 2377 3307 3307 3307 3307 3560 1614 3322 3307 3307 3307 3307 2796 2189 3307 3307 3307
2751 3962 3962 3962 3962 3962 3962 3962 3962 4092 3752 3962 3962 3962 3962 3962 3572 2419 1863 2525 3296 3962 3962 3962 3962 3962 1620 3941 3962 3962 3962 3962 3959 2810 3962 3962 3962 3962 4205 1587 3983 3962 3962 3962 3962 3572 2692 3962 3962 3962
1526 2573 2573 2573 2573 2573 2573 2573 2573 2563 2355 2573 2573 2573 2573 2573 2133 1236 688 1105 2193 2573 2573 2573 2573 2573 596 2591 2573 2573 2573 2573 2390 1800 2573 2573 2573 2573 2706 777 2608 2573 2573 2573 2573 2192 1680 2573 2573 2573
2507 3307 3307 3307 3307 3307 3307 3307 3307 3519 3381 3307 3307 3307 3307 3307 2881 1893 1305 2072 2742 3307 3307 3307 3307 3307 1603 3274 3307 3307 3307 3307 3540 2377 3307 3307 3307 3307 3560 1614 3322 3307 3307 3307 3307 2796 2189 3307 3307 3307
2507 3307 3307 3307 3307 3307 3307 3307 3307 3519 3381 3307 3307 3307 3307 3307 2881 1893 1305 2072 2742 3307 3307 3307 3307 3307 1603 3274 3307 3307 3307 3307 3540 2377 3307 3307 3307 3307 3560 1614 3322 3307 3307 3307 3307 2796 2189 3307 3307 3307
2507 3307 3307 3307 3307 3307 3307 3307 3307 3519 3381 3307 3307 3307 3307 3307 2881 1893 1305 2072 2742 3307 3307 3307 3307 3307 1603 3274 3307 3307 3307 3307 3540 2377 3307 3307 3307 3307 3560 1614 3322 3307 3307 3307 3307 2796 2189 3307 3307 3307
2507 3307 3307 3307 3307 3307 3307 3307 3307 3519 3381 3307 3307 3307 3307 3307 2881 1893 1305 2072 2742 3307 3307 3307 3307 3307 1603 3274 3307 3307 3307 3307 3540 2377 3307 3307 3307 3307 3560 1614 3322 3307 3307 3307 3307 2796 2189 3307 3307 3307
2737 3542 3542 3542 3542 3542 3542 3542 3542 3778 3580 3542 3542 3542 3542 3542 3154 2168 1568 2376 2919 3542 3542 3542 3542 3542 1779 3513 3542 3542 3542 3542 3847 2551 3542 3542 3542 3542 3816 1706 3559 3542 3542 3542 3542 3123 2394 3542 3542 3542
2469 3149 3149 3149 3149 3149 3149 3149 3149 3013 2914 3149 3149 3149 3149 3149 3038 2260 1549 1720 2703 3149 3149 3149 3149 3149 1817 3183 3149 3149 3149 3149 2832 2372 3149 3149 3149 3149 3153 1660 3200 3149 3149 3149 3149 2983 2224 3149 3149 3149
2477 3288 3288 3288 3288 3288 3288 3288 3288 3496 3350 3288 3288 3288 3288 3288 2851 1861 1275 2048 2736 3288 3288 3288 3288 3288 1546 3256 3288 3288 3288 3288 3512 2367 3288 3288 3288 3288 3542 1579 3303 3288 3288 3288 3288 2775 2180 3288 3288 3288
2507 3307 3307 3307 3307 3307 3307 3307 3307 3519 3381 3307 3307 3307 3307 3307 2881 1893 1305 2072 2742 3307 3307 3307 3307 3307 1603 3274 3307 3307 3307 3307 3540 2377 3307 3307 3307 3307 3560 1614 3322 3307 3307 3307 3307 2796 2189 3307 3307 3307
2507 3307 3307 3307 3307 3307 3307 3307 3307 3519 3381 3307 3307 3307 3307 3307 2881 1893 1305 2072 2742 3307 3307 3307 3307 3307 1603 3274 3307 3307 3307 3307 3540 2377 3307 3307 3307 3307 3560 1614 3322 3307 3307 3307 3307 2796 2189 3307 3307 3307
2507 3307 3307 3307 3307 3307 3307 3307 3307 3519 3381 3307 3307 3307 3307 3307 2881 1893 1305 2072 2742 3307 3307 3307 3307 3307 1603 3274 3307 3307 3307 3307 3540 2377 3307 3307 3307 3307 3560 1614 3322 3307 3307 3307 3307 2796 2189 3307 3307 3307
2507 3307 3307 3307 3307 3307 3307 3307 3307 3519 3381 3307 3307 3307 3307 3307 2881 1893 1305 2072 2742 3307 3307 3307 3307 3307 1603 3274 3307 3307 3307 3307 3540 2377 3307 3307 3307 3307 3560 1614 3322 3307 3307 3307 3307 2796 2189 3307 3307 3307
1833 3313 3313 3313 3313 3313 3313 3313 3313 3222 3113 3313 3313 3313 3313 3313 2734 1653 1105 1381 2934 3313 3313 3313 3313 3313 868 3254 3313 3313 3313 3313 2741 2406 3313 3313 3313 3313 3397 1280 3327 3313 3313 3313 3313 2674 2161 3313 3313 3313
1515 2756 2756 2756 2756 2756 2756 2756 2756 2734 2565 2756 2756 2756 2756 2756 2229 1252 646 1047 2362 2756 2756 2756 2756 2756 527 2753 2756 2756 2756 2756 2462 1938 2756 2756 2756 2756 2881 798 2785 2756 2756 2756 2756 2189 1759 2756 2756 2756
2507 3307 3307 3307 3307 3307 3307 3307 3307 3519 3381 3307 3307 3307 3307 3307 2881 1893 1305 2072 2742 3307 3307 3307 3307 3307 1603 3274 3307 3307 3307 3307 3540 2377 3307 3307 3307 3307 3560 1614 3322 3307 3307 3307 3307 2796 2189 3307 3307 3307
2507 3307 3307 3307 3307 3307 3307 3307 3307 3519 3381 3307 3307 3307 3307 3307 2881 1893 1305 2072 2742 3307 3307 3307 3307 3307 1603 3274 3307 3307 3307 3307 3540 2377 3307 3307 3307 3307 3560 1614 3322 3307 3307 3307 3307 2796 2189 3307 3307 3307
2507 3307 3307 3307 3307 3307 3307 3307 3307 3519 3381 3307 3307 3307 3307 3307 2881 1893 1305 2072 2742 3307 3307 3307 3307 3307 1603 3274 3307 3307 3307 3307 3540 2377 3307 3307 3307 3307 3560 1614 3322 3307 3307 3307 3307 2796 2189 3307 3307 3307
