263 205 205 205 205 205 205 205 205 260 826 205 205 205 205 205 -417 -746 -804 -784 376 205 205 205 205 205 -240 25 205 205 205 205 50 486 205 205 205 205 322 1190 165 205 205 205 205 -445 126 205 205 205
-585 -1082 -1082 -1082 -1082 -1082 -1082 -1082 -1082 -1075 -312 -1082 -1082 -1082 -1082 -1082 -1622 -1646 -1576 -1630 -104 -1082 -1082 -1082 -1082 -1082 -1396 -1190 -1082 -1082 -1082 -1082 -1176 0 -1082 -1082 -1082 -1082 -1000 373 -1107 -1082 -1082 -1082 -1082 -1541 -590 -1082 -1082 -1082
-585 -1082 -1082 -1082 -1082 -1082 -1082 -1082 -1082 -1075 -312 -1082 -1082 -1082 -1082 -1082 -1622 -1646 -1576 -1630 -104 -1082 -1082 -1082 -1082 -1082 -1396 -1190 -1082 -1082 -1082 -1082 -1176 0 -1082 -1082 -1082 -1082 -1000 373 -1107 -1082 -1082 -1082 -1082 -1541 -590 -1082 -1082 -1082
-585 -1082 -1082 -1082 -1082 -1082 -1082 -1082 -1082 -1075 -312 -1082 -1082 -1082 -1082 -1082 -1622 -1646 -1576 -1630 -104 -1082 -1082 -1082 -1082 -1082 -1396 -1190 -1082 -1082 -1082 -1082 -1176 0 -1082 -1082 -1082 -1082 -1000 373 -1107 -1082 -1082 -1082 -1082 -1541 -590 -1082 -1082 -1082
-585 -1082 -1082 -1082 -1082 -1082 -1082 -1082 -1082 -1075 -312 -1082 -1082 -1082 -1082 -1082 -1622 -1646 -1576 -1630 -104 -1082 -1082 -1082 -1082 -1082 -1396 -1190 -1082 -1082 -1082 -1082 -1176 0 -1082 -1082 -1082 -1082 -1000 373 -1107 -1082 -1082 -1082 -1082 -1541 -590 -1082 -1082 -1082
-585 -1082 -1082 -1082 -1082 -1082 -1082 -1082 -1082 -1075 -312 -1082 -1082 -1082 -1082 -1082 -1622 -1646 -1576 -1630 -104 -1082 -1082 -1082 -1082 -1082 -1396 -1190 -1082 -1082 -1082 -1082 -1176 0 -1082 -1082 -1082 -1082 -1000 373 -1107 -1082 -1082 -1082 -1082 -1541 -590 -1082 -1082 -1082
-585 -1082 -1082 -1082 -1082 -1082 -1082 -1082 -1082 -1075 -312 -1082 -1082 -1082 -1082 -1082 -1622 -1646 -1576 -1630 -104 -1082 -1082 -1082 -1082 -1082 -1396 -1190 -1082 -1082 -1082 -1082 -1176 0 -1082 -1082 -1082 -1082 -1000 373 -1107 -1082 -1082 -1082 -1082 -1541 -590 -1082 -1082 -1082
-585 -1082 -1082 -1082 -1082 -1082 -1082 -1082 -1082 -1075 -312 -1082 -1082 -1082 -1082 -1082 -1622 -1646 -1576 -1630 -104 -1082 -1082 -1082 -1082 -1082 -1396 -1190 -1082 -1082 -1082 -1082 -1176 0 -1082 -1082 -1082 -1082 -1000 373 -1107 -1082 -1082 -1082 -1082 -1541 -590 -1082 -1082 -1082
-585 -1082 -1082 -1082 -1082 -1082 -1082 -1082 -1082 -1075 -312 -1082 -1082 -1082 -1082 -1082 -1622 -1646 -1576 -1630 -104 -1082 -1082 -1082 -1082 -1082 -1396 -1190 -1082 -1082 -1082 -1082 -1176 0 -1082 -1082 -1082 -1082 -1000 373 -1107 -1082 -1082 -1082 -1082 -1541 -590 -1082 -1082 -1082
-826 -1319 -1319 -1319 -1319 -1319 -1319 -1319 -1319 -1282 -583 -1319 -1319 -1319 -1319 -1319 -1779 -1819 -1733 -1684 -356 -1319 -1319 -1319 -1319 -1319 -1763 -1414 -1319 -1319 -1319 -1319 -1263 -275 -1319 -1319 -1319 -1319 -1192 -4 -1343 -1319 -1319 -1319 -1319 -1611 -870 -1319 -1319 -1319
-314 -1161 -1161 -1161 -1161 -1161 -1161 -1161 -1161 -1195 -366 -1161 -1161 -1161 -1161 -1161 -1601 -1385 -1252 -1365 89 -1161 -1161 -1161 -1161 -1161 -1215 -1238 -1161 -1161 -1161 -1161 -1156 328 -1161 -1161 -1161 -1161 -1103 674 -1174 -1161 -1161 -1161 -1161 -1430 -280 -1161 -1161 -1161
-585 -1082 -1082 -1082 -1082 -1082 -1082 -1082 -1082 -1075 -312 -1082 -1082 -1082 -1082 -1082 -1622 -1646 -1576 -1630 -104 -1082 -1082 -1082 -1082 -1082 -1396 -1190 -1082 -1082 -1082 -1082 -1176 0 -1082 -1082 -1082 -1082 -1000 373 -1107 -1082 -1082 -1082 -1082 -1541 -590 -1082 -1082 -1082
-585 -1082 -1082 -1082 -1082 -1082 -1082 -1082 -1082 -1075 -312 -1082 -1082 -1082 -1082 -1082 -1622 -1646 -1576 -1630 -104 -1082 -1082 -1082 -1082 -1082 -1396 -1190 -1082 -1082 -1082 -1082 -1176 0 -1082 -1082 -1082 -1082 -1000 373 -1107 -1082 -1082 -1082 -1082 -1541 -590 -1082 -1082 -1082
-585 -1082 -1082 -1082 -1082 -1082 -1082 -1082 -1082 -1075 -312 -1082 -1082 -1082 -1082 -1082 -1622 -1646 -1576 -1630 -104 -1082 -1082 -1082 -1082 -1082 -1396 -1190 -1082 -1082 -1082 -1082 -1176 0 -1082 -1082 -1082 -1082 -1000 373 -1107 -1082 -1082 -1082 -1082 -1541 -590 -1082 -1082 -1082
-585 -1082 -1082 -1082 -1082 -1082 -1082 -1082 -1082 -1075 -312 -1082 -1082 -1082 -1082 -1082 -1622 -1646 -1576 -1630 -104 -1082 -1082 -1082 -1082 -1082 -1396 -1190 -1082 -1082 -1082 -1082 -1176 0 -1082 -1082 -1082 -1082 -1000 373 -1107 -1082 -1082 -1082 -1082 -1541 -590 -1082 -1082 -1082
-585 -1082 -1082 -1082 -1082 -1082 -1082 -1082 -1082 -1075 -312 -1082 -1082 -1082 -1082 -1082 -1622 -1646 -1576 -1630 -104 -1082 -1082 -1082 -1082 -1082 -1396 -1190 -1082 -1082 -1082 -1082 -1176 0 -1082 -1082 -1082 -1082 -1000 373 -1107 -1082 -1082 -1082 -1082 -1541 -590 -1082 -1082 -1082
-279 -323 -323 -323 -323 -323 -323 -323 -323 -221 348 -323 -323 -323 -323 -323 -917 -1220 -1200 -976 252 -323 -323 -323 -323 -323 -1320 -450 -323 -323 -323 -323 -293 196 -323 -323 -323 -323 -115 303 -360 -323 -323 -323 -323 -741 -338 -323 -323 -323
286 447 447 447 447 447 447 447 447 595 1108 447 447 447 447 447 -259 -777 -875 -595 585 447 447 447 447 447 -535 271 447 447 447 447 442 505 447 447 447 447 674 889 403 447 447 447 447 -180 70 447 447 447
260 631 631 631 631 631 631 631 631 794 1307 631 631 631 631 631 -258 -897 -1018 -813 543 631 631 631 631 631 -261 421 631 631 631 631 524 437 631 631 631 631 814 958 579 631 631 631 631 -280 64 631 631 631
75 642 642 642 642 642 642 642 642 899 1243 642 642 642 642 642 -154 -959 -1139 -690 238 642 642 642 642 642 -503 434 642 642 642 642 851 37 642 642 642 642 929 421 588 642 642 642 642 8 -297 642 642 642
-214 -839 -839 -839 -839 -839 -839 -839 -839 -793 64 -839 -839 -839 -839 -839 -1516 -1587 -1648 -1763 -129 -839 -839 -839 -839 -839 -497 -1005 -839 -839 -839 -839 -1028 53 -839 -839 -839 -839 -799 1073 -867 -839 -839 -839 -839 -1631 -484 -839 -839 -839
-585 -1082 -1082 -1082 -1082 -1082 -1082 -1082 -1082 -1075 -312 -1082 -1082 -1082 -1082 -1082 -1622 -1646 -1576 -1630 -104 -1082 -1082 -1082 -1082 -1082 -1396 -1190 -1082 -1082 -1082 -1082 -1176 0 -1082 -1082 -1082 -1082 -1000 373 -1107 -1082 -1082 -1082 -1082 -1541 -590 -1082 -1082 -1082
-585 -1082 -1082 -1082 -1082 -1082 -1082 -1082 -1082 -1075 -312 -1082 -1082 -1082 -1082 -1082 -1622 -1646 -1576 -1630 -104 -1082 -1082 -1082 -1082 -1082 -1396 -1190 -1082 -1082 -1082 -1082 -1176 0 -1082 -1082 -1082 -1082 -1000 373 -1107 -1082 -1082 -1082 -1082 -1541 -590 -1082 -1082 -1082
-585 -1082 -1082 -1082 -1082 -1082 -1082 -1082 -1082 -1075 -312 -1082 -1082 -1082 -1082 -1082 -1622 -1646 -1576 -1630 -104 -1082 -1082 -1082 -1082 -1082 -1396 -1190 -1082 -1082 -1082 -1082 -1176 0 -1082 -1082 -1082 -1082 -1000 373 -1107 -1082 -1082 -1082 -1082 -1541 -590 -1082 -1082 -1082
-585 -1082 -1082 -1082 -1082 -1082 -1082 -1082 -1082 -1075 -312 -1082 -1082 -1082 -1082 -1082 -1622 -1646 -1576 -1630 -104 -1082 -1082 -1082 -1082 -1082 -1396 -1190 -1082 -1082 -1082 -1082 -1176 0 -1082 -1082 -1082 -1082 -1000 373 -1107 -1082 -1082 -1082 -1082 -1541 -590 -1082 -1082 -1082
-585 -1082 -1082 -1082 -1082 -1082 -1082 -1082 -1082 -1075 -312 -1082 -1082 -1082 -1082 -1082 -1622 -1646 -1576 -1630 -104 -1082 -1082 -1082 -1082 -1082 -1396 -1190 -1082 -1082 -1082 -1082 -1176 0 -1082 -1082 -1082 -1082 -1000 373 -1107 -1082 -1082 -1082 -1082 -1541 -590 -1082 -1082 -1082
135 438 438 438 438 438 438 438 438 409 1039 438 438 438 438 438 -482 -796 -692 -698 840 438 438 438 438 438 -616 275 438 438 438 438 227 855 438 438 438 438 520 1021 399 438 438 438 438 -340 462 438 438 438
-517 -1007 -1007 -1007 -1007 -1007 -1007 -1007 -1007 -983 -222 -1007 -1007 -1007 -1007 -1007 -1544 -1607 -1580 -1621 -110 -1007 -1007 -1007 -1007 -1007 -1269 -1126 -1007 -1007 -1007 -1007 -1111 -4 -1007 -1007 -1007 -1007 -916 468 -1033 -1007 -1007 -1007 -1007 -1498 -591 -1007 -1007 -1007
-585 -1082 -1082 -1082 -1082 -1082 -1082 -1082 -1082 -1075 -312 -1082 -1082 -1082 -1082 -1082 -1622 -1646 -1576 -1630 -104 -1082 -1082 -1082 -1082 -1082 -1396 -1190 -1082 -1082 -1082 -1082 -1176 0 -1082 -1082 -1082 -1082 -1000 373 -1107 -1082 -1082 -1082 -1082 -1541 -590 -1082 -1082 -1082
-585 -1082 -1082 -1082 -1082 -1082 -1082 -1082 -1082 -1075 -312 -1082 -1082 -1082 -1082 -1082 -1622 -1646 -1576 -1630 -104 -1082 -1082 -1082 -1082 -1082 -1396 -1190 -1082 -1082 -1082 -1082 -1176 0 -1082 -1082 -1082 -1082 -1000 373 -1107 -1082 -1082 -1082 -1082 -1541 -590 -1082 -1082 -1082
-585 -1082 -1082 -1082 -1082 -1082 -1082 -1082 -1082 -1075 -312 -1082 -1082 -1082 -1082 -1082 -1622 -1646 -1576 -1630 -104 -1082 -1082 -1082 -1082 -1082 -1396 -1190 -1082 -1082 -1082 -1082 -1176 0 -1082 -1082 -1082 -1082 -1000 373 -1107 -1082 -1082 -1082 -1082 -1541 -590 -1082 -1082 -1082
-585 -1082 -1082 -1082 -1082 -1082 -1082 -1082 -1082 -1075 -312 -1082 -1082 -1082 -1082 -1082 -1622 -1646 -1576 -1630 -104 -1082 -1082 -1082 -1082 -1082 -1396 -1190 -1082 -1082 -1082 -1082 -1176 0 -1082 -1082 -1082 -1082 -1000 373 -1107 -1082 -1082 -1082 -1082 -1541 -590 -1082 -1082 -1082
-893 -931 -931 -931 -931 -931 -931 -931 -931 -797 -303 -931 -931 -931 -931 -931 -1460 -1777 -1789 -1575 -556 -931 -931 -931 -931 -931 -1623 -1063 -931 -931 -931 -931 -681 -578 -931 -931 -931 -931 -733 -338 -963 -931 -931 -931 -931 -1175 -1063 -931 -931 -931
-12 -417 -417 -417 -417 -417 -417 -417 -417 -332 417 -417 -417 -417 -417 -417 -1142 -1365 -1436 -1478 32 -417 -417 -417 -417 -417 -314 -599 -417 -417 -417 -417 -584 168 -417 -417 -417 -417 -343 1146 -452 -417 -417 -417 -417 -1275 -285 -417 -417 -417
-585 -1082 -1082 -1082 -1082 -1082 -1082 -1082 -1082 -1075 -312 -1082 -1082 -1082 -1082 -1082 -1622 -1646 -1576 -1630 -104 -1082 -1082 -1082 -1082 -1082 -1396 -1190 -1082 -1082 -1082 -1082 -1176 0 -1082 -1082 -1082 -1082 -1000 373 -1107 -1082 -1082 -1082 -1082 -1541 -590 -1082 -1082 -1082
-585 -1082 -1082 -1082 -1082 -1082 -1082 -1082 -1082 -1075 -312 -1082 -1082 -1082 -1082 -1082 -1622 -1646 -1576 -1630 -104 -1082 -1082 -1082 -1082 -1082 -1396 -1190 -1082 -1082 -1082 -1082 -1176 0 -1082 -1082 -1082 -1082 -1000 373 -1107 -1082 -1082 -1082 -1082 -1541 -590 -1082 -1082 -1082
-585 -1082 -1082 -1082 -1082 -1082 -1082 -1082 -1082 -1075 -312 -1082 -1082 -1082 -1082 -1082 -1622 -1646 -1576 -1630 -104 -1082 -1082 -1082 -1082 -1082 -1396 -1190 -1082 -1082 -1082 -1082 -1176 0 -1082 -1082 -1082 -1082 -1000 373 -1107 -1082 -1082 -1082 -1082 -1541 -590 -1082 -1082 -1082
-585 -1082 -1082 -1082 -1082 -1082 -1082 -1082 -1082 -1075 -312 -1082 -1082 -1082 -1082 -1082 -1622 -1646 -1576 -1630 -104 -1082 -1082 -1082 -1082 -1082 -1396 -1190 -1082 -1082 -1082 -1082 -1176 0 -1082 -1082 -1082 -1082 -1000 373 -1107 -1082 -1082 -1082 -1082 -1541 -590 -1082 -1082 -1082
-619 -1088 -1088 -1088 -1088 -1088 -1088 -1088 -1088 -1046 -353 -1088 -1088 -1088 -1088 -1088 -1572 -1635 -1567 -1527 -163 -1088 -1088 -1088 -1088 -1088 -1540 -1185 -1088 -1088 -1088 -1088 -1045 -89 -1088 -1088 -1088 -1088 -965 160 -1112 -1088 -1088 -1088 -1088 -1412 -671 -1088 -1088 -1088
861 729 729 729 729 729 729 729 729 686 1351 729 729 729 729 729 -85 -186 -67 -133 1303 729 729 729 729 729 146 606 729 729 729 729 561 1428 729 729 729 729 763 1673 702 729 729 729 729 7 1091 729 729 729
-548 -1055 -1055 -1055 -1055 -1055 -1055 -1055 -1055 -1046 -282 -1055 -1055 -1055 -1055 -1055 -1586 -1614 -1559 -1608 -90 -1055 -1055 -1055 -1055 -1055 -1350 -1164 -1055 -1055 -1055 -1055 -1150 16 -1055 -1055 -1055 -1055 -971 413 -1079 -1055 -1055 -1055 -1055 -1512 -575 -1055 -1055 -1055
-585 -1082 -1082 -1082 -1082 -1082 -1082 -1082 -1082 -1075 -312 -1082 -1082 -1082 -1082 -1082 -1622 -1646 -1576 -1630 -104 -1082 -1082 -1082 -1082 -1082 -1396 -1190 -1082 -1082 -1082 -1082 -1176 0 -1082 -1082 -1082 -1082 -1000 373 -1107 -1082 -1082 -1082 -1082 -1541 -590 -1082 -1082 -1082
-585 -1082 -1082 -1082 -1082 -1082 -1082 -1082 -1082 -1075 -312 -1082 -1082 -1082 -1082 -1082 -1622 -1646 -1576 -1630 -104 -1082 -1082 -1082 -1082 -1082 -1396 -1190 -1082 -1082 -1082 -1082 -1176 0 -1082 -1082 -1082 -1082 -1000 373 -1107 -1082 -1082 -1082 -1082 -1541 -590 -1082 -1082 -1082
-585 -1082 -1082 -1082 -1082 -1082 -1082 -1082 -1082 -1075 -312 -1082 -1082 -1082 -1082 -1082 -1622 -1646 -1576 -1630 -104 -1082 -1082 -1082 -1082 -1082 -1396 -1190 -1082 -1082 -1082 -1082 -1176 0 -1082 -1082 -1082 -1082 -1000 373 -1107 -1082 -1082 -1082 -1082 -1541 -590 -1082 -1082 -1082
-585 -1082 -1082 -1082 -1082 -1082 -1082 -1082 -1082 -1075 -312 -1082 -1082 -1082 -1082 -1082 -1622 -1646 -1576 -1630 -104 -1082 -1082 -1082 -1082 -1082 -1396 -1190 -1082 -1082 -1082 -1082 -1176 0 -1082 -1082 -1082 -1082 -1000 373 -1107 -1082 -1082 -1082 -1082 -1541 -590 -1082 -1082 -1082
-99 80 80 80 80 80 80 80 80 235 726 80 80 80 80 80 -613 -1075 -1174 -913 245 80 80 80 80 80 -820 -74 80 80 80 80 219 147 80 80 80 80 290 341 42 80 80 80 80 -371 -315 80 80 80
-184 -345 -345 -345 -345 -345 -345 -345 -345 -243 480 -345 -345 -345 -345 -345 -1155 -1511 -1608 -1612 -65 -345 -345 -345 -345 -345 -461 -545 -345 -345 -345 -345 -556 1 -345 -345 -345 -345 -255 950 -386 -345 -345 -345 -345 -1313 -444 -345 -345 -345
-585 -1082 -1082 -1082 -1082 -1082 -1082 -1082 -1082 -1075 -312 -1082 -1082 -1082 -1082 -1082 -1622 -1646 -1576 -1630 -104 -1082 -1082 -1082 -1082 -1082 -1396 -1190 -1082 -1082 -1082 -1082 -1176 0 -1082 -1082 -1082 -1082 -1000 373 -1107 -1082 -1082 -1082 -1082 -1541 -590 -1082 -1082 -1082
-585 -1082 -1082 -1082 -1082 -1082 -1082 -1082 -1082 -1075 -312 -1082 -1082 -1082 -1082 -1082 -1622 -1646 -1576 -1630 -104 -1082 -1082 -1082 -1082 -1082 -1396 -1190 -1082 -1082 -1082 -1082 -1176 0 -1082 -1082 -1082 -1082 -1000 373 -1107 -1082 -1082 -1082 -1082 -1541 -590 -1082 -1082 -1082
-585 -1082 -1082 -1082 -1082 -1082 -1082 -1082 -1082 -1075 -312 -1082 -1082 -1082 -1082 -1082 -1622 -1646 -1576 -1630 -104 -1082 -1082 -1082 -1082 -1082 -1396 -1190 -1082 -1082 -1082 -1082 -1176 0 -1082 -1082 -1082 -1082 -1000 373 -1107 -1082 -1082 -1082 -1082 -1541 -590 -1082 -1082 -1082
