-722 1248 -836 -24 -640 3343 -555 4436 2398 1747 2346 751 -3187 1943 561 3096 1633 -2358 175 -2786 741 2019 614 -2974 2923 1321 3903 1846 2710 2075 -1803 -1118 3284 -1609 1157 4470 2370 3031 2115 4016 1283 498 1420 3729 448 1139 -385 842 -737 -3665 1958 -620 1131 -662 -1565 905 -2122 -3668 503 -3898 347 -2054 -4238 -1927
-660 372 -1322 -2951 -583 1630 922 3646 2204 381 2288 1265 -2689 3769 2712 2870 1144 -426 -570 -1928 558 735 267 -4142 2011 -636 3026 -456 2615 656 -1746 -2184 931 -1954 215 6335 3170 1047 1337 2213 -504 -1073 -424 832 -3130 1073 -686 2180 -842 -4329 1798 1091 -604 -335 568 -925 -2625 -4490 -249 -4201 -1689 -656 -1362 -2348
-660 372 -1322 -2951 -583 1630 922 3646 2204 381 2288 1265 -2689 3769 2712 2870 1144 -426 -570 -1928 558 735 267 -4142 2011 -636 3026 -456 2615 656 -1746 -2184 931 -1954 215 6335 3170 1047 1337 2213 -504 -1073 -424 832 -3130 1073 -686 2180 -842 -4329 1798 1091 -604 -335 568 -925 -2625 -4490 -249 -4201 -1689 -656 -1362 -2348
-660 372 -1322 -2951 -583 1630 922 3646 2204 381 2288 1265 -2689 3769 2712 2870 1144 -426 -570 -1928 558 735 267 -4142 2011 -636 3026 -456 2615 656 -1746 -2184 931 -1954 215 6335 3170 1047 1337 2213 -504 -1073 -424 832 -3130 1073 -686 2180 -842 -4329 1798 1091 -604 -335 568 -925 -2625 -4490 -249 -4201 -1689 -656 -1362 -2348
-660 372 -1322 -2951 -583 1630 922 3646 2204 381 2288 1265 -2689 3769 2712 2870 1144 -426 -570 -1928 558 735 267 -4142 2011 -636 3026 -456 2615 656 -1746 -2184 931 -1954 215 6335 3170 1047 1337 2213 -504 -1073 -424 832 -3130 1073 -686 2180 -842 -4329 1798 1091 -604 -335 568 -925 -2625 -4490 -249 -4201 -1689 -656 -1362 -2348
-660 372 -1322 -2951 -583 1630 922 3646 2204 381 2288 1265 -2689 3769 2712 2870 1144 -426 -570 -1928 558 735 267 -4142 2011 -636 3026 -456 2615 656 -1746 -2184 931 -1954 215 6335 3170 1047 1337 2213 -504 -1073 -424 832 -3130 1073 -686 2180 -842 -4329 1798 1091 -604 -335 568 -925 -2625 -4490 -249 -4201 -1689 -656 -1362 -2348
-660 372 -1322 -2951 -583 1630 922 3646 2204 381 2288 1265 -2689 3769 2712 2870 1144 -426 -570 -1928 558 735 267 -4142 2011 -636 3026 -456 2615 656 -1746 -2184 931 -1954 215 6335 3170 1047 1337 2213 -504 -1073 -424 832 -3130 1073 -686 2180 -842 -4329 1798 1091 -604 -335 568 -925 -2625 -4490 -249 -4201 -1689 -656 -1362 -2348
-660 372 -1322 -2951 -583 1630 922 3646 2204 381 2288 1265 -2689 3769 2712 2870 1144 -426 -570 -1928 558 735 267 -4142 2011 -636 3026 -456 2615 656 -1746 -2184 931 -1954 215 6335 3170 1047 1337 2213 -504 -1073 -424 832 -3130 1073 -686 2180 -842 -4329 1798 1091 -604 -335 568 -925 -2625 -4490 -249 -4201 -1689 -656 -1362 -2348
-660 372 -1322 -2951 -583 1630 922 3646 2204 381 2288 1265 -2689 3769 2712 2870 1144 -426 -570 -1928 558 735 267 -4142 2011 -636 3026 -456 2615 656 -1746 -2184 931 -1954 215 6335 3170 1047 1337 2213 -504 -1073 -424 832 -3130 1073 -686 2180 -842 -4329 1798 1091 -604 -335 568 -925 -2625 -4490 -249 -4201 -1689 -656 -1362 -2348
-1238 891 -1377 -2127 -245 628 1031 3761 2746 152 2619 1491 -2339 2562 2854 2450 656 -650 -684 -2007 1125 1586 491 -4368 2085 -809 3216 -481 2907 530 -1734 -2296 1435 -2501 332 6037 3018 1633 1760 2809 -285 -1678 -408 1270 -3059 895 -841 2132 -1147 -3985 2363 925 -728 -230 424 -1433 -2640 -4497 -427 -4261 -1686 -1330 -1573 -3052
-1653 628 -1646 -1922 -489 2230 1082 4532 2304 367 1742 1194 -2031 3525 3370 3437 834 -719 -1445 -1689 716 836 602 -4286 2245 -552 2306 658 2533 514 -1829 -1938 1811 -1457 909 6149 3437 1712 1165 2343 -463 -1232 76 1033 -2197 662 -822 1842 -1075 -3810 1509 746 -400 154 606 -986 -1746 -4227 110 -3267 -1962 -1609 -1061 -1783
-660 372 -1322 -2951 -583 1630 922 3646 2204 381 2288 1265 -2689 3769 2712 2870 1144 -426 -570 -1928 558 735 267 -4142 2011 -636 3026 -456 2615 656 -1746 -2184 931 -1954 215 6335 3170 1047 1337 2213 -504 -1073 -424 832 -3130 1073 -686 2180 -842 -4329 1798 1091 -604 -335 568 -925 -2625 -4490 -249 -4201 -1689 -656 -1362 -2348
-660 372 -1322 -2951 -583 1630 922 3646 2204 381 2288 1265 -2689 3769 2712 2870 1144 -426 -570 -1928 558 735 267 -4142 2011 -636 3026 -456 2615 656 -1746 -2184 931 -1954 215 6335 3170 1047 1337 2213 -504 -1073 -424 832 -3130 1073 -686 2180 -842 -4329 1798 1091 -604 -335 568 -925 -2625 -4490 -249 -4201 -1689 -656 -1362 -2348
-660 372 -1322 -2951 -583 1630 922 3646 2204 381 2288 1265 -2689 3769 2712 2870 1144 -426 -570 -1928 558 735 267 -4142 2011 -636 3026 -456 2615 656 -1746 -2184 931 -1954 215 6335 3170 1047 1337 2213 -504 -1073 -424 832 -3130 1073 -686 2180 -842 -4329 1798 1091 -604 -335 568 -925 -2625 -4490 -249 -4201 -1689 -656 -1362 -2348
-660 372 -1322 -2951 -583 1630 922 3646 2204 381 2288 1265 -2689 3769 2712 2870 1144 -426 -570 -1928 558 735 267 -4142 2011 -636 3026 -456 2615 656 -1746 -2184 931 -1954 215 6335 3170 1047 1337 2213 -504 -1073 -424 832 -3130 1073 -686 2180 -842 -4329 1798 1091 -604 -335 568 -925 -2625 -4490 -249 -4201 -1689 -656 -1362 -2348
-660 372 -1322 -2951 -583 1630 922 3646 2204 381 2288 1265 -2689 3769 2712 2870 1144 -426 -570 -1928 558 735 267 -4142 2011 -636 3026 -456 2615 656 -1746 -2184 931 -1954 215 6335 3170 1047 1337 2213 -504 -1073 -424 832 -3130 1073 -686 2180 -842 -4329 1798 1091 -604 -335 568 -925 -2625 -4490 -249 -4201 -1689 -656 -1362 -2348
-815 62 -518 -2767 -395 883 18 3263 1827 1255 3025 957 -4233 3166 952 2219 1710 -835 -182 -3213 737 1596 262 -2809 1740 954 3768 -285 3323 1937 -718 -1742 995 -2318 313 5716 3639 1449 2771 3127 95 -108 -73 1536 -2648 2030 -209 1670 -695 -4119 2765 428 -150 -765 -597 -313 -3035 -4331 453 -5066 5 54 -3323 -3138
415 545 700 -2289 -586 2018 -1498 2803 1839 2472 3691 453 -4856 1385 -801 1712 1881 -1745 773 -3095 894 1993 -971 -2790 1454 2262 4047 919 1775 3091 -1236 -767 654 -2652 303 4491 2708 1755 2201 3444 1367 215 1041 3102 -569 1788 -587 493 -523 -3553 2135 22 773 -1296 -1187 1127 -2950 -3606 889 -5031 1009 -69 -4345 -1422
927 -293 895 -1545 -517 2839 -856 2980 1939 1833 3255 895 -4513 1231 -1060 1300 2504 -1640 1721 -3040 398 1792 -1413 -3575 1862 1550 4894 1389 1704 2637 -1370 -638 595 -2972 -849 4001 2245 1418 1648 3592 1048 -321 1280 3824 35 1853 -146 -181 -56 -3729 985 574 779 -1372 -1000 1415 -3156 -3263 1206 -4565 371 -42 -3790 -1748
115 1161 670 -200 -577 1586 -1258 3624 2058 2409 3756 220 -3839 -692 -254 1235 1659 -1666 1616 -3369 1717 2833 -504 -3576 1154 1043 4970 1819 1745 3103 -1068 -452 1626 -2939 -127 3717 1906 2175 2340 4090 1578 -637 1831 4903 392 1820 -543 -428 -144 -3779 1372 173 798 -1350 -1625 669 -2923 -3239 1292 -4448 1099 -1032 -4020 -2106
-149 -271 -604 -1609 -383 4130 325 4954 1895 514 1217 2056 -3443 2835 1772 3799 1948 -1413 -253 -1215 405 -771 -620 -4209 2643 -1339 3178 932 1503 1528 -3844 -1301 1887 -1286 240 5303 2885 721 439 2273 67 -976 1311 3179 -710 860 -1643 1024 -470 -4655 789 1160 914 159 19 284 -2099 -3226 585 -3626 -1883 -1617 -1691 -515
-660 372 -1322 -2951 -583 1630 922 3646 2204 381 2288 1265 -2689 3769 2712 2870 1144 -426 -570 -1928 558 735 267 -4142 2011 -636 3026 -456 2615 656 -1746 -2184 931 -1954 215 6335 3170 1047 1337 2213 -504 -1073 -424 832 -3130 1073 -686 2180 -842 -4329 1798 1091 -604 -335 568 -925 -2625 -4490 -249 -4201 -1689 -656 -1362 -2348
-660 372 -1322 -2951 -583 1630 922 3646 2204 381 2288 1265 -2689 3769 2712 2870 1144 -426 -570 -1928 558 735 267 -4142 2011 -636 3026 -456 2615 656 -1746 -2184 931 -1954 215 6335 3170 1047 1337 2213 -504 -1073 -424 832 -3130 1073 -686 2180 -842 -4329 1798 1091 -604 -335 568 -925 -2625 -4490 -249 -4201 -1689 -656 -1362 -2348
-660 372 -1322 -2951 -583 1630 922 3646 2204 381 2288 1265 -2689 3769 2712 2870 1144 -426 -570 -1928 558 735 267 -4142 2011 -636 3026 -456 2615 656 -1746 -2184 931 -1954 215 6335 3170 1047 1337 2213 -504 -1073 -424 832 -3130 1073 -686 2180 -842 -4329 1798 1091 -604 -335 568 -925 -2625 -4490 -249 -4201 -1689 -656 -1362 -2348
-660 372 -1322 -2951 -583 1630 922 3646 2204 381 2288 1265 -2689 3769 2712 2870 1144 -426 -570 -1928 558 735 267 -4142 2011 -636 3026 -456 2615 656 -1746 -2184 931 -1954 215 6335 3170 1047 1337 2213 -504 -1073 -424 832 -3130 1073 -686 2180 -842 -4329 1798 1091 -604 -335 568 -925 -2625 -4490 -249 -4201 -1689 -656 -1362 -2348
-660 372 -1322 -2951 -583 1630 922 3646 2204 381 2288 1265 -2689 3769 2712 2870 1144 -426 -570 -1928 558 735 267 -4142 2011 -636 3026 -456 2615 656 -1746 -2184 931 -1954 215 6335 3170 1047 1337 2213 -504 -1073 -424 832 -3130 1073 -686 2180 -842 -4329 1798 1091 -604 -335 568 -925 -2625 -4490 -249 -4201 -1689 -656 -1362 -2348
-2428 448 -617 -463 -463 2543 -763 3326 3002 1562 1218 497 -3531 3447 354 2725 1412 -2798 11 -2933 -1473 4285 434 -3029 4030 2415 2086 2334 3793 738 -1068 -780 2401 -937 1044 3965 2930 3380 2020 4099 1028 465 -152 2469 22 1725 1900 791 -1201 -2611 1131 -154 580 -1466 -4 456 -1664 -3442 72 -3760 -165 -490 -4104 -1500
-534 551 -887 -2963 -783 1925 628 3653 2094 454 2511 1399 -2641 3163 2389 2693 1401 -586 -524 -1826 867 453 -12 -4100 1844 -432 3321 -493 2369 1123 -1904 -1987 876 -1910 103 6277 3135 987 1684 2411 -502 -1018 -213 1089 -2936 1159 -708 1977 -850 -4680 1815 1225 -613 -236 501 -551 -2761 -4307 -231 -4216 -1677 -795 -1500 -2280
-660 372 -1322 -2951 -583 1630 922 3646 2204 381 2288 1265 -2689 3769 2712 2870 1144 -426 -570 -1928 558 735 267 -4142 2011 -636 3026 -456 2615 656 -1746 -2184 931 -1954 215 6335 3170 1047 1337 2213 -504 -1073 -424 832 -3130 1073 -686 2180 -842 -4329 1798 1091 -604 -335 568 -925 -2625 -4490 -249 -4201 -1689 -656 -1362 -2348
-660 372 -1322 -2951 -583 1630 922 3646 2204 381 2288 1265 -2689 3769 2712 2870 1144 -426 -570 -1928 558 735 267 -4142 2011 -636 3026 -456 2615 656 -1746 -2184 931 -1954 215 6335 3170 1047 1337 2213 -504 -1073 -424 832 -3130 1073 -686 2180 -842 -4329 1798 1091 -604 -335 568 -925 -2625 -4490 -249 -4201 -1689 -656 -1362 -2348
-660 372 -1322 -2951 -583 1630 922 3646 2204 381 2288 1265 -2689 3769 2712 2870 1144 -426 -570 -1928 558 735 267 -4142 2011 -636 3026 -456 2615 656 -1746 -2184 931 -1954 215 6335 3170 1047 1337 2213 -504 -1073 -424 832 -3130 1073 -686 2180 -842 -4329 1798 1091 -604 -335 568 -925 -2625 -4490 -249 -4201 -1689 -656 -1362 -2348
-660 372 -1322 -2951 -583 1630 922 3646 2204 381 2288 1265 -2689 3769 2712 2870 1144 -426 -570 -1928 558 735 267 -4142 2011 -636 3026 -456 2615 656 -1746 -2184 931 -1954 215 6335 3170 1047 1337 2213 -504 -1073 -424 832 -3130 1073 -686 2180 -842 -4329 1798 1091 -604 -335 568 -925 -2625 -4490 -249 -4201 -1689 -656 -1362 -2348
-1573 1222 -1745 -474 -4 716 -4 4061 1862 1630 3283 -4 -2059 531 3211 2231 877 -807 -302 -2171 1811 1967 896 -4069 1124 -327 3966 664 2447 1551 -1403 -1174 2599 -2362 616 5671 3107 1777 2090 3891 39 -1335 804 2362 -1831 1282 -134 1589 -741 -4120 1987 542 -876 -575 -530 -1018 -2529 -4563 -222 -3739 -627 -2187 -1708 -2957
479 -446 -476 -1009 101 4219 -150 4540 2018 924 1897 1785 -4153 2485 1062 3431 1912 -1724 92 -1213 697 -349 -915 -4178 2807 -682 3628 1416 1137 1415 -3898 -995 1607 -1938 197 4992 2257 1060 -123 2267 830 -910 1580 3694 76 383 -2040 872 -118 -3702 1029 717 1370 -246 -774 704 -2362 -3325 857 -3742 -1079 -1652 -2239 -300
-660 372 -1322 -2951 -583 1630 922 3646 2204 381 2288 1265 -2689 3769 2712 2870 1144 -426 -570 -1928 558 735 267 -4142 2011 -636 3026 -456 2615 656 -1746 -2184 931 -1954 215 6335 3170 1047 1337 2213 -504 -1073 -424 832 -3130 1073 -686 2180 -842 -4329 1798 1091 -604 -335 568 -925 -2625 -4490 -249 -4201 -1689 -656 -1362 -2348
-660 372 -1322 -2951 -583 1630 922 3646 2204 381 2288 1265 -2689 3769 2712 2870 1144 -426 -570 -1928 558 735 267 -4142 2011 -636 3026 -456 2615 656 -1746 -2184 931 -1954 215 6335 3170 1047 1337 2213 -504 -1073 -424 832 -3130 1073 -686 2180 -842 -4329 1798 1091 -604 -335 568 -925 -2625 -4490 -249 -4201 -1689 -656 -1362 -2348
-660 372 -1322 -2951 -583 1630 922 3646 2204 381 2288 1265 -2689 3769 2712 2870 1144 -426 -570 -1928 558 735 267 -4142 2011 -636 3026 -456 2615 656 -1746 -2184 931 -1954 215 6335 3170 1047 1337 2213 -504 -1073 -424 832 -3130 1073 -686 2180 -842 -4329 1798 1091 -604 -335 568 -925 -2625 -4490 -249 -4201 -1689 -656 -1362 -2348
-660 372 -1322 -2951 -583 1630 922 3646 2204 381 2288 1265 -2689 3769 2712 2870 1144 -426 -570 -1928 558 735 267 -4142 2011 -636 3026 -456 2615 656 -1746 -2184 931 -1954 215 6335 3170 1047 1337 2213 -504 -1073 -424 832 -3130 1073 -686 2180 -842 -4329 1798 1091 -604 -335 568 -925 -2625 -4490 -249 -4201 -1689 -656 -1362 -2348
-845 793 -1334 -2408 -434 803 1018 3695 2466 325 2688 1292 -2529 2800 2904 2593 807 -284 -574 -2110 1184 1149 504 -4379 1836 -934 3202 -468 2555 673 -1604 -2279 1102 -2154 288 5981 2948 1472 1612 2444 -330 -1515 -332 1265 -3162 1022 -922 1986 -875 -4141 2251 980 -579 -418 438 -1286 -2663 -4441 -227 -4214 -1502 -992 -1481 -2736
-1378 -322 -558 277 386 3006 33 3834 3303 1119 590 1276 -4477 4291 853 3942 1203 -2307 -51 -2586 -1048 3314 280 -3298 4614 701 1114 2830 2772 135 -2737 -1128 2404 -794 1677 3182 1902 3232 -688 2770 1193 -326 309 2723 871 407 -578 302 -607 -1274 807 -405 1947 -1081 -622 257 -584 -2722 1090 -2789 3 -843 -4104 -214
-625 470 -1157 -2959 -636 1680 814 3598 2188 417 2377 1278 -2720 3565 2603 2854 1215 -480 -587 -1876 669 683 166 -4103 1952 -553 3070 -513 2513 820 -1825 -2148 929 -1909 233 6313 3169 1065 1468 2292 -509 -1040 -390 887 -3131 1104 -694 2160 -844 -4429 1860 1110 -626 -335 556 -810 -2630 -4426 -269 -4177 -1661 -705 -1449 -2305
-660 372 -1322 -2951 -583 1630 922 3646 2204 381 2288 1265 -2689 3769 2712 2870 1144 -426 -570 -1928 558 735 267 -4142 2011 -636 3026 -456 2615 656 -1746 -2184 931 -1954 215 6335 3170 1047 1337 2213 -504 -1073 -424 832 -3130 1073 -686 2180 -842 -4329 1798 1091 -604 -335 568 -925 -2625 -4490 -249 -4201 -1689 -656 -1362 -2348
-660 372 -1322 -2951 -583 1630 922 3646 2204 381 2288 1265 -2689 3769 2712 2870 1144 -426 -570 -1928 558 735 267 -4142 2011 -636 3026 -456 2615 656 -1746 -2184 931 -1954 215 6335 3170 1047 1337 2213 -504 -1073 -424 832 -3130 1073 -686 2180 -842 -4329 1798 1091 -604 -335 568 -925 -2625 -4490 -249 -4201 -1689 -656 -1362 -2348
-660 372 -1322 -2951 -583 1630 922 3646 2204 381 2288 1265 -2689 3769 2712 2870 1144 -426 -570 -1928 558 735 267 -4142 2011 -636 3026 -456 2615 656 -1746 -2184 931 -1954 215 6335 3170 1047 1337 2213 -504 -1073 -424 832 -3130 1073 -686 2180 -842 -4329 1798 1091 -604 -335 568 -925 -2625 -4490 -249 -4201 -1689 -656 -1362 -2348
-660 372 -1322 -2951 -583 1630 922 3646 2204 381 2288 1265 -2689 3769 2712 2870 1144 -426 -570 -1928 558 735 267 -4142 2011 -636 3026 -456 2615 656 -1746 -2184 931 -1954 215 6335 3170 1047 1337 2213 -504 -1073 -424 832 -3130 1073 -686 2180 -842 -4329 1798 1091 -604 -335 568 -925 -2625 -4490 -249 -4201 -1689 -656 -1362 -2348
166 221 -965 -2031 -858 1746 -772 3522 959 2607 3370 -670 -3854 2136 1717 2231 2058 -803 648 -3549 208 1279 655 -2996 761 876 4007 1099 1953 2842 -194 -867 1544 -1845 52 5069 3727 1477 2860 3770 90 462 1090 2676 -1878 2720 701 942 -466 -4863 1907 238 -311 -1230 -751 41 -3069 -4302 306 -4634 811 -381 -2996 -1993
732 -172 67 -1221 -44 3763 -84 3849 2112 584 2710 1975 -3844 2221 788 2591 1888 -1562 568 -1488 958 -93 -1022 -4120 2807 -273 4297 988 1478 1298 -3532 -1313 1334 -2473 -433 5141 1819 900 308 2553 410 -1006 1137 3254 158 342 -1419 912 -393 -3879 1295 965 861 -564 -1072 1028 -2920 -3456 943 -3827 -1080 -1346 -2747 -1140
-660 372 -1322 -2951 -583 1630 922 3646 2204 381 2288 1265 -2689 3769 2712 2870 1144 -426 -570 -1928 558 735 267 -4142 2011 -636 3026 -456 2615 656 -1746 -2184 931 -1954 215 6335 3170 1047 1337 2213 -504 -1073 -424 832 -3130 1073 -686 2180 -842 -4329 1798 1091 -604 -335 568 -925 -2625 -4490 -249 -4201 -1689 -656 -1362 -2348
-660 372 -1322 -2951 -583 1630 922 3646 2204 381 2288 1265 -2689 3769 2712 2870 1144 -426 -570 -1928 558 735 267 -4142 2011 -636 3026 -456 2615 656 -1746 -2184 931 -1954 215 6335 3170 1047 1337 2213 -504 -1073 -424 832 -3130 1073 -686 2180 -842 -4329 1798 1091 -604 -335 568 -925 -2625 -4490 -249 -4201 -1689 -656 -1362 -2348
-660 372 -1322 -2951 -583 1630 922 3646 2204 381 2288 1265 -2689 3769 2712 2870 1144 -426 -570 -1928 558 735 267 -4142 2011 -636 3026 -456 2615 656 -1746 -2184 931 -1954 215 6335 3170 1047 1337 2213 -504 -1073 -424 832 -3130 1073 -686 2180 -842 -4329 1798 1091 -604 -335 568 -925 -2625 -4490 -249 -4201 -1689 -656 -1362 -2348
