2324 3389 -5588 315 -9154 1120 -81 -832 -3015 1828 1137 -2033 -2873 -7044 -5605 -2476 -4220 3848 -6777 830 8088 3020 -292 409 974 243 -2563 -6991 -6695 5491 -2704 1841 -1060 857 2876 -1868 2730 2987 -3684 -3322 6788 773 952 -380 6210 304 -68 6180 -46 -7723 -2613 6381 5187 606 -387 4168 -7240 -4307 111 3758 66 9327 1560 4962
1992 3374 -5565 -945 -8532 3325 -738 -761 -4400 -1898 361 -1068 -6586 -5556 -5965 141 -3354 999 -8178 -1310 5953 1533 1521 -485 1275 156 -2345 -5338 -6425 4225 -1313 280 -2781 3259 3131 -1761 3245 4003 -2413 -3000 8859 1000 2875 1101 6010 1521 2138 8188 961 -6337 514 5792 6931 -1401 -3477 2512 -7652 -4557 3860 5228 -1069 7051 412 1483
1992 3374 -5565 -945 -8532 3325 -738 -761 -4400 -1898 361 -1068 -6586 -5556 -5965 141 -3354 999 -8178 -1310 5953 1533 1521 -485 1275 156 -2345 -5338 -6425 4225 -1313 280 -2781 3259 3131 -1761 3245 4003 -2413 -3000 8859 1000 2875 1101 6010 1521 2138 8188 961 -6337 514 5792 6931 -1401 -3477 2512 -7652 -4557 3860 5228 -1069 7051 412 1483
1992 3374 -5565 -945 -8532 3325 -738 -761 -4400 -1898 361 -1068 -6586 -5556 -5965 141 -3354 999 -8178 -1310 5953 1533 1521 -485 1275 156 -2345 -5338 -6425 4225 -1313 280 -2781 3259 3131 -1761 3245 4003 -2413 -3000 8859 1000 2875 1101 6010 1521 2138 8188 961 -6337 514 5792 6931 -1401 -3477 2512 -7652 -4557 3860 5228 -1069 7051 412 1483
1992 3374 -5565 -945 -8532 3325 -738 -761 -4400 -1898 361 -1068 -6586 -5556 -5965 141 -3354 999 -8178 -1310 5953 1533 1521 -485 1275 156 -2345 -5338 -6425 4225 -1313 280 -2781 3259 3131 -1761 3245 4003 -2413 -3000 8859 1000 2875 1101 6010 1521 2138 8188 961 -6337 514 5792 6931 -1401 -3477 2512 -7652 -4557 3860 5228 -1069 7051 412 1483
1992 3374 -5565 -945 -8532 3325 -738 -761 -4400 -1898 361 -1068 -6586 -5556 -5965 141 -3354 999 -8178 -1310 5953 1533 1521 -485 1275 156 -2345 -5338 -6425 4225 -1313 280 -2781 3259 3131 -1761 3245 4003 -2413 -3000 8859 1000 2875 1101 6010 1521 2138 8188 961 -6337 514 5792 6931 -1401 -3477 2512 -7652 -4557 3860 5228 -1069 7051 412 1483
1992 3374 -5565 -945 -8532 3325 -738 -761 -4400 -1898 361 -1068 -6586 -5556 -5965 141 -3354 999 -8178 -1310 5953 1533 1521 -485 1275 156 -2345 -5338 -6425 4225 -1313 280 -2781 3259 3131 -1761 3245 4003 -2413 -3000 8859 1000 2875 1101 6010 1521 2138 8188 961 -6337 514 5792 6931 -1401 -3477 2512 -7652 -4557 3860 5228 -1069 7051 412 1483
1992 3374 -5565 -945 -8532 3325 -738 -761 -4400 -1898 361 -1068 -6586 -5556 -5965 141 -3354 999 -8178 -1310 5953 1533 1521 -485 1275 156 -2345 -5338 -6425 4225 -1313 280 -2781 3259 3131 -1761 3245 4003 -2413 -3000 8859 1000 2875 1101 6010 1521 2138 8188 961 -6337 514 5792 6931 -1401 -3477 2512 -7652 -4557 3860 5228 -1069 7051 412 1483
1992 3374 -5565 -945 -8532 3325 -738 -761 -4400 -1898 361 -1068 -6586 -5556 -5965 141 -3354 999 -8178 -1310 5953 1533 1521 -485 1275 156 -2345 -5338 -6425 4225 -1313 280 -2781 3259 3131 -1761 3245 4003 -2413 -3000 8859 1000 2875 1101 6010 1521 2138 8188 961 -6337 514 5792 6931 -1401 -3477 2512 -7652 -4557 3860 5228 -1069 7051 412 1483
3058 3797 -7143 -1185 -9027 2761 -1480 -1877 -4722 -1043 2062 -1537 -5971 -4392 -6058 591 -2693 1342 -7728 -353 5469 2251 542 -389 1342 -221 -2747 -6518 -6605 3246 -825 1030 -1297 2612 3007 -2487 3678 3536 -2946 -3126 8476 1871 3912 1006 5658 464 861 8751 144 -4854 109 5666 6366 -1697 -2655 1838 -8031 -5176 4133 4511 -40 7386 1048 2299
3524 3343 -6121 -278 -9142 2325 -2141 -871 -5722 -1313 2089 -520 -5056 -5979 -5020 1144 -4213 1193 -7851 -14 6591 1023 790 -656 232 93 -2625 -6637 -5645 3838 -827 667 -2400 3159 3352 -2159 2514 3648 -2192 -4345 8054 1360 3609 1294 6050 945 1690 8459 1646 -6108 771 5654 5939 -853 -3614 2373 -6667 -5372 4083 5182 -113 7220 -582 1180
1992 3374 -5565 -945 -8532 3325 -738 -761 -4400 -1898 361 -1068 -6586 -5556 -5965 141 -3354 999 -8178 -1310 5953 1533 1521 -485 1275 156 -2345 -5338 -6425 4225 -1313 280 -2781 3259 3131 -1761 3245 4003 -2413 -3000 8859 1000 2875 1101 6010 1521 2138 8188 961 -6337 514 5792 6931 -1401 -3477 2512 -7652 -4557 3860 5228 -1069 7051 412 1483
1992 3374 -5565 -945 -8532 3325 -738 -761 -4400 -1898 361 -1068 -6586 -5556 -5965 141 -3354 999 -8178 -1310 5953 1533 1521 -485 1275 156 -2345 -5338 -6425 4225 -1313 280 -2781 3259 3131 -1761 3245 4003 -2413 -3000 8859 1000 2875 1101 6010 1521 2138 8188 961 -6337 514 5792 6931 -1401 -3477 2512 -7652 -4557 3860 5228 -1069 7051 412 1483
1992 3374 -5565 -945 -8532 3325 -738 -761 -4400 -1898 361 -1068 -6586 -5556 -5965 141 -3354 999 -8178 -1310 5953 1533 1521 -485 1275 156 -2345 -5338 -6425 4225 -1313 280 -2781 3259 3131 -1761 3245 4003 -2413 -3000 8859 1000 2875 1101 6010 1521 2138 8188 961 -6337 514 5792 6931 -1401 -3477 2512 -7652 -4557 3860 5228 -1069 7051 412 1483
1992 3374 -5565 -945 -8532 3325 -738 -761 -4400 -1898 361 -1068 -6586 -5556 -5965 141 -3354 999 -8178 -1310 5953 1533 1521 -485 1275 156 -2345 -5338 -6425 4225 -1313 280 -2781 3259 3131 -1761 3245 4003 -2413 -3000 8859 1000 2875 1101 6010 1521 2138 8188 961 -6337 514 5792 6931 -1401 -3477 2512 -7652 -4557 3860 5228 -1069 7051 412 1483
1992 3374 -5565 -945 -8532 3325 -738 -761 -4400 -1898 361 -1068 -6586 -5556 -5965 141 -3354 999 -8178 -1310 5953 1533 1521 -485 1275 156 -2345 -5338 -6425 4225 -1313 280 -2781 3259 3131 -1761 3245 4003 -2413 -3000 8859 1000 2875 1101 6010 1521 2138 8188 961 -6337 514 5792 6931 -1401 -3477 2512 -7652 -4557 3860 5228 -1069 7051 412 1483
718 2479 -4564 668 -8281 2363 -1329 1126 -2817 -316 -611 -728 -4217 -6903 -5047 -1800 -4621 3476 -9909 -1819 5097 1832 2020 1235 3051 -181 -1205 -6012 -6966 5239 -795 1904 -2714 1507 5991 -2784 514 2763 -4328 -3599 6708 -463 3040 -1111 7385 3227 -11 6943 955 -6482 575 7096 7533 -1789 -3001 2774 -7127 -3348 4260 6000 -104 4163 1529 810
-954 1495 -3107 3304 -8442 1550 -777 -120 -1633 13 -879 -1869 -4493 -6871 -5881 -4793 -3418 5986 -9881 -970 7971 5570 877 1484 4870 -280 -1629 -3554 -6377 5077 -2689 2714 87 914 3176 -2003 475 4331 -4266 -2813 5350 -2052 1128 -1507 5912 2254 -1330 6309 1704 -8522 -1784 5916 6647 -2450 -578 3807 -5851 -1290 -186 5450 -1093 7087 412 2469
-1591 1322 -2534 2072 -8827 1639 928 -398 -1392 516 -2810 -1972 -3509 -6927 -7100 -4495 -2520 4823 -8242 -663 7884 6285 376 774 3850 583 -1733 -2743 -5337 5765 -4704 2132 792 681 2757 -620 1675 3983 -4770 -1868 6661 -1190 -749 -1870 5475 2367 -183 4732 556 -8753 -2006 5984 5948 93 -518 4107 -7609 -1091 -1541 5459 -2645 8146 -143 4686
-461 1598 -4629 1557 -9704 1302 -747 -3184 -1115 2135 -1514 -2907 -1575 -5592 -7743 -5329 -1810 4964 -6505 1175 7190 6890 -869 1472 3151 1506 -1683 -4635 -6189 5863 -3759 2988 2550 299 2512 -1770 3278 3223 -5427 -1209 6199 -410 73 -3235 4194 2126 -882 3972 3 -6726 -3390 5349 5935 825 1819 2893 -7873 -1949 -2607 4671 -2164 8548 1640 5691
855 3436 -4530 -300 -10058 527 636 -1648 -4722 1229 1826 -1125 -3799 -5189 -6910 -1343 -2398 569 -6590 1860 7485 3915 -1196 365 404 973 -3295 -4461 -6772 5150 -1182 408 -2134 122 1770 -1649 3520 4326 -1087 -5049 8636 1474 186 525 5306 2069 1009 7925 -416 -7972 903 7004 4842 437 -1236 3083 -7976 -4184 819 6779 -1442 7824 -1193 1656
1992 3374 -5565 -945 -8532 3325 -738 -761 -4400 -1898 361 -1068 -6586 -5556 -5965 141 -3354 999 -8178 -1310 5953 1533 1521 -485 1275 156 -2345 -5338 -6425 4225 -1313 280 -2781 3259 3131 -1761 3245 4003 -2413 -3000 8859 1000 2875 1101 6010 1521 2138 8188 961 -6337 514 5792 6931 -1401 -3477 2512 -7652 -4557 3860 5228 -1069 7051 412 1483
1992 3374 -5565 -945 -8532 3325 -738 -761 -4400 -1898 361 -1068 -6586 -5556 -5965 141 -3354 999 -8178 -1310 5953 1533 1521 -485 1275 156 -2345 -5338 -6425 4225 -1313 280 -2781 3259 3131 -1761 3245 4003 -2413 -3000 8859 1000 2875 1101 6010 1521 2138 8188 961 -6337 514 5792 6931 -1401 -3477 2512 -7652 -4557 3860 5228 -1069 7051 412 1483
1992 3374 -5565 -945 -8532 3325 -738 -761 -4400 -1898 361 -1068 -6586 -5556 -5965 141 -3354 999 -8178 -1310 5953 1533 1521 -485 1275 156 -2345 -5338 -6425 4225 -1313 280 -2781 3259 3131 -1761 3245 4003 -2413 -3000 8859 1000 2875 1101 6010 1521 2138 8188 961 -6337 514 5792 6931 -1401 -3477 2512 -7652 -4557 3860 5228 -1069 7051 412 1483
1992 3374 -5565 -945 -8532 3325 -738 -761 -4400 -1898 361 -1068 -6586 -5556 -5965 141 -3354 999 -8178 -1310 5953 1533 1521 -485 1275 156 -2345 -5338 -6425 4225 -1313 280 -2781 3259 3131 -1761 3245 4003 -2413 -3000 8859 1000 2875 1101 6010 1521 2138 8188 961 -6337 514 5792 6931 -1401 -3477 2512 -7652 -4557 3860 5228 -1069 7051 412 1483
1992 3374 -5565 -945 -8532 3325 -738 -761 -4400 -1898 361 -1068 -6586 -5556 -5965 141 -3354 999 -8178 -1310 5953 1533 1521 -485 1275 156 -2345 -5338 -6425 4225 -1313 280 -2781 3259 3131 -1761 3245 4003 -2413 -3000 8859 1000 2875 1101 6010 1521 2138 8188 961 -6337 514 5792 6931 -1401 -3477 2512 -7652 -4557 3860 5228 -1069 7051 412 1483
3090 2954 -5292 625 -7559 2010 -578 2183 -2219 669 -804 -848 -1210 -9067 -3114 -2959 -7395 5785 -7356 -2418 5997 98 1166 -669 170 -828 -357 -7833 -6597 5951 -3951 3217 -3180 1360 5915 -1093 1678 857 -6357 -980 5820 1621 2194 -2276 7454 -78 2128 4844 869 -7897 -2893 6885 6765 2066 -991 3790 -5194 -2315 1932 2497 821 5692 1463 3743
1231 3007 -5183 -333 -8697 2835 -819 -990 -4076 -1536 837 -1242 -6741 -5542 -6573 -328 -2728 1162 -8120 -1156 6346 2183 1518 -120 1704 320 -2895 -5195 -6761 4556 -1303 462 -2159 3110 2756 -1319 3316 3943 -1843 -3239 8969 470 2670 1140 5768 2014 1739 8360 754 -6601 177 5625 6488 -1571 -3139 2332 -7924 -4740 3264 5049 -987 7457 764 1534
1992 3374 -5565 -945 -8532 3325 -738 -761 -4400 -1898 361 -1068 -6586 -5556 -5965 141 -3354 999 -8178 -1310 5953 1533 1521 -485 1275 156 -2345 -5338 -6425 4225 -1313 280 -2781 3259 3131 -1761 3245 4003 -2413 -3000 8859 1000 2875 1101 6010 1521 2138 8188 961 -6337 514 5792 6931 -1401 -3477 2512 -7652 -4557 3860 5228 -1069 7051 412 1483
1992 3374 -5565 -945 -8532 3325 -738 -761 -4400 -1898 361 -1068 -6586 -5556 -5965 141 -3354 999 -8178 -1310 5953 1533 1521 -485 1275 156 -2345 -5338 -6425 4225 -1313 280 -2781 3259 3131 -1761 3245 4003 -2413 -3000 8859 1000 2875 1101 6010 1521 2138 8188 961 -6337 514 5792 6931 -1401 -3477 2512 -7652 -4557 3860 5228 -1069 7051 412 1483
1992 3374 -5565 -945 -8532 3325 -738 -761 -4400 -1898 361 -1068 -6586 -5556 -5965 141 -3354 999 -8178 -1310 5953 1533 1521 -485 1275 156 -2345 -5338 -6425 4225 -1313 280 -2781 3259 3131 -1761 3245 4003 -2413 -3000 8859 1000 2875 1101 6010 1521 2138 8188 961 -6337 514 5792 6931 -1401 -3477 2512 -7652 -4557 3860 5228 -1069 7051 412 1483
1992 3374 -5565 -945 -8532 3325 -738 -761 -4400 -1898 361 -1068 -6586 -5556 -5965 141 -3354 999 -8178 -1310 5953 1533 1521 -485 1275 156 -2345 -5338 -6425 4225 -1313 280 -2781 3259 3131 -1761 3245 4003 -2413 -3000 8859 1000 2875 1101 6010 1521 2138 8188 961 -6337 514 5792 6931 -1401 -3477 2512 -7652 -4557 3860 5228 -1069 7051 412 1483
4306 3989 -8308 -1578 -9523 1798 -2089 -4249 -2980 110 1326 -1712 -3766 -4399 -7009 -254 -2572 1131 -6224 61 4769 1842 30 -209 1320 1147 -2431 -7767 -7338 4829 -2368 2534 993 2907 2545 -2051 5425 1203 -4049 -1561 8458 3324 2816 -360 4083 -688 568 7089 820 -4043 -1489 5124 6007 -827 -674 613 -7738 -5451 2777 3692 397 8686 2614 4377
397 2814 -3760 713 -9961 824 1165 -1808 -4388 467 1200 -1634 -4652 -4868 -6834 -2118 -2094 1938 -7001 2361 8177 4987 -1582 656 1156 -83 -3318 -3211 -6142 4819 -2125 411 -1114 24 1373 -2448 3536 5252 -1697 -5052 7047 992 -569 280 5660 1680 295 7470 568 -8417 343 6498 4770 -545 -885 4646 -7155 -2987 -87 7118 -2296 8725 -2003 2473
1992 3374 -5565 -945 -8532 3325 -738 -761 -4400 -1898 361 -1068 -6586 -5556 -5965 141 -3354 999 -8178 -1310 5953 1533 1521 -485 1275 156 -2345 -5338 -6425 4225 -1313 280 -2781 3259 3131 -1761 3245 4003 -2413 -3000 8859 1000 2875 1101 6010 1521 2138 8188 961 -6337 514 5792 6931 -1401 -3477 2512 -7652 -4557 3860 5228 -1069 7051 412 1483
1992 3374 -5565 -945 -8532 3325 -738 -761 -4400 -1898 361 -1068 -6586 -5556 -5965 141 -3354 999 -8178 -1310 5953 1533 1521 -485 1275 156 -2345 -5338 -6425 4225 -1313 280 -2781 3259 3131 -1761 3245 4003 -2413 -3000 8859 1000 2875 1101 6010 1521 2138 8188 961 -6337 514 5792 6931 -1401 -3477 2512 -7652 -4557 3860 5228 -1069 7051 412 1483
1992 3374 -5565 -945 -8532 3325 -738 -761 -4400 -1898 361 -1068 -6586 -5556 -5965 141 -3354 999 -8178 -1310 5953 1533 1521 -485 1275 156 -2345 -5338 -6425 4225 -1313 280 -2781 3259 3131 -1761 3245 4003 -2413 -3000 8859 1000 2875 1101 6010 1521 2138 8188 961 -6337 514 5792 6931 -1401 -3477 2512 -7652 -4557 3860 5228 -1069 7051 412 1483
1992 3374 -5565 -945 -8532 3325 -738 -761 -4400 -1898 361 -1068 -6586 -5556 -5965 141 -3354 999 -8178 -1310 5953 1533 1521 -485 1275 156 -2345 -5338 -6425 4225 -1313 280 -2781 3259 3131 -1761 3245 4003 -2413 -3000 8859 1000 2875 1101 6010 1521 2138 8188 961 -6337 514 5792 6931 -1401 -3477 2512 -7652 -4557 3860 5228 -1069 7051 412 1483
2635 3462 -6653 -1140 -8976 2668 -1515 -1567 -4203 -1343 1253 -1642 -6151 -4817 -6410 478 -2581 1246 -7760 -568 5600 1971 1044 -415 1511 169 -2643 -6332 -6689 4003 -807 564 -1847 2784 2484 -2374 3805 3952 -2585 -2686 8930 1415 3805 1153 5613 1384 1455 7985 360 -5330 -176 5943 6887 -1182 -2861 2121 -8082 -4943 3694 5149 -821 7143 707 1723
2485 2991 -4479 1270 -8623 2169 396 1929 -4200 287 328 -1343 -1692 -7803 -3434 -3040 -6935 5526 -7509 595 7415 1589 -654 -358 -455 -1366 -1135 -6934 -5569 4552 -2656 2072 -4318 718 4465 -3401 1820 2937 -4688 -3106 5182 1587 1588 -1693 8059 729 1916 5120 1365 -8291 -2381 7945 6614 1463 -298 5515 -5021 -1775 1736 4790 -1012 5905 -1756 2870
1842 3271 -5463 -690 -8565 3208 -837 -831 -4260 -1827 601 -1097 -6722 -5587 -6148 -57 -3180 1101 -8143 -1305 6078 1668 1604 -415 1448 247 -2502 -5361 -6610 4329 -1263 383 -2611 3258 2953 -1621 3228 3940 -2133 -3073 8878 830 2909 1149 5892 1606 2013 8292 939 -6461 289 5705 6881 -1574 -3339 2404 -7666 -4577 3690 5063 -964 7177 602 1408
1992 3374 -5565 -945 -8532 3325 -738 -761 -4400 -1898 361 -1068 -6586 -5556 -5965 141 -3354 999 -8178 -1310 5953 1533 1521 -485 1275 156 -2345 -5338 -6425 4225 -1313 280 -2781 3259 3131 -1761 3245 4003 -2413 -3000 8859 1000 2875 1101 6010 1521 2138 8188 961 -6337 514 5792 6931 -1401 -3477 2512 -7652 -4557 3860 5228 -1069 7051 412 1483
1992 3374 -5565 -945 -8532 3325 -738 -761 -4400 -1898 361 -1068 -6586 -5556 -5965 141 -3354 999 -8178 -1310 5953 1533 1521 -485 1275 156 -2345 -5338 -6425 4225 -1313 280 -2781 3259 3131 -1761 3245 4003 -2413 -3000 8859 1000 2875 1101 6010 1521 2138 8188 961 -6337 514 5792 6931 -1401 -3477 2512 -7652 -4557 3860 5228 -1069 7051 412 1483
1992 3374 -5565 -945 -8532 3325 -738 -761 -4400 -1898 361 -1068 -6586 -5556 -5965 141 -3354 999 -8178 -1310 5953 1533 1521 -485 1275 156 -2345 -5338 -6425 4225 -1313 280 -2781 3259 3131 -1761 3245 4003 -2413 -3000 8859 1000 2875 1101 6010 1521 2138 8188 961 -6337 514 5792 6931 -1401 -3477 2512 -7652 -4557 3860 5228 -1069 7051 412 1483
1992 3374 -5565 -945 -8532 3325 -738 -761 -4400 -1898 361 -1068 -6586 -5556 -5965 141 -3354 999 -8178 -1310 5953 1533 1521 -485 1275 156 -2345 -5338 -6425 4225 -1313 280 -2781 3259 3131 -1761 3245 4003 -2413 -3000 8859 1000 2875 1101 6010 1521 2138 8188 961 -6337 514 5792 6931 -1401 -3477 2512 -7652 -4557 3860 5228 -1069 7051 412 1483
1575 3955 -6114 -96 -9169 1893 -1638 -1262 -738 41 -2525 -894 -3158 -8243 -6507 -2050 -3266 2510 -7984 -3029 4886 1893 2616 121 3171 1239 -1305 -6429 -7026 7041 -2775 1646 -1199 2731 3601 -1514 2815 1841 -4901 -263 8706 663 1819 -792 5343 2591 1129 4464 563 -7271 -1585 6228 7583 556 -1192 2258 -7149 -3071 1886 5151 -1363 6641 2775 2576
-582 2021 -2770 998 -9569 2023 1670 -1903 -3493 -34 81 -2539 -5946 -4652 -7966 -2466 -1053 2695 -7017 1543 8003 5978 -894 904 1694 1 -3298 -2343 -5922 4783 -3503 209 -304 773 941 -1631 4172 4954 -2385 -3995 6844 224 -1114 377 5957 1842 449 6943 295 -8720 -587 5412 5073 -822 -765 4952 -7420 -2312 -271 5864 -2828 9104 -1426 3751
1992 3374 -5565 -945 -8532 3325 -738 -761 -4400 -1898 361 -1068 -6586 -5556 -5965 141 -3354 999 -8178 -1310 5953 1533 1521 -485 1275 156 -2345 -5338 -6425 4225 -1313 280 -2781 3259 3131 -1761 3245 4003 -2413 -3000 8859 1000 2875 1101 6010 1521 2138 8188 961 -6337 514 5792 6931 -1401 -3477 2512 -7652 -4557 3860 5228 -1069 7051 412 1483
1992 3374 -5565 -945 -8532 3325 -738 -761 -4400 -1898 361 -1068 -6586 -5556 -5965 141 -3354 999 -8178 -1310 5953 1533 1521 -485 1275 156 -2345 -5338 -6425 4225 -1313 280 -2781 3259 3131 -1761 3245 4003 -2413 -3000 8859 1000 2875 1101 6010 1521 2138 8188 961 -6337 514 5792 6931 -1401 -3477 2512 -7652 -4557 3860 5228 -1069 7051 412 1483
1992 3374 -5565 -945 -8532 3325 -738 -761 -4400 -1898 361 -1068 -6586 -5556 -5965 141 -3354 999 -8178 -1310 5953 1533 1521 -485 1275 156 -2345 -5338 -6425 4225 -1313 280 -2781 3259 3131 -1761 3245 4003 -2413 -3000 8859 1000 2875 1101 6010 1521 2138 8188 961 -6337 514 5792 6931 -1401 -3477 2512 -7652 -4557 3860 5228 -1069 7051 412 1483
