-659 3785 -6067 1044 -5600 901 3074 -1014 2631 2220 249 -4406 -3113 -2539 -2389 -1755 130 967 -2189 2801 4372 2607 1554 3194 -3021 -7416 477 -5550 -4181 2698 106 1546 -89 -1567 1460 2582 -482 1093 726 -317 5654 1402 1578 -1731 4592 1050 1483 486 1682 801 3004 2534 2673 4916 -4819 2761 -983 2778 -4104 2881 1947 5738 -1506 1189
408 3482 -6130 -1831 -3922 3878 2497 -192 1381 -2920 516 -2406 -7299 -1201 -2470 489 1443 -3292 -4770 659 1441 358 3660 1631 -3404 -8254 111 -2928 -2747 1583 1852 -1850 -2128 1649 1894 2509 -340 3282 1765 -1702 7926 2572 3211 590 4971 2766 4215 4592 4156 2951 7901 1945 4644 2025 -9327 -448 235 3830 1510 4908 995 3021 -1709 -2881
408 3482 -6130 -1831 -3922 3878 2497 -192 1381 -2920 516 -2406 -7299 -1201 -2470 489 1443 -3292 -4770 659 1441 358 3660 1631 -3404 -8254 111 -2928 -2747 1583 1852 -1850 -2128 1649 1894 2509 -340 3282 1765 -1702 7926 2572 3211 590 4971 2766 4215 4592 4156 2951 7901 1945 4644 2025 -9327 -448 235 3830 1510 4908 995 3021 -1709 -2881
408 3482 -6130 -1831 -3922 3878 2497 -192 1381 -2920 516 -2406 -7299 -1201 -2470 489 1443 -3292 -4770 659 1441 358 3660 1631 -3404 -8254 111 -2928 -2747 1583 1852 -1850 -2128 1649 1894 2509 -340 3282 1765 -1702 7926 2572 3211 590 4971 2766 4215 4592 4156 2951 7901 1945 4644 2025 -9327 -448 235 3830 1510 4908 995 3021 -1709 -2881
408 3482 -6130 -1831 -3922 3878 2497 -192 1381 -2920 516 -2406 -7299 -1201 -2470 489 1443 -3292 -4770 659 1441 358 3660 1631 -3404 -8254 111 -2928 -2747 1583 1852 -1850 -2128 1649 1894 2509 -340 3282 1765 -1702 7926 2572 3211 590 4971 2766 4215 4592 4156 2951 7901 1945 4644 2025 -9327 -448 235 3830 1510 4908 995 3021 -1709 -2881
408 3482 -6130 -1831 -3922 3878 2497 -192 1381 -2920 516 -2406 -7299 -1201 -2470 489 1443 -3292 -4770 659 1441 358 3660 1631 -3404 -8254 111 -2928 -2747 1583 1852 -1850 -2128 1649 1894 2509 -340 3282 1765 -1702 7926 2572 3211 590 4971 2766 4215 4592 4156 2951 7901 1945 4644 2025 -9327 -448 235 3830 1510 4908 995 3021 -1709 -2881
408 3482 -6130 -1831 -3922 3878 2497 -192 1381 -2920 516 -2406 -7299 -1201 -2470 489 1443 -3292 -4770 659 1441 358 3660 1631 -3404 -8254 111 -2928 -2747 1583 1852 -1850 -2128 1649 1894 2509 -340 3282 1765 -1702 7926 2572 3211 590 4971 2766 4215 4592 4156 2951 7901 1945 4644 2025 -9327 -448 235 3830 1510 4908 995 3021 -1709 -2881
408 3482 -6130 -1831 -3922 3878 2497 -192 1381 -2920 516 -2406 -7299 -1201 -2470 489 1443 -3292 -4770 659 1441 358 3660 1631 -3404 -8254 111 -2928 -2747 1583 1852 -1850 -2128 1649 1894 2509 -340 3282 1765 -1702 7926 2572 3211 590 4971 2766 4215 4592 4156 2951 7901 1945 4644 2025 -9327 -448 235 3830 1510 4908 995 3021 -1709 -2881
408 3482 -6130 -1831 -3922 3878 2497 -192 1381 -2920 516 -2406 -7299 -1201 -2470 489 1443 -3292 -4770 659 1441 358 3660 1631 -3404 -8254 111 -2928 -2747 1583 1852 -1850 -2128 1649 1894 2509 -340 3282 1765 -1702 7926 2572 3211 590 4971 2766 4215 4592 4156 2951 7901 1945 4644 2025 -9327 -448 235 3830 1510 4908 995 3021 -1709 -2881
954 3263 -7711 -2554 -4840 2988 1512 -1802 1230 -1528 2763 -3238 -6274 -58 -3003 -80 2161 -3170 -3666 1332 464 1098 2071 850 -3824 -8832 -167 -4199 -2175 522 1924 -1487 -505 504 1507 1246 -185 2413 172 -2123 7230 3123 3778 200 3665 1888 2392 3994 3440 4454 6836 1179 3446 1623 -8330 -2092 -174 2920 1325 3838 2061 2428 -1232 -2104
1884 3218 -6614 -1112 -5044 2389 -81 -602 477 -1694 3273 -1511 -4802 -2125 -2023 1888 580 -3474 -4378 1833 1601 -409 2322 651 -4478 -8515 -227 -4734 -1715 1102 2053 -1473 -1426 1910 2516 2023 -909 2514 1195 -2227 6803 3058 3860 1311 4649 2735 4224 4954 5389 3457 8121 1933 3018 3097 -9560 -898 1119 2251 2060 4853 1744 3162 -4008 -3100
408 3482 -6130 -1831 -3922 3878 2497 -192 1381 -2920 516 -2406 -7299 -1201 -2470 489 1443 -3292 -4770 659 1441 358 3660 1631 -3404 -8254 111 -2928 -2747 1583 1852 -1850 -2128 1649 1894 2509 -340 3282 1765 -1702 7926 2572 3211 590 4971 2766 4215 4592 4156 2951 7901 1945 4644 2025 -9327 -448 235 3830 1510 4908 995 3021 -1709 -2881
408 3482 -6130 -1831 -3922 3878 2497 -192 1381 -2920 516 -2406 -7299 -1201 -2470 489 1443 -3292 -4770 659 1441 358 3660 1631 -3404 -8254 111 -2928 -2747 1583 1852 -1850 -2128 1649 1894 2509 -340 3282 1765 -1702 7926 2572 3211 590 4971 2766 4215 4592 4156 2951 7901 1945 4644 2025 -9327 -448 235 3830 1510 4908 995 3021 -1709 -2881
408 3482 -6130 -1831 -3922 3878 2497 -192 1381 -2920 516 -2406 -7299 -1201 -2470 489 1443 -3292 -4770 659 1441 358 3660 1631 -3404 -8254 111 -2928 -2747 1583 1852 -1850 -2128 1649 1894 2509 -340 3282 1765 -1702 7926 2572 3211 590 4971 2766 4215 4592 4156 2951 7901 1945 4644 2025 -9327 -448 235 3830 1510 4908 995 3021 -1709 -2881
408 3482 -6130 -1831 -3922 3878 2497 -192 1381 -2920 516 -2406 -7299 -1201 -2470 489 1443 -3292 -4770 659 1441 358 3660 1631 -3404 -8254 111 -2928 -2747 1583 1852 -1850 -2128 1649 1894 2509 -340 3282 1765 -1702 7926 2572 3211 590 4971 2766 4215 4592 4156 2951 7901 1945 4644 2025 -9327 -448 235 3830 1510 4908 995 3021 -1709 -2881
408 3482 -6130 -1831 -3922 3878 2497 -192 1381 -2920 516 -2406 -7299 -1201 -2470 489 1443 -3292 -4770 659 1441 358 3660 1631 -3404 -8254 111 -2928 -2747 1583 1852 -1850 -2128 1649 1894 2509 -340 3282 1765 -1702 7926 2572 3211 590 4971 2766 4215 4592 4156 2951 7901 1945 4644 2025 -9327 -448 235 3830 1510 4908 995 3021 -1709 -2881
-1514 2190 -5069 671 -4336 1798 2292 2922 3231 -1131 33 -3292 -4760 -2423 -384 -2586 488 -394 -6690 141 968 427 3578 4397 -756 -7874 1402 -3294 -4786 2104 3532 920 -1727 -159 5249 1283 -2933 1082 -508 -1497 6062 284 4651 -2367 6834 4169 1130 3215 3554 3318 6991 3755 4601 2360 -7900 898 -833 4685 2081 5555 962 202 -1173 -3786
-5152 1494 -3676 5714 -5414 1555 2870 2298 4398 -328 -1002 -5379 -5605 -3608 -1741 -6182 409 3107 -6928 1310 3927 6276 2903 4910 2541 -8055 1600 -692 -5162 1828 464 2926 1624 -1547 163 2639 -3217 2947 -169 -1063 4571 -2447 2337 -3398 5700 2972 -285 778 4483 -1080 3241 2304 3965 1281 -4605 1843 -584 6474 -4388 4584 1442 3741 -2300 -2049
-5574 1955 -2477 5264 -6361 2060 4566 1243 4130 36 -5219 -5114 -5238 -3443 -4464 -5034 -35 2634 -5481 1747 4492 6739 3094 4280 1584 -6619 1818 198 -4458 2565 -1944 2589 1675 -2066 789 4265 -1744 2936 -311 -378 6617 -1101 -29 -4217 5749 3268 1439 -1478 3122 -1969 3100 2709 4339 4249 -5421 2516 -2899 6492 -6739 5089 408 5481 -2921 1579
-4814 1980 -4907 3544 -8180 1629 2022 -2803 4808 2617 -3590 -6591 -2611 -1574 -6160 -6652 638 3060 -3424 3235 2921 7201 1559 4518 906 -5546 2155 -2763 -4183 2672 -659 4049 3474 -3240 29 2481 -679 1984 -1811 366 6605 41 548 -6590 2530 2968 -159 -3761 2730 312 281 1070 3250 4542 -2482 -22 -3338 4188 -8298 3485 720 3946 -1098 3253
-945 5441 -4676 -444 -8008 330 4026 -3256 730 849 1582 -2763 -5335 -1624 -5097 -1494 2004 -3476 -4101 4641 3340 4069 1495 2898 -3312 -6716 -1829 -3215 -4441 1987 1709 -1160 -1481 -2872 1106 3363 1071 3636 3727 -3680 9076 3124 -584 -722 4784 2765 3061 5248 1669 -71 8030 3658 3287 4613 -7549 615 -2210 2209 -2735 7521 -246 5656 -4782 -2694
408 3482 -6130 -1831 -3922 3878 2497 -192 1381 -2920 516 -2406 -7299 -1201 -2470 489 1443 -3292 -4770 659 1441 358 3660 1631 -3404 -8254 111 -2928 -2747 1583 1852 -1850 -2128 1649 1894 2509 -340 3282 1765 -1702 7926 2572 3211 590 4971 2766 4215 4592 4156 2951 7901 1945 4644 2025 -9327 -448 235 3830 1510 4908 995 3021 -1709 -2881
408 3482 -6130 -1831 -3922 3878 2497 -192 1381 -2920 516 -2406 -7299 -1201 -2470 489 1443 -3292 -4770 659 1441 358 3660 1631 -3404 -8254 111 -2928 -2747 1583 1852 -1850 -2128 1649 1894 2509 -340 3282 1765 -1702 7926 2572 3211 590 4971 2766 4215 4592 4156 2951 7901 1945 4644 2025 -9327 -448 235 3830 1510 4908 995 3021 -1709 -2881
408 3482 -6130 -1831 -3922 3878 2497 -192 1381 -2920 516 -2406 -7299 -1201 -2470 489 1443 -3292 -4770 659 1441 358 3660 1631 -3404 -8254 111 -2928 -2747 1583 1852 -1850 -2128 1649 1894 2509 -340 3282 1765 -1702 7926 2572 3211 590 4971 2766 4215 4592 4156 2951 7901 1945 4644 2025 -9327 -448 235 3830 1510 4908 995 3021 -1709 -2881
408 3482 -6130 -1831 -3922 3878 2497 -192 1381 -2920 516 -2406 -7299 -1201 -2470 489 1443 -3292 -4770 659 1441 358 3660 1631 -3404 -8254 111 -2928 -2747 1583 1852 -1850 -2128 1649 1894 2509 -340 3282 1765 -1702 7926 2572 3211 590 4971 2766 4215 4592 4156 2951 7901 1945 4644 2025 -9327 -448 235 3830 1510 4908 995 3021 -1709 -2881
408 3482 -6130 -1831 -3922 3878 2497 -192 1381 -2920 516 -2406 -7299 -1201 -2470 489 1443 -3292 -4770 659 1441 358 3660 1631 -3404 -8254 111 -2928 -2747 1583 1852 -1850 -2128 1649 1894 2509 -340 3282 1765 -1702 7926 2572 3211 590 4971 2766 4215 4592 4156 2951 7901 1945 4644 2025 -9327 -448 235 3830 1510 4908 995 3021 -1709 -2881
-548 2108 -6585 2453 -2060 3074 2925 4441 3424 1313 -953 -2753 -976 -5272 1364 -1952 -3468 4392 -3064 -856 3576 -2234 2585 1844 -3980 -8462 3209 -6709 -5643 4071 -1198 4056 -2942 95 5972 2675 -892 -1354 -2988 3324 4744 3421 5133 -3684 7588 1188 5011 135 3215 1116 2327 4331 4127 6624 -4390 3204 510 5698 -634 1527 3014 1155 -2205 517
-550 3388 -5373 -1104 -4292 3279 2379 -395 1979 -2523 817 -3008 -7368 -1365 -3146 -135 2106 -3266 -4582 785 1729 1462 3793 2029 -2999 -7979 -409 -2811 -3247 1562 1858 -1592 -1341 1122 1189 3356 -466 3083 2568 -2089 7853 1620 2972 269 4469 2978 3705 4511 3572 2506 7372 1582 4163 1836 -9086 -789 -42 3273 552 4484 1186 3396 -1370 -2902
408 3482 -6130 -1831 -3922 3878 2497 -192 1381 -2920 516 -2406 -7299 -1201 -2470 489 1443 -3292 -4770 659 1441 358 3660 1631 -3404 -8254 111 -2928 -2747 1583 1852 -1850 -2128 1649 1894 2509 -340 3282 1765 -1702 7926 2572 3211 590 4971 2766 4215 4592 4156 2951 7901 1945 4644 2025 -9327 -448 235 3830 1510 4908 995 3021 -1709 -2881
408 3482 -6130 -1831 -3922 3878 2497 -192 1381 -2920 516 -2406 -7299 -1201 -2470 489 1443 -3292 -4770 659 1441 358 3660 1631 -3404 -8254 111 -2928 -2747 1583 1852 -1850 -2128 1649 1894 2509 -340 3282 1765 -1702 7926 2572 3211 590 4971 2766 4215 4592 4156 2951 7901 1945 4644 2025 -9327 -448 235 3830 1510 4908 995 3021 -1709 -2881
408 3482 -6130 -1831 -3922 3878 2497 -192 1381 -2920 516 -2406 -7299 -1201 -2470 489 1443 -3292 -4770 659 1441 358 3660 1631 -3404 -8254 111 -2928 -2747 1583 1852 -1850 -2128 1649 1894 2509 -340 3282 1765 -1702 7926 2572 3211 590 4971 2766 4215 4592 4156 2951 7901 1945 4644 2025 -9327 -448 235 3830 1510 4908 995 3021 -1709 -2881
408 3482 -6130 -1831 -3922 3878 2497 -192 1381 -2920 516 -2406 -7299 -1201 -2470 489 1443 -3292 -4770 659 1441 358 3660 1631 -3404 -8254 111 -2928 -2747 1583 1852 -1850 -2128 1649 1894 2509 -340 3282 1765 -1702 7926 2572 3211 590 4971 2766 4215 4592 4156 2951 7901 1945 4644 2025 -9327 -448 235 3830 1510 4908 995 3021 -1709 -2881
1779 3437 -8470 -2663 -5129 2647 129 -4357 3619 1217 975 -3458 -3236 488 -4264 -569 1035 -2720 -886 1421 -367 -329 2624 1400 -3387 -6200 1527 -6133 -2612 2174 303 687 2069 845 1499 1856 907 352 -968 -135 7244 4715 2741 -1755 1228 734 2116 1178 5033 4799 4305 775 2498 2535 -6347 -3135 21 1731 -895 3302 3248 2283 414 968
-1838 5104 -4010 1986 -7933 804 4899 -2929 987 -506 937 -3915 -6904 -1368 -4582 -2582 2098 -1325 -4267 5839 4445 5692 861 3731 -1755 -7903 -1553 -1213 -3827 1775 538 -850 20 -3077 -177 2512 1601 5241 3308 -4119 7066 2380 -1361 -1066 5926 2677 2247 4183 2725 -1351 7501 3366 3517 3149 -6662 3074 -1584 4086 -4107 8050 -797 7600 -5561 -1636
408 3482 -6130 -1831 -3922 3878 2497 -192 1381 -2920 516 -2406 -7299 -1201 -2470 489 1443 -3292 -4770 659 1441 358 3660 1631 -3404 -8254 111 -2928 -2747 1583 1852 -1850 -2128 1649 1894 2509 -340 3282 1765 -1702 7926 2572 3211 590 4971 2766 4215 4592 4156 2951 7901 1945 4644 2025 -9327 -448 235 3830 1510 4908 995 3021 -1709 -2881
408 3482 -6130 -1831 -3922 3878 2497 -192 1381 -2920 516 -2406 -7299 -1201 -2470 489 1443 -3292 -4770 659 1441 358 3660 1631 -3404 -8254 111 -2928 -2747 1583 1852 -1850 -2128 1649 1894 2509 -340 3282 1765 -1702 7926 2572 3211 590 4971 2766 4215 4592 4156 2951 7901 1945 4644 2025 -9327 -448 235 3830 1510 4908 995 3021 -1709 -2881
408 3482 -6130 -1831 -3922 3878 2497 -192 1381 -2920 516 -2406 -7299 -1201 -2470 489 1443 -3292 -4770 659 1441 358 3660 1631 -3404 -8254 111 -2928 -2747 1583 1852 -1850 -2128 1649 1894 2509 -340 3282 1765 -1702 7926 2572 3211 590 4971 2766 4215 4592 4156 2951 7901 1945 4644 2025 -9327 -448 235 3830 1510 4908 995 3021 -1709 -2881
408 3482 -6130 -1831 -3922 3878 2497 -192 1381 -2920 516 -2406 -7299 -1201 -2470 489 1443 -3292 -4770 659 1441 358 3660 1631 -3404 -8254 111 -2928 -2747 1583 1852 -1850 -2128 1649 1894 2509 -340 3282 1765 -1702 7926 2572 3211 590 4971 2766 4215 4592 4156 2951 7901 1945 4644 2025 -9327 -448 235 3830 1510 4908 995 3021 -1709 -2881
1017 3161 -7179 -2529 -4963 2981 1543 -1278 1576 -2408 1790 -3166 -6547 -499 -3431 121 2250 -3204 -4265 1191 748 1002 2921 1342 -3215 -8317 -390 -3981 -2490 1349 2352 -1679 -1148 699 1152 1584 -164 3028 1084 -1449 7931 2764 3949 469 3955 2564 3212 3512 3539 3815 6533 1543 4276 2202 -8718 -1479 -327 2962 1107 4663 1208 2518 -1387 -2606
-210 3178 -6064 3495 -5053 2582 4483 3129 731 -414 1171 -3195 -2358 -4836 677 -2772 -3277 4348 -4812 3606 5481 388 693 2525 -4004 -9749 1689 -5817 -4102 2366 204 2491 -4871 -725 4212 206 383 1556 -1321 428 4245 3761 3295 -2921 9578 2269 4994 936 3591 -80 3660 6045 5350 6295 -3595 6152 238 6638 -454 4907 -2 3232 -6327 -657
168 3414 -5938 -1586 -4021 3747 2373 -249 1613 -2817 764 -2569 -7371 -1327 -2637 220 1649 -3251 -4688 623 1483 687 3768 1665 -3236 -8168 -35 -3012 -2982 1590 1882 -1719 -1890 1517 1539 2769 -452 3135 2126 -1821 7830 2244 3218 553 4715 2718 4025 4642 3978 2739 7568 1812 4536 1816 -9142 -628 229 3691 1242 4629 1151 3061 -1506 -3058
408 3482 -6130 -1831 -3922 3878 2497 -192 1381 -2920 516 -2406 -7299 -1201 -2470 489 1443 -3292 -4770 659 1441 358 3660 1631 -3404 -8254 111 -2928 -2747 1583 1852 -1850 -2128 1649 1894 2509 -340 3282 1765 -1702 7926 2572 3211 590 4971 2766 4215 4592 4156 2951 7901 1945 4644 2025 -9327 -448 235 3830 1510 4908 995 3021 -1709 -2881
408 3482 -6130 -1831 -3922 3878 2497 -192 1381 -2920 516 -2406 -7299 -1201 -2470 489 1443 -3292 -4770 659 1441 358 3660 1631 -3404 -8254 111 -2928 -2747 1583 1852 -1850 -2128 1649 1894 2509 -340 3282 1765 -1702 7926 2572 3211 590 4971 2766 4215 4592 4156 2951 7901 1945 4644 2025 -9327 -448 235 3830 1510 4908 995 3021 -1709 -2881
408 3482 -6130 -1831 -3922 3878 2497 -192 1381 -2920 516 -2406 -7299 -1201 -2470 489 1443 -3292 -4770 659 1441 358 3660 1631 -3404 -8254 111 -2928 -2747 1583 1852 -1850 -2128 1649 1894 2509 -340 3282 1765 -1702 7926 2572 3211 590 4971 2766 4215 4592 4156 2951 7901 1945 4644 2025 -9327 -448 235 3830 1510 4908 995 3021 -1709 -2881
408 3482 -6130 -1831 -3922 3878 2497 -192 1381 -2920 516 -2406 -7299 -1201 -2470 489 1443 -3292 -4770 659 1441 358 3660 1631 -3404 -8254 111 -2928 -2747 1583 1852 -1850 -2128 1649 1894 2509 -340 3282 1765 -1702 7926 2572 3211 590 4971 2766 4215 4592 4156 2951 7901 1945 4644 2025 -9327 -448 235 3830 1510 4908 995 3021 -1709 -2881
-485 3456 -6212 -69 -4984 2695 1439 206 5062 8 -3620 -2331 -2990 -3483 -2805 -1856 552 -1016 -4123 -1391 588 403 5799 3450 356 -5655 1740 -4261 -4834 4518 1029 1622 -93 853 3224 2381 -1503 363 -232 2525 8573 1824 3506 -2357 4058 2980 3020 -423 3959 1547 3853 2392 4821 4897 -6401 294 -340 4190 -1566 4694 916 1819 869 -1000
-3345 3988 -2529 2888 -7032 2607 5838 -2367 2116 -1390 -1007 -5688 -8825 -996 -6084 -3063 2864 164 -4042 5093 4398 6883 2074 4089 -1282 -7795 -723 297 -3565 1418 -975 -1056 717 -2504 -1416 3692 2137 4894 2752 -3983 6638 1140 -1590 -1203 6450 2913 2534 2518 2157 -2427 6029 1957 4013 2474 -6716 3230 -1619 5375 -4606 5979 -383 7519 -3917 2
408 3482 -6130 -1831 -3922 3878 2497 -192 1381 -2920 516 -2406 -7299 -1201 -2470 489 1443 -3292 -4770 659 1441 358 3660 1631 -3404 -8254 111 -2928 -2747 1583 1852 -1850 -2128 1649 1894 2509 -340 3282 1765 -1702 7926 2572 3211 590 4971 2766 4215 4592 4156 2951 7901 1945 4644 2025 -9327 -448 235 3830 1510 4908 995 3021 -1709 -2881
408 3482 -6130 -1831 -3922 3878 2497 -192 1381 -2920 516 -2406 -7299 -1201 -2470 489 1443 -3292 -4770 659 1441 358 3660 1631 -3404 -8254 111 -2928 -2747 1583 1852 -1850 -2128 1649 1894 2509 -340 3282 1765 -1702 7926 2572 3211 590 4971 2766 4215 4592 4156 2951 7901 1945 4644 2025 -9327 -448 235 3830 1510 4908 995 3021 -1709 -2881
408 3482 -6130 -1831 -3922 3878 2497 -192 1381 -2920 516 -2406 -7299 -1201 -2470 489 1443 -3292 -4770 659 1441 358 3660 1631 -3404 -8254 111 -2928 -2747 1583 1852 -1850 -2128 1649 1894 2509 -340 3282 1765 -1702 7926 2572 3211 590 4971 2766 4215 4592 4156 2951 7901 1945 4644 2025 -9327 -448 235 3830 1510 4908 995 3021 -1709 -2881
