497 2589 -1038 158 -6021 -1763 1235 -3148 1831 2639 1827 -3144 -1425 -2321 -1041 -2566 929 935 -2056 3749 2727 4238 915 3154 1628 -5860 2926 -4628 -1310 1334 252 -856 960 -2087 59 1432 -2202 -2739 204 -735 5715 1755 -382 1592 176 -774 1285 -1289 408 27 4353 1671 -314 747 -2760 639 320 1640 -3399 3636 1249 1862 -545 -1196
505 2705 -1028 148 -6083 -1811 1295 -3186 1920 2612 1880 -3100 -1498 -2356 -1049 -2625 918 907 -2017 3731 2709 4230 917 3141 1626 -5829 2880 -4601 -1301 1322 232 -801 975 -2143 59 1598 -2384 -2769 316 -724 5907 1834 -425 1710 88 -723 1378 -1315 433 58 4309 1697 -354 770 -2777 714 366 1744 -3493 3615 1331 1831 -544 -1241
505 2705 -1028 148 -6083 -1811 1295 -3186 1920 2612 1880 -3100 -1498 -2356 -1049 -2625 918 907 -2017 3731 2709 4230 917 3141 1626 -5829 2880 -4601 -1301 1322 232 -801 975 -2143 59 1598 -2384 -2769 316 -724 5907 1834 -425 1710 88 -723 1378 -1315 433 58 4309 1697 -354 770 -2777 714 366 1744 -3493 3615 1331 1831 -544 -1241
505 2705 -1028 148 -6083 -1811 1295 -3186 1920 2612 1880 -3100 -1498 -2356 -1049 -2625 918 907 -2017 3731 2709 4230 917 3141 1626 -5829 2880 -4601 -1301 1322 232 -801 975 -2143 59 1598 -2384 -2769 316 -724 5907 1834 -425 1710 88 -723 1378 -1315 433 58 4309 1697 -354 770 -2777 714 366 1744 -3493 3615 1331 1831 -544 -1241
505 2705 -1028 148 -6083 -1811 1295 -3186 1920 2612 1880 -3100 -1498 -2356 -1049 -2625 918 907 -2017 3731 2709 4230 917 3141 1626 -5829 2880 -4601 -1301 1322 232 -801 975 -2143 59 1598 -2384 -2769 316 -724 5907 1834 -425 1710 88 -723 1378 -1315 433 58 4309 1697 -354 770 -2777 714 366 1744 -3493 3615 1331 1831 -544 -1241
505 2705 -1028 148 -6083 -1811 1295 -3186 1920 2612 1880 -3100 -1498 -2356 -1049 -2625 918 907 -2017 3731 2709 4230 917 3141 1626 -5829 2880 -4601 -1301 1322 232 -801 975 -2143 59 1598 -2384 -2769 316 -724 5907 1834 -425 1710 88 -723 1378 -1315 433 58 4309 1697 -354 770 -2777 714 366 1744 -3493 3615 1331 1831 -544 -1241
505 2705 -1028 148 -6083 -1811 1295 -3186 1920 2612 1880 -3100 -1498 -2356 -1049 -2625 918 907 -2017 3731 2709 4230 917 3141 1626 -5829 2880 -4601 -1301 1322 232 -801 975 -2143 59 1598 -2384 -2769 316 -724 5907 1834 -425 1710 88 -723 1378 -1315 433 58 4309 1697 -354 770 -2777 714 366 1744 -3493 3615 1331 1831 -544 -1241
505 2705 -1028 148 -6083 -1811 1295 -3186 1920 2612 1880 -3100 -1498 -2356 -1049 -2625 918 907 -2017 3731 2709 4230 917 3141 1626 -5829 2880 -4601 -1301 1322 232 -801 975 -2143 59 1598 -2384 -2769 316 -724 5907 1834 -425 1710 88 -723 1378 -1315 433 58 4309 1697 -354 770 -2777 714 366 1744 -3493 3615 1331 1831 -544 -1241
505 2705 -1028 148 -6083 -1811 1295 -3186 1920 2612 1880 -3100 -1498 -2356 -1049 -2625 918 907 -2017 3731 2709 4230 917 3141 1626 -5829 2880 -4601 -1301 1322 232 -801 975 -2143 59 1598 -2384 -2769 316 -724 5907 1834 -425 1710 88 -723 1378 -1315 433 58 4309 1697 -354 770 -2777 714 366 1744 -3493 3615 1331 1831 -544 -1241
512 2724 -1026 149 -6102 -1808 1292 -3197 1940 2614 1893 -3106 -1507 -2360 -1052 -2642 935 919 -2043 3744 2724 4228 935 3157 1632 -5859 2915 -4628 -1285 1330 249 -831 967 -2156 78 1622 -2421 -2796 323 -726 5953 1845 -462 1730 62 -713 1400 -1338 429 105 4319 1681 -410 784 -2820 809 366 1800 -3595 3581 1426 1838 -560 -1263
510 2707 -1036 164 -6084 -1782 1252 -3220 1924 2623 1873 -3115 -1506 -2363 -1055 -2653 938 930 -2048 3758 2721 4234 932 3165 1640 -5872 2927 -4639 -1282 1352 256 -853 973 -2127 79 1614 -2382 -2796 308 -721 5908 1832 -416 1702 74 -717 1388 -1308 439 58 4314 1702 -364 767 -2782 739 372 1755 -3511 3626 1346 1825 -549 -1233
505 2705 -1028 148 -6083 -1811 1295 -3186 1920 2612 1880 -3100 -1498 -2356 -1049 -2625 918 907 -2017 3731 2709 4230 917 3141 1626 -5829 2880 -4601 -1301 1322 232 -801 975 -2143 59 1598 -2384 -2769 316 -724 5907 1834 -425 1710 88 -723 1378 -1315 433 58 4309 1697 -354 770 -2777 714 366 1744 -3493 3615 1331 1831 -544 -1241
505 2705 -1028 148 -6083 -1811 1295 -3186 1920 2612 1880 -3100 -1498 -2356 -1049 -2625 918 907 -2017 3731 2709 4230 917 3141 1626 -5829 2880 -4601 -1301 1322 232 -801 975 -2143 59 1598 -2384 -2769 316 -724 5907 1834 -425 1710 88 -723 1378 -1315 433 58 4309 1697 -354 770 -2777 714 366 1744 -3493 3615 1331 1831 -544 -1241
505 2705 -1028 148 -6083 -1811 1295 -3186 1920 2612 1880 -3100 -1498 -2356 -1049 -2625 918 907 -2017 3731 2709 4230 917 3141 1626 -5829 2880 -4601 -1301 1322 232 -801 975 -2143 59 1598 -2384 -2769 316 -724 5907 1834 -425 1710 88 -723 1378 -1315 433 58 4309 1697 -354 770 -2777 714 366 1744 -3493 3615 1331 1831 -544 -1241
505 2705 -1028 148 -6083 -1811 1295 -3186 1920 2612 1880 -3100 -1498 -2356 -1049 -2625 918 907 -2017 3731 2709 4230 917 3141 1626 -5829 2880 -4601 -1301 1322 232 -801 975 -2143 59 1598 -2384 -2769 316 -724 5907 1834 -425 1710 88 -723 1378 -1315 433 58 4309 1697 -354 770 -2777 714 366 1744 -3493 3615 1331 1831 -544 -1241
505 2705 -1028 148 -6083 -1811 1295 -3186 1920 2612 1880 -3100 -1498 -2356 -1049 -2625 918 907 -2017 3731 2709 4230 917 3141 1626 -5829 2880 -4601 -1301 1322 232 -801 975 -2143 59 1598 -2384 -2769 316 -724 5907 1834 -425 1710 88 -723 1378 -1315 433 58 4309 1697 -354 770 -2777 714 366 1744 -3493 3615 1331 1831 -544 -1241
500 2631 -1030 139 -6013 -1782 1278 -3165 1841 2613 1840 -3117 -1455 -2334 -1052 -2591 929 927 -2052 3752 2721 4236 934 3168 1631 -5876 2922 -4624 -1286 1337 245 -854 964 -2161 48 1555 -2363 -2753 307 -726 5893 1826 -453 1699 109 -747 1365 -1330 409 102 4284 1637 -327 783 -2770 676 350 1723 -3446 3574 1322 1839 -539 -1262
511 2641 -1019 144 -6039 -1780 1265 -3157 1860 2619 1857 -3136 -1443 -2326 -1038 -2589 972 933 -2107 3767 2771 4248 965 3209 1634 -5914 3002 -4655 -1278 1324 280 -878 972 -2200 46 1662 -2486 -2756 380 -734 6001 1880 -479 1778 53 -695 1406 -1364 417 128 4335 1645 -439 786 -2843 834 355 1814 -3624 3588 1457 1848 -570 -1266
509 2634 -1014 140 -6040 -1793 1280 -3137 1859 2613 1858 -3131 -1435 -2324 -1033 -2572 927 902 -2044 3730 2735 4246 923 3163 1615 -5842 2911 -4590 -1315 1300 235 -806 973 -2158 33 1574 -2374 -2726 324 -735 5878 1837 -421 1706 110 -725 1350 -1327 426 83 4369 1687 -447 769 -2846 837 348 1791 -3635 3613 1438 1857 -574 -1238
514 2592 -1016 140 -6036 -1771 1252 -3121 1836 2620 1850 -3157 -1397 -2309 -1035 -2548 941 917 -2073 3744 2743 4235 945 3176 1621 -5880 2946 -4624 -1293 1309 250 -844 952 -2194 70 1625 -2453 -2780 341 -741 5974 1861 -502 1753 59 -703 1394 -1382 415 110 4395 1672 -479 772 -2876 894 331 1802 -3692 3589 1492 1877 -587 -1241
505 2706 -1030 148 -6080 -1811 1302 -3185 1919 2621 1879 -3101 -1510 -2356 -1051 -2636 927 918 -2043 3752 2720 4247 927 3171 1631 -5865 2917 -4610 -1294 1338 242 -839 972 -2138 89 1679 -2459 -2809 347 -722 5966 1867 -428 1732 31 -688 1423 -1326 434 44 4342 1701 -391 764 -2802 750 355 1754 -3535 3638 1356 1842 -552 -1230
505 2705 -1028 148 -6083 -1811 1295 -3186 1920 2612 1880 -3100 -1498 -2356 -1049 -2625 918 907 -2017 3731 2709 4230 917 3141 1626 -5829 2880 -4601 -1301 1322 232 -801 975 -2143 59 1598 -2384 -2769 316 -724 5907 1834 -425 1710 88 -723 1378 -1315 433 58 4309 1697 -354 770 -2777 714 366 1744 -3493 3615 1331 1831 -544 -1241
505 2705 -1028 148 -6083 -1811 1295 -3186 1920 2612 1880 -3100 -1498 -2356 -1049 -2625 918 907 -2017 3731 2709 4230 917 3141 1626 -5829 2880 -4601 -1301 1322 232 -801 975 -2143 59 1598 -2384 -2769 316 -724 5907 1834 -425 1710 88 -723 1378 -1315 433 58 4309 1697 -354 770 -2777 714 366 1744 -3493 3615 1331 1831 -544 -1241
505 2705 -1028 148 -6083 -1811 1295 -3186 1920 2612 1880 -3100 -1498 -2356 -1049 -2625 918 907 -2017 3731 2709 4230 917 3141 1626 -5829 2880 -4601 -1301 1322 232 -801 975 -2143 59 1598 -2384 -2769 316 -724 5907 1834 -425 1710 88 -723 1378 -1315 433 58 4309 1697 -354 770 -2777 714 366 1744 -3493 3615 1331 1831 -544 -1241
505 2705 -1028 148 -6083 -1811 1295 -3186 1920 2612 1880 -3100 -1498 -2356 -1049 -2625 918 907 -2017 3731 2709 4230 917 3141 1626 -5829 2880 -4601 -1301 1322 232 -801 975 -2143 59 1598 -2384 -2769 316 -724 5907 1834 -425 1710 88 -723 1378 -1315 433 58 4309 1697 -354 770 -2777 714 366 1744 -3493 3615 1331 1831 -544 -1241
505 2705 -1028 148 -6083 -1811 1295 -3186 1920 2612 1880 -3100 -1498 -2356 -1049 -2625 918 907 -2017 3731 2709 4230 917 3141 1626 -5829 2880 -4601 -1301 1322 232 -801 975 -2143 59 1598 -2384 -2769 316 -724 5907 1834 -425 1710 88 -723 1378 -1315 433 58 4309 1697 -354 770 -2777 714 366 1744 -3493 3615 1331 1831 -544 -1241
501 2533 -1046 177 -5958 -1697 1152 -3188 1774 2640 1780 -3168 -1401 -2317 -1046 -2581 920 941 -2051 3754 2722 4252 898 3154 1629 -5855 2917 -4616 -1324 1346 249 -866 961 -2076 19 1316 -2086 -2674 154 -744 5588 1709 -345 1534 258 -814 1212 -1272 373 54 4299 1597 -195 756 -2690 482 310 1544 -3199 3615 1125 1853 -518 -1199
504 2700 -1027 146 -6088 -1817 1301 -3174 1920 2615 1882 -3102 -1491 -2351 -1047 -2613 927 911 -2028 3736 2717 4230 924 3149 1629 -5841 2897 -4613 -1295 1325 240 -811 975 -2142 61 1605 -2392 -2771 320 -724 5911 1838 -425 1710 82 -720 1383 -1315 433 59 4307 1696 -354 771 -2776 711 366 1746 -3491 3616 1330 1831 -543 -1244
505 2705 -1028 148 -6083 -1811 1295 -3186 1920 2612 1880 -3100 -1498 -2356 -1049 -2625 918 907 -2017 3731 2709 4230 917 3141 1626 -5829 2880 -4601 -1301 1322 232 -801 975 -2143 59 1598 -2384 -2769 316 -724 5907 1834 -425 1710 88 -723 1378 -1315 433 58 4309 1697 -354 770 -2777 714 366 1744 -3493 3615 1331 1831 -544 -1241
505 2705 -1028 148 -6083 -1811 1295 -3186 1920 2612 1880 -3100 -1498 -2356 -1049 -2625 918 907 -2017 3731 2709 4230 917 3141 1626 -5829 2880 -4601 -1301 1322 232 -801 975 -2143 59 1598 -2384 -2769 316 -724 5907 1834 -425 1710 88 -723 1378 -1315 433 58 4309 1697 -354 770 -2777 714 366 1744 -3493 3615 1331 1831 -544 -1241
505 2705 -1028 148 -6083 -1811 1295 -3186 1920 2612 1880 -3100 -1498 -2356 -1049 -2625 918 907 -2017 3731 2709 4230 917 3141 1626 -5829 2880 -4601 -1301 1322 232 -801 975 -2143 59 1598 -2384 -2769 316 -724 5907 1834 -425 1710 88 -723 1378 -1315 433 58 4309 1697 -354 770 -2777 714 366 1744 -3493 3615 1331 1831 -544 -1241
505 2705 -1028 148 -6083 -1811 1295 -3186 1920 2612 1880 -3100 -1498 -2356 -1049 -2625 918 907 -2017 3731 2709 4230 917 3141 1626 -5829 2880 -4601 -1301 1322 232 -801 975 -2143 59 1598 -2384 -2769 316 -724 5907 1834 -425 1710 88 -723 1378 -1315 433 58 4309 1697 -354 770 -2777 714 366 1744 -3493 3615 1331 1831 -544 -1241
497 2584 -1039 162 -6042 -1764 1223 -3146 1845 2630 1832 -3144 -1407 -2322 -1043 -2550 939 933 -2065 3760 2724 4224 944 3170 1634 -5896 2938 -4649 -1272 1344 254 -873 955 -2159 83 1584 -2391 -2798 299 -729 5929 1831 -480 1712 77 -728 1386 -1348 411 99 4332 1664 -365 779 -2795 756 350 1743 -3516 3595 1372 1849 -552 -1242
508 2721 -1020 139 -6083 -1827 1328 -3173 1925 2613 1891 -3095 -1513 -2353 -1047 -2634 939 915 -2061 3751 2738 4252 939 3185 1629 -5871 2940 -4613 -1294 1324 250 -836 976 -2162 76 1708 -2497 -2798 379 -722 6005 1884 -441 1765 22 -680 1436 -1337 446 75 4382 1718 -503 769 -2875 916 365 1852 -3727 3630 1500 1847 -585 -1242
505 2705 -1028 148 -6083 -1811 1295 -3186 1920 2612 1880 -3100 -1498 -2356 -1049 -2625 918 907 -2017 3731 2709 4230 917 3141 1626 -5829 2880 -4601 -1301 1322 232 -801 975 -2143 59 1598 -2384 -2769 316 -724 5907 1834 -425 1710 88 -723 1378 -1315 433 58 4309 1697 -354 770 -2777 714 366 1744 -3493 3615 1331 1831 -544 -1241
505 2705 -1028 148 -6083 -1811 1295 -3186 1920 2612 1880 -3100 -1498 -2356 -1049 -2625 918 907 -2017 3731 2709 4230 917 3141 1626 -5829 2880 -4601 -1301 1322 232 -801 975 -2143 59 1598 -2384 -2769 316 -724 5907 1834 -425 1710 88 -723 1378 -1315 433 58 4309 1697 -354 770 -2777 714 366 1744 -3493 3615 1331 1831 -544 -1241
505 2705 -1028 148 -6083 -1811 1295 -3186 1920 2612 1880 -3100 -1498 -2356 -1049 -2625 918 907 -2017 3731 2709 4230 917 3141 1626 -5829 2880 -4601 -1301 1322 232 -801 975 -2143 59 1598 -2384 -2769 316 -724 5907 1834 -425 1710 88 -723 1378 -1315 433 58 4309 1697 -354 770 -2777 714 366 1744 -3493 3615 1331 1831 -544 -1241
505 2705 -1028 148 -6083 -1811 1295 -3186 1920 2612 1880 -3100 -1498 -2356 -1049 -2625 918 907 -2017 3731 2709 4230 917 3141 1626 -5829 2880 -4601 -1301 1322 232 -801 975 -2143 59 1598 -2384 -2769 316 -724 5907 1834 -425 1710 88 -723 1378 -1315 433 58 4309 1697 -354 770 -2777 714 366 1744 -3493 3615 1331 1831 -544 -1241
510 2713 -1028 150 -6101 -1807 1286 -3190 1934 2616 1889 -3110 -1497 -2356 -1049 -2629 921 903 -2020 3726 2713 4225 923 3140 1624 -5828 2882 -4603 -1298 1312 233 -794 968 -2157 75 1624 -2418 -2792 325 -727 5949 1845 -456 1731 65 -711 1396 -1337 429 77 4310 1688 -368 775 -2790 738 361 1756 -3521 3594 1359 1837 -549 -1252
521 2659 -1025 168 -6003 -1733 1209 -3235 1856 2615 1836 -3134 -1487 -2351 -1049 -2670 921 934 -2048 3751 2726 4255 902 3157 1630 -5846 2917 -4609 -1324 1341 249 -851 971 -2121 36 1489 -2255 -2720 254 -737 5771 1780 -381 1648 163 -753 1297 -1300 413 53 4351 1666 -357 754 -2791 702 326 1686 -3477 3613 1313 1860 -557 -1213
505 2703 -1028 149 -6084 -1811 1294 -3183 1920 2614 1880 -3102 -1495 -2354 -1048 -2622 923 909 -2022 3733 2714 4231 920 3144 1627 -5834 2889 -4607 -1299 1323 237 -806 976 -2145 60 1606 -2393 -2770 321 -725 5915 1838 -428 1714 83 -720 1382 -1318 432 59 4306 1695 -350 771 -2774 707 366 1742 -3486 3614 1326 1830 -543 -1242
505 2705 -1028 148 -6083 -1811 1295 -3186 1920 2612 1880 -3100 -1498 -2356 -1049 -2625 918 907 -2017 3731 2709 4230 917 3141 1626 -5829 2880 -4601 -1301 1322 232 -801 975 -2143 59 1598 -2384 -2769 316 -724 5907 1834 -425 1710 88 -723 1378 -1315 433 58 4309 1697 -354 770 -2777 714 366 1744 -3493 3615 1331 1831 -544 -1241
505 2705 -1028 148 -6083 -1811 1295 -3186 1920 2612 1880 -3100 -1498 -2356 -1049 -2625 918 907 -2017 3731 2709 4230 917 3141 1626 -5829 2880 -4601 -1301 1322 232 -801 975 -2143 59 1598 -2384 -2769 316 -724 5907 1834 -425 1710 88 -723 1378 -1315 433 58 4309 1697 -354 770 -2777 714 366 1744 -3493 3615 1331 1831 -544 -1241
505 2705 -1028 148 -6083 -1811 1295 -3186 1920 2612 1880 -3100 -1498 -2356 -1049 -2625 918 907 -2017 3731 2709 4230 917 3141 1626 -5829 2880 -4601 -1301 1322 232 -801 975 -2143 59 1598 -2384 -2769 316 -724 5907 1834 -425 1710 88 -723 1378 -1315 433 58 4309 1697 -354 770 -2777 714 366 1744 -3493 3615 1331 1831 -544 -1241
505 2705 -1028 148 -6083 -1811 1295 -3186 1920 2612 1880 -3100 -1498 -2356 -1049 -2625 918 907 -2017 3731 2709 4230 917 3141 1626 -5829 2880 -4601 -1301 1322 232 -801 975 -2143 59 1598 -2384 -2769 316 -724 5907 1834 -425 1710 88 -723 1378 -1315 433 58 4309 1697 -354 770 -2777 714 366 1744 -3493 3615 1331 1831 -544 -1241
477 2486 -1050 155 -5971 -1749 1211 -3099 1755 2642 1780 -3155 -1351 -2292 -1036 -2477 902 896 -2011 3711 2703 4224 905 3125 1609 -5812 2857 -4580 -1320 1295 214 -782 959 -2156 52 1532 -2338 -2755 287 -730 5871 1814 -454 1686 120 -751 1351 -1330 376 34 4254 1601 -120 761 -2634 381 327 1515 -3075 3637 1039 1833 -487 -1205
512 2725 -1008 131 -6097 -1842 1345 -3150 1934 2608 1905 -3096 -1501 -2345 -1036 -2616 942 903 -2057 3738 2746 4249 940 3180 1623 -5855 2937 -4604 -1300 1303 248 -809 979 -2165 54 1668 -2461 -2764 370 -727 5967 1871 -431 1754 53 -694 1406 -1333 453 79 4398 1737 -544 769 -2901 977 370 1885 -3801 3626 1548 1848 -598 -1244
505 2705 -1028 148 -6083 -1811 1295 -3186 1920 2612 1880 -3100 -1498 -2356 -1049 -2625 918 907 -2017 3731 2709 4230 917 3141 1626 -5829 2880 -4601 -1301 1322 232 -801 975 -2143 59 1598 -2384 -2769 316 -724 5907 1834 -425 1710 88 -723 1378 -1315 433 58 4309 1697 -354 770 -2777 714 366 1744 -3493 3615 1331 1831 -544 -1241
505 2705 -1028 148 -6083 -1811 1295 -3186 1920 2612 1880 -3100 -1498 -2356 -1049 -2625 918 907 -2017 3731 2709 4230 917 3141 1626 -5829 2880 -4601 -1301 1322 232 -801 975 -2143 59 1598 -2384 -2769 316 -724 5907 1834 -425 1710 88 -723 1378 -1315 433 58 4309 1697 -354 770 -2777 714 366 1744 -3493 3615 1331 1831 -544 -1241
505 2705 -1028 148 -6083 -1811 1295 -3186 1920 2612 1880 -3100 -1498 -2356 -1049 -2625 918 907 -2017 3731 2709 4230 917 3141 1626 -5829 2880 -4601 -1301 1322 232 -801 975 -2143 59 1598 -2384 -2769 316 -724 5907 1834 -425 1710 88 -723 1378 -1315 433 58 4309 1697 -354 770 -2777 714 366 1744 -3493 3615 1331 1831 -544 -1241
