628 1335 -632 421 2513 -73 1428 651 857 1311 90 -1143 -558 -809 1088 -953 -1124 1040 -1088 757 -1222 -557 280 -141 849 871 -146 -2469 2494 957 10 894 -133 -796 -308 -129 -279 950 853 -306 856 257 -1018 528 865 -1411 -1158 567 630 -1674 849 640 -1674 940 -1130 -1077 284 -1068 1744 -57 526 696 -1219 1647
-243 1242 -1344 357 2167 107 896 520 463 132 -823 -1990 -1274 -210 404 -1017 -802 923 94 495 -1696 -28 -38 641 791 73 -742 -1738 1806 222 82 828 -663 -586 -302 310 -490 40 1582 1049 654 16 -369 20 860 -1245 -822 379 699 -1237 430 249 -1403 -440 -839 -1554 -457 -1480 2240 -379 171 753 -2515 2055
-243 1242 -1344 357 2167 107 896 520 463 132 -823 -1990 -1274 -210 404 -1017 -802 923 94 495 -1696 -28 -38 641 791 73 -742 -1738 1806 222 82 828 -663 -586 -302 310 -490 40 1582 1049 654 16 -369 20 860 -1245 -822 379 699 -1237 430 249 -1403 -440 -839 -1554 -457 -1480 2240 -379 171 753 -2515 2055
-243 1242 -1344 357 2167 107 896 520 463 132 -823 -1990 -1274 -210 404 -1017 -802 923 94 495 -1696 -28 -38 641 791 73 -742 -1738 1806 222 82 828 -663 -586 -302 310 -490 40 1582 1049 654 16 -369 20 860 -1245 -822 379 699 -1237 430 249 -1403 -440 -839 -1554 -457 -1480 2240 -379 171 753 -2515 2055
-243 1242 -1344 357 2167 107 896 520 463 132 -823 -1990 -1274 -210 404 -1017 -802 923 94 495 -1696 -28 -38 641 791 73 -742 -1738 1806 222 82 828 -663 -586 -302 310 -490 40 1582 1049 654 16 -369 20 860 -1245 -822 379 699 -1237 430 249 -1403 -440 -839 -1554 -457 -1480 2240 -379 171 753 -2515 2055
-243 1242 -1344 357 2167 107 896 520 463 132 -823 -1990 -1274 -210 404 -1017 -802 923 94 495 -1696 -28 -38 641 791 73 -742 -1738 1806 222 82 828 -663 -586 -302 310 -490 40 1582 1049 654 16 -369 20 860 -1245 -822 379 699 -1237 430 249 -1403 -440 -839 -1554 -457 -1480 2240 -379 171 753 -2515 2055
-243 1242 -1344 357 2167 107 896 520 463 132 -823 -1990 -1274 -210 404 -1017 -802 923 94 495 -1696 -28 -38 641 791 73 -742 -1738 1806 222 82 828 -663 -586 -302 310 -490 40 1582 1049 654 16 -369 20 860 -1245 -822 379 699 -1237 430 249 -1403 -440 -839 -1554 -457 -1480 2240 -379 171 753 -2515 2055
-243 1242 -1344 357 2167 107 896 520 463 132 -823 -1990 -1274 -210 404 -1017 -802 923 94 495 -1696 -28 -38 641 791 73 -742 -1738 1806 222 82 828 -663 -586 -302 310 -490 40 1582 1049 654 16 -369 20 860 -1245 -822 379 699 -1237 430 249 -1403 -440 -839 -1554 -457 -1480 2240 -379 171 753 -2515 2055
-243 1242 -1344 357 2167 107 896 520 463 132 -823 -1990 -1274 -210 404 -1017 -802 923 94 495 -1696 -28 -38 641 791 73 -742 -1738 1806 222 82 828 -663 -586 -302 310 -490 40 1582 1049 654 16 -369 20 860 -1245 -822 379 699 -1237 430 249 -1403 -440 -839 -1554 -457 -1480 2240 -379 171 753 -2515 2055
44 1332 -1672 387 2128 -212 1146 608 49 35 -1083 -1769 -1428 182 288 -574 -623 807 31 485 -1983 179 -147 1043 800 300 -777 -2052 1735 -108 231 746 -451 -619 -399 473 -269 7 1863 1229 525 -113 97 -57 961 -1256 -796 627 112 -1052 311 111 -1587 -490 -646 -1192 -325 -1425 2415 -293 -56 1059 -2387 1801
195 1494 -1580 278 2224 36 1286 599 185 -45 -909 -2014 -1548 -638 622 -924 -594 977 112 424 -1735 85 9 862 853 380 -500 -1672 1781 327 241 822 -805 -927 -638 372 -555 203 1896 484 863 108 -1 -250 768 -1570 -1443 586 297 -1534 456 193 -1653 -251 -753 -1135 -155 -1262 2389 -254 525 899 -2582 2056
-243 1242 -1344 357 2167 107 896 520 463 132 -823 -1990 -1274 -210 404 -1017 -802 923 94 495 -1696 -28 -38 641 791 73 -742 -1738 1806 222 82 828 -663 -586 -302 310 -490 40 1582 1049 654 16 -369 20 860 -1245 -822 379 699 -1237 430 249 -1403 -440 -839 -1554 -457 -1480 2240 -379 171 753 -2515 2055
-243 1242 -1344 357 2167 107 896 520 463 132 -823 -1990 -1274 -210 404 -1017 -802 923 94 495 -1696 -28 -38 641 791 73 -742 -1738 1806 222 82 828 -663 -586 -302 310 -490 40 1582 1049 654 16 -369 20 860 -1245 -822 379 699 -1237 430 249 -1403 -440 -839 -1554 -457 -1480 2240 -379 171 753 -2515 2055
-243 1242 -1344 357 2167 107 896 520 463 132 -823 -1990 -1274 -210 404 -1017 -802 923 94 495 -1696 -28 -38 641 791 73 -742 -1738 1806 222 82 828 -663 -586 -302 310 -490 40 1582 1049 654 16 -369 20 860 -1245 -822 379 699 -1237 430 249 -1403 -440 -839 -1554 -457 -1480 2240 -379 171 753 -2515 2055
-243 1242 -1344 357 2167 107 896 520 463 132 -823 -1990 -1274 -210 404 -1017 -802 923 94 495 -1696 -28 -38 641 791 73 -742 -1738 1806 222 82 828 -663 -586 -302 310 -490 40 1582 1049 654 16 -369 20 860 -1245 -822 379 699 -1237 430 249 -1403 -440 -839 -1554 -457 -1480 2240 -379 171 753 -2515 2055
-243 1242 -1344 357 2167 107 896 520 463 132 -823 -1990 -1274 -210 404 -1017 -802 923 94 495 -1696 -28 -38 641 791 73 -742 -1738 1806 222 82 828 -663 -586 -302 310 -490 40 1582 1049 654 16 -369 20 860 -1245 -822 379 699 -1237 430 249 -1403 -440 -839 -1554 -457 -1480 2240 -379 171 753 -2515 2055
131 1237 -1165 -196 2256 515 731 170 646 833 -908 -1437 -526 64 385 -972 -1065 927 -1066 719 -1768 43 565 -119 1016 -112 -493 -2513 1927 456 -23 943 -639 -580 -225 -196 -596 407 1234 508 337 49 -739 708 643 -798 -252 344 855 -1382 1270 745 -1598 -369 -1028 -1954 -7 -1224 2219 -212 390 99 -1444 1541
883 966 -749 400 2420 420 708 -622 901 1486 -737 -1218 -257 776 217 -892 -963 1768 -1890 772 -818 -173 -235 -292 768 219 -596 -3246 2355 258 203 1238 -575 -384 453 -780 -14 1470 396 448 28 -224 -1730 1184 428 -1625 -520 684 782 -1423 1401 1752 -1107 164 -871 -817 702 -378 759 150 159 -130 -1325 1596
626 803 -631 211 2726 239 759 -440 895 1691 -144 -1017 379 542 806 -752 -639 1646 -1570 481 -574 97 -462 5 346 149 -655 -3032 2507 287 -86 1392 29 -420 239 -859 -30 1345 124 548 420 -360 -2031 1099 421 -2020 -628 786 778 -1466 1500 1489 -1161 705 -611 -891 687 -452 659 154 -252 138 -1051 1227
908 250 -669 189 2111 -627 941 -512 455 1294 -421 -365 856 746 500 -565 -464 1320 -1543 594 -777 459 -907 103 -223 517 -623 -3055 1770 -228 -82 1300 249 28 247 -962 533 1023 3 577 6 -888 -1933 832 579 -1710 -660 886 -67 -1043 1243 1227 -573 938 -256 -563 843 111 303 237 -382 856 -170 125
155 802 -1115 353 2578 -157 1195 964 280 1264 109 -1643 -500 -150 697 -525 -717 986 -772 770 -551 -201 -446 404 601 859 -367 -1602 1910 1199 752 1545 -918 -698 -739 -345 -527 372 1546 22 756 459 -514 368 309 -1499 -1229 248 127 -1854 591 1127 -1586 779 -722 -815 -103 -572 1999 -205 791 896 -2206 1954
-243 1242 -1344 357 2167 107 896 520 463 132 -823 -1990 -1274 -210 404 -1017 -802 923 94 495 -1696 -28 -38 641 791 73 -742 -1738 1806 222 82 828 -663 -586 -302 310 -490 40 1582 1049 654 16 -369 20 860 -1245 -822 379 699 -1237 430 249 -1403 -440 -839 -1554 -457 -1480 2240 -379 171 753 -2515 2055
-243 1242 -1344 357 2167 107 896 520 463 132 -823 -1990 -1274 -210 404 -1017 -802 923 94 495 -1696 -28 -38 641 791 73 -742 -1738 1806 222 82 828 -663 -586 -302 310 -490 40 1582 1049 654 16 -369 20 860 -1245 -822 379 699 -1237 430 249 -1403 -440 -839 -1554 -457 -1480 2240 -379 171 753 -2515 2055
-243 1242 -1344 357 2167 107 896 520 463 132 -823 -1990 -1274 -210 404 -1017 -802 923 94 495 -1696 -28 -38 641 791 73 -742 -1738 1806 222 82 828 -663 -586 -302 310 -490 40 1582 1049 654 16 -369 20 860 -1245 -822 379 699 -1237 430 249 -1403 -440 -839 -1554 -457 -1480 2240 -379 171 753 -2515 2055
-243 1242 -1344 357 2167 107 896 520 463 132 -823 -1990 -1274 -210 404 -1017 -802 923 94 495 -1696 -28 -38 641 791 73 -742 -1738 1806 222 82 828 -663 -586 -302 310 -490 40 1582 1049 654 16 -369 20 860 -1245 -822 379 699 -1237 430 249 -1403 -440 -839 -1554 -457 -1480 2240 -379 171 753 -2515 2055
-243 1242 -1344 357 2167 107 896 520 463 132 -823 -1990 -1274 -210 404 -1017 -802 923 94 495 -1696 -28 -38 641 791 73 -742 -1738 1806 222 82 828 -663 -586 -302 310 -490 40 1582 1049 654 16 -369 20 860 -1245 -822 379 699 -1237 430 249 -1403 -440 -839 -1554 -457 -1480 2240 -379 171 753 -2515 2055
888 1742 -563 -219 1548 178 521 391 514 1055 -804 -990 -296 -1224 1296 -1584 -1302 748 -1605 722 -1508 115 978 -170 806 -56 309 -2392 2107 882 -735 680 -303 -1208 -53 -105 -521 940 744 -85 845 124 -1348 769 697 -1759 -648 559 1084 -1485 1632 42 -1200 1142 -1240 -1571 386 -1055 2201 475 413 603 -146 853
-257 1017 -1430 436 2275 90 1105 421 496 336 -584 -1845 -1261 12 281 -1018 -878 1091 10 461 -1562 -172 -149 577 867 208 -875 -1784 1939 381 226 1030 -592 -512 -207 232 -311 118 1515 998 723 121 -600 74 886 -1110 -943 340 779 -1267 417 432 -1538 -393 -796 -1389 -459 -1239 2094 -445 185 737 -2356 2148
-243 1242 -1344 357 2167 107 896 520 463 132 -823 -1990 -1274 -210 404 -1017 -802 923 94 495 -1696 -28 -38 641 791 73 -742 -1738 1806 222 82 828 -663 -586 -302 310 -490 40 1582 1049 654 16 -369 20 860 -1245 -822 379 699 -1237 430 249 -1403 -440 -839 -1554 -457 -1480 2240 -379 171 753 -2515 2055
-243 1242 -1344 357 2167 107 896 520 463 132 -823 -1990 -1274 -210 404 -1017 -802 923 94 495 -1696 -28 -38 641 791 73 -742 -1738 1806 222 82 828 -663 -586 -302 310 -490 40 1582 1049 654 16 -369 20 860 -1245 -822 379 699 -1237 430 249 -1403 -440 -839 -1554 -457 -1480 2240 -379 171 753 -2515 2055
-243 1242 -1344 357 2167 107 896 520 463 132 -823 -1990 -1274 -210 404 -1017 -802 923 94 495 -1696 -28 -38 641 791 73 -742 -1738 1806 222 82 828 -663 -586 -302 310 -490 40 1582 1049 654 16 -369 20 860 -1245 -822 379 699 -1237 430 249 -1403 -440 -839 -1554 -457 -1480 2240 -379 171 753 -2515 2055
-243 1242 -1344 357 2167 107 896 520 463 132 -823 -1990 -1274 -210 404 -1017 -802 923 94 495 -1696 -28 -38 641 791 73 -742 -1738 1806 222 82 828 -663 -586 -302 310 -490 40 1582 1049 654 16 -369 20 860 -1245 -822 379 699 -1237 430 249 -1403 -440 -839 -1554 -457 -1480 2240 -379 171 753 -2515 2055
-71 735 -1402 759 1589 -881 1580 531 -438 -567 -1049 -968 -1073 211 204 -728 -406 701 -207 203 -2015 662 -526 937 547 438 -892 -1810 1160 -280 -491 982 73 -525 -542 278 123 -409 1772 956 295 -124 -285 -128 1060 -1026 -1106 615 -532 -685 730 -435 -1505 -100 -422 -1293 -186 -970 2345 -587 -1 1690 -1351 859
414 569 -760 410 2624 -156 1052 671 423 1751 -10 -1595 -301 161 450 -366 -727 1262 -1272 885 -252 -152 -722 191 493 760 -412 -2175 1845 1135 599 1645 -949 -647 -443 -629 -581 693 1019 39 532 293 -862 751 234 -1733 -1000 366 425 -1844 554 1522 -1358 980 -514 -471 102 -423 1601 7 555 565 -2482 2114
-243 1242 -1344 357 2167 107 896 520 463 132 -823 -1990 -1274 -210 404 -1017 -802 923 94 495 -1696 -28 -38 641 791 73 -742 -1738 1806 222 82 828 -663 -586 -302 310 -490 40 1582 1049 654 16 -369 20 860 -1245 -822 379 699 -1237 430 249 -1403 -440 -839 -1554 -457 -1480 2240 -379 171 753 -2515 2055
-243 1242 -1344 357 2167 107 896 520 463 132 -823 -1990 -1274 -210 404 -1017 -802 923 94 495 -1696 -28 -38 641 791 73 -742 -1738 1806 222 82 828 -663 -586 -302 310 -490 40 1582 1049 654 16 -369 20 860 -1245 -822 379 699 -1237 430 249 -1403 -440 -839 -1554 -457 -1480 2240 -379 171 753 -2515 2055
-243 1242 -1344 357 2167 107 896 520 463 132 -823 -1990 -1274 -210 404 -1017 -802 923 94 495 -1696 -28 -38 641 791 73 -742 -1738 1806 222 82 828 -663 -586 -302 310 -490 40 1582 1049 654 16 -369 20 860 -1245 -822 379 699 -1237 430 249 -1403 -440 -839 -1554 -457 -1480 2240 -379 171 753 -2515 2055
-243 1242 -1344 357 2167 107 896 520 463 132 -823 -1990 -1274 -210 404 -1017 -802 923 94 495 -1696 -28 -38 641 791 73 -742 -1738 1806 222 82 828 -663 -586 -302 310 -490 40 1582 1049 654 16 -369 20 860 -1245 -822 379 699 -1237 430 249 -1403 -440 -839 -1554 -457 -1480 2240 -379 171 753 -2515 2055
-118 1204 -1597 359 2208 -170 1147 519 371 68 -1054 -1907 -1344 134 358 -684 -672 985 161 562 -1892 22 -122 832 683 312 -814 -1908 1658 -14 216 793 -636 -462 -499 344 -176 2 1770 1113 608 -128 -105 -33 884 -1150 -875 563 257 -1037 296 219 -1430 -365 -805 -1365 -306 -1321 2267 -298 70 945 -2419 1833
1001 1792 -297 -323 2234 564 669 512 612 1707 -883 -1545 -214 -1126 1279 -1359 -1197 840 -1740 975 -752 -14 525 -200 350 449 368 -2753 2207 1176 -119 875 -773 -1095 -415 -795 -921 1058 802 -366 903 179 -1036 912 424 -2027 -588 881 1120 -1640 1038 823 -1184 1542 -1091 -1136 560 -1059 2103 641 452 243 -1299 1570
-250 1165 -1377 403 2190 107 973 507 484 171 -773 -1951 -1313 -150 322 -1042 -845 985 76 479 -1660 -93 -70 613 814 124 -787 -1736 1818 270 132 883 -661 -556 -265 293 -432 81 1574 1049 671 47 -434 4 869 -1175 -860 350 765 -1259 407 284 -1431 -458 -853 -1504 -476 -1381 2192 -410 182 761 -2479 2118
-243 1242 -1344 357 2167 107 896 520 463 132 -823 -1990 -1274 -210 404 -1017 -802 923 94 495 -1696 -28 -38 641 791 73 -742 -1738 1806 222 82 828 -663 -586 -302 310 -490 40 1582 1049 654 16 -369 20 860 -1245 -822 379 699 -1237 430 249 -1403 -440 -839 -1554 -457 -1480 2240 -379 171 753 -2515 2055
-243 1242 -1344 357 2167 107 896 520 463 132 -823 -1990 -1274 -210 404 -1017 -802 923 94 495 -1696 -28 -38 641 791 73 -742 -1738 1806 222 82 828 -663 -586 -302 310 -490 40 1582 1049 654 16 -369 20 860 -1245 -822 379 699 -1237 430 249 -1403 -440 -839 -1554 -457 -1480 2240 -379 171 753 -2515 2055
-243 1242 -1344 357 2167 107 896 520 463 132 -823 -1990 -1274 -210 404 -1017 -802 923 94 495 -1696 -28 -38 641 791 73 -742 -1738 1806 222 82 828 -663 -586 -302 310 -490 40 1582 1049 654 16 -369 20 860 -1245 -822 379 699 -1237 430 249 -1403 -440 -839 -1554 -457 -1480 2240 -379 171 753 -2515 2055
-243 1242 -1344 357 2167 107 896 520 463 132 -823 -1990 -1274 -210 404 -1017 -802 923 94 495 -1696 -28 -38 641 791 73 -742 -1738 1806 222 82 828 -663 -586 -302 310 -490 40 1582 1049 654 16 -369 20 860 -1245 -822 379 699 -1237 430 249 -1403 -440 -839 -1554 -457 -1480 2240 -379 171 753 -2515 2055
-305 1008 -1019 361 1847 -104 875 -25 838 275 -580 -1206 -289 71 555 -1261 -746 1163 -626 273 -1930 -176 279 -50 585 -157 -520 -1783 1660 187 -381 732 -395 -276 -409 -53 -241 283 1196 388 473 -64 -1392 501 855 -679 -890 277 448 -1294 1278 201 -1162 22 -1031 -2099 151 -864 1885 -341 352 589 -670 1032
387 415 -680 370 2452 -147 758 344 526 1916 -111 -1280 -85 572 388 -455 -678 1290 -1115 619 -174 -99 -1027 384 279 630 -750 -2464 1882 866 323 1705 -611 -402 -40 -513 -268 862 459 687 506 28 -1375 945 440 -1858 -788 411 816 -1458 427 1457 -1196 817 -257 -268 216 -375 1142 21 -62 554 -2431 2085
-243 1242 -1344 357 2167 107 896 520 463 132 -823 -1990 -1274 -210 404 -1017 -802 923 94 495 -1696 -28 -38 641 791 73 -742 -1738 1806 222 82 828 -663 -586 -302 310 -490 40 1582 1049 654 16 -369 20 860 -1245 -822 379 699 -1237 430 249 -1403 -440 -839 -1554 -457 -1480 2240 -379 171 753 -2515 2055
-243 1242 -1344 357 2167 107 896 520 463 132 -823 -1990 -1274 -210 404 -1017 -802 923 94 495 -1696 -28 -38 641 791 73 -742 -1738 1806 222 82 828 -663 -586 -302 310 -490 40 1582 1049 654 16 -369 20 860 -1245 -822 379 699 -1237 430 249 -1403 -440 -839 -1554 -457 -1480 2240 -379 171 753 -2515 2055
-243 1242 -1344 357 2167 107 896 520 463 132 -823 -1990 -1274 -210 404 -1017 -802 923 94 495 -1696 -28 -38 641 791 73 -742 -1738 1806 222 82 828 -663 -586 -302 310 -490 40 1582 1049 654 16 -369 20 860 -1245 -822 379 699 -1237 430 249 -1403 -440 -839 -1554 -457 -1480 2240 -379 171 753 -2515 2055
