-1468 -130 402 -1142 2624 218 2173 -74 24 -3410 -621 577 -792 3693 2039 -2242 -1613 1864 1768 -5571 483 -5789 1713 1211 1149 1249 -3246 2166 4414 391 -2081 -601 -282 -911 4360 1148 980 3054 712 912 2140 600 2592 -2213 578 970 -5443 -556 1098 -3567 -95 1367 -2655 1565 3481 3192 1753 -2510 155 3796 -495 -3124 -1838 -3806
-2486 -1379 -98 582 1552 -2123 1378 -2226 -1374 -5394 -2853 838 -3276 1484 1553 -2909 1395 4781 1861 -4055 2509 -6069 1101 1026 356 1219 -4489 664 3599 -1749 -2575 -43 176 -3142 1450 805 -2073 2911 2530 2392 327 -1843 3408 -1726 -2658 1839 -3088 -695 1981 -401 2081 2658 -4822 2219 3353 4572 -2635 -5396 264 2962 -2434 -2286 930 -4129
-2486 -1379 -98 582 1552 -2123 1378 -2226 -1374 -5394 -2853 838 -3276 1484 1553 -2909 1395 4781 1861 -4055 2509 -6069 1101 1026 356 1219 -4489 664 3599 -1749 -2575 -43 176 -3142 1450 805 -2073 2911 2530 2392 327 -1843 3408 -1726 -2658 1839 -3088 -695 1981 -401 2081 2658 -4822 2219 3353 4572 -2635 -5396 264 2962 -2434 -2286 930 -4129
-2486 -1379 -98 582 1552 -2123 1378 -2226 -1374 -5394 -2853 838 -3276 1484 1553 -2909 1395 4781 1861 -4055 2509 -6069 1101 1026 356 1219 -4489 664 3599 -1749 -2575 -43 176 -3142 1450 805 -2073 2911 2530 2392 327 -1843 3408 -1726 -2658 1839 -3088 -695 1981 -401 2081 2658 -4822 2219 3353 4572 -2635 -5396 264 2962 -2434 -2286 930 -4129
-2486 -1379 -98 582 1552 -2123 1378 -2226 -1374 -5394 -2853 838 -3276 1484 1553 -2909 1395 4781 1861 -4055 2509 -6069 1101 1026 356 1219 -4489 664 3599 -1749 -2575 -43 176 -3142 1450 805 -2073 2911 2530 2392 327 -1843 3408 -1726 -2658 1839 -3088 -695 1981 -401 2081 2658 -4822 2219 3353 4572 -2635 -5396 264 2962 -2434 -2286 930 -4129
-2486 -1379 -98 582 1552 -2123 1378 -2226 -1374 -5394 -2853 838 -3276 1484 1553 -2909 1395 4781 1861 -4055 2509 -6069 1101 1026 356 1219 -4489 664 3599 -1749 -2575 -43 176 -3142 1450 805 -2073 2911 2530 2392 327 -1843 3408 -1726 -2658 1839 -3088 -695 1981 -401 2081 2658 -4822 2219 3353 4572 -2635 -5396 264 2962 -2434 -2286 930 -4129
-2486 -1379 -98 582 1552 -2123 1378 -2226 -1374 -5394 -2853 838 -3276 1484 1553 -2909 1395 4781 1861 -4055 2509 -6069 1101 1026 356 1219 -4489 664 3599 -1749 -2575 -43 176 -3142 1450 805 -2073 2911 2530 2392 327 -1843 3408 -1726 -2658 1839 -3088 -695 1981 -401 2081 2658 -4822 2219 3353 4572 -2635 -5396 264 2962 -2434 -2286 930 -4129
-2486 -1379 -98 582 1552 -2123 1378 -2226 -1374 -5394 -2853 838 -3276 1484 1553 -2909 1395 4781 1861 -4055 2509 -6069 1101 1026 356 1219 -4489 664 3599 -1749 -2575 -43 176 -3142 1450 805 -2073 2911 2530 2392 327 -1843 3408 -1726 -2658 1839 -3088 -695 1981 -401 2081 2658 -4822 2219 3353 4572 -2635 -5396 264 2962 -2434 -2286 930 -4129
-2486 -1379 -98 582 1552 -2123 1378 -2226 -1374 -5394 -2853 838 -3276 1484 1553 -2909 1395 4781 1861 -4055 2509 -6069 1101 1026 356 1219 -4489 664 3599 -1749 -2575 -43 176 -3142 1450 805 -2073 2911 2530 2392 327 -1843 3408 -1726 -2658 1839 -3088 -695 1981 -401 2081 2658 -4822 2219 3353 4572 -2635 -5396 264 2962 -2434 -2286 930 -4129
-2753 -2218 -182 -1479 3163 -1923 808 -2737 -2949 -4825 -2705 -174 -3298 544 919 -2851 1022 4148 2100 -4644 3018 -5105 1351 -30 441 1261 -3356 1105 2932 -1718 -2580 -863 250 -3049 1624 1127 -3070 2147 1982 2445 592 -2483 3050 -3563 -2314 2551 -2135 -1455 105 -1700 -124 3450 -4398 1162 3039 5120 -3343 -3891 487 1548 -2932 -1264 145 -3013
-2691 -690 -794 369 2032 -398 -288 -2682 -2529 -5044 -1844 1725 -1951 1388 980 -2076 658 5461 1933 -3755 2455 -5473 1142 805 326 2103 -3687 484 3758 -1291 -1965 -500 660 -4825 1281 741 -2431 3142 852 2784 1990 -1622 2263 -2901 -1264 3253 -2170 -928 30 -1169 2017 3627 -4896 1874 3738 5011 -2151 -4541 1467 3305 -2858 -2048 337 -2915
-2486 -1379 -98 582 1552 -2123 1378 -2226 -1374 -5394 -2853 838 -3276 1484 1553 -2909 1395 4781 1861 -4055 2509 -6069 1101 1026 356 1219 -4489 664 3599 -1749 -2575 -43 176 -3142 1450 805 -2073 2911 2530 2392 327 -1843 3408 -1726 -2658 1839 -3088 -695 1981 -401 2081 2658 -4822 2219 3353 4572 -2635 -5396 264 2962 -2434 -2286 930 -4129
-2486 -1379 -98 582 1552 -2123 1378 -2226 -1374 -5394 -2853 838 -3276 1484 1553 -2909 1395 4781 1861 -4055 2509 -6069 1101 1026 356 1219 -4489 664 3599 -1749 -2575 -43 176 -3142 1450 805 -2073 2911 2530 2392 327 -1843 3408 -1726 -2658 1839 -3088 -695 1981 -401 2081 2658 -4822 2219 3353 4572 -2635 -5396 264 2962 -2434 -2286 930 -4129
-2486 -1379 -98 582 1552 -2123 1378 -2226 -1374 -5394 -2853 838 -3276 1484 1553 -2909 1395 4781 1861 -4055 2509 -6069 1101 1026 356 1219 -4489 664 3599 -1749 -2575 -43 176 -3142 1450 805 -2073 2911 2530 2392 327 -1843 3408 -1726 -2658 1839 -3088 -695 1981 -401 2081 2658 -4822 2219 3353 4572 -2635 -5396 264 2962 -2434 -2286 930 -4129
-2486 -1379 -98 582 1552 -2123 1378 -2226 -1374 -5394 -2853 838 -3276 1484 1553 -2909 1395 4781 1861 -4055 2509 -6069 1101 1026 356 1219 -4489 664 3599 -1749 -2575 -43 176 -3142 1450 805 -2073 2911 2530 2392 327 -1843 3408 -1726 -2658 1839 -3088 -695 1981 -401 2081 2658 -4822 2219 3353 4572 -2635 -5396 264 2962 -2434 -2286 930 -4129
-2486 -1379 -98 582 1552 -2123 1378 -2226 -1374 -5394 -2853 838 -3276 1484 1553 -2909 1395 4781 1861 -4055 2509 -6069 1101 1026 356 1219 -4489 664 3599 -1749 -2575 -43 176 -3142 1450 805 -2073 2911 2530 2392 327 -1843 3408 -1726 -2658 1839 -3088 -695 1981 -401 2081 2658 -4822 2219 3353 4572 -2635 -5396 264 2962 -2434 -2286 930 -4129
-2684 -824 1262 -1749 369 -2252 1186 -1658 -2208 -3586 -4795 -49 -517 2442 1251 -988 1417 4134 -347 -3672 -386 -5552 804 -1301 -1244 1150 -3522 -347 3505 -2727 -3278 1659 3302 -1740 1007 993 177 938 2557 2335 -792 -1128 3036 -2844 -4431 -735 -4957 352 3070 394 3633 1887 -3583 2543 3524 4861 -862 -4642 1760 4564 810 -2350 -1898 -3844
-1236 -742 538 -2780 2316 -1002 2049 -615 -1071 -668 -923 -2629 55 2819 637 -307 1778 1592 -820 -936 -317 -4816 783 -642 1421 1529 -2878 -351 2620 -1973 -1503 656 3828 1850 2115 425 3812 68 121 1037 -1135 0 -659 1198 -3179 -3761 -5225 1079 4433 -322 1498 1006 -1019 2778 3962 450 1714 -4628 1284 4233 -51 -3455 -1524 -5020
-511 1039 1098 -20 564 -167 3521 153 574 -1810 399 -978 -1446 3129 735 -1918 716 -558 331 -1209 -1062 -4276 1334 1835 2163 -132 -4048 -565 3501 -1630 -1509 -44 2208 3189 2927 -29 4378 2932 300 381 -542 1352 -128 986 -1883 -3030 -6091 1572 4649 -973 1492 -401 -21 3000 3385 -357 3823 -3392 -220 3599 -896 -3801 1033 -5358
-356 236 1605 -3422 4014 390 3130 -744 -1113 318 84 -3558 -1072 1676 379 -567 -317 -3336 1152 -1234 -1398 -2297 1724 417 2689 47 -2987 58 2326 -1673 -1423 -346 1893 4416 3319 186 3524 2444 -648 421 -750 583 145 -1527 -1329 -2910 -4975 1287 2055 -2414 -2388 -180 2320 858 2001 -937 3163 192 1734 1737 -1391 -2642 -693 -4166
-688 -1723 -2769 1944 1749 -981 2091 -2628 -1023 -4709 -723 2872 -2581 1819 2472 -2529 2197 3337 2478 -6491 1426 -7060 2649 956 1988 3309 -4442 -162 1942 -105 -2403 -1753 179 -3780 1475 609 94 5884 2163 1518 4567 -1020 3946 428 -1333 941 -1698 89 143 -140 -431 361 -1817 5025 1514 1023 771 -3811 -189 3148 -2457 -4002 362 -4242
-2486 -1379 -98 582 1552 -2123 1378 -2226 -1374 -5394 -2853 838 -3276 1484 1553 -2909 1395 4781 1861 -4055 2509 -6069 1101 1026 356 1219 -4489 664 3599 -1749 -2575 -43 176 -3142 1450 805 -2073 2911 2530 2392 327 -1843 3408 -1726 -2658 1839 -3088 -695 1981 -401 2081 2658 -4822 2219 3353 4572 -2635 -5396 264 2962 -2434 -2286 930 -4129
-2486 -1379 -98 582 1552 -2123 1378 -2226 -1374 -5394 -2853 838 -3276 1484 1553 -2909 1395 4781 1861 -4055 2509 -6069 1101 1026 356 1219 -4489 664 3599 -1749 -2575 -43 176 -3142 1450 805 -2073 2911 2530 2392 327 -1843 3408 -1726 -2658 1839 -3088 -695 1981 -401 2081 2658 -4822 2219 3353 4572 -2635 -5396 264 2962 -2434 -2286 930 -4129
-2486 -1379 -98 582 1552 -2123 1378 -2226 -1374 -5394 -2853 838 -3276 1484 1553 -2909 1395 4781 1861 -4055 2509 -6069 1101 1026 356 1219 -4489 664 3599 -1749 -2575 -43 176 -3142 1450 805 -2073 2911 2530 2392 327 -1843 3408 -1726 -2658 1839 -3088 -695 1981 -401 2081 2658 -4822 2219 3353 4572 -2635 -5396 264 2962 -2434 -2286 930 -4129
-2486 -1379 -98 582 1552 -2123 1378 -2226 -1374 -5394 -2853 838 -3276 1484 1553 -2909 1395 4781 1861 -4055 2509 -6069 1101 1026 356 1219 -4489 664 3599 -1749 -2575 -43 176 -3142 1450 805 -2073 2911 2530 2392 327 -1843 3408 -1726 -2658 1839 -3088 -695 1981 -401 2081 2658 -4822 2219 3353 4572 -2635 -5396 264 2962 -2434 -2286 930 -4129
-2486 -1379 -98 582 1552 -2123 1378 -2226 -1374 -5394 -2853 838 -3276 1484 1553 -2909 1395 4781 1861 -4055 2509 -6069 1101 1026 356 1219 -4489 664 3599 -1749 -2575 -43 176 -3142 1450 805 -2073 2911 2530 2392 327 -1843 3408 -1726 -2658 1839 -3088 -695 1981 -401 2081 2658 -4822 2219 3353 4572 -2635 -5396 264 2962 -2434 -2286 930 -4129
-1604 1853 2463 -376 -1214 723 1049 452 -542 -4110 -3677 436 548 3579 2825 -1848 -46 -433 -1131 -3421 -756 -4835 860 538 -2685 -1639 -2980 1027 6147 -318 -2373 403 1987 -1013 2128 1086 961 1302 36 2194 -1878 2230 1125 -5533 -528 1216 -6323 -1710 2721 -2196 2825 1313 -2986 -989 3722 5665 2261 -2701 -123 5592 320 -632 -628 -2836
-2072 -1972 -267 500 2191 -2250 1267 -1924 -1168 -5103 -2368 423 -2924 1826 1037 -3178 1769 4767 1715 -4050 2568 -6218 853 918 605 1668 -4395 587 3110 -1869 -2658 -145 -13 -3210 1008 469 -1541 2996 2861 1795 312 -2062 3256 -561 -2916 1238 -3168 -475 1711 -185 1804 2728 -4663 2596 3224 3731 -2580 -5542 493 3401 -2174 -2540 582 -4309
-2486 -1379 -98 582 1552 -2123 1378 -2226 -1374 -5394 -2853 838 -3276 1484 1553 -2909 1395 4781 1861 -4055 2509 -6069 1101 1026 356 1219 -4489 664 3599 -1749 -2575 -43 176 -3142 1450 805 -2073 2911 2530 2392 327 -1843 3408 -1726 -2658 1839 -3088 -695 1981 -401 2081 2658 -4822 2219 3353 4572 -2635 -5396 264 2962 -2434 -2286 930 -4129
-2486 -1379 -98 582 1552 -2123 1378 -2226 -1374 -5394 -2853 838 -3276 1484 1553 -2909 1395 4781 1861 -4055 2509 -6069 1101 1026 356 1219 -4489 664 3599 -1749 -2575 -43 176 -3142 1450 805 -2073 2911 2530 2392 327 -1843 3408 -1726 -2658 1839 -3088 -695 1981 -401 2081 2658 -4822 2219 3353 4572 -2635 -5396 264 2962 -2434 -2286 930 -4129
-2486 -1379 -98 582 1552 -2123 1378 -2226 -1374 -5394 -2853 838 -3276 1484 1553 -2909 1395 4781 1861 -4055 2509 -6069 1101 1026 356 1219 -4489 664 3599 -1749 -2575 -43 176 -3142 1450 805 -2073 2911 2530 2392 327 -1843 3408 -1726 -2658 1839 -3088 -695 1981 -401 2081 2658 -4822 2219 3353 4572 -2635 -5396 264 2962 -2434 -2286 930 -4129
-2486 -1379 -98 582 1552 -2123 1378 -2226 -1374 -5394 -2853 838 -3276 1484 1553 -2909 1395 4781 1861 -4055 2509 -6069 1101 1026 356 1219 -4489 664 3599 -1749 -2575 -43 176 -3142 1450 805 -2073 2911 2530 2392 327 -1843 3408 -1726 -2658 1839 -3088 -695 1981 -401 2081 2658 -4822 2219 3353 4572 -2635 -5396 264 2962 -2434 -2286 930 -4129
-3669 -479 854 -2215 4804 -131 1314 -2761 -2622 -4553 -3220 -1474 -3720 578 907 -2042 -922 2015 3032 -2723 386 -3379 2184 1297 140 -383 -2944 1358 3704 -2990 -2517 84 -1379 -2177 2153 16 -3086 3027 996 3164 -856 -1189 2862 -6140 -1477 3139 -3556 -2725 -1627 -2693 -2107 2562 -3001 -1498 2861 5246 -3164 -31 1944 2311 -3548 -769 1174 -2380
-508 -966 -2904 698 2184 -1493 3676 -2700 -600 -3515 995 1309 -2755 1206 2620 -1793 1954 3394 2227 -4741 2099 -6284 2722 1469 2524 3114 -3797 -880 2148 305 -1724 -1777 1328 -1993 2856 1478 952 4724 765 1509 4642 -316 2616 1242 -593 -415 -1725 597 1332 -223 -272 138 -1747 5316 1827 124 1596 -4648 -774 2456 -2875 -4239 791 -4863
-2486 -1379 -98 582 1552 -2123 1378 -2226 -1374 -5394 -2853 838 -3276 1484 1553 -2909 1395 4781 1861 -4055 2509 -6069 1101 1026 356 1219 -4489 664 3599 -1749 -2575 -43 176 -3142 1450 805 -2073 2911 2530 2392 327 -1843 3408 -1726 -2658 1839 -3088 -695 1981 -401 2081 2658 -4822 2219 3353 4572 -2635 -5396 264 2962 -2434 -2286 930 -4129
-2486 -1379 -98 582 1552 -2123 1378 -2226 -1374 -5394 -2853 838 -3276 1484 1553 -2909 1395 4781 1861 -4055 2509 -6069 1101 1026 356 1219 -4489 664 3599 -1749 -2575 -43 176 -3142 1450 805 -2073 2911 2530 2392 327 -1843 3408 -1726 -2658 1839 -3088 -695 1981 -401 2081 2658 -4822 2219 3353 4572 -2635 -5396 264 2962 -2434 -2286 930 -4129
-2486 -1379 -98 582 1552 -2123 1378 -2226 -1374 -5394 -2853 838 -3276 1484 1553 -2909 1395 4781 1861 -4055 2509 -6069 1101 1026 356 1219 -4489 664 3599 -1749 -2575 -43 176 -3142 1450 805 -2073 2911 2530 2392 327 -1843 3408 -1726 -2658 1839 -3088 -695 1981 -401 2081 2658 -4822 2219 3353 4572 -2635 -5396 264 2962 -2434 -2286 930 -4129
-2486 -1379 -98 582 1552 -2123 1378 -2226 -1374 -5394 -2853 838 -3276 1484 1553 -2909 1395 4781 1861 -4055 2509 -6069 1101 1026 356 1219 -4489 664 3599 -1749 -2575 -43 176 -3142 1450 805 -2073 2911 2530 2392 327 -1843 3408 -1726 -2658 1839 -3088 -695 1981 -401 2081 2658 -4822 2219 3353 4572 -2635 -5396 264 2962 -2434 -2286 930 -4129
-2523 -2493 -270 -518 2808 -2044 1001 -2635 -2204 -4570 -2207 243 -3201 735 1320 -3102 966 4279 2301 -4501 2586 -5128 1035 230 468 1373 -4255 767 2753 -1760 -2558 -578 -13 -3040 1602 802 -2865 2710 2371 2436 888 -2270 3324 -2731 -2531 2083 -2390 -1065 889 -1078 798 3368 -4452 1797 2974 4837 -3218 -4520 791 2185 -2844 -1686 327 -3853
-1713 1354 222 -975 -1145 -170 1878 -1403 -1996 -3575 -1697 1181 -325 2489 4340 -1424 855 555 245 -4915 737 -5614 1346 425 -1213 580 -3335 714 5130 1301 -1884 -692 3190 -1837 3570 2393 1022 1594 -1218 3704 1478 1836 1300 -4227 677 1596 -3963 -658 2971 -1978 2667 1109 -2962 1257 2943 4721 2904 -4634 -573 4250 -1420 -1871 -778 -4036
-2403 -1676 -165 502 1849 -2130 1319 -2133 -1347 -5313 -2781 624 -3114 1647 1401 -3002 1558 4772 1742 -4043 2557 -6146 962 920 390 1358 -4458 701 3399 -1774 -2559 -69 43 -3256 1255 643 -1937 2853 2660 2249 224 -1962 3324 -1329 -2752 1641 -3097 -743 1894 -346 1954 2731 -4836 2290 3342 4364 -2784 -5489 371 3180 -2385 -2304 776 -4232
-2486 -1379 -98 582 1552 -2123 1378 -2226 -1374 -5394 -2853 838 -3276 1484 1553 -2909 1395 4781 1861 -4055 2509 -6069 1101 1026 356 1219 -4489 664 3599 -1749 -2575 -43 176 -3142 1450 805 -2073 2911 2530 2392 327 -1843 3408 -1726 -2658 1839 -3088 -695 1981 -401 2081 2658 -4822 2219 3353 4572 -2635 -5396 264 2962 -2434 -2286 930 -4129
-2486 -1379 -98 582 1552 -2123 1378 -2226 -1374 -5394 -2853 838 -3276 1484 1553 -2909 1395 4781 1861 -4055 2509 -6069 1101 1026 356 1219 -4489 664 3599 -1749 -2575 -43 176 -3142 1450 805 -2073 2911 2530 2392 327 -1843 3408 -1726 -2658 1839 -3088 -695 1981 -401 2081 2658 -4822 2219 3353 4572 -2635 -5396 264 2962 -2434 -2286 930 -4129
-2486 -1379 -98 582 1552 -2123 1378 -2226 -1374 -5394 -2853 838 -3276 1484 1553 -2909 1395 4781 1861 -4055 2509 -6069 1101 1026 356 1219 -4489 664 3599 -1749 -2575 -43 176 -3142 1450 805 -2073 2911 2530 2392 327 -1843 3408 -1726 -2658 1839 -3088 -695 1981 -401 2081 2658 -4822 2219 3353 4572 -2635 -5396 264 2962 -2434 -2286 930 -4129
-2486 -1379 -98 582 1552 -2123 1378 -2226 -1374 -5394 -2853 838 -3276 1484 1553 -2909 1395 4781 1861 -4055 2509 -6069 1101 1026 356 1219 -4489 664 3599 -1749 -2575 -43 176 -3142 1450 805 -2073 2911 2530 2392 327 -1843 3408 -1726 -2658 1839 -3088 -695 1981 -401 2081 2658 -4822 2219 3353 4572 -2635 -5396 264 2962 -2434 -2286 930 -4129
-2648 103 1844 133 1334 114 2647 -383 127 -4211 -4240 134 -1439 2860 1605 -1381 -1562 1577 1139 -2527 -2408 -4272 1005 806 -437 -700 -5507 1062 3996 -3773 -2896 1821 4 -414 1322 -1006 -513 3234 2255 2748 -2055 741 2864 -3539 -4342 -912 -6724 -1230 3162 -77 3187 655 -2234 1402 4579 4488 -1157 -2712 2204 5695 -922 -2425 -435 -4657
233 -975 -1743 297 2146 -2033 4202 -1518 225 -3260 1225 -208 -3614 1274 1364 -3319 2432 1622 2054 -2968 2419 -5385 2058 2136 2553 1438 -3813 -463 1911 490 -1413 -2017 1043 339 2777 1462 1923 3595 1315 474 2483 41 1752 2519 -755 -1319 -2919 903 2469 -388 279 177 -1933 4314 1602 -835 1455 -5300 -1503 1951 -2461 -3704 1739 -5012
-2486 -1379 -98 582 1552 -2123 1378 -2226 -1374 -5394 -2853 838 -3276 1484 1553 -2909 1395 4781 1861 -4055 2509 -6069 1101 1026 356 1219 -4489 664 3599 -1749 -2575 -43 176 -3142 1450 805 -2073 2911 2530 2392 327 -1843 3408 -1726 -2658 1839 -3088 -695 1981 -401 2081 2658 -4822 2219 3353 4572 -2635 -5396 264 2962 -2434 -2286 930 -4129
-2486 -1379 -98 582 1552 -2123 1378 -2226 -1374 -5394 -2853 838 -3276 1484 1553 -2909 1395 4781 1861 -4055 2509 -6069 1101 1026 356 1219 -4489 664 3599 -1749 -2575 -43 176 -3142 1450 805 -2073 2911 2530 2392 327 -1843 3408 -1726 -2658 1839 -3088 -695 1981 -401 2081 2658 -4822 2219 3353 4572 -2635 -5396 264 2962 -2434 -2286 930 -4129
-2486 -1379 -98 582 1552 -2123 1378 -2226 -1374 -5394 -2853 838 -3276 1484 1553 -2909 1395 4781 1861 -4055 2509 -6069 1101 1026 356 1219 -4489 664 3599 -1749 -2575 -43 176 -3142 1450 805 -2073 2911 2530 2392 327 -1843 3408 -1726 -2658 1839 -3088 -695 1981 -401 2081 2658 -4822 2219 3353 4572 -2635 -5396 264 2962 -2434 -2286 930 -4129
