-1442 4769 -9001 938 -8348 738 3774 -1938 3155 2582 -173 -6679 -4871 -4069 -3859 -2973 -340 830 -3580 3393 5588 3122 1650 3943 -4743 -10885 146 -8277 -6365 3250 -373 1639 -645 -2711 1519 3087 -1195 1006 494 -964 7381 1438 1684 -2940 5896 947 1551 158 1829 598 3677 3020 3215 6350 -7257 3337 -1896 3361 -6256 3506 2200 7498 -2626 1140
-96 3547 -7844 -2749 -5228 4016 2380 -807 1057 -4040 31 -3431 -9229 -2003 -3507 0 1130 -4481 -6233 201 1128 -155 3757 1353 -4613 -10362 -448 -4050 -3835 1296 1615 -2772 -3102 1375 1665 2394 -982 3310 1512 -2596 8813 2469 3226 120 5312 2698 4415 4862 4345 2918 8783 1726 4924 1821 -11632 -1111 -301 3960 1210 5237 599 3001 -2605 -3993
-96 3547 -7844 -2749 -5228 4016 2380 -807 1057 -4040 31 -3431 -9229 -2003 -3507 0 1130 -4481 -6233 201 1128 -155 3757 1353 -4613 -10362 -448 -4050 -3835 1296 1615 -2772 -3102 1375 1665 2394 -982 3310 1512 -2596 8813 2469 3226 120 5312 2698 4415 4862 4345 2918 8783 1726 4924 1821 -11632 -1111 -301 3960 1210 5237 599 3001 -2605 -3993
-96 3547 -7844 -2749 -5228 4016 2380 -807 1057 -4040 31 -3431 -9229 -2003 -3507 0 1130 -4481 -6233 201 1128 -155 3757 1353 -4613 -10362 -448 -4050 -3835 1296 1615 -2772 -3102 1375 1665 2394 -982 3310 1512 -2596 8813 2469 3226 120 5312 2698 4415 4862 4345 2918 8783 1726 4924 1821 -11632 -1111 -301 3960 1210 5237 599 3001 -2605 -3993
-96 3547 -7844 -2749 -5228 4016 2380 -807 1057 -4040 31 -3431 -9229 -2003 -3507 0 1130 -4481 -6233 201 1128 -155 3757 1353 -4613 -10362 -448 -4050 -3835 1296 1615 -2772 -3102 1375 1665 2394 -982 3310 1512 -2596 8813 2469 3226 120 5312 2698 4415 4862 4345 2918 8783 1726 4924 1821 -11632 -1111 -301 3960 1210 5237 599 3001 -2605 -3993
-96 3547 -7844 -2749 -5228 4016 2380 -807 1057 -4040 31 -3431 -9229 -2003 -3507 0 1130 -4481 -6233 201 1128 -155 3757 1353 -4613 -10362 -448 -4050 -3835 1296 1615 -2772 -3102 1375 1665 2394 -982 3310 1512 -2596 8813 2469 3226 120 5312 2698 4415 4862 4345 2918 8783 1726 4924 1821 -11632 -1111 -301 3960 1210 5237 599 3001 -2605 -3993
-96 3547 -7844 -2749 -5228 4016 2380 -807 1057 -4040 31 -3431 -9229 -2003 -3507 0 1130 -4481 -6233 201 1128 -155 3757 1353 -4613 -10362 -448 -4050 -3835 1296 1615 -2772 -3102 1375 1665 2394 -982 3310 1512 -2596 8813 2469 3226 120 5312 2698 4415 4862 4345 2918 8783 1726 4924 1821 -11632 -1111 -301 3960 1210 5237 599 3001 -2605 -3993
-96 3547 -7844 -2749 -5228 4016 2380 -807 1057 -4040 31 -3431 -9229 -2003 -3507 0 1130 -4481 -6233 201 1128 -155 3757 1353 -4613 -10362 -448 -4050 -3835 1296 1615 -2772 -3102 1375 1665 2394 -982 3310 1512 -2596 8813 2469 3226 120 5312 2698 4415 4862 4345 2918 8783 1726 4924 1821 -11632 -1111 -301 3960 1210 5237 599 3001 -2605 -3993
-96 3547 -7844 -2749 -5228 4016 2380 -807 1057 -4040 31 -3431 -9229 -2003 -3507 0 1130 -4481 -6233 201 1128 -155 3757 1353 -4613 -10362 -448 -4050 -3835 1296 1615 -2772 -3102 1375 1665 2394 -982 3310 1512 -2596 8813 2469 3226 120 5312 2698 4415 4862 4345 2918 8783 1726 4924 1821 -11632 -1111 -301 3960 1210 5237 599 3001 -2605 -3993
936 3838 -9957 -3475 -6348 3492 1637 -2529 1282 -2185 3210 -4335 -8151 -336 -4039 -365 2453 -4249 -4873 1411 319 1116 2340 805 -5071 -11367 -474 -5542 -2998 392 2154 -2133 -899 370 1630 1302 -496 2769 -48 -2932 8825 3662 4485 -13 4344 2109 2742 4756 4060 5335 8329 1218 4068 1776 -10736 -2893 -483 3407 1402 4561 2327 2789 -1813 -2909
1710 3290 -8349 -1836 -6490 2309 -616 -1232 45 -2525 3355 -2309 -6204 -3035 -2914 1715 167 -4632 -5703 1651 1376 -1003 2229 252 -5821 -10599 -788 -6124 -2550 785 1911 -2264 -2208 1741 2459 1876 -1595 2456 895 -3156 7534 3101 4050 1033 4984 2719 4481 5345 5860 3572 9094 1769 3053 3146 -11836 -1583 805 2145 1919 5225 1545 3223 -5264 -4190
-96 3547 -7844 -2749 -5228 4016 2380 -807 1057 -4040 31 -3431 -9229 -2003 -3507 0 1130 -4481 -6233 201 1128 -155 3757 1353 -4613 -10362 -448 -4050 -3835 1296 1615 -2772 -3102 1375 1665 2394 -982 3310 1512 -2596 8813 2469 3226 120 5312 2698 4415 4862 4345 2918 8783 1726 4924 1821 -11632 -1111 -301 3960 1210 5237 599 3001 -2605 -3993
-96 3547 -7844 -2749 -5228 4016 2380 -807 1057 -4040 31 -3431 -9229 -2003 -3507 0 1130 -4481 -6233 201 1128 -155 3757 1353 -4613 -10362 -448 -4050 -3835 1296 1615 -2772 -3102 1375 1665 2394 -982 3310 1512 -2596 8813 2469 3226 120 5312 2698 4415 4862 4345 2918 8783 1726 4924 1821 -11632 -1111 -301 3960 1210 5237 599 3001 -2605 -3993
-96 3547 -7844 -2749 -5228 4016 2380 -807 1057 -4040 31 -3431 -9229 -2003 -3507 0 1130 -4481 -6233 201 1128 -155 3757 1353 -4613 -10362 -448 -4050 -3835 1296 1615 -2772 -3102 1375 1665 2394 -982 3310 1512 -2596 8813 2469 3226 120 5312 2698 4415 4862 4345 2918 8783 1726 4924 1821 -11632 -1111 -301 3960 1210 5237 599 3001 -2605 -3993
-96 3547 -7844 -2749 -5228 4016 2380 -807 1057 -4040 31 -3431 -9229 -2003 -3507 0 1130 -4481 -6233 201 1128 -155 3757 1353 -4613 -10362 -448 -4050 -3835 1296 1615 -2772 -3102 1375 1665 2394 -982 3310 1512 -2596 8813 2469 3226 120 5312 2698 4415 4862 4345 2918 8783 1726 4924 1821 -11632 -1111 -301 3960 1210 5237 599 3001 -2605 -3993
-96 3547 -7844 -2749 -5228 4016 2380 -807 1057 -4040 31 -3431 -9229 -2003 -3507 0 1130 -4481 -6233 201 1128 -155 3757 1353 -4613 -10362 -448 -4050 -3835 1296 1615 -2772 -3102 1375 1665 2394 -982 3310 1512 -2596 8813 2469 3226 120 5312 2698 4415 4862 4345 2918 8783 1726 4924 1821 -11632 -1111 -301 3960 1210 5237 599 3001 -2605 -3993
-2422 2038 -6701 209 -5819 1566 2160 2918 3291 -1960 -559 -4562 -6329 -3515 -1062 -3712 -11 -1073 -8652 -429 566 -85 3708 4695 -1509 -10078 1089 -4564 -6360 1934 3653 509 -2679 -791 5720 946 -4130 703 -1211 -2401 6698 -258 5000 -3449 7628 4419 762 3271 3679 3395 7817 3921 4939 2242 -10110 482 -1602 5041 1906 6088 560 -356 -2011 -5157
-6307 1329 -4611 6179 -6608 1400 2911 2253 4667 -764 -1538 -6567 -6827 -4532 -2387 -7491 83 3183 -8348 1118 4125 6824 2948 5255 2532 -9642 1452 -1183 -6319 1713 146 2975 1479 -2165 -200 2646 -4084 2999 -581 -1609 4865 -3199 2298 -4291 6162 3028 -715 507 4764 -1628 3337 2261 4169 1085 -5678 1730 -1059 7052 -5430 4880 1269 3911 -3030 -2742
-6440 1708 -3088 5289 -7292 1822 4534 939 4062 -369 -6055 -5942 -6076 -4134 -5238 -5855 -445 2443 -6338 1484 4455 6887 2942 4225 1308 -7571 1560 -192 -5232 2369 -2511 2395 1405 -2643 447 4209 -2295 2770 -744 -817 6754 -1599 -438 -4972 5815 3130 1150 -2007 2971 -2538 2947 2524 4289 4191 -6274 2316 -3544 6619 -7700 5101 34 5525 -3568 1301
-5419 2170 -5523 3917 -9180 1778 2217 -3173 5330 2882 -4052 -7405 -2958 -1800 -6923 -7472 672 3377 -3867 3572 3221 8003 1700 5006 970 -6237 2366 -3128 -4715 2944 -778 4482 3839 -3661 -10 2730 -800 2175 -2065 367 7337 5 570 -7404 2784 3274 -219 -4243 3008 307 272 1153 3589 5032 -2814 -67 -3770 4637 -9311 3852 763 4366 -1269 3593
-1382 5484 -5395 -843 -8977 -11 3963 -3868 419 546 1335 -3337 -6102 -2113 -5847 -1972 1788 -4104 -4776 4624 3225 4009 1241 2750 -3927 -7588 -2333 -3823 -5141 1770 1471 -1613 -1958 -3455 822 3250 786 3544 3641 -4323 9393 2993 -995 -1143 4777 2607 2926 5276 1428 -443 8268 3567 3168 4594 -8484 295 -2743 2009 -3307 7721 -631 5716 -5508 -3263
-96 3547 -7844 -2749 -5228 4016 2380 -807 1057 -4040 31 -3431 -9229 -2003 -3507 0 1130 -4481 -6233 201 1128 -155 3757 1353 -4613 -10362 -448 -4050 -3835 1296 1615 -2772 -3102 1375 1665 2394 -982 3310 1512 -2596 8813 2469 3226 120 5312 2698 4415 4862 4345 2918 8783 1726 4924 1821 -11632 -1111 -301 3960 1210 5237 599 3001 -2605 -3993
-96 3547 -7844 -2749 -5228 4016 2380 -807 1057 -4040 31 -3431 -9229 -2003 -3507 0 1130 -4481 -6233 201 1128 -155 3757 1353 -4613 -10362 -448 -4050 -3835 1296 1615 -2772 -3102 1375 1665 2394 -982 3310 1512 -2596 8813 2469 3226 120 5312 2698 4415 4862 4345 2918 8783 1726 4924 1821 -11632 -1111 -301 3960 1210 5237 599 3001 -2605 -3993
-96 3547 -7844 -2749 -5228 4016 2380 -807 1057 -4040 31 -3431 -9229 -2003 -3507 0 1130 -4481 -6233 201 1128 -155 3757 1353 -4613 -10362 -448 -4050 -3835 1296 1615 -2772 -3102 1375 1665 2394 -982 3310 1512 -2596 8813 2469 3226 120 5312 2698 4415 4862 4345 2918 8783 1726 4924 1821 -11632 -1111 -301 3960 1210 5237 599 3001 -2605 -3993
-96 3547 -7844 -2749 -5228 4016 2380 -807 1057 -4040 31 -3431 -9229 -2003 -3507 0 1130 -4481 -6233 201 1128 -155 3757 1353 -4613 -10362 -448 -4050 -3835 1296 1615 -2772 -3102 1375 1665 2394 -982 3310 1512 -2596 8813 2469 3226 120 5312 2698 4415 4862 4345 2918 8783 1726 4924 1821 -11632 -1111 -301 3960 1210 5237 599 3001 -2605 -3993
-96 3547 -7844 -2749 -5228 4016 2380 -807 1057 -4040 31 -3431 -9229 -2003 -3507 0 1130 -4481 -6233 201 1128 -155 3757 1353 -4613 -10362 -448 -4050 -3835 1296 1615 -2772 -3102 1375 1665 2394 -982 3310 1512 -2596 8813 2469 3226 120 5312 2698 4415 4862 4345 2918 8783 1726 4924 1821 -11632 -1111 -301 3960 1210 5237 599 3001 -2605 -3993
-1455 1608 -8415 2005 -3198 2722 2549 4298 3124 691 -1921 -3997 -1949 -6902 750 -3074 -4821 4240 -4356 -1810 3300 -3399 2157 1303 -5412 -10579 2877 -8559 -7329 3871 -2204 3853 -4215 -713 6062 2261 -1852 -2385 -4268 3009 4646 3121 5095 -5071 7926 546 4955 -667 2883 463 1861 4171 3935 6814 -5884 2871 -235 5747 -1554 937 2652 509 -3365 -227
-1179 3635 -7074 -1857 -5754 3500 2400 -990 1912 -3591 491 -4184 -9514 -2176 -4353 -672 2067 -4500 -6108 452 1607 1279 4130 1973 -4172 -10261 -1007 -3943 -4476 1402 1764 -2453 -2146 864 946 3595 -1077 3261 2632 -3061 9092 1473 3126 -178 4956 3133 4021 5006 3859 2555 8504 1427 4581 1737 -11614 -1472 -558 3493 168 4974 943 3644 -2181 -4054
-96 3547 -7844 -2749 -5228 4016 2380 -807 1057 -4040 31 -3431 -9229 -2003 -3507 0 1130 -4481 -6233 201 1128 -155 3757 1353 -4613 -10362 -448 -4050 -3835 1296 1615 -2772 -3102 1375 1665 2394 -982 3310 1512 -2596 8813 2469 3226 120 5312 2698 4415 4862 4345 2918 8783 1726 4924 1821 -11632 -1111 -301 3960 1210 5237 599 3001 -2605 -3993
-96 3547 -7844 -2749 -5228 4016 2380 -807 1057 -4040 31 -3431 -9229 -2003 -3507 0 1130 -4481 -6233 201 1128 -155 3757 1353 -4613 -10362 -448 -4050 -3835 1296 1615 -2772 -3102 1375 1665 2394 -982 3310 1512 -2596 8813 2469 3226 120 5312 2698 4415 4862 4345 2918 8783 1726 4924 1821 -11632 -1111 -301 3960 1210 5237 599 3001 -2605 -3993
-96 3547 -7844 -2749 -5228 4016 2380 -807 1057 -4040 31 -3431 -9229 -2003 -3507 0 1130 -4481 -6233 201 1128 -155 3757 1353 -4613 -10362 -448 -4050 -3835 1296 1615 -2772 -3102 1375 1665 2394 -982 3310 1512 -2596 8813 2469 3226 120 5312 2698 4415 4862 4345 2918 8783 1726 4924 1821 -11632 -1111 -301 3960 1210 5237 599 3001 -2605 -3993
-96 3547 -7844 -2749 -5228 4016 2380 -807 1057 -4040 31 -3431 -9229 -2003 -3507 0 1130 -4481 -6233 201 1128 -155 3757 1353 -4613 -10362 -448 -4050 -3835 1296 1615 -2772 -3102 1375 1665 2394 -982 3310 1512 -2596 8813 2469 3226 120 5312 2698 4415 4862 4345 2918 8783 1726 4924 1821 -11632 -1111 -301 3960 1210 5237 599 3001 -2605 -3993
2048 4287 -11797 -3953 -7284 3221 -182 -6242 4534 1288 961 -5027 -4726 303 -6115 -1125 1042 -4030 -1553 1564 -851 -800 3190 1536 -4931 -8731 1707 -8641 -3884 2581 54 573 2440 786 1670 2152 869 120 -1663 -538 9431 6014 3348 -2726 1304 636 2503 1236 6443 6128 5460 691 3019 3069 -8929 -4591 -327 1983 -1564 4105 4032 2729 203 952
-2396 4857 -4666 1599 -8766 364 4643 -3537 555 -1005 503 -4567 -7690 -1906 -5264 -3174 1716 -1861 -4934 5624 4169 5471 423 3422 -2310 -8734 -2099 -1743 -4475 1378 86 -1364 -456 -3692 -661 2149 1196 5000 2981 -4780 6907 2011 -1898 -1590 5716 2321 1871 3894 2372 -1888 7361 3041 3198 2814 -7437 2736 -2132 3793 -4767 7935 -1309 7465 -6287 -2186
-96 3547 -7844 -2749 -5228 4016 2380 -807 1057 -4040 31 -3431 -9229 -2003 -3507 0 1130 -4481 -6233 201 1128 -155 3757 1353 -4613 -10362 -448 -4050 -3835 1296 1615 -2772 -3102 1375 1665 2394 -982 3310 1512 -2596 8813 2469 3226 120 5312 2698 4415 4862 4345 2918 8783 1726 4924 1821 -11632 -1111 -301 3960 1210 5237 599 3001 -2605 -3993
-96 3547 -7844 -2749 -5228 4016 2380 -807 1057 -4040 31 -3431 -9229 -2003 -3507 0 1130 -4481 -6233 201 1128 -155 3757 1353 -4613 -10362 -448 -4050 -3835 1296 1615 -2772 -3102 1375 1665 2394 -982 3310 1512 -2596 8813 2469 3226 120 5312 2698 4415 4862 4345 2918 8783 1726 4924 1821 -11632 -1111 -301 3960 1210 5237 599 3001 -2605 -3993
-96 3547 -7844 -2749 -5228 4016 2380 -807 1057 -4040 31 -3431 -9229 -2003 -3507 0 1130 -4481 -6233 201 1128 -155 3757 1353 -4613 -10362 -448 -4050 -3835 1296 1615 -2772 -3102 1375 1665 2394 -982 3310 1512 -2596 8813 2469 3226 120 5312 2698 4415 4862 4345 2918 8783 1726 4924 1821 -11632 -1111 -301 3960 1210 5237 599 3001 -2605 -3993
-96 3547 -7844 -2749 -5228 4016 2380 -807 1057 -4040 31 -3431 -9229 -2003 -3507 0 1130 -4481 -6233 201 1128 -155 3757 1353 -4613 -10362 -448 -4050 -3835 1296 1615 -2772 -3102 1375 1665 2394 -982 3310 1512 -2596 8813 2469 3226 120 5312 2698 4415 4862 4345 2918 8783 1726 4924 1821 -11632 -1111 -301 3960 1210 5237 599 3001 -2605 -3993
891 3533 -9207 -3477 -6477 3312 1540 -1937 1580 -3328 1844 -4263 -8428 -977 -4589 -212 2411 -4309 -5617 1105 560 873 3237 1292 -4324 -10609 -842 -5267 -3430 1301 2536 -2430 -1776 499 1057 1590 -564 3370 974 -2147 9411 3044 4504 216 4512 2797 3596 3966 3998 4339 7688 1539 4907 2351 -11104 -2184 -765 3288 1002 5383 1127 2741 -2071 -3573
-1021 2607 -7289 2946 -6207 1968 4004 2554 -13 -1239 457 -4218 -3321 -5975 -72 -3764 -4305 3860 -5949 3065 5072 -381 -54 1907 -5084 -11236 1012 -7026 -5189 1737 -578 1872 -6013 -1572 3714 -575 -386 870 -2210 -338 3749 3231 2732 -3924 9459 1633 4552 206 3049 -882 3123 5677 4932 5945 -4646 5791 -541 6312 -1282 4458 -798 2665 -7571 -1499
-344 3563 -7692 -2454 -5385 3963 2310 -846 1395 -3936 374 -3637 -9417 -2143 -3720 -281 1439 -4458 -6188 204 1239 281 3988 1458 -4441 -10376 -588 -4170 -4134 1367 1719 -2614 -2820 1279 1307 2786 -1090 3227 2012 -2737 8878 2154 3327 120 5129 2725 4298 5041 4242 2750 8562 1635 4913 1640 -11548 -1302 -270 3896 949 5026 839 3138 -2358 -4227
-96 3547 -7844 -2749 -5228 4016 2380 -807 1057 -4040 31 -3431 -9229 -2003 -3507 0 1130 -4481 -6233 201 1128 -155 3757 1353 -4613 -10362 -448 -4050 -3835 1296 1615 -2772 -3102 1375 1665 2394 -982 3310 1512 -2596 8813 2469 3226 120 5312 2698 4415 4862 4345 2918 8783 1726 4924 1821 -11632 -1111 -301 3960 1210 5237 599 3001 -2605 -3993
-96 3547 -7844 -2749 -5228 4016 2380 -807 1057 -4040 31 -3431 -9229 -2003 -3507 0 1130 -4481 -6233 201 1128 -155 3757 1353 -4613 -10362 -448 -4050 -3835 1296 1615 -2772 -3102 1375 1665 2394 -982 3310 1512 -2596 8813 2469 3226 120 5312 2698 4415 4862 4345 2918 8783 1726 4924 1821 -11632 -1111 -301 3960 1210 5237 599 3001 -2605 -3993
-96 3547 -7844 -2749 -5228 4016 2380 -807 1057 -4040 31 -3431 -9229 -2003 -3507 0 1130 -4481 -6233 201 1128 -155 3757 1353 -4613 -10362 -448 -4050 -3835 1296 1615 -2772 -3102 1375 1665 2394 -982 3310 1512 -2596 8813 2469 3226 120 5312 2698 4415 4862 4345 2918 8783 1726 4924 1821 -11632 -1111 -301 3960 1210 5237 599 3001 -2605 -3993
-96 3547 -7844 -2749 -5228 4016 2380 -807 1057 -4040 31 -3431 -9229 -2003 -3507 0 1130 -4481 -6233 201 1128 -155 3757 1353 -4613 -10362 -448 -4050 -3835 1296 1615 -2772 -3102 1375 1665 2394 -982 3310 1512 -2596 8813 2469 3226 120 5312 2698 4415 4862 4345 2918 8783 1726 4924 1821 -11632 -1111 -301 3960 1210 5237 599 3001 -2605 -3993
-1369 3746 -8799 -828 -7206 2757 1128 -471 5829 -728 -5436 -3763 -4618 -5258 -4378 -3148 -23 -2057 -6088 -2544 24 -216 6786 3737 -277 -8077 1519 -6268 -7011 5123 596 1366 -860 367 3444 2350 -2689 -268 -1039 2538 10385 1628 3811 -3798 4527 3127 3180 -1287 4398 1268 4260 2364 5516 5615 -9044 -357 -1180 4697 -2771 5351 449 1621 389 -2036
-3945 3712 -3094 2564 -7797 2270 5645 -2924 1758 -1904 -1504 -6393 -9669 -1492 -6806 -3651 2539 -281 -4673 4866 4141 6736 1714 3818 -1791 -8593 -1207 -142 -4175 1029 -1471 -1555 297 -3067 -1931 3404 1779 4659 2422 -4612 6481 738 -2112 -1709 6284 2590 2194 2178 1801 -2987 5844 1592 3739 2132 -7467 2921 -2143 5162 -5263 5792 -852 7401 -4543 -450
-96 3547 -7844 -2749 -5228 4016 2380 -807 1057 -4040 31 -3431 -9229 -2003 -3507 0 1130 -4481 -6233 201 1128 -155 3757 1353 -4613 -10362 -448 -4050 -3835 1296 1615 -2772 -3102 1375 1665 2394 -982 3310 1512 -2596 8813 2469 3226 120 5312 2698 4415 4862 4345 2918 8783 1726 4924 1821 -11632 -1111 -301 3960 1210 5237 599 3001 -2605 -3993
-96 3547 -7844 -2749 -5228 4016 2380 -807 1057 -4040 31 -3431 -9229 -2003 -3507 0 1130 -4481 -6233 201 1128 -155 3757 1353 -4613 -10362 -448 -4050 -3835 1296 1615 -2772 -3102 1375 1665 2394 -982 3310 1512 -2596 8813 2469 3226 120 5312 2698 4415 4862 4345 2918 8783 1726 4924 1821 -11632 -1111 -301 3960 1210 5237 599 3001 -2605 -3993
-96 3547 -7844 -2749 -5228 4016 2380 -807 1057 -4040 31 -3431 -9229 -2003 -3507 0 1130 -4481 -6233 201 1128 -155 3757 1353 -4613 -10362 -448 -4050 -3835 1296 1615 -2772 -3102 1375 1665 2394 -982 3310 1512 -2596 8813 2469 3226 120 5312 2698 4415 4862 4345 2918 8783 1726 4924 1821 -11632 -1111 -301 3960 1210 5237 599 3001 -2605 -3993
