-3018 2020 -11311 1355 361 5165 3396 4029 1170 -1437 -3920 -3244 -4155 -1008 -3426 1196 -2253 -473 -825 -2571 2980 -4034 826 -456 -10497 -3872 -5785 -2515 -6690 2380 -853 4602 -2787 573 2458 1922 3141 7665 578 355 -672 -1297 3654 -7657 8915 3364 -118 3259 2186 1116 -3429 1308 5857 8388 -4951 4002 -3333 1895 -2051 -2157 954 7760 -2599 4566
-627 572 -7489 -3208 2468 7306 1154 3611 -1234 -8079 -2364 457 -8447 1089 -2443 3776 226 -6250 -4269 -4705 -2233 -5803 3267 -2564 -7389 -3820 -4290 1799 -2476 -137 1727 -1932 -4749 4705 2021 755 2308 7802 1492 -1834 2274 518 4491 -2029 6201 4288 3395 7605 4609 3472 4430 -154 6359 1227 -9474 -2087 -674 2367 6365 1279 -956 1138 -2091 -2742
-627 572 -7489 -3208 2468 7306 1154 3611 -1234 -8079 -2364 457 -8447 1089 -2443 3776 226 -6250 -4269 -4705 -2233 -5803 3267 -2564 -7389 -3820 -4290 1799 -2476 -137 1727 -1932 -4749 4705 2021 755 2308 7802 1492 -1834 2274 518 4491 -2029 6201 4288 3395 7605 4609 3472 4430 -154 6359 1227 -9474 -2087 -674 2367 6365 1279 -956 1138 -2091 -2742
-627 572 -7489 -3208 2468 7306 1154 3611 -1234 -8079 -2364 457 -8447 1089 -2443 3776 226 -6250 -4269 -4705 -2233 -5803 3267 -2564 -7389 -3820 -4290 1799 -2476 -137 1727 -1932 -4749 4705 2021 755 2308 7802 1492 -1834 2274 518 4491 -2029 6201 4288 3395 7605 4609 3472 4430 -154 6359 1227 -9474 -2087 -674 2367 6365 1279 -956 1138 -2091 -2742
-627 572 -7489 -3208 2468 7306 1154 3611 -1234 -8079 -2364 457 -8447 1089 -2443 3776 226 -6250 -4269 -4705 -2233 -5803 3267 -2564 -7389 -3820 -4290 1799 -2476 -137 1727 -1932 -4749 4705 2021 755 2308 7802 1492 -1834 2274 518 4491 -2029 6201 4288 3395 7605 4609 3472 4430 -154 6359 1227 -9474 -2087 -674 2367 6365 1279 -956 1138 -2091 -2742
-627 572 -7489 -3208 2468 7306 1154 3611 -1234 -8079 -2364 457 -8447 1089 -2443 3776 226 -6250 -4269 -4705 -2233 -5803 3267 -2564 -7389 -3820 -4290 1799 -2476 -137 1727 -1932 -4749 4705 2021 755 2308 7802 1492 -1834 2274 518 4491 -2029 6201 4288 3395 7605 4609 3472 4430 -154 6359 1227 -9474 -2087 -674 2367 6365 1279 -956 1138 -2091 -2742
-627 572 -7489 -3208 2468 7306 1154 3611 -1234 -8079 -2364 457 -8447 1089 -2443 3776 226 -6250 -4269 -4705 -2233 -5803 3267 -2564 -7389 -3820 -4290 1799 -2476 -137 1727 -1932 -4749 4705 2021 755 2308 7802 1492 -1834 2274 518 4491 -2029 6201 4288 3395 7605 4609 3472 4430 -154 6359 1227 -9474 -2087 -674 2367 6365 1279 -956 1138 -2091 -2742
-627 572 -7489 -3208 2468 7306 1154 3611 -1234 -8079 -2364 457 -8447 1089 -2443 3776 226 -6250 -4269 -4705 -2233 -5803 3267 -2564 -7389 -3820 -4290 1799 -2476 -137 1727 -1932 -4749 4705 2021 755 2308 7802 1492 -1834 2274 518 4491 -2029 6201 4288 3395 7605 4609 3472 4430 -154 6359 1227 -9474 -2087 -674 2367 6365 1279 -956 1138 -2091 -2742
-627 572 -7489 -3208 2468 7306 1154 3611 -1234 -8079 -2364 457 -8447 1089 -2443 3776 226 -6250 -4269 -4705 -2233 -5803 3267 -2564 -7389 -3820 -4290 1799 -2476 -137 1727 -1932 -4749 4705 2021 755 2308 7802 1492 -1834 2274 518 4491 -2029 6201 4288 3395 7605 4609 3472 4430 -154 6359 1227 -9474 -2087 -674 2367 6365 1279 -956 1138 -2091 -2742
546 692 -10208 -4200 1783 7117 211 1984 -1192 -6371 1193 -320 -7315 3353 -3065 3745 1729 -6292 -2571 -3761 -3531 -4845 1593 -3603 -8353 -4607 -4772 526 -1463 -1341 2406 -1111 -2343 3894 2034 -689 3253 7739 -349 -2229 1806 1808 6277 -2429 5316 3803 1376 7923 4422 6441 3677 -879 5697 1145 -8436 -4498 -936 1569 7304 267 837 770 -1135 -1390
1474 281 -8145 -2193 1012 5344 -2273 3196 -2431 -6401 1509 1792 -4988 -98 -1767 5856 -923 -6522 -3652 -3091 -1977 -6852 1496 -3905 -8893 -4084 -4791 -559 -1027 -774 2059 -1286 -3747 5158 2944 139 1611 6919 800 -2512 810 1270 5488 -969 5903 4349 3496 8237 6422 4276 4839 -108 4252 2796 -9805 -2693 605 258 7281 1270 124 1422 -5212 -3012
-627 572 -7489 -3208 2468 7306 1154 3611 -1234 -8079 -2364 457 -8447 1089 -2443 3776 226 -6250 -4269 -4705 -2233 -5803 3267 -2564 -7389 -3820 -4290 1799 -2476 -137 1727 -1932 -4749 4705 2021 755 2308 7802 1492 -1834 2274 518 4491 -2029 6201 4288 3395 7605 4609 3472 4430 -154 6359 1227 -9474 -2087 -674 2367 6365 1279 -956 1138 -2091 -2742
-627 572 -7489 -3208 2468 7306 1154 3611 -1234 -8079 -2364 457 -8447 1089 -2443 3776 226 -6250 -4269 -4705 -2233 -5803 3267 -2564 -7389 -3820 -4290 1799 -2476 -137 1727 -1932 -4749 4705 2021 755 2308 7802 1492 -1834 2274 518 4491 -2029 6201 4288 3395 7605 4609 3472 4430 -154 6359 1227 -9474 -2087 -674 2367 6365 1279 -956 1138 -2091 -2742
-627 572 -7489 -3208 2468 7306 1154 3611 -1234 -8079 -2364 457 -8447 1089 -2443 3776 226 -6250 -4269 -4705 -2233 -5803 3267 -2564 -7389 -3820 -4290 1799 -2476 -137 1727 -1932 -4749 4705 2021 755 2308 7802 1492 -1834 2274 518 4491 -2029 6201 4288 3395 7605 4609 3472 4430 -154 6359 1227 -9474 -2087 -674 2367 6365 1279 -956 1138 -2091 -2742
-627 572 -7489 -3208 2468 7306 1154 3611 -1234 -8079 -2364 457 -8447 1089 -2443 3776 226 -6250 -4269 -4705 -2233 -5803 3267 -2564 -7389 -3820 -4290 1799 -2476 -137 1727 -1932 -4749 4705 2021 755 2308 7802 1492 -1834 2274 518 4491 -2029 6201 4288 3395 7605 4609 3472 4430 -154 6359 1227 -9474 -2087 -674 2367 6365 1279 -956 1138 -2091 -2742
-627 572 -7489 -3208 2468 7306 1154 3611 -1234 -8079 -2364 457 -8447 1089 -2443 3776 226 -6250 -4269 -4705 -2233 -5803 3267 -2564 -7389 -3820 -4290 1799 -2476 -137 1727 -1932 -4749 4705 2021 755 2308 7802 1492 -1834 2274 518 4491 -2029 6201 4288 3395 7605 4609 3472 4430 -154 6359 1227 -9474 -2087 -674 2367 6365 1279 -956 1138 -2091 -2742
-3402 -1159 -6287 227 1859 4571 914 8144 1451 -5866 -3106 -779 -5241 -657 421 -525 -1158 -2413 -7141 -5678 -3029 -5960 3238 1221 -3933 -3379 -2696 1365 -5519 563 4154 1997 -4366 2322 6882 -919 -1344 4934 -1692 -1630 -290 -2729 6744 -6327 9053 6475 -866 5946 3951 4052 3327 2488 6492 1717 -7843 -215 -2218 3691 7345 2292 -1044 -2864 -1435 -4129
-8675 -1996 -4229 7936 624 4631 2074 7766 3453 -4658 -4527 -3617 -6454 -2195 -1339 -5614 -1133 2915 -7430 -3933 1409 2698 2566 2216 1041 -3465 -2373 5560 -6043 444 -27 5325 664 665 -127 1145 -1381 8133 -1113 -787 -2414 -6699 3864 -7955 8050 5123 -2801 2868 5712 -2086 -1917 674 6213 432 -2905 1192 -1690 6591 -1431 1172 -323 2498 -2858 -1458
-8782 -1284 -2372 6766 -788 5004 4216 5736 2808 -3918 -10160 -3093 -5618 -1895 -5101 -3757 -1677 2061 -5109 -3093 2096 3117 2670 1208 -384 -1421 -1859 6301 -4703 1413 -3365 4369 632 -215 707 3391 531 7513 -1223 153 683 -4418 202 -8560 7481 5197 -220 -552 3397 -3188 -2103 1075 6298 4486 -3915 1987 -4846 6181 -4649 1707 -1772 4686 -3598 3566
-7798 -775 -5657 5207 -3055 5201 1283 610 4563 133 -7964 -4977 -1670 1231 -7496 -5974 -314 3329 -1875 -622 402 4554 1052 2135 -927 634 -1041 2909 -4168 2168 -1217 7424 3893 -1420 75 1412 2780 7233 -3068 1786 1076 -2572 1700 -12289 3816 5605 -2175 -3405 3584 437 -5990 -760 5690 5752 725 -1227 -5327 3691 -6723 -17 -1012 3218 -624 6831
-2495 3802 -5801 -1204 -3216 2909 3786 -420 -2102 -2981 -760 195 -6070 787 -6402 1405 1307 -6925 -3410 1024 619 -582 541 -725 -7752 -1595 -7455 1786 -5049 662 1894 -797 -4004 -1419 1216 2222 4999 9386 4772 -4765 4367 1579 -548 -4008 6838 4883 2152 9579 1545 -487 5237 2632 5221 5479 -7459 -517 -4174 371 891 5530 -2725 5426 -6678 -2517
-627 572 -7489 -3208 2468 7306 1154 3611 -1234 -8079 -2364 457 -8447 1089 -2443 3776 226 -6250 -4269 -4705 -2233 -5803 3267 -2564 -7389 -3820 -4290 1799 -2476 -137 1727 -1932 -4749 4705 2021 755 2308 7802 1492 -1834 2274 518 4491 -2029 6201 4288 3395 7605 4609 3472 4430 -154 6359 1227 -9474 -2087 -674 2367 6365 1279 -956 1138 -2091 -2742
-627 572 -7489 -3208 2468 7306 1154 3611 -1234 -8079 -2364 457 -8447 1089 -2443 3776 226 -6250 -4269 -4705 -2233 -5803 3267 -2564 -7389 -3820 -4290 1799 -2476 -137 1727 -1932 -4749 4705 2021 755 2308 7802 1492 -1834 2274 518 4491 -2029 6201 4288 3395 7605 4609 3472 4430 -154 6359 1227 -9474 -2087 -674 2367 6365 1279 -956 1138 -2091 -2742
-627 572 -7489 -3208 2468 7306 1154 3611 -1234 -8079 -2364 457 -8447 1089 -2443 3776 226 -6250 -4269 -4705 -2233 -5803 3267 -2564 -7389 -3820 -4290 1799 -2476 -137 1727 -1932 -4749 4705 2021 755 2308 7802 1492 -1834 2274 518 4491 -2029 6201 4288 3395 7605 4609 3472 4430 -154 6359 1227 -9474 -2087 -674 2367 6365 1279 -956 1138 -2091 -2742
-627 572 -7489 -3208 2468 7306 1154 3611 -1234 -8079 -2364 457 -8447 1089 -2443 3776 226 -6250 -4269 -4705 -2233 -5803 3267 -2564 -7389 -3820 -4290 1799 -2476 -137 1727 -1932 -4749 4705 2021 755 2308 7802 1492 -1834 2274 518 4491 -2029 6201 4288 3395 7605 4609 3472 4430 -154 6359 1227 -9474 -2087 -674 2367 6365 1279 -956 1138 -2091 -2742
-627 572 -7489 -3208 2468 7306 1154 3611 -1234 -8079 -2364 457 -8447 1089 -2443 3776 226 -6250 -4269 -4705 -2233 -5803 3267 -2564 -7389 -3820 -4290 1799 -2476 -137 1727 -1932 -4749 4705 2021 755 2308 7802 1492 -1834 2274 518 4491 -2029 6201 4288 3395 7605 4609 3472 4430 -154 6359 1227 -9474 -2087 -674 2367 6365 1279 -956 1138 -2091 -2742
-2074 -1290 -7714 2103 4142 5238 1472 8828 1317 -2423 -4189 -235 -222 -4469 2272 34 -6268 3579 -2028 -6548 316 -8904 1362 -2402 -7802 -4030 -389 -3386 -6182 2667 -2573 5428 -5658 1971 6722 951 744 902 -4703 4354 -1817 1395 6126 -7311 8453 1759 4018 1012 2814 578 -3233 2680 4674 6616 -2891 2664 -504 4462 2466 -3380 1617 -1633 -2876 1399
-1967 592 -6804 -2256 2220 7068 1164 3665 -332 -7969 -1984 -281 -9055 1030 -3504 3223 1313 -6556 -4173 -4756 -1870 -4487 3797 -2064 -7218 -3561 -5278 2230 -3286 -71 1958 -1566 -3822 4377 1238 2154 2411 8183 2884 -2425 2435 -739 4573 -2536 6028 5016 2993 8142 4194 3176 4085 -586 6219 1146 -9692 -2623 -1019 1825 5523 857 -631 1881 -1633 -2856
-627 572 -7489 -3208 2468 7306 1154 3611 -1234 -8079 -2364 457 -8447 1089 -2443 3776 226 -6250 -4269 -4705 -2233 -5803 3267 -2564 -7389 -3820 -4290 1799 -2476 -137 1727 -1932 -4749 4705 2021 755 2308 7802 1492 -1834 2274 518 4491 -2029 6201 4288 3395 7605 4609 3472 4430 -154 6359 1227 -9474 -2087 -674 2367 6365 1279 -956 1138 -2091 -2742
-627 572 -7489 -3208 2468 7306 1154 3611 -1234 -8079 -2364 457 -8447 1089 -2443 3776 226 -6250 -4269 -4705 -2233 -5803 3267 -2564 -7389 -3820 -4290 1799 -2476 -137 1727 -1932 -4749 4705 2021 755 2308 7802 1492 -1834 2274 518 4491 -2029 6201 4288 3395 7605 4609 3472 4430 -154 6359 1227 -9474 -2087 -674 2367 6365 1279 -956 1138 -2091 -2742
-627 572 -7489 -3208 2468 7306 1154 3611 -1234 -8079 -2364 457 -8447 1089 -2443 3776 226 -6250 -4269 -4705 -2233 -5803 3267 -2564 -7389 -3820 -4290 1799 -2476 -137 1727 -1932 -4749 4705 2021 755 2308 7802 1492 -1834 2274 518 4491 -2029 6201 4288 3395 7605 4609 3472 4430 -154 6359 1227 -9474 -2087 -674 2367 6365 1279 -956 1138 -2091 -2742
-627 572 -7489 -3208 2468 7306 1154 3611 -1234 -8079 -2364 457 -8447 1089 -2443 3776 226 -6250 -4269 -4705 -2233 -5803 3267 -2564 -7389 -3820 -4290 1799 -2476 -137 1727 -1932 -4749 4705 2021 755 2308 7802 1492 -1834 2274 518 4491 -2029 6201 4288 3395 7605 4609 3472 4430 -154 6359 1227 -9474 -2087 -674 2367 6365 1279 -956 1138 -2091 -2742
1907 1193 -12596 -4929 1292 7117 -2049 -2243 2726 -2578 -1653 -749 -3270 4451 -5588 3070 -67 -6308 1735 -4120 -5372 -7806 2570 -3172 -8585 -732 -2576 -2698 -2457 1155 -146 2370 1628 4774 2131 227 5262 5017 -2336 763 1962 4575 5136 -5997 1689 2207 989 3978 7466 7597 -271 -1707 4539 2697 -6139 -6703 -774 -247 4136 -713 2896 496 1380 3452
-3853 2985 -4785 2210 -3136 3342 4703 -108 -1818 -4972 -1840 -1648 -8257 963 -5573 -387 1214 -3700 -3651 2558 2007 1621 -574 329 -5355 -3400 -6958 4455 -4124 190 -44 -481 -1844 -1785 -828 701 5463 11162 3774 -5373 1073 256 -1792 -4555 8076 4393 711 7521 2835 -2523 4049 1921 5351 2979 -5936 2659 -3279 2769 -1010 5930 -3781 7857 -7656 -1032
-627 572 -7489 -3208 2468 7306 1154 3611 -1234 -8079 -2364 457 -8447 1089 -2443 3776 226 -6250 -4269 -4705 -2233 -5803 3267 -2564 -7389 -3820 -4290 1799 -2476 -137 1727 -1932 -4749 4705 2021 755 2308 7802 1492 -1834 2274 518 4491 -2029 6201 4288 3395 7605 4609 3472 4430 -154 6359 1227 -9474 -2087 -674 2367 6365 1279 -956 1138 -2091 -2742
-627 572 -7489 -3208 2468 7306 1154 3611 -1234 -8079 -2364 457 -8447 1089 -2443 3776 226 -6250 -4269 -4705 -2233 -5803 3267 -2564 -7389 -3820 -4290 1799 -2476 -137 1727 -1932 -4749 4705 2021 755 2308 7802 1492 -1834 2274 518 4491 -2029 6201 4288 3395 7605 4609 3472 4430 -154 6359 1227 -9474 -2087 -674 2367 6365 1279 -956 1138 -2091 -2742
-627 572 -7489 -3208 2468 7306 1154 3611 -1234 -8079 -2364 457 -8447 1089 -2443 3776 226 -6250 -4269 -4705 -2233 -5803 3267 -2564 -7389 -3820 -4290 1799 -2476 -137 1727 -1932 -4749 4705 2021 755 2308 7802 1492 -1834 2274 518 4491 -2029 6201 4288 3395 7605 4609 3472 4430 -154 6359 1227 -9474 -2087 -674 2367 6365 1279 -956 1138 -2091 -2742
-627 572 -7489 -3208 2468 7306 1154 3611 -1234 -8079 -2364 457 -8447 1089 -2443 3776 226 -6250 -4269 -4705 -2233 -5803 3267 -2564 -7389 -3820 -4290 1799 -2476 -137 1727 -1932 -4749 4705 2021 755 2308 7802 1492 -1834 2274 518 4491 -2029 6201 4288 3395 7605 4609 3472 4430 -154 6359 1227 -9474 -2087 -674 2367 6365 1279 -956 1138 -2091 -2742
505 418 -9348 -4209 1440 6842 136 2585 -775 -7679 -391 -329 -7718 2503 -3769 3826 1723 -6322 -3567 -3996 -3152 -5014 2711 -2905 -7406 -3928 -5087 676 -2010 -190 2891 -1554 -3375 3982 1348 -303 3091 8369 878 -1313 2689 1115 6274 -2113 5513 4602 2443 6931 4358 5288 3045 -460 6628 1866 -9017 -3526 -1264 1540 6604 1337 -469 764 -1486 -2248
-1711 -130 -7161 3421 416 4670 3354 7263 -2210 -4618 -1628 -865 -1888 -3930 1396 -916 -6097 3532 -4284 -971 2697 -5679 -1051 -1587 -7914 -5724 -2340 -2316 -4301 509 -845 3441 -8177 979 4495 -2410 2550 4621 -2779 686 -2717 1718 3863 -6567 11121 3035 3890 2041 3233 -955 -1661 4752 6432 6222 -1804 6107 -899 5477 3037 849 -2450 948 -8085 -84
-931 545 -7368 -2898 2448 7366 1062 3673 -889 -8100 -2027 295 -8726 989 -2694 3543 566 -6311 -4208 -4834 -2189 -5444 3552 -2538 -7301 -3741 -4572 1789 -2824 -82 1859 -1741 -4489 4697 1626 1181 2276 7855 2083 -1999 2239 114 4675 -2091 6063 4382 3264 7931 4534 3315 4134 -292 6420 1015 -9419 -2335 -650 2287 6198 972 -704 1276 -1812 -3012
-627 572 -7489 -3208 2468 7306 1154 3611 -1234 -8079 -2364 457 -8447 1089 -2443 3776 226 -6250 -4269 -4705 -2233 -5803 3267 -2564 -7389 -3820 -4290 1799 -2476 -137 1727 -1932 -4749 4705 2021 755 2308 7802 1492 -1834 2274 518 4491 -2029 6201 4288 3395 7605 4609 3472 4430 -154 6359 1227 -9474 -2087 -674 2367 6365 1279 -956 1138 -2091 -2742
-627 572 -7489 -3208 2468 7306 1154 3611 -1234 -8079 -2364 457 -8447 1089 -2443 3776 226 -6250 -4269 -4705 -2233 -5803 3267 -2564 -7389 -3820 -4290 1799 -2476 -137 1727 -1932 -4749 4705 2021 755 2308 7802 1492 -1834 2274 518 4491 -2029 6201 4288 3395 7605 4609 3472 4430 -154 6359 1227 -9474 -2087 -674 2367 6365 1279 -956 1138 -2091 -2742
-627 572 -7489 -3208 2468 7306 1154 3611 -1234 -8079 -2364 457 -8447 1089 -2443 3776 226 -6250 -4269 -4705 -2233 -5803 3267 -2564 -7389 -3820 -4290 1799 -2476 -137 1727 -1932 -4749 4705 2021 755 2308 7802 1492 -1834 2274 518 4491 -2029 6201 4288 3395 7605 4609 3472 4430 -154 6359 1227 -9474 -2087 -674 2367 6365 1279 -956 1138 -2091 -2742
-627 572 -7489 -3208 2468 7306 1154 3611 -1234 -8079 -2364 457 -8447 1089 -2443 3776 226 -6250 -4269 -4705 -2233 -5803 3267 -2564 -7389 -3820 -4290 1799 -2476 -137 1727 -1932 -4749 4705 2021 755 2308 7802 1492 -1834 2274 518 4491 -2029 6201 4288 3395 7605 4609 3472 4430 -154 6359 1227 -9474 -2087 -674 2367 6365 1279 -956 1138 -2091 -2742
-2282 840 -9068 -1088 868 6452 -359 4613 4615 -4982 -9451 605 -3375 -2651 -3585 275 -1292 -3816 -4140 -8971 -4143 -6899 7181 -202 -2753 -473 -2532 -213 -6405 4481 590 3158 -2427 4133 4398 644 623 4311 -1565 4532 3639 -711 5671 -7260 5637 5301 1971 739 5063 1719 -1376 550 7256 5956 -6814 -867 -1804 3595 1711 980 -925 -749 1465 -396
-5738 1336 -2510 3402 -1700 5739 5799 674 -156 -5932 -4432 -3989 -10530 1456 -7383 -1026 2247 -1428 -3151 1464 1874 3231 1159 847 -4423 -3089 -5465 6364 -3538 -250 -2099 -749 -770 -876 -2439 2388 5945 10175 2883 -4907 520 -1418 -2009 -4494 8430 4575 1150 4914 1947 -3872 1844 -104 5889 1947 -5680 2706 -3157 4414 -1521 2843 -3077 7428 -4995 1313
-627 572 -7489 -3208 2468 7306 1154 3611 -1234 -8079 -2364 457 -8447 1089 -2443 3776 226 -6250 -4269 -4705 -2233 -5803 3267 -2564 -7389 -3820 -4290 1799 -2476 -137 1727 -1932 -4749 4705 2021 755 2308 7802 1492 -1834 2274 518 4491 -2029 6201 4288 3395 7605 4609 3472 4430 -154 6359 1227 -9474 -2087 -674 2367 6365 1279 -956 1138 -2091 -2742
-627 572 -7489 -3208 2468 7306 1154 3611 -1234 -8079 -2364 457 -8447 1089 -2443 3776 226 -6250 -4269 -4705 -2233 -5803 3267 -2564 -7389 -3820 -4290 1799 -2476 -137 1727 -1932 -4749 4705 2021 755 2308 7802 1492 -1834 2274 518 4491 -2029 6201 4288 3395 7605 4609 3472 4430 -154 6359 1227 -9474 -2087 -674 2367 6365 1279 -956 1138 -2091 -2742
-627 572 -7489 -3208 2468 7306 1154 3611 -1234 -8079 -2364 457 -8447 1089 -2443 3776 226 -6250 -4269 -4705 -2233 -5803 3267 -2564 -7389 -3820 -4290 1799 -2476 -137 1727 -1932 -4749 4705 2021 755 2308 7802 1492 -1834 2274 518 4491 -2029 6201 4288 3395 7605 4609 3472 4430 -154 6359 1227 -9474 -2087 -674 2367 6365 1279 -956 1138 -2091 -2742
