80 82 82 82 82 82 82 82 82 82 88 82 82 82 82 82 84 93 83 79 59 82 82 82 82 82 114 79 82 82 82 82 80 70 82 82 82 82 78 100 81 82 82 82 82 73 79 82 82 82
79 80 80 80 80 80 80 80 80 81 84 80 80 80 80 80 101 110 89 91 66 80 80 80 80 80 109 79 80 80 80 80 84 71 80 80 80 80 78 94 80 80 80 80 80 87 74 80 80 80
79 80 80 80 80 80 80 80 80 81 84 80 80 80 80 80 101 110 89 91 66 80 80 80 80 80 109 79 80 80 80 80 84 71 80 80 80 80 78 94 80 80 80 80 80 87 74 80 80 80
79 80 80 80 80 80 80 80 80 81 84 80 80 80 80 80 101 110 89 91 66 80 80 80 80 80 109 79 80 80 80 80 84 71 80 80 80 80 78 94 80 80 80 80 80 87 74 80 80 80
79 80 80 80 80 80 80 80 80 81 84 80 80 80 80 80 101 110 89 91 66 80 80 80 80 80 109 79 80 80 80 80 84 71 80 80 80 80 78 94 80 80 80 80 80 87 74 80 80 80
79 80 80 80 80 80 80 80 80 81 84 80 80 80 80 80 101 110 89 91 66 80 80 80 80 80 109 79 80 80 80 80 84 71 80 80 80 80 78 94 80 80 80 80 80 87 74 80 80 80
79 80 80 80 80 80 80 80 80 81 84 80 80 80 80 80 101 110 89 91 66 80 80 80 80 80 109 79 80 80 80 80 84 71 80 80 80 80 78 94 80 80 80 80 80 87 74 80 80 80
79 80 80 80 80 80 80 80 80 81 84 80 80 80 80 80 101 110 89 91 66 80 80 80 80 80 109 79 80 80 80 80 84 71 80 80 80 80 78 94 80 80 80 80 80 87 74 80 80 80
79 80 80 80 80 80 80 80 80 81 84 80 80 80 80 80 101 110 89 91 66 80 80 80 80 80 109 79 80 80 80 80 84 71 80 80 80 80 78 94 80 80 80 80 80 87 74 80 80 80
73 81 81 81 81 81 81 81 81 83 84 81 81 81 81 81 101 109 84 84 65 81 81 81 81 81 102 81 81 81 81 81 83 70 81 81 81 81 78 89 82 81 81 81 81 80 75 81 81 81
75 81 81 81 81 81 81 81 81 82 85 81 81 81 81 81 106 104 80 75 66 81 81 81 81 81 106 81 81 81 81 81 78 69 81 81 81 81 78 92 82 81 81 81 81 81 71 81 81 81
79 80 80 80 80 80 80 80 80 81 84 80 80 80 80 80 101 110 89 91 66 80 80 80 80 80 109 79 80 80 80 80 84 71 80 80 80 80 78 94 80 80 80 80 80 87 74 80 80 80
79 80 80 80 80 80 80 80 80 81 84 80 80 80 80 80 101 110 89 91 66 80 80 80 80 80 109 79 80 80 80 80 84 71 80 80 80 80 78 94 80 80 80 80 80 87 74 80 80 80
79 80 80 80 80 80 80 80 80 81 84 80 80 80 80 80 101 110 89 91 66 80 80 80 80 80 109 79 80 80 80 80 84 71 80 80 80 80 78 94 80 80 80 80 80 87 74 80 80 80
79 80 80 80 80 80 80 80 80 81 84 80 80 80 80 80 101 110 89 91 66 80 80 80 80 80 109 79 80 80 80 80 84 71 80 80 80 80 78 94 80 80 80 80 80 87 74 80 80 80
79 80 80 80 80 80 80 80 80 81 84 80 80 80 80 80 101 110 89 91 66 80 80 80 80 80 109 79 80 80 80 80 84 71 80 80 80 80 78 94 80 80 80 80 80 87 74 80 80 80
75 81 81 81 81 81 81 81 81 82 88 81 81 81 81 81 101 103 82 79 60 81 81 81 81 81 105 80 81 81 81 81 87 67 81 81 81 81 78 88 81 81 81 81 81 82 70 81 81 81
76 83 83 83 83 83 83 83 83 84 88 83 83 83 83 83 87 86 75 75 71 83 83 83 83 83 79 81 83 83 83 83 81 75 83 83 83 83 83 78 83 83 83 83 83 82 73 83 83 83
88 80 80 80 80 80 80 80 80 84 87 80 80 80 80 80 86 93 87 95 69 80 80 80 80 80 96 78 80 80 80 80 86 74 80 80 80 80 83 90 80 80 80 80 80 93 75 80 80 80
78 82 82 82 82 82 82 82 82 84 87 82 82 82 82 82 83 95 84 88 61 82 82 82 82 82 90 80 82 82 82 82 82 68 82 82 82 82 83 85 82 82 82 82 82 83 75 82 82 82
82 81 81 81 81 81 81 81 81 83 86 81 81 81 81 81 104 98 80 79 69 81 81 81 81 81 104 79 81 81 81 81 84 70 81 81 81 81 81 90 81 81 81 81 81 96 68 81 81 81
79 80 80 80 80 80 80 80 80 81 84 80 80 80 80 80 101 110 89 91 66 80 80 80 80 80 109 79 80 80 80 80 84 71 80 80 80 80 78 94 80 80 80 80 80 87 74 80 80 80
79 80 80 80 80 80 80 80 80 81 84 80 80 80 80 80 101 110 89 91 66 80 80 80 80 80 109 79 80 80 80 80 84 71 80 80 80 80 78 94 80 80 80 80 80 87 74 80 80 80
79 80 80 80 80 80 80 80 80 81 84 80 80 80 80 80 101 110 89 91 66 80 80 80 80 80 109 79 80 80 80 80 84 71 80 80 80 80 78 94 80 80 80 80 80 87 74 80 80 80
79 80 80 80 80 80 80 80 80 81 84 80 80 80 80 80 101 110 89 91 66 80 80 80 80 80 109 79 80 80 80 80 84 71 80 80 80 80 78 94 80 80 80 80 80 87 74 80 80 80
79 80 80 80 80 80 80 80 80 81 84 80 80 80 80 80 101 110 89 91 66 80 80 80 80 80 109 79 80 80 80 80 84 71 80 80 80 80 78 94 80 80 80 80 80 87 74 80 80 80
89 81 81 81 81 81 81 81 81 83 88 81 81 81 81 81 88 88 80 74 61 81 81 81 81 81 123 78 81 81 81 81 85 70 81 81 81 81 76 104 81 81 81 81 81 72 74 81 81 81
78 80 80 80 80 80 80 80 80 81 85 80 80 80 80 80 100 109 87 88 67 80 80 80 80 80 104 80 80 80 80 80 82 71 80 80 80 80 78 93 81 80 80 80 80 86 74 80 80 80
79 80 80 80 80 80 80 80 80 81 84 80 80 80 80 80 101 110 89 91 66 80 80 80 80 80 109 79 80 80 80 80 84 71 80 80 80 80 78 94 80 80 80 80 80 87 74 80 80 80
79 80 80 80 80 80 80 80 80 81 84 80 80 80 80 80 101 110 89 91 66 80 80 80 80 80 109 79 80 80 80 80 84 71 80 80 80 80 78 94 80 80 80 80 80 87 74 80 80 80
79 80 80 80 80 80 80 80 80 81 84 80 80 80 80 80 101 110 89 91 66 80 80 80 80 80 109 79 80 80 80 80 84 71 80 80 80 80 78 94 80 80 80 80 80 87 74 80 80 80
79 80 80 80 80 80 80 80 80 81 84 80 80 80 80 80 101 110 89 91 66 80 80 80 80 80 109 79 80 80 80 80 84 71 80 80 80 80 78 94 80 80 80 80 80 87 74 80 80 80
70 82 82 82 82 82 82 82 82 83 90 82 82 82 82 82 97 110 79 78 54 82 82 82 82 82 100 82 82 82 82 82 80 62 82 82 82 82 79 88 83 82 82 82 82 73 70 82 82 82
82 81 81 81 81 81 81 81 81 83 84 81 81 81 81 81 97 91 80 80 75 81 81 81 81 81 95 79 81 81 81 81 85 74 81 81 81 81 82 84 81 81 81 81 81 98 70 81 81 81
79 80 80 80 80 80 80 80 80 81 84 80 80 80 80 80 101 110 89 91 66 80 80 80 80 80 109 79 80 80 80 80 84 71 80 80 80 80 78 94 80 80 80 80 80 87 74 80 80 80
79 80 80 80 80 80 80 80 80 81 84 80 80 80 80 80 101 110 89 91 66 80 80 80 80 80 109 79 80 80 80 80 84 71 80 80 80 80 78 94 80 80 80 80 80 87 74 80 80 80
79 80 80 80 80 80 80 80 80 81 84 80 80 80 80 80 101 110 89 91 66 80 80 80 80 80 109 79 80 80 80 80 84 71 80 80 80 80 78 94 80 80 80 80 80 87 74 80 80 80
79 80 80 80 80 80 80 80 80 81 84 80 80 80 80 80 101 110 89 91 66 80 80 80 80 80 109 79 80 80 80 80 84 71 80 80 80 80 78 94 80 80 80 80 80 87 74 80 80 80
76 80 80 80 80 80 80 80 80 81 82 80 80 80 80 80 98 111 92 94 66 80 80 80 80 80 105 80 80 80 80 80 84 71 80 80 80 80 78 92 81 80 80 80 80 85 77 80 80 80
88 81 81 81 81 81 81 81 81 84 82 81 81 81 81 81 91 85 80 75 69 81 81 81 81 81 122 78 81 81 81 81 85 73 81 81 81 81 77 101 80 81 81 81 81 80 75 81 81 81
79 80 80 80 80 80 80 80 80 81 84 80 80 80 80 80 100 109 88 89 67 80 80 80 80 80 107 80 80 80 80 80 83 71 80 80 80 80 78 94 81 80 80 80 80 85 75 80 80 80
79 80 80 80 80 80 80 80 80 81 84 80 80 80 80 80 101 110 89 91 66 80 80 80 80 80 109 79 80 80 80 80 84 71 80 80 80 80 78 94 80 80 80 80 80 87 74 80 80 80
79 80 80 80 80 80 80 80 80 81 84 80 80 80 80 80 101 110 89 91 66 80 80 80 80 80 109 79 80 80 80 80 84 71 80 80 80 80 78 94 80 80 80 80 80 87 74 80 80 80
79 80 80 80 80 80 80 80 80 81 84 80 80 80 80 80 101 110 89 91 66 80 80 80 80 80 109 79 80 80 80 80 84 71 80 80 80 80 78 94 80 80 80 80 80 87 74 80 80 80
79 80 80 80 80 80 80 80 80 81 84 80 80 80 80 80 101 110 89 91 66 80 80 80 80 80 109 79 80 80 80 80 84 71 80 80 80 80 78 94 80 80 80 80 80 87 74 80 80 80
85 80 80 80 80 80 80 80 80 79 89 80 80 80 80 80 83 110 97 102 56 80 80 80 80 80 110 78 80 80 80 80 86 67 80 80 80 80 77 97 80 80 80 80 80 83 78 80 80 80
83 81 81 81 81 81 81 81 81 83 83 81 81 81 81 81 91 92 85 89 79 81 81 81 81 81 88 79 81 81 81 81 85 78 81 81 81 81 83 83 81 81 81 81 81 100 74 81 81 81
79 80 80 80 80 80 80 80 80 81 84 80 80 80 80 80 101 110 89 91 66 80 80 80 80 80 109 79 80 80 80 80 84 71 80 80 80 80 78 94 80 80 80 80 80 87 74 80 80 80
79 80 80 80 80 80 80 80 80 81 84 80 80 80 80 80 101 110 89 91 66 80 80 80 80 80 109 79 80 80 80 80 84 71 80 80 80 80 78 94 80 80 80 80 80 87 74 80 80 80
79 80 80 80 80 80 80 80 80 81 84 80 80 80 80 80 101 110 89 91 66 80 80 80 80 80 109 79 80 80 80 80 84 71 80 80 80 80 78 94 80 80 80 80 80 87 74 80 80 80
