107 74 74 74 74 74 74 74 74 82 71 74 74 74 74 74 65 112 129 170 102 74 74 74 74 74 79 77 74 74 74 74 93 118 74 74 74 74 77 86 75 74 74 74 74 71 133 74 74 74
115 76 76 76 76 76 76 76 76 66 75 76 76 76 76 76 71 103 128 100 101 76 76 76 76 76 103 79 76 76 76 76 71 112 76 76 76 76 67 107 77 76 76 76 76 84 116 76 76 76
115 76 76 76 76 76 76 76 76 66 75 76 76 76 76 76 71 103 128 100 101 76 76 76 76 76 103 79 76 76 76 76 71 112 76 76 76 76 67 107 77 76 76 76 76 84 116 76 76 76
115 76 76 76 76 76 76 76 76 66 75 76 76 76 76 76 71 103 128 100 101 76 76 76 76 76 103 79 76 76 76 76 71 112 76 76 76 76 67 107 77 76 76 76 76 84 116 76 76 76
115 76 76 76 76 76 76 76 76 66 75 76 76 76 76 76 71 103 128 100 101 76 76 76 76 76 103 79 76 76 76 76 71 112 76 76 76 76 67 107 77 76 76 76 76 84 116 76 76 76
115 76 76 76 76 76 76 76 76 66 75 76 76 76 76 76 71 103 128 100 101 76 76 76 76 76 103 79 76 76 76 76 71 112 76 76 76 76 67 107 77 76 76 76 76 84 116 76 76 76
115 76 76 76 76 76 76 76 76 66 75 76 76 76 76 76 71 103 128 100 101 76 76 76 76 76 103 79 76 76 76 76 71 112 76 76 76 76 67 107 77 76 76 76 76 84 116 76 76 76
115 76 76 76 76 76 76 76 76 66 75 76 76 76 76 76 71 103 128 100 101 76 76 76 76 76 103 79 76 76 76 76 71 112 76 76 76 76 67 107 77 76 76 76 76 84 116 76 76 76
115 76 76 76 76 76 76 76 76 66 75 76 76 76 76 76 71 103 128 100 101 76 76 76 76 76 103 79 76 76 76 76 71 112 76 76 76 76 67 107 77 76 76 76 76 84 116 76 76 76
108 79 79 79 79 79 79 79 79 70 82 79 79 79 79 79 74 89 107 83 86 79 79 79 79 79 112 80 79 79 79 79 80 91 79 79 79 79 70 103 79 79 79 79 79 87 95 79 79 79
106 77 77 77 77 77 77 77 77 66 75 77 77 77 77 77 70 103 128 95 94 77 77 77 77 77 100 80 77 77 77 77 67 108 77 77 77 77 67 105 78 77 77 77 77 79 119 77 77 77
115 76 76 76 76 76 76 76 76 66 75 76 76 76 76 76 71 103 128 100 101 76 76 76 76 76 103 79 76 76 76 76 71 112 76 76 76 76 67 107 77 76 76 76 76 84 116 76 76 76
115 76 76 76 76 76 76 76 76 66 75 76 76 76 76 76 71 103 128 100 101 76 76 76 76 76 103 79 76 76 76 76 71 112 76 76 76 76 67 107 77 76 76 76 76 84 116 76 76 76
115 76 76 76 76 76 76 76 76 66 75 76 76 76 76 76 71 103 128 100 101 76 76 76 76 76 103 79 76 76 76 76 71 112 76 76 76 76 67 107 77 76 76 76 76 84 116 76 76 76
115 76 76 76 76 76 76 76 76 66 75 76 76 76 76 76 71 103 128 100 101 76 76 76 76 76 103 79 76 76 76 76 71 112 76 76 76 76 67 107 77 76 76 76 76 84 116 76 76 76
115 76 76 76 76 76 76 76 76 66 75 76 76 76 76 76 71 103 128 100 101 76 76 76 76 76 103 79 76 76 76 76 71 112 76 76 76 76 67 107 77 76 76 76 76 84 116 76 76 76
126 75 75 75 75 75 75 75 75 71 73 75 75 75 75 75 76 109 122 122 97 75 75 75 75 75 118 79 75 75 75 75 85 103 75 75 75 75 71 116 76 75 75 75 75 88 107 75 75 75
101 79 79 79 79 79 79 79 79 80 80 79 79 79 79 79 99 102 79 94 85 79 79 79 79 79 96 86 79 79 79 79 83 80 79 79 79 79 82 93 82 79 79 79 79 92 80 79 79 79
99 80 80 80 80 80 80 80 80 83 76 80 80 80 80 80 86 97 83 101 90 80 80 80 80 80 78 84 80 80 80 80 84 90 80 80 80 80 83 83 82 80 80 80 80 81 91 80 80 80
90 81 81 81 81 81 81 81 81 93 78 81 81 81 81 81 83 84 72 104 78 81 81 81 81 81 79 83 81 81 81 81 107 75 81 81 81 81 88 74 82 81 81 81 81 82 80 81 81 81
111 77 77 77 77 77 77 77 77 72 79 77 77 77 77 77 84 110 108 102 105 77 77 77 77 77 82 84 77 77 77 77 70 110 77 77 77 77 73 87 79 77 77 77 77 81 110 77 77 77
115 76 76 76 76 76 76 76 76 66 75 76 76 76 76 76 71 103 128 100 101 76 76 76 76 76 103 79 76 76 76 76 71 112 76 76 76 76 67 107 77 76 76 76 76 84 116 76 76 76
115 76 76 76 76 76 76 76 76 66 75 76 76 76 76 76 71 103 128 100 101 76 76 76 76 76 103 79 76 76 76 76 71 112 76 76 76 76 67 107 77 76 76 76 76 84 116 76 76 76
115 76 76 76 76 76 76 76 76 66 75 76 76 76 76 76 71 103 128 100 101 76 76 76 76 76 103 79 76 76 76 76 71 112 76 76 76 76 67 107 77 76 76 76 76 84 116 76 76 76
115 76 76 76 76 76 76 76 76 66 75 76 76 76 76 76 71 103 128 100 101 76 76 76 76 76 103 79 76 76 76 76 71 112 76 76 76 76 67 107 77 76 76 76 76 84 116 76 76 76
115 76 76 76 76 76 76 76 76 66 75 76 76 76 76 76 71 103 128 100 101 76 76 76 76 76 103 79 76 76 76 76 71 112 76 76 76 76 67 107 77 76 76 76 76 84 116 76 76 76
119 70 70 70 70 70 70 70 70 78 61 70 70 70 70 70 60 119 167 228 100 70 70 70 70 70 98 69 70 70 70 70 99 121 70 70 70 70 73 106 69 70 70 70 70 77 140 70 70 70
115 76 76 76 76 76 76 76 76 65 75 76 76 76 76 76 74 104 127 98 104 76 76 76 76 76 104 80 76 76 76 76 71 113 76 76 76 76 67 107 77 76 76 76 76 86 116 76 76 76
115 76 76 76 76 76 76 76 76 66 75 76 76 76 76 76 71 103 128 100 101 76 76 76 76 76 103 79 76 76 76 76 71 112 76 76 76 76 67 107 77 76 76 76 76 84 116 76 76 76
115 76 76 76 76 76 76 76 76 66 75 76 76 76 76 76 71 103 128 100 101 76 76 76 76 76 103 79 76 76 76 76 71 112 76 76 76 76 67 107 77 76 76 76 76 84 116 76 76 76
115 76 76 76 76 76 76 76 76 66 75 76 76 76 76 76 71 103 128 100 101 76 76 76 76 76 103 79 76 76 76 76 71 112 76 76 76 76 67 107 77 76 76 76 76 84 116 76 76 76
115 76 76 76 76 76 76 76 76 66 75 76 76 76 76 76 71 103 128 100 101 76 76 76 76 76 103 79 76 76 76 76 71 112 76 76 76 76 67 107 77 76 76 76 76 84 116 76 76 76
101 78 78 78 78 78 78 78 78 73 72 78 78 78 78 78 67 89 127 113 84 78 78 78 78 78 110 75 78 78 78 78 96 92 78 78 78 78 70 94 76 78 78 78 78 92 105 78 78 78
91 82 82 82 82 82 82 82 82 79 90 82 82 82 82 82 96 93 71 68 89 82 82 82 82 82 70 90 82 82 82 82 67 86 82 82 82 82 81 74 85 82 82 82 82 80 82 82 82 82
115 76 76 76 76 76 76 76 76 66 75 76 76 76 76 76 71 103 128 100 101 76 76 76 76 76 103 79 76 76 76 76 71 112 76 76 76 76 67 107 77 76 76 76 76 84 116 76 76 76
115 76 76 76 76 76 76 76 76 66 75 76 76 76 76 76 71 103 128 100 101 76 76 76 76 76 103 79 76 76 76 76 71 112 76 76 76 76 67 107 77 76 76 76 76 84 116 76 76 76
115 76 76 76 76 76 76 76 76 66 75 76 76 76 76 76 71 103 128 100 101 76 76 76 76 76 103 79 76 76 76 76 71 112 76 76 76 76 67 107 77 76 76 76 76 84 116 76 76 76
115 76 76 76 76 76 76 76 76 66 75 76 76 76 76 76 71 103 128 100 101 76 76 76 76 76 103 79 76 76 76 76 71 112 76 76 76 76 67 107 77 76 76 76 76 84 116 76 76 76
116 77 77 77 77 77 77 77 77 68 78 77 77 77 77 77 71 95 122 97 98 77 77 77 77 77 110 79 77 77 77 77 79 105 77 77 77 77 68 107 77 77 77 77 77 84 110 77 77 77
109 76 76 76 76 76 76 76 76 86 75 76 76 76 76 76 68 107 112 152 95 76 76 76 76 76 80 79 76 76 76 76 91 107 76 76 76 76 83 93 77 76 76 76 76 69 117 76 76 76
115 76 76 76 76 76 76 76 76 65 75 76 76 76 76 76 72 104 129 100 103 76 76 76 76 76 104 79 76 76 76 76 71 113 76 76 76 76 67 108 77 76 76 76 76 85 117 76 76 76
115 76 76 76 76 76 76 76 76 66 75 76 76 76 76 76 71 103 128 100 101 76 76 76 76 76 103 79 76 76 76 76 71 112 76 76 76 76 67 107 77 76 76 76 76 84 116 76 76 76
115 76 76 76 76 76 76 76 76 66 75 76 76 76 76 76 71 103 128 100 101 76 76 76 76 76 103 79 76 76 76 76 71 112 76 76 76 76 67 107 77 76 76 76 76 84 116 76 76 76
115 76 76 76 76 76 76 76 76 66 75 76 76 76 76 76 71 103 128 100 101 76 76 76 76 76 103 79 76 76 76 76 71 112 76 76 76 76 67 107 77 76 76 76 76 84 116 76 76 76
115 76 76 76 76 76 76 76 76 66 75 76 76 76 76 76 71 103 128 100 101 76 76 76 76 76 103 79 76 76 76 76 71 112 76 76 76 76 67 107 77 76 76 76 76 84 116 76 76 76
133 67 67 67 67 67 67 67 67 62 55 67 67 67 67 67 64 129 206 219 116 67 67 67 67 67 116 69 67 67 67 67 87 136 67 67 67 67 61 114 67 67 67 67 67 87 159 67 67 67
83 84 84 84 84 84 84 84 84 80 92 84 84 84 84 84 94 81 61 56 84 84 84 84 84 84 66 91 84 84 84 84 66 80 84 84 84 84 83 73 87 84 84 84 84 78 74 84 84 84
115 76 76 76 76 76 76 76 76 66 75 76 76 76 76 76 71 103 128 100 101 76 76 76 76 76 103 79 76 76 76 76 71 112 76 76 76 76 67 107 77 76 76 76 76 84 116 76 76 76
115 76 76 76 76 76 76 76 76 66 75 76 76 76 76 76 71 103 128 100 101 76 76 76 76 76 103 79 76 76 76 76 71 112 76 76 76 76 67 107 77 76 76 76 76 84 116 76 76 76
115 76 76 76 76 76 76 76 76 66 75 76 76 76 76 76 71 103 128 100 101 76 76 76 76 76 103 79 76 76 76 76 71 112 76 76 76 76 67 107 77 76 76 76 76 84 116 76 76 76
