79 81 81 81 81 81 81 81 81 84 75 81 81 81 81 81 89 94 85 88 75 81 81 81 81 81 80 78 81 81 81 81 83 87 81 81 81 81 84 101 80 81 81 81 81 77 83 81 81 81
66 84 84 84 84 84 84 84 84 85 85 84 84 84 84 84 103 79 64 62 81 84 84 84 84 84 81 80 84 84 84 84 72 75 84 84 84 84 83 92 83 84 84 84 84 75 64 84 84 84
66 84 84 84 84 84 84 84 84 85 85 84 84 84 84 84 103 79 64 62 81 84 84 84 84 84 81 80 84 84 84 84 72 75 84 84 84 84 83 92 83 84 84 84 84 75 64 84 84 84
66 84 84 84 84 84 84 84 84 85 85 84 84 84 84 84 103 79 64 62 81 84 84 84 84 84 81 80 84 84 84 84 72 75 84 84 84 84 83 92 83 84 84 84 84 75 64 84 84 84
66 84 84 84 84 84 84 84 84 85 85 84 84 84 84 84 103 79 64 62 81 84 84 84 84 84 81 80 84 84 84 84 72 75 84 84 84 84 83 92 83 84 84 84 84 75 64 84 84 84
66 84 84 84 84 84 84 84 84 85 85 84 84 84 84 84 103 79 64 62 81 84 84 84 84 84 81 80 84 84 84 84 72 75 84 84 84 84 83 92 83 84 84 84 84 75 64 84 84 84
66 84 84 84 84 84 84 84 84 85 85 84 84 84 84 84 103 79 64 62 81 84 84 84 84 84 81 80 84 84 84 84 72 75 84 84 84 84 83 92 83 84 84 84 84 75 64 84 84 84
66 84 84 84 84 84 84 84 84 85 85 84 84 84 84 84 103 79 64 62 81 84 84 84 84 84 81 80 84 84 84 84 72 75 84 84 84 84 83 92 83 84 84 84 84 75 64 84 84 84
66 84 84 84 84 84 84 84 84 85 85 84 84 84 84 84 103 79 64 62 81 84 84 84 84 84 81 80 84 84 84 84 72 75 84 84 84 84 83 92 83 84 84 84 84 75 64 84 84 84
68 85 85 85 85 85 85 85 85 82 84 85 85 85 85 85 97 73 64 57 82 85 85 85 85 85 81 83 85 85 85 85 68 74 85 85 85 85 82 86 84 85 85 85 85 74 65 85 85 85
65 84 84 84 84 84 84 84 84 87 80 84 84 84 84 84 96 83 65 67 80 84 84 84 84 84 68 84 84 84 84 84 75 79 84 84 84 84 85 76 85 84 84 84 84 73 72 84 84 84
66 84 84 84 84 84 84 84 84 85 85 84 84 84 84 84 103 79 64 62 81 84 84 84 84 84 81 80 84 84 84 84 72 75 84 84 84 84 83 92 83 84 84 84 84 75 64 84 84 84
66 84 84 84 84 84 84 84 84 85 85 84 84 84 84 84 103 79 64 62 81 84 84 84 84 84 81 80 84 84 84 84 72 75 84 84 84 84 83 92 83 84 84 84 84 75 64 84 84 84
66 84 84 84 84 84 84 84 84 85 85 84 84 84 84 84 103 79 64 62 81 84 84 84 84 84 81 80 84 84 84 84 72 75 84 84 84 84 83 92 83 84 84 84 84 75 64 84 84 84
66 84 84 84 84 84 84 84 84 85 85 84 84 84 84 84 103 79 64 62 81 84 84 84 84 84 81 80 84 84 84 84 72 75 84 84 84 84 83 92 83 84 84 84 84 75 64 84 84 84
66 84 84 84 84 84 84 84 84 85 85 84 84 84 84 84 103 79 64 62 81 84 84 84 84 84 81 80 84 84 84 84 72 75 84 84 84 84 83 92 83 84 84 84 84 75 64 84 84 84
71 82 82 82 82 82 82 82 82 84 81 82 82 82 82 82 101 89 74 81 76 82 82 82 82 82 86 78 82 82 82 82 90 76 82 82 82 82 80 88 81 82 82 82 82 91 70 82 82 82
74 82 82 82 82 82 82 82 82 80 86 82 82 82 82 82 84 78 83 72 80 82 82 82 82 82 90 75 82 82 82 82 86 81 82 82 82 82 77 98 80 82 82 82 82 88 75 82 82 82
79 82 82 82 82 82 82 82 82 81 85 82 82 82 82 82 86 79 79 71 80 82 82 82 82 82 93 75 82 82 82 82 83 82 82 82 82 82 80 110 80 82 82 82 82 84 72 82 82 82
95 81 81 81 81 81 81 81 81 75 84 81 81 81 81 81 75 78 90 77 85 81 81 81 81 81 98 76 81 81 81 81 81 87 81 81 81 81 78 108 79 81 81 81 81 86 80 81 81 81
63 85 85 85 85 85 85 85 85 85 76 85 85 85 85 85 103 78 66 64 71 85 85 85 85 85 79 80 85 85 85 85 72 70 85 85 85 85 87 92 83 85 85 85 85 72 65 85 85 85
66 84 84 84 84 84 84 84 84 85 85 84 84 84 84 84 103 79 64 62 81 84 84 84 84 84 81 80 84 84 84 84 72 75 84 84 84 84 83 92 83 84 84 84 84 75 64 84 84 84
66 84 84 84 84 84 84 84 84 85 85 84 84 84 84 84 103 79 64 62 81 84 84 84 84 84 81 80 84 84 84 84 72 75 84 84 84 84 83 92 83 84 84 84 84 75 64 84 84 84
66 84 84 84 84 84 84 84 84 85 85 84 84 84 84 84 103 79 64 62 81 84 84 84 84 84 81 80 84 84 84 84 72 75 84 84 84 84 83 92 83 84 84 84 84 75 64 84 84 84
66 84 84 84 84 84 84 84 84 85 85 84 84 84 84 84 103 79 64 62 81 84 84 84 84 84 81 80 84 84 84 84 72 75 84 84 84 84 83 92 83 84 84 84 84 75 64 84 84 84
66 84 84 84 84 84 84 84 84 85 85 84 84 84 84 84 103 79 64 62 81 84 84 84 84 84 81 80 84 84 84 84 72 75 84 84 84 84 83 92 83 84 84 84 84 75 64 84 84 84
80 79 79 79 79 79 79 79 79 93 73 79 79 79 79 79 82 108 86 118 76 79 79 79 79 79 64 81 79 79 79 79 106 96 79 79 79 79 86 76 81 79 79 79 79 80 99 79 79 79
67 84 84 84 84 84 84 84 84 82 86 84 84 84 84 84 102 77 66 59 82 84 84 84 84 84 86 80 84 84 84 84 69 75 84 84 84 84 82 97 83 84 84 84 84 75 65 84 84 84
66 84 84 84 84 84 84 84 84 85 85 84 84 84 84 84 103 79 64 62 81 84 84 84 84 84 81 80 84 84 84 84 72 75 84 84 84 84 83 92 83 84 84 84 84 75 64 84 84 84
66 84 84 84 84 84 84 84 84 85 85 84 84 84 84 84 103 79 64 62 81 84 84 84 84 84 81 80 84 84 84 84 72 75 84 84 84 84 83 92 83 84 84 84 84 75 64 84 84 84
66 84 84 84 84 84 84 84 84 85 85 84 84 84 84 84 103 79 64 62 81 84 84 84 84 84 81 80 84 84 84 84 72 75 84 84 84 84 83 92 83 84 84 84 84 75 64 84 84 84
66 84 84 84 84 84 84 84 84 85 85 84 84 84 84 84 103 79 64 62 81 84 84 84 84 84 81 80 84 84 84 84 72 75 84 84 84 84 83 92 83 84 84 84 84 75 64 84 84 84
89 80 80 80 80 80 80 80 80 83 87 80 80 80 80 80 88 96 82 86 90 80 80 80 80 80 86 83 80 80 80 80 72 92 80 80 80 80 84 97 81 80 80 80 80 73 83 80 80 80
62 85 85 85 85 85 85 85 85 82 81 85 85 85 85 85 101 73 66 57 70 85 85 85 85 85 87 78 85 85 85 85 71 65 85 85 85 85 83 98 83 85 85 85 85 75 60 85 85 85
66 84 84 84 84 84 84 84 84 85 85 84 84 84 84 84 103 79 64 62 81 84 84 84 84 84 81 80 84 84 84 84 72 75 84 84 84 84 83 92 83 84 84 84 84 75 64 84 84 84
66 84 84 84 84 84 84 84 84 85 85 84 84 84 84 84 103 79 64 62 81 84 84 84 84 84 81 80 84 84 84 84 72 75 84 84 84 84 83 92 83 84 84 84 84 75 64 84 84 84
66 84 84 84 84 84 84 84 84 85 85 84 84 84 84 84 103 79 64 62 81 84 84 84 84 84 81 80 84 84 84 84 72 75 84 84 84 84 83 92 83 84 84 84 84 75 64 84 84 84
66 84 84 84 84 84 84 84 84 85 85 84 84 84 84 84 103 79 64 62 81 84 84 84 84 84 81 80 84 84 84 84 72 75 84 84 84 84 83 92 83 84 84 84 84 75 64 84 84 84
68 84 84 84 84 84 84 84 84 81 84 84 84 84 84 84 97 74 65 58 85 84 84 84 84 84 81 81 84 84 84 84 68 77 84 84 84 84 82 91 83 84 84 84 84 75 67 84 84 84
64 83 83 83 83 83 83 83 83 97 72 83 83 83 83 83 85 88 69 92 69 83 83 83 83 83 58 81 83 83 83 83 109 80 83 83 83 83 90 68 83 83 83 83 83 78 81 83 83 83
66 84 84 84 84 84 84 84 84 84 85 84 84 84 84 84 102 78 65 61 82 84 84 84 84 84 82 80 84 84 84 84 71 75 84 84 84 84 83 93 83 84 84 84 84 75 65 84 84 84
66 84 84 84 84 84 84 84 84 85 85 84 84 84 84 84 103 79 64 62 81 84 84 84 84 84 81 80 84 84 84 84 72 75 84 84 84 84 83 92 83 84 84 84 84 75 64 84 84 84
66 84 84 84 84 84 84 84 84 85 85 84 84 84 84 84 103 79 64 62 81 84 84 84 84 84 81 80 84 84 84 84 72 75 84 84 84 84 83 92 83 84 84 84 84 75 64 84 84 84
66 84 84 84 84 84 84 84 84 85 85 84 84 84 84 84 103 79 64 62 81 84 84 84 84 84 81 80 84 84 84 84 72 75 84 84 84 84 83 92 83 84 84 84 84 75 64 84 84 84
66 84 84 84 84 84 84 84 84 85 85 84 84 84 84 84 103 79 64 62 81 84 84 84 84 84 81 80 84 84 84 84 72 75 84 84 84 84 83 92 83 84 84 84 84 75 64 84 84 84
88 77 77 77 77 77 77 77 77 83 81 77 77 77 77 77 95 111 92 109 87 77 77 77 77 77 93 76 77 77 77 77 84 99 77 77 77 77 80 112 77 77 77 77 77 84 89 77 77 77
65 85 85 85 85 85 85 85 85 77 86 85 85 85 85 85 95 64 67 49 75 85 85 85 85 85 98 76 85 85 85 85 67 66 85 85 85 85 80 112 82 85 85 85 85 76 58 85 85 85
66 84 84 84 84 84 84 84 84 85 85 84 84 84 84 84 103 79 64 62 81 84 84 84 84 84 81 80 84 84 84 84 72 75 84 84 84 84 83 92 83 84 84 84 84 75 64 84 84 84
66 84 84 84 84 84 84 84 84 85 85 84 84 84 84 84 103 79 64 62 81 84 84 84 84 84 81 80 84 84 84 84 72 75 84 84 84 84 83 92 83 84 84 84 84 75 64 84 84 84
66 84 84 84 84 84 84 84 84 85 85 84 84 84 84 84 103 79 64 62 81 84 84 84 84 84 81 80 84 84 84 84 72 75 84 84 84 84 83 92 83 84 84 84 84 75 64 84 84 84
