82 77 77 77 77 77 77 77 77 73 67 77 77 77 77 77 106 129 124 125 80 77 77 77 77 77 99 82 77 77 77 77 65 87 77 77 77 77 74 80 78 77 77 77 77 94 106 77 77 77
83 80 80 80 80 80 80 80 80 79 86 80 80 80 80 80 94 90 83 77 88 80 80 80 80 80 99 81 80 80 80 80 69 92 80 80 80 80 79 101 80 80 80 80 80 77 91 80 80 80
83 80 80 80 80 80 80 80 80 79 86 80 80 80 80 80 94 90 83 77 88 80 80 80 80 80 99 81 80 80 80 80 69 92 80 80 80 80 79 101 80 80 80 80 80 77 91 80 80 80
83 80 80 80 80 80 80 80 80 79 86 80 80 80 80 80 94 90 83 77 88 80 80 80 80 80 99 81 80 80 80 80 69 92 80 80 80 80 79 101 80 80 80 80 80 77 91 80 80 80
83 80 80 80 80 80 80 80 80 79 86 80 80 80 80 80 94 90 83 77 88 80 80 80 80 80 99 81 80 80 80 80 69 92 80 80 80 80 79 101 80 80 80 80 80 77 91 80 80 80
83 80 80 80 80 80 80 80 80 79 86 80 80 80 80 80 94 90 83 77 88 80 80 80 80 80 99 81 80 80 80 80 69 92 80 80 80 80 79 101 80 80 80 80 80 77 91 80 80 80
83 80 80 80 80 80 80 80 80 79 86 80 80 80 80 80 94 90 83 77 88 80 80 80 80 80 99 81 80 80 80 80 69 92 80 80 80 80 79 101 80 80 80 80 80 77 91 80 80 80
83 80 80 80 80 80 80 80 80 79 86 80 80 80 80 80 94 90 83 77 88 80 80 80 80 80 99 81 80 80 80 80 69 92 80 80 80 80 79 101 80 80 80 80 80 77 91 80 80 80
83 80 80 80 80 80 80 80 80 79 86 80 80 80 80 80 94 90 83 77 88 80 80 80 80 80 99 81 80 80 80 80 69 92 80 80 80 80 79 101 80 80 80 80 80 77 91 80 80 80
74 82 82 82 82 82 82 82 82 79 81 82 82 82 82 82 94 86 79 74 88 82 82 82 82 82 82 84 82 82 82 82 65 90 82 82 82 82 81 82 82 82 82 82 82 78 91 82 82 82
84 81 81 81 81 81 81 81 81 78 84 81 81 81 81 81 82 83 83 78 95 81 81 81 81 81 85 80 81 81 81 81 67 103 81 81 81 81 80 98 80 81 81 81 81 71 101 81 81 81
83 80 80 80 80 80 80 80 80 79 86 80 80 80 80 80 94 90 83 77 88 80 80 80 80 80 99 81 80 80 80 80 69 92 80 80 80 80 79 101 80 80 80 80 80 77 91 80 80 80
83 80 80 80 80 80 80 80 80 79 86 80 80 80 80 80 94 90 83 77 88 80 80 80 80 80 99 81 80 80 80 80 69 92 80 80 80 80 79 101 80 80 80 80 80 77 91 80 80 80
83 80 80 80 80 80 80 80 80 79 86 80 80 80 80 80 94 90 83 77 88 80 80 80 80 80 99 81 80 80 80 80 69 92 80 80 80 80 79 101 80 80 80 80 80 77 91 80 80 80
83 80 80 80 80 80 80 80 80 79 86 80 80 80 80 80 94 90 83 77 88 80 80 80 80 80 99 81 80 80 80 80 69 92 80 80 80 80 79 101 80 80 80 80 80 77 91 80 80 80
83 80 80 80 80 80 80 80 80 79 86 80 80 80 80 80 94 90 83 77 88 80 80 80 80 80 99 81 80 80 80 80 69 92 80 80 80 80 79 101 80 80 80 80 80 77 91 80 80 80
72 80 80 80 80 80 80 80 80 80 79 80 80 80 80 80 118 112 87 80 77 80 80 80 80 80 98 83 80 80 80 80 63 81 80 80 80 80 78 92 81 80 80 80 80 81 85 80 80 80
73 82 82 82 82 82 82 82 82 87 97 82 82 82 82 82 102 80 67 65 78 82 82 82 82 82 109 80 82 82 82 82 80 72 82 82 82 82 82 103 81 82 82 82 82 77 66 82 82 82
82 79 79 79 79 79 79 79 79 84 91 79 79 79 79 79 104 98 85 88 77 79 79 79 79 79 122 78 79 79 79 79 82 78 79 79 79 79 79 112 78 79 79 79 79 81 75 79 79 79
63 83 83 83 83 83 83 83 83 87 80 83 83 83 83 83 104 94 75 79 72 83 83 83 83 83 87 85 83 83 83 83 75 70 83 83 83 83 83 74 84 83 83 83 83 81 73 83 83 83
79 81 81 81 81 81 81 81 81 87 103 81 81 81 81 81 71 68 69 72 105 81 81 81 81 81 82 80 81 81 81 81 79 107 81 81 81 81 86 100 80 81 81 81 81 64 92 81 81 81
83 80 80 80 80 80 80 80 80 79 86 80 80 80 80 80 94 90 83 77 88 80 80 80 80 80 99 81 80 80 80 80 69 92 80 80 80 80 79 101 80 80 80 80 80 77 91 80 80 80
83 80 80 80 80 80 80 80 80 79 86 80 80 80 80 80 94 90 83 77 88 80 80 80 80 80 99 81 80 80 80 80 69 92 80 80 80 80 79 101 80 80 80 80 80 77 91 80 80 80
83 80 80 80 80 80 80 80 80 79 86 80 80 80 80 80 94 90 83 77 88 80 80 80 80 80 99 81 80 80 80 80 69 92 80 80 80 80 79 101 80 80 80 80 80 77 91 80 80 80
83 80 80 80 80 80 80 80 80 79 86 80 80 80 80 80 94 90 83 77 88 80 80 80 80 80 99 81 80 80 80 80 69 92 80 80 80 80 79 101 80 80 80 80 80 77 91 80 80 80
83 80 80 80 80 80 80 80 80 79 86 80 80 80 80 80 94 90 83 77 88 80 80 80 80 80 99 81 80 80 80 80 69 92 80 80 80 80 79 101 80 80 80 80 80 77 91 80 80 80
90 74 74 74 74 74 74 74 74 71 59 74 74 74 74 74 123 163 148 144 62 74 74 74 74 74 126 77 74 74 74 74 67 74 74 74 74 74 70 91 75 74 74 74 74 109 100 74 74 74
82 80 80 80 80 80 80 80 80 80 90 80 80 80 80 80 92 89 82 77 91 80 80 80 80 80 97 81 80 80 80 80 70 94 80 80 80 80 80 102 80 80 80 80 80 76 90 80 80 80
83 80 80 80 80 80 80 80 80 79 86 80 80 80 80 80 94 90 83 77 88 80 80 80 80 80 99 81 80 80 80 80 69 92 80 80 80 80 79 101 80 80 80 80 80 77 91 80 80 80
83 80 80 80 80 80 80 80 80 79 86 80 80 80 80 80 94 90 83 77 88 80 80 80 80 80 99 81 80 80 80 80 69 92 80 80 80 80 79 101 80 80 80 80 80 77 91 80 80 80
83 80 80 80 80 80 80 80 80 79 86 80 80 80 80 80 94 90 83 77 88 80 80 80 80 80 99 81 80 80 80 80 69 92 80 80 80 80 79 101 80 80 80 80 80 77 91 80 80 80
83 80 80 80 80 80 80 80 80 79 86 80 80 80 80 80 94 90 83 77 88 80 80 80 80 80 99 81 80 80 80 80 69 92 80 80 80 80 79 101 80 80 80 80 80 77 91 80 80 80
67 82 82 82 82 82 82 82 82 78 69 82 82 82 82 82 106 100 85 83 79 82 82 82 82 82 72 86 82 82 82 82 60 85 82 82 82 82 80 70 83 82 82 82 82 82 93 82 82 82
78 82 82 82 82 82 82 82 82 87 111 82 82 82 82 82 73 62 62 62 102 82 82 82 82 82 91 79 82 82 82 82 81 98 82 82 82 82 85 109 81 82 82 82 82 62 81 82 82 82
83 80 80 80 80 80 80 80 80 79 86 80 80 80 80 80 94 90 83 77 88 80 80 80 80 80 99 81 80 80 80 80 69 92 80 80 80 80 79 101 80 80 80 80 80 77 91 80 80 80
83 80 80 80 80 80 80 80 80 79 86 80 80 80 80 80 94 90 83 77 88 80 80 80 80 80 99 81 80 80 80 80 69 92 80 80 80 80 79 101 80 80 80 80 80 77 91 80 80 80
83 80 80 80 80 80 80 80 80 79 86 80 80 80 80 80 94 90 83 77 88 80 80 80 80 80 99 81 80 80 80 80 69 92 80 80 80 80 79 101 80 80 80 80 80 77 91 80 80 80
83 80 80 80 80 80 80 80 80 79 86 80 80 80 80 80 94 90 83 77 88 80 80 80 80 80 99 81 80 80 80 80 69 92 80 80 80 80 79 101 80 80 80 80 80 77 91 80 80 80
76 82 82 82 82 82 82 82 82 80 82 82 82 82 82 82 92 86 79 74 86 82 82 82 82 82 87 84 82 82 82 82 66 89 82 82 82 82 81 86 82 82 82 82 82 76 91 82 82 82
90 78 78 78 78 78 78 78 78 75 74 78 78 78 78 78 99 116 112 105 71 78 78 78 78 78 125 79 78 78 78 78 72 79 78 78 78 78 74 101 78 78 78 78 78 90 96 78 78 78
82 80 80 80 80 80 80 80 80 80 88 80 80 80 80 80 93 88 82 76 89 80 80 80 80 80 98 81 80 80 80 80 70 92 80 80 80 80 79 101 80 80 80 80 80 77 89 80 80 80
83 80 80 80 80 80 80 80 80 79 86 80 80 80 80 80 94 90 83 77 88 80 80 80 80 80 99 81 80 80 80 80 69 92 80 80 80 80 79 101 80 80 80 80 80 77 91 80 80 80
83 80 80 80 80 80 80 80 80 79 86 80 80 80 80 80 94 90 83 77 88 80 80 80 80 80 99 81 80 80 80 80 69 92 80 80 80 80 79 101 80 80 80 80 80 77 91 80 80 80
83 80 80 80 80 80 80 80 80 79 86 80 80 80 80 80 94 90 83 77 88 80 80 80 80 80 99 81 80 80 80 80 69 92 80 80 80 80 79 101 80 80 80 80 80 77 91 80 80 80
83 80 80 80 80 80 80 80 80 79 86 80 80 80 80 80 94 90 83 77 88 80 80 80 80 80 99 81 80 80 80 80 69 92 80 80 80 80 79 101 80 80 80 80 80 77 91 80 80 80
73 80 80 80 80 80 80 80 80 78 68 80 80 80 80 80 120 117 91 88 73 80 80 80 80 80 96 84 80 80 80 80 62 79 80 80 80 80 76 84 82 80 80 80 80 84 89 80 80 80
81 80 80 80 80 80 80 80 80 85 109 80 80 80 80 80 83 73 69 68 93 80 80 80 80 80 109 79 80 80 80 80 82 88 80 80 80 80 82 116 80 80 80 80 80 69 76 80 80 80
83 80 80 80 80 80 80 80 80 79 86 80 80 80 80 80 94 90 83 77 88 80 80 80 80 80 99 81 80 80 80 80 69 92 80 80 80 80 79 101 80 80 80 80 80 77 91 80 80 80
83 80 80 80 80 80 80 80 80 79 86 80 80 80 80 80 94 90 83 77 88 80 80 80 80 80 99 81 80 80 80 80 69 92 80 80 80 80 79 101 80 80 80 80 80 77 91 80 80 80
83 80 80 80 80 80 80 80 80 79 86 80 80 80 80 80 94 90 83 77 88 80 80 80 80 80 99 81 80 80 80 80 69 92 80 80 80 80 79 101 80 80 80 80 80 77 91 80 80 80
