-3737 -1863 57 -1607 -3553 -204 1933 -2237 -1332 599 2269 -2924 -445 1640 2770 198 -318 519 -1904 3516 2595 410 -502 -1873 -1631 -1265 1383 350 3577 2277 1991 -301 2623 1655 -4871 1386 -1683 -617 464 -4550 -995 1977 1585 -118 2446 -4248 -453 932 -1775 -1322 -2450 -4359 -2088 -3054 3052 -5960 2235 -1411 739 -4076 376 2118 -591 -2576
-710 -2304 -1218 -1102 -3991 -1030 -849 -3324 -1071 -177 -1643 -186 1269 703 308 1579 462 -97 -224 2553 -711 -2323 -762 -3952 -1533 -1236 2902 169 1386 -258 4371 970 3951 -1043 -3249 920 -2315 -1237 1642 -1810 1059 3801 451 225 3025 -1631 -327 103 -1792 -3447 -1874 -4379 -3034 -812 2985 -2525 3687 -2302 -654 3305 346 -558 2003 -2052
-710 -2304 -1218 -1102 -3991 -1030 -849 -3324 -1071 -177 -1643 -186 1269 703 308 1579 462 -97 -224 2553 -711 -2323 -762 -3952 -1533 -1236 2902 169 1386 -258 4371 970 3951 -1043 -3249 920 -2315 -1237 1642 -1810 1059 3801 451 225 3025 -1631 -327 103 -1792 -3447 -1874 -4379 -3034 -812 2985 -2525 3687 -2302 -654 3305 346 -558 2003 -2052
-710 -2304 -1218 -1102 -3991 -1030 -849 -3324 -1071 -177 -1643 -186 1269 703 308 1579 462 -97 -224 2553 -711 -2323 -762 -3952 -1533 -1236 2902 169 1386 -258 4371 970 3951 -1043 -3249 920 -2315 -1237 1642 -1810 1059 3801 451 225 3025 -1631 -327 103 -1792 -3447 -1874 -4379 -3034 -812 2985 -2525 3687 -2302 -654 3305 346 -558 2003 -2052
-710 -2304 -1218 -1102 -3991 -1030 -849 -3324 -1071 -177 -1643 -186 1269 703 308 1579 462 -97 -224 2553 -711 -2323 -762 -3952 -1533 -1236 2902 169 1386 -258 4371 970 3951 -1043 -3249 920 -2315 -1237 1642 -1810 1059 3801 451 225 3025 -1631 -327 103 -1792 -3447 -1874 -4379 -3034 -812 2985 -2525 3687 -2302 -654 3305 346 -558 2003 -2052
-710 -2304 -1218 -1102 -3991 -1030 -849 -3324 -1071 -177 -1643 -186 1269 703 308 1579 462 -97 -224 2553 -711 -2323 -762 -3952 -1533 -1236 2902 169 1386 -258 4371 970 3951 -1043 -3249 920 -2315 -1237 1642 -1810 1059 3801 451 225 3025 -1631 -327 103 -1792 -3447 -1874 -4379 -3034 -812 2985 -2525 3687 -2302 -654 3305 346 -558 2003 -2052
-710 -2304 -1218 -1102 -3991 -1030 -849 -3324 -1071 -177 -1643 -186 1269 703 308 1579 462 -97 -224 2553 -711 -2323 -762 -3952 -1533 -1236 2902 169 1386 -258 4371 970 3951 -1043 -3249 920 -2315 -1237 1642 -1810 1059 3801 451 225 3025 -1631 -327 103 -1792 -3447 -1874 -4379 -3034 -812 2985 -2525 3687 -2302 -654 3305 346 -558 2003 -2052
-710 -2304 -1218 -1102 -3991 -1030 -849 -3324 -1071 -177 -1643 -186 1269 703 308 1579 462 -97 -224 2553 -711 -2323 -762 -3952 -1533 -1236 2902 169 1386 -258 4371 970 3951 -1043 -3249 920 -2315 -1237 1642 -1810 1059 3801 451 225 3025 -1631 -327 103 -1792 -3447 -1874 -4379 -3034 -812 2985 -2525 3687 -2302 -654 3305 346 -558 2003 -2052
-710 -2304 -1218 -1102 -3991 -1030 -849 -3324 -1071 -177 -1643 -186 1269 703 308 1579 462 -97 -224 2553 -711 -2323 -762 -3952 -1533 -1236 2902 169 1386 -258 4371 970 3951 -1043 -3249 920 -2315 -1237 1642 -1810 1059 3801 451 225 3025 -1631 -327 103 -1792 -3447 -1874 -4379 -3034 -812 2985 -2525 3687 -2302 -654 3305 346 -558 2003 -2052
-96 -2237 329 -396 -2994 -1992 -1125 -3266 -534 -1421 -623 518 1530 1498 115 1437 2175 522 705 3125 -565 -2011 -1149 -4336 -1010 -1792 3661 504 1747 37 2982 1136 3051 -188 -3851 887 -3786 -1453 2646 -1986 1346 3975 627 544 1981 -2151 323 1678 -2192 -3290 -932 -4608 -4010 -1517 4042 -1870 3088 -1632 -211 3185 700 103 2512 -536
-36 -2974 -1058 -74 -2170 -2133 337 -3395 -1015 -1373 -888 -1795 1070 1293 -796 2562 1072 1341 -988 1896 -835 -2229 -808 -3800 -1928 -1951 3046 -151 1188 151 3527 927 3133 84 -1872 1366 -2770 -300 1432 -811 1001 3983 932 1452 3074 -1196 1068 450 -827 -3446 -1297 -4201 -4008 -914 3319 -3775 3765 -2619 -253 2224 392 783 2446 -1205
-710 -2304 -1218 -1102 -3991 -1030 -849 -3324 -1071 -177 -1643 -186 1269 703 308 1579 462 -97 -224 2553 -711 -2323 -762 -3952 -1533 -1236 2902 169 1386 -258 4371 970 3951 -1043 -3249 920 -2315 -1237 1642 -1810 1059 3801 451 225 3025 -1631 -327 103 -1792 -3447 -1874 -4379 -3034 -812 2985 -2525 3687 -2302 -654 3305 346 -558 2003 -2052
-710 -2304 -1218 -1102 -3991 -1030 -849 -3324 -1071 -177 -1643 -186 1269 703 308 1579 462 -97 -224 2553 -711 -2323 -762 -3952 -1533 -1236 2902 169 1386 -258 4371 970 3951 -1043 -3249 920 -2315 -1237 1642 -1810 1059 3801 451 225 3025 -1631 -327 103 -1792 -3447 -1874 -4379 -3034 -812 2985 -2525 3687 -2302 -654 3305 346 -558 2003 -2052
-710 -2304 -1218 -1102 -3991 -1030 -849 -3324 -1071 -177 -1643 -186 1269 703 308 1579 462 -97 -224 2553 -711 -2323 -762 -3952 -1533 -1236 2902 169 1386 -258 4371 970 3951 -1043 -3249 920 -2315 -1237 1642 -1810 1059 3801 451 225 3025 -1631 -327 103 -1792 -3447 -1874 -4379 -3034 -812 2985 -2525 3687 -2302 -654 3305 346 -558 2003 -2052
-710 -2304 -1218 -1102 -3991 -1030 -849 -3324 -1071 -177 -1643 -186 1269 703 308 1579 462 -97 -224 2553 -711 -2323 -762 -3952 -1533 -1236 2902 169 1386 -258 4371 970 3951 -1043 -3249 920 -2315 -1237 1642 -1810 1059 3801 451 225 3025 -1631 -327 103 -1792 -3447 -1874 -4379 -3034 -812 2985 -2525 3687 -2302 -654 3305 346 -558 2003 -2052
-710 -2304 -1218 -1102 -3991 -1030 -849 -3324 -1071 -177 -1643 -186 1269 703 308 1579 462 -97 -224 2553 -711 -2323 -762 -3952 -1533 -1236 2902 169 1386 -258 4371 970 3951 -1043 -3249 920 -2315 -1237 1642 -1810 1059 3801 451 225 3025 -1631 -327 103 -1792 -3447 -1874 -4379 -3034 -812 2985 -2525 3687 -2302 -654 3305 346 -558 2003 -2052
-836 -913 -2879 -1771 -3295 2370 835 -2696 538 318 -3777 -2220 -707 602 -931 2106 -66 977 100 3084 569 -1431 -859 -2987 -1957 -1142 4269 -662 2209 -224 3148 2063 4592 -1686 -3429 3384 -556 -1833 2819 -2245 432 1328 -826 -782 463 -2829 -844 -595 -1824 -2533 -2854 -3526 -2332 -4178 271 -2315 3604 -2304 -624 3988 165 -383 -680 -3727
-4539 -300 -3766 -1152 -5671 4838 906 -675 247 -91 -552 -2134 -2556 -51 -447 957 -1326 1422 -267 1859 1270 302 1225 -3278 -557 230 -1027 -217 1464 -453 2336 122 2925 -3080 -4367 1578 766 -1577 1344 -1122 677 1391 -1620 -2817 836 388 -530 459 -2648 -816 -1450 -3179 -1221 -3377 -2103 -1845 -327 -3767 2475 2745 1917 1624 -4297 -3458
-5426 -965 -2343 -2141 -5083 3452 -211 -853 247 1026 548 -960 -1923 394 2862 54 -2331 211 -2214 1344 1235 2499 1412 -3166 27 778 -2143 1069 2169 413 2889 247 3494 -2114 -3417 861 1275 -1312 -813 -2877 -389 1202 -279 -2790 1477 -680 46 -319 -2012 -1644 -2005 -3997 -1536 -2518 -1339 -1960 -838 -3244 2072 -265 1556 175 -3289 -3694
-4133 -274 74 -1246 -2630 3360 -197 -191 1021 485 2589 348 -1749 1634 3526 -892 185 412 -1117 3180 2066 3373 -981 -3652 752 1059 -2099 2384 3821 1025 1482 361 2018 -1113 -3915 1476 -775 -1563 35 -3139 -1837 -43 544 -1523 -180 -2297 1621 349 -2127 -1257 -665 -4254 -1472 -4147 -1322 -2400 -2674 -1301 1951 -2320 2069 1123 -2657 -2739
-3122 -2067 917 -949 -4417 -2823 -1060 -5016 -3 3395 -1307 -774 572 840 2351 -2041 -1658 1608 -1959 1466 -1377 -1087 966 -3636 -2596 -916 597 722 -92 -315 3412 -212 1819 -440 -4443 -386 -3816 140 94 -874 2411 3735 -941 -545 4465 -1590 3068 1590 -3268 -2519 -1519 -3980 -3404 211 2541 -4293 1738 -2818 2137 784 2972 -95 -436 -1782
-710 -2304 -1218 -1102 -3991 -1030 -849 -3324 -1071 -177 -1643 -186 1269 703 308 1579 462 -97 -224 2553 -711 -2323 -762 -3952 -1533 -1236 2902 169 1386 -258 4371 970 3951 -1043 -3249 920 -2315 -1237 1642 -1810 1059 3801 451 225 3025 -1631 -327 103 -1792 -3447 -1874 -4379 -3034 -812 2985 -2525 3687 -2302 -654 3305 346 -558 2003 -2052
-710 -2304 -1218 -1102 -3991 -1030 -849 -3324 -1071 -177 -1643 -186 1269 703 308 1579 462 -97 -224 2553 -711 -2323 -762 -3952 -1533 -1236 2902 169 1386 -258 4371 970 3951 -1043 -3249 920 -2315 -1237 1642 -1810 1059 3801 451 225 3025 -1631 -327 103 -1792 -3447 -1874 -4379 -3034 -812 2985 -2525 3687 -2302 -654 3305 346 -558 2003 -2052
-710 -2304 -1218 -1102 -3991 -1030 -849 -3324 -1071 -177 -1643 -186 1269 703 308 1579 462 -97 -224 2553 -711 -2323 -762 -3952 -1533 -1236 2902 169 1386 -258 4371 970 3951 -1043 -3249 920 -2315 -1237 1642 -1810 1059 3801 451 225 3025 -1631 -327 103 -1792 -3447 -1874 -4379 -3034 -812 2985 -2525 3687 -2302 -654 3305 346 -558 2003 -2052
-710 -2304 -1218 -1102 -3991 -1030 -849 -3324 -1071 -177 -1643 -186 1269 703 308 1579 462 -97 -224 2553 -711 -2323 -762 -3952 -1533 -1236 2902 169 1386 -258 4371 970 3951 -1043 -3249 920 -2315 -1237 1642 -1810 1059 3801 451 225 3025 -1631 -327 103 -1792 -3447 -1874 -4379 -3034 -812 2985 -2525 3687 -2302 -654 3305 346 -558 2003 -2052
-710 -2304 -1218 -1102 -3991 -1030 -849 -3324 -1071 -177 -1643 -186 1269 703 308 1579 462 -97 -224 2553 -711 -2323 -762 -3952 -1533 -1236 2902 169 1386 -258 4371 970 3951 -1043 -3249 920 -2315 -1237 1642 -1810 1059 3801 451 225 3025 -1631 -327 103 -1792 -3447 -1874 -4379 -3034 -812 2985 -2525 3687 -2302 -654 3305 346 -558 2003 -2052
-864 -1389 -3516 -2089 118 1027 3339 109 -1129 -736 19 -5175 -1980 418 -8 2408 -1842 -95 -1808 1678 2789 -1816 -625 -153 -2113 -1466 5387 -966 3497 1103 1115 858 3904 1810 -1249 3048 248 -1081 1287 -4794 -2278 1288 139 -522 38 -3249 -2509 -1995 1452 -2208 -3053 -2842 1587 -4277 1566 -3363 3096 491 -2455 -3008 -1205 853 -52 -3943
-1480 -1927 -1266 -1036 -4756 -785 -830 -3631 -954 336 -1240 156 1351 1341 398 607 731 53 18 2558 -786 -2177 -1049 -4079 -1606 -709 2220 354 1440 -292 4904 866 3744 -994 -3830 344 -2110 -1254 1266 -1665 1807 3458 20 -153 2920 -1381 -155 340 -2140 -2954 -2028 -4900 -3293 -822 2860 -2771 3570 -2468 -470 3912 597 -332 1776 -1767
-710 -2304 -1218 -1102 -3991 -1030 -849 -3324 -1071 -177 -1643 -186 1269 703 308 1579 462 -97 -224 2553 -711 -2323 -762 -3952 -1533 -1236 2902 169 1386 -258 4371 970 3951 -1043 -3249 920 -2315 -1237 1642 -1810 1059 3801 451 225 3025 -1631 -327 103 -1792 -3447 -1874 -4379 -3034 -812 2985 -2525 3687 -2302 -654 3305 346 -558 2003 -2052
-710 -2304 -1218 -1102 -3991 -1030 -849 -3324 -1071 -177 -1643 -186 1269 703 308 1579 462 -97 -224 2553 -711 -2323 -762 -3952 -1533 -1236 2902 169 1386 -258 4371 970 3951 -1043 -3249 920 -2315 -1237 1642 -1810 1059 3801 451 225 3025 -1631 -327 103 -1792 -3447 -1874 -4379 -3034 -812 2985 -2525 3687 -2302 -654 3305 346 -558 2003 -2052
-710 -2304 -1218 -1102 -3991 -1030 -849 -3324 -1071 -177 -1643 -186 1269 703 308 1579 462 -97 -224 2553 -711 -2323 -762 -3952 -1533 -1236 2902 169 1386 -258 4371 970 3951 -1043 -3249 920 -2315 -1237 1642 -1810 1059 3801 451 225 3025 -1631 -327 103 -1792 -3447 -1874 -4379 -3034 -812 2985 -2525 3687 -2302 -654 3305 346 -558 2003 -2052
-710 -2304 -1218 -1102 -3991 -1030 -849 -3324 -1071 -177 -1643 -186 1269 703 308 1579 462 -97 -224 2553 -711 -2323 -762 -3952 -1533 -1236 2902 169 1386 -258 4371 970 3951 -1043 -3249 920 -2315 -1237 1642 -1810 1059 3801 451 225 3025 -1631 -327 103 -1792 -3447 -1874 -4379 -3034 -812 2985 -2525 3687 -2302 -654 3305 346 -558 2003 -2052
2364 -1802 675 -1551 -712 -1312 -2157 -2046 -174 -1481 2722 14 1952 1817 1830 2198 2822 922 1483 4931 738 -208 -4450 -5065 -537 55 3673 1845 4854 846 2452 1379 3157 420 -2510 1975 -3760 -1686 1542 -2303 -855 2164 3352 1212 628 -4397 1053 1496 64 -2704 -287 -5864 -2185 -2154 4616 -2452 1174 1730 -1914 245 929 575 4305 84
-4703 -1700 349 -192 -6089 -939 -1737 -3451 -625 2763 -1129 -937 -223 236 1922 -1468 -2069 1767 -2817 923 -1002 -221 3281 -3467 -1702 -1279 -1772 887 -595 -808 2601 -1246 2450 -1823 -5226 -888 -2778 -403 795 -358 1957 4231 -1221 -1060 5243 140 2468 2269 -4717 -1611 162 -2789 -3617 944 1633 -3401 -201 -4070 4276 450 3060 1157 -2342 -1845
-710 -2304 -1218 -1102 -3991 -1030 -849 -3324 -1071 -177 -1643 -186 1269 703 308 1579 462 -97 -224 2553 -711 -2323 -762 -3952 -1533 -1236 2902 169 1386 -258 4371 970 3951 -1043 -3249 920 -2315 -1237 1642 -1810 1059 3801 451 225 3025 -1631 -327 103 -1792 -3447 -1874 -4379 -3034 -812 2985 -2525 3687 -2302 -654 3305 346 -558 2003 -2052
-710 -2304 -1218 -1102 -3991 -1030 -849 -3324 -1071 -177 -1643 -186 1269 703 308 1579 462 -97 -224 2553 -711 -2323 -762 -3952 -1533 -1236 2902 169 1386 -258 4371 970 3951 -1043 -3249 920 -2315 -1237 1642 -1810 1059 3801 451 225 3025 -1631 -327 103 -1792 -3447 -1874 -4379 -3034 -812 2985 -2525 3687 -2302 -654 3305 346 -558 2003 -2052
-710 -2304 -1218 -1102 -3991 -1030 -849 -3324 -1071 -177 -1643 -186 1269 703 308 1579 462 -97 -224 2553 -711 -2323 -762 -3952 -1533 -1236 2902 169 1386 -258 4371 970 3951 -1043 -3249 920 -2315 -1237 1642 -1810 1059 3801 451 225 3025 -1631 -327 103 -1792 -3447 -1874 -4379 -3034 -812 2985 -2525 3687 -2302 -654 3305 346 -558 2003 -2052
-710 -2304 -1218 -1102 -3991 -1030 -849 -3324 -1071 -177 -1643 -186 1269 703 308 1579 462 -97 -224 2553 -711 -2323 -762 -3952 -1533 -1236 2902 169 1386 -258 4371 970 3951 -1043 -3249 920 -2315 -1237 1642 -1810 1059 3801 451 225 3025 -1631 -327 103 -1792 -3447 -1874 -4379 -3034 -812 2985 -2525 3687 -2302 -654 3305 346 -558 2003 -2052
-466 -2163 -445 -298 -3320 -1470 -411 -3282 -890 -618 -914 636 1501 1373 644 1237 1710 -508 791 3259 -706 -2235 -1311 -4146 -863 -1407 2586 538 1814 -65 3704 1053 3169 -380 -3807 1103 -3569 -1566 2428 -2229 751 3982 828 751 2769 -2012 293 857 -2428 -3509 -1689 -4644 -3694 -1387 3174 -2423 3717 -1706 -759 3290 970 -280 2836 -1346
-3261 -2295 -2385 -619 -710 639 3212 -1138 -1811 348 -1814 -5075 -2763 -694 185 1394 -2328 255 -3841 478 1943 -2511 2952 -654 -2295 -3626 3246 -571 525 370 457 -536 3315 43 -2652 2729 -1237 -680 2020 -3642 -2203 3543 -1006 106 3190 -1648 -1221 -1012 -2003 -2397 -1674 -1129 -401 -3371 441 -4119 2217 -2364 718 -3358 -293 1549 -2197 -4676
-870 -2133 -1343 -1070 -4199 -906 -797 -3412 -1044 -84 -1469 -149 1294 872 245 1250 599 -98 -10 2552 -711 -2432 -921 -3979 -1565 -1090 2736 202 1379 -232 4487 854 3825 -1066 -3489 733 -2283 -1256 1544 -1693 1324 3708 298 61 2982 -1475 -346 184 -1871 -3296 -1924 -4566 -3049 -838 2934 -2576 3706 -2282 -739 3611 416 -510 2005 -1927
-710 -2304 -1218 -1102 -3991 -1030 -849 -3324 -1071 -177 -1643 -186 1269 703 308 1579 462 -97 -224 2553 -711 -2323 -762 -3952 -1533 -1236 2902 169 1386 -258 4371 970 3951 -1043 -3249 920 -2315 -1237 1642 -1810 1059 3801 451 225 3025 -1631 -327 103 -1792 -3447 -1874 -4379 -3034 -812 2985 -2525 3687 -2302 -654 3305 346 -558 2003 -2052
-710 -2304 -1218 -1102 -3991 -1030 -849 -3324 -1071 -177 -1643 -186 1269 703 308 1579 462 -97 -224 2553 -711 -2323 -762 -3952 -1533 -1236 2902 169 1386 -258 4371 970 3951 -1043 -3249 920 -2315 -1237 1642 -1810 1059 3801 451 225 3025 -1631 -327 103 -1792 -3447 -1874 -4379 -3034 -812 2985 -2525 3687 -2302 -654 3305 346 -558 2003 -2052
-710 -2304 -1218 -1102 -3991 -1030 -849 -3324 -1071 -177 -1643 -186 1269 703 308 1579 462 -97 -224 2553 -711 -2323 -762 -3952 -1533 -1236 2902 169 1386 -258 4371 970 3951 -1043 -3249 920 -2315 -1237 1642 -1810 1059 3801 451 225 3025 -1631 -327 103 -1792 -3447 -1874 -4379 -3034 -812 2985 -2525 3687 -2302 -654 3305 346 -558 2003 -2052
-710 -2304 -1218 -1102 -3991 -1030 -849 -3324 -1071 -177 -1643 -186 1269 703 308 1579 462 -97 -224 2553 -711 -2323 -762 -3952 -1533 -1236 2902 169 1386 -258 4371 970 3951 -1043 -3249 920 -2315 -1237 1642 -1810 1059 3801 451 225 3025 -1631 -327 103 -1792 -3447 -1874 -4379 -3034 -812 2985 -2525 3687 -2302 -654 3305 346 -558 2003 -2052
1067 -1012 -3023 -3287 -3099 2189 734 -1099 -147 801 -105 -1943 33 163 2056 2663 -434 -1484 1704 5043 1391 -856 -4680 -3135 121 918 2600 697 5314 1222 4096 1513 4575 -1110 -2817 3836 -510 -2055 1001 -3690 -1998 756 3545 248 1181 -4371 -303 -1848 1082 -2542 -4016 -6128 -373 -3977 1074 -3641 3601 809 -3187 1115 1799 -1302 2690 -3694
-5973 -578 -341 -497 -7349 651 -1959 -2665 -849 2455 -412 768 -562 494 2215 -2580 -1404 911 -2369 641 -925 710 3655 -3423 -660 -272 -3362 1621 -260 -1033 3346 -1001 3287 -2275 -5407 -1796 -1013 -1371 661 -1292 1503 3804 -1176 -1888 4646 889 1172 1736 -4730 -1612 645 -3194 -3290 1005 969 -1903 -1039 -4595 3719 601 1950 679 -2664 -1665
-710 -2304 -1218 -1102 -3991 -1030 -849 -3324 -1071 -177 -1643 -186 1269 703 308 1579 462 -97 -224 2553 -711 -2323 -762 -3952 -1533 -1236 2902 169 1386 -258 4371 970 3951 -1043 -3249 920 -2315 -1237 1642 -1810 1059 3801 451 225 3025 -1631 -327 103 -1792 -3447 -1874 -4379 -3034 -812 2985 -2525 3687 -2302 -654 3305 346 -558 2003 -2052
-710 -2304 -1218 -1102 -3991 -1030 -849 -3324 -1071 -177 -1643 -186 1269 703 308 1579 462 -97 -224 2553 -711 -2323 -762 -3952 -1533 -1236 2902 169 1386 -258 4371 970 3951 -1043 -3249 920 -2315 -1237 1642 -1810 1059 3801 451 225 3025 -1631 -327 103 -1792 -3447 -1874 -4379 -3034 -812 2985 -2525 3687 -2302 -654 3305 346 -558 2003 -2052
-710 -2304 -1218 -1102 -3991 -1030 -849 -3324 -1071 -177 -1643 -186 1269 703 308 1579 462 -97 -224 2553 -711 -2323 -762 -3952 -1533 -1236 2902 169 1386 -258 4371 970 3951 -1043 -3249 920 -2315 -1237 1642 -1810 1059 3801 451 225 3025 -1631 -327 103 -1792 -3447 -1874 -4379 -3034 -812 2985 -2525 3687 -2302 -654 3305 346 -558 2003 -2052
