-1622 -1869 -1869 -1869 -1869 -1869 -1869 -1869 -1869 -2089 -2419 -1869 -1869 -1869 -1869 -1869 -579 231 84 97 -1744 -1869 -1869 -1869 -1869 -1869 -866 -1602 -1869 -1869 -1869 -1869 -2588 -1361 -1869 -1869 -1869 -1869 -2034 -1715 -1810 -1869 -1869 -1869 -1869 -1066 -561 -1869 -1869 -1869
-775 -891 -891 -891 -891 -891 -891 -891 -891 -955 -607 -891 -891 -891 -891 -891 -247 -413 -731 -1045 -515 -891 -891 -891 -891 -891 -42 -870 -891 -891 -891 -891 -1530 -332 -891 -891 -891 -891 -963 57 -901 -891 -891 -891 -891 -1056 -394 -891 -891 -891
-775 -891 -891 -891 -891 -891 -891 -891 -891 -955 -607 -891 -891 -891 -891 -891 -247 -413 -731 -1045 -515 -891 -891 -891 -891 -891 -42 -870 -891 -891 -891 -891 -1530 -332 -891 -891 -891 -891 -963 57 -901 -891 -891 -891 -891 -1056 -394 -891 -891 -891
-775 -891 -891 -891 -891 -891 -891 -891 -891 -955 -607 -891 -891 -891 -891 -891 -247 -413 -731 -1045 -515 -891 -891 -891 -891 -891 -42 -870 -891 -891 -891 -891 -1530 -332 -891 -891 -891 -891 -963 57 -901 -891 -891 -891 -891 -1056 -394 -891 -891 -891
-775 -891 -891 -891 -891 -891 -891 -891 -891 -955 -607 -891 -891 -891 -891 -891 -247 -413 -731 -1045 -515 -891 -891 -891 -891 -891 -42 -870 -891 -891 -891 -891 -1530 -332 -891 -891 -891 -891 -963 57 -901 -891 -891 -891 -891 -1056 -394 -891 -891 -891
-775 -891 -891 -891 -891 -891 -891 -891 -891 -955 -607 -891 -891 -891 -891 -891 -247 -413 -731 -1045 -515 -891 -891 -891 -891 -891 -42 -870 -891 -891 -891 -891 -1530 -332 -891 -891 -891 -891 -963 57 -901 -891 -891 -891 -891 -1056 -394 -891 -891 -891
-775 -891 -891 -891 -891 -891 -891 -891 -891 -955 -607 -891 -891 -891 -891 -891 -247 -413 -731 -1045 -515 -891 -891 -891 -891 -891 -42 -870 -891 -891 -891 -891 -1530 -332 -891 -891 -891 -891 -963 57 -901 -891 -891 -891 -891 -1056 -394 -891 -891 -891
-775 -891 -891 -891 -891 -891 -891 -891 -891 -955 -607 -891 -891 -891 -891 -891 -247 -413 -731 -1045 -515 -891 -891 -891 -891 -891 -42 -870 -891 -891 -891 -891 -1530 -332 -891 -891 -891 -891 -963 57 -901 -891 -891 -891 -891 -1056 -394 -891 -891 -891
-775 -891 -891 -891 -891 -891 -891 -891 -891 -955 -607 -891 -891 -891 -891 -891 -247 -413 -731 -1045 -515 -891 -891 -891 -891 -891 -42 -870 -891 -891 -891 -891 -1530 -332 -891 -891 -891 -891 -963 57 -901 -891 -891 -891 -891 -1056 -394 -891 -891 -891
-1372 -931 -931 -931 -931 -931 -931 -931 -931 -1057 -957 -931 -931 -931 -931 -931 -360 -738 -1062 -1365 -631 -931 -931 -931 -931 -931 -935 -837 -931 -931 -931 -931 -1908 -564 -931 -931 -931 -931 -968 -915 -923 -931 -931 -931 -931 -1158 -510 -931 -931 -931
-770 -922 -922 -922 -922 -922 -922 -922 -922 -1037 -736 -922 -922 -922 -922 -922 -842 -785 -796 -1054 -246 -922 -922 -922 -922 -922 -716 -932 -922 -922 -922 -922 -1658 74 -922 -922 -922 -922 -976 -130 -952 -922 -922 -922 -922 -1464 -20 -922 -922 -922
-775 -891 -891 -891 -891 -891 -891 -891 -891 -955 -607 -891 -891 -891 -891 -891 -247 -413 -731 -1045 -515 -891 -891 -891 -891 -891 -42 -870 -891 -891 -891 -891 -1530 -332 -891 -891 -891 -891 -963 57 -901 -891 -891 -891 -891 -1056 -394 -891 -891 -891
-775 -891 -891 -891 -891 -891 -891 -891 -891 -955 -607 -891 -891 -891 -891 -891 -247 -413 -731 -1045 -515 -891 -891 -891 -891 -891 -42 -870 -891 -891 -891 -891 -1530 -332 -891 -891 -891 -891 -963 57 -901 -891 -891 -891 -891 -1056 -394 -891 -891 -891
-775 -891 -891 -891 -891 -891 -891 -891 -891 -955 -607 -891 -891 -891 -891 -891 -247 -413 -731 -1045 -515 -891 -891 -891 -891 -891 -42 -870 -891 -891 -891 -891 -1530 -332 -891 -891 -891 -891 -963 57 -901 -891 -891 -891 -891 -1056 -394 -891 -891 -891
-775 -891 -891 -891 -891 -891 -891 -891 -891 -955 -607 -891 -891 -891 -891 -891 -247 -413 -731 -1045 -515 -891 -891 -891 -891 -891 -42 -870 -891 -891 -891 -891 -1530 -332 -891 -891 -891 -891 -963 57 -901 -891 -891 -891 -891 -1056 -394 -891 -891 -891
-775 -891 -891 -891 -891 -891 -891 -891 -891 -955 -607 -891 -891 -891 -891 -891 -247 -413 -731 -1045 -515 -891 -891 -891 -891 -891 -42 -870 -891 -891 -891 -891 -1530 -332 -891 -891 -891 -891 -963 57 -901 -891 -891 -891 -891 -1056 -394 -891 -891 -891
-809 -351 -351 -351 -351 -351 -351 -351 -351 -366 -444 -351 -351 -351 -351 -351 1223 1005 -24 -375 -538 -351 -351 -351 -351 -351 469 -236 -351 -351 -351 -351 -1378 -323 -351 -351 -351 -351 -459 196 -318 -351 -351 -351 -351 -317 -143 -351 -351 -351
-706 -215 -215 -215 -215 -215 -215 -215 -215 34 494 -215 -215 -215 -215 -215 699 -316 -1058 -1185 -430 -215 -215 -215 -215 -215 965 -289 -215 -215 -215 -215 -306 -733 -215 -215 -215 -215 -195 732 -233 -215 -215 -215 -215 -466 -1108 -215 -215 -215
-822 -975 -975 -975 -975 -975 -975 -975 -975 -705 -384 -975 -975 -975 -975 -975 152 -70 -674 -532 -1076 -975 -975 -975 -975 -975 800 -1023 -975 -975 -975 -975 -839 -1027 -975 -975 -975 -975 -967 454 -994 -975 -975 -975 -975 -859 -1164 -975 -975 -975
-2065 -978 -978 -978 -978 -978 -978 -978 -978 -774 -1097 -978 -978 -978 -978 -978 -40 -445 -1369 -1138 -1572 -978 -978 -978 -978 -978 -757 -867 -978 -978 -978 -978 -1350 -1675 -978 -978 -978 -978 -943 -1404 -929 -978 -978 -978 -978 -1047 -1479 -978 -978 -978
-2096 -1972 -1972 -1972 -1972 -1972 -1972 -1972 -1972 -1697 -979 -1972 -1972 -1972 -1972 -1972 -2510 -2694 -2651 -2461 -898 -1972 -1972 -1972 -1972 -1972 -1945 -2041 -1972 -1972 -1972 -1972 -2092 -833 -1972 -1972 -1972 -1972 -1729 -1124 -2014 -1972 -1972 -1972 -1972 -2963 -1462 -1972 -1972 -1972
-775 -891 -891 -891 -891 -891 -891 -891 -891 -955 -607 -891 -891 -891 -891 -891 -247 -413 -731 -1045 -515 -891 -891 -891 -891 -891 -42 -870 -891 -891 -891 -891 -1530 -332 -891 -891 -891 -891 -963 57 -901 -891 -891 -891 -891 -1056 -394 -891 -891 -891
-775 -891 -891 -891 -891 -891 -891 -891 -891 -955 -607 -891 -891 -891 -891 -891 -247 -413 -731 -1045 -515 -891 -891 -891 -891 -891 -42 -870 -891 -891 -891 -891 -1530 -332 -891 -891 -891 -891 -963 57 -901 -891 -891 -891 -891 -1056 -394 -891 -891 -891
-775 -891 -891 -891 -891 -891 -891 -891 -891 -955 -607 -891 -891 -891 -891 -891 -247 -413 -731 -1045 -515 -891 -891 -891 -891 -891 -42 -870 -891 -891 -891 -891 -1530 -332 -891 -891 -891 -891 -963 57 -901 -891 -891 -891 -891 -1056 -394 -891 -891 -891
-775 -891 -891 -891 -891 -891 -891 -891 -891 -955 -607 -891 -891 -891 -891 -891 -247 -413 -731 -1045 -515 -891 -891 -891 -891 -891 -42 -870 -891 -891 -891 -891 -1530 -332 -891 -891 -891 -891 -963 57 -901 -891 -891 -891 -891 -1056 -394 -891 -891 -891
-775 -891 -891 -891 -891 -891 -891 -891 -891 -955 -607 -891 -891 -891 -891 -891 -247 -413 -731 -1045 -515 -891 -891 -891 -891 -891 -42 -870 -891 -891 -891 -891 -1530 -332 -891 -891 -891 -891 -963 57 -901 -891 -891 -891 -891 -1056 -394 -891 -891 -891
-132 -911 -911 -911 -911 -911 -911 -911 -911 -1085 -1822 -911 -911 -911 -911 -911 1151 2315 1922 1818 -1671 -911 -911 -911 -911 -911 1248 -738 -911 -911 -911 -911 -1328 -940 -911 -911 -911 -911 -1170 -82 -874 -911 -911 -911 -911 651 293 -911 -911 -911
-954 -1041 -1041 -1041 -1041 -1041 -1041 -1041 -1041 -1037 -576 -1041 -1041 -1041 -1041 -1041 -457 -630 -951 -1204 -521 -1041 -1041 -1041 -1041 -1041 -258 -1021 -1041 -1041 -1041 -1041 -1600 -396 -1041 -1041 -1041 -1041 -1057 -66 -1052 -1041 -1041 -1041 -1041 -1283 -586 -1041 -1041 -1041
-775 -891 -891 -891 -891 -891 -891 -891 -891 -955 -607 -891 -891 -891 -891 -891 -247 -413 -731 -1045 -515 -891 -891 -891 -891 -891 -42 -870 -891 -891 -891 -891 -1530 -332 -891 -891 -891 -891 -963 57 -901 -891 -891 -891 -891 -1056 -394 -891 -891 -891
-775 -891 -891 -891 -891 -891 -891 -891 -891 -955 -607 -891 -891 -891 -891 -891 -247 -413 -731 -1045 -515 -891 -891 -891 -891 -891 -42 -870 -891 -891 -891 -891 -1530 -332 -891 -891 -891 -891 -963 57 -901 -891 -891 -891 -891 -1056 -394 -891 -891 -891
-775 -891 -891 -891 -891 -891 -891 -891 -891 -955 -607 -891 -891 -891 -891 -891 -247 -413 -731 -1045 -515 -891 -891 -891 -891 -891 -42 -870 -891 -891 -891 -891 -1530 -332 -891 -891 -891 -891 -963 57 -901 -891 -891 -891 -891 -1056 -394 -891 -891 -891
-775 -891 -891 -891 -891 -891 -891 -891 -891 -955 -607 -891 -891 -891 -891 -891 -247 -413 -731 -1045 -515 -891 -891 -891 -891 -891 -42 -870 -891 -891 -891 -891 -1530 -332 -891 -891 -891 -891 -963 57 -901 -891 -891 -891 -891 -1056 -394 -891 -891 -891
-1512 -642 -642 -642 -642 -642 -642 -642 -642 -858 -1395 -642 -642 -642 -642 -642 376 159 -530 -628 -790 -642 -642 -642 -642 -642 -1193 -475 -642 -642 -642 -642 -1961 -524 -642 -642 -642 -642 -745 -1323 -607 -642 -642 -642 -642 -660 -153 -642 -642 -642
-1963 -1755 -1755 -1755 -1755 -1755 -1755 -1755 -1755 -1501 -492 -1755 -1755 -1755 -1755 -1755 -2218 -2847 -2863 -2848 -846 -1755 -1755 -1755 -1755 -1755 -1291 -1871 -1755 -1755 -1755 -1755 -1808 -1017 -1755 -1755 -1755 -1755 -1588 -570 -1806 -1755 -1755 -1755 -1755 -2883 -1761 -1755 -1755 -1755
-775 -891 -891 -891 -891 -891 -891 -891 -891 -955 -607 -891 -891 -891 -891 -891 -247 -413 -731 -1045 -515 -891 -891 -891 -891 -891 -42 -870 -891 -891 -891 -891 -1530 -332 -891 -891 -891 -891 -963 57 -901 -891 -891 -891 -891 -1056 -394 -891 -891 -891
-775 -891 -891 -891 -891 -891 -891 -891 -891 -955 -607 -891 -891 -891 -891 -891 -247 -413 -731 -1045 -515 -891 -891 -891 -891 -891 -42 -870 -891 -891 -891 -891 -1530 -332 -891 -891 -891 -891 -963 57 -901 -891 -891 -891 -891 -1056 -394 -891 -891 -891
-775 -891 -891 -891 -891 -891 -891 -891 -891 -955 -607 -891 -891 -891 -891 -891 -247 -413 -731 -1045 -515 -891 -891 -891 -891 -891 -42 -870 -891 -891 -891 -891 -1530 -332 -891 -891 -891 -891 -963 57 -901 -891 -891 -891 -891 -1056 -394 -891 -891 -891
-775 -891 -891 -891 -891 -891 -891 -891 -891 -955 -607 -891 -891 -891 -891 -891 -247 -413 -731 -1045 -515 -891 -891 -891 -891 -891 -42 -870 -891 -891 -891 -891 -1530 -332 -891 -891 -891 -891 -963 57 -901 -891 -891 -891 -891 -1056 -394 -891 -891 -891
-1368 -1060 -1060 -1060 -1060 -1060 -1060 -1060 -1060 -1162 -1053 -1060 -1060 -1060 -1060 -1060 -571 -868 -1201 -1494 -834 -1060 -1060 -1060 -1060 -1060 -823 -976 -1060 -1060 -1060 -1060 -1922 -736 -1060 -1060 -1060 -1060 -1116 -869 -1047 -1060 -1060 -1060 -1060 -1340 -628 -1060 -1060 -1060
-766 -1350 -1350 -1350 -1350 -1350 -1350 -1350 -1350 -1474 -1554 -1350 -1350 -1350 -1350 -1350 -373 284 151 -119 -1740 -1350 -1350 -1350 -1350 -1350 607 -1268 -1350 -1350 -1350 -1350 -1631 -1289 -1350 -1350 -1350 -1350 -1572 -257 -1331 -1350 -1350 -1350 -1350 -749 -500 -1350 -1350 -1350
-807 -898 -898 -898 -898 -898 -898 -898 -898 -935 -544 -898 -898 -898 -898 -898 -289 -507 -823 -1119 -495 -898 -898 -898 -898 -898 -70 -884 -898 -898 -898 -898 -1489 -353 -898 -898 -898 -898 -949 48 -909 -898 -898 -898 -898 -1086 -468 -898 -898 -898
-775 -891 -891 -891 -891 -891 -891 -891 -891 -955 -607 -891 -891 -891 -891 -891 -247 -413 -731 -1045 -515 -891 -891 -891 -891 -891 -42 -870 -891 -891 -891 -891 -1530 -332 -891 -891 -891 -891 -963 57 -901 -891 -891 -891 -891 -1056 -394 -891 -891 -891
-775 -891 -891 -891 -891 -891 -891 -891 -891 -955 -607 -891 -891 -891 -891 -891 -247 -413 -731 -1045 -515 -891 -891 -891 -891 -891 -42 -870 -891 -891 -891 -891 -1530 -332 -891 -891 -891 -891 -963 57 -901 -891 -891 -891 -891 -1056 -394 -891 -891 -891
-775 -891 -891 -891 -891 -891 -891 -891 -891 -955 -607 -891 -891 -891 -891 -891 -247 -413 -731 -1045 -515 -891 -891 -891 -891 -891 -42 -870 -891 -891 -891 -891 -1530 -332 -891 -891 -891 -891 -963 57 -901 -891 -891 -891 -891 -1056 -394 -891 -891 -891
-775 -891 -891 -891 -891 -891 -891 -891 -891 -955 -607 -891 -891 -891 -891 -891 -247 -413 -731 -1045 -515 -891 -891 -891 -891 -891 -42 -870 -891 -891 -891 -891 -1530 -332 -891 -891 -891 -891 -963 57 -901 -891 -891 -891 -891 -1056 -394 -891 -891 -891
-833 -444 -444 -444 -444 -444 -444 -444 -444 -567 -1115 -444 -444 -444 -444 -444 1194 1089 42 -94 -825 -444 -444 -444 -444 -444 266 -272 -444 -444 -444 -444 -1534 -518 -444 -444 -444 -444 -649 -286 -388 -444 -444 -444 -444 -260 -38 -444 -444 -444
-1681 -1689 -1689 -1689 -1689 -1689 -1689 -1689 -1689 -1443 -457 -1689 -1689 -1689 -1689 -1689 -1546 -2112 -2305 -2353 -1113 -1689 -1689 -1689 -1689 -1689 -437 -1778 -1689 -1689 -1689 -1689 -1602 -1333 -1689 -1689 -1689 -1689 -1601 -202 -1725 -1689 -1689 -1689 -1689 -2339 -1896 -1689 -1689 -1689
-775 -891 -891 -891 -891 -891 -891 -891 -891 -955 -607 -891 -891 -891 -891 -891 -247 -413 -731 -1045 -515 -891 -891 -891 -891 -891 -42 -870 -891 -891 -891 -891 -1530 -332 -891 -891 -891 -891 -963 57 -901 -891 -891 -891 -891 -1056 -394 -891 -891 -891
-775 -891 -891 -891 -891 -891 -891 -891 -891 -955 -607 -891 -891 -891 -891 -891 -247 -413 -731 -1045 -515 -891 -891 -891 -891 -891 -42 -870 -891 -891 -891 -891 -1530 -332 -891 -891 -891 -891 -963 57 -901 -891 -891 -891 -891 -1056 -394 -891 -891 -891
-775 -891 -891 -891 -891 -891 -891 -891 -891 -955 -607 -891 -891 -891 -891 -891 -247 -413 -731 -1045 -515 -891 -891 -891 -891 -891 -42 -870 -891 -891 -891 -891 -1530 -332 -891 -891 -891 -891 -963 57 -901 -891 -891 -891 -891 -1056 -394 -891 -891 -891
