551 658 658 658 658 658 658 658 658 816 340 658 658 658 658 658 1048 1265 849 994 329 658 658 658 658 658 623 516 658 658 658 658 755 936 658 658 658 658 813 1557 630 658 658 658 658 464 771 658 658 658
-611 389 389 389 389 389 389 389 389 437 449 389 389 389 389 389 1240 130 -740 -878 246 389 389 389 389 389 270 215 389 389 389 389 -241 -76 389 389 389 389 364 762 350 389 389 389 389 -68 -687 389 389 389
-611 389 389 389 389 389 389 389 389 437 449 389 389 389 389 389 1240 130 -740 -878 246 389 389 389 389 389 270 215 389 389 389 389 -241 -76 389 389 389 389 364 762 350 389 389 389 389 -68 -687 389 389 389
-611 389 389 389 389 389 389 389 389 437 449 389 389 389 389 389 1240 130 -740 -878 246 389 389 389 389 389 270 215 389 389 389 389 -241 -76 389 389 389 389 364 762 350 389 389 389 389 -68 -687 389 389 389
-611 389 389 389 389 389 389 389 389 437 449 389 389 389 389 389 1240 130 -740 -878 246 389 389 389 389 389 270 215 389 389 389 389 -241 -76 389 389 389 389 364 762 350 389 389 389 389 -68 -687 389 389 389
-611 389 389 389 389 389 389 389 389 437 449 389 389 389 389 389 1240 130 -740 -878 246 389 389 389 389 389 270 215 389 389 389 389 -241 -76 389 389 389 389 364 762 350 389 389 389 389 -68 -687 389 389 389
-611 389 389 389 389 389 389 389 389 437 449 389 389 389 389 389 1240 130 -740 -878 246 389 389 389 389 389 270 215 389 389 389 389 -241 -76 389 389 389 389 364 762 350 389 389 389 389 -68 -687 389 389 389
-611 389 389 389 389 389 389 389 389 437 449 389 389 389 389 389 1240 130 -740 -878 246 389 389 389 389 389 270 215 389 389 389 389 -241 -76 389 389 389 389 364 762 350 389 389 389 389 -68 -687 389 389 389
-611 389 389 389 389 389 389 389 389 437 449 389 389 389 389 389 1240 130 -740 -878 246 389 389 389 389 389 270 215 389 389 389 389 -241 -76 389 389 389 389 364 762 350 389 389 389 389 -68 -687 389 389 389
-160 743 743 743 743 743 743 743 743 607 731 743 743 743 743 743 1312 152 -391 -864 597 743 743 743 743 743 551 640 743 743 743 743 -155 170 743 743 743 743 619 814 720 743 743 743 743 216 -322 743 743 743
-265 793 793 793 793 793 793 793 793 932 614 793 793 793 793 793 1340 716 -252 -111 610 793 793 793 793 793 -74 793 793 793 793 793 349 543 793 793 793 793 851 379 820 793 793 793 793 208 164 793 793 793
-611 389 389 389 389 389 389 389 389 437 449 389 389 389 389 389 1240 130 -740 -878 246 389 389 389 389 389 270 215 389 389 389 389 -241 -76 389 389 389 389 364 762 350 389 389 389 389 -68 -687 389 389 389
-611 389 389 389 389 389 389 389 389 437 449 389 389 389 389 389 1240 130 -740 -878 246 389 389 389 389 389 270 215 389 389 389 389 -241 -76 389 389 389 389 364 762 350 389 389 389 389 -68 -687 389 389 389
-611 389 389 389 389 389 389 389 389 437 449 389 389 389 389 389 1240 130 -740 -878 246 389 389 389 389 389 270 215 389 389 389 389 -241 -76 389 389 389 389 364 762 350 389 389 389 389 -68 -687 389 389 389
-611 389 389 389 389 389 389 389 389 437 449 389 389 389 389 389 1240 130 -740 -878 246 389 389 389 389 389 270 215 389 389 389 389 -241 -76 389 389 389 389 364 762 350 389 389 389 389 -68 -687 389 389 389
-611 389 389 389 389 389 389 389 389 437 449 389 389 389 389 389 1240 130 -740 -878 246 389 389 389 389 389 270 215 389 389 389 389 -241 -76 389 389 389 389 364 762 350 389 389 389 389 -68 -687 389 389 389
-473 103 103 103 103 103 103 103 103 233 59 103 103 103 103 103 967 452 -292 70 -182 103 103 103 103 103 315 -100 103 103 103 103 475 -220 103 103 103 103 1 382 68 103 103 103 103 517 -557 103 103 103
-433 -10 -10 -10 -10 -10 -10 -10 -10 -139 168 -10 -10 -10 -10 -10 69 -223 32 -544 -106 -10 -10 -10 -10 -10 344 -365 -10 -10 -10 -10 191 -49 -10 -10 -10 -10 -254 709 -120 -10 -10 -10 -10 275 -379 -10 -10 -10
56 191 191 191 191 191 191 191 191 131 336 191 191 191 191 191 387 52 24 -398 99 191 191 191 191 191 706 -178 191 191 191 191 276 182 191 191 191 191 117 1423 82 191 191 191 191 288 -344 191 191 191
888 242 242 242 242 242 242 242 242 -35 395 242 242 242 242 242 -67 84 703 31 436 242 242 242 242 242 1019 12 242 242 242 242 247 529 242 242 242 242 117 1448 165 242 242 242 242 522 227 242 242 242
-429 766 766 766 766 766 766 766 766 769 318 766 766 766 766 766 1559 460 -275 -397 67 766 766 766 766 766 488 552 766 766 766 766 91 -32 766 766 766 766 867 1126 710 766 766 766 766 112 -287 766 766 766
-611 389 389 389 389 389 389 389 389 437 449 389 389 389 389 389 1240 130 -740 -878 246 389 389 389 389 389 270 215 389 389 389 389 -241 -76 389 389 389 389 364 762 350 389 389 389 389 -68 -687 389 389 389
-611 389 389 389 389 389 389 389 389 437 449 389 389 389 389 389 1240 130 -740 -878 246 389 389 389 389 389 270 215 389 389 389 389 -241 -76 389 389 389 389 364 762 350 389 389 389 389 -68 -687 389 389 389
-611 389 389 389 389 389 389 389 389 437 449 389 389 389 389 389 1240 130 -740 -878 246 389 389 389 389 389 270 215 389 389 389 389 -241 -76 389 389 389 389 364 762 350 389 389 389 389 -68 -687 389 389 389
-611 389 389 389 389 389 389 389 389 437 449 389 389 389 389 389 1240 130 -740 -878 246 389 389 389 389 389 270 215 389 389 389 389 -241 -76 389 389 389 389 364 762 350 389 389 389 389 -68 -687 389 389 389
-611 389 389 389 389 389 389 389 389 437 449 389 389 389 389 389 1240 130 -740 -878 246 389 389 389 389 389 270 215 389 389 389 389 -241 -76 389 389 389 389 364 762 350 389 389 389 389 -68 -687 389 389 389
451 414 414 414 414 414 414 414 414 1074 56 414 414 414 414 414 558 1687 741 2052 248 414 414 414 414 414 -468 496 414 414 414 414 1620 1182 414 414 414 414 774 221 483 414 414 414 414 448 1320 414 414 414
-492 407 407 407 407 407 407 407 407 322 500 407 407 407 407 407 1229 74 -554 -1013 319 407 407 407 407 407 493 205 407 407 407 407 -405 -42 407 407 407 407 308 1008 353 407 407 407 407 -34 -651 407 407 407
-611 389 389 389 389 389 389 389 389 437 449 389 389 389 389 389 1240 130 -740 -878 246 389 389 389 389 389 270 215 389 389 389 389 -241 -76 389 389 389 389 364 762 350 389 389 389 389 -68 -687 389 389 389
-611 389 389 389 389 389 389 389 389 437 449 389 389 389 389 389 1240 130 -740 -878 246 389 389 389 389 389 270 215 389 389 389 389 -241 -76 389 389 389 389 364 762 350 389 389 389 389 -68 -687 389 389 389
-611 389 389 389 389 389 389 389 389 437 449 389 389 389 389 389 1240 130 -740 -878 246 389 389 389 389 389 270 215 389 389 389 389 -241 -76 389 389 389 389 364 762 350 389 389 389 389 -68 -687 389 389 389
-611 389 389 389 389 389 389 389 389 437 449 389 389 389 389 389 1240 130 -740 -878 246 389 389 389 389 389 270 215 389 389 389 389 -241 -76 389 389 389 389 364 762 350 389 389 389 389 -68 -687 389 389 389
-34 -481 -481 -481 -481 -481 -481 -481 -481 -363 -133 -481 -481 -481 -481 -481 -97 241 -412 -194 -3 -481 -481 -481 -481 -481 -201 -357 -481 -481 -481 -481 -907 73 -481 -481 -481 -481 -311 291 -435 -481 -481 -481 -481 -883 -340 -481 -481 -481
-807 516 516 516 516 516 516 516 516 371 308 516 516 516 516 516 1209 -131 -519 -1110 -259 516 516 516 516 516 626 169 516 516 516 516 -201 -561 516 516 516 516 444 1099 410 516 516 516 516 28 -919 516 516 516
-611 389 389 389 389 389 389 389 389 437 449 389 389 389 389 389 1240 130 -740 -878 246 389 389 389 389 389 270 215 389 389 389 389 -241 -76 389 389 389 389 364 762 350 389 389 389 389 -68 -687 389 389 389
-611 389 389 389 389 389 389 389 389 437 449 389 389 389 389 389 1240 130 -740 -878 246 389 389 389 389 389 270 215 389 389 389 389 -241 -76 389 389 389 389 364 762 350 389 389 389 389 -68 -687 389 389 389
-611 389 389 389 389 389 389 389 389 437 449 389 389 389 389 389 1240 130 -740 -878 246 389 389 389 389 389 270 215 389 389 389 389 -241 -76 389 389 389 389 364 762 350 389 389 389 389 -68 -687 389 389 389
-611 389 389 389 389 389 389 389 389 437 449 389 389 389 389 389 1240 130 -740 -878 246 389 389 389 389 389 270 215 389 389 389 389 -241 -76 389 389 389 389 364 762 350 389 389 389 389 -68 -687 389 389 389
-190 668 668 668 668 668 668 668 668 513 668 668 668 668 668 668 1265 138 -380 -860 702 668 668 668 668 668 534 520 668 668 668 668 -231 325 668 668 668 668 546 989 630 668 668 668 668 200 -277 668 668 668
246 1308 1308 1308 1308 1308 1308 1308 1308 1955 707 1308 1308 1308 1308 1308 1404 1555 559 1728 561 1308 1308 1308 1308 1308 -154 1217 1308 1308 1308 1308 2439 1155 1308 1308 1308 1308 1663 508 1328 1308 1308 1308 1308 1078 1213 1308 1308 1308
-578 383 383 383 383 383 383 383 383 394 461 383 383 383 383 383 1200 109 -672 -907 277 383 383 383 383 383 309 207 383 383 383 383 -294 -44 383 383 383 383 337 814 341 383 383 383 383 -80 -644 383 383 383
-611 389 389 389 389 389 389 389 389 437 449 389 389 389 389 389 1240 130 -740 -878 246 389 389 389 389 389 270 215 389 389 389 389 -241 -76 389 389 389 389 364 762 350 389 389 389 389 -68 -687 389 389 389
-611 389 389 389 389 389 389 389 389 437 449 389 389 389 389 389 1240 130 -740 -878 246 389 389 389 389 389 270 215 389 389 389 389 -241 -76 389 389 389 389 364 762 350 389 389 389 389 -68 -687 389 389 389
-611 389 389 389 389 389 389 389 389 437 449 389 389 389 389 389 1240 130 -740 -878 246 389 389 389 389 389 270 215 389 389 389 389 -241 -76 389 389 389 389 364 762 350 389 389 389 389 -68 -687 389 389 389
-611 389 389 389 389 389 389 389 389 437 449 389 389 389 389 389 1240 130 -740 -878 246 389 389 389 389 389 270 215 389 389 389 389 -241 -76 389 389 389 389 364 762 350 389 389 389 389 -68 -687 389 389 389
-603 -1144 -1144 -1144 -1144 -1144 -1144 -1144 -1144 -869 -952 -1144 -1144 -1144 -1144 -1144 -312 338 -449 252 -655 -1144 -1144 -1144 -1144 -1144 -389 -1242 -1144 -1144 -1144 -1144 -828 -129 -1144 -1144 -1144 -1144 -995 382 -1161 -1144 -1144 -1144 -1144 -832 -558 -1144 -1144 -1144
-552 555 555 555 555 555 555 555 555 176 625 555 555 555 555 555 1019 -601 -389 -1682 40 555 555 555 555 555 1141 76 555 555 555 555 -409 -472 555 555 555 555 292 1675 390 555 555 555 555 117 -993 555 555 555
-611 389 389 389 389 389 389 389 389 437 449 389 389 389 389 389 1240 130 -740 -878 246 389 389 389 389 389 270 215 389 389 389 389 -241 -76 389 389 389 389 364 762 350 389 389 389 389 -68 -687 389 389 389
-611 389 389 389 389 389 389 389 389 437 449 389 389 389 389 389 1240 130 -740 -878 246 389 389 389 389 389 270 215 389 389 389 389 -241 -76 389 389 389 389 364 762 350 389 389 389 389 -68 -687 389 389 389
-611 389 389 389 389 389 389 389 389 437 449 389 389 389 389 389 1240 130 -740 -878 246 389 389 389 389 389 270 215 389 389 389 389 -241 -76 389 389 389 389 364 762 350 389 389 389 389 -68 -687 389 389 389
