-1233 -1131 -1131 -1131 -1131 -1131 -1131 -1131 -1131 -1114 -830 -1131 -1131 -1131 -1131 -1131 -1032 -618 -1059 -1291 -2441 -1131 -1131 -1131 -1131 -1131 222 -1280 -1131 -1131 -1131 -1131 -1212 -1779 -1131 -1131 -1131 -1131 -1332 -301 -1152 -1131 -1131 -1131 -1131 -1588 -1276 -1131 -1131 -1131
-1499 -1464 -1464 -1464 -1464 -1464 -1464 -1464 -1464 -1394 -1256 -1464 -1464 -1464 -1464 -1464 -506 -150 -1020 -952 -2221 -1464 -1464 -1464 -1464 -1464 -194 -1503 -1464 -1464 -1464 -1464 -1254 -1956 -1464 -1464 -1464 -1464 -1569 -793 -1437 -1464 -1464 -1464 -1464 -1131 -1754 -1464 -1464 -1464
-1499 -1464 -1464 -1464 -1464 -1464 -1464 -1464 -1464 -1394 -1256 -1464 -1464 -1464 -1464 -1464 -506 -150 -1020 -952 -2221 -1464 -1464 -1464 -1464 -1464 -194 -1503 -1464 -1464 -1464 -1464 -1254 -1956 -1464 -1464 -1464 -1464 -1569 -793 -1437 -1464 -1464 -1464 -1464 -1131 -1754 -1464 -1464 -1464
-1499 -1464 -1464 -1464 -1464 -1464 -1464 -1464 -1464 -1394 -1256 -1464 -1464 -1464 -1464 -1464 -506 -150 -1020 -952 -2221 -1464 -1464 -1464 -1464 -1464 -194 -1503 -1464 -1464 -1464 -1464 -1254 -1956 -1464 -1464 -1464 -1464 -1569 -793 -1437 -1464 -1464 -1464 -1464 -1131 -1754 -1464 -1464 -1464
-1499 -1464 -1464 -1464 -1464 -1464 -1464 -1464 -1464 -1394 -1256 -1464 -1464 -1464 -1464 -1464 -506 -150 -1020 -952 -2221 -1464 -1464 -1464 -1464 -1464 -194 -1503 -1464 -1464 -1464 -1464 -1254 -1956 -1464 -1464 -1464 -1464 -1569 -793 -1437 -1464 -1464 -1464 -1464 -1131 -1754 -1464 -1464 -1464
-1499 -1464 -1464 -1464 -1464 -1464 -1464 -1464 -1464 -1394 -1256 -1464 -1464 -1464 -1464 -1464 -506 -150 -1020 -952 -2221 -1464 -1464 -1464 -1464 -1464 -194 -1503 -1464 -1464 -1464 -1464 -1254 -1956 -1464 -1464 -1464 -1464 -1569 -793 -1437 -1464 -1464 -1464 -1464 -1131 -1754 -1464 -1464 -1464
-1499 -1464 -1464 -1464 -1464 -1464 -1464 -1464 -1464 -1394 -1256 -1464 -1464 -1464 -1464 -1464 -506 -150 -1020 -952 -2221 -1464 -1464 -1464 -1464 -1464 -194 -1503 -1464 -1464 -1464 -1464 -1254 -1956 -1464 -1464 -1464 -1464 -1569 -793 -1437 -1464 -1464 -1464 -1464 -1131 -1754 -1464 -1464 -1464
-1499 -1464 -1464 -1464 -1464 -1464 -1464 -1464 -1464 -1394 -1256 -1464 -1464 -1464 -1464 -1464 -506 -150 -1020 -952 -2221 -1464 -1464 -1464 -1464 -1464 -194 -1503 -1464 -1464 -1464 -1464 -1254 -1956 -1464 -1464 -1464 -1464 -1569 -793 -1437 -1464 -1464 -1464 -1464 -1131 -1754 -1464 -1464 -1464
-1499 -1464 -1464 -1464 -1464 -1464 -1464 -1464 -1464 -1394 -1256 -1464 -1464 -1464 -1464 -1464 -506 -150 -1020 -952 -2221 -1464 -1464 -1464 -1464 -1464 -194 -1503 -1464 -1464 -1464 -1464 -1254 -1956 -1464 -1464 -1464 -1464 -1569 -793 -1437 -1464 -1464 -1464 -1464 -1131 -1754 -1464 -1464 -1464
-1703 -1276 -1276 -1276 -1276 -1276 -1276 -1276 -1276 -1193 -1131 -1276 -1276 -1276 -1276 -1276 -374 -72 -1105 -1110 -2189 -1276 -1276 -1276 -1276 -1276 -343 -1290 -1276 -1276 -1276 -1276 -1189 -1900 -1276 -1276 -1276 -1276 -1410 -891 -1241 -1276 -1276 -1276 -1276 -1344 -1608 -1276 -1276 -1276
-1372 -1033 -1033 -1033 -1033 -1033 -1033 -1033 -1033 -1020 -854 -1033 -1033 -1033 -1033 -1033 39 -26 -1089 -1355 -1877 -1033 -1033 -1033 -1033 -1033 65 -1070 -1033 -1033 -1033 -1033 -1189 -1683 -1033 -1033 -1033 -1033 -1201 -534 -1003 -1033 -1033 -1033 -1033 -1031 -1614 -1033 -1033 -1033
-1499 -1464 -1464 -1464 -1464 -1464 -1464 -1464 -1464 -1394 -1256 -1464 -1464 -1464 -1464 -1464 -506 -150 -1020 -952 -2221 -1464 -1464 -1464 -1464 -1464 -194 -1503 -1464 -1464 -1464 -1464 -1254 -1956 -1464 -1464 -1464 -1464 -1569 -793 -1437 -1464 -1464 -1464 -1464 -1131 -1754 -1464 -1464 -1464
-1499 -1464 -1464 -1464 -1464 -1464 -1464 -1464 -1464 -1394 -1256 -1464 -1464 -1464 -1464 -1464 -506 -150 -1020 -952 -2221 -1464 -1464 -1464 -1464 -1464 -194 -1503 -1464 -1464 -1464 -1464 -1254 -1956 -1464 -1464 -1464 -1464 -1569 -793 -1437 -1464 -1464 -1464 -1464 -1131 -1754 -1464 -1464 -1464
-1499 -1464 -1464 -1464 -1464 -1464 -1464 -1464 -1464 -1394 -1256 -1464 -1464 -1464 -1464 -1464 -506 -150 -1020 -952 -2221 -1464 -1464 -1464 -1464 -1464 -194 -1503 -1464 -1464 -1464 -1464 -1254 -1956 -1464 -1464 -1464 -1464 -1569 -793 -1437 -1464 -1464 -1464 -1464 -1131 -1754 -1464 -1464 -1464
-1499 -1464 -1464 -1464 -1464 -1464 -1464 -1464 -1464 -1394 -1256 -1464 -1464 -1464 -1464 -1464 -506 -150 -1020 -952 -2221 -1464 -1464 -1464 -1464 -1464 -194 -1503 -1464 -1464 -1464 -1464 -1254 -1956 -1464 -1464 -1464 -1464 -1569 -793 -1437 -1464 -1464 -1464 -1464 -1131 -1754 -1464 -1464 -1464
-1499 -1464 -1464 -1464 -1464 -1464 -1464 -1464 -1464 -1394 -1256 -1464 -1464 -1464 -1464 -1464 -506 -150 -1020 -952 -2221 -1464 -1464 -1464 -1464 -1464 -194 -1503 -1464 -1464 -1464 -1464 -1254 -1956 -1464 -1464 -1464 -1464 -1569 -793 -1437 -1464 -1464 -1464 -1464 -1131 -1754 -1464 -1464 -1464
-1752 -1415 -1415 -1415 -1415 -1415 -1415 -1415 -1415 -1378 -1097 -1415 -1415 -1415 -1415 -1415 -532 -446 -1412 -1523 -2702 -1415 -1415 -1415 -1415 -1415 -379 -1496 -1415 -1415 -1415 -1415 -1157 -2215 -1415 -1415 -1415 -1415 -1601 -1094 -1414 -1415 -1415 -1415 -1415 -1392 -2057 -1415 -1415 -1415
-316 52 52 52 52 52 52 52 52 97 308 52 52 52 52 52 239 213 -349 -383 -597 52 52 52 52 52 -130 -32 52 52 52 52 -26 -349 52 52 52 52 68 -215 37 52 52 52 52 5 -492 52 52 52
-530 -895 -895 -895 -895 -895 -895 -895 -895 -737 -575 -895 -895 -895 -895 -895 -625 -295 -580 -232 -1528 -895 -895 -895 -895 -895 -183 -1026 -895 -895 -895 -895 -597 -1222 -895 -895 -895 -895 -772 -440 -921 -895 -895 -895 -895 -315 -1194 -895 -895 -895
-960 -743 -743 -743 -743 -743 -743 -743 -743 -657 -480 -743 -743 -743 -743 -743 -714 -153 -662 -432 -1925 -743 -743 -743 -743 -743 -351 -826 -743 -743 -743 -743 -754 -1484 -743 -743 -743 -743 -700 -580 -744 -743 -743 -743 -743 -700 -1115 -743 -743 -743
-921 -1010 -1010 -1010 -1010 -1010 -1010 -1010 -1010 -915 -734 -1010 -1010 -1010 -1010 -1010 30 -204 -1041 -1072 -1635 -1010 -1010 -1010 -1010 -1010 33 -1092 -1010 -1010 -1010 -1010 -820 -1586 -1010 -1010 -1010 -1010 -1002 -573 -1001 -1010 -1010 -1010 -1010 -305 -1730 -1010 -1010 -1010
-1499 -1464 -1464 -1464 -1464 -1464 -1464 -1464 -1464 -1394 -1256 -1464 -1464 -1464 -1464 -1464 -506 -150 -1020 -952 -2221 -1464 -1464 -1464 -1464 -1464 -194 -1503 -1464 -1464 -1464 -1464 -1254 -1956 -1464 -1464 -1464 -1464 -1569 -793 -1437 -1464 -1464 -1464 -1464 -1131 -1754 -1464 -1464 -1464
-1499 -1464 -1464 -1464 -1464 -1464 -1464 -1464 -1464 -1394 -1256 -1464 -1464 -1464 -1464 -1464 -506 -150 -1020 -952 -2221 -1464 -1464 -1464 -1464 -1464 -194 -1503 -1464 -1464 -1464 -1464 -1254 -1956 -1464 -1464 -1464 -1464 -1569 -793 -1437 -1464 -1464 -1464 -1464 -1131 -1754 -1464 -1464 -1464
-1499 -1464 -1464 -1464 -1464 -1464 -1464 -1464 -1464 -1394 -1256 -1464 -1464 -1464 -1464 -1464 -506 -150 -1020 -952 -2221 -1464 -1464 -1464 -1464 -1464 -194 -1503 -1464 -1464 -1464 -1464 -1254 -1956 -1464 -1464 -1464 -1464 -1569 -793 -1437 -1464 -1464 -1464 -1464 -1131 -1754 -1464 -1464 -1464
-1499 -1464 -1464 -1464 -1464 -1464 -1464 -1464 -1464 -1394 -1256 -1464 -1464 -1464 -1464 -1464 -506 -150 -1020 -952 -2221 -1464 -1464 -1464 -1464 -1464 -194 -1503 -1464 -1464 -1464 -1464 -1254 -1956 -1464 -1464 -1464 -1464 -1569 -793 -1437 -1464 -1464 -1464 -1464 -1131 -1754 -1464 -1464 -1464
-1499 -1464 -1464 -1464 -1464 -1464 -1464 -1464 -1464 -1394 -1256 -1464 -1464 -1464 -1464 -1464 -506 -150 -1020 -952 -2221 -1464 -1464 -1464 -1464 -1464 -194 -1503 -1464 -1464 -1464 -1464 -1254 -1956 -1464 -1464 -1464 -1464 -1569 -793 -1437 -1464 -1464 -1464 -1464 -1131 -1754 -1464 -1464 -1464
-608 -955 -955 -955 -955 -955 -955 -955 -955 -867 -646 -955 -955 -955 -955 -955 -642 -646 -1045 -1319 -2141 -955 -955 -955 -955 -955 754 -1103 -955 -955 -955 -955 -787 -1567 -955 -955 -955 -955 -1244 47 -989 -955 -955 -955 -955 -1458 -1349 -955 -955 -955
-1433 -1300 -1300 -1300 -1300 -1300 -1300 -1300 -1300 -1268 -1075 -1300 -1300 -1300 -1300 -1300 -418 -51 -966 -938 -2023 -1300 -1300 -1300 -1300 -1300 -240 -1327 -1300 -1300 -1300 -1300 -1226 -1788 -1300 -1300 -1300 -1300 -1398 -724 -1267 -1300 -1300 -1300 -1300 -1042 -1621 -1300 -1300 -1300
-1499 -1464 -1464 -1464 -1464 -1464 -1464 -1464 -1464 -1394 -1256 -1464 -1464 -1464 -1464 -1464 -506 -150 -1020 -952 -2221 -1464 -1464 -1464 -1464 -1464 -194 -1503 -1464 -1464 -1464 -1464 -1254 -1956 -1464 -1464 -1464 -1464 -1569 -793 -1437 -1464 -1464 -1464 -1464 -1131 -1754 -1464 -1464 -1464
-1499 -1464 -1464 -1464 -1464 -1464 -1464 -1464 -1464 -1394 -1256 -1464 -1464 -1464 -1464 -1464 -506 -150 -1020 -952 -2221 -1464 -1464 -1464 -1464 -1464 -194 -1503 -1464 -1464 -1464 -1464 -1254 -1956 -1464 -1464 -1464 -1464 -1569 -793 -1437 -1464 -1464 -1464 -1464 -1131 -1754 -1464 -1464 -1464
-1499 -1464 -1464 -1464 -1464 -1464 -1464 -1464 -1464 -1394 -1256 -1464 -1464 -1464 -1464 -1464 -506 -150 -1020 -952 -2221 -1464 -1464 -1464 -1464 -1464 -194 -1503 -1464 -1464 -1464 -1464 -1254 -1956 -1464 -1464 -1464 -1464 -1569 -793 -1437 -1464 -1464 -1464 -1464 -1131 -1754 -1464 -1464 -1464
-1499 -1464 -1464 -1464 -1464 -1464 -1464 -1464 -1464 -1394 -1256 -1464 -1464 -1464 -1464 -1464 -506 -150 -1020 -952 -2221 -1464 -1464 -1464 -1464 -1464 -194 -1503 -1464 -1464 -1464 -1464 -1254 -1956 -1464 -1464 -1464 -1464 -1569 -793 -1437 -1464 -1464 -1464 -1464 -1131 -1754 -1464 -1464 -1464
-1986 -1321 -1321 -1321 -1321 -1321 -1321 -1321 -1321 -1272 -979 -1321 -1321 -1321 -1321 -1321 -660 -149 -1483 -1531 -3030 -1321 -1321 -1321 -1321 -1321 -523 -1330 -1321 -1321 -1321 -1321 -1464 -2495 -1321 -1321 -1321 -1321 -1495 -1049 -1277 -1321 -1321 -1321 -1321 -1808 -2014 -1321 -1321 -1321
-290 -337 -337 -337 -337 -337 -337 -337 -337 -230 -176 -337 -337 -337 -337 -337 417 151 -364 -372 -680 -337 -337 -337 -337 -337 301 -446 -337 -337 -337 -337 -142 -714 -337 -337 -337 -337 -269 -173 -348 -337 -337 -337 -337 461 -922 -337 -337 -337
-1499 -1464 -1464 -1464 -1464 -1464 -1464 -1464 -1464 -1394 -1256 -1464 -1464 -1464 -1464 -1464 -506 -150 -1020 -952 -2221 -1464 -1464 -1464 -1464 -1464 -194 -1503 -1464 -1464 -1464 -1464 -1254 -1956 -1464 -1464 -1464 -1464 -1569 -793 -1437 -1464 -1464 -1464 -1464 -1131 -1754 -1464 -1464 -1464
-1499 -1464 -1464 -1464 -1464 -1464 -1464 -1464 -1464 -1394 -1256 -1464 -1464 -1464 -1464 -1464 -506 -150 -1020 -952 -2221 -1464 -1464 -1464 -1464 -1464 -194 -1503 -1464 -1464 -1464 -1464 -1254 -1956 -1464 -1464 -1464 -1464 -1569 -793 -1437 -1464 -1464 -1464 -1464 -1131 -1754 -1464 -1464 -1464
-1499 -1464 -1464 -1464 -1464 -1464 -1464 -1464 -1464 -1394 -1256 -1464 -1464 -1464 -1464 -1464 -506 -150 -1020 -952 -2221 -1464 -1464 -1464 -1464 -1464 -194 -1503 -1464 -1464 -1464 -1464 -1254 -1956 -1464 -1464 -1464 -1464 -1569 -793 -1437 -1464 -1464 -1464 -1464 -1131 -1754 -1464 -1464 -1464
-1499 -1464 -1464 -1464 -1464 -1464 -1464 -1464 -1464 -1394 -1256 -1464 -1464 -1464 -1464 -1464 -506 -150 -1020 -952 -2221 -1464 -1464 -1464 -1464 -1464 -194 -1503 -1464 -1464 -1464 -1464 -1254 -1956 -1464 -1464 -1464 -1464 -1569 -793 -1437 -1464 -1464 -1464 -1464 -1131 -1754 -1464 -1464 -1464
-1555 -1337 -1337 -1337 -1337 -1337 -1337 -1337 -1337 -1311 -1228 -1337 -1337 -1337 -1337 -1337 -525 9 -784 -685 -2134 -1337 -1337 -1337 -1337 -1337 -223 -1357 -1337 -1337 -1337 -1337 -1149 -1856 -1337 -1337 -1337 -1337 -1462 -771 -1305 -1337 -1337 -1337 -1337 -1089 -1477 -1337 -1337 -1337
-158 -520 -520 -520 -520 -520 -520 -520 -520 -356 -473 -520 -520 -520 -520 -520 -22 -315 -549 -805 -1176 -520 -520 -520 -520 -520 1173 -680 -520 -520 -520 -520 -310 -920 -520 -520 -520 -520 -715 379 -555 -520 -520 -520 -520 -586 -807 -520 -520 -520
-1435 -1366 -1366 -1366 -1366 -1366 -1366 -1366 -1366 -1307 -1159 -1366 -1366 -1366 -1366 -1366 -461 -101 -977 -928 -2086 -1366 -1366 -1366 -1366 -1366 -186 -1398 -1366 -1366 -1366 -1366 -1218 -1838 -1366 -1366 -1366 -1366 -1469 -725 -1335 -1366 -1366 -1366 -1366 -1101 -1645 -1366 -1366 -1366
-1499 -1464 -1464 -1464 -1464 -1464 -1464 -1464 -1464 -1394 -1256 -1464 -1464 -1464 -1464 -1464 -506 -150 -1020 -952 -2221 -1464 -1464 -1464 -1464 -1464 -194 -1503 -1464 -1464 -1464 -1464 -1254 -1956 -1464 -1464 -1464 -1464 -1569 -793 -1437 -1464 -1464 -1464 -1464 -1131 -1754 -1464 -1464 -1464
-1499 -1464 -1464 -1464 -1464 -1464 -1464 -1464 -1464 -1394 -1256 -1464 -1464 -1464 -1464 -1464 -506 -150 -1020 -952 -2221 -1464 -1464 -1464 -1464 -1464 -194 -1503 -1464 -1464 -1464 -1464 -1254 -1956 -1464 -1464 -1464 -1464 -1569 -793 -1437 -1464 -1464 -1464 -1464 -1131 -1754 -1464 -1464 -1464
-1499 -1464 -1464 -1464 -1464 -1464 -1464 -1464 -1464 -1394 -1256 -1464 -1464 -1464 -1464 -1464 -506 -150 -1020 -952 -2221 -1464 -1464 -1464 -1464 -1464 -194 -1503 -1464 -1464 -1464 -1464 -1254 -1956 -1464 -1464 -1464 -1464 -1569 -793 -1437 -1464 -1464 -1464 -1464 -1131 -1754 -1464 -1464 -1464
-1499 -1464 -1464 -1464 -1464 -1464 -1464 -1464 -1464 -1394 -1256 -1464 -1464 -1464 -1464 -1464 -506 -150 -1020 -952 -2221 -1464 -1464 -1464 -1464 -1464 -194 -1503 -1464 -1464 -1464 -1464 -1254 -1956 -1464 -1464 -1464 -1464 -1569 -793 -1437 -1464 -1464 -1464 -1464 -1131 -1754 -1464 -1464 -1464
-1494 -1729 -1729 -1729 -1729 -1729 -1729 -1729 -1729 -1784 -1312 -1729 -1729 -1729 -1729 -1729 -1553 -429 -930 -728 -3203 -1729 -1729 -1729 -1729 -1729 -417 -1806 -1729 -1729 -1729 -1729 -1416 -2461 -1729 -1729 -1729 -1729 -1905 -919 -1724 -1729 -1729 -1729 -1729 -1596 -1830 -1729 -1729 -1729
-51 -173 -173 -173 -173 -173 -173 -173 -173 -79 -61 -173 -173 -173 -173 -173 312 345 33 212 -258 -173 -173 -173 -173 -173 184 -267 -173 -173 -173 -173 44 -335 -173 -173 -173 -173 -52 -55 -181 -173 -173 -173 -173 701 -505 -173 -173 -173
-1499 -1464 -1464 -1464 -1464 -1464 -1464 -1464 -1464 -1394 -1256 -1464 -1464 -1464 -1464 -1464 -506 -150 -1020 -952 -2221 -1464 -1464 -1464 -1464 -1464 -194 -1503 -1464 -1464 -1464 -1464 -1254 -1956 -1464 -1464 -1464 -1464 -1569 -793 -1437 -1464 -1464 -1464 -1464 -1131 -1754 -1464 -1464 -1464
-1499 -1464 -1464 -1464 -1464 -1464 -1464 -1464 -1464 -1394 -1256 -1464 -1464 -1464 -1464 -1464 -506 -150 -1020 -952 -2221 -1464 -1464 -1464 -1464 -1464 -194 -1503 -1464 -1464 -1464 -1464 -1254 -1956 -1464 -1464 -1464 -1464 -1569 -793 -1437 -1464 -1464 -1464 -1464 -1131 -1754 -1464 -1464 -1464
-1499 -1464 -1464 -1464 -1464 -1464 -1464 -1464 -1464 -1394 -1256 -1464 -1464 -1464 -1464 -1464 -506 -150 -1020 -952 -2221 -1464 -1464 -1464 -1464 -1464 -194 -1503 -1464 -1464 -1464 -1464 -1254 -1956 -1464 -1464 -1464 -1464 -1569 -793 -1437 -1464 -1464 -1464 -1464 -1131 -1754 -1464 -1464 -1464
