1624 -177 -32 -884 -6015 -1461 1744 -537 624 806 2032 -4704 2016 -2126 -2441 -890 401 -423 -1670 3301 2889 5824 -1936 2682 916 -4237 1182 -2942 -4644 1136 -197 1148 2366 -625 -1023 629 -1811 -3537 -1108 -1714 4477 1919 2787 1378 1480 416 -487 548 -206 -181 3815 975 703 1939 -3485 -630 -727 906 -2034 1918 1048 2439 837 -2206
630 3357 -1000 185 -6520 -1872 1382 -3480 2466 2727 2188 -3093 -2003 -2513 -1077 -3198 1131 1173 -2666 4022 2897 4185 1285 3524 1747 -6503 3614 -5110 -998 1460 467 -1484 919 -2505 216 2149 -2929 -3027 608 -729 6694 1961 -861 2255 -218 -558 1717 -1656 544 31 4614 1996 -850 751 -3089 1620 497 2172 -4421 3755 1945 1779 -676 -1122
630 3357 -1000 185 -6520 -1872 1382 -3480 2466 2727 2188 -3093 -2003 -2513 -1077 -3198 1131 1173 -2666 4022 2897 4185 1285 3524 1747 -6503 3614 -5110 -998 1460 467 -1484 919 -2505 216 2149 -2929 -3027 608 -729 6694 1961 -861 2255 -218 -558 1717 -1656 544 31 4614 1996 -850 751 -3089 1620 497 2172 -4421 3755 1945 1779 -676 -1122
630 3357 -1000 185 -6520 -1872 1382 -3480 2466 2727 2188 -3093 -2003 -2513 -1077 -3198 1131 1173 -2666 4022 2897 4185 1285 3524 1747 -6503 3614 -5110 -998 1460 467 -1484 919 -2505 216 2149 -2929 -3027 608 -729 6694 1961 -861 2255 -218 -558 1717 -1656 544 31 4614 1996 -850 751 -3089 1620 497 2172 -4421 3755 1945 1779 -676 -1122
630 3357 -1000 185 -6520 -1872 1382 -3480 2466 2727 2188 -3093 -2003 -2513 -1077 -3198 1131 1173 -2666 4022 2897 4185 1285 3524 1747 -6503 3614 -5110 -998 1460 467 -1484 919 -2505 216 2149 -2929 -3027 608 -729 6694 1961 -861 2255 -218 -558 1717 -1656 544 31 4614 1996 -850 751 -3089 1620 497 2172 -4421 3755 1945 1779 -676 -1122
630 3357 -1000 185 -6520 -1872 1382 -3480 2466 2727 2188 -3093 -2003 -2513 -1077 -3198 1131 1173 -2666 4022 2897 4185 1285 3524 1747 -6503 3614 -5110 -998 1460 467 -1484 919 -2505 216 2149 -2929 -3027 608 -729 6694 1961 -861 2255 -218 -558 1717 -1656 544 31 4614 1996 -850 751 -3089 1620 497 2172 -4421 3755 1945 1779 -676 -1122
630 3357 -1000 185 -6520 -1872 1382 -3480 2466 2727 2188 -3093 -2003 -2513 -1077 -3198 1131 1173 -2666 4022 2897 4185 1285 3524 1747 -6503 3614 -5110 -998 1460 467 -1484 919 -2505 216 2149 -2929 -3027 608 -729 6694 1961 -861 2255 -218 -558 1717 -1656 544 31 4614 1996 -850 751 -3089 1620 497 2172 -4421 3755 1945 1779 -676 -1122
630 3357 -1000 185 -6520 -1872 1382 -3480 2466 2727 2188 -3093 -2003 -2513 -1077 -3198 1131 1173 -2666 4022 2897 4185 1285 3524 1747 -6503 3614 -5110 -998 1460 467 -1484 919 -2505 216 2149 -2929 -3027 608 -729 6694 1961 -861 2255 -218 -558 1717 -1656 544 31 4614 1996 -850 751 -3089 1620 497 2172 -4421 3755 1945 1779 -676 -1122
630 3357 -1000 185 -6520 -1872 1382 -3480 2466 2727 2188 -3093 -2003 -2513 -1077 -3198 1131 1173 -2666 4022 2897 4185 1285 3524 1747 -6503 3614 -5110 -998 1460 467 -1484 919 -2505 216 2149 -2929 -3027 608 -729 6694 1961 -861 2255 -218 -558 1717 -1656 544 31 4614 1996 -850 751 -3089 1620 497 2172 -4421 3755 1945 1779 -676 -1122
954 2840 -512 656 -4622 -1499 1262 -3830 1465 1147 1502 -2187 -1653 -2988 -694 -3838 850 1033 -2402 4224 3834 4734 1145 3325 876 -6398 3373 -4121 -1774 1208 336 -2064 28 -2714 97 2685 -3962 -3294 1299 -1269 6856 3275 -806 1760 -426 251 1367 -2760 441 692 4582 698 -1551 109 -3609 1617 -526 1601 -5138 2207 2398 2718 -1185 -1338
231 3980 495 1265 -5421 -2875 1762 -3623 2569 1243 1783 -2126 -1057 -2652 -95 -2688 1807 1213 -776 3711 2538 4904 -260 3618 1317 -6577 3445 -3953 -1778 1837 431 -2175 864 -2503 -224 3091 -4588 -2680 1644 -658 6081 2729 -170 2245 -691 -565 2738 -1836 606 -50 4121 1265 -1785 857 -3498 1477 -539 2067 -5198 1861 2315 2046 -1130 -1844
630 3357 -1000 185 -6520 -1872 1382 -3480 2466 2727 2188 -3093 -2003 -2513 -1077 -3198 1131 1173 -2666 4022 2897 4185 1285 3524 1747 -6503 3614 -5110 -998 1460 467 -1484 919 -2505 216 2149 -2929 -3027 608 -729 6694 1961 -861 2255 -218 -558 1717 -1656 544 31 4614 1996 -850 751 -3089 1620 497 2172 -4421 3755 1945 1779 -676 -1122
630 3357 -1000 185 -6520 -1872 1382 -3480 2466 2727 2188 -3093 -2003 -2513 -1077 -3198 1131 1173 -2666 4022 2897 4185 1285 3524 1747 -6503 3614 -5110 -998 1460 467 -1484 919 -2505 216 2149 -2929 -3027 608 -729 6694 1961 -861 2255 -218 -558 1717 -1656 544 31 4614 1996 -850 751 -3089 1620 497 2172 -4421 3755 1945 1779 -676 -1122
630 3357 -1000 185 -6520 -1872 1382 -3480 2466 2727 2188 -3093 -2003 -2513 -1077 -3198 1131 1173 -2666 4022 2897 4185 1285 3524 1747 -6503 3614 -5110 -998 1460 467 -1484 919 -2505 216 2149 -2929 -3027 608 -729 6694 1961 -861 2255 -218 -558 1717 -1656 544 31 4614 1996 -850 751 -3089 1620 497 2172 -4421 3755 1945 1779 -676 -1122
630 3357 -1000 185 -6520 -1872 1382 -3480 2466 2727 2188 -3093 -2003 -2513 -1077 -3198 1131 1173 -2666 4022 2897 4185 1285 3524 1747 -6503 3614 -5110 -998 1460 467 -1484 919 -2505 216 2149 -2929 -3027 608 -729 6694 1961 -861 2255 -218 -558 1717 -1656 544 31 4614 1996 -850 751 -3089 1620 497 2172 -4421 3755 1945 1779 -676 -1122
630 3357 -1000 185 -6520 -1872 1382 -3480 2466 2727 2188 -3093 -2003 -2513 -1077 -3198 1131 1173 -2666 4022 2897 4185 1285 3524 1747 -6503 3614 -5110 -998 1460 467 -1484 919 -2505 216 2149 -2929 -3027 608 -729 6694 1961 -861 2255 -218 -558 1717 -1656 544 31 4614 1996 -850 751 -3089 1620 497 2172 -4421 3755 1945 1779 -676 -1122
-1452 1750 -2715 -772 -5777 -3981 4075 -2024 793 2427 526 -320 -2104 -2825 -2473 -320 1445 1040 146 4660 1328 4169 1455 2831 2917 -5657 1312 -5188 439 4302 542 -769 1381 -2458 -1365 -1059 -2382 -1148 423 -384 6147 2711 -1957 576 819 -2274 950 -347 182 2363 2696 -937 -444 870 -2835 165 1041 2896 -2416 4668 1231 1098 -1011 -2927
-2201 -1402 -3253 1649 -3764 -2343 840 -1403 -237 4860 -665 -2763 -142 -1869 -1454 1042 561 -235 643 2795 1222 2104 474 884 1948 -4292 -485 -5731 -87 1439 -452 2384 -444 -1923 -768 -2830 1993 -1737 -1956 -433 662 -183 660 -1566 2977 -3505 -99 -1177 495 429 2472 -1682 2154 663 -1011 -2163 235 920 1624 4972 -416 1039 547 -206
-339 -1323 -2470 826 -5469 -326 -433 -1502 -1256 5211 305 -4529 734 -718 -1303 -255 -105 -860 579 869 963 2471 621 936 1227 -2460 -564 -3239 -1349 -1123 -1148 4216 1473 -594 218 -1887 3048 -1957 -2364 -413 1262 -1354 1675 -771 2658 -2257 -717 -113 173 -418 3546 1094 3057 663 -427 -2346 782 -308 2100 5260 -2243 956 519 -338
365 -3297 -1231 -439 -1281 1344 -1319 -2771 -3974 2398 -1756 -4044 1280 -1066 -1045 -774 -812 -2306 1110 877 1852 3377 378 868 -494 -1612 -1620 290 -2847 -2463 -2398 4310 132 359 557 -2771 2345 -2137 -2584 -1912 -84 586 1396 -2196 1961 -945 -1401 -797 -1359 524 4267 -959 2317 812 -1464 -3611 -733 -2125 1848 3245 -2483 2158 -291 -671
943 2356 -1397 3 -8060 -258 -2161 -4987 2740 1186 2243 -3265 213 -2573 -814 -1381 2932 351 -1331 3860 4701 5614 475 3911 2479 -3554 4836 -4122 -2036 1275 2825 1253 2613 898 91 1146 -3111 -2563 513 474 6225 2160 912 -220 -805 -894 2483 1710 512 -2694 5050 4535 -1257 -6 -2206 -1466 39 1229 -3874 3619 -663 2755 -283 -2207
630 3357 -1000 185 -6520 -1872 1382 -3480 2466 2727 2188 -3093 -2003 -2513 -1077 -3198 1131 1173 -2666 4022 2897 4185 1285 3524 1747 -6503 3614 -5110 -998 1460 467 -1484 919 -2505 216 2149 -2929 -3027 608 -729 6694 1961 -861 2255 -218 -558 1717 -1656 544 31 4614 1996 -850 751 -3089 1620 497 2172 -4421 3755 1945 1779 -676 -1122
630 3357 -1000 185 -6520 -1872 1382 -3480 2466 2727 2188 -3093 -2003 -2513 -1077 -3198 1131 1173 -2666 4022 2897 4185 1285 3524 1747 -6503 3614 -5110 -998 1460 467 -1484 919 -2505 216 2149 -2929 -3027 608 -729 6694 1961 -861 2255 -218 -558 1717 -1656 544 31 4614 1996 -850 751 -3089 1620 497 2172 -4421 3755 1945 1779 -676 -1122
630 3357 -1000 185 -6520 -1872 1382 -3480 2466 2727 2188 -3093 -2003 -2513 -1077 -3198 1131 1173 -2666 4022 2897 4185 1285 3524 1747 -6503 3614 -5110 -998 1460 467 -1484 919 -2505 216 2149 -2929 -3027 608 -729 6694 1961 -861 2255 -218 -558 1717 -1656 544 31 4614 1996 -850 751 -3089 1620 497 2172 -4421 3755 1945 1779 -676 -1122
630 3357 -1000 185 -6520 -1872 1382 -3480 2466 2727 2188 -3093 -2003 -2513 -1077 -3198 1131 1173 -2666 4022 2897 4185 1285 3524 1747 -6503 3614 -5110 -998 1460 467 -1484 919 -2505 216 2149 -2929 -3027 608 -729 6694 1961 -861 2255 -218 -558 1717 -1656 544 31 4614 1996 -850 751 -3089 1620 497 2172 -4421 3755 1945 1779 -676 -1122
630 3357 -1000 185 -6520 -1872 1382 -3480 2466 2727 2188 -3093 -2003 -2513 -1077 -3198 1131 1173 -2666 4022 2897 4185 1285 3524 1747 -6503 3614 -5110 -998 1460 467 -1484 919 -2505 216 2149 -2929 -3027 608 -729 6694 1961 -861 2255 -218 -558 1717 -1656 544 31 4614 1996 -850 751 -3089 1620 497 2172 -4421 3755 1945 1779 -676 -1122
353 -189 -116 -1979 -3719 -3542 5026 1644 -551 1247 1814 -1680 803 -57 -114 1141 -2338 1209 562 3148 -284 4354 -2090 1029 1567 -3246 -1077 -1957 -2918 2418 -1261 -848 1692 -2491 -1863 1165 -857 228 1450 -406 4792 1325 1285 2391 1573 -867 -368 -328 -256 2986 761 -1097 1276 1648 -1865 -465 690 2612 -1413 413 2072 1227 -49 -3632
451 2703 -1385 107 -6443 -1655 919 -3969 2456 2528 2265 -3127 -1747 -2584 -1686 -3129 1540 578 -2728 3995 3076 4131 1396 3795 1617 -6928 3780 -5097 -629 1242 1188 -1135 469 -2256 168 1593 -2673 -3549 320 -878 6562 2101 -643 2104 -286 -689 1190 -1475 271 -731 5041 1989 -780 980 -3457 1299 -21 1974 -3682 4434 1887 1973 -540 -1108
630 3357 -1000 185 -6520 -1872 1382 -3480 2466 2727 2188 -3093 -2003 -2513 -1077 -3198 1131 1173 -2666 4022 2897 4185 1285 3524 1747 -6503 3614 -5110 -998 1460 467 -1484 919 -2505 216 2149 -2929 -3027 608 -729 6694 1961 -861 2255 -218 -558 1717 -1656 544 31 4614 1996 -850 751 -3089 1620 497 2172 -4421 3755 1945 1779 -676 -1122
630 3357 -1000 185 -6520 -1872 1382 -3480 2466 2727 2188 -3093 -2003 -2513 -1077 -3198 1131 1173 -2666 4022 2897 4185 1285 3524 1747 -6503 3614 -5110 -998 1460 467 -1484 919 -2505 216 2149 -2929 -3027 608 -729 6694 1961 -861 2255 -218 -558 1717 -1656 544 31 4614 1996 -850 751 -3089 1620 497 2172 -4421 3755 1945 1779 -676 -1122
630 3357 -1000 185 -6520 -1872 1382 -3480 2466 2727 2188 -3093 -2003 -2513 -1077 -3198 1131 1173 -2666 4022 2897 4185 1285 3524 1747 -6503 3614 -5110 -998 1460 467 -1484 919 -2505 216 2149 -2929 -3027 608 -729 6694 1961 -861 2255 -218 -558 1717 -1656 544 31 4614 1996 -850 751 -3089 1620 497 2172 -4421 3755 1945 1779 -676 -1122
630 3357 -1000 185 -6520 -1872 1382 -3480 2466 2727 2188 -3093 -2003 -2513 -1077 -3198 1131 1173 -2666 4022 2897 4185 1285 3524 1747 -6503 3614 -5110 -998 1460 467 -1484 919 -2505 216 2149 -2929 -3027 608 -729 6694 1961 -861 2255 -218 -558 1717 -1656 544 31 4614 1996 -850 751 -3089 1620 497 2172 -4421 3755 1945 1779 -676 -1122
1813 2227 1411 -442 -1017 -578 618 -3687 -1002 -136 896 -2490 -1106 -1702 285 -4241 -1156 1125 -2087 2856 3657 6748 252 4044 24 -5067 1363 4 -3295 -1523 -1712 -520 -104 -2574 815 3526 -4921 -2056 444 -1883 5078 3225 -338 1400 -1871 1615 403 -3307 -398 1448 5874 392 -512 552 -3598 1142 -2008 57 -3982 1657 2443 4246 -877 -1549
347 2102 -1846 1663 -7586 -496 -2874 -3979 2705 3702 1293 -4438 -4 -2317 -211 -1261 3171 1136 -1369 2995 4962 4752 457 2531 2208 -3337 3610 -5853 -2330 889 1540 1869 1473 23 924 857 -764 -3133 -1105 366 3515 1021 1418 -1184 147 -1561 2016 989 1666 -2481 4472 4240 46 -189 -1888 -1777 213 543 -3081 4613 -1066 2038 -592 -502
630 3357 -1000 185 -6520 -1872 1382 -3480 2466 2727 2188 -3093 -2003 -2513 -1077 -3198 1131 1173 -2666 4022 2897 4185 1285 3524 1747 -6503 3614 -5110 -998 1460 467 -1484 919 -2505 216 2149 -2929 -3027 608 -729 6694 1961 -861 2255 -218 -558 1717 -1656 544 31 4614 1996 -850 751 -3089 1620 497 2172 -4421 3755 1945 1779 -676 -1122
630 3357 -1000 185 -6520 -1872 1382 -3480 2466 2727 2188 -3093 -2003 -2513 -1077 -3198 1131 1173 -2666 4022 2897 4185 1285 3524 1747 -6503 3614 -5110 -998 1460 467 -1484 919 -2505 216 2149 -2929 -3027 608 -729 6694 1961 -861 2255 -218 -558 1717 -1656 544 31 4614 1996 -850 751 -3089 1620 497 2172 -4421 3755 1945 1779 -676 -1122
630 3357 -1000 185 -6520 -1872 1382 -3480 2466 2727 2188 -3093 -2003 -2513 -1077 -3198 1131 1173 -2666 4022 2897 4185 1285 3524 1747 -6503 3614 -5110 -998 1460 467 -1484 919 -2505 216 2149 -2929 -3027 608 -729 6694 1961 -861 2255 -218 -558 1717 -1656 544 31 4614 1996 -850 751 -3089 1620 497 2172 -4421 3755 1945 1779 -676 -1122
630 3357 -1000 185 -6520 -1872 1382 -3480 2466 2727 2188 -3093 -2003 -2513 -1077 -3198 1131 1173 -2666 4022 2897 4185 1285 3524 1747 -6503 3614 -5110 -998 1460 467 -1484 919 -2505 216 2149 -2929 -3027 608 -729 6694 1961 -861 2255 -218 -558 1717 -1656 544 31 4614 1996 -850 751 -3089 1620 497 2172 -4421 3755 1945 1779 -676 -1122
884 2888 -670 232 -5166 -1272 1498 -4308 1495 1477 1816 -3089 -1745 -3024 -1308 -3482 1391 533 -2351 4161 3626 4314 1273 3492 978 -6895 3409 -4205 -1469 1431 228 -1653 620 -2291 185 1899 -3691 -3356 795 -1416 6808 2971 -1154 2054 -113 -89 1494 -2200 116 308 4916 1409 -1402 563 -3597 995 -37 1584 -4926 3107 2121 2554 -1176 -947
-176 556 -83 -390 -5500 -3998 3369 963 580 2909 1501 -3243 617 -1044 924 1598 -165 2201 890 4098 1367 4742 -2097 257 1858 -2990 -43 -4372 -3539 3632 -661 -700 1674 -1736 -1476 809 -9 -826 841 -182 3983 1428 1698 943 1651 -2209 1160 473 840 2597 968 663 485 1006 -1727 -1361 1761 2162 -3149 789 483 611 -1304 -2879
541 3151 -1137 153 -6356 -1845 1295 -3619 2486 2611 2231 -3127 -1916 -2545 -1257 -3093 1202 957 -2715 4068 2970 4155 1242 3599 1756 -6733 3693 -5172 -833 1427 710 -1469 654 -2505 194 1990 -2883 -3178 537 -823 6614 2033 -813 2240 -270 -588 1464 -1699 462 -174 4683 1937 -816 848 -3229 1538 286 2159 -4191 3910 2053 1844 -542 -1071
630 3357 -1000 185 -6520 -1872 1382 -3480 2466 2727 2188 -3093 -2003 -2513 -1077 -3198 1131 1173 -2666 4022 2897 4185 1285 3524 1747 -6503 3614 -5110 -998 1460 467 -1484 919 -2505 216 2149 -2929 -3027 608 -729 6694 1961 -861 2255 -218 -558 1717 -1656 544 31 4614 1996 -850 751 -3089 1620 497 2172 -4421 3755 1945 1779 -676 -1122
630 3357 -1000 185 -6520 -1872 1382 -3480 2466 2727 2188 -3093 -2003 -2513 -1077 -3198 1131 1173 -2666 4022 2897 4185 1285 3524 1747 -6503 3614 -5110 -998 1460 467 -1484 919 -2505 216 2149 -2929 -3027 608 -729 6694 1961 -861 2255 -218 -558 1717 -1656 544 31 4614 1996 -850 751 -3089 1620 497 2172 -4421 3755 1945 1779 -676 -1122
630 3357 -1000 185 -6520 -1872 1382 -3480 2466 2727 2188 -3093 -2003 -2513 -1077 -3198 1131 1173 -2666 4022 2897 4185 1285 3524 1747 -6503 3614 -5110 -998 1460 467 -1484 919 -2505 216 2149 -2929 -3027 608 -729 6694 1961 -861 2255 -218 -558 1717 -1656 544 31 4614 1996 -850 751 -3089 1620 497 2172 -4421 3755 1945 1779 -676 -1122
630 3357 -1000 185 -6520 -1872 1382 -3480 2466 2727 2188 -3093 -2003 -2513 -1077 -3198 1131 1173 -2666 4022 2897 4185 1285 3524 1747 -6503 3614 -5110 -998 1460 467 -1484 919 -2505 216 2149 -2929 -3027 608 -729 6694 1961 -861 2255 -218 -558 1717 -1656 544 31 4614 1996 -850 751 -3089 1620 497 2172 -4421 3755 1945 1779 -676 -1122
309 1911 -1518 -1730 -3911 -1229 2932 -3310 -1130 2458 1443 -4788 -104 -2328 -2700 -1127 -1469 -815 -857 3069 576 4770 1186 3946 1248 -5591 821 -1913 -810 536 -2644 1264 3033 -1646 -850 -829 -3070 -678 -915 -1141 5089 1533 -2147 1476 750 -433 662 -1069 -1008 1613 4584 802 1277 2648 -1667 -1545 571 1791 -972 4168 650 2460 580 -1918
271 558 -2000 1682 -6840 10 -2571 -3100 1827 5088 1016 -5319 -44 -1230 -540 -1942 1979 572 -2214 2020 3979 3275 1152 1595 1367 -3506 2964 -5692 -2186 -580 1252 2098 -6 -326 1217 667 2203 -4173 -2159 -342 2358 364 1673 -184 533 -1481 -143 214 1254 -2502 4805 4074 1057 -207 -1804 -1132 580 -126 -1023 5655 -1435 1753 -553 258
630 3357 -1000 185 -6520 -1872 1382 -3480 2466 2727 2188 -3093 -2003 -2513 -1077 -3198 1131 1173 -2666 4022 2897 4185 1285 3524 1747 -6503 3614 -5110 -998 1460 467 -1484 919 -2505 216 2149 -2929 -3027 608 -729 6694 1961 -861 2255 -218 -558 1717 -1656 544 31 4614 1996 -850 751 -3089 1620 497 2172 -4421 3755 1945 1779 -676 -1122
630 3357 -1000 185 -6520 -1872 1382 -3480 2466 2727 2188 -3093 -2003 -2513 -1077 -3198 1131 1173 -2666 4022 2897 4185 1285 3524 1747 -6503 3614 -5110 -998 1460 467 -1484 919 -2505 216 2149 -2929 -3027 608 -729 6694 1961 -861 2255 -218 -558 1717 -1656 544 31 4614 1996 -850 751 -3089 1620 497 2172 -4421 3755 1945 1779 -676 -1122
630 3357 -1000 185 -6520 -1872 1382 -3480 2466 2727 2188 -3093 -2003 -2513 -1077 -3198 1131 1173 -2666 4022 2897 4185 1285 3524 1747 -6503 3614 -5110 -998 1460 467 -1484 919 -2505 216 2149 -2929 -3027 608 -729 6694 1961 -861 2255 -218 -558 1717 -1656 544 31 4614 1996 -850 751 -3089 1620 497 2172 -4421 3755 1945 1779 -676 -1122
