191 295 -106 -365 90 -397 -193 465 -135 463 262 -512 413 -283 -313 327 -227 -134 -499 495 -98 22 23 -128 -493 -149 -55 297 4 251 323 368 419 308 -484 161 485 366 -377 142 -280 137 227 -446 236 -21 -219 306 -291 139 -159 285 263 -332 127 423 -162 -12 497 -175 233 244 -221 179
238 -88 85 -44 98 -500 407 378 -264 135 40 107 -231 12 -299 -213 218 475 -234 147 357 100 130 -165 -384 -93 335 30 -369 481 -359 -122 -76 449 -133 -344 -231 335 232 227 -500 -364 81 193 -146 -318 148 -474 306 148 -170 194 -113 284 102 -296 139 -156 112 156 -321 77 151 268
-353 -195 402 74 -120 351 29 -465 496 54 484 -363 -453 15 70 -430 313 160 222 -469 420 -376 -197 -503 -353 -352 380 401 155 -92 -410 -227 486 242 -447 -159 -345 412 -277 437 -478 311 -209 271 -120 -404 219 -16 -146 -431 483 97 -20 -389 82 183 410 57 4 20 315 -23 -159 186
206 284 237 -220 239 -164 -29 -212 291 291 459 95 249 435 -26 90 -327 406 167 191 -291 313 -467 88 -408 413 432 -318 512 149 -68 177 -126 -406 -260 31 271 -124 -42 0 -51 -406 19 -332 -35 181 88 -137 -87 169 -36 322 -212 -295 132 -163 422 103 175 -69 264 -186 91 417
-68 278 371 163 -108 203 99 189 480 -69 284 -253 447 -132 262 165 198 -9 433 -192 8 275 -12 37 18 -200 -59 -237 269 179 -320 -337 -472 405 473 -423 -258 102 299 -413 -428 233 -272 97 273 -67 -339 104 18 -412 -96 512 55 26 -292 -169 -187 -336 -497 -53 429 129 112 419
332 -101 94 429 27 341 -76 69 -323 -328 -47 148 -42 333 -294 315 507 -446 20 111 171 240 413 -489 17 231 193 -354 -406 465 -162 127 -220 202 108 -136 -477 200 216 263 -357 246 331 137 315 -129 263 268 221 -86 39 82 -198 393 162 -174 -69 237 170 -459 -185 392 108 -226
116 56 511 -245 -347 353 -10 4 -119 266 455 -223 13 29 504 -304 -430 -385 -282 -197 -480 98 441 -26 15 -228 -60 418 -295 91 266 422 409 495 -465 -343 341 -109 198 -275 -335 118 -53 -136 -328 464 -476 412 -254 184 -104 -361 440 432 158 -159 14 -63 -151 -356 300 -287 452 63
-386 438 126 -358 -461 -95 -469 381 71 381 -311 217 -505 -390 130 35 412 -412 426 424 415 -18 502 490 -186 106 240 -177 316 373 -232 -501 487 382 251 -271 12 -285 -487 -494 -28 246 266 -401 403 -200 -129 30 -290 110 28 -189 269 -356 302 -456 14 -272 -110 -320 -1 280 -63 -421
462 -225 -315 -322 -371 -9 109 360 339 93 -318 416 -423 507 354 -423 94 478 181 318 -245 -283 -488 114 -55 294 94 -469 297 -505 446 85 467 8 100 -437 372 -453 -497 418 -258 -233 72 392 -154 490 -205 317 84 -445 136 -454 56 400 429 -326 -312 317 246 -91 -279 -383 429 -86
-253 453 -2 4 -293 -268 29 -221 -236 279 460 197 -92 42 111 205 -355 452 66 234 39 439 310 271 -207 -238 -426 -226 485 268 430 57 -141 194 470 509 237 119 489 174 398 379 -430 -101 -384 -472 -182 -199 172 -387 316 -136 53 504 -414 434 -235 -99 -369 78 -403 -53 -75 -449
70 -430 329 -254 198 104 127 210 370 -408 -362 -486 -52 -313 0 -329 36 -369 -430 325 320 140 -12 290 458 151 -116 -447 179 -32 257 212 -312 -31 49 -17 484 -93 69 113 474 392 47 353 179 486 404 -74 -272 -495 -159 -315 236 -99 -397 215 -249 77 -95 202 122 -310 -332 63
109 25 -236 -110 455 28 326 -201 169 453 -12 -466 207 499 -497 -506 -327 453 506 118 76 -84 72 -453 484 -428 97 303 -325 -71 205 311 -334 221 -417 458 85 -331 401 365 267 -283 123 -242 -498 200 -392 229 242 145 195 -371 98 -365 181 13 27 -285 98 -141 -105 228 -486 -368
-23 319 208 325 -230 396 -62 -239 60 435 -139 120 -313 393 -109 33 -42 -370 -327 -184 382 408 -285 -470 320 309 364 505 -40 483 -469 -289 -15 -313 498 176 211 -439 -179 -225 276 -320 251 509 116 -199 194 -389 -209 -182 148 7 -93 274 -355 -43 328 -370 -454 -401 46 219 474 213
486 272 -191 9 -448 -219 -6 500 -223 231 402 454 29 -83 293 257 -444 396 -253 459 130 -147 -233 484 -55 -265 -31 280 -220 366 -230 393 -271 376 -166 -92 -473 460 237 9 -369 438 348 -103 126 161 -368 376 318 -180 348 -409 -76 -149 390 362 -372 183 399 128 345 181 261 -485
-243 -497 -396 437 287 -24 458 63 240 -67 6 -381 141 375 -450 163 30 345 -177 -46 326 411 -254 335 324 -13 -312 -436 -285 -274 -202 -125 291 279 -451 297 126 369 474 -6 117 472 120 311 -294 -228 420 -266 -348 262 286 490 56 -134 -225 28 199 321 113 289 467 486 -23 478
-260 201 119 104 464 241 339 -445 130 368 165 -352 -335 -400 275 -249 -219 116 148 118 412 -208 44 4 341 -66 21 -163 360 -480 -336 166 -165 -102 -427 381 482 -284 -118 -439 -113 17 359 -215 346 -390 -261 461 -380 -94 264 111 72 -6 -276 -480 -432 33 500 431 501 -454 -410 486
-489 -358 368 -89 -308 17 14 -13 -104 -303 -295 -336 188 69 -170 -404 456 -178 114 154 67 -241 134 48 -366 327 -510 327 454 485 378 -479 203 32 245 288 374 296 275 420 -256 -177 -199 -151 -377 -317 367 172 466 -450 -55 24 -358 -315 -413 -366 -45 400 327 337 153 -238 -283 -307
380 214 -191 54 391 75 -332 105 -316 -78 463 153 -46 -208 494 210 -233 -50 115 -155 -332 -131 306 -337 -115 381 411 325 -46 1 -332 -224 -8 -436 -469 -321 -43 313 -340 158 -66 254 -72 198 270 497 358 100 509 512 70 403 -174 306 -35 -483 34 22 494 -438 -459 -105 72 142
57 241 141 45 -169 -192 399 -282 206 -67 -89 -188 -450 -501 -20 -504 49 -337 -394 404 -324 -103 -426 -127 -136 411 192 -158 90 -180 380 -209 150 245 -107 -300 -242 -122 360 118 379 -504 -392 147 326 389 -263 349 -396 -469 -46 -323 -463 303 -463 -255 452 -149 -289 -240 -402 -497 -245 238
485 166 -18 -16 -318 67 273 -286 -100 55 -64 -52 283 134 98 -104 -89 17 142 -249 -205 -16 -225 485 -24 131 -215 195 444 494 -246 134 24 464 -76 424 160 -418 -215 298 46 -302 -384 415 -358 353 -59 498 335 511 3 -464 124 492 67 345 44 -192 -2 -14 343 208 -172 -249
340 29 269 124 43 511 118 -322 -498 300 -11 -356 -446 288 502 428 390 437 134 -117 85 -194 91 425 475 115 346 -215 304 -419 -506 -436 5 -29 196 421 -414 64 436 -464 354 -356 -314 -387 91 -436 233 102 282 281 7 62 235 477 436 -210 422 131 381 180 82 17 456 -390
-469 150 -269 75 -139 125 -161 -445 -198 -501 64 1 205 -250 259 71 -107 458 498 265 444 168 -406 -168 -373 355 478 184 -187 56 -169 -110 270 -9 443 -360 252 390 235 302 71 -264 223 -225 -104 -194 -279 -249 249 412 -212 175 -370 152 -273 -434 487 -221 -299 -288 42 -403 371 156
-40 -24 118 -255 254 402 483 -48 -343 -168 -252 -209 -45 -414 -319 -206 -381 -276 310 -91 122 366 -101 -472 437 100 -95 -250 19 -454 427 -301 -148 409 -97 -316 32 52 -21 304 -502 -77 -462 -342 -403 -476 139 356 18 -469 -172 441 -187 294 -53 -483 506 152 -161 214 385 371 -256 24
-32 -379 306 293 173 262 73 208 -409 87 -328 -135 168 -339 65 -396 -170 -180 47 -106 -367 -14 47 401 -451 -380 271 380 -130 -419 -22 296 55 -138 -93 494 172 -69 51 -279 314 -244 -135 23 -139 -278 -410 -45 -303 -360 365 -131 177 186 86 -148 265 -30 2 480 -303 476 89 270
-209 -14 -484 -97 -15 -134 -274 110 487 512 -456 370 -45 -55 -99 230 -199 249 263 84 382 360 476 441 101 330 199 223 -39 -20 -12 334 -214 509 -119 -431 67 358 -142 479 84 369 -139 -276 346 127 368 336 -452 158 -44 -379 71 -259 -478 107 -377 -199 187 -305 -189 185 468 262
61 446 477 -204 398 152 -127 97 258 -91 475 -106 -364 -376 395 -69 19 232 -236 121 280 -413 -369 -457 28 -110 -79 119 -128 446 -122 -463 146 -498 -476 -342 47 -421 -146 -333 145 -298 442 362 373 510 415 -336 238 142 364 116 -204 291 -96 65 225 -444 -32 -374 -255 343 -184 -509
321 -32 61 115 152 199 296 342 -308 212 -3 498 366 79 99 291 -121 -470 -58 -293 -202 -479 -190 352 230 -276 342 -332 -323 -454 -79 443 -483 -300 -214 277 203 -21 -143 259 -43 -70 -358 127 378 -136 -458 -219 -456 -178 -201 477 -246 -272 416 370 427 97 353 -160 -41 -338 -178 -508
193 35 -308 87 279 -139 -131 352 265 270 -182 374 -342 110 -217 -154 -356 161 -39 -484 -144 488 -88 510 408 126 -509 -13 434 43 447 -56 299 -473 163 -188 -439 -328 -300 450 -297 75 -26 385 479 -254 -65 28 7 305 -190 -373 -441 -286 136 -91 447 511 26 397 -99 140 58 -54
314 160 253 200 -205 175 394 -186 -251 251 358 461 265 267 -511 -146 -223 -375 349 -8 256 -248 -485 73 -502 438 363 254 55 -429 -455 -58 228 -165 34 -227 254 57 162 -367 196 271 77 33 -406 261 371 -479 310 150 -219 363 -464 69 94 295 -155 -329 192 55 -281 226 364 363
389 437 398 431 -18 -216 134 -368 -192 224 -340 262 238 250 147 426 -183 329 348 248 356 -93 -88 -274 -185 65 415 227 -95 283 325 -126 -508 253 70 -149 -55 -105 141 100 -176 -186 -329 -86 388 -371 231 433 -401 349 -443 505 417 327 -204 296 -251 -501 -419 7 -327 356 104 115
-377 223 -11 -263 26 -244 437 -461 93 -187 306 149 256 261 -341 -276 173 -3 439 -446 -85 164 268 157 -301 -508 -56 -251 -357 -201 -61 -45 268 357 255 -429 -488 509 364 -379 -228 498 -170 -80 472 -449 -507 -451 -491 8 210 -70 -270 22 -410 -325 -36 -183 -452 -129 -469 -200 18 -144
319 50 237 -62 99 400 448 321 -286 372 242 -82 164 387 -434 411 289 11 173 -413 -231 128 365 -115 14 -361 185 460 216 216 -66 458 496 61 -432 -327 199 297 125 -342 64 -493 458 -316 407 -137 24 0 166 406 -231 366 -143 329 388 330 265 260 326 -15 451 -348 189 -230
327 444 -75 -75 -266 -250 108 169 191 -188 -276 -354 -203 -100 141 -170 28 -488 -19 231 59 -58 107 -106 236 469 222 478 -378 30 413 446 301 -501 138 -417 -430 -226 -369 -47 -33 -128 -74 -106 -477 128 356 174 314 170 126 -453 428 22 290 457 -389 204 -76 226 428 -105 315 -225
-297 -357 -396 -390 483 206 216 351 -30 485 -345 -15 -113 348 211 -346 198 -239 443 -139 167 -407 -84 214 -229 -4 175 -449 8 243 -428 391 422 440 -388 202 268 -479 -84 -104 -266 -200 363 -326 501 150 402 448 -406 -373 -383 -191 327 -60 178 421 462 -414 38 -280 -248 302 49 118
-171 -295 414 -482 77 318 -271 -165 -178 390 -459 115 61 -240 97 -42 172 -362 -280 104 -268 -449 -249 112 -335 190 -402 364 -328 -51 -367 -312 33 66 -162 315 -410 39 -233 -244 407 472 -111 486 163 -11 120 -331 342 -270 135 327 -203 298 247 93 419 259 -267 448 405 221 457 -422
156 -406 -215 -67 294 292 -303 359 -143 222 126 232 246 1 37 27 483 160 -120 394 -393 -502 191 -323 356 407 -147 -379 -179 186 -341 224 504 153 -237 198 -160 -363 286 67 342 398 -400 -38 214 68 37 103 172 -467 -117 -137 341 23 363 201 -262 74 316 418 382 354 296 266
0 -495 385 34 -460 301 344 9 -497 345 -235 -208 -83 -379 86 -164 18 -392 372 -468 -312 499 507 -383 -303 -476 292 -343 -433 -85 -14 109 46 81 389 -203 -431 81 328 211 -355 -319 119 221 453 -278 164 263 -481 218 170 -352 -468 -404 511 359 418 13 -284 478 -263 -436 -58 63
313 384 146 -474 -84 469 284 -362 132 -164 -321 -351 376 -198 -405 -209 -182 303 441 90 -96 -222 -65 -78 -151 59 -332 397 501 -274 176 -174 -165 302 -391 -278 238 481 375 475 111 356 176 -62 -147 -20 -438 61 178 -47 -89 193 248 466 -229 -338 -415 -269 -249 185 333 378 231 405
-444 -91 -89 182 122 97 101 469 -421 365 -345 -55 -37 -182 103 -181 -193 478 -218 -354 -40 -103 -338 249 -226 503 224 -151 -309 -188 220 -348 47 493 -265 264 150 191 -512 -202 -392 -258 -312 227 -85 72 287 353 -487 -3 -74 361 -43 -336 213 -323 173 472 456 -69 -426 -389 -264 -507
453 166 -477 -392 -289 -474 236 326 61 -210 8 -464 -162 224 492 428 -482 -444 -284 92 16 -396 58 352 112 463 -458 288 -422 -445 -398 244 -472 324 62 -369 -235 425 28 -350 311 -106 -186 56 422 122 338 -20 -203 -150 201 82 -391 -147 336 -129 73 232 147 113 -247 -190 -503 -459
-412 -138 -348 -336 230 -141 84 -203 437 31 321 117 170 -25 -143 178 -198 309 -457 325 178 337 453 -144 -311 458 -235 283 -371 351 189 -349 -105 -293 -221 256 -274 248 -154 -306 -420 -142 145 -294 180 218 30 458 12 292 230 -62 364 -336 101 458 339 137 312 198 -2 294 -429 -27
265 -248 -328 -64 498 504 454 436 32 -511 -496 -63 314 16 -210 -381 -43 -150 -334 185 417 -405 -81 39 -102 386 316 401 444 242 -119 262 109 -206 -476 -248 432 171 -323 157 -99 -94 -117 384 232 -484 24 -244 103 391 102 69 127 202 -470 486 -343 370 -307 103 -409 -211 507 41
-401 -318 -107 176 263 227 6 224 340 -489 251 130 -171 -326 72 -421 -17 406 -87 73 -176 497 -8 408 -208 -503 -239 23 131 431 314 402 -136 269 225 -479 411 66 -177 425 -446 122 404 488 -341 468 171 -318 304 -268 -102 87 223 162 323 207 -199 -235 -95 -280 176 430 225 39
-401 58 -103 -158 -496 103 -226 -275 -345 -144 -315 96 266 37 -8 -512 413 -471 -148 119 -489 420 186 368 450 -96 -264 -41 356 -37 -460 280 20 404 -512 167 -146 -81 -335 245 -113 136 281 79 497 -13 48 139 81 -366 -481 485 -352 -178 -472 477 369 219 171 -250 496 246 -78 208
115 47 -309 428 -498 428 -355 -153 -112 465 -49 -121 -8 173 344 46 401 111 -151 -403 439 401 319 -433 44 286 220 -333 373 161 -400 -138 48 20 281 148 -87 461 -61 -33 306 486 370 247 456 -3 -311 401 -409 -476 134 -309 -302 -222 -441 -505 352 -359 -276 146 177 395 -81 41
189 45 -358 472 -156 176 -48 327 -75 204 273 -68 -459 254 -88 -121 316 -65 -112 390 247 -172 382 -238 -198 -303 194 191 -355 -12 457 -284 -25 211 503 96 503 -445 298 -118 -1 184 238 -290 381 -479 -346 297 -188 -22 477 -389 -53 22 375 283 -230 8 -201 54 364 -261 161 -244
167 -369 363 502 222 -18 106 378 283 -31 5 405 328 482 -35 -2 131 -364 -170 -127 459 -281 457 -508 -183 -430 297 -466 412 -340 427 259 319 -378 -197 -350 -196 -298 -203 -107 236 -232 253 179 -39 -52 181 -387 -435 242 -259 -169 -194 310 -473 407 -481 43 216 256 368 -243 -183 95
164 94 -251 -197 -315 83 447 284 278 495 128 -506 216 -455 -442 351 113 324 501 473 2 -77 -183 -443 -12 -148 343 137 52 82 -211 435 -457 -298 -233 -367 -439 -101 -13 -251 395 -492 -288 -150 -142 -36 158 -486 -197 -167 429 500 -243 27 240 -300 448 -296 272 230 -181 -17 252 -356
-433 -274 -15 -2 286 -339 255 118 191 167 179 260 441 -495 -452 44 68 -22 -410 -200 151 -437 -333 65 122 -283 208 320 458 387 369 -188 228 -97 125 440 32 169 362 -451 -215 26 -372 322 126 -291 -450 492 -38 -297 -279 347 136 328 56 87 -46 -111 191 208 -345 474 -158 -348
-478 340 -151 -498 488 -45 331 -196 -36 -343 147 -128 205 185 -2 -269 -297 -84 -497 194 230 88 -291 305 288 221 358 -383 -333 10 -318 -455 -225 495 171 -231 -175 273 365 -35 -68 483 238 -470 -302 303 268 -303 198 -269 -126 -351 -150 -222 -437 -84 241 110 49 -409 16 -345 103 -24
264 344 442 444 394 262 203 -51 54 -114 -75 -210 -263 -217 179 293 445 498 -72 -159 -64 434 36 38 -180 -10 75 -26 -121 -104 -459 -122 363 37 379 64 264 316 -310 375 404 34 257 -360 415 -326 51 476 -391 249 394 -35 -91 -86 -291 394 188 -393 -307 300 224 422 416 42
-355 -187 -24 -466 -460 25 -502 -471 159 392 231 257 331 41 -79 438 358 -283 -453 -234 -345 20 157 -165 -168 475 -69 -494 100 -483 -186 436 337 433 -468 -388 235 38 -90 -427 495 212 385 -436 -99 99 -391 -37 220 -177 89 -77 -186 434 -223 -402 -357 302 378 -469 -282 262 284 -389
-42 274 474 -427 -420 -52 248 -265 412 -113 14 -247 -343 478 107 118 373 171 9 -353 331 16 471 43 -43 -401 298 -224 -235 414 341 -37 433 269 -403 312 -133 91 -53 -289 94 -189 -272 -466 -66 -318 -183 509 -226 -204 -201 -44 -91 -61 141 269 409 -339 -303 4 481 -239 -337 81
-236 400 -378 337 -373 -50 91 97 264 159 86 -183 347 323 -70 -365 -459 -291 -509 -405 154 117 -431 511 -231 -350 347 -413 323 -344 -86 170 -272 -326 -28 -368 -86 -312 151 345 -374 -266 -138 79 -250 -508 -111 -106 -275 484 -125 398 116 113 -2 -21 222 -148 -130 -383 404 35 -376 -434
-108 199 -57 -52 140 -252 -99 -123 306 198 345 228 -427 -105 158 184 40 405 172 -101 -23 -483 -377 -301 -492 -289 321 -473 -6 302 -127 402 -109 125 261 158 -229 442 316 -312 491 -13 -69 -434 7 441 198 -384 -142 -311 -213 -150 -302 115 176 -15 -398 466 -68 399 299 356 -74 -412
-484 74 276 96 64 -300 473 114 -273 482 -66 45 -83 271 -187 273 458 24 -25 359 -53 308 -275 150 173 -242 -22 74 263 -380 211 -78 22 -411 -457 -33 -239 -498 130 248 85 -344 405 -171 259 370 76 439 496 300 -30 -208 128 442 -98 -510 -400 -100 1 -250 -510 -282 -247 -190
224 -79 -16 133 -337 -369 -393 270 28 -478 -425 368 305 191 -479 -336 22 361 -186 8 176 393 445 -372 120 259 -22 -125 260 -289 -430 -169 -81 -421 99 363 454 -388 31 100 399 -4 -12 -83 -180 276 -81 -402 386 -26 370 -367 482 -401 340 362 461 -55 -476 294 -196 -263 -74 203
-477 273 196 243 -482 -402 -366 355 -496 87 -78 -231 -298 -338 454 219 -57 -474 470 -336 284 -447 452 -160 -303 -357 -228 -491 -454 -273 -222 -234 235 -429 295 -32 -240 -414 72 182 480 12 10 375 443 -187 192 -218 323 348 -48 -351 -269 349 327 -490 369 -367 160 -336 501 -186 -193 359
173 248 296 -143 -23 -30 485 -45 287 -18 -228 481 478 -268 461 -84 -73 312 315 -214 82 74 473 -315 165 -388 -105 123 431 -403 -98 -472 275 485 -350 143 282 -402 256 -493 397 55 -149 -320 -127 412 445 -338 -63 -51 -295 263 -100 -305 51 -122 -299 456 156 39 365 -278 -355 -479
510 -136 183 219 2 93 249 -413 509 -54 211 -290 -443 -252 -300 -130 -94 -271 -292 502 -204 38 155 -262 111 -380 -454 -414 394 329 94 -41 -503 -435 -343 -443 -85 311 -227 -412 -151 47 150 -306 -284 333 260 -380 -478 311 121 63 441 300 102 465 -204 23 214 310 -373 -147 -478 -282
-354 426 149 4 49 106 -509 -88 -325 -87 497 -492 -116 449 152 68 -24 68 -44 263 386 253 74 277 268 -399 -276 350 302 20 -210 268 -14 -434 411 -429 -405 -195 -483 -165 272 -338 -7 122 304 -15 155 271 400 -11 40 -222 -389 342 392 -164 -482 -51 -67 401 -113 227 254 479
-206 -471 64 467 -369 -393 404 -476 494 -99 175 289 -483 124 -244 -274 409 -70 502 -86 232 -282 -99 319 382 153 -277 -323 -136 476 44 -413 -112 -3 -172 -20 -194 368 480 -62 -126 -486 193 -188 13 156 181 511 -369 344 -184 -448 139 267 141 88 -212 290 -429 -108 214 213 221 -394
-397 41 -10 298 58 228 405 336 -176 -384 -241 -449 -359 -250 386 -300 169 -132 116 -258 -106 -126 410 -133 -450 267 460 190 -205 -54 -387 367 -20 305 144 416 -25 -3 102 -460 414 -350 301 -404 -182 -481 142 238 -157 -111 377 399 -147 439 116 -107 -90 124 421 -350 -231 -77 -455 -257
397 285 285 222 378 -351 -195 -434 48 -100 -463 -481 -176 378 -44 -462 202 -26 -362 -369 -25 377 -175 128 511 -472 451 72 -65 -198 -120 197 158 370 -6 -313 431 176 30 126 -67 -187 258 105 -244 350 425 -394 2 -420 -194 -42 -433 -317 451 211 13 -332 210 125 199 -427 376 -145
-98 -399 353 373 -89 -131 -387 -192 341 -79 410 350 21 386 -272 -25 441 -4 433 46 435 199 136 -428 399 431 387 -189 -254 -416 -421 -205 -439 -206 -199 357 151 309 -196 -131 -506 -214 473 -331 -300 345 -451 35 -111 69 -435 76 -343 -162 130 -466 -68 464 -62 -159 -317 -417 232 -300
-412 -188 432 116 -146 69 -455 471 374 217 -42 -401 -396 346 -179 36 105 -135 360 75 120 -369 245 -124 -126 -392 -36 288 -450 209 215 -114 126 -312 -248 -161 123 486 22 -462 -247 56 143 373 -1 -302 -508 -356 -370 475 375 250 -229 282 -375 -169 -459 -214 277 -43 -397 24 -248 319
-354 -296 208 337 168 -365 -124 -268 24 -449 -128 -126 -21 489 -340 -156 401 240 477 -229 -208 -459 188 99 127 -173 408 -271 -283 143 -104 -209 377 -386 -211 40 471 509 -304 184 -271 -246 -63 -415 -450 113 502 -386 375 -133 -381 243 392 200 126 8 -163 184 237 -32 246 89 73 207
-169 409 -456 22 -31 273 -203 71 -155 267 -118 -316 -35 62 -338 -279 7 216 -271 -98 -104 163 348 475 51 -349 229 -333 -216 41 -54 253 228 -504 129 398 472 -323 227 -235 -192 -331 -442 344 -133 18 -232 -111 -76 144 419 -269 -83 353 -363 65 95 27 -337 -483 358 -73 -504 -303
353 196 -383 468 86 81 -105 499 -425 -174 99 -490 257 306 246 -356 -212 -42 -219 -95 511 -37 499 -325 262 -306 435 203 -186 -376 -372 502 -116 -201 312 -151 319 -257 113 -95 311 148 93 -492 -26 -103 -212 490 -434 -342 27 308 189 170 441 -335 -285 -22 -204 478 -213 -76 -27 317
-157 -474 330 -164 -303 162 353 -356 -401 6 451 -341 109 -80 265 44 140 -444 327 -304 494 -282 265 359 -153 -12 225 -7 -445 -245 357 -27 467 -93 332 -282 290 493 178 448 -289 -407 -34 -249 -13 -10 -422 -322 -361 157 272 137 512 -420 18 -416 -156 -59 172 -357 -152 -261 437 511
58 -108 104 -295 -255 -161 370 -192 456 95 458 436 165 -297 -262 137 74 217 143 57 157 180 471 478 -330 477 -282 -270 274 -62 316 -405 -64 355 209 -146 -506 131 495 457 463 477 463 127 437 184 270 162 -436 -18 -374 41 208 -98 -436 -377 110 49 250 269 -78 338 -394 -499
71 -466 114 65 284 341 349 34 391 216 501 407 -394 226 -25 92 433 258 204 -181 239 184 97 -18 342 -44 167 356 -505 118 376 -341 -120 -229 -244 -350 -68 -17 -75 171 262 -364 -480 217 -301 148 -447 -389 166 -191 -347 -202 -132 145 448 370 -296 498 -212 177 94 -66 -392 -322
205 -385 -13 -92 -299 268 -430 -502 -220 92 -87 -456 482 359 227 65 14 436 -457 -240 412 120 -226 94 -318 66 -122 152 142 62 260 -389 309 172 422 425 503 324 -54 -238 -448 -105 201 -311 196 435 -138 282 -90 81 99 -483 16 33 -452 -84 -269 -200 -19 -240 -481 -349 -374 -207
-204 -78 -232 -291 -447 468 -43 136 -298 212 -131 -421 479 -64 347 398 147 361 165 -60 360 -380 -484 -509 -154 230 -376 319 135 -361 -463 472 238 59 366 -371 324 290 -175 -250 -123 235 -476 261 38 -506 274 -192 -266 239 318 -476 -23 -382 -435 54 361 190 94 369 -279 271 11 430
147 282 430 36 -65 98 -420 417 -243 -143 12 363 331 156 -407 45 109 -366 400 297 432 425 -114 335 122 505 426 -281 235 93 -240 -215 -30 454 186 184 -345 393 -52 175 208 75 -452 241 -351 -224 461 -427 252 136 -444 -331 123 -28 -210 403 -438 -76 404 -202 251 49 379 91
-218 -433 -113 503 125 -21 268 216 505 -380 4 195 -510 237 107 378 109 -387 12 -64 498 -17 0 -73 -427 135 -47 17 133 -121 -378 -377 455 -110 -235 73 -279 -205 5 -65 -187 -435 -199 -50 280 159 -323 -66 -275 326 -43 197 327 49 -416 -261 -97 62 27 -115 114 368 140 -213
-421 -282 -307 449 444 -166 79 -180 -415 -81 346 23 115 131 -419 -177 459 371 -197 142 397 -22 -194 281 82 324 -456 276 -20 -219 433 -290 -242 321 396 -288 -28 -244 -392 -318 139 190 434 -218 -453 78 -298 414 -11 287 -92 261 154 -44 -338 -13 490 346 137 124 175 -360 399 134
-170 111 -344 -241 -135 -358 219 -293 -508 403 506 -70 190 -233 -439 -344 -444 256 307 474 294 297 -62 -243 -460 -66 -261 104 -107 -2 -395 -35 190 -335 -471 473 -343 118 -403 -172 -196 -485 -263 38 387 -372 -348 -139 259 26 -249 -388 -47 -45 -323 461 243 256 469 145 339 -180 -293 -134
210 119 227 -313 -284 176 300 291 -17 54 229 -470 -113 -157 212 -120 -195 -441 -153 -378 145 220 -310 -22 -393 -6 301 -467 -346 -348 -326 -284 83 -398 -246 144 -196 -7 -498 302 -278 -470 66 87 155 -275 -268 -264 -431 -2 -478 -65 -274 22 -110 -229 -34 -24 -14 -284 -388 -98 357 486
-348 339 -37 211 -154 1 385 290 -108 20 428 410 352 327 493 184 -240 410 47 119 187 -412 -170 316 183 -134 -88 436 161 65 289 -317 339 -482 -468 309 -482 340 -388 -68 185 178 104 98 -468 308 -118 -353 295 -300 464 -56 294 -384 507 391 -279 -15 -349 -34 204 291 33 365
249 113 457 -163 273 389 357 -376 -434 466 -57 -187 240 -417 472 190 276 68 -88 61 -362 369 -84 381 -117 -241 -225 -348 -178 168 -411 -37 426 169 8 -42 -138 156 38 352 -397 -343 -177 307 371 -215 423 -234 318 35 -286 -240 106 420 -58 -133 -17 271 -162 141 496 485 -424 -2
399 -28 104 -65 294 271 269 49 354 -357 -430 511 -409 305 -381 34 219 165 161 56 53 47 20 208 240 134 312 -122 -210 112 -449 -246 390 361 -446 -131 -458 -435 87 41 498 -455 -72 507 -434 -464 -252 -45 -94 373 261 -467 -101 322 -211 30 -386 -319 -118 -129 -413 157 -398 -505
8 -133 92 230 -95 143 6 -210 410 321 -141 -446 445 462 -1 487 -476 99 -454 85 88 -349 388 -237 38 267 16 -88 228 413 119 -239 -209 -426 -389 291 126 338 96 -388 248 139 -410 -218 503 441 420 -108 -198 -259 290 6 147 -276 14 2 203 436 -387 158 258 -92 468 -44
347 202 -238 -477 -298 393 -326 -428 155 103 507 429 419 279 291 -333 283 353 -372 -50 -63 432 398 276 -356 443 413 52 156 -217 -416 360 -406 461 60 -296 7 -486 -127 -413 323 -8 -158 291 20 -131 -411 260 102 391 -467 507 92 -18 396 -371 -317 45 -67 405 114 -430 -488 -431
446 -469 -184 -30 -500 111 114 203 -30 -149 -173 100 243 157 319 446 76 279 -9 247 -23 -487 207 333 -5 -384 279 -313 -398 -430 -98 -180 505 -100 434 -98 -282 7 100 -389 -154 -249 -357 -440 105 -101 48 -63 84 238 -102 -233 401 -434 -93 76 314 9 197 465 -164 -410 -398 -34
463 351 -122 290 -388 420 -498 -85 -396 -245 -233 -134 -208 497 -261 -204 -113 383 256 252 -105 340 -194 21 407 -234 120 246 201 -376 -1 -308 461 -464 69 441 9 -45 -485 274 8 345 -373 52 255 468 355 161 -42 423 -207 466 -239 125 -286 -150 2 249 -365 89 277 -296 -279 -251
-491 -464 -273 223 -128 55 239 150 255 -179 68 352 133 154 -179 -312 79 427 417 88 149 14 -141 -302 156 -417 -425 -283 351 454 507 -151 493 -470 61 -334 -12 -202 222 -331 157 131 188 -34 231 -314 171 23 -239 -147 -313 493 -70 -504 134 -169 -437 -279 -60 382 289 293 299 501
436 497 313 376 292 225 494 152 -227 29 231 -390 -160 22 433 -72 417 389 465 262 112 283 139 120 -86 375 -410 -478 440 84 -464 -315 -274 -251 263 -125 503 -208 -213 359 -471 421 226 377 312 -89 -392 -417 -27 -181 -94 -175 158 -39 -412 -15 140 -103 451 -311 427 -76 78 -109
-474 -308 203 314 -23 269 -396 350 230 -399 -108 13 482 460 201 56 489 151 206 -25 368 -154 -220 312 -456 295 -121 -3 -419 437 408 345 -56 -84 331 -386 121 -151 -189 118 -308 62 194 49 -346 240 219 -80 -313 -411 -79 -95 -302 -430 470 372 -221 309 -470 247 431 191 -287 -42
-288 -254 84 -430 -503 155 506 199 -107 138 -127 -336 229 -65 202 -263 421 358 -384 -185 -296 329 -39 -190 -424 -77 -163 -311 266 -440 383 99 266 -243 -435 -54 -221 -165 -56 -484 190 -309 339 86 -104 174 -426 -108 131 -485 17 -187 72 -13 285 -196 490 -271 -209 -340 -407 317 53 -218
336 398 491 -333 -158 356 -357 -488 -403 -137 -311 -467 21 294 -499 -77 75 -225 -271 -332 -254 -62 137 -166 -156 -322 77 -55 -251 173 -485 -246 407 265 83 89 -347 140 442 273 471 415 -274 -154 -49 317 -227 432 122 -325 -245 107 273 -292 -298 -498 457 -159 459 -216 -4 -337 285 -358
-352 -44 66 -161 81 -484 288 150 -500 432 75 460 490 114 -159 151 -388 314 -250 -335 -394 -309 383 -262 -421 -301 -73 10 341 -45 151 -429 400 -424 469 243 457 -375 444 294 433 -263 13 456 107 229 16 -195 -233 -92 127 10 241 -274 -361 -161 -223 37 422 -264 24 -355 -144 147
-490 -447 -317 -231 -185 -45 -180 43 265 216 321 -181 -18 0 143 -335 380 264 -354 145 359 370 99 203 137 188 502 -404 -191 -383 327 -406 -430 355 -300 -253 -286 -360 232 -133 10 -248 -163 170 222 476 205 447 -111 -415 -398 -178 -333 171 -508 -337 -390 -420 -103 -83 94 50 75 -15
-74 -227 -159 505 -291 407 -100 -495 249 129 37 429 -68 -178 221 261 464 16 -365 -438 -458 -457 490 -4 307 333 493 257 -49 17 472 -483 -390 491 -217 -246 471 -141 97 -348 14 141 418 176 130 353 221 317 48 359 -197 -251 -481 -280 108 -170 226 36 411 14 -484 357 126 -14
-450 -185 -222 -442 -331 -311 62 -150 -94 377 269 421 231 165 328 32 -4 0 -190 256 356 498 302 92 510 -452 455 -111 428 370 -474 49 125 311 487 -354 435 377 344 -47 487 -424 455 110 -414 -62 447 -135 -39 -464 -348 273 480 155 -395 -256 469 -417 274 190 180 -247 -96 266
-364 -235 -201 -24 -221 412 -448 -37 379 395 249 46 -416 398 248 278 273 503 60 345 426 301 -311 229 13 335 -349 -161 -463 348 172 473 -486 171 -494 -381 -152 -135 166 -465 -84 260 402 -230 -260 70 -291 -183 155 141 -166 313 -497 -50 24 103 -421 -302 436 -78 -270 -32 149 -58
373 94 -285 169 162 -417 -304 -333 6 -202 128 493 -352 -396 -474 416 314 -501 -246 -387 229 -384 -253 -43 -41 -410 -53 -278 457 130 -374 -319 313 -205 -392 -486 -238 330 -455 0 -382 -165 -469 -122 2 -22 -104 121 165 -24 -192 -215 304 -249 136 469 336 1 473 -122 -191 11 336 233
-152 -291 337 -344 448 -204 6 324 407 -165 312 -249 -339 -215 -487 -463 -452 -2 439 490 -476 -416 179 148 387 -34 -142 -15 193 157 -56 117 -481 -278 -367 -40 -266 391 352 -264 -308 -57 374 216 288 -506 -284 20 433 -240 485 -111 493 400 18 -68 -114 162 -459 -157 -384 143 262 -163
-454 151 -431 312 -59 328 -192 431 163 -296 -380 -484 -202 307 215 -388 -482 100 -165 379 393 301 369 -236 46 -117 63 496 267 419 -150 -104 190 -253 -361 -420 8 -337 335 -197 31 -79 -172 385 476 -510 -16 424 -415 -106 -374 218 342 52 169 57 191 437 -50 -248 -173 -222 -270 -306
359 255 -119 -183 -159 422 -53 166 0 -265 -43 -315 -191 135 -488 359 -427 42 -440 408 95 208 -222 511 -261 364 -215 -295 -63 -23 166 5 -292 -124 324 81 80 79 -142 306 -303 348 -130 197 -237 -340 -159 131 -482 116 -388 -306 -39 -493 -17 -367 -192 -109 -183 -195 -168 358 260 -69
-372 482 133 -112 -473 144 183 -170 -408 352 -20 -202 -10 -473 -412 -123 312 262 -218 410 -387 353 -287 105 407 291 464 425 437 -374 163 -440 -405 -459 -179 449 292 -82 505 389 -120 -437 -54 485 373 -249 347 -45 -386 -268 -281 -84 447 468 -289 417 -342 430 -469 -14 -434 486 276 -315
480 206 38 -182 187 -1 97 283 233 -134 397 -265 -314 -343 56 -452 -322 81 472 106 -91 285 -58 107 -156 365 -91 -216 -471 -298 -319 -34 -389 -391 384 341 -461 -418 -403 317 -289 -333 -61 365 209 310 -137 326 456 -111 423 -390 221 302 -58 -402 -272 -4 512 -17 -353 41 361 -426
292 -93 -237 351 -340 433 431 -474 -431 259 -499 85 224 106 83 381 -310 399 -196 -95 88 321 -108 384 365 -46 -15 152 -341 -368 -263 -357 -378 422 -165 -20 318 -117 297 251 220 -475 -459 100 -420 136 475 280 57 266 75 -391 -260 -46 -328 -98 -504 -451 20 -385 -13 -188 -205 -378
-462 164 11 -484 -43 166 -166 116 -296 426 383 175 67 500 63 300 238 385 219 -201 283 -118 260 -49 89 198 158 -403 395 33 309 -366 244 168 202 159 -263 -499 -157 -487 259 462 -19 -197 -326 -480 213 -491 -307 403 -224 -293 -215 296 -138 -238 -104 471 -290 -81 60 140 -123 487
-348 405 -30 -346 -75 31 494 -16 -68 66 484 201 418 298 -460 -236 334 -450 -456 -370 377 -423 177 -285 -195 -179 -397 -35 353 498 -307 -449 -451 466 461 -209 -233 -274 -63 18 -349 -385 -128 -493 -279 -435 101 459 355 -448 -15 160 114 504 -490 76 -472 264 -449 199 50 -479 103 -106
-95 -32 218 -172 308 -397 183 409 -509 100 -20 303 -335 -173 328 309 -490 -259 -106 469 -48 -361 -346 394 94 139 -312 -492 -451 -272 427 139 -99 129 -288 370 -94 201 94 -139 -120 -357 -172 -163 -303 347 -364 217 319 -358 104 210 72 -338 491 75 -352 -65 297 -124 -137 -246 88 -182
19 99 -381 57 -260 130 382 211 -136 146 240 -341 349 -142 -176 13 -52 139 -328 374 128 277 110 230 -110 -332 -493 -420 496 -330 -393 -404 234 285 -234 356 346 403 -219 101 381 324 344 -93 -68 -340 347 -246 -128 -156 -287 -287 -204 -247 -262 -158 -99 -290 -171 -427 -295 -335 -22 -446
428 -390 -359 -159 -76 -87 263 -512 -113 -175 -393 -292 -43 143 105 -299 63 391 -49 -52 -284 -74 -344 -102 266 -246 -260 -438 -396 -239 467 447 310 -105 416 -266 -80 -263 -310 -125 -435 -480 426 151 97 340 381 220 195 359 77 97 -42 172 -301 -500 -485 133 333 -429 214 266 509 -356
-427 -309 323 -105 132 -193 45 -127 47 51 140 -32 -81 190 -190 248 -437 132 110 220 -76 -364 -420 211 -495 -107 138 369 -34 125 50 258 54 392 -274 -369 -50 157 -276 -442 -15 -258 421 -298 245 -219 -25 185 45 -107 -355 -327 49 352 393 -319 124 160 -85 170 147 -166 340 412
250 199 -146 -508 109 402 -339 164 46 -96 14 -60 -505 -258 -393 461 -169 -45 162 -511 204 257 228 -101 -228 -85 -428 32 -413 189 -127 -452 316 106 -392 -252 120 172 -286 195 -506 -343 282 -251 223 196 398 31 -317 -398 288 418 -26 -147 -500 -318 396 144 -124 62 88 195 232 -133
280 -192 65 -480 -159 183 -45 414 402 -439 -147 -244 -479 353 358 -202 -330 -119 468 118 145 189 63 -308 41 463 -334 -331 -496 40 -401 -36 -60 243 -47 -486 164 -346 -388 -50 332 19 7 160 -281 388 313 367 186 -102 242 482 -416 191 -181 489 362 287 -202 -252 -371 -81 485 233
-147 -457 -217 -268 -85 -54 165 128 163 314 -491 -405 344 172 246 508 198 333 -78 -34 -135 400 -478 106 195 -62 -495 -218 141 268 433 112 -46 -475 -167 0 323 231 -164 -256 -241 231 101 386 -160 101 -307 -178 -158 -110 -365 25 -159 -422 212 12 -225 446 -97 45 -248 -329 131 254
-414 -415 133 340 -191 443 -6 97 -388 293 460 416 335 -239 199 -329 67 67 63 -463 -114 94 -68 -319 -492 -181 148 -234 -49 -447 -484 192 281 -278 -237 -463 -52 -105 -411 450 -80 -381 468 343 348 301 -325 -430 -310 -448 306 241 215 -356 -452 465 141 -508 324 164 237 381 -337 -367
463 -477 26 -152 -70 -424 135 203 -78 134 -136 283 217 -199 -177 -213 99 -468 -214 -26 164 -282 430 100 -53 501 96 146 -54 -320 -346 240 342 251 -475 112 -353 28 227 -90 -324 -481 479 -486 416 -295 -157 211 425 -278 -304 208 -43 448 -212 16 -332 196 394 361 199 -488 184 99
-314 338 158 383 48 -339 -342 -373 -338 289 318 -477 191 443 469 359 -275 308 111 422 -186 489 400 -396 -262 387 209 10 478 -397 14 228 -279 147 339 -224 -196 -11 -254 192 142 -397 -109 -100 142 324 -84 -388 460 211 -69 -9 48 181 -431 -402 335 -24 -269 -406 -106 -327 2 -130
238 -46 -295 -345 -103 118 -96 320 88 299 -253 217 361 -360 -178 24 -92 -241 416 9 -408 161 -179 460 402 207 -426 57 89 -273 432 -215 -86 -161 -279 180 249 -1 -362 -207 477 78 103 509 288 156 10 -5 -447 248 191 2 9 21 -315 -25 392 87 -337 223 -92 -257 -391 98
177 -438 488 217 -321 159 195 380 -90 507 -151 -330 431 -39 466 248 -139 148 8 14 -32 -398 163 23 -281 -320 -137 -257 63 450 13 411 28 424 299 -382 -345 -91 -254 -443 59 -54 76 -435 404 4 355 425 342 -470 66 -260 -50 86 -282 -253 -427 367 252 510 304 -126 -46 42
147 -349 -239 -385 447 494 408 -300 -404 312 119 333 -149 375 60 125 -216 483 364 -243 163 -85 73 -87 510 88 -411 259 -68 -130 -298 -269 -436 119 -29 -386 134 245 -252 247 -127 -399 329 -1 -437 -401 -20 -422 258 -15 89 -197 407 341 15 -140 231 278 110 209 -432 144 5 -26
161 383 -55 -500 -409 370 -272 283 343 458 389 95 187 -212 -240 -15 -208 354 71 -392 142 -390 -91 277 -428 -78 98 -114 85 461 -386 -362 301 417 -252 128 -29 -485 -1 350 508 24 75 262 -80 227 -242 444 -448 92 -7 -150 -163 144 265 -504 491 -181 98 -396 102 -370 -17 180
160 243 81 444 -414 -140 250 38 -55 -63 -290 198 -426 334 -183 193 184 -281 391 -350 289 207 500 248 381 -69 -125 363 -94 -373 -314 23 -439 1 -213 -293 -282 230 316 -468 314 397 340 3 -474 -504 -483 -258 51 230 -511 272 212 40 -443 -424 25 -267 100 381 183 425 -441 114
369 75 451 -153 -70 50 177 90 -131 19 198 -412 -250 -92 -500 -311 -214 329 219 -350 -332 48 -302 162 -197 -301 -171 -194 -337 289 -118 506 333 95 -363 426 442 -211 234 -466 -138 20 -110 49 -395 -347 -371 378 173 88 -105 379 364 365 -378 199 -17 283 150 450 -35 -73 242 -146
451 -185 196 -182 -148 -440 -338 272 -235 5 -252 -69 -104 419 138 -448 451 96 382 122 407 -483 -266 394 417 269 85 -304 253 -328 -260 -215 415 -285 229 -343 370 440 426 -165 -170 214 503 368 -479 -174 164 -436 168 472 165 -345 20 -439 -301 -133 -300 265 188 -147 361 -489 -325 281
-204 404 375 64 226 -45 -15 -404 421 -449 -358 -452 388 -165 134 -458 43 168 -50 -320 -459 183 93 146 -289 20 -460 162 174 209 -50 148 419 -74 14 -181 -444 197 309 -164 -17 -52 -44 -440 491 388 -438 -82 -340 -161 -353 224 -180 -141 205 -482 -188 -486 328 -174 -424 -452 -245 -200
-257 141 427 447 197 -443 -391 107 215 -471 -460 420 150 30 349 -151 -371 -160 222 193 436 210 -13 336 259 339 309 70 142 277 -147 -168 -449 -6 -418 -462 336 315 -110 170 -223 -351 -382 -450 -308 -12 -314 -151 369 -433 -317 -352 -381 -161 -368 219 -464 -370 154 433 344 172 272 41
425 -18 201 243 -315 197 370 -320 -447 228 146 -208 59 -215 432 433 -337 -419 -279 -110 -422 -28 204 -449 -346 110 -153 154 78 -431 487 -456 487 361 205 111 118 385 177 264 14 40 -283 -187 -423 114 -54 -70 53 -55 408 4 369 -134 -268 122 -286 -35 -275 424 408 498 431 35
-179 -380 262 -208 122 -257 -136 118 -140 -450 -146 -443 -68 279 -49 117 256 -11 -228 -481 -288 75 461 -125 76 239 168 -503 -458 -370 49 -140 147 -105 491 57 387 487 170 168 359 -243 281 -345 -167 -494 -332 177 -465 -309 359 340 -54 164 380 -418 186 192 -382 -214 252 -381 395 100
-482 -400 -94 -405 -255 6 -402 350 -293 35 174 -439 214 342 -173 -472 -32 165 423 -195 -150 419 -114 -411 166 -99 -445 -374 163 130 449 325 83 71 385 -15 181 74 482 -408 249 -448 -285 -237 51 -380 -375 158 134 20 -21 -453 460 -156 -302 -416 158 -480 251 -20 64 -392 108 446
406 -374 -459 -207 254 -409 5 -24 138 -422 -364 252 -257 25 496 -483 26 373 185 364 364 -24 204 355 -448 88 165 -138 -484 320 -113 -86 349 0 29 -501 50 -62 -371 25 -181 -400 -94 408 216 -7 27 -228 -178 58 368 50 410 -255 306 288 -224 -398 127 -332 180 -194 -359 141
