-205 -96 278 -319 -247 -265 -38 -23 189 -136 -55 -167 81 -166 -245 136 -3 298 192 -119 -98 66 320 -239 -231 243 -140 33 154 -19 58 -68 -93 232 -54 176 65 220 239 298 46 -59 15 -188 -76 -299 344 -314 329 270 -137 242 -81 125 95 249 -35 216 -57 -72 -145 129 -40 -84 266 32 245 144 15 233 -350 296 -200 -30 289 0 -14 -319 90 78 -9 317 -7 127 120 -248 -162 107 86 -286 299 351 -83 -112 -50 -194 -150 -244 108 -272 -137 203 34 224 353 -207 12 253 219 -26 340 215 -37 40 -12 -277 138 29 -343 -158 58 -334 -265 79 161 101 248 -350
-94 181 120 346 -120 -310 -7 -45 -352 -72 -70 308 -165 -123 214 87 96 325 86 -92 255 -353 61 -118 313 -294 -256 -344 173 354 172 -353 292 -237 240 48 299 43 -236 69 -166 326 -71 337 137 80 -12 278 -308 -339 -311 63 -197 351 -235 -221 -153 345 211 -119 -267 -212 -189 143 -352 159 -110 -30 302 361 103 -149 -319 301 -219 260 10 77 -241 62 -184 148 232 170 -199 213 -79 -234 260 344 335 208 152 78 -143 -72 -34 -12 -145 -232 38 76 342 -29 156 -207 78 -21 286 236 211 151 222 -119 309 -55 281 183 283 315 192 -210 -90 281 -312 264 341 300
111 -49 -173 333 -61 312 -119 -247 -50 -217 72 -355 185 132 -362 200 296 -124 262 344 -294 23 22 323 15 151 -355 167 -267 119 147 -241 218 209 240 -340 350 -323 -218 -121 264 141 -129 -159 0 -298 87 -150 -37 276 76 -229 -310 120 -55 30 -283 336 343 -300 -44 -145 107 176 90 154 22 51 244 7 300 199 -289 -145 96 -240 249 -91 -299 -16 -226 6 333 -260 -96 -139 96 218 107 -15 -161 -267 -308 334 -264 6 139 341 362 238 -87 -341 108 -145 320 204 25 77 -83 232 -101 261 -298 308 -151 -166 178 136 -83 341 -306 -59 -129 359 -349 -210 5 -273
191 -357 260 85 179 -22 -41 -329 354 -228 125 355 50 -134 232 -326 -30 -226 -255 138 210 18 153 228 -61 -49 293 -49 82 -149 112 274 -290 -270 -65 184 -152 -335 -63 325 179 44 282 -194 295 288 -37 -93 -157 -205 330 -70 32 164 -203 -93 113 -124 119 -30 -249 -258 -234 -229 342 -348 -78 224 136 127 -162 306 319 -283 135 -220 45 -45 -273 -103 -339 -162 -41 14 -179 -188 93 -130 101 -73 -296 -122 -254 320 360 166 -55 -51 -180 91 -260 358 159 -56 185 -177 -343 184 -292 276 89 334 -107 332 -186 -288 -27 -141 -226 -319 234 -313 -292 -353 -128 310 195 -309
294 -48 49 -166 -119 -65 -177 34 -119 -162 169 -78 -250 -175 -354 -307 -18 220 181 -30 89 289 82 -238 -99 -347 252 -184 96 -130 199 333 -8 74 92 243 -20 -27 -115 -202 300 -126 -241 -38 179 112 -34 -196 -37 -221 197 112 89 -77 -77 -254 36 -41 258 -61 -124 172 85 172 336 335 -293 -216 -267 319 -361 -164 318 -79 243 -138 270 -122 -179 -256 -116 -175 -65 -361 -133 -153 22 -45 -254 96 121 103 336 214 -114 -102 -218 -46 -200 -83 -164 290 276 308 -18 276 -257 238 -17 -335 -301 359 230 110 -195 -244 -306 -242 -154 223 131 -303 -326 207 267 230 6 265
-244 -85 108 355 132 222 -233 193 -75 -27 -232 -149 -98 -336 297 -144 179 240 114 -47 -112 80 -244 -239 -165 57 -332 119 -183 -28 -308 -288 276 -164 -279 160 -151 -2 -32 -243 -173 -17 239 9 -28 -202 -104 -191 -281 309 126 -306 -57 18 -46 -211 -307 315 29 -42 159 -306 -220 -92 -86 71 -29 207 -12 -95 -300 -2 -222 317 -191 -15 341 -280 64 -150 332 -237 205 -194 362 -145 -145 -85 -48 57 275 -212 114 28 158 -332 88 165 -348 313 234 -270 -191 71 -257 33 360 231 337 164 -8 212 -321 325 294 202 246 -328 213 -265 -57 -84 113 -225 -128 116 241 -76
-200 -281 32 269 -156 -285 257 40 -8 217 149 -115 198 296 -249 -90 -116 -197 244 296 -247 -250 131 296 43 210 -198 -228 -74 -181 7 -180 128 185 222 325 332 -180 319 254 84 62 68 -198 -291 201 72 10 -106 111 -351 -135 -291 -347 285 280 0 316 -221 -140 -56 -336 132 -97 -228 -186 -168 134 147 -340 -229 353 58 -291 -278 261 203 -36 -153 -4 -312 -294 57 157 155 174 -259 -248 -177 -98 -20 -214 2 -178 -297 -64 249 -285 -85 20 -56 76 -108 -198 197 -250 61 -229 277 184 -331 -36 67 254 -311 261 172 -343 205 -113 -217 242 236 13 201 341 45 138
-17 -213 -9 -96 252 -261 -162 167 55 -160 217 -301 -62 265 95 -280 27 -195 -115 -28 126 348 288 161 106 -185 241 -360 -339 195 66 -79 226 -10 -84 -299 143 -247 -271 194 -257 34 -334 -117 105 -303 -60 310 -347 -350 -242 198 -185 111 -83 65 -2 103 308 232 362 91 307 -186 314 -166 -301 -169 324 28 -229 314 -44 250 -287 86 -303 -213 -315 -128 19 313 361 282 -267 134 316 281 168 -348 -67 244 280 -353 -331 282 -223 -185 56 27 347 -313 -95 -35 96 4 103 -41 63 146 313 -34 -172 -59 -235 137 215 -293 356 8 -112 332 -169 -235 148 -294 -68 -360
-20 -195 279 -330 248 -42 179 135 -276 317 -32 346 -156 -283 -252 40 -175 261 -266 -156 141 264 -129 74 110 242 268 -294 -335 188 -196 -316 185 -167 269 341 -323 308 7 333 8 351 269 21 -161 197 135 -84 -236 142 -198 -323 -64 -305 -166 -115 267 115 301 29 112 203 -233 14 266 -206 107 29 88 -52 -170 179 -65 -91 202 172 -36 338 249 78 -109 108 -164 221 -222 224 147 140 -12 -326 -201 -354 62 -199 -99 -28 329 -104 309 -17 257 236 -273 -132 -199 44 162 39 -157 -354 -72 -2 -46 -78 -302 -180 -326 -124 274 36 -245 -144 104 72 -24 172 -197 331
63 -43 -233 45 140 237 -23 -285 -166 141 84 344 -47 -13 76 66 300 163 99 186 -323 -84 -356 -48 -93 57 -254 -233 -242 102 309 86 -38 -144 116 329 253 83 -193 -282 196 126 190 -208 -174 122 249 -295 120 -254 -337 -289 -353 -362 -354 -41 -187 -299 116 -266 -135 54 -152 107 14 149 317 28 -309 -241 313 278 -224 -166 -174 -35 193 -329 261 3 159 209 -341 5 -240 176 -134 -356 336 -342 351 189 -69 -185 302 47 136 113 128 -62 323 2 -277 345 297 -338 -178 92 -19 232 -5 -223 288 -305 141 -281 -47 168 -178 -181 -47 218 -222 -144 -164 10 -87 319
206 -339 33 57 231 -109 -277 -338 353 267 -61 144 153 -10 -339 323 253 -83 330 -20 151 159 189 345 351 -218 42 255 272 134 -314 111 88 289 328 197 -114 -104 -262 -29 142 -18 46 242 -310 258 -249 -287 -74 126 74 221 356 342 -212 -232 -1 -4 -214 -52 -242 -188 307 -283 15 197 -118 -318 267 -91 291 -215 169 293 294 262 -110 -323 -226 354 86 -164 32 316 106 -129 -248 320 156 -245 -19 -293 -78 -299 213 -116 229 -310 -58 194 61 152 -235 335 -79 -268 140 79 132 -26 272 -347 92 -205 -316 48 169 -168 -87 132 224 162 -9 188 -254 228 -48 -123
-17 -6 254 200 302 91 -125 -356 -198 215 -103 -275 20 147 295 184 -207 149 -162 128 -12 -257 171 -54 220 314 -79 -256 -63 87 321 -3 -169 29 -81 -38 -238 -129 -166 -239 197 29 -107 -48 321 68 275 125 255 54 -235 -78 105 138 -138 -258 -105 -110 -127 164 62 123 229 266 -227 -273 -270 324 255 230 -113 -256 -117 303 -105 124 -86 82 -277 280 160 -332 248 -287 333 -352 155 200 -131 -103 21 234 305 332 -237 -226 -171 52 -344 162 308 248 3 250 -74 293 -65 -23 182 95 299 -38 -62 19 -180 208 -244 -42 -282 -262 188 -228 -317 259 -256 -107 -82 -140
336 -235 -107 -296 272 102 12 147 165 309 -36 -237 -82 195 305 -151 217 270 164 -257 79 269 -1 -265 -81 -98 285 -275 175 227 87 340 -92 225 140 -348 -248 -111 276 283 35 275 -140 -21 -323 271 297 -347 208 237 160 -348 9 272 20 -361 65 -137 -274 141 -132 -127 -279 -215 -139 -3 -296 -344 72 45 14 294 196 27 -254 -247 -180 250 -220 -144 -159 -338 -43 -124 -223 165 -330 136 55 35 -153 -179 -270 95 81 -356 -36 -190 335 -96 -315 -63 238 159 269 181 360 96 262 43 -106 -9 -156 -246 -63 -283 -194 1 -275 195 277 -137 -253 -244 336 139 261 -328
21 208 -49 129 -305 312 -337 307 -190 71 202 -238 80 52 -270 -228 -257 224 -220 186 -280 -263 -210 -175 -98 306 -65 -230 -85 -164 202 199 -252 -128 209 -32 278 71 263 72 13 286 -86 -271 -298 -131 316 340 118 147 189 285 -311 218 -14 18 -295 108 210 282 190 103 211 320 -239 -253 -123 -129 -179 305 -233 -187 -210 19 -13 -245 -123 -339 160 294 -263 262 -177 288 -123 -35 190 -270 -58 -4 -304 -49 147 -138 94 101 -138 101 -190 315 112 -300 -128 -224 -154 332 -95 -205 74 -315 309 186 62 40 131 -147 153 -255 20 183 43 -133 14 -307 159 -261 -243 22
-321 218 -293 299 -223 -135 348 -185 151 -8 -193 -70 177 -356 -335 -196 -178 -11 167 297 125 159 60 338 -162 -343 271 -35 -209 -154 -272 -21 -208 -182 -344 -167 -309 174 -251 104 258 -209 46 -103 132 323 306 -303 -272 -329 -206 347 320 -362 -210 290 -332 -188 133 -25 -161 -180 -133 -261 -76 276 -140 112 133 -105 -48 -18 212 35 267 264 -44 130 -309 238 -256 115 334 -66 -189 305 -98 199 37 285 -240 -143 -149 -168 -240 331 289 -49 -48 -133 -294 -43 316 -299 -276 -355 168 -36 -102 -134 201 198 -336 -286 -354 26 -204 -207 -274 98 -249 -165 133 315 -282 -289 176 298
134 -244 83 -178 -359 -293 -61 -361 61 -221 199 -322 132 -259 -269 270 53 -76 57 101 -230 -330 105 -68 154 105 -78 3 -105 -118 -197 -103 -350 -259 226 -197 354 51 287 -264 -28 -25 -41 233 -133 -185 237 -153 -27 293 22 327 244 -253 303 246 -158 176 -346 93 -287 104 -185 280 268 205 109 5 -300 -110 -150 107 0 56 259 32 297 -221 -131 168 157 -158 76 57 -345 130 329 -84 -147 150 325 -204 117 -44 135 236 -176 145 238 -116 58 -350 -195 320 -294 171 74 -201 180 97 -118 -148 16 312 -19 -268 -57 323 202 -287 105 -87 64 -5 104 -50 -152 264
-262 105 307 345 38 45 128 204 -173 -241 -319 52 -45 246 296 -324 294 51 -67 38 150 -276 346 25 -133 -35 -245 328 149 259 172 161 152 118 83 -109 -256 144 -50 -17 56 91 290 -60 4 354 -3 202 286 -144 -287 353 235 -119 64 -304 341 156 -113 -218 -344 -316 -310 -163 51 29 -110 -297 19 55 -232 -123 361 -65 -248 256 115 147 18 -127 57 -102 -304 -104 -282 -54 -327 -280 -94 -346 151 25 51 -225 -2 -250 -81 -342 169 -217 -11 -28 -85 222 138 -95 -305 172 146 -139 -310 -45 -34 345 314 -323 142 -311 53 281 201 134 -14 -189 -251 -237 -5 163
-137 -193 200 -116 113 -254 -143 321 172 -361 -33 -180 149 294 40 300 266 -2 230 -167 101 -277 -162 -209 -351 -121 343 -361 265 -108 -36 341 -337 -144 -172 -323 306 97 294 103 -119 -44 -241 -287 -163 108 -274 333 175 76 -171 -24 -160 354 -157 -328 138 24 -261 -92 -284 -289 -353 266 139 -41 -349 -359 -273 37 -24 -165 140 153 18 -206 10 -267 125 360 -245 -224 165 -4 158 107 129 256 -46 111 205 -236 -56 -49 119 139 -188 -9 349 229 -210 140 246 -250 252 50 -172 -197 -200 362 -223 163 -166 310 -224 274 -313 -167 290 -66 -189 199 183 207 -239 -347 255 -279
43 97 58 26 -239 -266 -241 36 -249 12 -25 224 -209 -34 -142 -154 294 58 -40 289 -328 96 -45 -282 -353 -69 225 122 201 -2 -246 -226 -337 20 197 -170 -136 312 355 62 121 177 259 276 -286 -295 109 24 76 137 -90 -7 -46 -151 24 326 -67 206 -322 351 241 285 163 88 160 342 -350 163 356 -265 119 -307 -243 63 -344 190 -111 -144 -146 327 -311 337 -261 35 5 196 329 18 -71 -121 253 181 -23 132 -21 -25 60 -215 -270 -168 -110 -227 -272 300 213 343 284 -304 -281 -87 106 204 -35 -2 -97 35 23 134 -230 -342 -253 356 73 -92 -132 -287 -180 -248
96 235 21 -30 331 -300 -63 229 207 -315 216 -301 -220 -7 105 224 9 233 315 103 293 151 287 -85 221 -165 -277 -221 -173 -280 -55 -49 284 -83 334 315 28 67 -221 342 -341 72 212 -349 114 -212 308 -17 357 317 -153 -306 282 -29 50 340 -44 155 -8 206 -160 -289 -226 -125 -279 -186 328 -100 190 -170 104 -122 258 166 282 170 80 -67 -320 -169 322 239 144 -39 -170 74 297 -232 360 215 -164 -298 -208 -329 194 253 351 -154 26 -206 -303 -226 -163 -277 -90 -132 112 222 128 -258 -52 144 -55 131 300 -117 327 -221 263 -23 231 -198 326 -33 238 302 349 242
185 -35 36 119 222 114 353 104 -298 -263 -113 -320 323 277 -319 -359 -293 205 147 310 -361 -360 302 186 -268 -219 -290 317 294 44 -134 -164 126 -293 304 347 -295 248 184 301 -177 -48 -202 214 -246 -305 125 319 -136 -193 359 -14 160 -222 -115 296 59 93 -332 254 356 -280 -163 160 -2 -78 292 172 194 -337 107 267 -258 341 258 -203 344 -328 -297 155 214 -285 -59 43 -141 -325 32 34 5 11 91 104 146 -176 -231 -58 56 -158 120 -120 -228 80 -174 -298 38 91 -320 -51 55 36 -314 -284 186 -289 280 233 -85 1 -10 -78 -25 276 -53 156 -134 -172 -221 -113
53 225 68 224 70 -333 -71 341 305 309 -71 -257 221 108 122 316 -195 170 -38 -37 -194 -332 277 -281 159 -75 141 249 51 -33 292 261 281 -198 126 -235 -93 -328 141 -223 329 78 -343 103 -63 15 47 46 287 19 280 -280 -169 73 -189 -256 58 -189 350 12 78 -86 -54 -292 -243 -270 -196 237 137 290 171 41 292 211 -235 -300 -63 24 172 27 358 228 -137 41 -269 78 -114 -269 -357 -244 -129 281 67 -30 -145 -75 -324 -17 -89 187 -93 271 -322 147 269 18 335 -342 184 -49 73 218 79 9 188 35 341 262 307 -215 -60 -274 -311 152 -209 -106 262 75
-25 73 98 -76 54 8 -19 -83 87 -220 96 22 99 151 304 230 -352 220 320 -145 -183 -179 -350 -242 163 -105 -54 -270 -360 -103 -56 -107 229 222 -29 -130 -341 -185 -140 -248 -76 -137 10 48 -143 224 -207 -45 212 -338 98 -355 -65 205 41 36 152 187 303 330 298 -60 -165 -32 147 289 298 -113 249 117 -150 179 -230 136 -182 296 -164 82 -141 330 290 63 218 206 -17 62 267 143 237 -36 -135 -105 283 215 35 231 -360 69 -278 -41 -280 178 78 78 235 361 212 310 117 -27 84 205 -34 89 -133 -349 -256 23 10 -45 -235 166 205 -141 -72 233 119 72
-25 299 -123 51 205 60 -331 2 168 -191 -181 114 -48 322 -304 -53 360 -144 -224 -41 -210 292 -291 236 -32 118 105 -300 139 -323 67 335 -182 -234 -170 -291 138 -227 -231 -122 -149 103 -348 -183 137 198 91 -90 81 -91 12 95 68 -291 -8 -96 -209 -314 -174 321 318 -128 15 -23 -142 327 -274 153 -219 -212 205 360 101 -142 -147 -326 310 284 330 272 67 319 109 296 70 220 -285 -23 -348 287 159 -70 -167 -110 85 261 88 -90 -343 -185 -315 -199 -60 -191 -76 34 -12 -298 -17 18 -173 -222 -184 95 -304 276 -190 -140 226 -297 205 -59 -51 118 -36 -249 -131 309
190 -105 -140 -111 -227 -335 -310 -86 291 6 130 -70 -29 -164 315 146 317 -122 -283 -303 292 -295 67 157 355 137 179 -319 -321 246 -362 -219 275 132 -286 45 -218 127 159 45 -221 -162 6 59 -38 -56 312 -286 -192 -258 247 202 320 -49 285 208 -359 -25 175 77 -336 151 -162 70 92 -306 -221 -200 -306 -282 3 256 42 -226 -280 0 176 316 99 -152 133 46 23 -21 -25 115 272 202 -141 265 78 134 152 -142 -348 2 -286 -8 -161 41 -332 180 -342 185 223 -93 181 280 -69 -252 -156 -221 163 62 -306 -250 358 45 127 -147 25 -231 188 73 -94 99 155 -183
-129 254 42 122 -61 287 -362 42 245 -88 228 -176 187 249 47 254 272 340 88 -39 314 132 -228 -207 -254 229 -350 -311 -277 222 162 -3 98 -139 -268 241 133 120 -178 215 -258 -315 351 134 -4 -178 75 -120 -226 -83 -310 -263 211 -210 -183 10 157 -70 154 -228 -320 191 214 -202 202 -254 32 -342 -117 -228 354 60 245 278 276 227 305 -169 355 -90 -64 142 8 -262 -184 -18 -194 204 -96 249 109 262 126 66 -328 2 -40 -178 87 55 -21 -212 -306 -170 -114 224 -17 -312 3 -58 138 -67 -343 197 336 -80 -235 350 312 -198 -128 -24 316 -264 339 55 306 -187
273 302 42 -271 -21 -142 -309 -296 168 -218 331 -293 -65 -288 104 -175 304 289 197 -292 325 -149 23 302 -107 43 -105 100 -102 -277 -272 -119 -232 -228 35 -209 161 -357 -320 65 198 -156 -48 239 319 138 -116 212 233 91 -279 -223 -179 -186 178 324 -340 -115 237 360 54 -105 -333 -225 275 -109 185 -326 -16 77 -14 -246 -36 -268 -289 -257 5 262 -186 -306 -77 7 191 -316 153 1 -4 175 200 31 -347 -226 -256 -315 -272 26 52 3 341 111 -230 142 57 72 118 273 150 256 -282 225 38 17 -34 318 228 -266 142 355 -88 331 -74 -39 -202 -356 174 -116 320 292
192 61 175 -93 318 -288 197 69 -135 -201 -211 34 132 344 167 -88 236 -43 -332 -360 156 -237 158 312 -121 339 -50 -35 -276 -63 160 -340 193 -66 337 -343 24 11 181 82 -276 -153 327 -337 252 166 -305 -60 303 88 50 13 310 353 296 -309 241 -318 -79 -159 -163 237 -287 91 267 39 311 -115 -148 -266 -348 -325 -93 -159 263 138 -98 -214 -275 -70 -43 334 76 357 360 -133 324 24 123 -216 4 229 -155 -163 -315 -302 -120 185 -244 131 331 -279 294 119 -77 244 106 298 258 244 191 98 -236 -149 90 51 265 62 215 -284 -183 69 -362 91 -117 -316 -75 268
-259 14 168 252 -292 -141 297 360 60 -117 239 -165 -202 -15 47 -144 113 -293 -63 -50 -135 -342 -80 -193 -108 -82 -77 159 36 -327 263 89 146 -309 -306 -4 -184 -120 -346 -118 -91 -216 -134 -14 297 196 292 -132 230 346 -254 -320 79 334 241 255 315 182 -361 319 -284 -345 109 132 -218 -247 279 170 228 351 50 246 -85 212 225 -224 128 121 -341 -69 -181 229 266 -217 -155 89 230 -6 -56 -203 107 257 -243 -283 -138 -324 -344 -300 -23 -287 -94 -69 -4 -125 -1 -221 216 275 214 20 -105 249 -229 335 -185 -285 174 161 160 -111 -104 111 163 315 220 -75 192 -137
251 98 102 -63 -183 -225 339 187 28 -237 185 -54 121 352 -136 -342 116 -92 315 -189 -245 23 -59 295 -118 -157 -8 136 102 124 -109 -357 268 218 330 266 295 148 321 -323 246 215 -272 -219 -161 -128 -64 167 -65 -258 145 275 157 121 -270 348 349 171 -358 -59 -226 -164 246 324 -221 -157 157 73 -83 218 205 -30 74 -244 -51 105 -53 149 177 230 0 -293 108 190 313 201 -262 -321 -166 246 346 105 0 171 296 21 -361 50 -276 -99 10 76 320 43 -107 -280 279 254 53 -268 -333 -127 219 332 112 153 333 224 148 -179 -233 253 33 -167 39 -121 342 -177
335 -190 -216 343 339 199 -238 168 -308 19 -347 -120 57 273 176 -141 299 -329 148 211 -241 -357 -80 58 -291 -183 -270 -69 267 -60 -143 60 224 -33 52 -276 201 139 236 -240 -139 -41 -5 350 -260 -71 151 -284 251 -223 158 150 146 292 98 313 298 234 102 -207 -195 148 -40 346 -41 265 -320 -170 -78 200 -263 56 -157 -268 57 -198 -174 0 -116 301 199 -84 -332 194 -342 -217 -55 -92 184 189 34 -13 -284 57 39 115 118 -57 -113 -264 157 -331 291 321 200 81 -16 -300 212 89 260 207 172 -286 325 2 -183 277 -34 300 270 -179 286 -101 104 176 -280 -130
264 -53 -235 -355 -197 -252 -1 246 -184 -262 356 -194 276 144 340 99 1 -330 226 -103 -121 146 -126 -19 -38 360 -139 -217 -98 51 116 -74 -185 325 3 150 283 151 -296 -360 327 287 179 248 268 -149 -42 354 -109 -221 251 2 -184 -169 -71 -261 -61 -183 -189 -56 -233 316 190 -50 -152 -223 47 0 246 -136 -14 -359 -25 267 -46 64 193 236 257 -233 2 29 73 307 -16 -245 156 103 -122 -206 -284 136 -226 213 -53 -93 243 70 -88 -179 -345 162 256 -133 -197 34 150 281 -128 113 -34 90 190 -136 99 298 23 313 -117 235 126 -336 -248 -195 187 -260 30 -199
35 -329 190 99 267 -255 53 -106 286 205 307 152 100 -225 234 -283 14 -342 34 35 71 223 295 -12 -150 -66 -108 -321 -305 -269 -176 331 28 -214 175 -155 174 275 358 164 62 -68 147 -128 -252 49 111 -86 -257 -183 203 5 -188 -329 16 -2 164 -63 -207 360 71 270 149 -92 -278 132 -239 215 176 276 139 322 -86 198 168 -358 -58 -265 -281 174 -342 359 -267 214 127 -16 0 359 269 -309 195 164 -175 165 -223 -54 28 181 269 -10 -276 -356 -99 -169 -186 293 159 16 46 226 -51 140 78 -151 -196 -123 71 -294 -129 -48 259 83 -93 360 -339 63 -266 153
-211 -310 -208 18 246 312 330 342 -235 -177 -208 -222 -321 -88 -126 -352 102 248 -324 111 -58 -115 203 215 -298 195 -149 197 324 -43 -283 -100 -244 321 -321 -207 -119 -307 143 -329 -177 -322 -48 -243 122 -245 331 267 -73 -165 -272 181 220 -310 -46 219 203 -62 283 86 333 32 231 -235 -105 85 -177 -249 -67 343 -153 176 -13 358 9 147 -45 53 -258 -239 158 -304 -244 -205 130 253 109 135 43 -224 173 -300 223 229 -40 242 -248 -315 -91 30 243 -340 252 -16 78 99 24 322 -333 -2 209 352 344 -346 -26 -42 -126 -207 351 -182 313 130 -283 -282 68 -57 -159 39
-265 286 -350 -21 -121 280 -210 167 96 324 245 -274 58 286 238 184 -79 -83 299 35 -125 -78 -278 -85 234 14 -179 -253 228 148 102 -261 -152 306 -168 92 251 -361 213 230 -293 -320 120 60 -262 110 -155 -345 -253 -350 37 -49 295 289 -300 -72 -276 -12 105 -327 216 -82 -297 163 119 -61 -321 341 -155 143 13 -18 345 -39 -160 139 106 -8 -268 323 -258 -291 77 -32 207 26 -133 216 209 -206 182 -297 -62 254 138 -309 192 -103 76 -165 157 -102 89 292 91 -324 -48 100 -218 -237 119 -352 213 -218 226 -294 -281 233 105 -133 291 -309 -14 198 5 76 26 129
-1 -246 -272 110 -190 172 -23 -235 -135 310 -310 289 -57 -280 -147 -205 7 -174 -349 -98 -77 307 -78 65 348 -46 -71 -260 120 -23 127 318 166 254 278 -215 318 -56 234 -321 -295 111 199 272 -259 305 -300 282 -146 140 102 -359 -27 150 -269 -232 -20 144 -232 288 -297 -199 -328 -125 69 134 -209 -133 -87 -164 -231 37 144 284 69 -31 -256 -147 -31 135 -169 172 -199 238 91 334 317 -119 -143 -278 273 -87 -252 40 198 -102 317 -22 -345 -44 306 -227 51 -50 295 128 -214 318 336 -105 -26 316 -125 177 216 114 -73 -241 -227 143 -70 300 130 356 -263 111 -265 -33
57 231 359 66 -85 -57 -113 -21 20 -206 134 -87 138 -357 91 212 -16 338 214 -111 -304 342 88 -254 181 69 -271 -325 -267 69 255 -13 127 -263 191 331 -105 221 -183 -279 128 166 119 -192 9 -94 -238 -52 253 91 -340 -327 148 286 194 229 144 233 256 -201 289 -5 66 -243 1 -158 -217 78 254 -302 265 -108 184 -138 360 -111 195 82 -229 -74 147 -67 270 -116 -266 -103 -156 -95 282 -213 -56 -18 -287 -159 62 -208 -127 135 9 -51 -221 -240 303 -39 -343 -178 166 333 101 191 36 137 339 102 155 317 -336 -33 -218 231 88 353 -308 -286 -21 -321 -47 96
54 -77 -183 330 -239 128 -100 43 88 -263 260 59 290 70 -208 12 225 -262 -174 -330 -12 317 338 278 269 117 -208 -175 -247 155 316 -195 185 -69 290 125 -124 305 231 9 -305 -212 37 -304 -211 257 118 176 173 345 125 177 -110 182 318 227 182 -353 204 336 302 -137 114 -101 -242 278 -132 357 303 -269 245 354 -210 -110 -209 -53 -91 173 -8 -136 355 246 -326 -208 -254 267 -9 -248 235 -138 86 -90 -88 -217 2 -18 300 -251 206 44 -158 336 19 47 273 -104 -245 -170 255 353 24 250 321 -138 313 48 160 -256 162 -166 -251 243 -236 18 313 -201 -93 -190
125 -295 -204 -61 -221 -276 131 -112 -87 -235 91 -241 -339 78 317 -75 269 357 332 -167 -297 238 -260 -25 288 -156 -342 148 -86 -293 -240 -199 -193 69 -197 -147 -307 19 6 -148 173 -129 32 -288 -26 -85 -156 179 -246 158 -276 100 -276 -277 -353 -340 -144 70 -261 -226 173 -77 -212 -142 180 203 -36 224 320 1 326 274 -327 -51 140 332 186 303 -61 -218 284 214 -286 180 -19 -192 -67 155 -124 115 219 245 -138 27 258 209 -41 32 247 -121 -361 115 -103 282 -303 -206 -59 -13 242 -217 -143 -21 -61 -270 284 144 345 89 -86 282 -106 -115 -88 -269 145 257 314 -216
-143 256 293 -144 -231 -88 143 -340 -151 -269 -17 20 332 -34 -29 -196 269 -234 -231 90 -104 267 45 79 -332 -111 -240 -302 -336 135 -354 -147 317 -288 213 26 110 -13 332 -303 59 215 130 41 -267 -297 267 77 -268 -215 315 287 -94 -137 -72 60 279 -340 182 82 62 93 287 37 109 -6 60 78 12 227 -339 186 233 -123 -48 -93 -329 -68 54 298 -248 252 -82 297 85 203 41 157 -314 41 -288 89 336 128 -27 -84 -126 -169 -53 300 241 -14 133 -190 -323 -185 137 134 -301 158 78 -180 258 -244 -144 -192 -192 32 77 -173 -174 55 288 42 134 71 116 -203
-79 198 359 -80 -153 335 -235 85 293 321 152 -309 -71 215 38 -315 336 268 35 -264 -192 -232 98 166 -109 -227 306 116 195 197 274 -118 207 -128 73 308 92 -114 119 75 56 -129 -357 -229 -306 10 -152 -148 101 -222 -112 -129 0 211 -94 186 -59 -244 151 -29 158 -36 -228 101 295 -93 241 270 66 -37 17 344 86 -108 -278 68 -261 -205 -108 -87 242 -44 347 35 7 -53 174 350 -273 133 262 -200 -296 14 -110 -63 126 325 99 54 -146 198 351 22 -113 242 -152 -146 152 244 -348 166 -265 -297 253 -228 311 -108 -258 66 -210 -298 -305 333 -252 -180 234 325
42 113 302 75 61 9 208 -211 -223 61 209 -307 -117 -51 -54 -103 123 306 319 353 130 107 -126 237 -119 -170 -247 220 -41 -161 263 329 13 -358 -2 -239 -299 261 310 -40 -153 42 328 -127 -189 76 -77 -272 -171 -162 -333 -14 -137 -246 -268 -166 316 -200 140 -179 -233 17 -255 47 264 351 215 -318 -6 160 50 -285 -325 -276 361 -270 -20 223 280 -40 149 161 32 112 261 -11 131 236 -303 27 -189 -135 -140 -60 284 -108 341 346 -113 -5 177 93 -20 -164 -258 -94 347 205 -87 -231 -18 197 357 185 -196 -325 -234 335 -236 160 115 300 -247 286 49 -60 280 -22
55 223 75 142 -15 92 55 -126 -206 -141 -243 -348 -133 -265 -154 -80 335 85 -250 157 -100 -275 298 9 87 58 -49 -291 -189 -275 -160 283 -83 -101 298 -304 227 320 -330 276 341 -120 -95 247 -229 -256 -274 135 -300 99 -2 361 119 -345 -358 -66 -262 323 -238 202 -303 -116 42 111 19 -289 -180 -172 -103 -361 28 -261 71 104 -132 -88 276 -320 -265 149 -115 57 162 -224 -284 -351 249 141 -151 167 -17 -254 341 344 11 -52 292 239 348 -32 -121 94 5 119 186 159 281 14 23 -261 -117 238 -265 190 72 278 -341 -12 -260 -326 311 338 -117 215 -194 358 -319 75
187 262 -325 31 -82 116 220 321 -321 -212 190 297 284 150 -76 -284 167 227 40 72 351 41 -21 262 -57 -201 -17 -137 250 188 -105 -244 -62 133 4 77 192 163 -147 -176 35 -56 142 343 -59 251 197 329 339 67 -282 -181 -130 -115 215 -338 -187 262 141 155 203 -68 -10 2 -230 -305 299 -205 -56 140 -205 173 -288 333 -275 139 216 -93 109 -59 65 -241 -352 -63 305 -305 -357 -110 57 182 85 50 168 -287 92 -322 -300 73 10 -162 165 285 -141 73 -29 230 182 103 -119 218 339 -206 175 -160 187 251 -54 174 -156 -196 308 -351 104 310 -93 -312 106 -245
133 -348 286 -158 354 -117 -80 143 319 69 -347 -69 -61 307 -116 -286 -40 205 -200 -331 142 221 -135 174 -96 -78 249 133 30 228 234 -268 252 -286 -358 159 -302 149 -147 -104 347 98 -238 -296 296 57 -214 83 199 -100 -48 -214 221 239 131 271 -281 -323 6 342 -48 -138 362 46 287 -327 280 -4 95 288 6 -224 135 -21 194 -174 230 -77 36 -197 164 177 -63 45 37 -360 -186 -7 222 263 64 177 98 31 -72 -258 -30 -170 285 -211 192 7 -185 109 -20 -6 -77 181 99 32 103 -128 -134 135 26 329 -267 -317 72 -319 124 110 319 74 -42 325 23 -16
-285 35 -209 -96 -73 -62 156 256 -164 290 -297 118 43 -203 6 1 -172 124 263 -161 -345 -133 -57 108 -25 318 97 167 -109 297 -19 248 108 -169 -75 138 194 -283 311 18 -88 127 232 242 -159 21 -353 351 305 -301 -86 -99 -360 -313 282 -119 91 105 37 -153 -216 2 -199 220 150 91 43 223 67 323 113 151 -296 -205 -290 250 -244 216 3 185 154 -225 -361 -30 174 -211 -271 -255 273 294 -300 -265 198 341 241 325 -60 93 351 -299 191 -33 -116 325 -46 132 271 49 342 -176 208 -358 201 -161 355 -297 72 159 351 25 -309 -352 169 -310 -207 202 -101 51
-84 -55 -277 352 321 155 193 -66 -247 -193 -134 -219 -186 339 -31 -342 354 4 -95 141 0 108 315 30 -19 -287 -123 -49 51 237 -173 -282 -192 -244 283 -67 -110 259 67 -33 159 -209 -192 -98 8 -283 227 23 98 -4 -147 -276 94 -285 279 187 -131 -254 -323 -191 58 205 -200 120 116 -288 354 -321 60 -358 -12 22 104 -66 -61 -223 290 90 152 -281 341 -83 70 185 -100 9 -256 240 -221 -238 -50 94 62 285 186 36 204 220 61 -4 -58 -101 167 246 331 -12 -187 -222 -229 207 22 143 -89 -186 -291 -137 265 24 -357 -183 -351 -314 256 -144 -113 -44 -156 -248
12 63 -301 -37 342 280 362 -96 -160 162 52 160 -362 -27 -85 121 -152 269 88 -141 -196 -201 -135 -33 344 221 219 -77 221 325 11 86 358 277 97 208 -84 253 -266 -353 211 192 -347 308 -313 -163 -45 316 30 -40 -263 -199 -4 -97 -260 96 225 208 73 332 -188 224 -3 160 -323 270 162 49 90 -60 -275 236 329 351 -325 -359 92 -233 -1 -252 242 -316 113 -303 2 -326 -256 200 50 -215 -229 -154 -279 20 314 312 -301 106 -170 -354 -197 48 162 -195 -50 185 -130 293 -213 -212 309 -26 347 -205 -150 -301 -173 -356 -329 -211 251 120 170 -214 -129 43 -15 76
333 152 -176 -339 -347 213 259 31 -134 -106 64 -195 -25 78 175 106 -219 332 -312 -212 -236 -19 -339 253 123 13 36 16 46 154 -97 -332 -48 -240 303 6 -183 -125 -211 131 -120 251 210 -189 116 -28 1 342 360 281 249 -155 -232 283 229 42 317 255 -40 210 225 342 210 -328 -220 -260 81 152 -137 -259 -333 -277 -172 -105 186 168 267 34 127 -186 -64 144 -248 307 166 -108 124 -56 198 -52 -247 174 218 25 -201 299 -259 -38 113 -119 227 49 -134 302 -294 329 -129 -197 185 281 264 -194 303 -254 -292 -135 149 78 236 27 328 136 59 -330 -208 163 -187 -202
-207 -340 36 -159 199 -81 -128 2 174 -359 -41 51 -72 292 233 -48 222 -328 179 -313 -145 222 104 127 91 -192 92 345 -83 -267 85 133 2 187 143 257 -280 11 354 -69 329 168 85 -231 340 222 -341 63 191 101 174 166 -24 -252 -44 -141 -36 -21 22 39 361 217 -305 -129 153 -342 -248 219 -154 245 -177 58 -346 41 -137 289 135 -132 178 -268 -163 -67 -262 42 -290 -251 7 -85 -10 -153 147 22 -224 215 251 -294 3 -10 93 322 327 45 133 27 -311 120 -172 197 -118 119 280 217 -49 -296 -351 224 -219 -82 200 53 -136 22 -274 -23 -355 292 -296 100
195 -50 176 68 -355 341 270 -9 -329 250 -323 268 -66 241 172 341 250 -309 36 173 99 88 -276 -27 158 200 -240 313 289 -194 -261 -278 -147 283 -172 150 203 -185 280 -2 -155 -302 -198 157 -290 -72 215 -296 -25 5 218 157 146 20 43 -104 -111 -263 71 123 345 -280 240 80 115 -277 267 268 -212 -265 184 -200 -148 67 92 336 -44 183 -27 284 -282 -290 -165 -322 -70 308 20 321 -331 329 -139 -83 -65 288 33 -156 93 361 201 126 311 -57 226 -313 -123 101 -252 232 298 148 -188 251 111 -200 20 337 -160 187 289 107 109 -41 -80 158 89 -301 3 212
109 190 275 59 -342 -19 -216 -145 176 -31 274 292 145 -349 149 -77 -324 -19 90 33 88 -208 133 259 115 -96 337 -104 204 -278 -211 283 -98 -292 303 -269 -30 -199 -203 -280 356 -263 -267 38 -93 -348 -258 272 -188 29 -89 -273 252 -238 -201 -56 -193 -182 -185 294 54 -73 170 -119 -208 37 -16 74 291 -201 355 -133 307 204 174 202 -297 -39 297 -44 -4 170 77 3 121 35 -331 64 -337 -309 -138 -142 161 -63 125 -360 50 342 138 53 -110 -153 -317 -303 -54 -91 -302 310 -311 216 -25 -51 -133 25 159 -196 -296 -237 -126 56 -74 143 118 79 227 -33 94 257
269 -220 -286 351 -311 -246 -54 -154 344 -94 217 163 164 269 -62 -347 73 12 193 83 302 -323 307 -245 -231 -340 -163 337 -266 151 262 -158 -339 -354 119 72 -66 10 -45 -101 -29 10 175 -294 -233 43 -193 48 139 -318 80 142 -121 -335 25 -12 221 265 -50 -17 168 -64 133 -235 -308 207 45 -321 176 187 -1 132 361 -344 211 50 -35 105 -142 -199 -302 -345 132 310 193 -281 192 -289 310 -46 199 309 100 -264 27 -140 148 -115 -108 23 252 -239 -286 239 289 78 -6 309 -233 -49 -310 39 356 -153 -161 259 317 38 162 359 347 240 -92 -304 194 -235 42 344
145 -177 -203 78 -55 -43 -23 -31 -264 -96 338 -257 231 -184 -37 -238 -7 24 -222 -326 -217 -284 -24 60 195 -57 280 -47 348 -131 -356 -222 46 159 283 -140 -321 -21 -272 323 -232 154 166 157 -123 208 174 -60 -272 -295 272 219 -175 179 -352 352 15 311 51 -243 -284 335 261 42 339 -253 106 253 -193 -262 234 304 90 129 -281 -238 182 -272 54 -102 64 -302 -302 15 -179 -308 -127 53 -308 250 -150 -170 -281 54 131 -249 -15 -207 131 244 327 239 95 226 -127 -295 -196 347 13 -10 272 351 -356 -55 -129 -262 178 333 -245 -303 -188 -107 62 245 -225 331 120 347
-121 184 -87 227 -37 -327 -65 -197 -108 -178 288 -60 39 -228 165 175 -294 -47 -297 -293 -151 -19 203 209 56 -18 59 327 25 355 13 -308 -169 -289 103 267 -81 -132 172 194 -50 -347 -338 119 -284 49 302 -225 110 -279 15 235 334 -219 -180 -296 -77 -89 238 139 -47 -5 215 105 -58 -105 -248 -196 -169 -116 140 -219 -176 171 35 351 -236 -262 48 -179 165 200 204 32 45 -106 33 -355 223 -248 299 15 137 254 339 262 119 12 -181 -357 -73 -88 -101 180 -172 -117 285 280 -96 -298 99 203 -44 -273 68 231 -238 -57 19 -295 348 -186 92 -18 104 -210 -124 -310
-79 -123 -235 -135 -191 -115 -272 -10 -289 1 143 -229 277 108 265 82 284 163 144 237 76 263 -286 -228 244 -177 -236 84 -56 -243 291 -346 -208 -314 174 -135 35 255 231 15 264 168 -321 -182 -85 -273 -137 320 -115 -297 301 284 -220 2 -50 6 -109 -140 -122 117 175 123 -255 -211 46 -131 -26 -359 -342 -164 5 -76 324 -38 71 354 -68 20 -50 -348 214 -31 39 -245 -39 236 314 110 -19 -344 230 235 6 95 332 142 18 -311 -66 180 -212 249 -266 352 -229 -164 -347 -29 -260 189 -130 135 41 -41 45 -153 -270 300 -6 218 281 -162 323 -38 -142 -12 -111 84
358 311 194 59 327 -348 -272 -330 238 238 -171 -115 40 171 -248 -295 138 239 -276 -309 -223 325 191 124 359 334 -210 -110 -133 350 88 -100 183 -109 -171 236 -128 -241 281 -193 225 77 -15 117 -344 -42 -233 -159 -58 -235 -103 -278 -347 -23 25 -196 -87 2 79 -346 -309 -264 194 -253 -67 -99 96 218 218 -99 -213 195 47 85 -36 312 -339 -102 -26 361 132 96 -303 185 202 -118 101 50 261 195 339 339 -255 334 -241 184 108 214 69 -185 -357 286 -149 -70 -223 131 -270 313 74 -329 109 -195 176 -211 -151 168 -339 28 36 359 196 -230 -245 312 -297 304 220 103
-66 280 -197 203 42 -87 31 -335 278 338 61 -220 -158 -58 -336 -345 317 316 -250 3 -236 166 -35 358 -175 198 -248 -189 -278 -346 -355 259 193 -158 309 105 -167 -259 157 182 -183 210 -238 271 -270 -171 88 171 -63 -22 -58 252 -44 -244 157 77 -260 98 170 -211 73 -358 -19 -214 171 78 -339 357 157 -355 195 -317 -8 319 355 -320 -326 285 14 170 -305 -223 -161 314 177 137 150 -217 -3 -175 -156 -51 24 194 -315 -206 -92 314 -159 299 345 110 -139 183 -53 -213 282 291 156 279 -219 -160 351 -60 7 237 47 -189 100 -141 136 359 239 4 314 -141 -174 -118
-68 -342 -199 -175 -197 -244 148 -108 33 -170 -154 -323 229 40 -155 -175 -315 348 7 310 -250 -164 -13 214 122 -202 262 310 -73 294 86 -209 -142 46 204 -254 -310 -63 64 -193 -48 -17 222 136 356 153 -215 -361 320 60 257 255 265 360 -82 -347 -153 345 169 17 142 77 255 -189 138 -65 250 -348 -99 284 -334 165 297 174 -177 -251 -343 -178 266 -333 -152 -28 -263 -174 -196 283 -260 -356 -13 105 31 199 -16 -222 140 286 -214 190 14 344 61 -143 -194 296 343 151 318 167 -104 118 168 218 -146 87 -285 -18 -257 -318 -331 293 -265 -116 -277 -193 -338 266 -141 -207
-32 -353 -167 282 196 -350 -335 -253 88 -38 -275 263 190 -316 -194 151 -148 290 64 29 -32 146 -87 -254 235 177 -179 -85 -162 -247 191 188 -259 -279 143 43 -147 -144 -152 -61 -51 136 288 342 -183 -71 -164 309 155 242 -140 131 298 -29 185 118 -327 -90 53 127 -110 271 -289 125 177 122 145 39 162 276 -177 -334 -57 -246 -300 8 -191 -235 -235 -70 -336 -212 -9 356 -255 134 129 263 -142 294 -280 -132 151 332 2 290 -83 -335 -212 42 97 80 -316 -110 200 -199 154 -81 190 236 -330 292 275 80 -168 25 -127 123 -93 54 8 5 -356 -353 312 -108 -281 35
106 18 354 -174 254 340 -70 -130 -31 -192 -163 -36 -85 331 154 236 -313 -168 276 -229 84 64 -244 -315 3 -27 -176 137 -63 277 75 -74 349 -288 -333 212 -246 -323 -186 -13 -69 150 264 -205 143 -171 159 68 37 -105 8 -251 72 -132 -337 -67 -165 169 -241 -47 -32 -6 93 201 -239 -156 104 -58 291 134 -30 356 -213 273 -77 67 -88 -269 -134 219 143 -83 -28 264 -68 -338 172 222 -122 299 60 -269 345 -174 -346 191 357 98 -246 246 -184 299 -132 -241 193 -319 225 177 -273 -156 133 305 -129 175 200 -37 -311 -263 256 -200 31 70 13 209 -346 -142 246 -289
-158 83 49 -37 -136 213 298 -352 144 280 -312 93 245 -200 169 -354 261 80 -235 -28 -142 -143 -257 -326 -45 -144 86 -91 -266 -337 94 254 -173 -92 110 324 -202 -301 -141 -321 -66 95 223 -362 -231 -40 -227 -72 346 219 91 -265 -307 -40 -19 -42 -40 99 -230 -361 131 -327 309 -110 -299 243 -55 255 -228 220 -341 -159 356 229 91 -196 -176 55 -82 76 -198 254 -243 105 13 164 -312 -276 173 261 148 -98 153 -252 -319 -44 -234 158 -49 -328 -151 -317 24 -34 -98 -225 262 -64 -181 -3 320 20 -74 -178 18 59 197 204 -109 -244 292 162 -351 -247 306 -137 -177 -240
288 -293 193 -198 275 -177 197 -12 -135 353 -330 -1 199 280 127 146 329 133 148 351 -206 -330 36 -125 -90 275 -237 -272 157 -137 48 236 -200 -174 -159 217 -141 -340 -350 126 318 273 -190 344 -240 -144 297 -244 229 179 -160 -14 -4 -24 305 85 -114 7 29 62 131 -258 190 -80 31 -347 -244 -201 -56 9 176 130 12 -42 13 -26 9 258 36 -178 213 -322 -352 -171 -138 231 312 230 -36 -361 40 -312 -195 264 -280 -338 41 -101 100 -87 -345 66 -353 -240 -106 361 -277 -72 272 -116 -87 -12 324 175 -257 13 192 273 -138 351 33 -164 -351 87 -295 -267 284 -117
50 -353 -29 -211 -250 -325 -149 -161 -75 -101 -169 -299 -193 39 -342 300 272 -95 -63 -45 -54 336 183 -45 319 -323 -49 197 -239 314 325 -252 29 54 315 314 -303 -23 -356 353 57 -282 -282 -162 -354 -26 231 -262 -37 324 328 -263 194 -23 -231 -184 128 -357 219 165 -259 -70 7 -92 20 -121 178 281 -53 -284 26 -244 -319 154 -342 -343 149 191 251 -275 -38 65 179 340 319 274 -119 -157 -361 -323 -93 -55 188 -94 282 -72 -120 331 -126 345 36 -94 -217 335 -219 -206 -120 -266 -340 -93 -330 -171 -179 -225 223 138 -351 -143 -330 -198 80 -327 204 -109 91 -124 -268 235
