278 -353 238 -357 -217 -224 -120 -201 497 194 -203 -325 29 494 336 242 -112 443 41 -244 216 69 70 113 -109 -157 -363 -465 323 4 103 162 -91 -273 346 -400 469 -499 -19 99 -183 -173 -304 -382 -436 -404 444 420 -417 472 294 196 62 208 -90 -456 -258 -384 106 311 390 -454 100 -32
454 -435 470 321 -276 53 -237 404 -422 -396 -447 383 -47 282 -260 121 -455 477 -151 -368 449 339 -276 -321 -271 265 145 58 -184 250 -390 -499 -31 16 -154 -260 181 111 381 -67 -167 60 -434 -188 429 -165 -152 -183 478 121 -352 -30 319 154 -34 466 -281 436 -317 84 -358 -441 -483 204
353 455 -133 205 -307 -206 134 -417 301 -230 -437 81 -465 -36 39 48 -343 -328 -183 -2 -345 343 190 -503 -411 328 -274 -249 451 452 432 218 -252 -139 -241 -300 445 230 225 -474 26 -433 271 -22 -107 237 -440 347 51 -286 498 -206 -387 -312 -414 171 236 -266 -180 170 411 -413 388 -239
-375 474 -442 -108 -149 -217 -342 -374 375 -432 425 -132 -502 167 -255 -442 -468 177 22 -40 449 234 -263 -375 240 277 194 -300 -415 245 -206 9 -464 339 -399 405 488 85 199 461 85 -130 485 398 418 84 -239 -301 -440 -119 141 -438 -187 0 212 -10 333 330 -451 -454 326 -498 481 -288
-185 197 416 108 -343 34 468 -240 -200 -327 -418 72 -271 -104 141 -443 238 55 330 -226 136 40 -91 22 114 322 -245 -467 -323 -56 -122 441 361 168 174 -336 -32 -367 -250 76 -476 -182 -231 136 -22 -117 378 -367 276 -465 457 -313 -421 -6 -103 -481 505 234 359 412 -339 167 155 -428
-170 150 -379 -446 -149 -143 75 -277 -258 -58 -11 510 -414 -379 -230 476 399 300 -271 -355 -137 -421 -26 209 -411 -112 -75 407 -177 450 315 -209 76 83 212 380 295 -313 -75 -46 -124 -493 303 -26 442 459 126 157 -316 432 195 98 -500 234 -122 -76 363 -502 328 -63 337 -8 -364 -22
-478 -115 -248 -53 379 -471 -345 -440 309 -456 -439 409 129 159 -69 -109 451 90 -81 -228 -76 250 -246 -220 184 316 -466 -249 9 -389 -295 -440 153 -240 -110 -47 152 -350 511 403 -37 179 -216 348 -352 -70 -249 186 400 -374 442 -2 445 260 400 -347 473 306 472 195 -466 -264 110 -61
-30 292 -208 395 96 416 -438 181 312 -278 -258 -87 -124 -225 -442 -312 -509 43 -240 -477 24 430 -457 -209 82 407 140 457 29 -387 490 -245 469 -430 -351 329 -487 409 489 -27 -27 483 459 -322 -6 90 76 299 425 336 -35 328 -325 -262 -330 -500 -285 -486 -158 -276 3 85 169 330
168 -256 -206 337 213 164 -75 473 95 -362 393 -336 5 -101 78 -44 142 -283 417 226 -353 -340 108 -266 276 -231 374 -247 -506 -270 -317 -252 205 424 75 -114 77 -337 -171 42 140 -456 177 196 -423 -376 172 -491 -191 -133 -70 -16 398 456 126 226 167 22 283 -449 85 175 309 -174
-152 -86 218 -114 -322 -243 -58 -469 40 -137 -493 356 373 85 -466 -203 472 -283 250 -85 -135 -27 -192 73 410 26 -439 -472 267 -188 273 366 -93 223 -285 -162 239 177 198 -246 -459 399 129 99 -347 325 -321 -420 39 441 485 442 -212 -198 -17 59 497 -53 -247 -37 -201 -468 -66 173
370 186 471 -176 50 -383 -317 373 -33 224 -38 76 -106 -482 199 -371 328 239 459 -133 310 151 504 374 -30 -48 247 -410 129 476 441 446 -58 108 -419 -144 228 -307 244 -200 -176 -155 274 -505 159 -362 -120 -80 -337 -277 143 -33 -435 -239 -17 -266 156 21 383 28 310 -213 -115 412
378 -191 202 37 322 -190 439 303 112 402 -337 17 225 363 374 -53 193 211 337 -458 -491 419 -56 194 3 11 -433 -428 -465 -119 -71 -362 -1 -102 -261 193 219 -422 -431 -340 126 155 473 -405 260 268 472 -200 428 -68 -459 107 -74 435 443 157 206 -501 -468 -437 -115 17 51 176
152 -262 -303 91 -292 -240 -51 -257 25 5 -506 448 -370 -354 -241 -320 292 -373 382 90 419 -462 268 -338 -208 -39 -288 194 149 138 -497 471 115 12 349 5 169 153 374 20 354 -159 -228 69 199 -313 -276 -233 15 303 -392 -412 -480 312 357 -327 414 404 -421 -335 470 -412 -323 8
309 250 -60 -287 -439 52 62 485 -174 310 506 16 -349 226 70 97 125 -36 -32 36 -322 355 51 40 208 -99 40 -454 -494 241 -16 348 -150 187 30 -10 98 336 97 -151 127 187 66 -28 -29 -420 -97 -408 249 -196 271 474 73 -99 375 -34 359 81 387 89 278 -314 126 -29
-506 -304 363 -44 141 -283 322 -28 -11 -267 -36 459 512 13 -133 251 -286 10 -15 189 247 -375 -202 308 -445 -294 -308 400 -474 405 -114 390 -254 -123 235 -385 61 41 459 -53 -451 -446 -297 377 -150 425 -141 505 -180 -129 498 -215 488 488 320 -382 -448 -196 263 -506 196 502 3 -425
224 460 -502 -180 13 -321 103 502 177 -1 145 -238 388 -321 447 -168 -126 492 20 304 -223 -273 -429 -47 345 474 363 -193 480 104 -121 -356 347 3 214 -224 148 168 -214 331 -152 460 -326 116 -361 -3 445 344 -111 -78 -179 -386 -136 -368 -314 -394 182 -301 331 -42 155 -442 359 -80
-410 -477 75 12 155 -328 -463 91 -335 3 -194 -238 -193 -330 407 -255 -453 3 -468 -336 117 -232 179 79 322 -502 477 -305 486 486 45 -38 -339 -40 -383 -196 -7 37 303 -319 32 312 69 -512 411 268 -268 -308 100 147 454 432 -273 -147 508 372 336 -246 147 315 -115 309 -462 -98
-257 260 363 -284 329 -99 -304 -166 -146 -90 -327 478 370 393 -138 -499 -457 341 -47 111 317 -109 476 397 -436 -485 396 -143 -241 -225 459 -60 224 -267 434 71 26 150 404 343 399 2 -456 -451 322 318 310 483 -461 175 -452 -25 363 -68 -173 -280 92 413 98 -284 68 -19 -466 -456
-165 -212 241 69 420 -480 270 18 -357 -2 -59 -81 296 237 211 -399 -248 41 106 124 -205 402 502 89 238 427 417 369 -29 137 -410 311 -449 442 -40 122 -133 -205 -248 267 -60 -108 -311 -1 364 390 294 372 -259 -104 -321 -440 401 221 -180 -391 -13 -451 -461 78 -95 257 -465 -412
320 -83 -20 142 369 -220 91 -175 -290 274 -345 433 414 -286 -128 -268 -334 -367 -354 178 484 -288 -386 138 286 -123 279 -380 -467 -75 205 -250 83 -475 -89 -286 58 -199 338 304 120 -426 29 -273 394 189 129 -206 67 438 -429 99 154 -423 461 -365 449 26 415 -400 -100 465 -208 -94
199 494 -449 361 -250 -327 55 -8 -279 192 -215 -276 236 481 77 -141 -357 52 -433 -364 -360 -252 371 89 382 110 -476 -437 -96 35 -330 300 246 341 267 133 500 -207 -434 223 76 -306 53 508 -201 -340 357 450 -447 261 -70 -310 -441 221 -37 158 -485 -222 -89 441 84 411 264 448
216 189 410 148 -18 -359 28 478 10 -252 -266 -275 -32 -228 -239 466 -439 -233 276 444 74 257 -378 -44 82 324 -218 -364 -345 449 -349 -454 -262 311 -209 484 -132 -355 -238 74 66 438 -171 117 265 443 -428 -316 -220 65 112 115 290 -221 -332 -8 192 -115 152 -446 -41 303 296 242
-346 369 -402 -169 223 283 324 248 -222 492 -448 190 404 -482 503 -402 191 190 314 267 -233 -137 505 -388 298 -262 318 375 -332 36 89 -189 -110 114 24 -413 -139 -258 -260 -141 -60 -414 188 409 -403 470 99 -342 386 497 402 -137 416 -231 61 479 -234 474 296 335 126 420 210 70
-353 -96 154 126 -373 -128 271 214 -495 440 448 61 447 315 283 438 -186 62 -259 -129 -11 422 345 -327 -184 477 -316 -234 379 149 -165 366 -54 -53 493 408 -14 -198 129 197 -419 -367 -17 -141 -354 104 -429 353 -415 -117 16 -359 377 -415 -66 -338 281 -409 -451 -478 377 298 472 482
431 -17 -116 -183 164 -372 510 -220 271 -124 309 -388 -398 146 -1 -326 454 110 -470 113 23 194 -437 -470 -351 -146 -143 -324 441 -88 -22 151 -8 348 -139 12 -473 -225 -14 358 -25 363 161 -139 404 -141 266 -159 -485 56 276 148 350 446 -185 -356 302 87 -367 288 -255 -312 -416 -75
-347 -342 -326 -137 181 -233 357 32 -181 435 -49 304 -43 382 -429 -359 -232 435 -249 -346 122 386 -110 -251 -384 -40 63 130 337 -270 -119 154 -34 262 -445 158 -297 -121 333 -247 476 59 315 406 419 -492 -72 -399 -150 -302 -70 106 167 488 70 361 126 88 285 -109 -353 -398 -126 479
-188 402 -177 -443 254 -19 -227 4 305 -172 466 272 -234 217 59 -475 -362 -259 -293 387 -279 211 -36 -170 -47 47 -217 -27 85 -454 -129 302 -11 73 -24 158 217 -342 -164 -257 220 37 66 -44 481 58 -392 -388 172 94 213 -82 150 -190 -183 16 422 -47 209 180 396 -462 7 -228
-141 345 58 -171 -429 205 9 -194 438 392 419 -379 197 270 251 -202 222 -294 -233 435 -416 -318 -118 391 191 -71 -366 219 -389 -498 -49 -12 -474 278 -263 -239 -400 -121 -176 -375 -222 -461 -487 -110 -412 13 234 -332 200 318 510 -134 -445 -206 419 213 -482 376 -331 241 -241 175 109 298
-424 226 -192 196 374 466 276 -216 213 351 316 458 -277 -483 -136 -14 -177 72 -159 -17 -461 39 505 -236 214 -91 248 -31 482 262 276 399 418 145 59 193 273 -125 -94 -147 -63 133 209 -438 -344 -97 449 -367 -199 -142 -146 -241 218 -123 80 -395 -21 478 398 -63 -502 -79 -51 -331
-509 7 311 77 -225 -364 24 82 -330 3 -326 -460 -340 99 -463 -155 344 -166 288 394 -19 -396 500 -353 269 229 -399 111 -505 -198 -250 -394 -151 185 347 -243 398 108 -342 469 68 268 -304 -388 22 416 -441 -422 -69 -46 -16 -294 445 484 499 459 73 -353 -150 -404 165 440 -164 -90
5 21 -123 -87 -419 -450 463 41 286 2 -316 -191 -272 -323 485 -127 365 -151 -81 -140 379 -509 -156 62 -26 -113 -169 -369 -389 422 -439 145 421 -398 300 167 152 -57 439 274 69 421 358 -114 -4 -463 -85 264 300 -359 237 -38 -170 156 -308 -475 484 3 450 -427 381 -328 199 -358
162 -494 483 352 -115 -417 -270 -305 -191 462 458 -57 -138 -288 -225 216 405 400 175 197 -434 23 -310 157 151 -168 -196 403 421 -80 269 476 10 160 -152 64 97 457 258 -100 -304 -268 -123 437 -36 -119 171 285 -178 -334 -59 -350 -120 92 57 376 -209 -502 453 313 -414 218 -107 -109
-376 230 401 -184 -61 82 74 293 299 -333 -77 32 -476 315 134 -457 -151 140 -130 -463 354 380 367 -172 -26 -425 112 -115 506 -180 108 -146 -255 290 -364 -382 63 397 -314 -448 -274 243 155 -397 478 167 36 235 -152 462 -432 -453 389 281 -195 165 -317 371 300 -147 -319 5 -261 226
82 -247 -452 -87 309 -250 -260 -425 -167 -80 -345 -78 14 -505 -236 -509 103 489 58 -53 -69 4 494 -93 -31 232 156 -411 58 -42 281 -115 -137 498 -200 -362 274 -214 -212 502 106 -147 -4 -260 339 400 138 70 103 -351 363 345 145 262 286 -395 145 37 58 176 -472 334 510 -434
164 -486 28 -501 -40 -183 193 428 464 139 -254 430 48 -57 116 -38 241 -66 122 176 483 -197 435 106 -432 -415 394 -424 103 -318 181 4 -337 -191 153 222 -375 38 478 -378 -464 -329 -489 -256 -467 -398 71 311 -433 136 -466 -162 58 31 303 219 -497 31 51 157 -310 -2 223 500
54 -108 -450 -199 -295 -449 -406 -384 -226 -197 409 -228 19 225 -120 154 292 -477 -248 -27 280 -284 -146 -472 212 448 -274 449 330 -40 -25 94 -8 441 -379 -47 230 -171 -375 -132 47 -101 261 99 -447 221 -339 434 7 277 31 51 -233 -402 -477 -466 -104 -276 459 -129 443 -378 -95 459
-503 365 -248 -75 432 -73 -470 -81 283 -173 498 -399 -340 -114 404 410 241 -292 -152 405 -144 324 -263 -405 -362 -71 159 -106 -427 -346 455 118 -205 494 62 505 -190 469 414 30 315 -271 502 -176 -139 -23 136 490 44 392 416 483 -86 107 206 -74 -136 -418 274 404 -141 311 211 236
496 -328 -138 -9 -22 318 -454 -99 -463 -2 471 477 435 198 -195 -377 -18 129 191 368 209 -332 204 116 -21 -180 32 -292 346 21 -364 -502 406 -78 288 279 379 -39 367 114 48 -334 208 -470 -289 -454 171 96 -343 185 -8 -29 -310 -398 -84 -252 -32 248 -477 -307 321 153 206 -396
175 -31 -28 237 -326 69 21 -349 386 -251 60 -94 -455 385 60 -267 19 -93 467 310 -92 -449 -330 456 -404 25 -343 -437 -495 -384 -177 -475 -174 285 316 -110 -170 -329 -376 437 -505 350 135 -256 -378 152 25 -237 10 -126 285 -483 -409 457 245 278 238 411 225 62 -433 69 -374 421
-490 37 -230 -66 -199 164 102 -511 -366 -393 -378 -135 19 378 461 468 -502 -115 -111 -293 2 173 246 -320 35 -421 464 109 102 26 219 -331 -412 -101 -127 416 229 -370 231 43 142 -40 -460 -320 291 -314 431 23 -354 -98 353 -180 -299 -149 378 235 411 20 -47 512 360 -271 225 -291
-398 -108 -81 -438 327 -165 282 -220 488 -371 -489 248 308 -415 -379 431 321 464 -172 -368 -115 -507 -73 -40 77 261 121 374 -329 -13 -157 377 -108 -333 422 -461 490 -398 -178 -30 310 461 453 307 -486 -285 298 37 -426 -231 501 194 380 175 188 -292 8 5 312 356 268 -288 -71 -157
471 -265 255 -172 164 120 385 477 360 -311 -41 -125 -29 434 -451 27 -333 496 -122 -472 109 342 -269 126 -511 304 -271 347 -431 -246 -363 435 -2 359 -381 199 317 113 -465 -223 -506 -231 -281 457 -354 380 179 -173 362 -413 261 -78 -406 195 -422 41 -333 34 80 463 285 427 208 148
-499 -423 359 49 -179 -361 69 61 -263 -326 -379 405 508 -64 -12 -195 -407 252 227 306 32 376 -366 -187 485 184 25 -257 45 11 276 405 449 -435 66 346 436 253 182 5 -439 388 280 -465 260 22 -252 -193 124 -179 420 -500 -291 -452 475 -189 295 -27 -485 -458 301 222 380 -91
79 394 390 -439 -30 322 -246 281 -476 331 -202 70 -476 392 39 504 330 -122 116 -231 -251 -385 363 424 408 -165 482 -283 335 -227 436 305 -147 -298 -249 145 -149 -412 121 67 -344 75 -156 418 112 -377 -353 -207 -398 -445 417 -373 351 -506 -30 -281 -452 -370 99 -314 308 381 274 -496
69 2 373 405 -90 -292 -351 -121 -362 76 -326 -498 -270 -444 -22 99 -208 -321 255 -429 -163 262 362 498 -38 361 -334 156 -431 -326 -450 36 -290 -308 224 -377 -203 -65 -370 -496 3 329 292 22 -465 133 439 190 39 -166 -437 -48 -276 468 415 -35 348 -171 -128 344 74 56 -124 -159
311 224 424 -396 181 465 -286 17 -498 -393 296 356 315 504 -207 94 -180 -257 -146 46 -123 470 -363 56 130 356 -47 -98 -220 -225 362 -141 107 -256 85 84 440 -433 412 140 -72 -261 235 -208 155 322 456 135 344 -133 2 -76 -105 -211 -214 -33 202 -414 -298 439 -306 -345 -79 70
-267 114 496 476 164 -490 114 -108 -410 -190 -290 243 -362 27 318 -201 180 400 -385 -283 314 -187 -289 224 81 -212 123 -134 337 -395 467 457 83 420 381 225 1 -481 -144 -399 -354 169 -250 -295 232 -296 -349 61 -447 -377 512 295 67 -189 373 -157 -94 -428 455 26 -368 44 -332 435
-378 302 -78 -385 -161 -260 -239 -345 30 -260 -504 -64 -223 322 503 163 463 -32 115 145 193 145 236 456 463 -183 -432 -434 73 20 493 -219 -122 -327 -110 -35 -186 128 483 -23 383 501 -145 -205 -386 217 444 -311 437 -371 13 -313 272 429 221 -79 -80 444 -325 -50 482 -374 242 -194
173 89 -492 -349 435 -400 168 -22 132 183 39 -199 296 305 130 430 -487 396 244 456 65 344 -159 396 -127 -27 220 304 242 -166 452 -261 91 157 -131 46 76 191 344 192 -23 -229 370 332 -331 -49 -386 21 207 -221 -104 258 245 -500 -199 438 -161 77 251 -296 -107 -73 -28 477
262 331 -141 -314 96 448 -316 -301 382 -320 -436 87 -193 -120 -298 494 -122 161 49 -436 -465 24 -306 -146 -112 289 -25 339 214 -230 -410 43 238 -377 -291 205 -462 -292 508 -387 433 -282 434 -236 -404 443 123 -70 -196 121 -209 -68 -1 -80 -21 -456 505 -112 -350 -7 -261 -321 165 230
270 -504 43 466 -496 -240 -425 -411 456 105 -150 507 -452 366 484 31 -327 195 387 77 164 290 -137 -508 382 -75 -9 463 -389 229 -163 39 218 228 -77 -397 -191 80 388 -399 106 -314 392 388 -91 -343 -280 -104 6 255 148 -200 359 417 274 15 290 343 28 -94 127 -3 264 -66
115 317 -57 -245 -317 -237 496 240 -292 -243 38 -508 212 -19 -198 35 -102 84 -1 -157 227 392 -385 -71 364 109 -500 -501 -299 -468 307 389 -180 -510 -209 -324 431 -352 323 -224 475 124 -60 395 -26 344 -219 -247 -248 -377 -440 356 344 4 -239 -442 471 -384 437 -279 232 100 -226 71
-349 186 336 144 476 505 -478 477 -235 347 152 56 -84 -240 -69 -161 95 -331 -66 41 -137 472 -214 -387 101 295 141 8 426 511 -272 105 53 -379 511 233 -333 415 141 -250 -470 -99 57 -310 -511 -477 51 65 243 -134 50 333 -342 206 -328 -487 -61 -118 263 310 -342 181 -489 -186
290 -98 394 -3 -145 -372 -35 118 -353 -318 -154 -126 243 -104 -25 -306 69 -295 458 342 -257 311 -88 267 100 252 -512 264 215 479 -18 -432 -285 123 81 -96 373 -499 -220 164 471 -297 222 482 -262 393 -383 -90 65 279 -22 282 117 -267 -88 -72 326 -44 -192 371 -247 -303 -422 425
4 -205 -223 26 101 40 57 -370 -175 89 231 95 -497 211 161 87 -33 -31 377 -435 171 -86 -90 221 -433 233 267 205 -370 427 -234 -266 -312 -494 180 -297 123 -474 -462 -293 57 126 41 -371 -127 -222 461 50 8 -21 -106 -503 496 328 -65 -164 64 -174 135 -273 -319 -480 -12 -33
-76 213 -102 -2 -430 -105 -269 -247 -189 -142 494 481 -195 -162 224 495 -107 -236 264 100 507 33 -336 373 181 -84 296 -44 -134 -24 -245 -332 -142 192 354 91 260 490 107 -490 62 -163 -183 223 182 -226 -454 -239 151 -195 -243 122 137 -408 75 483 297 -97 280 508 414 -450 478 149
16 290 -512 -359 -350 241 137 -192 -229 -140 -192 82 362 -448 340 339 -352 -208 -296 103 -450 -486 45 172 144 351 -37 10 -36 -269 172 -42 -248 128 438 251 -323 34 208 155 249 -339 340 157 478 383 243 448 35 92 -235 439 8 34 327 103 -22 20 -356 37 325 -168 436 121
-339 -432 -467 328 147 -53 420 -447 242 -448 507 484 -56 34 285 -281 -103 467 214 169 -258 482 321 363 -183 168 196 -69 490 -416 -205 121 -289 -202 282 -483 319 398 452 -94 388 -212 -230 227 283 -75 -73 0 347 -54 152 -149 -435 285 21 -209 288 -120 445 -170 -354 179 -361 -242
-282 329 -146 75 -462 -311 55 459 -353 -490 -309 -346 93 -35 -67 9 -67 355 184 346 -420 -105 59 -493 -230 -210 197 342 144 -141 -304 363 81 215 200 -131 -194 -454 -508 78 299 16 -71 78 -35 -382 317 -388 -471 141 191 -443 442 -503 -16 248 187 24 379 235 -415 -380 416 -360
-157 130 -33 483 -369 194 -426 -335 268 -501 12 240 -390 276 -418 492 -365 -186 289 97 72 -448 -454 -2 -29 -108 45 -132 -421 -262 -318 -202 478 -136 381 -185 271 450 77 -499 214 -210 0 -219 438 -306 355 -260 -317 -224 68 -126 -20 -270 -439 -123 -403 94 -279 228 -357 -82 183 -33
393 -34 -210 183 -296 -391 371 466 -233 67 -95 -373 -137 211 133 295 -59 -324 122 -387 64 -380 393 -29 -311 -44 -277 286 227 325 366 -339 93 304 -178 -158 -436 -382 409 -407 -377 -380 -159 -202 90 48 -334 -375 429 405 -489 344 499 460 -171 511 -447 -282 -479 -200 283 -430 -374 477
-166 -462 -293 261 367 -183 -369 102 71 -492 -133 -350 -472 75 465 -173 -337 -175 116 -341 -289 -489 488 286 -421 91 -300 422 -247 474 324 125 11 -217 108 464 240 -205 -482 463 -121 -52 -163 223 -401 364 -152 -198 462 30 -291 -364 -206 127 -31 42 460 -481 -301 56 -483 305 401 -271
-337 191 299 283 -73 396 346 -266 -171 390 52 326 -115 322 491 -48 12 -291 -422 -408 -87 -274 72 304 -275 -224 446 123 -327 264 335 -297 -278 -59 332 -110 32 130 142 -49 -476 199 174 -328 419 -154 -259 -453 29 47 137 -196 329 454 -141 -150 -409 -326 -244 26 -120 -440 -491 -420
-305 396 306 1 395 -226 -34 164 353 -408 109 86 -367 393 -472 -418 329 -499 366 276 -355 324 -138 -424 99 -104 -339 278 -236 237 -4 147 272 -335 493 448 -82 -382 200 189 -226 507 -34 37 454 -79 203 -388 277 384 -210 24 357 487 417 47 254 -295 -417 371 -484 509 -199 -331
