45 -210 -464 -21 -44 177 419 -439 -181 59 334 423 -400 486 232 -5 389 -157 211 -341 -336 19 -58 335 -486 196 496 128 -251 -485 43 -421 -433 311 216 330 -439 -412 60 -457 461 -73 387 452 -508 116 174 86 496 259 486 -102 -334 -273 -400 -401 104 -512 -110 -42 -383 15 226 275
-137 41 49 -132 -168 473 109 -8 61 91 369 -370 21 -89 -306 -215 -222 -318 248 194 -9 -339 -73 101 509 350 -10 -291 51 -399 337 294 -420 -331 -487 -365 387 224 158 342 -7 275 104 273 415 -366 -345 467 -493 442 380 -217 323 -428 316 361 426 225 303 401 -332 238 35 -499
209 -148 7 115 -440 184 -132 18 169 -79 495 366 -167 291 331 -176 328 -466 -454 501 436 394 457 170 61 -237 -324 329 -326 -39 -447 211 -75 179 170 163 -58 -49 -255 -218 -459 184 134 -367 433 332 396 473 91 339 132 -299 -421 141 366 -51 337 -408 -387 310 -206 -232 116 152
-310 253 381 10 -459 489 -422 -476 -211 341 -255 -92 -230 -253 -356 171 193 381 294 -265 150 -156 460 361 -505 -97 506 -353 164 71 -294 134 -294 -311 136 270 -11 311 -17 60 479 365 -406 -209 115 -360 -484 219 468 -375 262 304 501 -421 -204 -104 -430 -312 217 -264 11 -497 118 -474
-221 -71 340 439 347 -95 294 -145 507 4 318 307 174 -22 -294 149 -506 -24 -59 -107 -173 -71 -110 335 245 -52 -304 -27 184 484 101 -271 -269 348 -359 97 325 -437 -485 371 121 -491 304 287 87 -81 242 -375 -146 155 -80 321 213 68 -42 -313 112 426 324 293 -441 383 167 260
-160 61 189 317 -306 509 -438 12 -20 126 231 -453 -310 -361 -330 109 -246 -214 394 187 173 460 -201 412 -278 -255 493 447 -268 230 99 -336 487 62 -231 -455 -375 307 -306 338 -70 -356 450 -112 118 -42 -444 391 252 -138 -436 -444 25 129 -376 419 -16 411 -239 129 174 -163 -168 198
390 -201 -340 384 -32 -20 -90 96 -267 -302 96 500 491 -392 303 436 -125 -92 -28 -254 234 -289 377 347 -272 -37 83 -79 365 -339 405 224 -158 -181 -444 -197 -65 389 142 229 56 494 -365 -371 -202 72 -456 -175 416 -272 -239 -385 309 -451 60 -286 324 -327 315 -381 405 -97 -487 -45
128 -143 165 472 435 -114 -156 -154 175 -17 3 -483 245 353 315 -355 154 -165 168 78 -362 8 426 -109 -370 490 233 406 107 -109 -145 -165 178 13 37 205 77 409 146 72 -20 -380 90 -391 -348 347 27 -348 -116 456 384 123 249 434 468 380 -85 178 -20 -81 58 -44 -43 429
-95 458 404 -430 -13 189 254 83 -300 26 425 -37 -73 -284 393 -510 -218 -48 -140 -208 450 -173 197 -224 220 -294 -228 281 401 -371 338 -315 393 -10 360 190 -71 -483 -210 138 256 220 -203 -438 -410 22 194 426 470 -156 49 192 -470 -164 -85 500 -397 25 488 -380 426 453 -497 471
-101 -368 -188 -210 -239 169 -330 276 -169 -265 179 -298 411 -104 295 -250 291 -357 -316 -129 233 -179 -199 293 373 -201 -75 136 -157 -307 -494 110 -86 49 185 271 437 502 -364 -44 -149 -291 -493 -175 1 297 43 5 -275 173 -16 -105 -62 -402 -239 435 96 492 355 -236 -483 380 -134 -307
95 277 -76 215 -504 -295 -382 204 -154 504 -239 402 275 278 160 49 -285 511 329 -40 77 -426 -199 -144 -301 180 -104 -477 -287 293 435 7 421 -400 254 -486 -415 2 -232 80 453 462 193 432 469 -75 1 -356 -500 46 349 258 263 -313 350 0 443 -354 -459 -427 103 -70 -419 -486
327 223 -171 64 -364 -427 -349 -237 411 444 314 -59 74 -380 -487 -308 468 73 494 -264 -112 425 29 -393 -7 57 387 194 187 86 50 224 -179 237 -36 150 -369 -55 243 364 486 502 -272 446 332 -244 281 475 430 289 238 -392 97 303 -322 137 -485 243 87 -273 291 -255 161 476
26 -44 -480 -493 -181 -253 -64 -45 -132 -308 80 297 310 384 -348 191 -251 -452 445 77 43 17 -429 308 143 17 -119 476 193 -302 222 -147 -122 -439 295 475 79 303 -443 11 368 11 367 -174 -298 190 65 74 -21 368 -470 255 133 -32 314 -423 457 334 -243 -135 117 -396 160 -264
-353 -114 -379 336 375 -338 -233 410 -93 -16 -80 -443 -311 -259 -378 203 80 -372 -504 -48 -499 209 -72 510 -276 -478 -32 391 273 -444 65 -346 381 -442 -196 -129 236 435 -77 85 -340 295 250 490 265 -492 -483 -434 -37 130 -10 -74 344 -184 -11 512 300 -264 415 -269 53 81 -185 299
-317 88 -378 134 -407 -35 -166 97 438 18 -164 -503 158 -453 -246 -309 39 -281 270 476 -174 -102 240 -234 55 510 333 -351 212 353 -492 395 -377 -397 -89 323 -55 -393 419 508 -259 -5 374 -474 -350 -297 425 -417 28 -414 101 37 -249 47 163 22 190 -52 217 62 385 -284 303 -324
40 -460 -413 9 321 -314 270 444 -3 66 -77 201 -176 141 -28 16 -486 371 380 326 -454 -288 54 -338 -221 -77 216 348 -459 123 -271 378 394 331 84 -509 453 -215 107 511 428 511 314 279 374 -261 -82 473 392 -309 377 91 -131 -109 -84 -84 411 213 -332 -267 61 187 -410 163
-166 216 29 -238 -329 -214 -194 316 -440 224 15 427 -85 -24 -194 -147 270 -311 -151 -110 -384 -355 423 -290 -451 303 262 -330 428 72 474 279 -473 512 413 104 -233 -19 -380 -336 367 55 366 -162 -373 421 83 202 60 -169 -168 337 373 -333 -52 -96 51 187 229 509 334 250 35 180
-121 -368 252 95 -155 -184 88 -167 334 -226 -146 -313 89 395 225 454 -108 166 -200 -140 399 -2 45 -174 -270 249 -292 280 -302 -382 -265 112 -206 -192 383 -187 493 389 339 78 274 -13 -105 163 385 29 -300 -487 108 -291 -175 326 423 -510 110 71 358 -142 -423 -507 239 -377 -292 129
114 -392 -205 -37 -266 412 -102 -28 72 -479 197 140 -322 -378 -452 358 208 447 369 -322 -25 -433 110 161 285 -450 -108 -352 240 130 427 303 328 511 -225 -290 139 -389 -509 58 255 110 57 -108 -278 -113 -38 -143 225 225 300 -512 509 379 -334 84 486 456 300 208 -184 209 64 390
-186 496 -196 -152 321 22 -365 -429 466 289 -25 -497 -4 -467 -181 -86 -494 -299 505 504 -25 141 -272 -174 -193 72 158 -379 -214 394 11 477 -329 -373 259 -66 -217 -19 -152 -472 -433 -314 433 -446 447 -470 369 -461 354 232 -22 293 -339 -346 67 -345 -382 -383 -439 99 29 -229 -430 -318
-88 486 231 12 95 -90 -349 241 252 52 393 -444 -89 397 235 -51 164 -335 1 13 290 304 -491 338 -143 -49 164 119 -495 462 -455 289 241 -313 -4 -232 -101 -470 -442 13 493 -126 -269 -498 -235 -317 418 -44 -318 269 128 -112 -287 -286 102 -230 466 173 -205 -2 125 142 398 436
449 -458 -195 507 325 10 46 -158 13 148 -511 310 507 178 383 -190 -192 -316 -90 263 246 439 -326 -327 -102 -51 -270 67 200 376 -437 181 94 279 122 262 380 -284 -365 226 341 86 -436 368 -198 435 -377 86 176 -289 -457 -178 -387 316 436 183 264 389 142 279 73 271 442 316
-112 -300 477 266 -77 -81 244 -232 354 -396 -338 450 231 -414 195 -162 320 459 304 503 364 479 -356 7 46 -107 148 -119 -169 407 289 52 198 167 212 -402 208 236 -459 -401 -333 246 -401 -159 -203 -291 132 -330 -471 304 290 45 56 -116 -431 -138 -119 334 -343 -97 -261 443 343 -53
255 94 144 -263 428 -424 -56 -216 -77 -228 -433 -7 -407 187 413 379 319 -84 424 -311 47 102 -39 96 134 -143 233 52 474 -309 -9 -286 9 255 439 185 306 78 77 -306 466 287 441 -472 104 -418 -312 -446 -183 190 385 -388 -166 -424 162 -490 -357 70 75 439 163 395 372 408
-454 -435 503 252 -376 21 208 186 -35 -235 157 240 83 165 -335 326 -234 -185 -456 -286 59 -145 133 -7 -263 263 331 118 341 186 -113 452 408 -358 88 410 295 -211 -488 388 -244 464 320 87 415 114 -236 -115 326 -231 356 -115 293 -355 497 314 -330 -280 -181 339 18 405 -36 -490
-315 431 -488 173 149 354 -20 449 473 -58 -447 313 87 70 -278 -245 160 123 -341 -196 390 -462 50 -145 -296 386 -58 17 -165 42 -149 333 463 57 -113 246 -216 -474 405 164 -472 507 309 -438 137 -175 307 440 -335 -346 82 441 -301 -455 -121 -397 359 -216 34 -332 181 57 28 418
-100 48 117 224 429 31 256 104 103 -497 271 451 -134 -234 -280 -265 -114 -420 -208 319 257 -14 -151 100 -86 -488 397 -168 -179 210 -247 280 -472 299 -153 -316 -219 -48 -223 288 324 -76 -223 -343 -163 -79 210 -429 -42 -363 -174 -67 291 -150 300 370 -465 -22 -304 -268 -31 371 -326 253
-464 -158 93 -60 182 -184 -106 475 405 -115 -433 114 290 2 -333 421 491 153 12 -301 9 -212 452 217 122 -171 482 154 155 -352 -159 -223 17 -114 -245 -298 -23 61 -73 -145 87 386 49 14 429 290 -82 -55 153 -182 -433 -315 -463 -222 -429 -81 147 -486 -182 469 400 61 72 -512
-303 92 -182 507 -198 -290 31 -404 -420 -360 -197 365 10 -60 484 -44 -432 -371 452 501 -324 -277 413 267 -91 325 372 128 -1 39 -293 53 -416 -125 -423 -509 -102 160 -442 291 -375 -136 236 97 391 -404 -229 -172 -330 -104 98 234 456 500 220 -189 200 511 -292 -81 -389 -428 450 -82
-283 309 -171 274 -78 380 357 -159 -32 -453 -506 198 372 327 398 37 34 192 483 298 271 420 279 31 145 27 -82 195 -1 358 -335 -272 -458 -140 486 -134 -179 -480 -243 -385 279 -467 294 -311 70 115 49 -142 271 -271 392 325 172 99 321 -196 -57 463 112 -38 -104 217 89 345
-412 337 -301 -153 -247 -253 341 -223 -4 205 370 458 411 14 -283 423 60 68 431 -465 -265 -29 -198 334 491 -262 172 -143 400 458 325 -313 -447 -295 11 -163 162 -209 196 311 192 -483 494 174 192 -159 238 -435 355 -200 -62 269 -454 -357 -59 -100 299 168 -273 -448 405 458 164 -343
-367 297 314 -505 -470 436 -451 -149 -129 271 -163 -17 246 -244 -317 -102 73 -413 109 221 142 99 333 348 -509 91 61 46 -373 124 288 -382 152 258 -302 -433 75 292 170 -381 78 121 278 -463 -408 16 335 -506 -301 388 -422 231 -178 -489 479 -358 95 -291 453 -442 479 -397 -475 -297
-263 419 -373 -509 370 100 329 -329 502 -311 -261 -487 83 189 -476 324 -108 92 200 -260 14 423 -375 282 483 357 -511 -140 360 -494 -393 -431 -442 506 494 -374 210 301 -181 214 -312 306 -448 217 -419 -36 -165 -46 185 -152 44 -338 166 71 501 39 -252 50 218 283 27 501 -289 214
-355 116 -412 -307 261 -429 344 253 361 104 -370 282 -194 98 376 185 -234 309 427 -153 504 168 224 218 -149 371 74 11 446 105 -302 388 291 -308 -158 -214 473 92 -55 342 481 349 -309 -447 -390 289 436 -234 163 -384 145 -312 286 -511 208 60 -239 298 -118 -239 -490 -88 -160 -411
494 286 -209 -432 -113 104 -484 -76 237 -368 -354 -431 -435 294 421 70 -147 93 -440 -19 -385 172 323 -224 211 186 351 52 -477 -496 -456 273 -302 106 -15 146 336 300 -474 321 -56 1 -309 -126 -317 -291 401 -102 -205 466 246 -438 472 -133 467 -107 502 130 59 94 -205 -233 351 -498
265 -372 -500 180 -368 310 -74 -395 467 356 130 -406 158 466 -392 -240 -350 -389 273 91 -250 491 -454 331 246 38 89 -35 266 11 -302 -158 153 117 -375 -355 -191 280 -439 -12 329 44 378 15 -123 -181 270 204 -203 140 -69 -59 -134 256 186 -509 210 -289 -98 -84 304 198 -443 457
267 367 220 121 -286 -236 393 492 415 476 205 -454 -413 -495 -102 -185 186 504 45 187 -195 -295 492 395 396 318 -379 -493 -244 -294 194 -32 -437 419 10 297 66 410 -509 -388 -501 461 -300 507 -279 -135 -361 -447 505 162 105 146 -178 380 315 -304 3 -322 316 482 167 -368 -323 423
288 -58 150 -73 -372 -320 -458 -496 510 302 375 298 108 -149 22 -247 314 243 137 -118 -201 251 444 -186 415 -239 -92 363 114 -238 485 136 306 -96 420 -280 263 -378 -168 113 97 511 121 225 -496 183 -448 453 390 -195 -267 -373 -260 182 -109 -120 -262 -288 413 19 78 -393 -456 489
-421 -19 418 297 476 6 176 380 -46 295 -107 374 -3 192 338 -101 -417 -461 -304 -244 449 -234 385 -297 393 -85 379 107 -272 -488 -97 387 -397 -240 -491 9 -420 -234 -344 393 130 293 -320 504 240 503 456 338 339 230 372 -196 410 288 114 115 512 -358 -269 362 -34 264 -274 83
85 463 -406 221 506 -61 -421 -224 152 -307 163 -225 210 -92 -97 313 92 47 89 301 -492 -413 -168 -424 -174 344 404 -284 -69 228 -140 -62 347 97 -260 82 -418 251 -174 -394 -177 -94 -417 -192 413 439 -143 -89 362 -497 -346 276 342 253 -4 -509 -455 -137 -270 -39 255 -10 356 292
459 -397 89 -62 -65 317 -175 -400 307 390 59 -394 314 426 -176 137 -390 -131 208 449 -267 -407 -253 -293 -77 158 -39 168 -358 -409 43 -51 345 100 141 444 -141 500 -248 4 -352 257 -93 278 -250 -453 431 -501 -317 312 -444 27 400 -409 210 -270 -19 452 320 -163 -142 -481 -439 48
51 -345 126 -116 -28 -175 180 -478 401 10 28 -452 -216 437 -494 359 156 83 -345 249 -211 -255 -501 413 -463 -278 153 74 71 -140 -174 345 486 432 432 -42 92 261 509 344 224 159 15 83 -87 441 -51 40 503 295 -41 438 -240 163 363 -193 75 -434 66 52 -193 447 -129 383
-215 158 510 -268 9 -114 461 389 116 462 -74 260 -192 383 417 464 -125 265 378 -54 437 -296 -447 -420 -464 -508 -4 -482 468 422 62 -397 -82 152 -161 160 168 -398 64 362 72 -343 346 -492 373 -380 -359 -150 -386 54 476 310 283 -263 -152 -211 -306 -6 8 -112 -278 344 214 -29
-135 -326 -309 -235 -286 99 -302 38 202 81 504 53 35 -314 176 104 189 93 -468 259 -470 47 331 -463 489 -377 18 -18 127 -439 141 -20 252 -277 -340 -140 -62 492 -475 336 237 22 -260 -98 -417 -209 -64 -124 113 -27 424 -56 59 423 -191 441 -151 -187 456 -300 326 18 168 72
368 -172 -503 67 183 -281 322 -392 -281 -316 -400 -340 268 -301 394 344 512 -217 466 -40 -304 428 -133 361 -112 -55 -18 -10 -452 -253 -463 -42 -321 280 240 437 -464 -454 301 339 -310 -92 -403 -396 -368 -441 495 -63 378 -370 2 239 16 -253 -238 438 389 -121 354 253 129 489 -496 -318
-200 -311 -433 -387 141 -268 501 -226 -194 -26 254 -327 178 53 -201 -380 -318 143 234 -219 194 -426 44 -310 483 -358 -123 461 -371 296 -501 137 416 454 -258 -143 470 22 223 -443 -456 489 225 -46 -225 95 252 50 -107 264 36 92 -497 -98 472 -407 -300 -161 -374 161 356 -109 365 409
-168 -496 365 -338 -401 503 -124 -207 -304 -22 -231 361 -408 137 479 241 125 -329 191 33 75 -152 -21 506 -17 510 331 -226 -109 422 -185 -5 284 255 -106 -20 54 -383 500 -180 460 395 445 -24 289 -317 419 102 -22 -113 -338 428 -447 306 487 -243 -24 -121 402 255 -161 -243 153 394
463 -179 -499 371 -211 365 -267 406 308 106 349 -83 -462 -105 272 -100 177 217 -352 -196 465 167 -82 -502 -163 -441 273 -388 126 -281 6 159 -210 -298 -179 319 275 -350 -285 -395 -177 -35 182 267 -184 402 -431 160 175 73 -376 41 341 33 86 -355 -208 -309 -293 354 396 192 -35 -453
123 292 -419 152 -148 -206 -433 450 -433 80 -26 -461 -45 -181 302 -447 -247 31 -285 -131 -112 -45 -326 -114 -281 282 436 96 -174 511 154 -376 324 8 321 -435 -470 -288 -455 -167 -412 -126 -142 478 -137 -391 -40 18 204 338 170 100 -107 173 -114 256 -376 32 -288 -80 426 -484 -232 34
422 31 -266 74 478 88 -184 508 131 91 238 -261 -225 376 -490 323 -399 201 329 155 -141 89 385 70 139 118 497 -222 -332 -266 77 433 136 -504 -114 -318 -206 332 362 98 364 138 337 -227 -428 -120 477 -5 -67 344 -457 -511 411 153 367 -474 284 4 -428 496 -187 -375 -237 -124
-411 244 139 -120 150 401 -264 406 10 -155 -43 -296 -482 -371 50 171 241 -144 -410 -292 -44 232 12 394 137 -350 -246 495 -444 -277 156 -106 -170 -238 142 -232 -244 175 -39 -235 238 -424 -269 -388 -189 204 74 -131 177 168 188 219 -23 426 -167 -36 -301 21 -86 454 149 165 329 148
-152 -464 209 99 207 250 -467 -80 182 261 -287 413 173 -405 317 234 155 -229 -134 217 -321 -55 -411 46 -302 -188 107 234 19 64 -345 475 129 200 -147 -251 -99 479 192 293 -271 -255 464 413 209 216 -496 37 -49 387 -453 -363 -353 -242 -490 500 -178 145 -380 -240 424 -99 -337 226
456 356 -92 -66 -217 -315 -62 -155 243 -348 101 -375 -332 -12 246 469 257 160 -399 331 469 195 -242 -263 -508 -505 425 -342 -208 -13 458 74 -47 9 -298 -280 -366 -441 51 229 332 447 -125 76 -315 -173 -149 -443 -452 196 475 -111 460 347 292 -42 -256 -503 -480 158 471 337 -103 457
126 -477 -145 -405 227 247 337 -172 -78 267 418 8 -205 231 -353 -206 12 299 -127 474 -309 -90 -115 -221 388 -3 187 -50 433 94 130 -376 147 501 253 -15 492 34 -137 111 -143 305 104 382 115 27 99 20 361 108 151 506 511 -115 39 147 450 -159 -4 -349 -263 228 449 -497
-284 347 -446 -383 24 187 53 -84 151 -448 -292 -399 -430 -37 -342 -494 381 -400 507 -326 269 317 254 350 227 -405 -207 125 406 70 233 332 440 -307 -148 -437 -395 100 -208 485 -416 -22 489 -23 -206 152 -45 392 479 426 507 -125 -73 -482 -121 -201 -442 -301 337 -401 -211 106 -57 -356
351 436 281 478 -282 -47 -60 -307 140 467 -383 -4 250 189 -358 101 278 -255 -352 -432 -128 -398 -219 429 -219 369 74 -158 -100 -385 -195 449 67 -432 -488 132 -244 177 -70 -512 511 -187 -74 -189 -200 442 -333 407 506 -247 393 97 388 310 184 -52 503 270 -63 -33 -378 -472 209 479
-218 454 -255 126 -40 116 132 -471 129 201 -252 -11 310 -155 -22 508 378 -428 228 -422 -376 -421 18 68 -343 -224 123 222 393 505 202 17 -133 -435 19 233 -256 -488 -390 476 -371 417 -362 162 367 252 -50 309 -255 249 310 -301 463 70 244 -186 196 7 -394 -507 -252 370 164 -154
81 -24 106 -256 -258 -221 -306 -457 474 448 -177 -229 -255 446 -453 -75 -500 487 -508 232 504 -260 -63 431 -303 436 -202 -293 224 262 -431 96 270 -150 -477 -90 421 -68 166 -463 485 97 64 114 197 509 -501 -94 -381 500 -267 354 457 97 -292 260 -448 35 -10 244 501 -29 99 -446
240 381 -132 -344 417 123 181 -290 87 -290 -136 135 -211 19 -16 442 -503 -316 165 -263 430 -246 -340 216 -168 332 -215 425 -14 248 75 -149 198 104 -167 -313 -318 -171 288 -384 82 387 451 -280 171 -442 -93 -251 178 403 190 455 -71 -70 -505 -240 -283 -367 -428 414 282 -39 -269 414
4 -409 -494 34 345 16 -471 -274 -56 -397 -99 -425 238 470 151 67 -116 -207 14 -261 -431 -222 -51 -327 -78 -127 -327 -113 -294 -140 -284 144 124 -17 445 -101 -152 -410 357 354 -436 153 203 306 25 236 -495 218 -167 -144 -91 480 466 49 -158 30 364 255 66 -476 347 426 156 -223
-283 -101 -129 -244 61 -153 53 76 -169 110 7 49 67 431 -301 241 300 488 44 410 -502 -138 -437 442 137 475 -198 63 116 -154 -367 -98 -398 240 -501 421 510 -158 -458 107 254 -461 -2 365 -278 424 -416 460 -241 202 155 234 138 -305 -144 292 109 -115 123 65 162 -243 -253 123
-494 -27 259 -306 -2 -67 392 -293 -82 407 -440 -458 149 466 304 482 -148 275 284 -342 -72 52 -234 74 458 -161 -142 274 -471 229 176 -94 -475 425 -208 -95 -151 -491 -288 -107 -85 319 3 -60 -310 13 110 2 -180 498 60 126 -234 28 32 2 160 -185 -460 -270 -312 -471 -317 32
143 474 12 -162 -424 -310 -120 382 484 -202 129 -140 -58 -322 102 -217 23 -452 157 -138 21 442 485 342 -272 -43 -288 146 69 492 372 -286 88 -475 330 -90 -425 -452 350 -210 67 5 42 401 500 -296 393 398 256 -368 -301 -184 -327 -227 -454 -320 485 -444 -342 -84 -315 -79 379 -394
68 -70 -330 340 234 151 122 366 94 -330 -411 -41 135 240 -145 368 -65 453 424 6 -412 -321 -233 -346 252 120 130 -203 12 453 61 288 -87 464 109 -206 115 407 304 -376 -501 294 15 457 438 127 -116 -336 147 -370 237 484 129 2 -53 481 283 -127 377 -412 239 305 101 370
