-0.08022217452526093
-0.05538956820964813
0.11269472539424896
-0.11212006211280823
-0.06245917081832886
-0.0647021234035492
0.02694380283355713
0.09586456418037415
-0.02965441346168518
0.1191994696855545
-0.04234585165977478
0.028849348425865173
-0.08042092621326447
-0.016787990927696228
-0.04883566498756409
-0.08292098343372345
0.07462000846862793
0.0858464390039444
-0.09619408845901489
0.09901554882526398
-0.05876125395298004
-0.013727441430091858
-0.11683046817779541
0.01673392951488495
-0.09044583141803741
0.09001079201698303
0.06844712793827057
0.06348730623722076
0.01801343262195587
0.036779388785362244
0.11219356954097748
0.1017456203699112
0.0709514319896698
0.053780749440193176
-0.12296533584594727
0.12142342329025269
-0.11214068531990051
0.11690248548984528
-0.06232254207134247
0.056555941700935364
0.023952558636665344
-0.03164412081241608
-0.07332871854305267
-0.07298564910888672
0.050945132970809937
0.12425896525382996
0.09932214021682739
-0.09354034066200256
0.04507593810558319
0.033804237842559814
0.05920115113258362
0.03134237229824066
0.09552629292011261
0.033132925629615784
-0.0978967547416687
-0.046578943729400635
0.06338942050933838
-0.09071631729602814
0.012984365224838257
0.021995127201080322
0.09450723230838776
-0.0004220306873321533
0.08137595653533936
-0.10676240921020508
-0.013355374336242676
0.04996493458747864
0.015095651149749756
-0.11166812479496002
-0.10389111936092377
-0.01778942346572876
0.12338694930076599
0.02359578013420105
-0.036954984068870544
-0.11185190081596375
0.049888551235198975
-0.08996447920799255
0.04272276163101196
0.027385398745536804
-0.05023060739040375
-0.10787008702754974
0.09388333559036255
0.07504945993423462
-0.061188727617263794
-0.05757559835910797
0.026615247130393982
-0.07285694777965546
-0.10841666162014008
0.10174180567264557
-0.053162142634391785
-0.061214983463287354
-0.009269729256629944
0.07608968019485474
0.10433703660964966
-0.11013773083686829
-0.11807884275913239
0.11916173994541168
0.11278469860553741
0.01430530846118927
-0.007593944668769836
-0.10472613573074341
0.12269793450832367
-0.10565367341041565
0.09066048264503479
0.008531972765922546
-0.04073844850063324
0.01657995581626892
0.09283913671970367
0.02897581458091736
-0.022912651300430298
-0.10043248534202576
-0.006503179669380188
-0.01658061146736145
0.11814762651920319
-0.03221583366394043
-0.03305943310260773
0.0007272958755493164
0.05663807690143585
-0.05282615125179291
-0.03805568814277649
0.1227579414844513
0.05874943733215332
0.023877635598182678
-0.07178014516830444
0.02396276593208313
-0.05854018032550812
-0.07045286893844604
0.06692299246788025
0.021251440048217773
