0.016968175768852234
-0.019668079912662506
0.05729246884584427
-0.04602300748229027
-0.019720397889614105
0.06470202654600143
-0.007033117115497589
-0.043573517352342606
-0.07814830541610718
0.002687029540538788
-0.07647022604942322
-0.05737725645303726
0.029196441173553467
0.006752587854862213
-0.08612094819545746
0.07195381075143814
-0.054115403443574905
-0.08463781327009201
0.0009606629610061646
-0.07953561097383499
0.007376626133918762
-0.01898111402988434
0.08675377815961838
-0.05095572769641876
0.005486711859703064
0.06521335989236832
0.05264175683259964
-0.001142852008342743
-0.035211436450481415
-0.02688336744904518
0.07253097742795944
0.06225862354040146
0.06327705830335617
0.003532327711582184
-0.02413184940814972
0.023700878024101257
-0.0120769664645195
-0.05392998829483986
-0.07028146833181381
-0.03151440992951393
-0.08150987327098846
-0.0401325449347496
0.050436876714229584
-0.060358237475156784
0.00375424325466156
0.0626562312245369
0.07135903090238571
0.08692798763513565
0.06397434324026108
-0.024237334728240967
0.06551817804574966
-0.01675274968147278
-0.06949715316295624
0.06904444843530655
0.01878068596124649
0.005304500460624695
0.005541764199733734
0.06231648474931717
0.0794258788228035
0.0773974135518074
-0.04991080239415169
-0.04119045287370682
-0.0034701377153396606
0.030706100165843964
