-0.055227771401405334
-0.0909077525138855
-0.06955836713314056
-0.08358079195022583
-0.059287041425704956
-0.005652531981468201
-0.05556787550449371
0.11116261780261993
0.043061599135398865
0.042297229170799255
0.04259154200553894
-0.03301054239273071
-0.029587462544441223
0.02133147418498993
0.09802685678005219
-0.05616094172000885
0.1067800223827362
0.04721657931804657
-0.02775728702545166
0.006826221942901611
0.033282309770584106
0.12040740251541138
0.08929990231990814
0.05173918604850769
0.05048760771751404
0.09774112701416016
-0.02520611882209778
-0.12388627231121063
0.08603894710540771
-0.10166437923908234
0.06928978860378265
0.037867382168769836
-0.11163003742694855
0.04912577569484711
-0.0025384724140167236
0.08473512530326843
-0.05687074363231659
0.10088717937469482
-0.021307870745658875
-0.04752443730831146
0.01724565029144287
0.08145834505558014
-0.04645450413227081
-0.0313216894865036
0.09454405307769775
0.09635140001773834
0.06500381231307983
-0.08037590980529785
0.032596975564956665
-0.09287002682685852
-0.08221009373664856
-0.11065740883350372
-0.04023638367652893
0.03982183337211609
-0.05442935228347778
0.05910642445087433
-0.11802178621292114
-0.057497456669807434
-0.04904437065124512
0.03528042137622833
0.035704538226127625
-0.10702350735664368
0.12300485372543335
0.0372910350561142
