1564 -1241 1227 -607 350 1140 -1955 -1738 -425 -1853
1531 -1177 1194 -381 270 1199 -1984 -1612 -407 -1861
1576 -1389 1186 -759 517 1100 -1968 -1886 -493 -1857
1232 -1219 1204 -316 485 1383 -2113 -1471 -481 -1754
1541 -1294 1229 -604 530 1150 -2050 -1693 -491 -1881
1500 -1381 1138 -671 528 1153 -1964 -1837 -426 -1814
1560 -1368 1148 -461 513 1170 -2084 -1705 -437 -1903
1538 -1319 1193 -731 482 1094 -2025 -1755 -490 -1897
1431 -1307 1200 -472 554 1234 -2137 -1658 -623 -1878
1268 -1350 1115 -278 556 1344 -2180 -1680 -509 -1861
1208 -1382 1168 -204 625 1382 -2281 -1719 -563 -1900
1395 -1373 1125 -400 477 1267 -2076 -1636 -436 -1874
1598 -1277 1104 -807 344 1079 -1788 -1617 -430 -1707
1317 -1333 1209 -576 640 1358 -2143 -1603 -541 -1800
1571 -1374 1193 -701 501 1051 -2020 -1831 -562 -1897
1589 -1336 1154 -664 418 1088 -1950 -1784 -528 -1837
1491 -1233 1264 -620 470 1219 -1982 -1632 -469 -1793
1576 -1222 1196 -653 364 1129 -1900 -1658 -446 -1797
1289 -1311 1142 -99 583 1273 -2316 -1629 -680 -2013
1536 -1399 1088 -848 480 1046 -1862 -1822 -487 -1760
