1078 -1439 3944 2805 1168 -829 2179 -2068 -248 2380 -1276 -2277 2177 700 4514 7 2196 -4441 1020 1820 -1413 -476 -869 -72 2152 -160 -671 2483 1989 -3679 -685 1426 -2036 -762 -2430 1577 -893 -2361 2090 126 -870 -1554 1238 1101 -935 -4885 -4188 -1200 699 1178 -4839 4275 -1525 -707 -2593 -1662 -1550 -2941 -721 -3929 746 1143 2799 353
1056 -1410 3896 2830 1127 -766 2144 -2053 -175 2363 -1242 -2293 2108 676 4401 -67 2187 -4433 1025 1825 -1422 -475 -869 -74 2142 -165 -671 2480 1993 -3685 -675 1424 -2017 -753 -2439 1572 -905 -2394 2108 125 -880 -1524 1250 1120 -941 -4875 -4185 -1202 714 1173 -4856 4276 -1543 -703 -2614 -1647 -1552 -2945 -720 -3923 735 1133 2820 354
1056 -1410 3896 2830 1127 -766 2144 -2053 -175 2363 -1242 -2293 2108 676 4401 -67 2187 -4433 1025 1825 -1422 -475 -869 -74 2142 -165 -671 2480 1993 -3685 -675 1424 -2017 -753 -2439 1572 -905 -2394 2108 125 -880 -1524 1250 1120 -941 -4875 -4185 -1202 714 1173 -4856 4276 -1543 -703 -2614 -1647 -1552 -2945 -720 -3923 735 1133 2820 354
1056 -1410 3896 2830 1127 -766 2144 -2053 -175 2363 -1242 -2293 2108 676 4401 -67 2187 -4433 1025 1825 -1422 -475 -869 -74 2142 -165 -671 2480 1993 -3685 -675 1424 -2017 -753 -2439 1572 -905 -2394 2108 125 -880 -1524 1250 1120 -941 -4875 -4185 -1202 714 1173 -4856 4276 -1543 -703 -2614 -1647 -1552 -2945 -720 -3923 735 1133 2820 354
1056 -1410 3896 2830 1127 -766 2144 -2053 -175 2363 -1242 -2293 2108 676 4401 -67 2187 -4433 1025 1825 -1422 -475 -869 -74 2142 -165 -671 2480 1993 -3685 -675 1424 -2017 -753 -2439 1572 -905 -2394 2108 125 -880 -1524 1250 1120 -941 -4875 -4185 -1202 714 1173 -4856 4276 -1543 -703 -2614 -1647 -1552 -2945 -720 -3923 735 1133 2820 354
1056 -1410 3896 2830 1127 -766 2144 -2053 -175 2363 -1242 -2293 2108 676 4401 -67 2187 -4433 1025 1825 -1422 -475 -869 -74 2142 -165 -671 2480 1993 -3685 -675 1424 -2017 -753 -2439 1572 -905 -2394 2108 125 -880 -1524 1250 1120 -941 -4875 -4185 -1202 714 1173 -4856 4276 -1543 -703 -2614 -1647 -1552 -2945 -720 -3923 735 1133 2820 354
1056 -1410 3896 2830 1127 -766 2144 -2053 -175 2363 -1242 -2293 2108 676 4401 -67 2187 -4433 1025 1825 -1422 -475 -869 -74 2142 -165 -671 2480 1993 -3685 -675 1424 -2017 -753 -2439 1572 -905 -2394 2108 125 -880 -1524 1250 1120 -941 -4875 -4185 -1202 714 1173 -4856 4276 -1543 -703 -2614 -1647 -1552 -2945 -720 -3923 735 1133 2820 354
1056 -1410 3896 2830 1127 -766 2144 -2053 -175 2363 -1242 -2293 2108 676 4401 -67 2187 -4433 1025 1825 -1422 -475 -869 -74 2142 -165 -671 2480 1993 -3685 -675 1424 -2017 -753 -2439 1572 -905 -2394 2108 125 -880 -1524 1250 1120 -941 -4875 -4185 -1202 714 1173 -4856 4276 -1543 -703 -2614 -1647 -1552 -2945 -720 -3923 735 1133 2820 354
1056 -1410 3896 2830 1127 -766 2144 -2053 -175 2363 -1242 -2293 2108 676 4401 -67 2187 -4433 1025 1825 -1422 -475 -869 -74 2142 -165 -671 2480 1993 -3685 -675 1424 -2017 -753 -2439 1572 -905 -2394 2108 125 -880 -1524 1250 1120 -941 -4875 -4185 -1202 714 1173 -4856 4276 -1543 -703 -2614 -1647 -1552 -2945 -720 -3923 735 1133 2820 354
1055 -1410 3894 2830 1125 -764 2141 -2051 -172 2361 -1242 -2293 2106 675 4397 -69 2188 -4431 1027 1826 -1423 -475 -869 -72 2136 -168 -670 2480 1992 -3686 -673 1424 -2016 -754 -2439 1573 -908 -2395 2109 125 -879 -1522 1249 1123 -941 -4875 -4185 -1201 741 1175 -4881 4293 -1559 -706 -2631 -1621 -1548 -2941 -694 -3916 729 1122 2839 339
1062 -1410 3908 2827 1134 -778 2148 -2059 -194 2367 -1250 -2289 2123 684 4419 -56 2190 -4413 1011 1824 -1417 -479 -876 -81 2138 -163 -667 2476 1989 -3689 -661 1427 -2011 -753 -2441 1573 -912 -2404 2116 126 -883 -1514 1248 1129 -943 -4876 -4184 -1202 756 1176 -4896 4302 -1568 -708 -2640 -1607 -1546 -2939 -680 -3912 725 1115 2851 331
1056 -1410 3896 2830 1127 -766 2144 -2053 -175 2363 -1242 -2293 2108 676 4401 -67 2187 -4433 1025 1825 -1422 -475 -869 -74 2142 -165 -671 2480 1993 -3685 -675 1424 -2017 -753 -2439 1572 -905 -2394 2108 125 -880 -1524 1250 1120 -941 -4875 -4185 -1202 714 1173 -4856 4276 -1543 -703 -2614 -1647 -1552 -2945 -720 -3923 735 1133 2820 354
1056 -1410 3896 2830 1127 -766 2144 -2053 -175 2363 -1242 -2293 2108 676 4401 -67 2187 -4433 1025 1825 -1422 -475 -869 -74 2142 -165 -671 2480 1993 -3685 -675 1424 -2017 -753 -2439 1572 -905 -2394 2108 125 -880 -1524 1250 1120 -941 -4875 -4185 -1202 714 1173 -4856 4276 -1543 -703 -2614 -1647 -1552 -2945 -720 -3923 735 1133 2820 354
1056 -1410 3896 2830 1127 -766 2144 -2053 -175 2363 -1242 -2293 2108 676 4401 -67 2187 -4433 1025 1825 -1422 -475 -869 -74 2142 -165 -671 2480 1993 -3685 -675 1424 -2017 -753 -2439 1572 -905 -2394 2108 125 -880 -1524 1250 1120 -941 -4875 -4185 -1202 714 1173 -4856 4276 -1543 -703 -2614 -1647 -1552 -2945 -720 -3923 735 1133 2820 354
1056 -1410 3896 2830 1127 -766 2144 -2053 -175 2363 -1242 -2293 2108 676 4401 -67 2187 -4433 1025 1825 -1422 -475 -869 -74 2142 -165 -671 2480 1993 -3685 -675 1424 -2017 -753 -2439 1572 -905 -2394 2108 125 -880 -1524 1250 1120 -941 -4875 -4185 -1202 714 1173 -4856 4276 -1543 -703 -2614 -1647 -1552 -2945 -720 -3923 735 1133 2820 354
1056 -1410 3896 2830 1127 -766 2144 -2053 -175 2363 -1242 -2293 2108 676 4401 -67 2187 -4433 1025 1825 -1422 -475 -869 -74 2142 -165 -671 2480 1993 -3685 -675 1424 -2017 -753 -2439 1572 -905 -2394 2108 125 -880 -1524 1250 1120 -941 -4875 -4185 -1202 714 1173 -4856 4276 -1543 -703 -2614 -1647 -1552 -2945 -720 -3923 735 1133 2820 354
1060 -1420 3909 2823 1137 -783 2150 -2054 -197 2364 -1254 -2286 2130 683 4433 -44 2190 -4448 1033 1823 -1422 -472 -864 -69 2148 -166 -672 2484 1994 -3680 -687 1423 -2024 -756 -2455 1571 -891 -2369 2075 120 -862 -1559 1268 1101 -953 -4860 -4178 -1206 690 1167 -4833 4259 -1530 -700 -2601 -1669 -1553 -2950 -743 -3930 744 1144 2805 365
1075 -1440 3939 2807 1164 -823 2176 -2064 -241 2377 -1274 -2278 2172 698 4506 3 2196 -4468 1036 1814 -1420 -468 -859 -69 2170 -161 -671 2490 1998 -3668 -705 1424 -2032 -760 -2459 1572 -878 -2349 2054 118 -852 -1587 1272 1085 -956 -4860 -4174 -1208 629 1172 -4770 4230 -1482 -697 -2546 -1735 -1561 -2943 -787 -3941 752 1177 2743 395
1077 -1440 3942 2806 1166 -826 2179 -2066 -244 2380 -1274 -2278 2173 699 4510 5 2192 -4460 1023 1814 -1415 -472 -868 -81 2177 -151 -673 2488 1996 -3669 -702 1425 -2037 -763 -2460 1573 -875 -2341 2048 118 -848 -1595 1271 1081 -956 -4860 -4174 -1207 602 1168 -4745 4212 -1467 -693 -2531 -1761 -1563 -2948 -813 -3949 759 1189 2725 409
1070 -1445 3931 2806 1162 -817 2175 -2058 -229 2373 -1270 -2280 2165 692 4501 1 2200 -4471 1034 1815 -1415 -470 -860 -66 2169 -160 -672 2491 1994 -3668 -708 1425 -2053 -776 -2454 1580 -879 -2326 2041 118 -839 -1606 1255 1082 -951 -4871 -4180 -1200 632 1171 -4773 4232 -1484 -698 -2549 -1732 -1559 -2945 -784 -3943 753 1177 2747 391
1069 -1424 3920 2819 1145 -794 2165 -2062 -209 2375 -1257 -2287 2137 688 4454 -33 2194 -4427 1008 1813 -1412 -477 -878 -89 2167 -152 -666 2482 1993 -3676 -678 1429 -2020 -756 -2449 1572 -898 -2380 2091 123 -870 -1545 1258 1111 -949 -4870 -4179 -1205 725 1177 -4862 4287 -1541 -708 -2611 -1644 -1550 -2933 -702 -3917 725 1139 2818 343
1056 -1410 3896 2830 1127 -766 2144 -2053 -175 2363 -1242 -2293 2108 676 4401 -67 2187 -4433 1025 1825 -1422 -475 -869 -74 2142 -165 -671 2480 1993 -3685 -675 1424 -2017 -753 -2439 1572 -905 -2394 2108 125 -880 -1524 1250 1120 -941 -4875 -4185 -1202 714 1173 -4856 4276 -1543 -703 -2614 -1647 -1552 -2945 -720 -3923 735 1133 2820 354
1056 -1410 3896 2830 1127 -766 2144 -2053 -175 2363 -1242 -2293 2108 676 4401 -67 2187 -4433 1025 1825 -1422 -475 -869 -74 2142 -165 -671 2480 1993 -3685 -675 1424 -2017 -753 -2439 1572 -905 -2394 2108 125 -880 -1524 1250 1120 -941 -4875 -4185 -1202 714 1173 -4856 4276 -1543 -703 -2614 -1647 -1552 -2945 -720 -3923 735 1133 2820 354
1056 -1410 3896 2830 1127 -766 2144 -2053 -175 2363 -1242 -2293 2108 676 4401 -67 2187 -4433 1025 1825 -1422 -475 -869 -74 2142 -165 -671 2480 1993 -3685 -675 1424 -2017 -753 -2439 1572 -905 -2394 2108 125 -880 -1524 1250 1120 -941 -4875 -4185 -1202 714 1173 -4856 4276 -1543 -703 -2614 -1647 -1552 -2945 -720 -3923 735 1133 2820 354
1056 -1410 3896 2830 1127 -766 2144 -2053 -175 2363 -1242 -2293 2108 676 4401 -67 2187 -4433 1025 1825 -1422 -475 -869 -74 2142 -165 -671 2480 1993 -3685 -675 1424 -2017 -753 -2439 1572 -905 -2394 2108 125 -880 -1524 1250 1120 -941 -4875 -4185 -1202 714 1173 -4856 4276 -1543 -703 -2614 -1647 -1552 -2945 -720 -3923 735 1133 2820 354
1056 -1410 3896 2830 1127 -766 2144 -2053 -175 2363 -1242 -2293 2108 676 4401 -67 2187 -4433 1025 1825 -1422 -475 -869 -74 2142 -165 -671 2480 1993 -3685 -675 1424 -2017 -753 -2439 1572 -905 -2394 2108 125 -880 -1524 1250 1120 -941 -4875 -4185 -1202 714 1173 -4856 4276 -1543 -703 -2614 -1647 -1552 -2945 -720 -3923 735 1133 2820 354
1088 -1421 3959 2809 1172 -839 2175 -2084 -273 2388 -1282 -2275 2192 714 4514 5 2189 -4394 979 1821 -1401 -488 -894 -100 2149 -144 -669 2471 1980 -3692 -653 1430 -2036 -764 -2436 1577 -896 -2363 2086 124 -866 -1554 1241 1104 -939 -4881 -4187 -1199 700 1173 -4845 4270 -1534 -703 -2603 -1652 -1548 -2954 -728 -3934 761 1131 2811 357
1058 -1415 3899 2826 1131 -772 2148 -2053 -180 2364 -1245 -2292 2113 677 4413 -59 2187 -4440 1030 1824 -1424 -473 -867 -73 2146 -166 -671 2482 1995 -3682 -681 1423 -2016 -751 -2436 1572 -904 -2394 2111 125 -883 -1522 1248 1118 -940 -4876 -4186 -1203 709 1172 -4850 4273 -1539 -702 -2610 -1653 -1552 -2943 -723 -3923 734 1137 2814 357
1056 -1410 3896 2830 1127 -766 2144 -2053 -175 2363 -1242 -2293 2108 676 4401 -67 2187 -4433 1025 1825 -1422 -475 -869 -74 2142 -165 -671 2480 1993 -3685 -675 1424 -2017 -753 -2439 1572 -905 -2394 2108 125 -880 -1524 1250 1120 -941 -4875 -4185 -1202 714 1173 -4856 4276 -1543 -703 -2614 -1647 -1552 -2945 -720 -3923 735 1133 2820 354
1056 -1410 3896 2830 1127 -766 2144 -2053 -175 2363 -1242 -2293 2108 676 4401 -67 2187 -4433 1025 1825 -1422 -475 -869 -74 2142 -165 -671 2480 1993 -3685 -675 1424 -2017 -753 -2439 1572 -905 -2394 2108 125 -880 -1524 1250 1120 -941 -4875 -4185 -1202 714 1173 -4856 4276 -1543 -703 -2614 -1647 -1552 -2945 -720 -3923 735 1133 2820 354
1056 -1410 3896 2830 1127 -766 2144 -2053 -175 2363 -1242 -2293 2108 676 4401 -67 2187 -4433 1025 1825 -1422 -475 -869 -74 2142 -165 -671 2480 1993 -3685 -675 1424 -2017 -753 -2439 1572 -905 -2394 2108 125 -880 -1524 1250 1120 -941 -4875 -4185 -1202 714 1173 -4856 4276 -1543 -703 -2614 -1647 -1552 -2945 -720 -3923 735 1133 2820 354
1056 -1410 3896 2830 1127 -766 2144 -2053 -175 2363 -1242 -2293 2108 676 4401 -67 2187 -4433 1025 1825 -1422 -475 -869 -74 2142 -165 -671 2480 1993 -3685 -675 1424 -2017 -753 -2439 1572 -905 -2394 2108 125 -880 -1524 1250 1120 -941 -4875 -4185 -1202 714 1173 -4856 4276 -1543 -703 -2614 -1647 -1552 -2945 -720 -3923 735 1133 2820 354
1052 -1428 3895 2822 1133 -773 2150 -2045 -173 2358 -1246 -2292 2115 672 4424 -50 2194 -4450 1038 1828 -1422 -473 -860 -57 2133 -172 -674 2484 1990 -3684 -685 1422 -2040 -769 -2426 1581 -906 -2370 2100 126 -871 -1538 1226 1116 -930 -4891 -4195 -1192 724 1175 -4866 4283 -1549 -704 -2620 -1636 -1549 -2945 -708 -3922 737 1127 2826 349
1073 -1430 3929 2814 1153 -806 2173 -2065 -221 2379 -1262 -2284 2148 692 4475 -20 2199 -4441 1016 1811 -1413 -474 -870 -81 2170 -156 -665 2485 1994 -3672 -687 1429 -2023 -757 -2453 1572 -892 -2371 2079 122 -863 -1559 1262 1104 -951 -4867 -4176 -1206 707 1179 -4842 4279 -1526 -708 -2593 -1664 -1553 -2930 -714 -3921 728 1149 2799 351
1056 -1410 3896 2830 1127 -766 2144 -2053 -175 2363 -1242 -2293 2108 676 4401 -67 2187 -4433 1025 1825 -1422 -475 -869 -74 2142 -165 -671 2480 1993 -3685 -675 1424 -2017 -753 -2439 1572 -905 -2394 2108 125 -880 -1524 1250 1120 -941 -4875 -4185 -1202 714 1173 -4856 4276 -1543 -703 -2614 -1647 -1552 -2945 -720 -3923 735 1133 2820 354
1056 -1410 3896 2830 1127 -766 2144 -2053 -175 2363 -1242 -2293 2108 676 4401 -67 2187 -4433 1025 1825 -1422 -475 -869 -74 2142 -165 -671 2480 1993 -3685 -675 1424 -2017 -753 -2439 1572 -905 -2394 2108 125 -880 -1524 1250 1120 -941 -4875 -4185 -1202 714 1173 -4856 4276 -1543 -703 -2614 -1647 -1552 -2945 -720 -3923 735 1133 2820 354
1056 -1410 3896 2830 1127 -766 2144 -2053 -175 2363 -1242 -2293 2108 676 4401 -67 2187 -4433 1025 1825 -1422 -475 -869 -74 2142 -165 -671 2480 1993 -3685 -675 1424 -2017 -753 -2439 1572 -905 -2394 2108 125 -880 -1524 1250 1120 -941 -4875 -4185 -1202 714 1173 -4856 4276 -1543 -703 -2614 -1647 -1552 -2945 -720 -3923 735 1133 2820 354
1056 -1410 3896 2830 1127 -766 2144 -2053 -175 2363 -1242 -2293 2108 676 4401 -67 2187 -4433 1025 1825 -1422 -475 -869 -74 2142 -165 -671 2480 1993 -3685 -675 1424 -2017 -753 -2439 1572 -905 -2394 2108 125 -880 -1524 1250 1120 -941 -4875 -4185 -1202 714 1173 -4856 4276 -1543 -703 -2614 -1647 -1552 -2945 -720 -3923 735 1133 2820 354
1054 -1410 3893 2830 1124 -762 2141 -2051 -170 2360 -1241 -2293 2104 674 4396 -70 2190 -4435 1028 1825 -1422 -475 -867 -70 2138 -168 -670 2480 1992 -3685 -676 1424 -2019 -756 -2444 1573 -905 -2389 2101 123 -873 -1531 1252 1120 -944 -4872 -4184 -1201 728 1173 -4868 4284 -1551 -704 -2622 -1635 -1550 -2942 -707 -3919 731 1128 2829 347
1093 -1411 3964 2814 1169 -835 2175 -2090 -276 2394 -1280 -2276 2187 718 4503 -5 2199 -4376 964 1813 -1394 -490 -900 -109 2157 -142 -659 2470 1979 -3690 -643 1437 -2031 -769 -2472 1575 -892 -2356 2053 118 -842 -1584 1272 1104 -963 -4858 -4170 -1205 715 1178 -4855 4284 -1535 -709 -2602 -1645 -1548 -2941 -707 -3926 747 1134 2812 344
1057 -1411 3897 2829 1128 -768 2145 -2053 -177 2364 -1243 -2292 2110 676 4405 -64 2187 -4435 1027 1825 -1423 -474 -868 -74 2142 -166 -671 2480 1994 -3684 -676 1424 -2016 -752 -2438 1572 -905 -2394 2110 125 -881 -1523 1249 1119 -941 -4875 -4186 -1202 714 1173 -4856 4276 -1543 -703 -2614 -1647 -1552 -2944 -719 -3922 735 1133 2819 355
1056 -1410 3896 2830 1127 -766 2144 -2053 -175 2363 -1242 -2293 2108 676 4401 -67 2187 -4433 1025 1825 -1422 -475 -869 -74 2142 -165 -671 2480 1993 -3685 -675 1424 -2017 -753 -2439 1572 -905 -2394 2108 125 -880 -1524 1250 1120 -941 -4875 -4185 -1202 714 1173 -4856 4276 -1543 -703 -2614 -1647 -1552 -2945 -720 -3923 735 1133 2820 354
1056 -1410 3896 2830 1127 -766 2144 -2053 -175 2363 -1242 -2293 2108 676 4401 -67 2187 -4433 1025 1825 -1422 -475 -869 -74 2142 -165 -671 2480 1993 -3685 -675 1424 -2017 -753 -2439 1572 -905 -2394 2108 125 -880 -1524 1250 1120 -941 -4875 -4185 -1202 714 1173 -4856 4276 -1543 -703 -2614 -1647 -1552 -2945 -720 -3923 735 1133 2820 354
1056 -1410 3896 2830 1127 -766 2144 -2053 -175 2363 -1242 -2293 2108 676 4401 -67 2187 -4433 1025 1825 -1422 -475 -869 -74 2142 -165 -671 2480 1993 -3685 -675 1424 -2017 -753 -2439 1572 -905 -2394 2108 125 -880 -1524 1250 1120 -941 -4875 -4185 -1202 714 1173 -4856 4276 -1543 -703 -2614 -1647 -1552 -2945 -720 -3923 735 1133 2820 354
1056 -1410 3896 2830 1127 -766 2144 -2053 -175 2363 -1242 -2293 2108 676 4401 -67 2187 -4433 1025 1825 -1422 -475 -869 -74 2142 -165 -671 2480 1993 -3685 -675 1424 -2017 -753 -2439 1572 -905 -2394 2108 125 -880 -1524 1250 1120 -941 -4875 -4185 -1202 714 1173 -4856 4276 -1543 -703 -2614 -1647 -1552 -2945 -720 -3923 735 1133 2820 354
1059 -1433 3907 2818 1140 -785 2158 -2049 -193 2363 -1254 -2286 2130 679 4448 -33 2193 -4466 1039 1824 -1421 -471 -858 -60 2150 -166 -676 2487 1993 -3677 -700 1421 -2051 -773 -2438 1581 -888 -2342 2067 121 -854 -1576 1242 1092 -939 -4880 -4190 -1195 636 1167 -4783 4228 -1497 -693 -2565 -1717 -1558 -2958 -791 -3946 764 1161 2763 396
1073 -1429 3928 2814 1152 -804 2172 -2064 -220 2379 -1262 -2284 2147 692 4473 -21 2196 -4455 1030 1815 -1419 -471 -865 -74 2166 -160 -669 2488 1997 -3671 -696 1426 -2024 -755 -2450 1572 -889 -2369 2080 122 -865 -1559 1263 1100 -949 -4866 -4177 -1207 677 1176 -4814 4260 -1508 -704 -2575 -1694 -1556 -2934 -742 -3928 734 1162 2776 368
1056 -1410 3896 2830 1127 -766 2144 -2053 -175 2363 -1242 -2293 2108 676 4401 -67 2187 -4433 1025 1825 -1422 -475 -869 -74 2142 -165 -671 2480 1993 -3685 -675 1424 -2017 -753 -2439 1572 -905 -2394 2108 125 -880 -1524 1250 1120 -941 -4875 -4185 -1202 714 1173 -4856 4276 -1543 -703 -2614 -1647 -1552 -2945 -720 -3923 735 1133 2820 354
1056 -1410 3896 2830 1127 -766 2144 -2053 -175 2363 -1242 -2293 2108 676 4401 -67 2187 -4433 1025 1825 -1422 -475 -869 -74 2142 -165 -671 2480 1993 -3685 -675 1424 -2017 -753 -2439 1572 -905 -2394 2108 125 -880 -1524 1250 1120 -941 -4875 -4185 -1202 714 1173 -4856 4276 -1543 -703 -2614 -1647 -1552 -2945 -720 -3923 735 1133 2820 354
1056 -1410 3896 2830 1127 -766 2144 -2053 -175 2363 -1242 -2293 2108 676 4401 -67 2187 -4433 1025 1825 -1422 -475 -869 -74 2142 -165 -671 2480 1993 -3685 -675 1424 -2017 -753 -2439 1572 -905 -2394 2108 125 -880 -1524 1250 1120 -941 -4875 -4185 -1202 714 1173 -4856 4276 -1543 -703 -2614 -1647 -1552 -2945 -720 -3923 735 1133 2820 354
