149 204 -1355 873 -22 490 -295 -345 -153 176 -474 389 10 392 -260 -246 -1096 -2045 -231 -539 541 -1089 188 -1347 -3 -323 -357 1267 -723 382 -206 -695 -1611 -361 290 633 -109 -353 880 -1247 -739 -1342 306 -1243 830 292 -795 824 -427 -988 91 -756 763 1795 -706 -793 -910 -376 -311 -96 -55 -1711 685 -91
189 829 -1429 561 34 684 -273 -260 -22 43 278 -21 -183 988 115 -187 -1436 -1901 -219 -27 491 -1464 483 -2257 -138 -153 434 975 -536 355 -837 -845 -2132 -920 -227 175 3 -281 818 -1566 -219 -1581 192 -669 755 276 -1085 693 -612 -932 -24 -1072 994 1085 -141 -1581 -600 -360 -7 -155 300 -2208 -45 -381
189 829 -1429 561 34 684 -273 -260 -22 43 278 -21 -183 988 115 -187 -1436 -1901 -219 -27 491 -1464 483 -2257 -138 -153 434 975 -536 355 -837 -845 -2132 -920 -227 175 3 -281 818 -1566 -219 -1581 192 -669 755 276 -1085 693 -612 -932 -24 -1072 994 1085 -141 -1581 -600 -360 -7 -155 300 -2208 -45 -381
189 829 -1429 561 34 684 -273 -260 -22 43 278 -21 -183 988 115 -187 -1436 -1901 -219 -27 491 -1464 483 -2257 -138 -153 434 975 -536 355 -837 -845 -2132 -920 -227 175 3 -281 818 -1566 -219 -1581 192 -669 755 276 -1085 693 -612 -932 -24 -1072 994 1085 -141 -1581 -600 -360 -7 -155 300 -2208 -45 -381
189 829 -1429 561 34 684 -273 -260 -22 43 278 -21 -183 988 115 -187 -1436 -1901 -219 -27 491 -1464 483 -2257 -138 -153 434 975 -536 355 -837 -845 -2132 -920 -227 175 3 -281 818 -1566 -219 -1581 192 -669 755 276 -1085 693 -612 -932 -24 -1072 994 1085 -141 -1581 -600 -360 -7 -155 300 -2208 -45 -381
189 829 -1429 561 34 684 -273 -260 -22 43 278 -21 -183 988 115 -187 -1436 -1901 -219 -27 491 -1464 483 -2257 -138 -153 434 975 -536 355 -837 -845 -2132 -920 -227 175 3 -281 818 -1566 -219 -1581 192 -669 755 276 -1085 693 -612 -932 -24 -1072 994 1085 -141 -1581 -600 -360 -7 -155 300 -2208 -45 -381
189 829 -1429 561 34 684 -273 -260 -22 43 278 -21 -183 988 115 -187 -1436 -1901 -219 -27 491 -1464 483 -2257 -138 -153 434 975 -536 355 -837 -845 -2132 -920 -227 175 3 -281 818 -1566 -219 -1581 192 -669 755 276 -1085 693 -612 -932 -24 -1072 994 1085 -141 -1581 -600 -360 -7 -155 300 -2208 -45 -381
189 829 -1429 561 34 684 -273 -260 -22 43 278 -21 -183 988 115 -187 -1436 -1901 -219 -27 491 -1464 483 -2257 -138 -153 434 975 -536 355 -837 -845 -2132 -920 -227 175 3 -281 818 -1566 -219 -1581 192 -669 755 276 -1085 693 -612 -932 -24 -1072 994 1085 -141 -1581 -600 -360 -7 -155 300 -2208 -45 -381
189 829 -1429 561 34 684 -273 -260 -22 43 278 -21 -183 988 115 -187 -1436 -1901 -219 -27 491 -1464 483 -2257 -138 -153 434 975 -536 355 -837 -845 -2132 -920 -227 175 3 -281 818 -1566 -219 -1581 192 -669 755 276 -1085 693 -612 -932 -24 -1072 994 1085 -141 -1581 -600 -360 -7 -155 300 -2208 -45 -381
376 829 -1357 534 -83 704 -71 -423 -171 -47 -5 -46 -3 1231 71 -244 -1006 -1975 134 -435 217 -1496 483 -2200 -239 -338 539 950 -454 499 -716 -901 -1926 -1096 -373 282 -34 -403 503 -1416 -349 -1571 101 -967 632 416 -976 778 -821 -1049 -121 -1203 1022 1007 -252 -1573 -650 -250 -272 -339 432 -2158 31 -148
110 679 -968 811 -219 651 -335 -476 17 -123 187 51 -138 1119 316 -235 -1020 -1740 61 -120 594 -1437 714 -2174 -441 58 309 1392 -718 413 -709 -807 -2090 -939 -179 57 -39 -334 689 -1305 -486 -1605 358 -947 609 546 -1011 615 -472 -1077 -17 -1207 917 1135 -341 -1166 -810 -46 -159 -114 209 -2270 108 -382
189 829 -1429 561 34 684 -273 -260 -22 43 278 -21 -183 988 115 -187 -1436 -1901 -219 -27 491 -1464 483 -2257 -138 -153 434 975 -536 355 -837 -845 -2132 -920 -227 175 3 -281 818 -1566 -219 -1581 192 -669 755 276 -1085 693 -612 -932 -24 -1072 994 1085 -141 -1581 -600 -360 -7 -155 300 -2208 -45 -381
189 829 -1429 561 34 684 -273 -260 -22 43 278 -21 -183 988 115 -187 -1436 -1901 -219 -27 491 -1464 483 -2257 -138 -153 434 975 -536 355 -837 -845 -2132 -920 -227 175 3 -281 818 -1566 -219 -1581 192 -669 755 276 -1085 693 -612 -932 -24 -1072 994 1085 -141 -1581 -600 -360 -7 -155 300 -2208 -45 -381
189 829 -1429 561 34 684 -273 -260 -22 43 278 -21 -183 988 115 -187 -1436 -1901 -219 -27 491 -1464 483 -2257 -138 -153 434 975 -536 355 -837 -845 -2132 -920 -227 175 3 -281 818 -1566 -219 -1581 192 -669 755 276 -1085 693 -612 -932 -24 -1072 994 1085 -141 -1581 -600 -360 -7 -155 300 -2208 -45 -381
189 829 -1429 561 34 684 -273 -260 -22 43 278 -21 -183 988 115 -187 -1436 -1901 -219 -27 491 -1464 483 -2257 -138 -153 434 975 -536 355 -837 -845 -2132 -920 -227 175 3 -281 818 -1566 -219 -1581 192 -669 755 276 -1085 693 -612 -932 -24 -1072 994 1085 -141 -1581 -600 -360 -7 -155 300 -2208 -45 -381
189 829 -1429 561 34 684 -273 -260 -22 43 278 -21 -183 988 115 -187 -1436 -1901 -219 -27 491 -1464 483 -2257 -138 -153 434 975 -536 355 -837 -845 -2132 -920 -227 175 3 -281 818 -1566 -219 -1581 192 -669 755 276 -1085 693 -612 -932 -24 -1072 994 1085 -141 -1581 -600 -360 -7 -155 300 -2208 -45 -381
493 922 -2015 474 516 656 -52 -524 -246 400 169 277 335 809 -440 -342 -1510 -2022 -13 -340 227 -1538 247 -1789 83 -618 143 833 -779 561 -525 -724 -2281 -339 -151 945 -111 -435 912 -1584 4 -1238 -110 -512 632 249 -1181 1208 -970 -980 -123 -1253 1131 1633 -495 -1795 -715 -677 -155 -170 266 -1420 398 -426
427 514 -1929 575 466 536 -189 -110 55 1022 -84 494 233 330 -429 -132 -1682 -2220 -302 -232 507 -1249 144 -1581 222 -706 -550 1238 -538 223 -381 -657 -2238 -77 364 1102 -129 -497 1290 -1464 -270 -1193 53 -667 1246 -45 -1221 1161 -315 -182 -77 -845 665 2277 -820 -1434 -1004 -969 -244 -210 -424 -997 587 -521
219 243 -2109 709 335 536 -398 -96 377 571 -127 212 206 -175 -383 -285 -1845 -1789 -472 -185 634 -956 61 -1378 557 -769 -450 888 -982 139 -366 -549 -2000 6 443 1145 27 -930 1355 -1541 -713 -978 107 -597 1097 -149 -984 1044 -416 -295 -8 -576 713 2344 -467 -1276 -648 -658 -54 -202 -239 -1303 547 -235
285 76 -1800 417 362 437 5 -97 -174 365 -564 470 86 -31 -638 -233 -1411 -1754 93 -628 246 -926 56 -1326 488 -850 -364 852 -578 488 -416 -331 -1962 -259 530 950 147 -655 1028 -1352 -767 -865 134 -903 1264 67 -865 927 -428 -543 -226 -809 557 1817 -795 -1479 -764 -634 -120 -529 -163 -1090 804 -255
64 193 -1060 1199 -171 200 -533 77 87 62 6 -108 -158 712 316 -476 -1132 -2116 -493 -144 706 -1384 574 -1882 -326 143 -329 1372 -569 249 -665 -658 -1382 -845 247 152 43 -452 965 -1405 -655 -1455 489 -1186 1073 185 -1018 436 -303 -601 200 -810 966 1647 -549 -767 -824 -102 -96 -37 -53 -2501 22 -326
189 829 -1429 561 34 684 -273 -260 -22 43 278 -21 -183 988 115 -187 -1436 -1901 -219 -27 491 -1464 483 -2257 -138 -153 434 975 -536 355 -837 -845 -2132 -920 -227 175 3 -281 818 -1566 -219 -1581 192 -669 755 276 -1085 693 -612 -932 -24 -1072 994 1085 -141 -1581 -600 -360 -7 -155 300 -2208 -45 -381
189 829 -1429 561 34 684 -273 -260 -22 43 278 -21 -183 988 115 -187 -1436 -1901 -219 -27 491 -1464 483 -2257 -138 -153 434 975 -536 355 -837 -845 -2132 -920 -227 175 3 -281 818 -1566 -219 -1581 192 -669 755 276 -1085 693 -612 -932 -24 -1072 994 1085 -141 -1581 -600 -360 -7 -155 300 -2208 -45 -381
189 829 -1429 561 34 684 -273 -260 -22 43 278 -21 -183 988 115 -187 -1436 -1901 -219 -27 491 -1464 483 -2257 -138 -153 434 975 -536 355 -837 -845 -2132 -920 -227 175 3 -281 818 -1566 -219 -1581 192 -669 755 276 -1085 693 -612 -932 -24 -1072 994 1085 -141 -1581 -600 -360 -7 -155 300 -2208 -45 -381
189 829 -1429 561 34 684 -273 -260 -22 43 278 -21 -183 988 115 -187 -1436 -1901 -219 -27 491 -1464 483 -2257 -138 -153 434 975 -536 355 -837 -845 -2132 -920 -227 175 3 -281 818 -1566 -219 -1581 192 -669 755 276 -1085 693 -612 -932 -24 -1072 994 1085 -141 -1581 -600 -360 -7 -155 300 -2208 -45 -381
189 829 -1429 561 34 684 -273 -260 -22 43 278 -21 -183 988 115 -187 -1436 -1901 -219 -27 491 -1464 483 -2257 -138 -153 434 975 -536 355 -837 -845 -2132 -920 -227 175 3 -281 818 -1566 -219 -1581 192 -669 755 276 -1085 693 -612 -932 -24 -1072 994 1085 -141 -1581 -600 -360 -7 -155 300 -2208 -45 -381
433 60 -1736 1027 -119 502 -639 -772 405 -7 6 360 147 366 -422 -389 -809 -1318 -36 -682 745 -1027 319 -1124 173 -333 -230 884 -1230 278 25 -333 -1834 -360 147 1148 -453 -493 632 -1076 -652 -1293 324 -1235 270 868 -547 1131 -719 -1218 10 -752 865 2135 -388 -769 -880 -55 -680 -344 19 -1387 999 -60
116 830 -1454 602 -102 689 -257 -130 -43 115 211 -86 -218 925 -12 -171 -1488 -2021 -415 -79 408 -1425 403 -2263 -92 -230 293 1103 -476 320 -866 -896 -2117 -884 -161 274 -59 -218 860 -1578 -247 -1608 188 -758 803 171 -1135 745 -693 -867 -46 -1050 1057 1250 -145 -1501 -621 -379 -79 -175 248 -2175 -84 -356
189 829 -1429 561 34 684 -273 -260 -22 43 278 -21 -183 988 115 -187 -1436 -1901 -219 -27 491 -1464 483 -2257 -138 -153 434 975 -536 355 -837 -845 -2132 -920 -227 175 3 -281 818 -1566 -219 -1581 192 -669 755 276 -1085 693 -612 -932 -24 -1072 994 1085 -141 -1581 -600 -360 -7 -155 300 -2208 -45 -381
189 829 -1429 561 34 684 -273 -260 -22 43 278 -21 -183 988 115 -187 -1436 -1901 -219 -27 491 -1464 483 -2257 -138 -153 434 975 -536 355 -837 -845 -2132 -920 -227 175 3 -281 818 -1566 -219 -1581 192 -669 755 276 -1085 693 -612 -932 -24 -1072 994 1085 -141 -1581 -600 -360 -7 -155 300 -2208 -45 -381
189 829 -1429 561 34 684 -273 -260 -22 43 278 -21 -183 988 115 -187 -1436 -1901 -219 -27 491 -1464 483 -2257 -138 -153 434 975 -536 355 -837 -845 -2132 -920 -227 175 3 -281 818 -1566 -219 -1581 192 -669 755 276 -1085 693 -612 -932 -24 -1072 994 1085 -141 -1581 -600 -360 -7 -155 300 -2208 -45 -381
189 829 -1429 561 34 684 -273 -260 -22 43 278 -21 -183 988 115 -187 -1436 -1901 -219 -27 491 -1464 483 -2257 -138 -153 434 975 -536 355 -837 -845 -2132 -920 -227 175 3 -281 818 -1566 -219 -1581 192 -669 755 276 -1085 693 -612 -932 -24 -1072 994 1085 -141 -1581 -600 -360 -7 -155 300 -2208 -45 -381
87 694 -1210 273 192 847 141 -387 -493 -220 -422 191 -133 938 -232 -358 -1123 -1695 198 -704 336 -1278 268 -2204 260 -519 530 798 -662 854 -570 -743 -1798 -995 -51 124 -52 -470 547 -1204 -770 -1054 -24 -905 581 412 -476 783 -763 -1126 -401 -1083 714 1073 -229 -1847 -369 -322 21 -451 316 -1908 231 -178
195 54 -1113 1176 -52 131 -559 178 212 297 -172 -34 -184 531 226 -355 -1224 -2026 -443 -124 840 -1488 495 -1945 -233 103 -503 1430 -531 49 -601 -616 -1355 -746 344 241 -62 -760 1141 -1347 -590 -1423 566 -1016 1286 138 -809 546 97 -258 414 -550 701 1854 -587 -739 -975 -176 -167 110 -354 -2394 164 -444
189 829 -1429 561 34 684 -273 -260 -22 43 278 -21 -183 988 115 -187 -1436 -1901 -219 -27 491 -1464 483 -2257 -138 -153 434 975 -536 355 -837 -845 -2132 -920 -227 175 3 -281 818 -1566 -219 -1581 192 -669 755 276 -1085 693 -612 -932 -24 -1072 994 1085 -141 -1581 -600 -360 -7 -155 300 -2208 -45 -381
189 829 -1429 561 34 684 -273 -260 -22 43 278 -21 -183 988 115 -187 -1436 -1901 -219 -27 491 -1464 483 -2257 -138 -153 434 975 -536 355 -837 -845 -2132 -920 -227 175 3 -281 818 -1566 -219 -1581 192 -669 755 276 -1085 693 -612 -932 -24 -1072 994 1085 -141 -1581 -600 -360 -7 -155 300 -2208 -45 -381
189 829 -1429 561 34 684 -273 -260 -22 43 278 -21 -183 988 115 -187 -1436 -1901 -219 -27 491 -1464 483 -2257 -138 -153 434 975 -536 355 -837 -845 -2132 -920 -227 175 3 -281 818 -1566 -219 -1581 192 -669 755 276 -1085 693 -612 -932 -24 -1072 994 1085 -141 -1581 -600 -360 -7 -155 300 -2208 -45 -381
189 829 -1429 561 34 684 -273 -260 -22 43 278 -21 -183 988 115 -187 -1436 -1901 -219 -27 491 -1464 483 -2257 -138 -153 434 975 -536 355 -837 -845 -2132 -920 -227 175 3 -281 818 -1566 -219 -1581 192 -669 755 276 -1085 693 -612 -932 -24 -1072 994 1085 -141 -1581 -600 -360 -7 -155 300 -2208 -45 -381
322 832 -1362 522 49 686 -37 -323 -211 -28 87 10 -59 1133 88 -249 -1221 -1896 101 -282 334 -1536 505 -2284 -157 -305 477 938 -525 482 -759 -875 -2036 -1039 -312 167 56 -346 656 -1522 -279 -1530 66 -723 739 337 -1035 733 -733 -982 -91 -1214 985 996 -241 -1679 -571 -323 -56 -228 394 -2117 -10 -296
617 -3 -1310 1287 -10 -83 -723 -617 548 214 320 277 246 300 238 -441 -719 -1388 366 -461 1166 -1214 727 -1114 -372 169 -536 1626 -1074 -154 259 -366 -1600 -223 125 539 -494 -836 638 -887 -557 -1301 538 -1111 458 904 -597 825 27 -642 554 -668 495 2083 -607 -163 -1165 116 -629 188 -265 -1660 833 -361
184 829 -1430 571 -16 699 -278 -223 -25 79 267 -37 -181 983 77 -170 -1444 -1954 -280 -49 463 -1452 464 -2256 -144 -185 382 1023 -498 335 -833 -863 -2141 -916 -218 207 -35 -242 822 -1567 -209 -1614 191 -701 763 248 -1102 718 -637 -895 -34 -1067 1012 1146 -141 -1550 -621 -359 -39 -168 273 -2185 -56 -385
189 829 -1429 561 34 684 -273 -260 -22 43 278 -21 -183 988 115 -187 -1436 -1901 -219 -27 491 -1464 483 -2257 -138 -153 434 975 -536 355 -837 -845 -2132 -920 -227 175 3 -281 818 -1566 -219 -1581 192 -669 755 276 -1085 693 -612 -932 -24 -1072 994 1085 -141 -1581 -600 -360 -7 -155 300 -2208 -45 -381
189 829 -1429 561 34 684 -273 -260 -22 43 278 -21 -183 988 115 -187 -1436 -1901 -219 -27 491 -1464 483 -2257 -138 -153 434 975 -536 355 -837 -845 -2132 -920 -227 175 3 -281 818 -1566 -219 -1581 192 -669 755 276 -1085 693 -612 -932 -24 -1072 994 1085 -141 -1581 -600 -360 -7 -155 300 -2208 -45 -381
189 829 -1429 561 34 684 -273 -260 -22 43 278 -21 -183 988 115 -187 -1436 -1901 -219 -27 491 -1464 483 -2257 -138 -153 434 975 -536 355 -837 -845 -2132 -920 -227 175 3 -281 818 -1566 -219 -1581 192 -669 755 276 -1085 693 -612 -932 -24 -1072 994 1085 -141 -1581 -600 -360 -7 -155 300 -2208 -45 -381
189 829 -1429 561 34 684 -273 -260 -22 43 278 -21 -183 988 115 -187 -1436 -1901 -219 -27 491 -1464 483 -2257 -138 -153 434 975 -536 355 -837 -845 -2132 -920 -227 175 3 -281 818 -1566 -219 -1581 192 -669 755 276 -1085 693 -612 -932 -24 -1072 994 1085 -141 -1581 -600 -360 -7 -155 300 -2208 -45 -381
111 524 -1836 105 865 929 28 -267 -499 255 77 544 35 331 -450 -395 -1895 -1546 -148 -362 548 -1266 48 -1875 772 -628 61 597 -987 633 -549 -548 -2165 -514 319 447 158 -157 1177 -1567 -603 -612 -285 -257 685 -38 -908 961 -784 -944 -427 -974 964 1537 -317 -2047 -345 -716 665 -297 81 -1335 448 -423
144 130 -1310 993 -235 334 -628 314 391 261 -168 -99 -217 290 69 -254 -1430 -2060 -709 -72 609 -1219 336 -1786 -63 -187 -372 1419 -346 -127 -716 -677 -1513 -572 214 491 -204 -782 1310 -1489 -593 -1475 528 -991 1360 -144 -801 694 -39 -322 510 -320 571 1934 -276 -883 -861 -309 -221 61 -276 -2350 56 -290
189 829 -1429 561 34 684 -273 -260 -22 43 278 -21 -183 988 115 -187 -1436 -1901 -219 -27 491 -1464 483 -2257 -138 -153 434 975 -536 355 -837 -845 -2132 -920 -227 175 3 -281 818 -1566 -219 -1581 192 -669 755 276 -1085 693 -612 -932 -24 -1072 994 1085 -141 -1581 -600 -360 -7 -155 300 -2208 -45 -381
189 829 -1429 561 34 684 -273 -260 -22 43 278 -21 -183 988 115 -187 -1436 -1901 -219 -27 491 -1464 483 -2257 -138 -153 434 975 -536 355 -837 -845 -2132 -920 -227 175 3 -281 818 -1566 -219 -1581 192 -669 755 276 -1085 693 -612 -932 -24 -1072 994 1085 -141 -1581 -600 -360 -7 -155 300 -2208 -45 -381
189 829 -1429 561 34 684 -273 -260 -22 43 278 -21 -183 988 115 -187 -1436 -1901 -219 -27 491 -1464 483 -2257 -138 -153 434 975 -536 355 -837 -845 -2132 -920 -227 175 3 -281 818 -1566 -219 -1581 192 -669 755 276 -1085 693 -612 -932 -24 -1072 994 1085 -141 -1581 -600 -360 -7 -155 300 -2208 -45 -381
