-2377 1434 -2589 -2630 -4191 -2391 -1212 -149 3469 3779 -1710 -200 -3301 2006 -133 -2516 -2224 2541 -3344 1274 181 3078 1406 -2675 807 -2035 5268 2755 -165 -1401 2195 -2846 -273 -5736 3848 -2413 -5570 1416 -1274 1781 -968 -12 -226 -91 6456 -933 -183 -594 175 -2928 -544 2348 181 -1437 2017 3623 1596 2182 1839 966 -1955 -1628 5453 4011
-4490 2418 -1612 -1784 -6203 -226 -1513 -914 3810 2896 -1019 1648 -3061 2936 -627 -2163 -1903 1953 -4540 999 1213 1932 356 -1882 1696 -1625 4655 1348 -859 -626 1864 -2898 368 -5120 2397 -808 -3125 2992 -1047 3211 1009 -744 149 2788 5668 -10 112 -1551 624 -5401 -2523 4550 471 -1508 -234 4684 -1028 2889 893 -386 773 -2358 2975 2904
-4490 2418 -1612 -1784 -6203 -226 -1513 -914 3810 2896 -1019 1648 -3061 2936 -627 -2163 -1903 1953 -4540 999 1213 1932 356 -1882 1696 -1625 4655 1348 -859 -626 1864 -2898 368 -5120 2397 -808 -3125 2992 -1047 3211 1009 -744 149 2788 5668 -10 112 -1551 624 -5401 -2523 4550 471 -1508 -234 4684 -1028 2889 893 -386 773 -2358 2975 2904
-4490 2418 -1612 -1784 -6203 -226 -1513 -914 3810 2896 -1019 1648 -3061 2936 -627 -2163 -1903 1953 -4540 999 1213 1932 356 -1882 1696 -1625 4655 1348 -859 -626 1864 -2898 368 -5120 2397 -808 -3125 2992 -1047 3211 1009 -744 149 2788 5668 -10 112 -1551 624 -5401 -2523 4550 471 -1508 -234 4684 -1028 2889 893 -386 773 -2358 2975 2904
-4490 2418 -1612 -1784 -6203 -226 -1513 -914 3810 2896 -1019 1648 -3061 2936 -627 -2163 -1903 1953 -4540 999 1213 1932 356 -1882 1696 -1625 4655 1348 -859 -626 1864 -2898 368 -5120 2397 -808 -3125 2992 -1047 3211 1009 -744 149 2788 5668 -10 112 -1551 624 -5401 -2523 4550 471 -1508 -234 4684 -1028 2889 893 -386 773 -2358 2975 2904
-4490 2418 -1612 -1784 -6203 -226 -1513 -914 3810 2896 -1019 1648 -3061 2936 -627 -2163 -1903 1953 -4540 999 1213 1932 356 -1882 1696 -1625 4655 1348 -859 -626 1864 -2898 368 -5120 2397 -808 -3125 2992 -1047 3211 1009 -744 149 2788 5668 -10 112 -1551 624 -5401 -2523 4550 471 -1508 -234 4684 -1028 2889 893 -386 773 -2358 2975 2904
-4490 2418 -1612 -1784 -6203 -226 -1513 -914 3810 2896 -1019 1648 -3061 2936 -627 -2163 -1903 1953 -4540 999 1213 1932 356 -1882 1696 -1625 4655 1348 -859 -626 1864 -2898 368 -5120 2397 -808 -3125 2992 -1047 3211 1009 -744 149 2788 5668 -10 112 -1551 624 -5401 -2523 4550 471 -1508 -234 4684 -1028 2889 893 -386 773 -2358 2975 2904
-4490 2418 -1612 -1784 -6203 -226 -1513 -914 3810 2896 -1019 1648 -3061 2936 -627 -2163 -1903 1953 -4540 999 1213 1932 356 -1882 1696 -1625 4655 1348 -859 -626 1864 -2898 368 -5120 2397 -808 -3125 2992 -1047 3211 1009 -744 149 2788 5668 -10 112 -1551 624 -5401 -2523 4550 471 -1508 -234 4684 -1028 2889 893 -386 773 -2358 2975 2904
-4490 2418 -1612 -1784 -6203 -226 -1513 -914 3810 2896 -1019 1648 -3061 2936 -627 -2163 -1903 1953 -4540 999 1213 1932 356 -1882 1696 -1625 4655 1348 -859 -626 1864 -2898 368 -5120 2397 -808 -3125 2992 -1047 3211 1009 -744 149 2788 5668 -10 112 -1551 624 -5401 -2523 4550 471 -1508 -234 4684 -1028 2889 893 -386 773 -2358 2975 2904
-4515 2073 -1284 -2230 -5833 -646 -1845 -961 4119 3751 -733 1798 -3128 2880 -473 -2795 -1758 2997 -4314 519 1384 2715 847 -1193 2769 -1971 5242 1134 -1138 -999 2221 -3292 1112 -4369 2020 -1386 -2780 2357 -1545 2791 356 -1589 544 1924 6234 -58 -217 -1501 676 -5286 -1620 4444 834 -2475 109 4465 -887 2695 1232 -525 -96 -1836 2783 2679
-5121 1706 -1956 -2239 -5923 -182 -1369 -801 3242 3883 -1077 913 -2927 2710 -593 -2545 -1137 2935 -3637 1001 933 2145 -151 -1341 2272 -1870 4470 1854 -1887 -902 1084 -3197 1040 -4831 2766 -871 -2778 2285 -1207 3673 -261 -444 64 2030 5616 -427 -226 -1961 959 -5677 -2246 4406 1101 -2489 -612 4464 -1295 3015 1474 -781 398 -2179 3238 3328
-4490 2418 -1612 -1784 -6203 -226 -1513 -914 3810 2896 -1019 1648 -3061 2936 -627 -2163 -1903 1953 -4540 999 1213 1932 356 -1882 1696 -1625 4655 1348 -859 -626 1864 -2898 368 -5120 2397 -808 -3125 2992 -1047 3211 1009 -744 149 2788 5668 -10 112 -1551 624 -5401 -2523 4550 471 -1508 -234 4684 -1028 2889 893 -386 773 -2358 2975 2904
-4490 2418 -1612 -1784 -6203 -226 -1513 -914 3810 2896 -1019 1648 -3061 2936 -627 -2163 -1903 1953 -4540 999 1213 1932 356 -1882 1696 -1625 4655 1348 -859 -626 1864 -2898 368 -5120 2397 -808 -3125 2992 -1047 3211 1009 -744 149 2788 5668 -10 112 -1551 624 -5401 -2523 4550 471 -1508 -234 4684 -1028 2889 893 -386 773 -2358 2975 2904
-4490 2418 -1612 -1784 -6203 -226 -1513 -914 3810 2896 -1019 1648 -3061 2936 -627 -2163 -1903 1953 -4540 999 1213 1932 356 -1882 1696 -1625 4655 1348 -859 -626 1864 -2898 368 -5120 2397 -808 -3125 2992 -1047 3211 1009 -744 149 2788 5668 -10 112 -1551 624 -5401 -2523 4550 471 -1508 -234 4684 -1028 2889 893 -386 773 -2358 2975 2904
-4490 2418 -1612 -1784 -6203 -226 -1513 -914 3810 2896 -1019 1648 -3061 2936 -627 -2163 -1903 1953 -4540 999 1213 1932 356 -1882 1696 -1625 4655 1348 -859 -626 1864 -2898 368 -5120 2397 -808 -3125 2992 -1047 3211 1009 -744 149 2788 5668 -10 112 -1551 624 -5401 -2523 4550 471 -1508 -234 4684 -1028 2889 893 -386 773 -2358 2975 2904
-4490 2418 -1612 -1784 -6203 -226 -1513 -914 3810 2896 -1019 1648 -3061 2936 -627 -2163 -1903 1953 -4540 999 1213 1932 356 -1882 1696 -1625 4655 1348 -859 -626 1864 -2898 368 -5120 2397 -808 -3125 2992 -1047 3211 1009 -744 149 2788 5668 -10 112 -1551 624 -5401 -2523 4550 471 -1508 -234 4684 -1028 2889 893 -386 773 -2358 2975 2904
-2154 2305 -979 -2359 -5097 -2239 -1861 -12 4419 1888 -955 1275 -3345 2260 424 -3120 -3212 2133 -4668 935 1239 2693 1721 -2864 1452 -2215 4537 1293 -178 -485 3129 -2590 -674 -5468 2010 -1418 -4157 2596 -1615 2561 -412 -1297 831 1684 6051 -387 288 -636 -245 -3955 -2188 4085 258 319 1908 4173 -144 2705 856 1321 534 -2163 4105 2772
339 2302 -2527 -1497 -3702 -2723 -1620 9 3841 1102 39 353 -3330 1538 1432 -2116 -2732 -162 -5256 538 335 2119 2335 -4033 -355 -1699 5754 1753 769 -52 4156 -2112 -1678 -6341 2421 -1554 -5584 2400 -2049 1981 -754 -1581 975 704 4996 -876 1022 318 148 -1397 -2025 1986 -1274 966 3595 3938 1652 1127 27 1926 -1038 -1755 5216 2058
-242 3337 -2473 -1808 -3465 -2143 -1667 -651 3372 236 -687 -69 -2402 1185 737 -1947 -3198 507 -4423 1258 78 2279 2686 -3962 -1492 -2284 4669 2313 1598 208 4066 -1061 -1585 -6761 2638 -2631 -6110 2413 -2350 1897 -1026 149 1056 791 3896 -612 439 82 -332 -802 -2107 978 -1376 1002 3999 2931 1673 862 -192 2331 -1130 -2173 5975 2024
-696 2667 -2450 -2009 -2537 -2431 -2327 81 3807 1492 -159 -308 -2176 1593 576 -2288 -2506 1439 -4580 -592 -267 3459 3152 -3824 893 -2321 5505 1549 1365 -695 4624 -1686 -666 -6001 2179 -3145 -5494 1355 -2431 1210 -1872 -1861 1167 218 4929 -970 74 900 -144 -1069 -1083 1342 -1200 -223 4065 2788 2401 1002 153 1526 -2218 -1909 5056 1714
-4028 3461 -3850 -1820 -5796 -814 -520 -1514 2621 3101 -872 731 -2587 2721 162 -1563 -836 1783 -3561 1327 155 1150 1222 -2142 149 -1949 4374 3032 -1800 -886 1309 -3016 -557 -6083 3327 -698 -4573 3186 -1039 3156 -856 -281 -233 2710 4880 -213 87 -1423 1188 -3605 -3149 1763 -418 -2475 1106 2812 610 2214 1908 -92 -1496 -2540 4696 4568
-4490 2418 -1612 -1784 -6203 -226 -1513 -914 3810 2896 -1019 1648 -3061 2936 -627 -2163 -1903 1953 -4540 999 1213 1932 356 -1882 1696 -1625 4655 1348 -859 -626 1864 -2898 368 -5120 2397 -808 -3125 2992 -1047 3211 1009 -744 149 2788 5668 -10 112 -1551 624 -5401 -2523 4550 471 -1508 -234 4684 -1028 2889 893 -386 773 -2358 2975 2904
-4490 2418 -1612 -1784 -6203 -226 -1513 -914 3810 2896 -1019 1648 -3061 2936 -627 -2163 -1903 1953 -4540 999 1213 1932 356 -1882 1696 -1625 4655 1348 -859 -626 1864 -2898 368 -5120 2397 -808 -3125 2992 -1047 3211 1009 -744 149 2788 5668 -10 112 -1551 624 -5401 -2523 4550 471 -1508 -234 4684 -1028 2889 893 -386 773 -2358 2975 2904
-4490 2418 -1612 -1784 -6203 -226 -1513 -914 3810 2896 -1019 1648 -3061 2936 -627 -2163 -1903 1953 -4540 999 1213 1932 356 -1882 1696 -1625 4655 1348 -859 -626 1864 -2898 368 -5120 2397 -808 -3125 2992 -1047 3211 1009 -744 149 2788 5668 -10 112 -1551 624 -5401 -2523 4550 471 -1508 -234 4684 -1028 2889 893 -386 773 -2358 2975 2904
-4490 2418 -1612 -1784 -6203 -226 -1513 -914 3810 2896 -1019 1648 -3061 2936 -627 -2163 -1903 1953 -4540 999 1213 1932 356 -1882 1696 -1625 4655 1348 -859 -626 1864 -2898 368 -5120 2397 -808 -3125 2992 -1047 3211 1009 -744 149 2788 5668 -10 112 -1551 624 -5401 -2523 4550 471 -1508 -234 4684 -1028 2889 893 -386 773 -2358 2975 2904
-4490 2418 -1612 -1784 -6203 -226 -1513 -914 3810 2896 -1019 1648 -3061 2936 -627 -2163 -1903 1953 -4540 999 1213 1932 356 -1882 1696 -1625 4655 1348 -859 -626 1864 -2898 368 -5120 2397 -808 -3125 2992 -1047 3211 1009 -744 149 2788 5668 -10 112 -1551 624 -5401 -2523 4550 471 -1508 -234 4684 -1028 2889 893 -386 773 -2358 2975 2904
-1956 411 134 -1978 -3117 -2445 -1287 -283 3610 2067 -2104 129 -3766 899 -1228 -2376 -4849 3396 -2848 1764 660 2414 -212 -838 -665 -1632 4235 3002 1510 1020 2196 -2140 -1031 -4680 3768 -3664 -5490 1221 -2176 2954 -708 2828 1291 -1468 5487 -1422 -92 -1147 -1899 -2490 -565 2822 1218 1093 1350 3628 557 1719 652 2869 465 -342 5436 2079
-4398 2693 -1693 -1718 -6264 -411 -1564 -803 3842 2877 -954 1516 -3042 2975 -327 -2120 -1686 1783 -4483 749 1143 1844 538 -2316 1408 -1662 5027 1385 -860 -804 1901 -2961 220 -5507 2241 -737 -3337 2823 -1053 3137 806 -806 126 2734 5581 -135 299 -1453 697 -5092 -2585 4126 429 -1625 28 4649 -822 2952 902 -259 339 -2556 3132 3151
-4490 2418 -1612 -1784 -6203 -226 -1513 -914 3810 2896 -1019 1648 -3061 2936 -627 -2163 -1903 1953 -4540 999 1213 1932 356 -1882 1696 -1625 4655 1348 -859 -626 1864 -2898 368 -5120 2397 -808 -3125 2992 -1047 3211 1009 -744 149 2788 5668 -10 112 -1551 624 -5401 -2523 4550 471 -1508 -234 4684 -1028 2889 893 -386 773 -2358 2975 2904
-4490 2418 -1612 -1784 -6203 -226 -1513 -914 3810 2896 -1019 1648 -3061 2936 -627 -2163 -1903 1953 -4540 999 1213 1932 356 -1882 1696 -1625 4655 1348 -859 -626 1864 -2898 368 -5120 2397 -808 -3125 2992 -1047 3211 1009 -744 149 2788 5668 -10 112 -1551 624 -5401 -2523 4550 471 -1508 -234 4684 -1028 2889 893 -386 773 -2358 2975 2904
-4490 2418 -1612 -1784 -6203 -226 -1513 -914 3810 2896 -1019 1648 -3061 2936 -627 -2163 -1903 1953 -4540 999 1213 1932 356 -1882 1696 -1625 4655 1348 -859 -626 1864 -2898 368 -5120 2397 -808 -3125 2992 -1047 3211 1009 -744 149 2788 5668 -10 112 -1551 624 -5401 -2523 4550 471 -1508 -234 4684 -1028 2889 893 -386 773 -2358 2975 2904
-4490 2418 -1612 -1784 -6203 -226 -1513 -914 3810 2896 -1019 1648 -3061 2936 -627 -2163 -1903 1953 -4540 999 1213 1932 356 -1882 1696 -1625 4655 1348 -859 -626 1864 -2898 368 -5120 2397 -808 -3125 2992 -1047 3211 1009 -744 149 2788 5668 -10 112 -1551 624 -5401 -2523 4550 471 -1508 -234 4684 -1028 2889 893 -386 773 -2358 2975 2904
-3933 1606 -1247 -1689 -4465 -509 -2702 -357 4451 4318 -826 1061 -2239 2532 -361 -2968 -1354 2929 -4216 -929 427 2843 747 -2065 4003 -2123 5338 376 -286 -1431 2887 -2996 1018 -4807 1765 -2188 -2492 1298 -1493 1860 82 -2284 1186 1475 6809 -533 -533 -466 -147 -4387 -751 4445 1067 -2426 330 4104 447 2088 1210 -1060 -284 -2174 2221 2189
-2506 3327 -4158 -1337 -5153 -1078 -546 -1679 2567 3202 -744 -126 -2887 2101 614 -1316 -774 682 -4310 1585 -333 1036 1496 -2367 -323 -1818 4645 3377 -1294 -163 1753 -2962 -1202 -6111 3591 -1473 -5204 3352 -1133 2877 -429 -668 -104 2223 4639 -332 368 -1267 1352 -2351 -2708 1483 -1081 -1532 1728 2801 1279 1317 1605 12 -1914 -1866 5463 3859
-4490 2418 -1612 -1784 -6203 -226 -1513 -914 3810 2896 -1019 1648 -3061 2936 -627 -2163 -1903 1953 -4540 999 1213 1932 356 -1882 1696 -1625 4655 1348 -859 -626 1864 -2898 368 -5120 2397 -808 -3125 2992 -1047 3211 1009 -744 149 2788 5668 -10 112 -1551 624 -5401 -2523 4550 471 -1508 -234 4684 -1028 2889 893 -386 773 -2358 2975 2904
-4490 2418 -1612 -1784 -6203 -226 -1513 -914 3810 2896 -1019 1648 -3061 2936 -627 -2163 -1903 1953 -4540 999 1213 1932 356 -1882 1696 -1625 4655 1348 -859 -626 1864 -2898 368 -5120 2397 -808 -3125 2992 -1047 3211 1009 -744 149 2788 5668 -10 112 -1551 624 -5401 -2523 4550 471 -1508 -234 4684 -1028 2889 893 -386 773 -2358 2975 2904
-4490 2418 -1612 -1784 -6203 -226 -1513 -914 3810 2896 -1019 1648 -3061 2936 -627 -2163 -1903 1953 -4540 999 1213 1932 356 -1882 1696 -1625 4655 1348 -859 -626 1864 -2898 368 -5120 2397 -808 -3125 2992 -1047 3211 1009 -744 149 2788 5668 -10 112 -1551 624 -5401 -2523 4550 471 -1508 -234 4684 -1028 2889 893 -386 773 -2358 2975 2904
-4490 2418 -1612 -1784 -6203 -226 -1513 -914 3810 2896 -1019 1648 -3061 2936 -627 -2163 -1903 1953 -4540 999 1213 1932 356 -1882 1696 -1625 4655 1348 -859 -626 1864 -2898 368 -5120 2397 -808 -3125 2992 -1047 3211 1009 -744 149 2788 5668 -10 112 -1551 624 -5401 -2523 4550 471 -1508 -234 4684 -1028 2889 893 -386 773 -2358 2975 2904
-4615 2109 -1723 -2180 -5799 -445 -1711 -815 4056 3427 -817 1676 -3037 2847 -646 -2613 -1687 2521 -4724 486 1192 2509 812 -1671 2666 -1721 4978 1235 -1021 -1000 2142 -3198 785 -4817 2244 -1270 -2884 2593 -1343 3084 464 -1515 364 2324 5967 -150 -78 -1380 702 -5547 -1967 4549 470 -2195 -74 4524 -1003 2816 985 -674 234 -2121 2738 2783
-1627 466 -2107 -2298 -3208 -2269 768 -916 2204 2812 -1495 -872 -3699 1022 -731 -1841 -3267 2350 -3649 3089 -81 2442 542 -57 -592 -1268 3411 4446 -30 1509 1327 -2112 -1371 -3836 5349 -3210 -5596 2324 -1755 4112 -1042 2487 502 -1457 4454 -871 -417 -1846 135 -2203 -1316 2143 -430 556 1946 2659 889 581 1037 1776 -735 228 6392 2637
-4458 2434 -1629 -1736 -6211 -296 -1481 -862 3834 2943 -979 1660 -3103 2959 -527 -2154 -1834 1880 -4554 933 1235 1884 394 -2008 1637 -1597 4825 1328 -860 -676 1867 -2973 285 -5206 2391 -729 -3160 2938 -1045 3222 1009 -785 187 2718 5684 -31 224 -1531 693 -5334 -2514 4465 451 -1538 -161 4722 -969 2876 884 -370 656 -2392 2999 2976
-4490 2418 -1612 -1784 -6203 -226 -1513 -914 3810 2896 -1019 1648 -3061 2936 -627 -2163 -1903 1953 -4540 999 1213 1932 356 -1882 1696 -1625 4655 1348 -859 -626 1864 -2898 368 -5120 2397 -808 -3125 2992 -1047 3211 1009 -744 149 2788 5668 -10 112 -1551 624 -5401 -2523 4550 471 -1508 -234 4684 -1028 2889 893 -386 773 -2358 2975 2904
-4490 2418 -1612 -1784 -6203 -226 -1513 -914 3810 2896 -1019 1648 -3061 2936 -627 -2163 -1903 1953 -4540 999 1213 1932 356 -1882 1696 -1625 4655 1348 -859 -626 1864 -2898 368 -5120 2397 -808 -3125 2992 -1047 3211 1009 -744 149 2788 5668 -10 112 -1551 624 -5401 -2523 4550 471 -1508 -234 4684 -1028 2889 893 -386 773 -2358 2975 2904
-4490 2418 -1612 -1784 -6203 -226 -1513 -914 3810 2896 -1019 1648 -3061 2936 -627 -2163 -1903 1953 -4540 999 1213 1932 356 -1882 1696 -1625 4655 1348 -859 -626 1864 -2898 368 -5120 2397 -808 -3125 2992 -1047 3211 1009 -744 149 2788 5668 -10 112 -1551 624 -5401 -2523 4550 471 -1508 -234 4684 -1028 2889 893 -386 773 -2358 2975 2904
-4490 2418 -1612 -1784 -6203 -226 -1513 -914 3810 2896 -1019 1648 -3061 2936 -627 -2163 -1903 1953 -4540 999 1213 1932 356 -1882 1696 -1625 4655 1348 -859 -626 1864 -2898 368 -5120 2397 -808 -3125 2992 -1047 3211 1009 -744 149 2788 5668 -10 112 -1551 624 -5401 -2523 4550 471 -1508 -234 4684 -1028 2889 893 -386 773 -2358 2975 2904
-2330 2511 -1808 -2030 -3857 -1330 -2174 322 4387 1644 -942 1299 -2235 2082 -354 -2596 -2751 995 -4708 -205 508 1931 986 -4143 2245 -1656 4241 626 1018 -1120 3342 -2600 -968 -6606 2370 -989 -3651 2404 -1185 1734 145 -1266 1005 2300 6200 -760 185 1076 -715 -3510 -1774 3628 -409 45 1162 3783 1057 2145 224 -169 1065 -3339 3314 2264
-2487 3698 -3065 -1199 -5327 -1023 -500 -1340 2834 2582 -1122 139 -3037 2064 698 -1281 -1347 434 -4505 1838 29 1477 1941 -2684 -554 -1927 5145 2984 97 235 2091 -2568 -1210 -5820 3167 -1767 -5462 3024 -1390 2864 542 -235 -12 1959 4646 205 -92 -1168 1260 -2149 -2345 1726 -1205 -718 2257 3420 950 903 1081 528 -2196 -2053 5765 3346
-4490 2418 -1612 -1784 -6203 -226 -1513 -914 3810 2896 -1019 1648 -3061 2936 -627 -2163 -1903 1953 -4540 999 1213 1932 356 -1882 1696 -1625 4655 1348 -859 -626 1864 -2898 368 -5120 2397 -808 -3125 2992 -1047 3211 1009 -744 149 2788 5668 -10 112 -1551 624 -5401 -2523 4550 471 -1508 -234 4684 -1028 2889 893 -386 773 -2358 2975 2904
-4490 2418 -1612 -1784 -6203 -226 -1513 -914 3810 2896 -1019 1648 -3061 2936 -627 -2163 -1903 1953 -4540 999 1213 1932 356 -1882 1696 -1625 4655 1348 -859 -626 1864 -2898 368 -5120 2397 -808 -3125 2992 -1047 3211 1009 -744 149 2788 5668 -10 112 -1551 624 -5401 -2523 4550 471 -1508 -234 4684 -1028 2889 893 -386 773 -2358 2975 2904
-4490 2418 -1612 -1784 -6203 -226 -1513 -914 3810 2896 -1019 1648 -3061 2936 -627 -2163 -1903 1953 -4540 999 1213 1932 356 -1882 1696 -1625 4655 1348 -859 -626 1864 -2898 368 -5120 2397 -808 -3125 2992 -1047 3211 1009 -744 149 2788 5668 -10 112 -1551 624 -5401 -2523 4550 471 -1508 -234 4684 -1028 2889 893 -386 773 -2358 2975 2904
