-2801 394 6185 3477 -3632 459 -1628 1625 1457 5674 1577 -1981 -297 -7436 -4438 -8490 -4265 2326 1629 -465 -5779 3809 -8816 5079 -5828 3636 -6330 4193 6419 -315 1096 -1213 -1484 5662 -1526 -1512 -884 790 8093 -3662 3890 -6215 318 4565 27 4414 -910 6039 634 -704 -5060 1761 -91 -1502 1504 -5600 2670 1973 -1799 11057 -5156 -271 -1329 -1016
899 -1521 5295 1689 2654 -2095 -5206 2145 4909 3279 -182 -1700 -3014 -2421 -471 -7827 -6914 3062 -2390 1243 -7090 871 -7325 1451 -6522 2226 -5166 426 5284 44 -217 1012 2520 5212 -1209 -1397 -3386 2286 4521 -6210 5146 -4831 2618 5393 -1624 7736 -3474 6232 -496 1548 -2725 -379 -2141 -5337 2416 -486 815 5464 2724 13046 -4788 -2345 -95 -3179
899 -1521 5295 1689 2654 -2095 -5206 2145 4909 3279 -182 -1700 -3014 -2421 -471 -7827 -6914 3062 -2390 1243 -7090 871 -7325 1451 -6522 2226 -5166 426 5284 44 -217 1012 2520 5212 -1209 -1397 -3386 2286 4521 -6210 5146 -4831 2618 5393 -1624 7736 -3474 6232 -496 1548 -2725 -379 -2141 -5337 2416 -486 815 5464 2724 13046 -4788 -2345 -95 -3179
899 -1521 5295 1689 2654 -2095 -5206 2145 4909 3279 -182 -1700 -3014 -2421 -471 -7827 -6914 3062 -2390 1243 -7090 871 -7325 1451 -6522 2226 -5166 426 5284 44 -217 1012 2520 5212 -1209 -1397 -3386 2286 4521 -6210 5146 -4831 2618 5393 -1624 7736 -3474 6232 -496 1548 -2725 -379 -2141 -5337 2416 -486 815 5464 2724 13046 -4788 -2345 -95 -3179
899 -1521 5295 1689 2654 -2095 -5206 2145 4909 3279 -182 -1700 -3014 -2421 -471 -7827 -6914 3062 -2390 1243 -7090 871 -7325 1451 -6522 2226 -5166 426 5284 44 -217 1012 2520 5212 -1209 -1397 -3386 2286 4521 -6210 5146 -4831 2618 5393 -1624 7736 -3474 6232 -496 1548 -2725 -379 -2141 -5337 2416 -486 815 5464 2724 13046 -4788 -2345 -95 -3179
899 -1521 5295 1689 2654 -2095 -5206 2145 4909 3279 -182 -1700 -3014 -2421 -471 -7827 -6914 3062 -2390 1243 -7090 871 -7325 1451 -6522 2226 -5166 426 5284 44 -217 1012 2520 5212 -1209 -1397 -3386 2286 4521 -6210 5146 -4831 2618 5393 -1624 7736 -3474 6232 -496 1548 -2725 -379 -2141 -5337 2416 -486 815 5464 2724 13046 -4788 -2345 -95 -3179
899 -1521 5295 1689 2654 -2095 -5206 2145 4909 3279 -182 -1700 -3014 -2421 -471 -7827 -6914 3062 -2390 1243 -7090 871 -7325 1451 -6522 2226 -5166 426 5284 44 -217 1012 2520 5212 -1209 -1397 -3386 2286 4521 -6210 5146 -4831 2618 5393 -1624 7736 -3474 6232 -496 1548 -2725 -379 -2141 -5337 2416 -486 815 5464 2724 13046 -4788 -2345 -95 -3179
899 -1521 5295 1689 2654 -2095 -5206 2145 4909 3279 -182 -1700 -3014 -2421 -471 -7827 -6914 3062 -2390 1243 -7090 871 -7325 1451 -6522 2226 -5166 426 5284 44 -217 1012 2520 5212 -1209 -1397 -3386 2286 4521 -6210 5146 -4831 2618 5393 -1624 7736 -3474 6232 -496 1548 -2725 -379 -2141 -5337 2416 -486 815 5464 2724 13046 -4788 -2345 -95 -3179
899 -1521 5295 1689 2654 -2095 -5206 2145 4909 3279 -182 -1700 -3014 -2421 -471 -7827 -6914 3062 -2390 1243 -7090 871 -7325 1451 -6522 2226 -5166 426 5284 44 -217 1012 2520 5212 -1209 -1397 -3386 2286 4521 -6210 5146 -4831 2618 5393 -1624 7736 -3474 6232 -496 1548 -2725 -379 -2141 -5337 2416 -486 815 5464 2724 13046 -4788 -2345 -95 -3179
923 -1188 6394 1836 1913 -1312 -4273 1367 4169 2884 681 -1552 -2862 -3669 -2078 -7132 -6992 4182 -1774 3047 -6390 1036 -7333 1099 -6983 2375 -5486 1825 6422 -148 -350 -696 569 4331 -849 -2147 -4182 2365 3943 -6200 3311 -5132 2266 5931 -824 7529 -2856 4614 -893 2899 -3488 37 -1482 -5347 3184 -196 2273 4490 1682 14012 -3393 -2467 588 -4499
1893 -2297 5407 1896 1566 -1570 -3537 2413 4248 3108 166 -1911 -2973 -4346 -2273 -7538 -7473 3546 -3852 1682 -7044 1598 -5946 1006 -6115 4806 -5584 1150 5754 -318 -1662 -7 1428 5263 1183 -420 -4445 1298 3668 -5327 4490 -6056 2517 6418 -1269 6436 -2719 6558 1638 994 -3330 -796 -1052 -5493 3788 -317 -178 4624 2089 12936 -4925 -1907 204 -3090
899 -1521 5295 1689 2654 -2095 -5206 2145 4909 3279 -182 -1700 -3014 -2421 -471 -7827 -6914 3062 -2390 1243 -7090 871 -7325 1451 -6522 2226 -5166 426 5284 44 -217 1012 2520 5212 -1209 -1397 -3386 2286 4521 -6210 5146 -4831 2618 5393 -1624 7736 -3474 6232 -496 1548 -2725 -379 -2141 -5337 2416 -486 815 5464 2724 13046 -4788 -2345 -95 -3179
899 -1521 5295 1689 2654 -2095 -5206 2145 4909 3279 -182 -1700 -3014 -2421 -471 -7827 -6914 3062 -2390 1243 -7090 871 -7325 1451 -6522 2226 -5166 426 5284 44 -217 1012 2520 5212 -1209 -1397 -3386 2286 4521 -6210 5146 -4831 2618 5393 -1624 7736 -3474 6232 -496 1548 -2725 -379 -2141 -5337 2416 -486 815 5464 2724 13046 -4788 -2345 -95 -3179
899 -1521 5295 1689 2654 -2095 -5206 2145 4909 3279 -182 -1700 -3014 -2421 -471 -7827 -6914 3062 -2390 1243 -7090 871 -7325 1451 -6522 2226 -5166 426 5284 44 -217 1012 2520 5212 -1209 -1397 -3386 2286 4521 -6210 5146 -4831 2618 5393 -1624 7736 -3474 6232 -496 1548 -2725 -379 -2141 -5337 2416 -486 815 5464 2724 13046 -4788 -2345 -95 -3179
899 -1521 5295 1689 2654 -2095 -5206 2145 4909 3279 -182 -1700 -3014 -2421 -471 -7827 -6914 3062 -2390 1243 -7090 871 -7325 1451 -6522 2226 -5166 426 5284 44 -217 1012 2520 5212 -1209 -1397 -3386 2286 4521 -6210 5146 -4831 2618 5393 -1624 7736 -3474 6232 -496 1548 -2725 -379 -2141 -5337 2416 -486 815 5464 2724 13046 -4788 -2345 -95 -3179
899 -1521 5295 1689 2654 -2095 -5206 2145 4909 3279 -182 -1700 -3014 -2421 -471 -7827 -6914 3062 -2390 1243 -7090 871 -7325 1451 -6522 2226 -5166 426 5284 44 -217 1012 2520 5212 -1209 -1397 -3386 2286 4521 -6210 5146 -4831 2618 5393 -1624 7736 -3474 6232 -496 1548 -2725 -379 -2141 -5337 2416 -486 815 5464 2724 13046 -4788 -2345 -95 -3179
-542 -124 4641 2734 -159 -2734 -5041 545 2191 4597 -498 -1043 -3665 -3720 -23 -7905 -5639 3597 533 2068 -5870 1014 -10379 2207 -5839 -102 -6800 2471 5970 596 2677 35 3194 3588 -4611 -3455 -1928 2950 6646 -5894 4338 -2771 -34 6596 -954 7748 -2035 6684 -1545 1581 -3372 2086 -2130 -2741 1270 -1075 2574 4248 682 11762 -5000 -3163 1125 -2156
-3871 1174 6006 2712 -1630 369 -2342 -2847 1315 5230 -280 -1705 -946 -2678 -106 -6803 -4570 1839 3442 -844 -5016 3452 -9589 3733 -4189 -2303 -8401 2631 4505 358 4603 -2504 2592 4389 -4749 -1398 644 2752 9300 -5568 4053 -3488 -355 3044 -774 7658 -724 9877 -2389 -2320 -4115 2672 -927 -249 -1989 -4177 2832 1676 -2309 10161 -5283 -2186 -724 1329
-4551 1556 5479 1528 -1231 1677 -2685 -2163 857 5305 230 -905 1167 -3461 -883 -7255 -4676 1297 2897 -2408 -4080 2453 -9254 4477 -4291 -2246 -6391 2540 5881 -36 3115 -696 3006 4379 -7086 -814 1135 1229 10319 -5613 4863 -2250 367 1772 -1187 6493 1657 9443 -2394 -3472 -3133 2274 -1647 -532 -1952 -6064 1729 2869 -2708 10444 -5174 -952 -1689 1440
-5090 855 7380 2040 -2423 1178 -1949 -2285 1021 4496 1077 -1594 1097 -5211 -2811 -5522 -5354 2468 4996 -49 -2390 3388 -10196 2962 -3945 -2371 -6399 4769 6280 684 4201 -2258 -741 3553 -5589 -338 358 2483 8902 -4084 1393 -2732 -721 3313 -344 5446 2382 6765 -2443 -1853 -5521 1979 -1192 -2062 285 -5336 5031 1293 -4913 11960 -3907 -1531 -1902 1022
-2130 -705 8490 -491 130 445 -2859 -423 3430 3019 1766 -1279 883 -4420 -2182 -9901 -6497 1036 -3719 -1199 -6973 1811 -6899 5043 -4868 4816 -5390 -990 4766 -671 -98 -533 1282 6168 20 888 -758 -342 3710 -4833 7222 -5560 3220 1839 -388 7385 -2050 8401 3214 -2036 -3374 1650 -3091 -4116 1904 -3623 -922 6026 -407 10787 -4345 1376 -1962 -697
899 -1521 5295 1689 2654 -2095 -5206 2145 4909 3279 -182 -1700 -3014 -2421 -471 -7827 -6914 3062 -2390 1243 -7090 871 -7325 1451 -6522 2226 -5166 426 5284 44 -217 1012 2520 5212 -1209 -1397 -3386 2286 4521 -6210 5146 -4831 2618 5393 -1624 7736 -3474 6232 -496 1548 -2725 -379 -2141 -5337 2416 -486 815 5464 2724 13046 -4788 -2345 -95 -3179
899 -1521 5295 1689 2654 -2095 -5206 2145 4909 3279 -182 -1700 -3014 -2421 -471 -7827 -6914 3062 -2390 1243 -7090 871 -7325 1451 -6522 2226 -5166 426 5284 44 -217 1012 2520 5212 -1209 -1397 -3386 2286 4521 -6210 5146 -4831 2618 5393 -1624 7736 -3474 6232 -496 1548 -2725 -379 -2141 -5337 2416 -486 815 5464 2724 13046 -4788 -2345 -95 -3179
899 -1521 5295 1689 2654 -2095 -5206 2145 4909 3279 -182 -1700 -3014 -2421 -471 -7827 -6914 3062 -2390 1243 -7090 871 -7325 1451 -6522 2226 -5166 426 5284 44 -217 1012 2520 5212 -1209 -1397 -3386 2286 4521 -6210 5146 -4831 2618 5393 -1624 7736 -3474 6232 -496 1548 -2725 -379 -2141 -5337 2416 -486 815 5464 2724 13046 -4788 -2345 -95 -3179
899 -1521 5295 1689 2654 -2095 -5206 2145 4909 3279 -182 -1700 -3014 -2421 -471 -7827 -6914 3062 -2390 1243 -7090 871 -7325 1451 -6522 2226 -5166 426 5284 44 -217 1012 2520 5212 -1209 -1397 -3386 2286 4521 -6210 5146 -4831 2618 5393 -1624 7736 -3474 6232 -496 1548 -2725 -379 -2141 -5337 2416 -486 815 5464 2724 13046 -4788 -2345 -95 -3179
899 -1521 5295 1689 2654 -2095 -5206 2145 4909 3279 -182 -1700 -3014 -2421 -471 -7827 -6914 3062 -2390 1243 -7090 871 -7325 1451 -6522 2226 -5166 426 5284 44 -217 1012 2520 5212 -1209 -1397 -3386 2286 4521 -6210 5146 -4831 2618 5393 -1624 7736 -3474 6232 -496 1548 -2725 -379 -2141 -5337 2416 -486 815 5464 2724 13046 -4788 -2345 -95 -3179
999 2302 1032 5092 -4581 -2046 -1109 3945 456 5987 1203 -983 228 -7332 -699 -7092 -3690 3488 -306 -2870 -4758 1237 -7539 1528 -4394 4369 -5540 5810 7027 447 -1753 -487 2665 6335 -3524 -4397 -2318 -1001 8684 -3352 3194 -3824 -552 5385 -446 2829 1615 7798 -1162 1302 -4079 -1054 1436 275 -818 -7081 1624 -806 -42 11366 -8651 -904 879 -1350
149 -1462 6086 1483 2444 -1670 -4932 1399 4549 3005 -76 -1555 -2492 -2241 -591 -8028 -6972 3070 -2060 1280 -6686 1498 -7663 2269 -6717 1751 -5466 153 5488 -408 517 879 2274 5882 -1108 -988 -2683 1680 4426 -6190 4981 -4813 2334 4934 -1441 8034 -3733 6751 -731 1051 -2431 -250 -2658 -5155 2553 -553 653 5598 2301 12979 -4925 -2291 -739 -2742
899 -1521 5295 1689 2654 -2095 -5206 2145 4909 3279 -182 -1700 -3014 -2421 -471 -7827 -6914 3062 -2390 1243 -7090 871 -7325 1451 -6522 2226 -5166 426 5284 44 -217 1012 2520 5212 -1209 -1397 -3386 2286 4521 -6210 5146 -4831 2618 5393 -1624 7736 -3474 6232 -496 1548 -2725 -379 -2141 -5337 2416 -486 815 5464 2724 13046 -4788 -2345 -95 -3179
899 -1521 5295 1689 2654 -2095 -5206 2145 4909 3279 -182 -1700 -3014 -2421 -471 -7827 -6914 3062 -2390 1243 -7090 871 -7325 1451 -6522 2226 -5166 426 5284 44 -217 1012 2520 5212 -1209 -1397 -3386 2286 4521 -6210 5146 -4831 2618 5393 -1624 7736 -3474 6232 -496 1548 -2725 -379 -2141 -5337 2416 -486 815 5464 2724 13046 -4788 -2345 -95 -3179
899 -1521 5295 1689 2654 -2095 -5206 2145 4909 3279 -182 -1700 -3014 -2421 -471 -7827 -6914 3062 -2390 1243 -7090 871 -7325 1451 -6522 2226 -5166 426 5284 44 -217 1012 2520 5212 -1209 -1397 -3386 2286 4521 -6210 5146 -4831 2618 5393 -1624 7736 -3474 6232 -496 1548 -2725 -379 -2141 -5337 2416 -486 815 5464 2724 13046 -4788 -2345 -95 -3179
899 -1521 5295 1689 2654 -2095 -5206 2145 4909 3279 -182 -1700 -3014 -2421 -471 -7827 -6914 3062 -2390 1243 -7090 871 -7325 1451 -6522 2226 -5166 426 5284 44 -217 1012 2520 5212 -1209 -1397 -3386 2286 4521 -6210 5146 -4831 2618 5393 -1624 7736 -3474 6232 -496 1548 -2725 -379 -2141 -5337 2416 -486 815 5464 2724 13046 -4788 -2345 -95 -3179
-116 -891 6615 4205 362 -2609 -4037 1269 4571 2228 -577 -2433 -2235 -5097 -3377 -5922 -8382 5391 667 4142 -5313 2995 -8475 1351 -5451 1439 -4260 4564 7440 450 884 -273 -2663 4049 -2188 -971 -3386 2176 4004 -3449 40 -4824 1289 5868 -1177 5122 -785 2611 -1881 1793 -4956 -488 -1379 -5087 4267 -144 4432 3483 885 14571 -3263 -2739 -684 -3652
-2867 222 8447 432 84 2003 -2751 -1374 2956 4097 893 -1045 1761 -3981 -2337 -8758 -5731 253 -1957 -2669 -7274 2364 -6496 5591 -4785 3871 -6632 -197 3858 243 -182 -2079 1559 5322 -704 1458 193 -89 5931 -5108 7507 -6309 3259 518 -609 7093 -1643 9433 2844 -3494 -4567 2663 -1777 -2791 608 -5069 -140 4340 -1348 10026 -3812 1800 -2504 -548
899 -1521 5295 1689 2654 -2095 -5206 2145 4909 3279 -182 -1700 -3014 -2421 -471 -7827 -6914 3062 -2390 1243 -7090 871 -7325 1451 -6522 2226 -5166 426 5284 44 -217 1012 2520 5212 -1209 -1397 -3386 2286 4521 -6210 5146 -4831 2618 5393 -1624 7736 -3474 6232 -496 1548 -2725 -379 -2141 -5337 2416 -486 815 5464 2724 13046 -4788 -2345 -95 -3179
899 -1521 5295 1689 2654 -2095 -5206 2145 4909 3279 -182 -1700 -3014 -2421 -471 -7827 -6914 3062 -2390 1243 -7090 871 -7325 1451 -6522 2226 -5166 426 5284 44 -217 1012 2520 5212 -1209 -1397 -3386 2286 4521 -6210 5146 -4831 2618 5393 -1624 7736 -3474 6232 -496 1548 -2725 -379 -2141 -5337 2416 -486 815 5464 2724 13046 -4788 -2345 -95 -3179
899 -1521 5295 1689 2654 -2095 -5206 2145 4909 3279 -182 -1700 -3014 -2421 -471 -7827 -6914 3062 -2390 1243 -7090 871 -7325 1451 -6522 2226 -5166 426 5284 44 -217 1012 2520 5212 -1209 -1397 -3386 2286 4521 -6210 5146 -4831 2618 5393 -1624 7736 -3474 6232 -496 1548 -2725 -379 -2141 -5337 2416 -486 815 5464 2724 13046 -4788 -2345 -95 -3179
899 -1521 5295 1689 2654 -2095 -5206 2145 4909 3279 -182 -1700 -3014 -2421 -471 -7827 -6914 3062 -2390 1243 -7090 871 -7325 1451 -6522 2226 -5166 426 5284 44 -217 1012 2520 5212 -1209 -1397 -3386 2286 4521 -6210 5146 -4831 2618 5393 -1624 7736 -3474 6232 -496 1548 -2725 -379 -2141 -5337 2416 -486 815 5464 2724 13046 -4788 -2345 -95 -3179
924 -1710 6085 1662 2347 -1353 -4873 1486 4715 3081 500 -1730 -3012 -3269 -1331 -7326 -7327 3670 -1708 2249 -6390 1108 -7601 1150 -6733 2089 -5419 1333 5811 134 -64 -115 1260 4432 -1187 -1398 -3776 2831 4103 -6178 4012 -4876 1990 5900 -1330 7822 -2838 5318 -547 2271 -3593 -271 -1669 -5953 3142 -24 2058 5021 1851 13421 -3833 -2778 172 -3741
845 1242 2696 2563 -3953 993 -673 1892 266 6588 1286 -889 1422 -7056 -985 -7360 -3449 -82 -1196 -5759 -5891 172 -4873 2828 -3074 6332 -6933 3915 4192 1881 -4098 -3248 3238 3588 -554 -2621 -1793 338 8445 -4547 7428 -5946 141 4547 456 4799 1383 9445 3609 -1063 -6122 269 3454 -133 -823 -8942 -21 -747 -1794 8549 -5976 929 770 100
762 -1443 5547 1678 2499 -2008 -5062 1888 4817 3209 -164 -1737 -2870 -2291 -438 -7904 -6967 3039 -2264 1283 -6994 1105 -7401 1686 -6566 2076 -5302 407 5292 -171 25 876 2429 5428 -1033 -1288 -3179 2156 4396 -6237 5082 -4911 2459 5280 -1572 7940 -3592 6417 -632 1436 -2716 -350 -2256 -5260 2467 -474 765 5395 2670 13034 -4840 -2392 -220 -3008
899 -1521 5295 1689 2654 -2095 -5206 2145 4909 3279 -182 -1700 -3014 -2421 -471 -7827 -6914 3062 -2390 1243 -7090 871 -7325 1451 -6522 2226 -5166 426 5284 44 -217 1012 2520 5212 -1209 -1397 -3386 2286 4521 -6210 5146 -4831 2618 5393 -1624 7736 -3474 6232 -496 1548 -2725 -379 -2141 -5337 2416 -486 815 5464 2724 13046 -4788 -2345 -95 -3179
899 -1521 5295 1689 2654 -2095 -5206 2145 4909 3279 -182 -1700 -3014 -2421 -471 -7827 -6914 3062 -2390 1243 -7090 871 -7325 1451 -6522 2226 -5166 426 5284 44 -217 1012 2520 5212 -1209 -1397 -3386 2286 4521 -6210 5146 -4831 2618 5393 -1624 7736 -3474 6232 -496 1548 -2725 -379 -2141 -5337 2416 -486 815 5464 2724 13046 -4788 -2345 -95 -3179
899 -1521 5295 1689 2654 -2095 -5206 2145 4909 3279 -182 -1700 -3014 -2421 -471 -7827 -6914 3062 -2390 1243 -7090 871 -7325 1451 -6522 2226 -5166 426 5284 44 -217 1012 2520 5212 -1209 -1397 -3386 2286 4521 -6210 5146 -4831 2618 5393 -1624 7736 -3474 6232 -496 1548 -2725 -379 -2141 -5337 2416 -486 815 5464 2724 13046 -4788 -2345 -95 -3179
899 -1521 5295 1689 2654 -2095 -5206 2145 4909 3279 -182 -1700 -3014 -2421 -471 -7827 -6914 3062 -2390 1243 -7090 871 -7325 1451 -6522 2226 -5166 426 5284 44 -217 1012 2520 5212 -1209 -1397 -3386 2286 4521 -6210 5146 -4831 2618 5393 -1624 7736 -3474 6232 -496 1548 -2725 -379 -2141 -5337 2416 -486 815 5464 2724 13046 -4788 -2345 -95 -3179
-1426 -575 4507 4295 -1448 -4297 -5490 694 3871 3518 -1112 -2835 -3655 -3857 -613 -8312 -7148 3843 2001 1596 -5089 3172 -10495 2259 -3441 -748 -4294 4246 5881 1383 3743 2600 822 4236 -6633 -852 -1369 3932 6618 -3645 2455 -1896 -626 5213 -2414 5710 296 5464 -2880 290 -4085 447 -2755 -4231 1420 -1674 4219 4401 1051 11882 -5447 -2894 -597 766
-3267 793 8348 1340 888 1853 -3453 -1136 2148 3938 621 -1568 1946 -2305 -1678 -8276 -5696 75 -62 -2781 -6154 1630 -6842 5756 -5577 2079 -6889 288 4756 -491 710 -1786 1811 5791 -2041 949 366 -299 7714 -6525 7125 -5385 2957 -5 -189 7552 -1535 8436 941 -3018 -3888 2085 -1661 -2129 458 -5924 -220 3956 -1112 11068 -3824 1042 -2997 -707
899 -1521 5295 1689 2654 -2095 -5206 2145 4909 3279 -182 -1700 -3014 -2421 -471 -7827 -6914 3062 -2390 1243 -7090 871 -7325 1451 -6522 2226 -5166 426 5284 44 -217 1012 2520 5212 -1209 -1397 -3386 2286 4521 -6210 5146 -4831 2618 5393 -1624 7736 -3474 6232 -496 1548 -2725 -379 -2141 -5337 2416 -486 815 5464 2724 13046 -4788 -2345 -95 -3179
899 -1521 5295 1689 2654 -2095 -5206 2145 4909 3279 -182 -1700 -3014 -2421 -471 -7827 -6914 3062 -2390 1243 -7090 871 -7325 1451 -6522 2226 -5166 426 5284 44 -217 1012 2520 5212 -1209 -1397 -3386 2286 4521 -6210 5146 -4831 2618 5393 -1624 7736 -3474 6232 -496 1548 -2725 -379 -2141 -5337 2416 -486 815 5464 2724 13046 -4788 -2345 -95 -3179
899 -1521 5295 1689 2654 -2095 -5206 2145 4909 3279 -182 -1700 -3014 -2421 -471 -7827 -6914 3062 -2390 1243 -7090 871 -7325 1451 -6522 2226 -5166 426 5284 44 -217 1012 2520 5212 -1209 -1397 -3386 2286 4521 -6210 5146 -4831 2618 5393 -1624 7736 -3474 6232 -496 1548 -2725 -379 -2141 -5337 2416 -486 815 5464 2724 13046 -4788 -2345 -95 -3179
