-1446 -705 9029 5640 -2115 -132 534 -131 1253 7251 494 -3542 1726 -5921 -17 -7451 -1816 -1504 2477 1274 -6218 3171 -8483 4649 -3255 3282 -6086 6010 7590 -3230 561 270 -2892 4590 -3263 130 -1390 -1128 9176 -3022 2910 -6728 1485 5178 -609 -7 -4193 4560 1315 518 -8463 5341 -1212 -1787 -682 -6268 1243 -556 -2066 6757 -3839 877 1325 -457
1836 -2420 8292 3978 3587 -2474 -3220 624 4756 5152 -995 -3279 -1130 -1668 3111 -7472 -4838 -339 -1368 2766 -7813 619 -7609 1491 -4494 2169 -5369 2485 6802 -2675 -588 2231 1015 4599 -2918 17 -3830 495 6154 -5760 4436 -5707 3648 6229 -2155 3836 -6465 5236 222 2554 -6262 3102 -3123 -5559 450 -1603 -272 3140 2220 9708 -3911 -1240 2246 -2651
1836 -2420 8292 3978 3587 -2474 -3220 624 4756 5152 -995 -3279 -1130 -1668 3111 -7472 -4838 -339 -1368 2766 -7813 619 -7609 1491 -4494 2169 -5369 2485 6802 -2675 -588 2231 1015 4599 -2918 17 -3830 495 6154 -5760 4436 -5707 3648 6229 -2155 3836 -6465 5236 222 2554 -6262 3102 -3123 -5559 450 -1603 -272 3140 2220 9708 -3911 -1240 2246 -2651
1836 -2420 8292 3978 3587 -2474 -3220 624 4756 5152 -995 -3279 -1130 -1668 3111 -7472 -4838 -339 -1368 2766 -7813 619 -7609 1491 -4494 2169 -5369 2485 6802 -2675 -588 2231 1015 4599 -2918 17 -3830 495 6154 -5760 4436 -5707 3648 6229 -2155 3836 -6465 5236 222 2554 -6262 3102 -3123 -5559 450 -1603 -272 3140 2220 9708 -3911 -1240 2246 -2651
1836 -2420 8292 3978 3587 -2474 -3220 624 4756 5152 -995 -3279 -1130 -1668 3111 -7472 -4838 -339 -1368 2766 -7813 619 -7609 1491 -4494 2169 -5369 2485 6802 -2675 -588 2231 1015 4599 -2918 17 -3830 495 6154 -5760 4436 -5707 3648 6229 -2155 3836 -6465 5236 222 2554 -6262 3102 -3123 -5559 450 -1603 -272 3140 2220 9708 -3911 -1240 2246 -2651
1836 -2420 8292 3978 3587 -2474 -3220 624 4756 5152 -995 -3279 -1130 -1668 3111 -7472 -4838 -339 -1368 2766 -7813 619 -7609 1491 -4494 2169 -5369 2485 6802 -2675 -588 2231 1015 4599 -2918 17 -3830 495 6154 -5760 4436 -5707 3648 6229 -2155 3836 -6465 5236 222 2554 -6262 3102 -3123 -5559 450 -1603 -272 3140 2220 9708 -3911 -1240 2246 -2651
1836 -2420 8292 3978 3587 -2474 -3220 624 4756 5152 -995 -3279 -1130 -1668 3111 -7472 -4838 -339 -1368 2766 -7813 619 -7609 1491 -4494 2169 -5369 2485 6802 -2675 -588 2231 1015 4599 -2918 17 -3830 495 6154 -5760 4436 -5707 3648 6229 -2155 3836 -6465 5236 222 2554 -6262 3102 -3123 -5559 450 -1603 -272 3140 2220 9708 -3911 -1240 2246 -2651
1836 -2420 8292 3978 3587 -2474 -3220 624 4756 5152 -995 -3279 -1130 -1668 3111 -7472 -4838 -339 -1368 2766 -7813 619 -7609 1491 -4494 2169 -5369 2485 6802 -2675 -588 2231 1015 4599 -2918 17 -3830 495 6154 -5760 4436 -5707 3648 6229 -2155 3836 -6465 5236 222 2554 -6262 3102 -3123 -5559 450 -1603 -272 3140 2220 9708 -3911 -1240 2246 -2651
1836 -2420 8292 3978 3587 -2474 -3220 624 4756 5152 -995 -3279 -1130 -1668 3111 -7472 -4838 -339 -1368 2766 -7813 619 -7609 1491 -4494 2169 -5369 2485 6802 -2675 -588 2231 1015 4599 -2918 17 -3830 495 6154 -5760 4436 -5707 3648 6229 -2155 3836 -6465 5236 222 2554 -6262 3102 -3123 -5559 450 -1603 -272 3140 2220 9708 -3911 -1240 2246 -2651
1817 -2059 9225 4021 2828 -1699 -2407 -62 4048 4687 -124 -3068 -1066 -2912 1396 -6818 -5005 896 -815 4448 -7106 789 -7607 1150 -5035 2315 -5671 3750 7839 -2744 -699 524 -809 3773 -2496 -771 -4585 650 5526 -5771 2692 -5961 3262 6717 -1358 3806 -5737 3715 -174 3820 -6867 3366 -2455 -5563 1267 -1255 1189 2301 1253 10796 -2604 -1415 2819 -3965
2820 -3188 8479 4239 2564 -1983 -1521 812 4072 5034 -695 -3523 -999 -3474 1516 -7132 -5266 10 -2737 3229 -7750 1299 -6262 1050 -4004 4632 -5747 3241 7271 -3118 -1977 1289 -95 4597 -675 1009 -4849 -534 5370 -4863 3751 -6880 3568 7217 -1826 2413 -5820 5480 2330 2048 -6978 2840 -2120 -5692 1665 -1444 -1263 2228 1609 9426 -3996 -785 2635 -2551
1836 -2420 8292 3978 3587 -2474 -3220 624 4756 5152 -995 -3279 -1130 -1668 3111 -7472 -4838 -339 -1368 2766 -7813 619 -7609 1491 -4494 2169 -5369 2485 6802 -2675 -588 2231 1015 4599 -2918 17 -3830 495 6154 -5760 4436 -5707 3648 6229 -2155 3836 -6465 5236 222 2554 -6262 3102 -3123 -5559 450 -1603 -272 3140 2220 9708 -3911 -1240 2246 -2651
1836 -2420 8292 3978 3587 -2474 -3220 624 4756 5152 -995 -3279 -1130 -1668 3111 -7472 -4838 -339 -1368 2766 -7813 619 -7609 1491 -4494 2169 -5369 2485 6802 -2675 -588 2231 1015 4599 -2918 17 -3830 495 6154 -5760 4436 -5707 3648 6229 -2155 3836 -6465 5236 222 2554 -6262 3102 -3123 -5559 450 -1603 -272 3140 2220 9708 -3911 -1240 2246 -2651
1836 -2420 8292 3978 3587 -2474 -3220 624 4756 5152 -995 -3279 -1130 -1668 3111 -7472 -4838 -339 -1368 2766 -7813 619 -7609 1491 -4494 2169 -5369 2485 6802 -2675 -588 2231 1015 4599 -2918 17 -3830 495 6154 -5760 4436 -5707 3648 6229 -2155 3836 -6465 5236 222 2554 -6262 3102 -3123 -5559 450 -1603 -272 3140 2220 9708 -3911 -1240 2246 -2651
1836 -2420 8292 3978 3587 -2474 -3220 624 4756 5152 -995 -3279 -1130 -1668 3111 -7472 -4838 -339 -1368 2766 -7813 619 -7609 1491 -4494 2169 -5369 2485 6802 -2675 -588 2231 1015 4599 -2918 17 -3830 495 6154 -5760 4436 -5707 3648 6229 -2155 3836 -6465 5236 222 2554 -6262 3102 -3123 -5559 450 -1603 -272 3140 2220 9708 -3911 -1240 2246 -2651
1836 -2420 8292 3978 3587 -2474 -3220 624 4756 5152 -995 -3279 -1130 -1668 3111 -7472 -4838 -339 -1368 2766 -7813 619 -7609 1491 -4494 2169 -5369 2485 6802 -2675 -588 2231 1015 4599 -2918 17 -3830 495 6154 -5760 4436 -5707 3648 6229 -2155 3836 -6465 5236 222 2554 -6262 3102 -3123 -5559 450 -1603 -272 3140 2220 9708 -3911 -1240 2246 -2651
507 -1117 7680 5011 929 -3046 -2824 -1006 2046 6383 -1333 -2683 -1551 -2779 3735 -7292 -3352 -92 1492 3574 -6505 720 -10277 2166 -3574 -77 -6767 4488 7370 -2280 2104 1342 1501 2901 -6164 -1808 -2378 993 8069 -5274 3518 -3712 1152 7230 -1516 3464 -5151 5438 -734 2584 -6936 5571 -3086 -2985 -771 -2211 1303 1737 188 7983 -3929 -1882 3487 -1571
-2550 91 8720 4823 -432 -161 -290 -4072 1159 6787 -1107 -3196 982 -1755 3578 -6069 -2310 -1672 4104 796 -5550 2934 -9290 3503 -1983 -2084 -8057 4500 5828 -2399 3801 -1026 923 3562 -6121 99 47 822 10254 -4850 3183 -4285 818 3778 -1310 3339 -3785 8227 -1545 -1056 -7350 5901 -1862 -627 -3665 -5030 1512 -627 -2580 6345 -4093 -929 1633 1669
-3205 455 8279 3749 -76 1046 -624 -3463 746 6897 -638 -2470 2922 -2496 2860 -6535 -2448 -2146 3616 -654 -4721 2038 -9061 4209 -2105 -2042 -6269 4433 7128 -2755 2469 620 1324 3585 -8307 627 508 -552 11258 -4934 3966 -3174 1479 2625 -1695 2330 -1591 7905 -1588 -2139 -6452 5536 -2518 -885 -3632 -6819 518 485 -2985 6683 -4028 199 722 1793
-3802 -126 9859 4083 -1260 632 -80 -3488 917 6044 207 -3010 2739 -4191 822 -4985 -3220 -844 5529 1419 -3116 2937 -9950 2837 -1935 -2179 -6291 6383 7422 -1911 3516 -915 -2053 2865 -6843 979 -174 739 9889 -3565 816 -3572 387 4002 -878 1625 -711 5535 -1667 -725 -8476 5069 -2054 -2286 -1464 -6080 3664 -817 -4994 8348 -2936 -421 382 1371
-1028 -1636 11236 1892 1166 -57 -857 -1870 3221 4859 828 -2855 2655 -3488 1577 -9230 -4269 -2347 -2576 435 -7546 1481 -7057 4838 -2752 4574 -5466 1156 6208 -3370 -479 763 -227 5377 -1756 2217 -1273 -2043 5288 -4321 6284 -6316 4172 2753 -964 3301 -5066 7134 3749 -854 -6852 5065 -3981 -4296 -104 -4565 -1941 3536 -789 7261 -3389 2338 502 -244
1836 -2420 8292 3978 3587 -2474 -3220 624 4756 5152 -995 -3279 -1130 -1668 3111 -7472 -4838 -339 -1368 2766 -7813 619 -7609 1491 -4494 2169 -5369 2485 6802 -2675 -588 2231 1015 4599 -2918 17 -3830 495 6154 -5760 4436 -5707 3648 6229 -2155 3836 -6465 5236 222 2554 -6262 3102 -3123 -5559 450 -1603 -272 3140 2220 9708 -3911 -1240 2246 -2651
1836 -2420 8292 3978 3587 -2474 -3220 624 4756 5152 -995 -3279 -1130 -1668 3111 -7472 -4838 -339 -1368 2766 -7813 619 -7609 1491 -4494 2169 -5369 2485 6802 -2675 -588 2231 1015 4599 -2918 17 -3830 495 6154 -5760 4436 -5707 3648 6229 -2155 3836 -6465 5236 222 2554 -6262 3102 -3123 -5559 450 -1603 -272 3140 2220 9708 -3911 -1240 2246 -2651
1836 -2420 8292 3978 3587 -2474 -3220 624 4756 5152 -995 -3279 -1130 -1668 3111 -7472 -4838 -339 -1368 2766 -7813 619 -7609 1491 -4494 2169 -5369 2485 6802 -2675 -588 2231 1015 4599 -2918 17 -3830 495 6154 -5760 4436 -5707 3648 6229 -2155 3836 -6465 5236 222 2554 -6262 3102 -3123 -5559 450 -1603 -272 3140 2220 9708 -3911 -1240 2246 -2651
1836 -2420 8292 3978 3587 -2474 -3220 624 4756 5152 -995 -3279 -1130 -1668 3111 -7472 -4838 -339 -1368 2766 -7813 619 -7609 1491 -4494 2169 -5369 2485 6802 -2675 -588 2231 1015 4599 -2918 17 -3830 495 6154 -5760 4436 -5707 3648 6229 -2155 3836 -6465 5236 222 2554 -6262 3102 -3123 -5559 450 -1603 -272 3140 2220 9708 -3911 -1240 2246 -2651
1836 -2420 8292 3978 3587 -2474 -3220 624 4756 5152 -995 -3279 -1130 -1668 3111 -7472 -4838 -339 -1368 2766 -7813 619 -7609 1491 -4494 2169 -5369 2485 6802 -2675 -588 2231 1015 4599 -2918 17 -3830 495 6154 -5760 4436 -5707 3648 6229 -2155 3836 -6465 5236 222 2554 -6262 3102 -3123 -5559 450 -1603 -272 3140 2220 9708 -3911 -1240 2246 -2651
1996 1020 4490 7172 -2976 -2410 1023 1937 337 7620 146 -2681 2247 -5856 3401 -6248 -1297 -460 722 -872 -5344 859 -7422 1454 -1969 3985 -5423 7532 8210 -2606 -1986 946 820 5230 -5116 -2462 -2705 -2774 9799 -2764 2303 -4632 726 5974 -1049 -1473 -1975 6179 -291 2343 -7686 2871 141 -196 -2814 -7659 298 -3105 -504 7058 -7008 312 3366 -755
1126 -2380 9099 3810 3399 -2072 -2917 -122 4397 4913 -908 -3161 -589 -1480 3060 -7645 -4854 -393 -1027 2823 -7428 1220 -7931 2280 -4640 1707 -5656 2255 7018 -3152 110 2120 752 5231 -2843 436 -3154 -120 6085 -5726 4258 -5697 3386 5792 -1984 4053 -6758 5714 2 2088 -6025 3279 -3632 -5381 553 -1690 -446 3228 1797 9577 -4025 -1166 1656 -2217
1836 -2420 8292 3978 3587 -2474 -3220 624 4756 5152 -995 -3279 -1130 -1668 3111 -7472 -4838 -339 -1368 2766 -7813 619 -7609 1491 -4494 2169 -5369 2485 6802 -2675 -588 2231 1015 4599 -2918 17 -3830 495 6154 -5760 4436 -5707 3648 6229 -2155 3836 -6465 5236 222 2554 -6262 3102 -3123 -5559 450 -1603 -272 3140 2220 9708 -3911 -1240 2246 -2651
1836 -2420 8292 3978 3587 -2474 -3220 624 4756 5152 -995 -3279 -1130 -1668 3111 -7472 -4838 -339 -1368 2766 -7813 619 -7609 1491 -4494 2169 -5369 2485 6802 -2675 -588 2231 1015 4599 -2918 17 -3830 495 6154 -5760 4436 -5707 3648 6229 -2155 3836 -6465 5236 222 2554 -6262 3102 -3123 -5559 450 -1603 -272 3140 2220 9708 -3911 -1240 2246 -2651
1836 -2420 8292 3978 3587 -2474 -3220 624 4756 5152 -995 -3279 -1130 -1668 3111 -7472 -4838 -339 -1368 2766 -7813 619 -7609 1491 -4494 2169 -5369 2485 6802 -2675 -588 2231 1015 4599 -2918 17 -3830 495 6154 -5760 4436 -5707 3648 6229 -2155 3836 -6465 5236 222 2554 -6262 3102 -3123 -5559 450 -1603 -272 3140 2220 9708 -3911 -1240 2246 -2651
1836 -2420 8292 3978 3587 -2474 -3220 624 4756 5152 -995 -3279 -1130 -1668 3111 -7472 -4838 -339 -1368 2766 -7813 619 -7609 1491 -4494 2169 -5369 2485 6802 -2675 -588 2231 1015 4599 -2918 17 -3830 495 6154 -5760 4436 -5707 3648 6229 -2155 3836 -6465 5236 222 2554 -6262 3102 -3123 -5559 450 -1603 -272 3140 2220 9708 -3911 -1240 2246 -2651
797 -1760 9318 6227 1313 -2925 -2151 -145 4385 3996 -1327 -3868 -453 -4248 143 -5565 -6277 2039 1535 5438 -5988 2657 -8601 1389 -3517 1389 -4432 6323 8714 -2128 482 917 -3904 3449 -3731 366 -3766 485 5506 -3070 -461 -5604 2268 6569 -1669 1459 -3684 1763 -1132 2714 -8166 2806 -2316 -5245 2303 -1198 3244 1315 466 11210 -2446 -1658 1551 -3102
-1685 -755 11001 2715 1110 1377 -729 -2724 2711 5774 -4 -2588 3432 -3011 1431 -7986 -3469 -3049 -886 -933 -7686 1968 -6548 5260 -2616 3609 -6515 1878 5256 -2465 -556 -681 26 4489 -2402 2707 -367 -1770 7242 -4496 6432 -6905 4137 1475 -1156 2959 -4602 7951 3324 -2184 -7826 5912 -2682 -2990 -1295 -5838 -1185 1903 -1657 6406 -2827 2697 -18 -94
1836 -2420 8292 3978 3587 -2474 -3220 624 4756 5152 -995 -3279 -1130 -1668 3111 -7472 -4838 -339 -1368 2766 -7813 619 -7609 1491 -4494 2169 -5369 2485 6802 -2675 -588 2231 1015 4599 -2918 17 -3830 495 6154 -5760 4436 -5707 3648 6229 -2155 3836 -6465 5236 222 2554 -6262 3102 -3123 -5559 450 -1603 -272 3140 2220 9708 -3911 -1240 2246 -2651
1836 -2420 8292 3978 3587 -2474 -3220 624 4756 5152 -995 -3279 -1130 -1668 3111 -7472 -4838 -339 -1368 2766 -7813 619 -7609 1491 -4494 2169 -5369 2485 6802 -2675 -588 2231 1015 4599 -2918 17 -3830 495 6154 -5760 4436 -5707 3648 6229 -2155 3836 -6465 5236 222 2554 -6262 3102 -3123 -5559 450 -1603 -272 3140 2220 9708 -3911 -1240 2246 -2651
1836 -2420 8292 3978 3587 -2474 -3220 624 4756 5152 -995 -3279 -1130 -1668 3111 -7472 -4838 -339 -1368 2766 -7813 619 -7609 1491 -4494 2169 -5369 2485 6802 -2675 -588 2231 1015 4599 -2918 17 -3830 495 6154 -5760 4436 -5707 3648 6229 -2155 3836 -6465 5236 222 2554 -6262 3102 -3123 -5559 450 -1603 -272 3140 2220 9708 -3911 -1240 2246 -2651
1836 -2420 8292 3978 3587 -2474 -3220 624 4756 5152 -995 -3279 -1130 -1668 3111 -7472 -4838 -339 -1368 2766 -7813 619 -7609 1491 -4494 2169 -5369 2485 6802 -2675 -588 2231 1015 4599 -2918 17 -3830 495 6154 -5760 4436 -5707 3648 6229 -2155 3836 -6465 5236 222 2554 -6262 3102 -3123 -5559 450 -1603 -272 3140 2220 9708 -3911 -1240 2246 -2651
1839 -2586 8997 3902 3272 -1748 -2958 28 4586 4922 -314 -3275 -1181 -2515 2188 -7015 -5300 336 -733 3709 -7133 857 -7885 1205 -4764 2041 -5621 3318 7290 -2524 -432 1112 -168 3866 -2863 -19 -4206 1075 5716 -5754 3370 -5747 3022 6713 -1863 4031 -5784 4388 165 3235 -7035 3131 -2653 -6165 1200 -1121 962 2779 1401 10183 -3019 -1695 2457 -3221
1783 147 5748 4711 -2499 381 1271 193 168 8020 292 -2472 3178 -5668 2845 -6521 -1222 -3415 -167 -3622 -6298 -87 -4982 2621 -916 5767 -6655 5661 5520 -1091 -4076 -1648 1459 2783 -2325 -970 -2188 -1425 9429 -3875 6201 -6499 1288 5143 -208 619 -1925 7738 3984 124 -9265 3806 2050 -538 -2672 -9259 -1106 -2874 -2041 4758 -4667 1892 3087 512
1706 -2347 8540 3971 3439 -2391 -3071 370 4661 5087 -980 -3318 -982 -1539 3155 -7538 -4878 -375 -1239 2808 -7717 844 -7678 1717 -4526 2023 -5497 2472 6811 -2890 -356 2102 921 4802 -2750 128 -3629 363 6036 -5780 4368 -5783 3495 6118 -2104 4016 -6584 5407 93 2447 -6260 3140 -3235 -5481 493 -1595 -324 3063 2165 9679 -3956 -1281 2131 -2482
1836 -2420 8292 3978 3587 -2474 -3220 624 4756 5152 -995 -3279 -1130 -1668 3111 -7472 -4838 -339 -1368 2766 -7813 619 -7609 1491 -4494 2169 -5369 2485 6802 -2675 -588 2231 1015 4599 -2918 17 -3830 495 6154 -5760 4436 -5707 3648 6229 -2155 3836 -6465 5236 222 2554 -6262 3102 -3123 -5559 450 -1603 -272 3140 2220 9708 -3911 -1240 2246 -2651
1836 -2420 8292 3978 3587 -2474 -3220 624 4756 5152 -995 -3279 -1130 -1668 3111 -7472 -4838 -339 -1368 2766 -7813 619 -7609 1491 -4494 2169 -5369 2485 6802 -2675 -588 2231 1015 4599 -2918 17 -3830 495 6154 -5760 4436 -5707 3648 6229 -2155 3836 -6465 5236 222 2554 -6262 3102 -3123 -5559 450 -1603 -272 3140 2220 9708 -3911 -1240 2246 -2651
1836 -2420 8292 3978 3587 -2474 -3220 624 4756 5152 -995 -3279 -1130 -1668 3111 -7472 -4838 -339 -1368 2766 -7813 619 -7609 1491 -4494 2169 -5369 2485 6802 -2675 -588 2231 1015 4599 -2918 17 -3830 495 6154 -5760 4436 -5707 3648 6229 -2155 3836 -6465 5236 222 2554 -6262 3102 -3123 -5559 450 -1603 -272 3140 2220 9708 -3911 -1240 2246 -2651
1836 -2420 8292 3978 3587 -2474 -3220 624 4756 5152 -995 -3279 -1130 -1668 3111 -7472 -4838 -339 -1368 2766 -7813 619 -7609 1491 -4494 2169 -5369 2485 6802 -2675 -588 2231 1015 4599 -2918 17 -3830 495 6154 -5760 4436 -5707 3648 6229 -2155 3836 -6465 5236 222 2554 -6262 3102 -3123 -5559 450 -1603 -272 3140 2220 9708 -3911 -1240 2246 -2651
-315 -1550 7550 6464 -269 -4500 -3217 -866 3614 5367 -1907 -4357 -1525 -2896 3205 -7640 -4738 106 2871 3132 -5758 2735 -10351 2217 -1310 -680 -4409 6149 7274 -1549 3082 3741 -749 3483 -8029 646 -1849 1921 8022 -3153 1752 -2901 581 5915 -2865 1514 -2983 4287 -2019 1376 -7560 4017 -3640 -4364 -609 -2808 2828 1857 492 8043 -4313 -1604 1847 1193
-2061 -218 10881 3539 1847 1242 -1391 -2491 1963 5611 -249 -3059 3589 -1462 2016 -7537 -3450 -3201 874 -1042 -6643 1291 -6855 5415 -3362 1945 -6749 2315 6077 -3125 266 -420 269 4926 -3625 2225 -200 -1949 8879 -5806 6077 -6039 3848 981 -760 3407 -4479 7029 1532 -1751 -7146 5337 -2551 -2369 -1406 -6641 -1254 1558 -1456 7381 -2836 1998 -506 -231
1836 -2420 8292 3978 3587 -2474 -3220 624 4756 5152 -995 -3279 -1130 -1668 3111 -7472 -4838 -339 -1368 2766 -7813 619 -7609 1491 -4494 2169 -5369 2485 6802 -2675 -588 2231 1015 4599 -2918 17 -3830 495 6154 -5760 4436 -5707 3648 6229 -2155 3836 -6465 5236 222 2554 -6262 3102 -3123 -5559 450 -1603 -272 3140 2220 9708 -3911 -1240 2246 -2651
1836 -2420 8292 3978 3587 -2474 -3220 624 4756 5152 -995 -3279 -1130 -1668 3111 -7472 -4838 -339 -1368 2766 -7813 619 -7609 1491 -4494 2169 -5369 2485 6802 -2675 -588 2231 1015 4599 -2918 17 -3830 495 6154 -5760 4436 -5707 3648 6229 -2155 3836 -6465 5236 222 2554 -6262 3102 -3123 -5559 450 -1603 -272 3140 2220 9708 -3911 -1240 2246 -2651
1836 -2420 8292 3978 3587 -2474 -3220 624 4756 5152 -995 -3279 -1130 -1668 3111 -7472 -4838 -339 -1368 2766 -7813 619 -7609 1491 -4494 2169 -5369 2485 6802 -2675 -588 2231 1015 4599 -2918 17 -3830 495 6154 -5760 4436 -5707 3648 6229 -2155 3836 -6465 5236 222 2554 -6262 3102 -3123 -5559 450 -1603 -272 3140 2220 9708 -3911 -1240 2246 -2651
