84 82 82 82 82 82 82 82 82 73 81 82 82 82 82 82 74 79 82 76 79 82 82 82 82 82 106 79 82 82 82 82 75 83 82 82 82 82 77 111 81 82 82 82 82 80 84 82 82 82
93 77 77 77 77 77 77 77 77 70 76 77 77 77 77 77 82 104 113 100 85 77 77 77 77 77 127 75 77 77 77 77 71 95 77 77 77 77 73 141 76 77 77 77 77 87 94 77 77 77
93 77 77 77 77 77 77 77 77 70 76 77 77 77 77 77 82 104 113 100 85 77 77 77 77 77 127 75 77 77 77 77 71 95 77 77 77 77 73 141 76 77 77 77 77 87 94 77 77 77
93 77 77 77 77 77 77 77 77 70 76 77 77 77 77 77 82 104 113 100 85 77 77 77 77 77 127 75 77 77 77 77 71 95 77 77 77 77 73 141 76 77 77 77 77 87 94 77 77 77
93 77 77 77 77 77 77 77 77 70 76 77 77 77 77 77 82 104 113 100 85 77 77 77 77 77 127 75 77 77 77 77 71 95 77 77 77 77 73 141 76 77 77 77 77 87 94 77 77 77
93 77 77 77 77 77 77 77 77 70 76 77 77 77 77 77 82 104 113 100 85 77 77 77 77 77 127 75 77 77 77 77 71 95 77 77 77 77 73 141 76 77 77 77 77 87 94 77 77 77
93 77 77 77 77 77 77 77 77 70 76 77 77 77 77 77 82 104 113 100 85 77 77 77 77 77 127 75 77 77 77 77 71 95 77 77 77 77 73 141 76 77 77 77 77 87 94 77 77 77
93 77 77 77 77 77 77 77 77 70 76 77 77 77 77 77 82 104 113 100 85 77 77 77 77 77 127 75 77 77 77 77 71 95 77 77 77 77 73 141 76 77 77 77 77 87 94 77 77 77
93 77 77 77 77 77 77 77 77 70 76 77 77 77 77 77 82 104 113 100 85 77 77 77 77 77 127 75 77 77 77 77 71 95 77 77 77 77 73 141 76 77 77 77 77 87 94 77 77 77
95 77 77 77 77 77 77 77 77 69 77 77 77 77 77 77 81 105 113 101 85 77 77 77 77 77 127 74 77 77 77 77 71 97 77 77 77 77 73 144 76 77 77 77 77 88 94 77 77 77
93 78 78 78 78 78 78 78 78 72 78 78 78 78 78 78 82 98 105 96 82 78 78 78 78 78 127 75 78 78 78 78 72 90 78 78 78 78 75 139 77 78 78 78 78 86 89 78 78 78
93 77 77 77 77 77 77 77 77 70 76 77 77 77 77 77 82 104 113 100 85 77 77 77 77 77 127 75 77 77 77 77 71 95 77 77 77 77 73 141 76 77 77 77 77 87 94 77 77 77
93 77 77 77 77 77 77 77 77 70 76 77 77 77 77 77 82 104 113 100 85 77 77 77 77 77 127 75 77 77 77 77 71 95 77 77 77 77 73 141 76 77 77 77 77 87 94 77 77 77
93 77 77 77 77 77 77 77 77 70 76 77 77 77 77 77 82 104 113 100 85 77 77 77 77 77 127 75 77 77 77 77 71 95 77 77 77 77 73 141 76 77 77 77 77 87 94 77 77 77
93 77 77 77 77 77 77 77 77 70 76 77 77 77 77 77 82 104 113 100 85 77 77 77 77 77 127 75 77 77 77 77 71 95 77 77 77 77 73 141 76 77 77 77 77 87 94 77 77 77
93 77 77 77 77 77 77 77 77 70 76 77 77 77 77 77 82 104 113 100 85 77 77 77 77 77 127 75 77 77 77 77 71 95 77 77 77 77 73 141 76 77 77 77 77 87 94 77 77 77
94 78 78 78 78 78 78 78 78 71 79 78 78 78 78 78 79 96 101 92 85 78 78 78 78 78 122 76 78 78 78 78 72 94 78 78 78 78 75 138 77 78 78 78 78 84 91 78 78 78
86 81 81 81 81 81 81 81 81 73 80 81 81 81 81 81 74 82 84 76 81 81 81 81 81 81 108 78 81 81 81 81 75 86 81 81 81 81 76 113 81 81 81 81 81 80 86 81 81 81
83 81 81 81 81 81 81 81 81 73 79 81 81 81 81 81 75 82 83 75 80 81 81 81 81 81 107 79 81 81 81 81 75 85 81 81 81 81 76 110 81 81 81 81 81 80 87 81 81 81
86 81 81 81 81 81 81 81 81 71 80 81 81 81 81 81 73 85 86 77 84 81 81 81 81 81 103 78 81 81 81 81 74 92 81 81 81 81 75 114 80 81 81 81 81 80 90 81 81 81
87 79 79 79 79 79 79 79 79 72 75 79 79 79 79 79 82 95 99 87 81 79 79 79 79 79 118 77 79 79 79 79 71 89 79 79 79 79 74 124 79 79 79 79 79 84 92 79 79 79
93 77 77 77 77 77 77 77 77 70 76 77 77 77 77 77 82 104 113 100 85 77 77 77 77 77 127 75 77 77 77 77 71 95 77 77 77 77 73 141 76 77 77 77 77 87 94 77 77 77
93 77 77 77 77 77 77 77 77 70 76 77 77 77 77 77 82 104 113 100 85 77 77 77 77 77 127 75 77 77 77 77 71 95 77 77 77 77 73 141 76 77 77 77 77 87 94 77 77 77
93 77 77 77 77 77 77 77 77 70 76 77 77 77 77 77 82 104 113 100 85 77 77 77 77 77 127 75 77 77 77 77 71 95 77 77 77 77 73 141 76 77 77 77 77 87 94 77 77 77
93 77 77 77 77 77 77 77 77 70 76 77 77 77 77 77 82 104 113 100 85 77 77 77 77 77 127 75 77 77 77 77 71 95 77 77 77 77 73 141 76 77 77 77 77 87 94 77 77 77
93 77 77 77 77 77 77 77 77 70 76 77 77 77 77 77 82 104 113 100 85 77 77 77 77 77 127 75 77 77 77 77 71 95 77 77 77 77 73 141 76 77 77 77 77 87 94 77 77 77
87 82 82 82 82 82 82 82 82 77 84 82 82 82 82 82 78 74 77 75 71 82 82 82 82 82 118 78 82 82 82 82 81 72 82 82 82 82 79 114 81 82 82 82 82 81 74 82 82 82
92 77 77 77 77 77 77 77 77 70 76 77 77 77 77 77 81 102 110 97 85 77 77 77 77 77 124 75 77 77 77 77 71 96 77 77 77 77 73 137 77 77 77 77 77 86 95 77 77 77
93 77 77 77 77 77 77 77 77 70 76 77 77 77 77 77 82 104 113 100 85 77 77 77 77 77 127 75 77 77 77 77 71 95 77 77 77 77 73 141 76 77 77 77 77 87 94 77 77 77
93 77 77 77 77 77 77 77 77 70 76 77 77 77 77 77 82 104 113 100 85 77 77 77 77 77 127 75 77 77 77 77 71 95 77 77 77 77 73 141 76 77 77 77 77 87 94 77 77 77
93 77 77 77 77 77 77 77 77 70 76 77 77 77 77 77 82 104 113 100 85 77 77 77 77 77 127 75 77 77 77 77 71 95 77 77 77 77 73 141 76 77 77 77 77 87 94 77 77 77
93 77 77 77 77 77 77 77 77 70 76 77 77 77 77 77 82 104 113 100 85 77 77 77 77 77 127 75 77 77 77 77 71 95 77 77 77 77 73 141 76 77 77 77 77 87 94 77 77 77
92 77 77 77 77 77 77 77 77 68 78 77 77 77 77 77 77 101 109 96 90 77 77 77 77 77 113 76 77 77 77 77 69 102 77 77 77 77 73 135 77 77 77 77 77 85 97 77 77 77
84 80 80 80 80 80 80 80 80 72 75 80 80 80 80 80 80 91 95 82 80 80 80 80 80 80 113 78 80 80 80 80 71 86 80 80 80 80 74 117 80 80 80 80 80 83 90 80 80 80
93 77 77 77 77 77 77 77 77 70 76 77 77 77 77 77 82 104 113 100 85 77 77 77 77 77 127 75 77 77 77 77 71 95 77 77 77 77 73 141 76 77 77 77 77 87 94 77 77 77
93 77 77 77 77 77 77 77 77 70 76 77 77 77 77 77 82 104 113 100 85 77 77 77 77 77 127 75 77 77 77 77 71 95 77 77 77 77 73 141 76 77 77 77 77 87 94 77 77 77
93 77 77 77 77 77 77 77 77 70 76 77 77 77 77 77 82 104 113 100 85 77 77 77 77 77 127 75 77 77 77 77 71 95 77 77 77 77 73 141 76 77 77 77 77 87 94 77 77 77
93 77 77 77 77 77 77 77 77 70 76 77 77 77 77 77 82 104 113 100 85 77 77 77 77 77 127 75 77 77 77 77 71 95 77 77 77 77 73 141 76 77 77 77 77 87 94 77 77 77
94 76 76 76 76 76 76 76 76 70 76 76 76 76 76 76 82 105 113 101 86 76 76 76 76 76 127 74 76 76 76 76 70 97 76 76 76 76 73 144 76 76 76 76 76 88 95 76 76 76
86 81 81 81 81 81 81 81 81 78 81 81 81 81 81 81 83 78 78 75 67 81 81 81 81 81 126 78 81 81 81 81 80 67 81 81 81 81 79 116 81 81 81 81 81 83 72 81 81 81
93 77 77 77 77 77 77 77 77 70 76 77 77 77 77 77 82 103 112 99 85 77 77 77 77 77 126 75 77 77 77 77 71 96 77 77 77 77 73 140 76 77 77 77 77 87 94 77 77 77
93 77 77 77 77 77 77 77 77 70 76 77 77 77 77 77 82 104 113 100 85 77 77 77 77 77 127 75 77 77 77 77 71 95 77 77 77 77 73 141 76 77 77 77 77 87 94 77 77 77
93 77 77 77 77 77 77 77 77 70 76 77 77 77 77 77 82 104 113 100 85 77 77 77 77 77 127 75 77 77 77 77 71 95 77 77 77 77 73 141 76 77 77 77 77 87 94 77 77 77
93 77 77 77 77 77 77 77 77 70 76 77 77 77 77 77 82 104 113 100 85 77 77 77 77 77 127 75 77 77 77 77 71 95 77 77 77 77 73 141 76 77 77 77 77 87 94 77 77 77
93 77 77 77 77 77 77 77 77 70 76 77 77 77 77 77 82 104 113 100 85 77 77 77 77 77 127 75 77 77 77 77 71 95 77 77 77 77 73 141 76 77 77 77 77 87 94 77 77 77
90 79 79 79 79 79 79 79 79 70 78 79 79 79 79 79 77 96 102 89 88 79 79 79 79 79 113 76 79 79 79 79 70 98 79 79 79 79 74 130 78 79 79 79 79 82 95 79 79 79
84 80 80 80 80 80 80 80 80 71 75 80 80 80 80 80 80 92 95 82 80 80 80 80 80 80 114 78 80 80 80 80 72 87 80 80 80 80 74 117 80 80 80 80 80 83 90 80 80 80
93 77 77 77 77 77 77 77 77 70 76 77 77 77 77 77 82 104 113 100 85 77 77 77 77 77 127 75 77 77 77 77 71 95 77 77 77 77 73 141 76 77 77 77 77 87 94 77 77 77
93 77 77 77 77 77 77 77 77 70 76 77 77 77 77 77 82 104 113 100 85 77 77 77 77 77 127 75 77 77 77 77 71 95 77 77 77 77 73 141 76 77 77 77 77 87 94 77 77 77
93 77 77 77 77 77 77 77 77 70 76 77 77 77 77 77 82 104 113 100 85 77 77 77 77 77 127 75 77 77 77 77 71 95 77 77 77 77 73 141 76 77 77 77 77 87 94 77 77 77
