95 80 80 80 80 80 80 80 80 91 84 80 80 80 80 80 84 77 79 95 72 80 80 80 80 80 100 79 80 80 80 80 117 72 80 80 80 80 86 79 79 80 80 80 80 97 71 80 80 80
98 81 81 81 81 81 81 81 81 87 85 81 81 81 81 81 83 71 72 79 76 81 81 81 81 81 98 81 81 81 81 81 101 74 81 81 81 81 84 80 81 81 81 81 81 88 73 81 81 81
98 81 81 81 81 81 81 81 81 87 85 81 81 81 81 81 83 71 72 79 76 81 81 81 81 81 98 81 81 81 81 81 101 74 81 81 81 81 84 80 81 81 81 81 81 88 73 81 81 81
98 81 81 81 81 81 81 81 81 87 85 81 81 81 81 81 83 71 72 79 76 81 81 81 81 81 98 81 81 81 81 81 101 74 81 81 81 81 84 80 81 81 81 81 81 88 73 81 81 81
98 81 81 81 81 81 81 81 81 87 85 81 81 81 81 81 83 71 72 79 76 81 81 81 81 81 98 81 81 81 81 81 101 74 81 81 81 81 84 80 81 81 81 81 81 88 73 81 81 81
98 81 81 81 81 81 81 81 81 87 85 81 81 81 81 81 83 71 72 79 76 81 81 81 81 81 98 81 81 81 81 81 101 74 81 81 81 81 84 80 81 81 81 81 81 88 73 81 81 81
98 81 81 81 81 81 81 81 81 87 85 81 81 81 81 81 83 71 72 79 76 81 81 81 81 81 98 81 81 81 81 81 101 74 81 81 81 81 84 80 81 81 81 81 81 88 73 81 81 81
98 81 81 81 81 81 81 81 81 87 85 81 81 81 81 81 83 71 72 79 76 81 81 81 81 81 98 81 81 81 81 81 101 74 81 81 81 81 84 80 81 81 81 81 81 88 73 81 81 81
98 81 81 81 81 81 81 81 81 87 85 81 81 81 81 81 83 71 72 79 76 81 81 81 81 81 98 81 81 81 81 81 101 74 81 81 81 81 84 80 81 81 81 81 81 88 73 81 81 81
96 82 82 82 82 82 82 82 82 86 85 82 82 82 82 82 81 71 73 79 77 82 82 82 82 82 96 81 82 82 82 82 100 75 82 82 82 82 84 80 81 82 82 82 82 87 73 82 82 82
91 82 82 82 82 82 82 82 82 85 84 82 82 82 82 82 81 70 72 75 77 82 82 82 82 82 94 81 82 82 82 82 96 76 82 82 82 82 83 80 82 82 82 82 82 84 74 82 82 82
98 81 81 81 81 81 81 81 81 87 85 81 81 81 81 81 83 71 72 79 76 81 81 81 81 81 98 81 81 81 81 81 101 74 81 81 81 81 84 80 81 81 81 81 81 88 73 81 81 81
98 81 81 81 81 81 81 81 81 87 85 81 81 81 81 81 83 71 72 79 76 81 81 81 81 81 98 81 81 81 81 81 101 74 81 81 81 81 84 80 81 81 81 81 81 88 73 81 81 81
98 81 81 81 81 81 81 81 81 87 85 81 81 81 81 81 83 71 72 79 76 81 81 81 81 81 98 81 81 81 81 81 101 74 81 81 81 81 84 80 81 81 81 81 81 88 73 81 81 81
98 81 81 81 81 81 81 81 81 87 85 81 81 81 81 81 83 71 72 79 76 81 81 81 81 81 98 81 81 81 81 81 101 74 81 81 81 81 84 80 81 81 81 81 81 88 73 81 81 81
98 81 81 81 81 81 81 81 81 87 85 81 81 81 81 81 83 71 72 79 76 81 81 81 81 81 98 81 81 81 81 81 101 74 81 81 81 81 84 80 81 81 81 81 81 88 73 81 81 81
108 80 80 80 80 80 80 80 80 88 87 80 80 80 80 80 83 75 76 88 73 80 80 80 80 80 116 79 80 80 80 80 110 72 80 80 80 80 84 90 79 80 80 80 80 91 72 80 80 80
107 78 78 78 78 78 78 78 78 90 88 78 78 78 78 78 85 78 80 97 71 78 78 78 78 78 124 77 78 78 78 78 120 69 78 78 78 78 85 98 78 78 78 78 78 100 70 78 78 78
107 78 78 78 78 78 78 78 78 91 86 78 78 78 78 78 86 79 81 101 70 78 78 78 78 78 125 76 78 78 78 78 123 70 78 78 78 78 85 99 77 78 78 78 78 101 71 78 78 78
105 78 78 78 78 78 78 78 78 89 83 78 78 78 78 78 86 84 87 108 71 78 78 78 78 78 117 77 78 78 78 78 122 72 78 78 78 78 85 92 77 78 78 78 78 107 73 78 78 78
96 80 80 80 80 80 80 80 80 89 83 80 80 80 80 80 84 73 76 85 74 80 80 80 80 80 106 79 80 80 80 80 107 74 80 80 80 80 84 89 80 80 80 80 80 89 74 80 80 80
98 81 81 81 81 81 81 81 81 87 85 81 81 81 81 81 83 71 72 79 76 81 81 81 81 81 98 81 81 81 81 81 101 74 81 81 81 81 84 80 81 81 81 81 81 88 73 81 81 81
98 81 81 81 81 81 81 81 81 87 85 81 81 81 81 81 83 71 72 79 76 81 81 81 81 81 98 81 81 81 81 81 101 74 81 81 81 81 84 80 81 81 81 81 81 88 73 81 81 81
98 81 81 81 81 81 81 81 81 87 85 81 81 81 81 81 83 71 72 79 76 81 81 81 81 81 98 81 81 81 81 81 101 74 81 81 81 81 84 80 81 81 81 81 81 88 73 81 81 81
98 81 81 81 81 81 81 81 81 87 85 81 81 81 81 81 83 71 72 79 76 81 81 81 81 81 98 81 81 81 81 81 101 74 81 81 81 81 84 80 81 81 81 81 81 88 73 81 81 81
98 81 81 81 81 81 81 81 81 87 85 81 81 81 81 81 83 71 72 79 76 81 81 81 81 81 98 81 81 81 81 81 101 74 81 81 81 81 84 80 81 81 81 81 81 88 73 81 81 81
98 80 80 80 80 80 80 80 80 90 84 80 80 80 80 80 85 78 79 93 74 80 80 80 80 80 100 79 80 80 80 80 113 73 80 80 80 80 85 79 80 80 80 80 80 95 72 80 80 80
97 81 81 81 81 81 81 81 81 87 85 81 81 81 81 81 82 71 71 79 75 81 81 81 81 81 98 81 81 81 81 81 103 73 81 81 81 81 84 80 81 81 81 81 81 88 72 81 81 81
98 81 81 81 81 81 81 81 81 87 85 81 81 81 81 81 83 71 72 79 76 81 81 81 81 81 98 81 81 81 81 81 101 74 81 81 81 81 84 80 81 81 81 81 81 88 73 81 81 81
98 81 81 81 81 81 81 81 81 87 85 81 81 81 81 81 83 71 72 79 76 81 81 81 81 81 98 81 81 81 81 81 101 74 81 81 81 81 84 80 81 81 81 81 81 88 73 81 81 81
98 81 81 81 81 81 81 81 81 87 85 81 81 81 81 81 83 71 72 79 76 81 81 81 81 81 98 81 81 81 81 81 101 74 81 81 81 81 84 80 81 81 81 81 81 88 73 81 81 81
98 81 81 81 81 81 81 81 81 87 85 81 81 81 81 81 83 71 72 79 76 81 81 81 81 81 98 81 81 81 81 81 101 74 81 81 81 81 84 80 81 81 81 81 81 88 73 81 81 81
96 81 81 81 81 81 81 81 81 84 81 81 81 81 81 81 84 78 79 89 76 81 81 81 81 81 88 82 81 81 81 81 105 77 81 81 81 81 84 69 81 81 81 81 81 99 75 81 81 81
97 80 80 80 80 80 80 80 80 90 85 80 80 80 80 80 85 74 77 89 73 80 80 80 80 80 110 78 80 80 80 80 111 73 80 80 80 80 85 94 79 80 80 80 80 92 73 80 80 80
98 81 81 81 81 81 81 81 81 87 85 81 81 81 81 81 83 71 72 79 76 81 81 81 81 81 98 81 81 81 81 81 101 74 81 81 81 81 84 80 81 81 81 81 81 88 73 81 81 81
98 81 81 81 81 81 81 81 81 87 85 81 81 81 81 81 83 71 72 79 76 81 81 81 81 81 98 81 81 81 81 81 101 74 81 81 81 81 84 80 81 81 81 81 81 88 73 81 81 81
98 81 81 81 81 81 81 81 81 87 85 81 81 81 81 81 83 71 72 79 76 81 81 81 81 81 98 81 81 81 81 81 101 74 81 81 81 81 84 80 81 81 81 81 81 88 73 81 81 81
98 81 81 81 81 81 81 81 81 87 85 81 81 81 81 81 83 71 72 79 76 81 81 81 81 81 98 81 81 81 81 81 101 74 81 81 81 81 84 80 81 81 81 81 81 88 73 81 81 81
98 81 81 81 81 81 81 81 81 86 84 81 81 81 81 81 82 72 74 81 77 81 81 81 81 81 100 81 81 81 81 81 101 76 81 81 81 81 83 82 81 81 81 81 81 88 74 81 81 81
99 79 79 79 79 79 79 79 79 89 85 79 79 79 79 79 86 80 84 95 76 79 79 79 79 79 116 77 79 79 79 79 109 77 79 79 79 79 84 101 78 79 79 79 79 90 75 79 79 79
98 81 81 81 81 81 81 81 81 87 85 81 81 81 81 81 82 71 72 79 76 81 81 81 81 81 98 81 81 81 81 81 102 74 81 81 81 81 84 80 81 81 81 81 81 88 73 81 81 81
98 81 81 81 81 81 81 81 81 87 85 81 81 81 81 81 83 71 72 79 76 81 81 81 81 81 98 81 81 81 81 81 101 74 81 81 81 81 84 80 81 81 81 81 81 88 73 81 81 81
98 81 81 81 81 81 81 81 81 87 85 81 81 81 81 81 83 71 72 79 76 81 81 81 81 81 98 81 81 81 81 81 101 74 81 81 81 81 84 80 81 81 81 81 81 88 73 81 81 81
98 81 81 81 81 81 81 81 81 87 85 81 81 81 81 81 83 71 72 79 76 81 81 81 81 81 98 81 81 81 81 81 101 74 81 81 81 81 84 80 81 81 81 81 81 88 73 81 81 81
98 81 81 81 81 81 81 81 81 87 85 81 81 81 81 81 83 71 72 79 76 81 81 81 81 81 98 81 81 81 81 81 101 74 81 81 81 81 84 80 81 81 81 81 81 88 73 81 81 81
109 79 79 79 79 79 79 79 79 87 82 79 79 79 79 79 86 82 82 99 73 79 79 79 79 79 106 79 79 79 79 79 116 72 79 79 79 79 84 78 79 79 79 79 79 106 73 79 79 79
99 80 80 80 80 80 80 80 80 91 86 80 80 80 80 80 85 74 76 89 72 80 80 80 80 80 112 77 80 80 80 80 114 72 80 80 80 80 85 94 79 80 80 80 80 94 72 80 80 80
98 81 81 81 81 81 81 81 81 87 85 81 81 81 81 81 83 71 72 79 76 81 81 81 81 81 98 81 81 81 81 81 101 74 81 81 81 81 84 80 81 81 81 81 81 88 73 81 81 81
98 81 81 81 81 81 81 81 81 87 85 81 81 81 81 81 83 71 72 79 76 81 81 81 81 81 98 81 81 81 81 81 101 74 81 81 81 81 84 80 81 81 81 81 81 88 73 81 81 81
98 81 81 81 81 81 81 81 81 87 85 81 81 81 81 81 83 71 72 79 76 81 81 81 81 81 98 81 81 81 81 81 101 74 81 81 81 81 84 80 81 81 81 81 81 88 73 81 81 81
