72 84 84 84 84 84 84 84 84 89 82 84 84 84 84 84 80 73 71 76 67 84 84 84 84 84 82 83 84 84 84 84 90 64 84 84 84 84 88 69 84 84 84 84 84 78 69 84 84 84
64 86 86 86 86 86 86 86 86 82 81 86 86 86 86 86 80 74 70 69 65 86 86 86 86 86 72 84 86 86 86 86 80 64 86 86 86 86 84 67 85 86 86 86 86 80 71 86 86 86
64 86 86 86 86 86 86 86 86 82 81 86 86 86 86 86 80 74 70 69 65 86 86 86 86 86 72 84 86 86 86 86 80 64 86 86 86 86 84 67 85 86 86 86 86 80 71 86 86 86
64 86 86 86 86 86 86 86 86 82 81 86 86 86 86 86 80 74 70 69 65 86 86 86 86 86 72 84 86 86 86 86 80 64 86 86 86 86 84 67 85 86 86 86 86 80 71 86 86 86
64 86 86 86 86 86 86 86 86 82 81 86 86 86 86 86 80 74 70 69 65 86 86 86 86 86 72 84 86 86 86 86 80 64 86 86 86 86 84 67 85 86 86 86 86 80 71 86 86 86
64 86 86 86 86 86 86 86 86 82 81 86 86 86 86 86 80 74 70 69 65 86 86 86 86 86 72 84 86 86 86 86 80 64 86 86 86 86 84 67 85 86 86 86 86 80 71 86 86 86
64 86 86 86 86 86 86 86 86 82 81 86 86 86 86 86 80 74 70 69 65 86 86 86 86 86 72 84 86 86 86 86 80 64 86 86 86 86 84 67 85 86 86 86 86 80 71 86 86 86
64 86 86 86 86 86 86 86 86 82 81 86 86 86 86 86 80 74 70 69 65 86 86 86 86 86 72 84 86 86 86 86 80 64 86 86 86 86 84 67 85 86 86 86 86 80 71 86 86 86
64 86 86 86 86 86 86 86 86 82 81 86 86 86 86 86 80 74 70 69 65 86 86 86 86 86 72 84 86 86 86 86 80 64 86 86 86 86 84 67 85 86 86 86 86 80 71 86 86 86
62 87 87 87 87 87 87 87 87 84 84 87 87 87 87 87 78 67 64 64 64 87 87 87 87 87 70 84 87 87 87 87 80 61 87 87 87 87 86 63 86 87 87 87 87 76 66 87 87 87
62 87 87 87 87 87 87 87 87 85 85 87 87 87 87 87 76 64 60 60 62 87 87 87 87 87 68 85 87 87 87 87 80 59 87 87 87 87 87 61 87 87 87 87 87 74 64 87 87 87
64 86 86 86 86 86 86 86 86 82 81 86 86 86 86 86 80 74 70 69 65 86 86 86 86 86 72 84 86 86 86 86 80 64 86 86 86 86 84 67 85 86 86 86 86 80 71 86 86 86
64 86 86 86 86 86 86 86 86 82 81 86 86 86 86 86 80 74 70 69 65 86 86 86 86 86 72 84 86 86 86 86 80 64 86 86 86 86 84 67 85 86 86 86 86 80 71 86 86 86
64 86 86 86 86 86 86 86 86 82 81 86 86 86 86 86 80 74 70 69 65 86 86 86 86 86 72 84 86 86 86 86 80 64 86 86 86 86 84 67 85 86 86 86 86 80 71 86 86 86
64 86 86 86 86 86 86 86 86 82 81 86 86 86 86 86 80 74 70 69 65 86 86 86 86 86 72 84 86 86 86 86 80 64 86 86 86 86 84 67 85 86 86 86 86 80 71 86 86 86
64 86 86 86 86 86 86 86 86 82 81 86 86 86 86 86 80 74 70 69 65 86 86 86 86 86 72 84 86 86 86 86 80 64 86 86 86 86 84 67 85 86 86 86 86 80 71 86 86 86
64 85 85 85 85 85 85 85 85 82 80 85 85 85 85 85 81 78 77 76 69 85 85 85 85 85 72 83 85 85 85 85 81 68 85 85 85 85 84 69 84 85 85 85 85 83 74 85 85 85
67 82 82 82 82 82 82 82 82 81 75 82 82 82 82 82 86 90 93 91 67 82 82 82 82 82 94 80 82 82 82 82 87 69 82 82 82 82 81 81 81 82 82 82 82 93 74 82 82 82
69 81 81 81 81 81 81 81 81 80 73 81 81 81 81 81 88 97 101 99 69 81 81 81 81 81 95 80 81 81 81 81 87 72 81 81 81 81 80 83 81 81 81 81 81 94 78 81 81 81
70 82 82 82 82 82 82 82 82 83 75 82 82 82 82 82 86 89 93 93 69 82 82 82 82 82 93 81 82 82 82 82 88 68 82 82 82 82 83 77 82 82 82 82 82 89 74 82 82 82
64 86 86 86 86 86 86 86 86 86 81 86 86 86 86 86 80 72 68 70 59 86 86 86 86 86 79 83 86 86 86 86 89 58 86 86 86 86 87 66 85 86 86 86 86 82 64 86 86 86
64 86 86 86 86 86 86 86 86 82 81 86 86 86 86 86 80 74 70 69 65 86 86 86 86 86 72 84 86 86 86 86 80 64 86 86 86 86 84 67 85 86 86 86 86 80 71 86 86 86
64 86 86 86 86 86 86 86 86 82 81 86 86 86 86 86 80 74 70 69 65 86 86 86 86 86 72 84 86 86 86 86 80 64 86 86 86 86 84 67 85 86 86 86 86 80 71 86 86 86
64 86 86 86 86 86 86 86 86 82 81 86 86 86 86 86 80 74 70 69 65 86 86 86 86 86 72 84 86 86 86 86 80 64 86 86 86 86 84 67 85 86 86 86 86 80 71 86 86 86
64 86 86 86 86 86 86 86 86 82 81 86 86 86 86 86 80 74 70 69 65 86 86 86 86 86 72 84 86 86 86 86 80 64 86 86 86 86 84 67 85 86 86 86 86 80 71 86 86 86
64 86 86 86 86 86 86 86 86 82 81 86 86 86 86 86 80 74 70 69 65 86 86 86 86 86 72 84 86 86 86 86 80 64 86 86 86 86 84 67 85 86 86 86 86 80 71 86 86 86
71 84 84 84 84 84 84 84 84 88 85 84 84 84 84 84 78 72 69 72 74 84 84 84 84 84 72 84 84 84 84 84 84 72 84 84 84 84 87 71 84 84 84 84 84 72 75 84 84 84
63 85 85 85 85 85 85 85 85 82 80 85 85 85 85 85 81 76 72 70 64 85 85 85 85 85 74 83 85 85 85 85 81 63 85 85 85 85 84 68 85 85 85 85 85 82 70 85 85 85
64 86 86 86 86 86 86 86 86 82 81 86 86 86 86 86 80 74 70 69 65 86 86 86 86 86 72 84 86 86 86 86 80 64 86 86 86 86 84 67 85 86 86 86 86 80 71 86 86 86
64 86 86 86 86 86 86 86 86 82 81 86 86 86 86 86 80 74 70 69 65 86 86 86 86 86 72 84 86 86 86 86 80 64 86 86 86 86 84 67 85 86 86 86 86 80 71 86 86 86
64 86 86 86 86 86 86 86 86 82 81 86 86 86 86 86 80 74 70 69 65 86 86 86 86 86 72 84 86 86 86 86 80 64 86 86 86 86 84 67 85 86 86 86 86 80 71 86 86 86
64 86 86 86 86 86 86 86 86 82 81 86 86 86 86 86 80 74 70 69 65 86 86 86 86 86 72 84 86 86 86 86 80 64 86 86 86 86 84 67 85 86 86 86 86 80 71 86 86 86
66 86 86 86 86 86 86 86 86 84 83 86 86 86 86 86 79 71 67 67 67 86 86 86 86 86 73 85 86 86 86 86 80 63 86 86 86 86 86 64 86 86 86 86 86 75 69 86 86 86
65 85 85 85 85 85 85 85 85 86 79 85 85 85 85 85 81 75 72 74 59 85 85 85 85 85 87 82 85 85 85 85 91 58 85 85 85 85 86 69 84 85 85 85 85 86 64 85 85 85
64 86 86 86 86 86 86 86 86 82 81 86 86 86 86 86 80 74 70 69 65 86 86 86 86 86 72 84 86 86 86 86 80 64 86 86 86 86 84 67 85 86 86 86 86 80 71 86 86 86
64 86 86 86 86 86 86 86 86 82 81 86 86 86 86 86 80 74 70 69 65 86 86 86 86 86 72 84 86 86 86 86 80 64 86 86 86 86 84 67 85 86 86 86 86 80 71 86 86 86
64 86 86 86 86 86 86 86 86 82 81 86 86 86 86 86 80 74 70 69 65 86 86 86 86 86 72 84 86 86 86 86 80 64 86 86 86 86 84 67 85 86 86 86 86 80 71 86 86 86
64 86 86 86 86 86 86 86 86 82 81 86 86 86 86 86 80 74 70 69 65 86 86 86 86 86 72 84 86 86 86 86 80 64 86 86 86 86 84 67 85 86 86 86 86 80 71 86 86 86
62 86 86 86 86 86 86 86 86 83 82 86 86 86 86 86 79 71 67 67 64 86 86 86 86 86 71 84 86 86 86 86 80 62 86 86 86 86 85 65 86 86 86 86 86 79 68 86 86 86
70 85 85 85 85 85 85 85 85 90 85 85 85 85 85 85 77 68 67 71 68 85 85 85 85 85 77 82 85 85 85 85 90 65 85 85 85 85 89 70 84 85 85 85 85 76 68 85 85 85
63 86 86 86 86 86 86 86 86 82 81 86 86 86 86 86 80 74 70 69 64 86 86 86 86 86 73 84 86 86 86 86 80 63 86 86 86 86 84 67 85 86 86 86 86 80 70 86 86 86
64 86 86 86 86 86 86 86 86 82 81 86 86 86 86 86 80 74 70 69 65 86 86 86 86 86 72 84 86 86 86 86 80 64 86 86 86 86 84 67 85 86 86 86 86 80 71 86 86 86
64 86 86 86 86 86 86 86 86 82 81 86 86 86 86 86 80 74 70 69 65 86 86 86 86 86 72 84 86 86 86 86 80 64 86 86 86 86 84 67 85 86 86 86 86 80 71 86 86 86
64 86 86 86 86 86 86 86 86 82 81 86 86 86 86 86 80 74 70 69 65 86 86 86 86 86 72 84 86 86 86 86 80 64 86 86 86 86 84 67 85 86 86 86 86 80 71 86 86 86
64 86 86 86 86 86 86 86 86 82 81 86 86 86 86 86 80 74 70 69 65 86 86 86 86 86 72 84 86 86 86 86 80 64 86 86 86 86 84 67 85 86 86 86 86 80 71 86 86 86
70 83 83 83 83 83 83 83 83 80 77 83 83 83 83 83 84 90 90 87 73 83 83 83 83 83 80 82 83 83 83 83 79 75 83 83 83 83 81 78 83 83 83 83 83 83 82 83 83 83
67 84 84 84 84 84 84 84 84 83 77 84 84 84 84 84 84 82 80 81 62 84 84 84 84 84 90 81 84 84 84 84 90 61 84 84 84 84 84 73 83 84 84 84 84 90 67 84 84 84
64 86 86 86 86 86 86 86 86 82 81 86 86 86 86 86 80 74 70 69 65 86 86 86 86 86 72 84 86 86 86 86 80 64 86 86 86 86 84 67 85 86 86 86 86 80 71 86 86 86
64 86 86 86 86 86 86 86 86 82 81 86 86 86 86 86 80 74 70 69 65 86 86 86 86 86 72 84 86 86 86 86 80 64 86 86 86 86 84 67 85 86 86 86 86 80 71 86 86 86
64 86 86 86 86 86 86 86 86 82 81 86 86 86 86 86 80 74 70 69 65 86 86 86 86 86 72 84 86 86 86 86 80 64 86 86 86 86 84 67 85 86 86 86 86 80 71 86 86 86
