67 85 85 85 85 85 85 85 85 78 85 85 85 85 85 85 74 66 67 57 81 85 85 85 85 85 81 80 85 85 85 85 69 81 85 85 85 85 80 96 84 85 85 85 85 72 75 85 85 85
69 84 84 84 84 84 84 84 84 82 86 84 84 84 84 84 75 64 63 58 87 84 84 84 84 84 74 79 84 84 84 84 71 89 84 84 84 84 83 101 83 84 84 84 84 70 80 84 84 84
69 84 84 84 84 84 84 84 84 82 86 84 84 84 84 84 75 64 63 58 87 84 84 84 84 84 74 79 84 84 84 84 71 89 84 84 84 84 83 101 83 84 84 84 84 70 80 84 84 84
69 84 84 84 84 84 84 84 84 82 86 84 84 84 84 84 75 64 63 58 87 84 84 84 84 84 74 79 84 84 84 84 71 89 84 84 84 84 83 101 83 84 84 84 84 70 80 84 84 84
69 84 84 84 84 84 84 84 84 82 86 84 84 84 84 84 75 64 63 58 87 84 84 84 84 84 74 79 84 84 84 84 71 89 84 84 84 84 83 101 83 84 84 84 84 70 80 84 84 84
69 84 84 84 84 84 84 84 84 82 86 84 84 84 84 84 75 64 63 58 87 84 84 84 84 84 74 79 84 84 84 84 71 89 84 84 84 84 83 101 83 84 84 84 84 70 80 84 84 84
69 84 84 84 84 84 84 84 84 82 86 84 84 84 84 84 75 64 63 58 87 84 84 84 84 84 74 79 84 84 84 84 71 89 84 84 84 84 83 101 83 84 84 84 84 70 80 84 84 84
69 84 84 84 84 84 84 84 84 82 86 84 84 84 84 84 75 64 63 58 87 84 84 84 84 84 74 79 84 84 84 84 71 89 84 84 84 84 83 101 83 84 84 84 84 70 80 84 84 84
69 84 84 84 84 84 84 84 84 82 86 84 84 84 84 84 75 64 63 58 87 84 84 84 84 84 74 79 84 84 84 84 71 89 84 84 84 84 83 101 83 84 84 84 84 70 80 84 84 84
70 84 84 84 84 84 84 84 84 80 88 84 84 84 84 84 74 63 62 56 90 84 84 84 84 84 74 79 84 84 84 84 69 91 84 84 84 84 83 103 83 84 84 84 84 69 80 84 84 84
73 84 84 84 84 84 84 84 84 80 88 84 84 84 84 84 75 64 66 59 92 84 84 84 84 84 79 78 84 84 84 84 69 91 84 84 84 84 82 110 82 84 84 84 84 69 80 84 84 84
69 84 84 84 84 84 84 84 84 82 86 84 84 84 84 84 75 64 63 58 87 84 84 84 84 84 74 79 84 84 84 84 71 89 84 84 84 84 83 101 83 84 84 84 84 70 80 84 84 84
69 84 84 84 84 84 84 84 84 82 86 84 84 84 84 84 75 64 63 58 87 84 84 84 84 84 74 79 84 84 84 84 71 89 84 84 84 84 83 101 83 84 84 84 84 70 80 84 84 84
69 84 84 84 84 84 84 84 84 82 86 84 84 84 84 84 75 64 63 58 87 84 84 84 84 84 74 79 84 84 84 84 71 89 84 84 84 84 83 101 83 84 84 84 84 70 80 84 84 84
69 84 84 84 84 84 84 84 84 82 86 84 84 84 84 84 75 64 63 58 87 84 84 84 84 84 74 79 84 84 84 84 71 89 84 84 84 84 83 101 83 84 84 84 84 70 80 84 84 84
69 84 84 84 84 84 84 84 84 82 86 84 84 84 84 84 75 64 63 58 87 84 84 84 84 84 74 79 84 84 84 84 71 89 84 84 84 84 83 101 83 84 84 84 84 70 80 84 84 84
66 85 85 85 85 85 85 85 85 81 85 85 85 85 85 85 74 65 62 57 83 85 85 85 85 85 74 80 85 85 85 85 72 84 85 85 85 85 83 94 84 85 85 85 85 72 78 85 85 85
64 85 85 85 85 85 85 85 85 82 83 85 85 85 85 85 76 66 64 60 74 85 85 85 85 85 77 81 85 85 85 85 78 74 85 85 85 85 83 82 84 85 85 85 85 78 73 85 85 85
63 85 85 85 85 85 85 85 85 80 79 85 85 85 85 85 78 72 70 64 71 85 85 85 85 85 79 81 85 85 85 85 78 73 85 85 85 85 81 78 84 85 85 85 85 83 75 85 85 85
63 86 86 86 86 86 86 86 86 79 82 86 86 86 86 86 75 66 65 57 73 86 86 86 86 86 79 81 86 86 86 86 74 72 86 86 86 86 80 82 85 86 86 86 86 79 72 86 86 86
72 84 84 84 84 84 84 84 84 81 84 84 84 84 84 84 78 68 72 66 82 84 84 84 84 84 85 80 84 84 84 84 76 80 84 84 84 84 81 93 82 84 84 84 84 77 76 84 84 84
69 84 84 84 84 84 84 84 84 82 86 84 84 84 84 84 75 64 63 58 87 84 84 84 84 84 74 79 84 84 84 84 71 89 84 84 84 84 83 101 83 84 84 84 84 70 80 84 84 84
69 84 84 84 84 84 84 84 84 82 86 84 84 84 84 84 75 64 63 58 87 84 84 84 84 84 74 79 84 84 84 84 71 89 84 84 84 84 83 101 83 84 84 84 84 70 80 84 84 84
69 84 84 84 84 84 84 84 84 82 86 84 84 84 84 84 75 64 63 58 87 84 84 84 84 84 74 79 84 84 84 84 71 89 84 84 84 84 83 101 83 84 84 84 84 70 80 84 84 84
69 84 84 84 84 84 84 84 84 82 86 84 84 84 84 84 75 64 63 58 87 84 84 84 84 84 74 79 84 84 84 84 71 89 84 84 84 84 83 101 83 84 84 84 84 70 80 84 84 84
69 84 84 84 84 84 84 84 84 82 86 84 84 84 84 84 75 64 63 58 87 84 84 84 84 84 74 79 84 84 84 84 71 89 84 84 84 84 83 101 83 84 84 84 84 70 80 84 84 84
71 83 83 83 83 83 83 83 83 76 82 83 83 83 83 83 75 74 76 63 84 83 83 83 83 83 90 79 83 83 83 83 66 87 83 83 83 83 77 108 82 83 83 83 83 71 83 83 83 83
68 84 84 84 84 84 84 84 84 81 86 84 84 84 84 84 75 65 63 58 86 84 84 84 84 84 73 79 84 84 84 84 73 87 84 84 84 84 83 97 83 84 84 84 84 72 79 84 84 84
69 84 84 84 84 84 84 84 84 82 86 84 84 84 84 84 75 64 63 58 87 84 84 84 84 84 74 79 84 84 84 84 71 89 84 84 84 84 83 101 83 84 84 84 84 70 80 84 84 84
69 84 84 84 84 84 84 84 84 82 86 84 84 84 84 84 75 64 63 58 87 84 84 84 84 84 74 79 84 84 84 84 71 89 84 84 84 84 83 101 83 84 84 84 84 70 80 84 84 84
69 84 84 84 84 84 84 84 84 82 86 84 84 84 84 84 75 64 63 58 87 84 84 84 84 84 74 79 84 84 84 84 71 89 84 84 84 84 83 101 83 84 84 84 84 70 80 84 84 84
69 84 84 84 84 84 84 84 84 82 86 84 84 84 84 84 75 64 63 58 87 84 84 84 84 84 74 79 84 84 84 84 71 89 84 84 84 84 83 101 83 84 84 84 84 70 80 84 84 84
66 85 85 85 85 85 85 85 85 79 89 85 85 85 85 85 73 60 59 50 87 85 85 85 85 85 73 79 85 85 85 85 65 86 85 85 85 85 81 102 84 85 85 85 85 67 77 85 85 85
70 84 84 84 84 84 84 84 84 82 85 84 84 84 84 84 78 66 70 64 79 84 84 84 84 84 85 80 84 84 84 84 78 76 84 84 84 84 82 91 83 84 84 84 84 76 73 84 84 84
69 84 84 84 84 84 84 84 84 82 86 84 84 84 84 84 75 64 63 58 87 84 84 84 84 84 74 79 84 84 84 84 71 89 84 84 84 84 83 101 83 84 84 84 84 70 80 84 84 84
69 84 84 84 84 84 84 84 84 82 86 84 84 84 84 84 75 64 63 58 87 84 84 84 84 84 74 79 84 84 84 84 71 89 84 84 84 84 83 101 83 84 84 84 84 70 80 84 84 84
69 84 84 84 84 84 84 84 84 82 86 84 84 84 84 84 75 64 63 58 87 84 84 84 84 84 74 79 84 84 84 84 71 89 84 84 84 84 83 101 83 84 84 84 84 70 80 84 84 84
69 84 84 84 84 84 84 84 84 82 86 84 84 84 84 84 75 64 63 58 87 84 84 84 84 84 74 79 84 84 84 84 71 89 84 84 84 84 83 101 83 84 84 84 84 70 80 84 84 84
69 84 84 84 84 84 84 84 84 81 88 84 84 84 84 84 74 63 62 56 89 84 84 84 84 84 75 79 84 84 84 84 70 89 84 84 84 84 83 103 83 84 84 84 84 69 79 84 84 84
78 82 82 82 82 82 82 82 82 77 85 82 82 82 82 82 76 71 80 69 87 82 82 82 82 82 101 79 82 82 82 82 71 86 82 82 82 82 78 114 81 82 82 82 82 70 80 82 82 82
69 84 84 84 84 84 84 84 84 81 87 84 84 84 84 84 75 64 63 58 87 84 84 84 84 84 74 79 84 84 84 84 72 89 84 84 84 84 83 100 83 84 84 84 84 71 80 84 84 84
69 84 84 84 84 84 84 84 84 82 86 84 84 84 84 84 75 64 63 58 87 84 84 84 84 84 74 79 84 84 84 84 71 89 84 84 84 84 83 101 83 84 84 84 84 70 80 84 84 84
69 84 84 84 84 84 84 84 84 82 86 84 84 84 84 84 75 64 63 58 87 84 84 84 84 84 74 79 84 84 84 84 71 89 84 84 84 84 83 101 83 84 84 84 84 70 80 84 84 84
69 84 84 84 84 84 84 84 84 82 86 84 84 84 84 84 75 64 63 58 87 84 84 84 84 84 74 79 84 84 84 84 71 89 84 84 84 84 83 101 83 84 84 84 84 70 80 84 84 84
69 84 84 84 84 84 84 84 84 82 86 84 84 84 84 84 75 64 63 58 87 84 84 84 84 84 74 79 84 84 84 84 71 89 84 84 84 84 83 101 83 84 84 84 84 70 80 84 84 84
61 86 86 86 86 86 86 86 86 80 83 86 86 86 86 86 74 64 61 53 77 86 86 86 86 86 73 80 86 86 86 86 70 79 86 86 86 86 82 91 85 86 86 86 86 72 77 86 86 86
67 85 85 85 85 85 85 85 85 82 85 85 85 85 85 85 76 66 67 61 79 85 85 85 85 85 80 80 85 85 85 85 77 77 85 85 85 85 82 85 84 85 85 85 85 77 74 85 85 85
69 84 84 84 84 84 84 84 84 82 86 84 84 84 84 84 75 64 63 58 87 84 84 84 84 84 74 79 84 84 84 84 71 89 84 84 84 84 83 101 83 84 84 84 84 70 80 84 84 84
69 84 84 84 84 84 84 84 84 82 86 84 84 84 84 84 75 64 63 58 87 84 84 84 84 84 74 79 84 84 84 84 71 89 84 84 84 84 83 101 83 84 84 84 84 70 80 84 84 84
69 84 84 84 84 84 84 84 84 82 86 84 84 84 84 84 75 64 63 58 87 84 84 84 84 84 74 79 84 84 84 84 71 89 84 84 84 84 83 101 83 84 84 84 84 70 80 84 84 84
