1138 -4199 -1013 5672 649 1372 3007 -138 -1268 -2757 -4110 -1206 -533 1236 -4164 -420 -413 -943 -2074 2804 -439 -1909 -1245 3514 -144 2777 -4177 -2396 -1442 -376 -1138 963 -605 -821 1944 -3457 4629 -3073 1338 -6054 113 645 4305 1079 2607 -3856 -2996 -1830 -2291 -1771 1418 580 593 -132 -23 516 -2867 -1703 -1785 2156 -2987 -411 -3915 -1203
720 -2989 -1356 4428 3065 -1776 3030 -3365 -2024 -4964 -2061 -2195 -1850 -1810 -3589 -926 -1209 -2019 -2972 2139 -1108 -2933 2312 5023 2182 799 -4585 472 -1626 -548 -2258 -1360 -615 -819 875 -2767 2078 -2833 3049 -4172 -541 2264 1837 1804 5754 -2908 -1150 -3389 2440 -2540 -195 2002 1244 2809 -1549 403 -1029 -2254 -2921 1912 -2361 -2663 -1916 -2045
720 -2989 -1356 4428 3065 -1776 3030 -3365 -2024 -4964 -2061 -2195 -1850 -1810 -3589 -926 -1209 -2019 -2972 2139 -1108 -2933 2312 5023 2182 799 -4585 472 -1626 -548 -2258 -1360 -615 -819 875 -2767 2078 -2833 3049 -4172 -541 2264 1837 1804 5754 -2908 -1150 -3389 2440 -2540 -195 2002 1244 2809 -1549 403 -1029 -2254 -2921 1912 -2361 -2663 -1916 -2045
720 -2989 -1356 4428 3065 -1776 3030 -3365 -2024 -4964 -2061 -2195 -1850 -1810 -3589 -926 -1209 -2019 -2972 2139 -1108 -2933 2312 5023 2182 799 -4585 472 -1626 -548 -2258 -1360 -615 -819 875 -2767 2078 -2833 3049 -4172 -541 2264 1837 1804 5754 -2908 -1150 -3389 2440 -2540 -195 2002 1244 2809 -1549 403 -1029 -2254 -2921 1912 -2361 -2663 -1916 -2045
720 -2989 -1356 4428 3065 -1776 3030 -3365 -2024 -4964 -2061 -2195 -1850 -1810 -3589 -926 -1209 -2019 -2972 2139 -1108 -2933 2312 5023 2182 799 -4585 472 -1626 -548 -2258 -1360 -615 -819 875 -2767 2078 -2833 3049 -4172 -541 2264 1837 1804 5754 -2908 -1150 -3389 2440 -2540 -195 2002 1244 2809 -1549 403 -1029 -2254 -2921 1912 -2361 -2663 -1916 -2045
720 -2989 -1356 4428 3065 -1776 3030 -3365 -2024 -4964 -2061 -2195 -1850 -1810 -3589 -926 -1209 -2019 -2972 2139 -1108 -2933 2312 5023 2182 799 -4585 472 -1626 -548 -2258 -1360 -615 -819 875 -2767 2078 -2833 3049 -4172 -541 2264 1837 1804 5754 -2908 -1150 -3389 2440 -2540 -195 2002 1244 2809 -1549 403 -1029 -2254 -2921 1912 -2361 -2663 -1916 -2045
720 -2989 -1356 4428 3065 -1776 3030 -3365 -2024 -4964 -2061 -2195 -1850 -1810 -3589 -926 -1209 -2019 -2972 2139 -1108 -2933 2312 5023 2182 799 -4585 472 -1626 -548 -2258 -1360 -615 -819 875 -2767 2078 -2833 3049 -4172 -541 2264 1837 1804 5754 -2908 -1150 -3389 2440 -2540 -195 2002 1244 2809 -1549 403 -1029 -2254 -2921 1912 -2361 -2663 -1916 -2045
720 -2989 -1356 4428 3065 -1776 3030 -3365 -2024 -4964 -2061 -2195 -1850 -1810 -3589 -926 -1209 -2019 -2972 2139 -1108 -2933 2312 5023 2182 799 -4585 472 -1626 -548 -2258 -1360 -615 -819 875 -2767 2078 -2833 3049 -4172 -541 2264 1837 1804 5754 -2908 -1150 -3389 2440 -2540 -195 2002 1244 2809 -1549 403 -1029 -2254 -2921 1912 -2361 -2663 -1916 -2045
720 -2989 -1356 4428 3065 -1776 3030 -3365 -2024 -4964 -2061 -2195 -1850 -1810 -3589 -926 -1209 -2019 -2972 2139 -1108 -2933 2312 5023 2182 799 -4585 472 -1626 -548 -2258 -1360 -615 -819 875 -2767 2078 -2833 3049 -4172 -541 2264 1837 1804 5754 -2908 -1150 -3389 2440 -2540 -195 2002 1244 2809 -1549 403 -1029 -2254 -2921 1912 -2361 -2663 -1916 -2045
735 -3434 -2315 4541 2992 -1303 2758 -2277 -2517 -5038 -1935 -2482 -2335 -1931 -3955 -1026 -1673 -1715 -2971 2317 -1564 -2830 1899 4394 1850 1608 -4763 946 -2704 -1269 -2612 -835 -567 -1379 1182 -3492 2468 -2878 2833 -3841 -229 1853 1275 2037 4834 -3331 -1050 -3544 1958 -3243 349 1423 1589 2412 -2242 377 -1879 -1700 -2516 2218 -3026 -3106 -2106 -2359
536 -3483 -804 3743 2375 -1418 3299 -2193 -1892 -4533 -1611 -2620 -1579 -1599 -4073 -1331 -1544 -1212 -2270 2071 -1991 -2467 1854 4526 1453 1837 -5062 1362 -2484 -1256 -2087 145 -383 -659 1191 -3137 1881 -1699 3771 -4408 -490 2253 3163 2405 4382 -2378 -302 -4342 1569 -3042 536 2071 1153 1591 -2171 1382 -2065 -1536 -2737 1841 -2684 -2411 -1589 -1678
720 -2989 -1356 4428 3065 -1776 3030 -3365 -2024 -4964 -2061 -2195 -1850 -1810 -3589 -926 -1209 -2019 -2972 2139 -1108 -2933 2312 5023 2182 799 -4585 472 -1626 -548 -2258 -1360 -615 -819 875 -2767 2078 -2833 3049 -4172 -541 2264 1837 1804 5754 -2908 -1150 -3389 2440 -2540 -195 2002 1244 2809 -1549 403 -1029 -2254 -2921 1912 -2361 -2663 -1916 -2045
720 -2989 -1356 4428 3065 -1776 3030 -3365 -2024 -4964 -2061 -2195 -1850 -1810 -3589 -926 -1209 -2019 -2972 2139 -1108 -2933 2312 5023 2182 799 -4585 472 -1626 -548 -2258 -1360 -615 -819 875 -2767 2078 -2833 3049 -4172 -541 2264 1837 1804 5754 -2908 -1150 -3389 2440 -2540 -195 2002 1244 2809 -1549 403 -1029 -2254 -2921 1912 -2361 -2663 -1916 -2045
720 -2989 -1356 4428 3065 -1776 3030 -3365 -2024 -4964 -2061 -2195 -1850 -1810 -3589 -926 -1209 -2019 -2972 2139 -1108 -2933 2312 5023 2182 799 -4585 472 -1626 -548 -2258 -1360 -615 -819 875 -2767 2078 -2833 3049 -4172 -541 2264 1837 1804 5754 -2908 -1150 -3389 2440 -2540 -195 2002 1244 2809 -1549 403 -1029 -2254 -2921 1912 -2361 -2663 -1916 -2045
720 -2989 -1356 4428 3065 -1776 3030 -3365 -2024 -4964 -2061 -2195 -1850 -1810 -3589 -926 -1209 -2019 -2972 2139 -1108 -2933 2312 5023 2182 799 -4585 472 -1626 -548 -2258 -1360 -615 -819 875 -2767 2078 -2833 3049 -4172 -541 2264 1837 1804 5754 -2908 -1150 -3389 2440 -2540 -195 2002 1244 2809 -1549 403 -1029 -2254 -2921 1912 -2361 -2663 -1916 -2045
720 -2989 -1356 4428 3065 -1776 3030 -3365 -2024 -4964 -2061 -2195 -1850 -1810 -3589 -926 -1209 -2019 -2972 2139 -1108 -2933 2312 5023 2182 799 -4585 472 -1626 -548 -2258 -1360 -615 -819 875 -2767 2078 -2833 3049 -4172 -541 2264 1837 1804 5754 -2908 -1150 -3389 2440 -2540 -195 2002 1244 2809 -1549 403 -1029 -2254 -2921 1912 -2361 -2663 -1916 -2045
573 -4016 -1853 4454 2381 -1396 3067 -2447 -1885 -3885 -2745 -1902 -1459 -1238 -3875 17 -1060 -1970 -2441 2290 -1353 -2751 1636 4672 1399 1627 -3900 -2273 -1111 320 -2686 -2158 -529 -900 1568 -2403 3124 -4890 1221 -4484 235 2413 1331 97 4877 -4766 -2513 -2514 1784 -1268 -743 1182 1048 2713 -906 -1296 -2133 -2217 -2557 1271 -2518 -3025 -3027 -2519
1385 -4380 -1561 6287 -22 54 2592 -779 -1325 -2189 -4754 -228 -373 -291 -4069 518 -519 -1459 -2030 1460 -509 -1878 -11 3966 801 228 -3324 -5311 771 1163 -2689 -1460 -2241 -445 2307 -1920 6009 -5464 161 -4464 -97 2230 2399 -1290 3538 -4470 -4953 -304 -1832 -368 -478 -370 1665 2126 174 -1703 -1551 -3283 -3699 1378 -818 -919 -4106 -2690
1774 -3357 -706 6917 633 557 3064 -688 -1562 -1653 -4619 830 -896 -274 -3931 181 -353 -1668 -2031 1326 228 -2587 -542 3283 239 -70 -2676 -6038 1850 1543 -1873 -1071 -2281 518 2780 -2764 5936 -4513 -499 -5438 -35 2101 2862 -651 3742 -4815 -5024 177 -2126 -40 -1218 -336 1244 2028 938 -1654 -1307 -3298 -3852 1807 -1316 -927 -4652 -2599
1795 -4069 -3030 6946 263 1085 2321 11 -2410 -2176 -4863 201 -1250 -500 -3786 -4 -1004 -1477 -1621 2158 93 -2006 -1582 2838 142 1279 -3110 -5979 390 796 -2937 -106 -2636 -840 2788 -3714 6058 -4641 -537 -5233 532 1046 2506 -82 2338 -4978 -4757 1173 -2509 -1148 -539 -892 1988 1316 447 -1156 -1687 -2789 -4323 2737 -2541 -1290 -5001 -2233
2054 -2227 197 5500 1733 -578 4318 -1985 -727 -3441 -3389 -805 -1639 -66 -3443 -204 -702 74 -1795 709 -305 -2436 -168 3796 29 342 -4399 -938 38 -1566 -351 699 -1512 482 1831 -3830 3716 -1547 2815 -5444 -611 1949 4105 764 4241 -1697 -2289 -2970 -499 -2842 1245 1883 1382 1204 -1151 1119 -949 -3695 -3629 2355 -1745 -1684 -3562 -1861
720 -2989 -1356 4428 3065 -1776 3030 -3365 -2024 -4964 -2061 -2195 -1850 -1810 -3589 -926 -1209 -2019 -2972 2139 -1108 -2933 2312 5023 2182 799 -4585 472 -1626 -548 -2258 -1360 -615 -819 875 -2767 2078 -2833 3049 -4172 -541 2264 1837 1804 5754 -2908 -1150 -3389 2440 -2540 -195 2002 1244 2809 -1549 403 -1029 -2254 -2921 1912 -2361 -2663 -1916 -2045
720 -2989 -1356 4428 3065 -1776 3030 -3365 -2024 -4964 -2061 -2195 -1850 -1810 -3589 -926 -1209 -2019 -2972 2139 -1108 -2933 2312 5023 2182 799 -4585 472 -1626 -548 -2258 -1360 -615 -819 875 -2767 2078 -2833 3049 -4172 -541 2264 1837 1804 5754 -2908 -1150 -3389 2440 -2540 -195 2002 1244 2809 -1549 403 -1029 -2254 -2921 1912 -2361 -2663 -1916 -2045
720 -2989 -1356 4428 3065 -1776 3030 -3365 -2024 -4964 -2061 -2195 -1850 -1810 -3589 -926 -1209 -2019 -2972 2139 -1108 -2933 2312 5023 2182 799 -4585 472 -1626 -548 -2258 -1360 -615 -819 875 -2767 2078 -2833 3049 -4172 -541 2264 1837 1804 5754 -2908 -1150 -3389 2440 -2540 -195 2002 1244 2809 -1549 403 -1029 -2254 -2921 1912 -2361 -2663 -1916 -2045
720 -2989 -1356 4428 3065 -1776 3030 -3365 -2024 -4964 -2061 -2195 -1850 -1810 -3589 -926 -1209 -2019 -2972 2139 -1108 -2933 2312 5023 2182 799 -4585 472 -1626 -548 -2258 -1360 -615 -819 875 -2767 2078 -2833 3049 -4172 -541 2264 1837 1804 5754 -2908 -1150 -3389 2440 -2540 -195 2002 1244 2809 -1549 403 -1029 -2254 -2921 1912 -2361 -2663 -1916 -2045
720 -2989 -1356 4428 3065 -1776 3030 -3365 -2024 -4964 -2061 -2195 -1850 -1810 -3589 -926 -1209 -2019 -2972 2139 -1108 -2933 2312 5023 2182 799 -4585 472 -1626 -548 -2258 -1360 -615 -819 875 -2767 2078 -2833 3049 -4172 -541 2264 1837 1804 5754 -2908 -1150 -3389 2440 -2540 -195 2002 1244 2809 -1549 403 -1029 -2254 -2921 1912 -2361 -2663 -1916 -2045
1068 -5009 2127 3158 -168 -34 2995 334 -904 -1526 -3508 -1634 1420 643 -5208 -474 -1004 -1745 -968 2791 -1494 -1206 -267 4196 -1200 3361 -2583 -1867 -1523 709 -483 1209 -639 523 1959 -1903 2449 -3876 902 -6638 -83 954 4169 2181 3403 -4543 -2565 -2519 -367 -808 -144 1032 -382 66 -156 16 -4324 -1224 208 677 -3527 -370 -2227 -1529
873 -2838 -1526 4915 2747 -1662 3065 -3305 -1779 -4668 -2361 -1920 -1762 -1629 -3699 -733 -964 -2033 -2766 1829 -769 -3145 2077 4724 2145 645 -4702 -55 -1217 -576 -2222 -1474 -712 -921 992 -2908 2612 -2960 2982 -4136 -293 2146 2073 1614 5563 -2679 -1547 -3210 2033 -2415 -283 1783 1565 2984 -1453 358 -786 -2518 -3308 1995 -2207 -2605 -2487 -1987
720 -2989 -1356 4428 3065 -1776 3030 -3365 -2024 -4964 -2061 -2195 -1850 -1810 -3589 -926 -1209 -2019 -2972 2139 -1108 -2933 2312 5023 2182 799 -4585 472 -1626 -548 -2258 -1360 -615 -819 875 -2767 2078 -2833 3049 -4172 -541 2264 1837 1804 5754 -2908 -1150 -3389 2440 -2540 -195 2002 1244 2809 -1549 403 -1029 -2254 -2921 1912 -2361 -2663 -1916 -2045
720 -2989 -1356 4428 3065 -1776 3030 -3365 -2024 -4964 -2061 -2195 -1850 -1810 -3589 -926 -1209 -2019 -2972 2139 -1108 -2933 2312 5023 2182 799 -4585 472 -1626 -548 -2258 -1360 -615 -819 875 -2767 2078 -2833 3049 -4172 -541 2264 1837 1804 5754 -2908 -1150 -3389 2440 -2540 -195 2002 1244 2809 -1549 403 -1029 -2254 -2921 1912 -2361 -2663 -1916 -2045
720 -2989 -1356 4428 3065 -1776 3030 -3365 -2024 -4964 -2061 -2195 -1850 -1810 -3589 -926 -1209 -2019 -2972 2139 -1108 -2933 2312 5023 2182 799 -4585 472 -1626 -548 -2258 -1360 -615 -819 875 -2767 2078 -2833 3049 -4172 -541 2264 1837 1804 5754 -2908 -1150 -3389 2440 -2540 -195 2002 1244 2809 -1549 403 -1029 -2254 -2921 1912 -2361 -2663 -1916 -2045
720 -2989 -1356 4428 3065 -1776 3030 -3365 -2024 -4964 -2061 -2195 -1850 -1810 -3589 -926 -1209 -2019 -2972 2139 -1108 -2933 2312 5023 2182 799 -4585 472 -1626 -548 -2258 -1360 -615 -819 875 -2767 2078 -2833 3049 -4172 -541 2264 1837 1804 5754 -2908 -1150 -3389 2440 -2540 -195 2002 1244 2809 -1549 403 -1029 -2254 -2921 1912 -2361 -2663 -1916 -2045
819 -3664 -3917 5103 1974 70 2453 -1875 -2995 -5166 -2558 -2628 -2189 -1468 -3229 -1189 -1787 -2320 -2569 4053 -282 -3028 1131 4396 2093 2160 -4426 -563 -3133 -806 -3313 169 -518 -2642 885 -3770 2351 -3044 2225 -4515 454 810 1060 2955 4082 -4215 -1589 -1081 1154 -2700 82 1071 1443 1947 -1714 1050 -2358 -1529 -2990 3199 -3767 -2394 -2834 -976
2163 -2483 149 6073 1073 104 4056 -1323 -884 -3412 -4048 -181 -1275 81 -3332 -150 -520 622 -2042 1199 -376 -2064 -775 4046 64 -108 -4126 -2046 150 -1327 -540 1083 -2140 458 2239 -3399 4960 -1833 2184 -5105 -1123 1879 4423 75 3846 -2074 -3573 -2147 -2351 -2709 1402 1145 1315 710 -624 659 -965 -3744 -3868 2105 -1017 -972 -3718 -2040
720 -2989 -1356 4428 3065 -1776 3030 -3365 -2024 -4964 -2061 -2195 -1850 -1810 -3589 -926 -1209 -2019 -2972 2139 -1108 -2933 2312 5023 2182 799 -4585 472 -1626 -548 -2258 -1360 -615 -819 875 -2767 2078 -2833 3049 -4172 -541 2264 1837 1804 5754 -2908 -1150 -3389 2440 -2540 -195 2002 1244 2809 -1549 403 -1029 -2254 -2921 1912 -2361 -2663 -1916 -2045
720 -2989 -1356 4428 3065 -1776 3030 -3365 -2024 -4964 -2061 -2195 -1850 -1810 -3589 -926 -1209 -2019 -2972 2139 -1108 -2933 2312 5023 2182 799 -4585 472 -1626 -548 -2258 -1360 -615 -819 875 -2767 2078 -2833 3049 -4172 -541 2264 1837 1804 5754 -2908 -1150 -3389 2440 -2540 -195 2002 1244 2809 -1549 403 -1029 -2254 -2921 1912 -2361 -2663 -1916 -2045
720 -2989 -1356 4428 3065 -1776 3030 -3365 -2024 -4964 -2061 -2195 -1850 -1810 -3589 -926 -1209 -2019 -2972 2139 -1108 -2933 2312 5023 2182 799 -4585 472 -1626 -548 -2258 -1360 -615 -819 875 -2767 2078 -2833 3049 -4172 -541 2264 1837 1804 5754 -2908 -1150 -3389 2440 -2540 -195 2002 1244 2809 -1549 403 -1029 -2254 -2921 1912 -2361 -2663 -1916 -2045
720 -2989 -1356 4428 3065 -1776 3030 -3365 -2024 -4964 -2061 -2195 -1850 -1810 -3589 -926 -1209 -2019 -2972 2139 -1108 -2933 2312 5023 2182 799 -4585 472 -1626 -548 -2258 -1360 -615 -819 875 -2767 2078 -2833 3049 -4172 -541 2264 1837 1804 5754 -2908 -1150 -3389 2440 -2540 -195 2002 1244 2809 -1549 403 -1029 -2254 -2921 1912 -2361 -2663 -1916 -2045
645 -3245 -2228 4642 3143 -1613 2940 -2790 -2401 -5080 -1889 -2227 -2231 -2051 -3854 -1033 -1506 -1690 -3004 2259 -1398 -2810 1892 4634 1960 1401 -4799 563 -2273 -809 -2684 -1072 -877 -1286 1305 -3420 2390 -2881 2845 -3942 -315 1973 1601 1754 5097 -3131 -1134 -3321 2144 -3000 50 1580 1484 2539 -2009 253 -1382 -2111 -2934 2238 -2631 -3119 -2055 -2368
2204 -5207 3532 3084 -446 -398 3748 1165 -999 -1580 -2762 -233 941 505 -5478 -731 -748 1278 -848 1327 -3220 -174 -1428 4147 -2864 2585 -3011 -1138 -1384 -735 -96 2627 -2269 1724 3086 -2191 3430 -2484 1180 -6415 -1349 1265 5660 371 2294 -3118 -2730 -3388 -2639 -2253 1673 977 -476 -1388 213 -10 -3567 -1671 -733 271 -1821 -111 -1540 -2333
800 -3010 -1404 4560 2879 -1745 3042 -3334 -1967 -4877 -2135 -2135 -1773 -1744 -3629 -853 -1123 -2017 -2873 2029 -1030 -2985 2224 4970 2139 777 -4625 366 -1558 -588 -2285 -1389 -672 -867 907 -2752 2248 -2907 3083 -4145 -450 2218 1888 1744 5669 -2830 -1294 -3336 2322 -2518 -208 1941 1361 2864 -1594 382 -980 -2326 -3024 1946 -2302 -2653 -2043 -2045
720 -2989 -1356 4428 3065 -1776 3030 -3365 -2024 -4964 -2061 -2195 -1850 -1810 -3589 -926 -1209 -2019 -2972 2139 -1108 -2933 2312 5023 2182 799 -4585 472 -1626 -548 -2258 -1360 -615 -819 875 -2767 2078 -2833 3049 -4172 -541 2264 1837 1804 5754 -2908 -1150 -3389 2440 -2540 -195 2002 1244 2809 -1549 403 -1029 -2254 -2921 1912 -2361 -2663 -1916 -2045
720 -2989 -1356 4428 3065 -1776 3030 -3365 -2024 -4964 -2061 -2195 -1850 -1810 -3589 -926 -1209 -2019 -2972 2139 -1108 -2933 2312 5023 2182 799 -4585 472 -1626 -548 -2258 -1360 -615 -819 875 -2767 2078 -2833 3049 -4172 -541 2264 1837 1804 5754 -2908 -1150 -3389 2440 -2540 -195 2002 1244 2809 -1549 403 -1029 -2254 -2921 1912 -2361 -2663 -1916 -2045
720 -2989 -1356 4428 3065 -1776 3030 -3365 -2024 -4964 -2061 -2195 -1850 -1810 -3589 -926 -1209 -2019 -2972 2139 -1108 -2933 2312 5023 2182 799 -4585 472 -1626 -548 -2258 -1360 -615 -819 875 -2767 2078 -2833 3049 -4172 -541 2264 1837 1804 5754 -2908 -1150 -3389 2440 -2540 -195 2002 1244 2809 -1549 403 -1029 -2254 -2921 1912 -2361 -2663 -1916 -2045
720 -2989 -1356 4428 3065 -1776 3030 -3365 -2024 -4964 -2061 -2195 -1850 -1810 -3589 -926 -1209 -2019 -2972 2139 -1108 -2933 2312 5023 2182 799 -4585 472 -1626 -548 -2258 -1360 -615 -819 875 -2767 2078 -2833 3049 -4172 -541 2264 1837 1804 5754 -2908 -1150 -3389 2440 -2540 -195 2002 1244 2809 -1549 403 -1029 -2254 -2921 1912 -2361 -2663 -1916 -2045
1023 -3939 -2802 5431 1854 -495 2957 -2960 -2073 -4398 -3609 -1448 -1631 -536 -2977 59 -761 -2902 -2607 3592 392 -3051 1009 4839 1896 1326 -3313 -3978 -375 1621 -3024 -1551 -924 -1627 1197 -2645 2778 -4735 950 -5489 767 1786 1130 1207 5253 -4982 -3041 544 2213 -262 -984 1044 853 2377 -508 -761 -1725 -3001 -3651 3128 -2788 -1987 -3445 -1024
2306 -2936 -214 6515 1070 143 3680 -1427 -1466 -3432 -4203 433 -1222 -380 -3395 -301 -399 -323 -2071 1269 -29 -3025 -604 3883 438 -334 -3862 -2805 231 -831 -1086 -173 -2321 525 2554 -3342 5403 -2558 1615 -5085 -786 1872 3684 96 4352 -2633 -4189 -1593 -2476 -2479 523 784 1568 1424 136 187 -234 -3511 -3899 1917 -965 -1056 -3888 -2161
720 -2989 -1356 4428 3065 -1776 3030 -3365 -2024 -4964 -2061 -2195 -1850 -1810 -3589 -926 -1209 -2019 -2972 2139 -1108 -2933 2312 5023 2182 799 -4585 472 -1626 -548 -2258 -1360 -615 -819 875 -2767 2078 -2833 3049 -4172 -541 2264 1837 1804 5754 -2908 -1150 -3389 2440 -2540 -195 2002 1244 2809 -1549 403 -1029 -2254 -2921 1912 -2361 -2663 -1916 -2045
720 -2989 -1356 4428 3065 -1776 3030 -3365 -2024 -4964 -2061 -2195 -1850 -1810 -3589 -926 -1209 -2019 -2972 2139 -1108 -2933 2312 5023 2182 799 -4585 472 -1626 -548 -2258 -1360 -615 -819 875 -2767 2078 -2833 3049 -4172 -541 2264 1837 1804 5754 -2908 -1150 -3389 2440 -2540 -195 2002 1244 2809 -1549 403 -1029 -2254 -2921 1912 -2361 -2663 -1916 -2045
720 -2989 -1356 4428 3065 -1776 3030 -3365 -2024 -4964 -2061 -2195 -1850 -1810 -3589 -926 -1209 -2019 -2972 2139 -1108 -2933 2312 5023 2182 799 -4585 472 -1626 -548 -2258 -1360 -615 -819 875 -2767 2078 -2833 3049 -4172 -541 2264 1837 1804 5754 -2908 -1150 -3389 2440 -2540 -195 2002 1244 2809 -1549 403 -1029 -2254 -2921 1912 -2361 -2663 -1916 -2045
