-64 -761 -761 -761 -761 -761 -761 -761 -761 -252 -567 -761 -761 -761 -761 -761 -555 -918 -803 -71 -1203 -761 -761 -761 -761 -761 145 -814 -761 -761 -761 -761 796 -1186 -761 -761 -761 -761 -458 -802 -786 -761 -761 -761 -761 15 -1239 -761 -761 -761
1832 1073 1073 1073 1073 1073 1073 1073 1073 1327 1238 1073 1073 1073 1073 1073 1135 529 559 952 794 1073 1073 1073 1073 1073 1849 1046 1073 1073 1073 1073 1971 688 1073 1073 1073 1073 1181 989 1057 1073 1073 1073 1073 1382 607 1073 1073 1073
1832 1073 1073 1073 1073 1073 1073 1073 1073 1327 1238 1073 1073 1073 1073 1073 1135 529 559 952 794 1073 1073 1073 1073 1073 1849 1046 1073 1073 1073 1073 1971 688 1073 1073 1073 1073 1181 989 1057 1073 1073 1073 1073 1382 607 1073 1073 1073
1832 1073 1073 1073 1073 1073 1073 1073 1073 1327 1238 1073 1073 1073 1073 1073 1135 529 559 952 794 1073 1073 1073 1073 1073 1849 1046 1073 1073 1073 1073 1971 688 1073 1073 1073 1073 1181 989 1057 1073 1073 1073 1073 1382 607 1073 1073 1073
1832 1073 1073 1073 1073 1073 1073 1073 1073 1327 1238 1073 1073 1073 1073 1073 1135 529 559 952 794 1073 1073 1073 1073 1073 1849 1046 1073 1073 1073 1073 1971 688 1073 1073 1073 1073 1181 989 1057 1073 1073 1073 1073 1382 607 1073 1073 1073
1832 1073 1073 1073 1073 1073 1073 1073 1073 1327 1238 1073 1073 1073 1073 1073 1135 529 559 952 794 1073 1073 1073 1073 1073 1849 1046 1073 1073 1073 1073 1971 688 1073 1073 1073 1073 1181 989 1057 1073 1073 1073 1073 1382 607 1073 1073 1073
1832 1073 1073 1073 1073 1073 1073 1073 1073 1327 1238 1073 1073 1073 1073 1073 1135 529 559 952 794 1073 1073 1073 1073 1073 1849 1046 1073 1073 1073 1073 1971 688 1073 1073 1073 1073 1181 989 1057 1073 1073 1073 1073 1382 607 1073 1073 1073
1832 1073 1073 1073 1073 1073 1073 1073 1073 1327 1238 1073 1073 1073 1073 1073 1135 529 559 952 794 1073 1073 1073 1073 1073 1849 1046 1073 1073 1073 1073 1971 688 1073 1073 1073 1073 1181 989 1057 1073 1073 1073 1073 1382 607 1073 1073 1073
1832 1073 1073 1073 1073 1073 1073 1073 1073 1327 1238 1073 1073 1073 1073 1073 1135 529 559 952 794 1073 1073 1073 1073 1073 1849 1046 1073 1073 1073 1073 1971 688 1073 1073 1073 1073 1181 989 1057 1073 1073 1073 1073 1382 607 1073 1073 1073
1777 1096 1096 1096 1096 1096 1096 1096 1096 1303 1260 1096 1096 1096 1096 1096 1085 529 619 972 837 1096 1096 1096 1096 1096 1782 1075 1096 1096 1096 1096 1934 772 1096 1096 1096 1096 1200 992 1078 1096 1096 1096 1096 1346 667 1096 1096 1096
1413 984 984 984 984 984 984 984 984 1128 1061 984 984 984 984 984 925 330 473 638 741 984 984 984 984 984 1558 941 984 984 984 984 1613 682 984 984 984 984 1017 866 964 984 984 984 984 1075 560 984 984 984
1832 1073 1073 1073 1073 1073 1073 1073 1073 1327 1238 1073 1073 1073 1073 1073 1135 529 559 952 794 1073 1073 1073 1073 1073 1849 1046 1073 1073 1073 1073 1971 688 1073 1073 1073 1073 1181 989 1057 1073 1073 1073 1073 1382 607 1073 1073 1073
1832 1073 1073 1073 1073 1073 1073 1073 1073 1327 1238 1073 1073 1073 1073 1073 1135 529 559 952 794 1073 1073 1073 1073 1073 1849 1046 1073 1073 1073 1073 1971 688 1073 1073 1073 1073 1181 989 1057 1073 1073 1073 1073 1382 607 1073 1073 1073
1832 1073 1073 1073 1073 1073 1073 1073 1073 1327 1238 1073 1073 1073 1073 1073 1135 529 559 952 794 1073 1073 1073 1073 1073 1849 1046 1073 1073 1073 1073 1971 688 1073 1073 1073 1073 1181 989 1057 1073 1073 1073 1073 1382 607 1073 1073 1073
1832 1073 1073 1073 1073 1073 1073 1073 1073 1327 1238 1073 1073 1073 1073 1073 1135 529 559 952 794 1073 1073 1073 1073 1073 1849 1046 1073 1073 1073 1073 1971 688 1073 1073 1073 1073 1181 989 1057 1073 1073 1073 1073 1382 607 1073 1073 1073
1832 1073 1073 1073 1073 1073 1073 1073 1073 1327 1238 1073 1073 1073 1073 1073 1135 529 559 952 794 1073 1073 1073 1073 1073 1849 1046 1073 1073 1073 1073 1971 688 1073 1073 1073 1073 1181 989 1057 1073 1073 1073 1073 1382 607 1073 1073 1073
1257 16 16 16 16 16 16 16 16 451 397 16 16 16 16 16 182 -237 -163 452 -328 16 16 16 16 16 1547 -1 16 16 16 16 1343 -414 16 16 16 16 243 531 5 16 16 16 16 574 -410 16 16 16
-301 -1591 -1591 -1591 -1591 -1591 -1591 -1591 -1591 -1003 -1088 -1591 -1591 -1591 -1591 -1591 -1262 -1604 -1512 -689 -1986 -1591 -1591 -1591 -1591 -1591 298 -1641 -1591 -1591 -1591 -1591 160 -2086 -1591 -1591 -1591 -1591 -1248 -651 -1605 -1591 -1591 -1591 -1591 -600 -2023 -1591 -1591 -1591
-281 -1596 -1596 -1596 -1596 -1596 -1596 -1596 -1596 -947 -1169 -1596 -1596 -1596 -1596 -1596 -1207 -1544 -1428 -529 -2030 -1596 -1596 -1596 -1596 -1596 349 -1681 -1596 -1596 -1596 -1596 268 -2058 -1596 -1596 -1596 -1596 -1217 -613 -1624 -1596 -1596 -1596 -1596 -514 -1995 -1596 -1596 -1596
-299 -1538 -1538 -1538 -1538 -1538 -1538 -1538 -1538 -987 -1240 -1538 -1538 -1538 -1538 -1538 -1111 -1226 -1071 -184 -1902 -1538 -1538 -1538 -1538 -1538 152 -1579 -1538 -1538 -1538 -1538 331 -1822 -1538 -1538 -1538 -1538 -1168 -830 -1559 -1538 -1538 -1538 -1538 -219 -1778 -1538 -1538 -1538
518 -191 -191 -191 -191 -191 -191 -191 -191 219 -46 -191 -191 -191 -191 -191 -29 -600 -437 24 -559 -191 -191 -191 -191 -191 926 -293 -191 -191 -191 -191 979 -542 -191 -191 -191 -191 3 234 -223 -191 -191 -191 -191 222 -561 -191 -191 -191
1832 1073 1073 1073 1073 1073 1073 1073 1073 1327 1238 1073 1073 1073 1073 1073 1135 529 559 952 794 1073 1073 1073 1073 1073 1849 1046 1073 1073 1073 1073 1971 688 1073 1073 1073 1073 1181 989 1057 1073 1073 1073 1073 1382 607 1073 1073 1073
1832 1073 1073 1073 1073 1073 1073 1073 1073 1327 1238 1073 1073 1073 1073 1073 1135 529 559 952 794 1073 1073 1073 1073 1073 1849 1046 1073 1073 1073 1073 1971 688 1073 1073 1073 1073 1181 989 1057 1073 1073 1073 1073 1382 607 1073 1073 1073
1832 1073 1073 1073 1073 1073 1073 1073 1073 1327 1238 1073 1073 1073 1073 1073 1135 529 559 952 794 1073 1073 1073 1073 1073 1849 1046 1073 1073 1073 1073 1971 688 1073 1073 1073 1073 1181 989 1057 1073 1073 1073 1073 1382 607 1073 1073 1073
1832 1073 1073 1073 1073 1073 1073 1073 1073 1327 1238 1073 1073 1073 1073 1073 1135 529 559 952 794 1073 1073 1073 1073 1073 1849 1046 1073 1073 1073 1073 1971 688 1073 1073 1073 1073 1181 989 1057 1073 1073 1073 1073 1382 607 1073 1073 1073
1832 1073 1073 1073 1073 1073 1073 1073 1073 1327 1238 1073 1073 1073 1073 1073 1135 529 559 952 794 1073 1073 1073 1073 1073 1849 1046 1073 1073 1073 1073 1971 688 1073 1073 1073 1073 1181 989 1057 1073 1073 1073 1073 1382 607 1073 1073 1073
263 -570 -570 -570 -570 -570 -570 -570 -570 -94 -389 -570 -570 -570 -570 -570 -327 -660 -630 64 -900 -570 -570 -570 -570 -570 367 -608 -570 -570 -570 -570 838 -921 -570 -570 -570 -570 -320 -607 -590 -570 -570 -570 -570 134 -981 -570 -570 -570
1627 918 918 918 918 918 918 918 918 1195 1083 918 918 918 918 918 962 335 374 796 580 918 918 918 918 918 1680 880 918 918 918 918 1884 476 918 918 918 918 1043 819 900 918 918 918 918 1249 424 918 918 918
1832 1073 1073 1073 1073 1073 1073 1073 1073 1327 1238 1073 1073 1073 1073 1073 1135 529 559 952 794 1073 1073 1073 1073 1073 1849 1046 1073 1073 1073 1073 1971 688 1073 1073 1073 1073 1181 989 1057 1073 1073 1073 1073 1382 607 1073 1073 1073
1832 1073 1073 1073 1073 1073 1073 1073 1073 1327 1238 1073 1073 1073 1073 1073 1135 529 559 952 794 1073 1073 1073 1073 1073 1849 1046 1073 1073 1073 1073 1971 688 1073 1073 1073 1073 1181 989 1057 1073 1073 1073 1073 1382 607 1073 1073 1073
1832 1073 1073 1073 1073 1073 1073 1073 1073 1327 1238 1073 1073 1073 1073 1073 1135 529 559 952 794 1073 1073 1073 1073 1073 1849 1046 1073 1073 1073 1073 1971 688 1073 1073 1073 1073 1181 989 1057 1073 1073 1073 1073 1382 607 1073 1073 1073
1832 1073 1073 1073 1073 1073 1073 1073 1073 1327 1238 1073 1073 1073 1073 1073 1135 529 559 952 794 1073 1073 1073 1073 1073 1849 1046 1073 1073 1073 1073 1971 688 1073 1073 1073 1073 1181 989 1057 1073 1073 1073 1073 1382 607 1073 1073 1073
1818 1108 1108 1108 1108 1108 1108 1108 1108 1283 1098 1108 1108 1108 1108 1108 1237 934 991 1509 872 1108 1108 1108 1108 1108 1466 1137 1108 1108 1108 1108 2176 879 1108 1108 1108 1108 1242 443 1093 1108 1108 1108 1108 1915 777 1108 1108 1108
87 -708 -708 -708 -708 -708 -708 -708 -708 -221 -442 -708 -708 -708 -708 -708 -457 -999 -838 -270 -1044 -708 -708 -708 -708 -708 623 -817 -708 -708 -708 -708 652 -1064 -708 -708 -708 -708 -449 -27 -740 -708 -708 -708 -708 -105 -1096 -708 -708 -708
1832 1073 1073 1073 1073 1073 1073 1073 1073 1327 1238 1073 1073 1073 1073 1073 1135 529 559 952 794 1073 1073 1073 1073 1073 1849 1046 1073 1073 1073 1073 1971 688 1073 1073 1073 1073 1181 989 1057 1073 1073 1073 1073 1382 607 1073 1073 1073
1832 1073 1073 1073 1073 1073 1073 1073 1073 1327 1238 1073 1073 1073 1073 1073 1135 529 559 952 794 1073 1073 1073 1073 1073 1849 1046 1073 1073 1073 1073 1971 688 1073 1073 1073 1073 1181 989 1057 1073 1073 1073 1073 1382 607 1073 1073 1073
1832 1073 1073 1073 1073 1073 1073 1073 1073 1327 1238 1073 1073 1073 1073 1073 1135 529 559 952 794 1073 1073 1073 1073 1073 1849 1046 1073 1073 1073 1073 1971 688 1073 1073 1073 1073 1181 989 1057 1073 1073 1073 1073 1382 607 1073 1073 1073
1832 1073 1073 1073 1073 1073 1073 1073 1073 1327 1238 1073 1073 1073 1073 1073 1135 529 559 952 794 1073 1073 1073 1073 1073 1849 1046 1073 1073 1073 1073 1971 688 1073 1073 1073 1073 1181 989 1057 1073 1073 1073 1073 1382 607 1073 1073 1073
1869 1081 1081 1081 1081 1081 1081 1081 1081 1305 1243 1081 1081 1081 1081 1081 1141 617 702 1065 843 1081 1081 1081 1081 1081 1924 1061 1081 1081 1081 1081 1970 794 1081 1081 1081 1081 1191 1119 1066 1081 1081 1081 1081 1420 703 1081 1081 1081
-455 -1399 -1399 -1399 -1399 -1399 -1399 -1399 -1399 -882 -1102 -1399 -1399 -1399 -1399 -1399 -1034 -1304 -1150 -618 -1561 -1399 -1399 -1399 -1399 -1399 183 -1486 -1399 -1399 -1399 -1399 -76 -1497 -1399 -1399 -1399 -1399 -1139 -379 -1420 -1399 -1399 -1399 -1399 -827 -1590 -1399 -1399 -1399
1747 1011 1011 1011 1011 1011 1011 1011 1011 1266 1175 1011 1011 1011 1011 1011 1062 450 479 878 715 1011 1011 1011 1011 1011 1767 981 1011 1011 1011 1011 1922 607 1011 1011 1011 1011 1121 912 995 1011 1011 1011 1011 1326 535 1011 1011 1011
1832 1073 1073 1073 1073 1073 1073 1073 1073 1327 1238 1073 1073 1073 1073 1073 1135 529 559 952 794 1073 1073 1073 1073 1073 1849 1046 1073 1073 1073 1073 1971 688 1073 1073 1073 1073 1181 989 1057 1073 1073 1073 1073 1382 607 1073 1073 1073
1832 1073 1073 1073 1073 1073 1073 1073 1073 1327 1238 1073 1073 1073 1073 1073 1135 529 559 952 794 1073 1073 1073 1073 1073 1849 1046 1073 1073 1073 1073 1971 688 1073 1073 1073 1073 1181 989 1057 1073 1073 1073 1073 1382 607 1073 1073 1073
1832 1073 1073 1073 1073 1073 1073 1073 1073 1327 1238 1073 1073 1073 1073 1073 1135 529 559 952 794 1073 1073 1073 1073 1073 1849 1046 1073 1073 1073 1073 1971 688 1073 1073 1073 1073 1181 989 1057 1073 1073 1073 1073 1382 607 1073 1073 1073
1832 1073 1073 1073 1073 1073 1073 1073 1073 1327 1238 1073 1073 1073 1073 1073 1135 529 559 952 794 1073 1073 1073 1073 1073 1849 1046 1073 1073 1073 1073 1971 688 1073 1073 1073 1073 1181 989 1057 1073 1073 1073 1073 1382 607 1073 1073 1073
1531 192 192 192 192 192 192 192 192 595 333 192 192 192 192 192 554 330 329 1129 -143 192 192 192 192 192 1417 210 192 192 192 192 1769 -164 192 192 192 192 434 126 182 192 192 192 192 1408 -129 192 192 192
174 -729 -729 -729 -729 -729 -729 -729 -729 -202 -428 -729 -729 -729 -729 -729 -481 -1050 -935 -255 -1123 -729 -729 -729 -729 -729 658 -844 -729 -729 -729 -729 761 -1161 -729 -729 -729 -729 -439 -50 -764 -729 -729 -729 -729 -33 -1167 -729 -729 -729
1832 1073 1073 1073 1073 1073 1073 1073 1073 1327 1238 1073 1073 1073 1073 1073 1135 529 559 952 794 1073 1073 1073 1073 1073 1849 1046 1073 1073 1073 1073 1971 688 1073 1073 1073 1073 1181 989 1057 1073 1073 1073 1073 1382 607 1073 1073 1073
1832 1073 1073 1073 1073 1073 1073 1073 1073 1327 1238 1073 1073 1073 1073 1073 1135 529 559 952 794 1073 1073 1073 1073 1073 1849 1046 1073 1073 1073 1073 1971 688 1073 1073 1073 1073 1181 989 1057 1073 1073 1073 1073 1382 607 1073 1073 1073
1832 1073 1073 1073 1073 1073 1073 1073 1073 1327 1238 1073 1073 1073 1073 1073 1135 529 559 952 794 1073 1073 1073 1073 1073 1849 1046 1073 1073 1073 1073 1971 688 1073 1073 1073 1073 1181 989 1057 1073 1073 1073 1073 1382 607 1073 1073 1073
