-1322 -658 -658 -658 -658 -658 -658 -658 -658 -442 -743 -658 -658 -658 -658 -658 -850 -1230 -1356 -1092 -1572 -658 -658 -658 -658 -658 -764 -723 -658 -658 -658 -658 -377 -1785 -658 -658 -658 -658 -492 -1446 -671 -658 -658 -658 -658 -966 -1499 -658 -658 -658
-768 456 456 456 456 456 456 456 456 278 229 456 456 456 456 456 186 -140 -372 -437 -687 456 456 456 456 456 -263 355 456 456 456 456 152 -747 456 456 456 456 386 -538 444 456 456 456 456 160 -341 456 456 456
-768 456 456 456 456 456 456 456 456 278 229 456 456 456 456 456 186 -140 -372 -437 -687 456 456 456 456 456 -263 355 456 456 456 456 152 -747 456 456 456 456 386 -538 444 456 456 456 456 160 -341 456 456 456
-768 456 456 456 456 456 456 456 456 278 229 456 456 456 456 456 186 -140 -372 -437 -687 456 456 456 456 456 -263 355 456 456 456 456 152 -747 456 456 456 456 386 -538 444 456 456 456 456 160 -341 456 456 456
-768 456 456 456 456 456 456 456 456 278 229 456 456 456 456 456 186 -140 -372 -437 -687 456 456 456 456 456 -263 355 456 456 456 456 152 -747 456 456 456 456 386 -538 444 456 456 456 456 160 -341 456 456 456
-768 456 456 456 456 456 456 456 456 278 229 456 456 456 456 456 186 -140 -372 -437 -687 456 456 456 456 456 -263 355 456 456 456 456 152 -747 456 456 456 456 386 -538 444 456 456 456 456 160 -341 456 456 456
-768 456 456 456 456 456 456 456 456 278 229 456 456 456 456 456 186 -140 -372 -437 -687 456 456 456 456 456 -263 355 456 456 456 456 152 -747 456 456 456 456 386 -538 444 456 456 456 456 160 -341 456 456 456
-768 456 456 456 456 456 456 456 456 278 229 456 456 456 456 456 186 -140 -372 -437 -687 456 456 456 456 456 -263 355 456 456 456 456 152 -747 456 456 456 456 386 -538 444 456 456 456 456 160 -341 456 456 456
-768 456 456 456 456 456 456 456 456 278 229 456 456 456 456 456 186 -140 -372 -437 -687 456 456 456 456 456 -263 355 456 456 456 456 152 -747 456 456 456 456 386 -538 444 456 456 456 456 160 -341 456 456 456
-763 581 581 581 581 581 581 581 581 467 448 581 581 581 581 581 137 -451 -681 -675 -658 581 581 581 581 581 -296 480 581 581 581 581 283 -883 581 581 581 581 558 -745 566 581 581 581 581 65 -502 581 581 581
-233 1169 1169 1169 1169 1169 1169 1169 1169 1071 1070 1169 1169 1169 1169 1169 623 -72 -390 -363 -194 1169 1169 1169 1169 1169 154 1051 1169 1169 1169 1169 833 -441 1169 1169 1169 1169 1164 -304 1153 1169 1169 1169 1169 498 -70 1169 1169 1169
-768 456 456 456 456 456 456 456 456 278 229 456 456 456 456 456 186 -140 -372 -437 -687 456 456 456 456 456 -263 355 456 456 456 456 152 -747 456 456 456 456 386 -538 444 456 456 456 456 160 -341 456 456 456
-768 456 456 456 456 456 456 456 456 278 229 456 456 456 456 456 186 -140 -372 -437 -687 456 456 456 456 456 -263 355 456 456 456 456 152 -747 456 456 456 456 386 -538 444 456 456 456 456 160 -341 456 456 456
-768 456 456 456 456 456 456 456 456 278 229 456 456 456 456 456 186 -140 -372 -437 -687 456 456 456 456 456 -263 355 456 456 456 456 152 -747 456 456 456 456 386 -538 444 456 456 456 456 160 -341 456 456 456
-768 456 456 456 456 456 456 456 456 278 229 456 456 456 456 456 186 -140 -372 -437 -687 456 456 456 456 456 -263 355 456 456 456 456 152 -747 456 456 456 456 386 -538 444 456 456 456 456 160 -341 456 456 456
-768 456 456 456 456 456 456 456 456 278 229 456 456 456 456 456 186 -140 -372 -437 -687 456 456 456 456 456 -263 355 456 456 456 456 152 -747 456 456 456 456 386 -538 444 456 456 456 456 160 -341 456 456 456
-1923 -755 -755 -755 -755 -755 -755 -755 -755 -893 -996 -755 -755 -755 -755 -755 -939 -1091 -1147 -1204 -1597 -755 -755 -755 -755 -755 -1404 -823 -755 -755 -755 -755 -912 -1639 -755 -755 -755 -755 -799 -1588 -767 -755 -755 -755 -755 -830 -1294 -755 -755 -755
-3272 -2459 -2459 -2459 -2459 -2459 -2459 -2459 -2459 -2517 -2830 -2459 -2459 -2459 -2459 -2459 -2258 -2067 -1920 -2021 -3293 -2459 -2459 -2459 -2459 -2459 -1887 -2547 -2459 -2459 -2459 -2459 -2196 -3183 -2459 -2459 -2459 -2459 -2491 -2499 -2485 -2459 -2459 -2459 -2459 -1951 -2850 -2459 -2459 -2459
-3265 -2597 -2597 -2597 -2597 -2597 -2597 -2597 -2597 -2656 -3036 -2597 -2597 -2597 -2597 -2597 -2247 -1853 -1674 -1776 -3253 -2597 -2597 -2597 -2597 -2597 -1943 -2648 -2597 -2597 -2597 -2597 -2309 -3101 -2597 -2597 -2597 -2597 -2632 -2502 -2615 -2597 -2597 -2597 -2597 -1966 -2744 -2597 -2597 -2597
-2865 -2207 -2207 -2207 -2207 -2207 -2207 -2207 -2207 -2166 -2544 -2207 -2207 -2207 -2207 -2207 -2015 -1844 -1693 -1676 -2921 -2207 -2207 -2207 -2207 -2207 -1684 -2231 -2207 -2207 -2207 -2207 -1892 -2965 -2207 -2207 -2207 -2207 -2175 -2464 -2218 -2207 -2207 -2207 -2207 -1849 -2605 -2207 -2207 -2207
-1372 -147 -147 -147 -147 -147 -147 -147 -147 -145 -394 -147 -147 -147 -147 -147 -450 -863 -1120 -992 -1640 -147 -147 -147 -147 -147 -477 -295 -147 -147 -147 -147 -6 -1757 -147 -147 -147 -147 -103 -1217 -170 -147 -147 -147 -147 -308 -1335 -147 -147 -147
-768 456 456 456 456 456 456 456 456 278 229 456 456 456 456 456 186 -140 -372 -437 -687 456 456 456 456 456 -263 355 456 456 456 456 152 -747 456 456 456 456 386 -538 444 456 456 456 456 160 -341 456 456 456
-768 456 456 456 456 456 456 456 456 278 229 456 456 456 456 456 186 -140 -372 -437 -687 456 456 456 456 456 -263 355 456 456 456 456 152 -747 456 456 456 456 386 -538 444 456 456 456 456 160 -341 456 456 456
-768 456 456 456 456 456 456 456 456 278 229 456 456 456 456 456 186 -140 -372 -437 -687 456 456 456 456 456 -263 355 456 456 456 456 152 -747 456 456 456 456 386 -538 444 456 456 456 456 160 -341 456 456 456
-768 456 456 456 456 456 456 456 456 278 229 456 456 456 456 456 186 -140 -372 -437 -687 456 456 456 456 456 -263 355 456 456 456 456 152 -747 456 456 456 456 386 -538 444 456 456 456 456 160 -341 456 456 456
-768 456 456 456 456 456 456 456 456 278 229 456 456 456 456 456 186 -140 -372 -437 -687 456 456 456 456 456 -263 355 456 456 456 456 152 -747 456 456 456 456 386 -538 444 456 456 456 456 160 -341 456 456 456
-911 -187 -187 -187 -187 -187 -187 -187 -187 -26 -154 -187 -187 -187 -187 -187 -523 -866 -992 -829 -709 -187 -187 -187 -187 -187 -859 -232 -187 -187 -187 -187 -226 -855 -187 -187 -187 -187 -48 -905 -195 -187 -187 -187 -187 -823 -645 -187 -187 -187
-1083 151 151 151 151 151 151 151 151 -35 -118 151 151 151 151 151 -68 -349 -564 -638 -1030 151 151 151 151 151 -435 50 151 151 151 151 -88 -1081 151 151 151 151 71 -809 139 151 151 151 151 -33 -667 151 151 151
-768 456 456 456 456 456 456 456 456 278 229 456 456 456 456 456 186 -140 -372 -437 -687 456 456 456 456 456 -263 355 456 456 456 456 152 -747 456 456 456 456 386 -538 444 456 456 456 456 160 -341 456 456 456
-768 456 456 456 456 456 456 456 456 278 229 456 456 456 456 456 186 -140 -372 -437 -687 456 456 456 456 456 -263 355 456 456 456 456 152 -747 456 456 456 456 386 -538 444 456 456 456 456 160 -341 456 456 456
-768 456 456 456 456 456 456 456 456 278 229 456 456 456 456 456 186 -140 -372 -437 -687 456 456 456 456 456 -263 355 456 456 456 456 152 -747 456 456 456 456 386 -538 444 456 456 456 456 160 -341 456 456 456
-768 456 456 456 456 456 456 456 456 278 229 456 456 456 456 456 186 -140 -372 -437 -687 456 456 456 456 456 -263 355 456 456 456 456 152 -747 456 456 456 456 386 -538 444 456 456 456 456 160 -341 456 456 456
-563 525 525 525 525 525 525 525 525 453 384 525 525 525 525 525 207 -263 -478 -488 -519 525 525 525 525 525 -134 478 525 525 525 525 215 -772 525 525 525 525 516 -651 524 525 525 525 525 -45 -371 525 525 525
-1824 -729 -729 -729 -729 -729 -729 -729 -729 -688 -1005 -729 -729 -729 -729 -729 -907 -1249 -1393 -1271 -2185 -729 -729 -729 -729 -729 -639 -886 -729 -729 -729 -729 -429 -2284 -729 -729 -729 -729 -667 -1544 -761 -729 -729 -729 -729 -667 -1899 -729 -729 -729
-768 456 456 456 456 456 456 456 456 278 229 456 456 456 456 456 186 -140 -372 -437 -687 456 456 456 456 456 -263 355 456 456 456 456 152 -747 456 456 456 456 386 -538 444 456 456 456 456 160 -341 456 456 456
-768 456 456 456 456 456 456 456 456 278 229 456 456 456 456 456 186 -140 -372 -437 -687 456 456 456 456 456 -263 355 456 456 456 456 152 -747 456 456 456 456 386 -538 444 456 456 456 456 160 -341 456 456 456
-768 456 456 456 456 456 456 456 456 278 229 456 456 456 456 456 186 -140 -372 -437 -687 456 456 456 456 456 -263 355 456 456 456 456 152 -747 456 456 456 456 386 -538 444 456 456 456 456 160 -341 456 456 456
-768 456 456 456 456 456 456 456 456 278 229 456 456 456 456 456 186 -140 -372 -437 -687 456 456 456 456 456 -263 355 456 456 456 456 152 -747 456 456 456 456 386 -538 444 456 456 456 456 160 -341 456 456 456
-867 446 446 446 446 446 446 446 446 292 256 446 446 446 446 446 84 -362 -569 -609 -754 446 446 446 446 446 -337 345 446 446 446 446 151 -905 446 446 446 446 396 -728 432 446 446 446 446 73 -508 446 446 446
-892 -116 -116 -116 -116 -116 -116 -116 -116 136 -84 -116 -116 -116 -116 -116 -495 -1021 -1102 -822 -1031 -116 -116 -116 -116 -116 -488 -238 -116 -116 -116 -116 136 -1223 -116 -116 -116 -116 99 -902 -147 -116 -116 -116 -116 -538 -1020 -116 -116 -116
-861 377 377 377 377 377 377 377 377 195 141 377 377 377 377 377 114 -211 -438 -509 -786 377 377 377 377 377 -304 275 377 377 377 377 87 -848 377 377 377 377 304 -614 365 377 377 377 377 105 -440 377 377 377
-768 456 456 456 456 456 456 456 456 278 229 456 456 456 456 456 186 -140 -372 -437 -687 456 456 456 456 456 -263 355 456 456 456 456 152 -747 456 456 456 456 386 -538 444 456 456 456 456 160 -341 456 456 456
-768 456 456 456 456 456 456 456 456 278 229 456 456 456 456 456 186 -140 -372 -437 -687 456 456 456 456 456 -263 355 456 456 456 456 152 -747 456 456 456 456 386 -538 444 456 456 456 456 160 -341 456 456 456
-768 456 456 456 456 456 456 456 456 278 229 456 456 456 456 456 186 -140 -372 -437 -687 456 456 456 456 456 -263 355 456 456 456 456 152 -747 456 456 456 456 386 -538 444 456 456 456 456 160 -341 456 456 456
-768 456 456 456 456 456 456 456 456 278 229 456 456 456 456 456 186 -140 -372 -437 -687 456 456 456 456 456 -263 355 456 456 456 456 152 -747 456 456 456 456 386 -538 444 456 456 456 456 160 -341 456 456 456
-1838 -1139 -1139 -1139 -1139 -1139 -1139 -1139 -1139 -1259 -1442 -1139 -1139 -1139 -1139 -1139 -1055 -785 -803 -943 -1649 -1139 -1139 -1139 -1139 -1139 -1273 -1145 -1139 -1139 -1139 -1139 -1312 -1554 -1139 -1139 -1139 -1139 -1201 -1360 -1130 -1139 -1139 -1139 -1139 -1130 -1145 -1139 -1139 -1139
-1956 -1019 -1019 -1019 -1019 -1019 -1019 -1019 -1019 -1034 -1372 -1019 -1019 -1019 -1019 -1019 -982 -1125 -1195 -1135 -2277 -1019 -1019 -1019 -1019 -1019 -720 -1147 -1019 -1019 -1019 -1019 -709 -2308 -1019 -1019 -1019 -1019 -1003 -1585 -1047 -1019 -1019 -1019 -1019 -707 -1928 -1019 -1019 -1019
-768 456 456 456 456 456 456 456 456 278 229 456 456 456 456 456 186 -140 -372 -437 -687 456 456 456 456 456 -263 355 456 456 456 456 152 -747 456 456 456 456 386 -538 444 456 456 456 456 160 -341 456 456 456
-768 456 456 456 456 456 456 456 456 278 229 456 456 456 456 456 186 -140 -372 -437 -687 456 456 456 456 456 -263 355 456 456 456 456 152 -747 456 456 456 456 386 -538 444 456 456 456 456 160 -341 456 456 456
-768 456 456 456 456 456 456 456 456 278 229 456 456 456 456 456 186 -140 -372 -437 -687 456 456 456 456 456 -263 355 456 456 456 456 152 -747 456 456 456 456 386 -538 444 456 456 456 456 160 -341 456 456 456
