-1975 -2097 -2097 -2097 -2097 -2097 -2097 -2097 -2097 -2541 -2128 -2097 -2097 -2097 -2097 -2097 -2490 -2205 -2056 -2388 -2211 -2097 -2097 -2097 -2097 -2097 -1042 -2242 -2097 -2097 -2097 -2097 -2416 -2025 -2097 -2097 -2097 -2097 -2348 -840 -2125 -2097 -2097 -2097 -2097 -2152 -1996 -2097 -2097 -2097
-2590 -3375 -3375 -3375 -3375 -3375 -3375 -3375 -3375 -3735 -3416 -3375 -3375 -3375 -3375 -3375 -3082 -2148 -1797 -2304 -2969 -3375 -3375 -3375 -3375 -3375 -1300 -3484 -3375 -3375 -3375 -3375 -3702 -2481 -3375 -3375 -3375 -3375 -3563 -877 -3405 -3375 -3375 -3375 -3375 -2854 -2533 -3375 -3375 -3375
-2590 -3375 -3375 -3375 -3375 -3375 -3375 -3375 -3375 -3735 -3416 -3375 -3375 -3375 -3375 -3375 -3082 -2148 -1797 -2304 -2969 -3375 -3375 -3375 -3375 -3375 -1300 -3484 -3375 -3375 -3375 -3375 -3702 -2481 -3375 -3375 -3375 -3375 -3563 -877 -3405 -3375 -3375 -3375 -3375 -2854 -2533 -3375 -3375 -3375
-2590 -3375 -3375 -3375 -3375 -3375 -3375 -3375 -3375 -3735 -3416 -3375 -3375 -3375 -3375 -3375 -3082 -2148 -1797 -2304 -2969 -3375 -3375 -3375 -3375 -3375 -1300 -3484 -3375 -3375 -3375 -3375 -3702 -2481 -3375 -3375 -3375 -3375 -3563 -877 -3405 -3375 -3375 -3375 -3375 -2854 -2533 -3375 -3375 -3375
-2590 -3375 -3375 -3375 -3375 -3375 -3375 -3375 -3375 -3735 -3416 -3375 -3375 -3375 -3375 -3375 -3082 -2148 -1797 -2304 -2969 -3375 -3375 -3375 -3375 -3375 -1300 -3484 -3375 -3375 -3375 -3375 -3702 -2481 -3375 -3375 -3375 -3375 -3563 -877 -3405 -3375 -3375 -3375 -3375 -2854 -2533 -3375 -3375 -3375
-2590 -3375 -3375 -3375 -3375 -3375 -3375 -3375 -3375 -3735 -3416 -3375 -3375 -3375 -3375 -3375 -3082 -2148 -1797 -2304 -2969 -3375 -3375 -3375 -3375 -3375 -1300 -3484 -3375 -3375 -3375 -3375 -3702 -2481 -3375 -3375 -3375 -3375 -3563 -877 -3405 -3375 -3375 -3375 -3375 -2854 -2533 -3375 -3375 -3375
-2590 -3375 -3375 -3375 -3375 -3375 -3375 -3375 -3375 -3735 -3416 -3375 -3375 -3375 -3375 -3375 -3082 -2148 -1797 -2304 -2969 -3375 -3375 -3375 -3375 -3375 -1300 -3484 -3375 -3375 -3375 -3375 -3702 -2481 -3375 -3375 -3375 -3375 -3563 -877 -3405 -3375 -3375 -3375 -3375 -2854 -2533 -3375 -3375 -3375
-2590 -3375 -3375 -3375 -3375 -3375 -3375 -3375 -3375 -3735 -3416 -3375 -3375 -3375 -3375 -3375 -3082 -2148 -1797 -2304 -2969 -3375 -3375 -3375 -3375 -3375 -1300 -3484 -3375 -3375 -3375 -3375 -3702 -2481 -3375 -3375 -3375 -3375 -3563 -877 -3405 -3375 -3375 -3375 -3375 -2854 -2533 -3375 -3375 -3375
-2590 -3375 -3375 -3375 -3375 -3375 -3375 -3375 -3375 -3735 -3416 -3375 -3375 -3375 -3375 -3375 -3082 -2148 -1797 -2304 -2969 -3375 -3375 -3375 -3375 -3375 -1300 -3484 -3375 -3375 -3375 -3375 -3702 -2481 -3375 -3375 -3375 -3375 -3563 -877 -3405 -3375 -3375 -3375 -3375 -2854 -2533 -3375 -3375 -3375
-2568 -3445 -3445 -3445 -3445 -3445 -3445 -3445 -3445 -3841 -3421 -3445 -3445 -3445 -3445 -3445 -3196 -2166 -1867 -2326 -2994 -3445 -3445 -3445 -3445 -3445 -1378 -3559 -3445 -3445 -3445 -3445 -3766 -2481 -3445 -3445 -3445 -3445 -3625 -855 -3475 -3445 -3445 -3445 -3445 -2891 -2592 -3445 -3445 -3445
-2368 -3116 -3116 -3116 -3116 -3116 -3116 -3116 -3116 -3431 -3074 -3116 -3116 -3116 -3116 -3116 -2862 -2147 -1860 -2256 -2887 -3116 -3116 -3116 -3116 -3116 -1100 -3238 -3116 -3116 -3116 -3116 -3392 -2491 -3116 -3116 -3116 -3116 -3267 -723 -3147 -3116 -3116 -3116 -3116 -2675 -2528 -3116 -3116 -3116
-2590 -3375 -3375 -3375 -3375 -3375 -3375 -3375 -3375 -3735 -3416 -3375 -3375 -3375 -3375 -3375 -3082 -2148 -1797 -2304 -2969 -3375 -3375 -3375 -3375 -3375 -1300 -3484 -3375 -3375 -3375 -3375 -3702 -2481 -3375 -3375 -3375 -3375 -3563 -877 -3405 -3375 -3375 -3375 -3375 -2854 -2533 -3375 -3375 -3375
-2590 -3375 -3375 -3375 -3375 -3375 -3375 -3375 -3375 -3735 -3416 -3375 -3375 -3375 -3375 -3375 -3082 -2148 -1797 -2304 -2969 -3375 -3375 -3375 -3375 -3375 -1300 -3484 -3375 -3375 -3375 -3375 -3702 -2481 -3375 -3375 -3375 -3375 -3563 -877 -3405 -3375 -3375 -3375 -3375 -2854 -2533 -3375 -3375 -3375
-2590 -3375 -3375 -3375 -3375 -3375 -3375 -3375 -3375 -3735 -3416 -3375 -3375 -3375 -3375 -3375 -3082 -2148 -1797 -2304 -2969 -3375 -3375 -3375 -3375 -3375 -1300 -3484 -3375 -3375 -3375 -3375 -3702 -2481 -3375 -3375 -3375 -3375 -3563 -877 -3405 -3375 -3375 -3375 -3375 -2854 -2533 -3375 -3375 -3375
-2590 -3375 -3375 -3375 -3375 -3375 -3375 -3375 -3375 -3735 -3416 -3375 -3375 -3375 -3375 -3375 -3082 -2148 -1797 -2304 -2969 -3375 -3375 -3375 -3375 -3375 -1300 -3484 -3375 -3375 -3375 -3375 -3702 -2481 -3375 -3375 -3375 -3375 -3563 -877 -3405 -3375 -3375 -3375 -3375 -2854 -2533 -3375 -3375 -3375
-2590 -3375 -3375 -3375 -3375 -3375 -3375 -3375 -3375 -3735 -3416 -3375 -3375 -3375 -3375 -3375 -3082 -2148 -1797 -2304 -2969 -3375 -3375 -3375 -3375 -3375 -1300 -3484 -3375 -3375 -3375 -3375 -3702 -2481 -3375 -3375 -3375 -3375 -3563 -877 -3405 -3375 -3375 -3375 -3375 -2854 -2533 -3375 -3375 -3375
-2282 -3030 -3030 -3030 -3030 -3030 -3030 -3030 -3030 -3401 -2993 -3030 -3030 -3030 -3030 -3030 -2988 -2196 -1947 -2351 -2684 -3030 -3030 -3030 -3030 -3030 -1178 -3157 -3030 -3030 -3030 -3030 -3338 -2269 -3030 -3030 -3030 -3030 -3211 -695 -3059 -3030 -3030 -3030 -3030 -2712 -2372 -3030 -3030 -3030
-1828 -2063 -2063 -2063 -2063 -2063 -2063 -2063 -2063 -2508 -2129 -2063 -2063 -2063 -2063 -2063 -2423 -2030 -1921 -2337 -2065 -2063 -2063 -2063 -2063 -2063 -901 -2201 -2063 -2063 -2063 -2063 -2408 -1805 -2063 -2063 -2063 -2063 -2328 -700 -2086 -2063 -2063 -2063 -2063 -2133 -1811 -2063 -2063 -2063
-2103 -2197 -2197 -2197 -2197 -2197 -2197 -2197 -2197 -2620 -2345 -2197 -2197 -2197 -2197 -2197 -2549 -2178 -2100 -2539 -2273 -2197 -2197 -2197 -2197 -2197 -1063 -2335 -2197 -2197 -2197 -2197 -2534 -2009 -2197 -2197 -2197 -2197 -2476 -946 -2214 -2197 -2197 -2197 -2197 -2270 -1937 -2197 -2197 -2197
-1936 -2213 -2213 -2213 -2213 -2213 -2213 -2213 -2213 -2720 -2257 -2213 -2213 -2213 -2213 -2213 -2634 -2013 -1946 -2398 -2034 -2213 -2213 -2213 -2213 -2213 -1209 -2344 -2213 -2213 -2213 -2213 -2596 -1700 -2213 -2213 -2213 -2213 -2494 -816 -2232 -2213 -2213 -2213 -2213 -2242 -1775 -2213 -2213 -2213
-2270 -2640 -2640 -2640 -2640 -2640 -2640 -2640 -2640 -3047 -2876 -2640 -2640 -2640 -2640 -2640 -2519 -1902 -1721 -2275 -2560 -2640 -2640 -2640 -2640 -2640 -1016 -2742 -2640 -2640 -2640 -2640 -3076 -2171 -2640 -2640 -2640 -2640 -2920 -803 -2655 -2640 -2640 -2640 -2640 -2397 -2028 -2640 -2640 -2640
-2590 -3375 -3375 -3375 -3375 -3375 -3375 -3375 -3375 -3735 -3416 -3375 -3375 -3375 -3375 -3375 -3082 -2148 -1797 -2304 -2969 -3375 -3375 -3375 -3375 -3375 -1300 -3484 -3375 -3375 -3375 -3375 -3702 -2481 -3375 -3375 -3375 -3375 -3563 -877 -3405 -3375 -3375 -3375 -3375 -2854 -2533 -3375 -3375 -3375
-2590 -3375 -3375 -3375 -3375 -3375 -3375 -3375 -3375 -3735 -3416 -3375 -3375 -3375 -3375 -3375 -3082 -2148 -1797 -2304 -2969 -3375 -3375 -3375 -3375 -3375 -1300 -3484 -3375 -3375 -3375 -3375 -3702 -2481 -3375 -3375 -3375 -3375 -3563 -877 -3405 -3375 -3375 -3375 -3375 -2854 -2533 -3375 -3375 -3375
-2590 -3375 -3375 -3375 -3375 -3375 -3375 -3375 -3375 -3735 -3416 -3375 -3375 -3375 -3375 -3375 -3082 -2148 -1797 -2304 -2969 -3375 -3375 -3375 -3375 -3375 -1300 -3484 -3375 -3375 -3375 -3375 -3702 -2481 -3375 -3375 -3375 -3375 -3563 -877 -3405 -3375 -3375 -3375 -3375 -2854 -2533 -3375 -3375 -3375
-2590 -3375 -3375 -3375 -3375 -3375 -3375 -3375 -3375 -3735 -3416 -3375 -3375 -3375 -3375 -3375 -3082 -2148 -1797 -2304 -2969 -3375 -3375 -3375 -3375 -3375 -1300 -3484 -3375 -3375 -3375 -3375 -3702 -2481 -3375 -3375 -3375 -3375 -3563 -877 -3405 -3375 -3375 -3375 -3375 -2854 -2533 -3375 -3375 -3375
-2590 -3375 -3375 -3375 -3375 -3375 -3375 -3375 -3375 -3735 -3416 -3375 -3375 -3375 -3375 -3375 -3082 -2148 -1797 -2304 -2969 -3375 -3375 -3375 -3375 -3375 -1300 -3484 -3375 -3375 -3375 -3375 -3702 -2481 -3375 -3375 -3375 -3375 -3563 -877 -3405 -3375 -3375 -3375 -3375 -2854 -2533 -3375 -3375 -3375
-1863 -2131 -2131 -2131 -2131 -2131 -2131 -2131 -2131 -2347 -2033 -2131 -2131 -2131 -2131 -2131 -2299 -2531 -2377 -2486 -2680 -2131 -2131 -2131 -2131 -2131 -607 -2307 -2131 -2131 -2131 -2131 -2160 -2650 -2131 -2131 -2131 -2131 -2264 -777 -2169 -2131 -2131 -2131 -2131 -2142 -2521 -2131 -2131 -2131
-2465 -3168 -3168 -3168 -3168 -3168 -3168 -3168 -3168 -3552 -3244 -3168 -3168 -3168 -3168 -3168 -2955 -2045 -1712 -2235 -2769 -3168 -3168 -3168 -3168 -3168 -1233 -3275 -3168 -3168 -3168 -3168 -3524 -2289 -3168 -3168 -3168 -3168 -3376 -819 -3196 -3168 -3168 -3168 -3168 -2715 -2337 -3168 -3168 -3168
-2590 -3375 -3375 -3375 -3375 -3375 -3375 -3375 -3375 -3735 -3416 -3375 -3375 -3375 -3375 -3375 -3082 -2148 -1797 -2304 -2969 -3375 -3375 -3375 -3375 -3375 -1300 -3484 -3375 -3375 -3375 -3375 -3702 -2481 -3375 -3375 -3375 -3375 -3563 -877 -3405 -3375 -3375 -3375 -3375 -2854 -2533 -3375 -3375 -3375
-2590 -3375 -3375 -3375 -3375 -3375 -3375 -3375 -3375 -3735 -3416 -3375 -3375 -3375 -3375 -3375 -3082 -2148 -1797 -2304 -2969 -3375 -3375 -3375 -3375 -3375 -1300 -3484 -3375 -3375 -3375 -3375 -3702 -2481 -3375 -3375 -3375 -3375 -3563 -877 -3405 -3375 -3375 -3375 -3375 -2854 -2533 -3375 -3375 -3375
-2590 -3375 -3375 -3375 -3375 -3375 -3375 -3375 -3375 -3735 -3416 -3375 -3375 -3375 -3375 -3375 -3082 -2148 -1797 -2304 -2969 -3375 -3375 -3375 -3375 -3375 -1300 -3484 -3375 -3375 -3375 -3375 -3702 -2481 -3375 -3375 -3375 -3375 -3563 -877 -3405 -3375 -3375 -3375 -3375 -2854 -2533 -3375 -3375 -3375
-2590 -3375 -3375 -3375 -3375 -3375 -3375 -3375 -3375 -3735 -3416 -3375 -3375 -3375 -3375 -3375 -3082 -2148 -1797 -2304 -2969 -3375 -3375 -3375 -3375 -3375 -1300 -3484 -3375 -3375 -3375 -3375 -3702 -2481 -3375 -3375 -3375 -3375 -3563 -877 -3405 -3375 -3375 -3375 -3375 -2854 -2533 -3375 -3375 -3375
-2376 -3094 -3094 -3094 -3094 -3094 -3094 -3094 -3094 -3603 -3041 -3094 -3094 -3094 -3094 -3094 -3096 -1995 -1694 -2237 -2483 -3094 -3094 -3094 -3094 -3094 -1551 -3197 -3094 -3094 -3094 -3094 -3545 -1977 -3094 -3094 -3094 -3094 -3328 -810 -3124 -3094 -3094 -3094 -3094 -2722 -2163 -3094 -3094 -3094
-2340 -2519 -2519 -2519 -2519 -2519 -2519 -2519 -2519 -2977 -2788 -2519 -2519 -2519 -2519 -2519 -2521 -1999 -1831 -2420 -2541 -2519 -2519 -2519 -2519 -2519 -1106 -2627 -2519 -2519 -2519 -2519 -2996 -2211 -2519 -2519 -2519 -2519 -2836 -984 -2534 -2519 -2519 -2519 -2519 -2363 -2031 -2519 -2519 -2519
-2590 -3375 -3375 -3375 -3375 -3375 -3375 -3375 -3375 -3735 -3416 -3375 -3375 -3375 -3375 -3375 -3082 -2148 -1797 -2304 -2969 -3375 -3375 -3375 -3375 -3375 -1300 -3484 -3375 -3375 -3375 -3375 -3702 -2481 -3375 -3375 -3375 -3375 -3563 -877 -3405 -3375 -3375 -3375 -3375 -2854 -2533 -3375 -3375 -3375
-2590 -3375 -3375 -3375 -3375 -3375 -3375 -3375 -3375 -3735 -3416 -3375 -3375 -3375 -3375 -3375 -3082 -2148 -1797 -2304 -2969 -3375 -3375 -3375 -3375 -3375 -1300 -3484 -3375 -3375 -3375 -3375 -3702 -2481 -3375 -3375 -3375 -3375 -3563 -877 -3405 -3375 -3375 -3375 -3375 -2854 -2533 -3375 -3375 -3375
-2590 -3375 -3375 -3375 -3375 -3375 -3375 -3375 -3375 -3735 -3416 -3375 -3375 -3375 -3375 -3375 -3082 -2148 -1797 -2304 -2969 -3375 -3375 -3375 -3375 -3375 -1300 -3484 -3375 -3375 -3375 -3375 -3702 -2481 -3375 -3375 -3375 -3375 -3563 -877 -3405 -3375 -3375 -3375 -3375 -2854 -2533 -3375 -3375 -3375
-2590 -3375 -3375 -3375 -3375 -3375 -3375 -3375 -3375 -3735 -3416 -3375 -3375 -3375 -3375 -3375 -3082 -2148 -1797 -2304 -2969 -3375 -3375 -3375 -3375 -3375 -1300 -3484 -3375 -3375 -3375 -3375 -3702 -2481 -3375 -3375 -3375 -3375 -3563 -877 -3405 -3375 -3375 -3375 -3375 -2854 -2533 -3375 -3375 -3375
-2599 -3455 -3455 -3455 -3455 -3455 -3455 -3455 -3455 -3842 -3455 -3455 -3455 -3455 -3455 -3455 -3192 -2157 -1839 -2325 -2975 -3455 -3455 -3455 -3455 -3455 -1383 -3567 -3455 -3455 -3455 -3455 -3793 -2463 -3455 -3455 -3455 -3455 -3636 -859 -3484 -3455 -3455 -3455 -3455 -2902 -2570 -3455 -3455 -3455
-2200 -2435 -2435 -2435 -2435 -2435 -2435 -2435 -2435 -2602 -2455 -2435 -2435 -2435 -2435 -2435 -2345 -2596 -2620 -2757 -3234 -2435 -2435 -2435 -2435 -2435 -646 -2622 -2435 -2435 -2435 -2435 -2497 -3206 -2435 -2435 -2435 -2435 -2571 -996 -2466 -2435 -2435 -2435 -2435 -2336 -2957 -2435 -2435 -2435
-2555 -3314 -3314 -3314 -3314 -3314 -3314 -3314 -3314 -3683 -3364 -3314 -3314 -3314 -3314 -3314 -3046 -2120 -1778 -2291 -2913 -3314 -3314 -3314 -3314 -3314 -1285 -3423 -3314 -3314 -3314 -3314 -3653 -2427 -3314 -3314 -3314 -3314 -3510 -861 -3343 -3314 -3314 -3314 -3314 -2819 -2479 -3314 -3314 -3314
-2590 -3375 -3375 -3375 -3375 -3375 -3375 -3375 -3375 -3735 -3416 -3375 -3375 -3375 -3375 -3375 -3082 -2148 -1797 -2304 -2969 -3375 -3375 -3375 -3375 -3375 -1300 -3484 -3375 -3375 -3375 -3375 -3702 -2481 -3375 -3375 -3375 -3375 -3563 -877 -3405 -3375 -3375 -3375 -3375 -2854 -2533 -3375 -3375 -3375
-2590 -3375 -3375 -3375 -3375 -3375 -3375 -3375 -3375 -3735 -3416 -3375 -3375 -3375 -3375 -3375 -3082 -2148 -1797 -2304 -2969 -3375 -3375 -3375 -3375 -3375 -1300 -3484 -3375 -3375 -3375 -3375 -3702 -2481 -3375 -3375 -3375 -3375 -3563 -877 -3405 -3375 -3375 -3375 -3375 -2854 -2533 -3375 -3375 -3375
-2590 -3375 -3375 -3375 -3375 -3375 -3375 -3375 -3375 -3735 -3416 -3375 -3375 -3375 -3375 -3375 -3082 -2148 -1797 -2304 -2969 -3375 -3375 -3375 -3375 -3375 -1300 -3484 -3375 -3375 -3375 -3375 -3702 -2481 -3375 -3375 -3375 -3375 -3563 -877 -3405 -3375 -3375 -3375 -3375 -2854 -2533 -3375 -3375 -3375
-2590 -3375 -3375 -3375 -3375 -3375 -3375 -3375 -3375 -3735 -3416 -3375 -3375 -3375 -3375 -3375 -3082 -2148 -1797 -2304 -2969 -3375 -3375 -3375 -3375 -3375 -1300 -3484 -3375 -3375 -3375 -3375 -3702 -2481 -3375 -3375 -3375 -3375 -3563 -877 -3405 -3375 -3375 -3375 -3375 -2854 -2533 -3375 -3375 -3375
-2297 -2846 -2846 -2846 -2846 -2846 -2846 -2846 -2846 -3332 -2899 -2846 -2846 -2846 -2846 -2846 -2944 -2035 -1778 -2348 -2383 -2846 -2846 -2846 -2846 -2846 -1359 -2961 -2846 -2846 -2846 -2846 -3331 -1941 -2846 -2846 -2846 -2846 -3111 -771 -2872 -2846 -2846 -2846 -2846 -2654 -2051 -2846 -2846 -2846
-2553 -2733 -2733 -2733 -2733 -2733 -2733 -2733 -2733 -3197 -2995 -2733 -2733 -2733 -2733 -2733 -2757 -2178 -2023 -2632 -2747 -2733 -2733 -2733 -2733 -2733 -1281 -2854 -2733 -2733 -2733 -2733 -3194 -2398 -2733 -2733 -2733 -2733 -3052 -1164 -2751 -2733 -2733 -2733 -2733 -2563 -2247 -2733 -2733 -2733
-2590 -3375 -3375 -3375 -3375 -3375 -3375 -3375 -3375 -3735 -3416 -3375 -3375 -3375 -3375 -3375 -3082 -2148 -1797 -2304 -2969 -3375 -3375 -3375 -3375 -3375 -1300 -3484 -3375 -3375 -3375 -3375 -3702 -2481 -3375 -3375 -3375 -3375 -3563 -877 -3405 -3375 -3375 -3375 -3375 -2854 -2533 -3375 -3375 -3375
-2590 -3375 -3375 -3375 -3375 -3375 -3375 -3375 -3375 -3735 -3416 -3375 -3375 -3375 -3375 -3375 -3082 -2148 -1797 -2304 -2969 -3375 -3375 -3375 -3375 -3375 -1300 -3484 -3375 -3375 -3375 -3375 -3702 -2481 -3375 -3375 -3375 -3375 -3563 -877 -3405 -3375 -3375 -3375 -3375 -2854 -2533 -3375 -3375 -3375
-2590 -3375 -3375 -3375 -3375 -3375 -3375 -3375 -3375 -3735 -3416 -3375 -3375 -3375 -3375 -3375 -3082 -2148 -1797 -2304 -2969 -3375 -3375 -3375 -3375 -3375 -1300 -3484 -3375 -3375 -3375 -3375 -3702 -2481 -3375 -3375 -3375 -3375 -3563 -877 -3405 -3375 -3375 -3375 -3375 -2854 -2533 -3375 -3375 -3375
