-2864 -1891 -1891 -1891 -1891 -1891 -1891 -1891 -1891 -2252 -1884 -1891 -1891 -1891 -1891 -1891 -2460 -2950 -2888 -3553 -2074 -1891 -1891 -1891 -1891 -1891 -2097 -2138 -1891 -1891 -1891 -1891 -2732 -2098 -1891 -1891 -1891 -1891 -2155 -1376 -1962 -1891 -1891 -1891 -1891 -2551 -2382 -1891 -1891 -1891
-1951 -1128 -1128 -1128 -1128 -1128 -1128 -1128 -1128 -1263 -1019 -1128 -1128 -1128 -1128 -1128 -1587 -2225 -2297 -2667 -973 -1128 -1128 -1128 -1128 -1128 -1653 -1390 -1128 -1128 -1128 -1128 -1809 -912 -1128 -1128 -1128 -1128 -1174 -378 -1203 -1128 -1128 -1128 -1128 -1862 -1326 -1128 -1128 -1128
-1951 -1128 -1128 -1128 -1128 -1128 -1128 -1128 -1128 -1263 -1019 -1128 -1128 -1128 -1128 -1128 -1587 -2225 -2297 -2667 -973 -1128 -1128 -1128 -1128 -1128 -1653 -1390 -1128 -1128 -1128 -1128 -1809 -912 -1128 -1128 -1128 -1128 -1174 -378 -1203 -1128 -1128 -1128 -1128 -1862 -1326 -1128 -1128 -1128
-1951 -1128 -1128 -1128 -1128 -1128 -1128 -1128 -1128 -1263 -1019 -1128 -1128 -1128 -1128 -1128 -1587 -2225 -2297 -2667 -973 -1128 -1128 -1128 -1128 -1128 -1653 -1390 -1128 -1128 -1128 -1128 -1809 -912 -1128 -1128 -1128 -1128 -1174 -378 -1203 -1128 -1128 -1128 -1128 -1862 -1326 -1128 -1128 -1128
-1951 -1128 -1128 -1128 -1128 -1128 -1128 -1128 -1128 -1263 -1019 -1128 -1128 -1128 -1128 -1128 -1587 -2225 -2297 -2667 -973 -1128 -1128 -1128 -1128 -1128 -1653 -1390 -1128 -1128 -1128 -1128 -1809 -912 -1128 -1128 -1128 -1128 -1174 -378 -1203 -1128 -1128 -1128 -1128 -1862 -1326 -1128 -1128 -1128
-1951 -1128 -1128 -1128 -1128 -1128 -1128 -1128 -1128 -1263 -1019 -1128 -1128 -1128 -1128 -1128 -1587 -2225 -2297 -2667 -973 -1128 -1128 -1128 -1128 -1128 -1653 -1390 -1128 -1128 -1128 -1128 -1809 -912 -1128 -1128 -1128 -1128 -1174 -378 -1203 -1128 -1128 -1128 -1128 -1862 -1326 -1128 -1128 -1128
-1951 -1128 -1128 -1128 -1128 -1128 -1128 -1128 -1128 -1263 -1019 -1128 -1128 -1128 -1128 -1128 -1587 -2225 -2297 -2667 -973 -1128 -1128 -1128 -1128 -1128 -1653 -1390 -1128 -1128 -1128 -1128 -1809 -912 -1128 -1128 -1128 -1128 -1174 -378 -1203 -1128 -1128 -1128 -1128 -1862 -1326 -1128 -1128 -1128
-1951 -1128 -1128 -1128 -1128 -1128 -1128 -1128 -1128 -1263 -1019 -1128 -1128 -1128 -1128 -1128 -1587 -2225 -2297 -2667 -973 -1128 -1128 -1128 -1128 -1128 -1653 -1390 -1128 -1128 -1128 -1128 -1809 -912 -1128 -1128 -1128 -1128 -1174 -378 -1203 -1128 -1128 -1128 -1128 -1862 -1326 -1128 -1128 -1128
-1951 -1128 -1128 -1128 -1128 -1128 -1128 -1128 -1128 -1263 -1019 -1128 -1128 -1128 -1128 -1128 -1587 -2225 -2297 -2667 -973 -1128 -1128 -1128 -1128 -1128 -1653 -1390 -1128 -1128 -1128 -1128 -1809 -912 -1128 -1128 -1128 -1128 -1174 -378 -1203 -1128 -1128 -1128 -1128 -1862 -1326 -1128 -1128 -1128
-1906 -1161 -1161 -1161 -1161 -1161 -1161 -1161 -1161 -1361 -975 -1161 -1161 -1161 -1161 -1161 -1666 -2340 -2389 -2841 -874 -1161 -1161 -1161 -1161 -1161 -1686 -1415 -1161 -1161 -1161 -1161 -1970 -868 -1161 -1161 -1161 -1161 -1243 -323 -1237 -1161 -1161 -1161 -1161 -1964 -1395 -1161 -1161 -1161
-2147 -1570 -1570 -1570 -1570 -1570 -1570 -1570 -1570 -1767 -1350 -1570 -1570 -1570 -1570 -1570 -2014 -2659 -2532 -3009 -1194 -1570 -1570 -1570 -1570 -1570 -1782 -1828 -1570 -1570 -1570 -1570 -2330 -1208 -1570 -1570 -1570 -1570 -1665 -460 -1657 -1570 -1570 -1570 -1570 -2335 -1725 -1570 -1570 -1570
-1951 -1128 -1128 -1128 -1128 -1128 -1128 -1128 -1128 -1263 -1019 -1128 -1128 -1128 -1128 -1128 -1587 -2225 -2297 -2667 -973 -1128 -1128 -1128 -1128 -1128 -1653 -1390 -1128 -1128 -1128 -1128 -1809 -912 -1128 -1128 -1128 -1128 -1174 -378 -1203 -1128 -1128 -1128 -1128 -1862 -1326 -1128 -1128 -1128
-1951 -1128 -1128 -1128 -1128 -1128 -1128 -1128 -1128 -1263 -1019 -1128 -1128 -1128 -1128 -1128 -1587 -2225 -2297 -2667 -973 -1128 -1128 -1128 -1128 -1128 -1653 -1390 -1128 -1128 -1128 -1128 -1809 -912 -1128 -1128 -1128 -1128 -1174 -378 -1203 -1128 -1128 -1128 -1128 -1862 -1326 -1128 -1128 -1128
-1951 -1128 -1128 -1128 -1128 -1128 -1128 -1128 -1128 -1263 -1019 -1128 -1128 -1128 -1128 -1128 -1587 -2225 -2297 -2667 -973 -1128 -1128 -1128 -1128 -1128 -1653 -1390 -1128 -1128 -1128 -1128 -1809 -912 -1128 -1128 -1128 -1128 -1174 -378 -1203 -1128 -1128 -1128 -1128 -1862 -1326 -1128 -1128 -1128
-1951 -1128 -1128 -1128 -1128 -1128 -1128 -1128 -1128 -1263 -1019 -1128 -1128 -1128 -1128 -1128 -1587 -2225 -2297 -2667 -973 -1128 -1128 -1128 -1128 -1128 -1653 -1390 -1128 -1128 -1128 -1128 -1809 -912 -1128 -1128 -1128 -1128 -1174 -378 -1203 -1128 -1128 -1128 -1128 -1862 -1326 -1128 -1128 -1128
-1951 -1128 -1128 -1128 -1128 -1128 -1128 -1128 -1128 -1263 -1019 -1128 -1128 -1128 -1128 -1128 -1587 -2225 -2297 -2667 -973 -1128 -1128 -1128 -1128 -1128 -1653 -1390 -1128 -1128 -1128 -1128 -1809 -912 -1128 -1128 -1128 -1128 -1174 -378 -1203 -1128 -1128 -1128 -1128 -1862 -1326 -1128 -1128 -1128
-2410 -1411 -1411 -1411 -1411 -1411 -1411 -1411 -1411 -1594 -1392 -1411 -1411 -1411 -1411 -1411 -1947 -2514 -2688 -3068 -1494 -1411 -1411 -1411 -1411 -1411 -1948 -1656 -1411 -1411 -1411 -1411 -2072 -1435 -1411 -1411 -1411 -1411 -1517 -975 -1471 -1411 -1411 -1411 -1411 -2083 -1743 -1411 -1411 -1411
-2799 -1631 -1631 -1631 -1631 -1631 -1631 -1631 -1631 -1793 -1754 -1631 -1631 -1631 -1631 -1631 -2093 -2669 -2793 -3051 -2212 -1631 -1631 -1631 -1631 -1631 -2052 -1860 -1631 -1631 -1631 -1631 -1979 -2218 -1631 -1631 -1631 -1631 -1761 -1774 -1684 -1631 -1631 -1631 -1631 -2002 -2253 -1631 -1631 -1631
-2830 -1596 -1596 -1596 -1596 -1596 -1596 -1596 -1596 -1853 -1917 -1596 -1596 -1596 -1596 -1596 -1973 -2284 -2397 -2770 -2324 -1596 -1596 -1596 -1596 -1596 -1923 -1786 -1596 -1596 -1596 -1596 -1947 -2250 -1596 -1596 -1596 -1596 -1804 -1957 -1634 -1596 -1596 -1596 -1596 -1722 -2120 -1596 -1596 -1596
-3173 -1923 -1923 -1923 -1923 -1923 -1923 -1923 -1923 -2271 -2092 -1923 -1923 -1923 -1923 -1923 -2461 -2992 -3066 -3596 -2600 -1923 -1923 -1923 -1923 -1923 -2238 -2146 -1923 -1923 -1923 -1923 -2518 -2655 -1923 -1923 -1923 -1923 -2204 -2132 -1973 -1923 -1923 -1923 -1923 -2284 -2667 -1923 -1923 -1923
-2215 -1582 -1582 -1582 -1582 -1582 -1582 -1582 -1582 -1734 -1561 -1582 -1582 -1582 -1582 -1582 -1873 -2418 -2192 -2552 -1656 -1582 -1582 -1582 -1582 -1582 -1528 -1787 -1582 -1582 -1582 -1582 -1969 -1765 -1582 -1582 -1582 -1582 -1696 -1157 -1652 -1582 -1582 -1582 -1582 -1915 -1999 -1582 -1582 -1582
-1951 -1128 -1128 -1128 -1128 -1128 -1128 -1128 -1128 -1263 -1019 -1128 -1128 -1128 -1128 -1128 -1587 -2225 -2297 -2667 -973 -1128 -1128 -1128 -1128 -1128 -1653 -1390 -1128 -1128 -1128 -1128 -1809 -912 -1128 -1128 -1128 -1128 -1174 -378 -1203 -1128 -1128 -1128 -1128 -1862 -1326 -1128 -1128 -1128
-1951 -1128 -1128 -1128 -1128 -1128 -1128 -1128 -1128 -1263 -1019 -1128 -1128 -1128 -1128 -1128 -1587 -2225 -2297 -2667 -973 -1128 -1128 -1128 -1128 -1128 -1653 -1390 -1128 -1128 -1128 -1128 -1809 -912 -1128 -1128 -1128 -1128 -1174 -378 -1203 -1128 -1128 -1128 -1128 -1862 -1326 -1128 -1128 -1128
-1951 -1128 -1128 -1128 -1128 -1128 -1128 -1128 -1128 -1263 -1019 -1128 -1128 -1128 -1128 -1128 -1587 -2225 -2297 -2667 -973 -1128 -1128 -1128 -1128 -1128 -1653 -1390 -1128 -1128 -1128 -1128 -1809 -912 -1128 -1128 -1128 -1128 -1174 -378 -1203 -1128 -1128 -1128 -1128 -1862 -1326 -1128 -1128 -1128
-1951 -1128 -1128 -1128 -1128 -1128 -1128 -1128 -1128 -1263 -1019 -1128 -1128 -1128 -1128 -1128 -1587 -2225 -2297 -2667 -973 -1128 -1128 -1128 -1128 -1128 -1653 -1390 -1128 -1128 -1128 -1128 -1809 -912 -1128 -1128 -1128 -1128 -1174 -378 -1203 -1128 -1128 -1128 -1128 -1862 -1326 -1128 -1128 -1128
-1951 -1128 -1128 -1128 -1128 -1128 -1128 -1128 -1128 -1263 -1019 -1128 -1128 -1128 -1128 -1128 -1587 -2225 -2297 -2667 -973 -1128 -1128 -1128 -1128 -1128 -1653 -1390 -1128 -1128 -1128 -1128 -1809 -912 -1128 -1128 -1128 -1128 -1174 -378 -1203 -1128 -1128 -1128 -1128 -1862 -1326 -1128 -1128 -1128
-2612 -1955 -1955 -1955 -1955 -1955 -1955 -1955 -1955 -2322 -2039 -1955 -1955 -1955 -1955 -1955 -2379 -2452 -2312 -3094 -1947 -1955 -1955 -1955 -1955 -1955 -1659 -2160 -1955 -1955 -1955 -1955 -2882 -1800 -1955 -1955 -1955 -1955 -2259 -892 -2015 -1955 -1955 -1955 -1955 -2637 -1971 -1955 -1955 -1955
-2146 -1266 -1266 -1266 -1266 -1266 -1266 -1266 -1266 -1414 -1186 -1266 -1266 -1266 -1266 -1266 -1731 -2361 -2446 -2791 -1177 -1266 -1266 -1266 -1266 -1266 -1851 -1516 -1266 -1266 -1266 -1266 -1886 -1138 -1266 -1266 -1266 -1266 -1321 -714 -1337 -1266 -1266 -1266 -1266 -1900 -1525 -1266 -1266 -1266
-1951 -1128 -1128 -1128 -1128 -1128 -1128 -1128 -1128 -1263 -1019 -1128 -1128 -1128 -1128 -1128 -1587 -2225 -2297 -2667 -973 -1128 -1128 -1128 -1128 -1128 -1653 -1390 -1128 -1128 -1128 -1128 -1809 -912 -1128 -1128 -1128 -1128 -1174 -378 -1203 -1128 -1128 -1128 -1128 -1862 -1326 -1128 -1128 -1128
-1951 -1128 -1128 -1128 -1128 -1128 -1128 -1128 -1128 -1263 -1019 -1128 -1128 -1128 -1128 -1128 -1587 -2225 -2297 -2667 -973 -1128 -1128 -1128 -1128 -1128 -1653 -1390 -1128 -1128 -1128 -1128 -1809 -912 -1128 -1128 -1128 -1128 -1174 -378 -1203 -1128 -1128 -1128 -1128 -1862 -1326 -1128 -1128 -1128
-1951 -1128 -1128 -1128 -1128 -1128 -1128 -1128 -1128 -1263 -1019 -1128 -1128 -1128 -1128 -1128 -1587 -2225 -2297 -2667 -973 -1128 -1128 -1128 -1128 -1128 -1653 -1390 -1128 -1128 -1128 -1128 -1809 -912 -1128 -1128 -1128 -1128 -1174 -378 -1203 -1128 -1128 -1128 -1128 -1862 -1326 -1128 -1128 -1128
-1951 -1128 -1128 -1128 -1128 -1128 -1128 -1128 -1128 -1263 -1019 -1128 -1128 -1128 -1128 -1128 -1587 -2225 -2297 -2667 -973 -1128 -1128 -1128 -1128 -1128 -1653 -1390 -1128 -1128 -1128 -1128 -1809 -912 -1128 -1128 -1128 -1128 -1174 -378 -1203 -1128 -1128 -1128 -1128 -1862 -1326 -1128 -1128 -1128
-2526 -1481 -1481 -1481 -1481 -1481 -1481 -1481 -1481 -1792 -1331 -1481 -1481 -1481 -1481 -1481 -2135 -2931 -3000 -3713 -1412 -1481 -1481 -1481 -1481 -1481 -2118 -1781 -1481 -1481 -1481 -1481 -2584 -1443 -1481 -1481 -1481 -1481 -1683 -744 -1563 -1481 -1481 -1481 -1481 -2503 -1909 -1481 -1481 -1481
-2245 -1513 -1513 -1513 -1513 -1513 -1513 -1513 -1513 -1622 -1469 -1513 -1513 -1513 -1513 -1513 -1844 -2530 -2292 -2618 -1754 -1513 -1513 -1513 -1513 -1513 -1465 -1745 -1513 -1513 -1513 -1513 -1844 -1908 -1513 -1513 -1513 -1513 -1618 -1186 -1590 -1513 -1513 -1513 -1513 -1936 -2101 -1513 -1513 -1513
-1951 -1128 -1128 -1128 -1128 -1128 -1128 -1128 -1128 -1263 -1019 -1128 -1128 -1128 -1128 -1128 -1587 -2225 -2297 -2667 -973 -1128 -1128 -1128 -1128 -1128 -1653 -1390 -1128 -1128 -1128 -1128 -1809 -912 -1128 -1128 -1128 -1128 -1174 -378 -1203 -1128 -1128 -1128 -1128 -1862 -1326 -1128 -1128 -1128
-1951 -1128 -1128 -1128 -1128 -1128 -1128 -1128 -1128 -1263 -1019 -1128 -1128 -1128 -1128 -1128 -1587 -2225 -2297 -2667 -973 -1128 -1128 -1128 -1128 -1128 -1653 -1390 -1128 -1128 -1128 -1128 -1809 -912 -1128 -1128 -1128 -1128 -1174 -378 -1203 -1128 -1128 -1128 -1128 -1862 -1326 -1128 -1128 -1128
-1951 -1128 -1128 -1128 -1128 -1128 -1128 -1128 -1128 -1263 -1019 -1128 -1128 -1128 -1128 -1128 -1587 -2225 -2297 -2667 -973 -1128 -1128 -1128 -1128 -1128 -1653 -1390 -1128 -1128 -1128 -1128 -1809 -912 -1128 -1128 -1128 -1128 -1174 -378 -1203 -1128 -1128 -1128 -1128 -1862 -1326 -1128 -1128 -1128
-1951 -1128 -1128 -1128 -1128 -1128 -1128 -1128 -1128 -1263 -1019 -1128 -1128 -1128 -1128 -1128 -1587 -2225 -2297 -2667 -973 -1128 -1128 -1128 -1128 -1128 -1653 -1390 -1128 -1128 -1128 -1128 -1809 -912 -1128 -1128 -1128 -1128 -1174 -378 -1203 -1128 -1128 -1128 -1128 -1862 -1326 -1128 -1128 -1128
-2014 -1201 -1201 -1201 -1201 -1201 -1201 -1201 -1201 -1383 -1034 -1201 -1201 -1201 -1201 -1201 -1714 -2417 -2472 -2901 -996 -1201 -1201 -1201 -1201 -1201 -1707 -1467 -1201 -1201 -1201 -1201 -1975 -981 -1201 -1201 -1201 -1201 -1277 -388 -1280 -1201 -1201 -1201 -1201 -2004 -1467 -1201 -1201 -1201
-2306 -2088 -2088 -2088 -2088 -2088 -2088 -2088 -2088 -2334 -1944 -2088 -2088 -2088 -2088 -2088 -2440 -2696 -2217 -2835 -1870 -2088 -2088 -2088 -2088 -2088 -1230 -2274 -2088 -2088 -2088 -2088 -2720 -1923 -2088 -2088 -2088 -2088 -2330 -744 -2166 -2088 -2088 -2088 -2088 -2774 -2196 -2088 -2088 -2088
-2025 -1191 -1191 -1191 -1191 -1191 -1191 -1191 -1191 -1329 -1079 -1191 -1191 -1191 -1191 -1191 -1662 -2302 -2375 -2741 -1040 -1191 -1191 -1191 -1191 -1191 -1729 -1449 -1191 -1191 -1191 -1191 -1860 -990 -1191 -1191 -1191 -1191 -1241 -485 -1265 -1191 -1191 -1191 -1191 -1911 -1406 -1191 -1191 -1191
-1951 -1128 -1128 -1128 -1128 -1128 -1128 -1128 -1128 -1263 -1019 -1128 -1128 -1128 -1128 -1128 -1587 -2225 -2297 -2667 -973 -1128 -1128 -1128 -1128 -1128 -1653 -1390 -1128 -1128 -1128 -1128 -1809 -912 -1128 -1128 -1128 -1128 -1174 -378 -1203 -1128 -1128 -1128 -1128 -1862 -1326 -1128 -1128 -1128
-1951 -1128 -1128 -1128 -1128 -1128 -1128 -1128 -1128 -1263 -1019 -1128 -1128 -1128 -1128 -1128 -1587 -2225 -2297 -2667 -973 -1128 -1128 -1128 -1128 -1128 -1653 -1390 -1128 -1128 -1128 -1128 -1809 -912 -1128 -1128 -1128 -1128 -1174 -378 -1203 -1128 -1128 -1128 -1128 -1862 -1326 -1128 -1128 -1128
-1951 -1128 -1128 -1128 -1128 -1128 -1128 -1128 -1128 -1263 -1019 -1128 -1128 -1128 -1128 -1128 -1587 -2225 -2297 -2667 -973 -1128 -1128 -1128 -1128 -1128 -1653 -1390 -1128 -1128 -1128 -1128 -1809 -912 -1128 -1128 -1128 -1128 -1174 -378 -1203 -1128 -1128 -1128 -1128 -1862 -1326 -1128 -1128 -1128
-1951 -1128 -1128 -1128 -1128 -1128 -1128 -1128 -1128 -1263 -1019 -1128 -1128 -1128 -1128 -1128 -1587 -2225 -2297 -2667 -973 -1128 -1128 -1128 -1128 -1128 -1653 -1390 -1128 -1128 -1128 -1128 -1809 -912 -1128 -1128 -1128 -1128 -1174 -378 -1203 -1128 -1128 -1128 -1128 -1862 -1326 -1128 -1128 -1128
-2884 -1497 -1497 -1497 -1497 -1497 -1497 -1497 -1497 -1767 -1637 -1497 -1497 -1497 -1497 -1497 -2112 -2682 -2918 -3493 -1951 -1497 -1497 -1497 -1497 -1497 -2161 -1781 -1497 -1497 -1497 -1497 -2336 -1833 -1497 -1497 -1497 -1497 -1697 -1283 -1557 -1497 -1497 -1497 -1497 -2243 -1949 -1497 -1497 -1497
-2426 -1482 -1482 -1482 -1482 -1482 -1482 -1482 -1482 -1642 -1494 -1482 -1482 -1482 -1482 -1482 -1908 -2529 -2471 -2821 -1769 -1482 -1482 -1482 -1482 -1482 -1740 -1697 -1482 -1482 -1482 -1482 -1870 -1874 -1482 -1482 -1482 -1482 -1616 -1449 -1543 -1482 -1482 -1482 -1482 -1885 -2066 -1482 -1482 -1482
-1951 -1128 -1128 -1128 -1128 -1128 -1128 -1128 -1128 -1263 -1019 -1128 -1128 -1128 -1128 -1128 -1587 -2225 -2297 -2667 -973 -1128 -1128 -1128 -1128 -1128 -1653 -1390 -1128 -1128 -1128 -1128 -1809 -912 -1128 -1128 -1128 -1128 -1174 -378 -1203 -1128 -1128 -1128 -1128 -1862 -1326 -1128 -1128 -1128
-1951 -1128 -1128 -1128 -1128 -1128 -1128 -1128 -1128 -1263 -1019 -1128 -1128 -1128 -1128 -1128 -1587 -2225 -2297 -2667 -973 -1128 -1128 -1128 -1128 -1128 -1653 -1390 -1128 -1128 -1128 -1128 -1809 -912 -1128 -1128 -1128 -1128 -1174 -378 -1203 -1128 -1128 -1128 -1128 -1862 -1326 -1128 -1128 -1128
-1951 -1128 -1128 -1128 -1128 -1128 -1128 -1128 -1128 -1263 -1019 -1128 -1128 -1128 -1128 -1128 -1587 -2225 -2297 -2667 -973 -1128 -1128 -1128 -1128 -1128 -1653 -1390 -1128 -1128 -1128 -1128 -1809 -912 -1128 -1128 -1128 -1128 -1174 -378 -1203 -1128 -1128 -1128 -1128 -1862 -1326 -1128 -1128 -1128
