619 -989 2765 4202 1222 -487 989 -2217 798 2086 -1377 -3214 2916 236 2893 -1284 2727 -2583 735 885 -1899 -209 -1796 -1179 2334 43 631 2445 2694 -3350 -264 1829 -3210 -1249 -3419 1410 -955 -1039 291 -381 584 -2038 2861 1023 -1233 -2656 -4589 -634 -1573 2013 -3442 4338 365 -1233 -956 -2890 -1892 -3461 -1911 -4556 2397 1375 731 1298
1235 -1612 4208 2713 1291 -1074 2422 -2150 -592 2518 -1434 -2149 2384 808 5071 372 2266 -4907 1292 1881 -1439 -397 -710 222 2092 -241 -772 2584 1977 -3638 -991 1346 -1771 -635 -2244 1551 -930 -2765 2613 224 -1291 -1098 1083 1212 -862 -5052 -4243 -1260 1163 1195 -5278 4500 -1871 -697 -2955 -1247 -1541 -2906 -386 -3767 510 922 3206 210
1235 -1612 4208 2713 1291 -1074 2422 -2150 -592 2518 -1434 -2149 2384 808 5071 372 2266 -4907 1292 1881 -1439 -397 -710 222 2092 -241 -772 2584 1977 -3638 -991 1346 -1771 -635 -2244 1551 -930 -2765 2613 224 -1291 -1098 1083 1212 -862 -5052 -4243 -1260 1163 1195 -5278 4500 -1871 -697 -2955 -1247 -1541 -2906 -386 -3767 510 922 3206 210
1235 -1612 4208 2713 1291 -1074 2422 -2150 -592 2518 -1434 -2149 2384 808 5071 372 2266 -4907 1292 1881 -1439 -397 -710 222 2092 -241 -772 2584 1977 -3638 -991 1346 -1771 -635 -2244 1551 -930 -2765 2613 224 -1291 -1098 1083 1212 -862 -5052 -4243 -1260 1163 1195 -5278 4500 -1871 -697 -2955 -1247 -1541 -2906 -386 -3767 510 922 3206 210
1235 -1612 4208 2713 1291 -1074 2422 -2150 -592 2518 -1434 -2149 2384 808 5071 372 2266 -4907 1292 1881 -1439 -397 -710 222 2092 -241 -772 2584 1977 -3638 -991 1346 -1771 -635 -2244 1551 -930 -2765 2613 224 -1291 -1098 1083 1212 -862 -5052 -4243 -1260 1163 1195 -5278 4500 -1871 -697 -2955 -1247 -1541 -2906 -386 -3767 510 922 3206 210
1235 -1612 4208 2713 1291 -1074 2422 -2150 -592 2518 -1434 -2149 2384 808 5071 372 2266 -4907 1292 1881 -1439 -397 -710 222 2092 -241 -772 2584 1977 -3638 -991 1346 -1771 -635 -2244 1551 -930 -2765 2613 224 -1291 -1098 1083 1212 -862 -5052 -4243 -1260 1163 1195 -5278 4500 -1871 -697 -2955 -1247 -1541 -2906 -386 -3767 510 922 3206 210
1235 -1612 4208 2713 1291 -1074 2422 -2150 -592 2518 -1434 -2149 2384 808 5071 372 2266 -4907 1292 1881 -1439 -397 -710 222 2092 -241 -772 2584 1977 -3638 -991 1346 -1771 -635 -2244 1551 -930 -2765 2613 224 -1291 -1098 1083 1212 -862 -5052 -4243 -1260 1163 1195 -5278 4500 -1871 -697 -2955 -1247 -1541 -2906 -386 -3767 510 922 3206 210
1235 -1612 4208 2713 1291 -1074 2422 -2150 -592 2518 -1434 -2149 2384 808 5071 372 2266 -4907 1292 1881 -1439 -397 -710 222 2092 -241 -772 2584 1977 -3638 -991 1346 -1771 -635 -2244 1551 -930 -2765 2613 224 -1291 -1098 1083 1212 -862 -5052 -4243 -1260 1163 1195 -5278 4500 -1871 -697 -2955 -1247 -1541 -2906 -386 -3767 510 922 3206 210
1235 -1612 4208 2713 1291 -1074 2422 -2150 -592 2518 -1434 -2149 2384 808 5071 372 2266 -4907 1292 1881 -1439 -397 -710 222 2092 -241 -772 2584 1977 -3638 -991 1346 -1771 -635 -2244 1551 -930 -2765 2613 224 -1291 -1098 1083 1212 -862 -5052 -4243 -1260 1163 1195 -5278 4500 -1871 -697 -2955 -1247 -1541 -2906 -386 -3767 510 922 3206 210
885 -588 4030 2889 1857 -1638 1903 -2536 -588 2077 -1533 -2597 2783 1182 4447 -73 1985 -5398 2079 1500 -2159 -302 -253 576 2994 -525 -418 2577 2424 -3340 -1249 1302 -1991 -190 -1857 1145 -979 -2359 2620 473 -1329 -785 1375 921 -663 -4860 -4093 -1644 1499 1411 -5657 5130 -1658 -798 -2692 -814 -972 -3006 627 -4553 1240 1313 3006 -886
720 -1662 4114 2033 1526 -986 1406 -1724 -858 1578 -1465 -1979 3378 984 5321 650 2574 -4742 2922 1616 -1827 -69 685 633 1516 -1252 178 2893 2292 -2949 -548 1620 -1125 755 -2347 815 -1045 -3274 2330 -140 -1072 -820 2171 1330 -1002 -4365 -4113 -1272 1233 1466 -5204 4709 -1591 -958 -2543 -569 -1071 -2542 500 -3872 1882 482 2669 -357
1235 -1612 4208 2713 1291 -1074 2422 -2150 -592 2518 -1434 -2149 2384 808 5071 372 2266 -4907 1292 1881 -1439 -397 -710 222 2092 -241 -772 2584 1977 -3638 -991 1346 -1771 -635 -2244 1551 -930 -2765 2613 224 -1291 -1098 1083 1212 -862 -5052 -4243 -1260 1163 1195 -5278 4500 -1871 -697 -2955 -1247 -1541 -2906 -386 -3767 510 922 3206 210
1235 -1612 4208 2713 1291 -1074 2422 -2150 -592 2518 -1434 -2149 2384 808 5071 372 2266 -4907 1292 1881 -1439 -397 -710 222 2092 -241 -772 2584 1977 -3638 -991 1346 -1771 -635 -2244 1551 -930 -2765 2613 224 -1291 -1098 1083 1212 -862 -5052 -4243 -1260 1163 1195 -5278 4500 -1871 -697 -2955 -1247 -1541 -2906 -386 -3767 510 922 3206 210
1235 -1612 4208 2713 1291 -1074 2422 -2150 -592 2518 -1434 -2149 2384 808 5071 372 2266 -4907 1292 1881 -1439 -397 -710 222 2092 -241 -772 2584 1977 -3638 -991 1346 -1771 -635 -2244 1551 -930 -2765 2613 224 -1291 -1098 1083 1212 -862 -5052 -4243 -1260 1163 1195 -5278 4500 -1871 -697 -2955 -1247 -1541 -2906 -386 -3767 510 922 3206 210
1235 -1612 4208 2713 1291 -1074 2422 -2150 -592 2518 -1434 -2149 2384 808 5071 372 2266 -4907 1292 1881 -1439 -397 -710 222 2092 -241 -772 2584 1977 -3638 -991 1346 -1771 -635 -2244 1551 -930 -2765 2613 224 -1291 -1098 1083 1212 -862 -5052 -4243 -1260 1163 1195 -5278 4500 -1871 -697 -2955 -1247 -1541 -2906 -386 -3767 510 922 3206 210
1235 -1612 4208 2713 1291 -1074 2422 -2150 -592 2518 -1434 -2149 2384 808 5071 372 2266 -4907 1292 1881 -1439 -397 -710 222 2092 -241 -772 2584 1977 -3638 -991 1346 -1771 -635 -2244 1551 -930 -2765 2613 224 -1291 -1098 1083 1212 -862 -5052 -4243 -1260 1163 1195 -5278 4500 -1871 -697 -2955 -1247 -1541 -2906 -386 -3767 510 922 3206 210
1478 -87 4573 3612 991 11 2709 -3186 -635 3285 -389 -2881 1554 1225 2832 -1573 2282 -4035 -763 570 -896 -1510 -836 -477 3343 909 -1015 1847 1798 -3369 -428 1811 -2529 -1444 -2342 1540 -189 -2189 2081 3 -808 -2478 372 86 -1016 -6607 -4218 -1491 -6 918 -4808 3626 -1083 -884 -2677 -2672 -1877 -2859 -917 -4247 280 1970 1731 1439
888 -820 3339 3678 577 860 2296 -1930 2234 2711 -146 -3656 -668 556 1619 -2659 272 -1640 -1617 2000 -708 -1944 -2026 -2806 2437 1832 -598 1497 1169 -4082 1030 1406 -3275 -2753 -3649 2281 -826 -692 -128 299 352 -4824 -90 451 -1447 -6147 -4470 -905 -2077 838 -2286 2014 -115 -79 -2021 -4374 -1900 -3122 -4234 -5048 593 2127 728 2284
748 -861 2197 3031 -33 1066 1803 -2023 2536 2690 240 -2893 -478 -410 2018 -1825 1164 -1495 -2185 2359 -561 -1354 -3617 -2233 2454 1830 -1291 1778 1654 -4640 1415 1264 -3656 -2953 -3480 2233 -897 200 -216 -24 1309 -4701 722 791 -1997 -5567 -4161 -676 -2280 555 -1726 1854 -251 493 -1148 -4803 -1867 -3574 -3939 -4563 828 3107 1068 2256
169 265 2021 3225 1110 -544 1183 -2598 2521 1962 -9 -3617 246 -421 560 -2875 1272 -2445 -695 1304 -1606 -631 -1922 -2690 3544 943 -132 2248 2293 -3618 800 1576 -4289 -2338 -2432 2061 -441 956 -452 171 938 -4620 418 235 -1245 -5304 -3997 -681 -2129 276 -1967 2400 160 -721 -545 -4434 -1456 -3076 -2535 -4908 1125 3475 887 571
-244 -2699 2484 2168 1013 305 1883 -294 852 977 -586 -1817 2864 -274 4481 876 1221 -2747 2130 2927 -2872 -728 -1670 -11 775 -1258 -735 2476 2608 -4031 478 1002 -2702 -883 -3196 1862 -2842 -2869 731 -1162 1348 -645 2525 2875 -987 -3309 -3695 -176 -471 519 -4120 3208 -1437 -834 -2221 -1790 -1182 -4649 -2142 -4705 3318 473 2698 957
1235 -1612 4208 2713 1291 -1074 2422 -2150 -592 2518 -1434 -2149 2384 808 5071 372 2266 -4907 1292 1881 -1439 -397 -710 222 2092 -241 -772 2584 1977 -3638 -991 1346 -1771 -635 -2244 1551 -930 -2765 2613 224 -1291 -1098 1083 1212 -862 -5052 -4243 -1260 1163 1195 -5278 4500 -1871 -697 -2955 -1247 -1541 -2906 -386 -3767 510 922 3206 210
1235 -1612 4208 2713 1291 -1074 2422 -2150 -592 2518 -1434 -2149 2384 808 5071 372 2266 -4907 1292 1881 -1439 -397 -710 222 2092 -241 -772 2584 1977 -3638 -991 1346 -1771 -635 -2244 1551 -930 -2765 2613 224 -1291 -1098 1083 1212 -862 -5052 -4243 -1260 1163 1195 -5278 4500 -1871 -697 -2955 -1247 -1541 -2906 -386 -3767 510 922 3206 210
1235 -1612 4208 2713 1291 -1074 2422 -2150 -592 2518 -1434 -2149 2384 808 5071 372 2266 -4907 1292 1881 -1439 -397 -710 222 2092 -241 -772 2584 1977 -3638 -991 1346 -1771 -635 -2244 1551 -930 -2765 2613 224 -1291 -1098 1083 1212 -862 -5052 -4243 -1260 1163 1195 -5278 4500 -1871 -697 -2955 -1247 -1541 -2906 -386 -3767 510 922 3206 210
1235 -1612 4208 2713 1291 -1074 2422 -2150 -592 2518 -1434 -2149 2384 808 5071 372 2266 -4907 1292 1881 -1439 -397 -710 222 2092 -241 -772 2584 1977 -3638 -991 1346 -1771 -635 -2244 1551 -930 -2765 2613 224 -1291 -1098 1083 1212 -862 -5052 -4243 -1260 1163 1195 -5278 4500 -1871 -697 -2955 -1247 -1541 -2906 -386 -3767 510 922 3206 210
1235 -1612 4208 2713 1291 -1074 2422 -2150 -592 2518 -1434 -2149 2384 808 5071 372 2266 -4907 1292 1881 -1439 -397 -710 222 2092 -241 -772 2584 1977 -3638 -991 1346 -1771 -635 -2244 1551 -930 -2765 2613 224 -1291 -1098 1083 1212 -862 -5052 -4243 -1260 1163 1195 -5278 4500 -1871 -697 -2955 -1247 -1541 -2906 -386 -3767 510 922 3206 210
1657 195 4059 3398 127 307 1109 -2513 -1408 2822 -1258 -1600 2571 1447 2814 -823 4575 -2291 -2082 669 922 -1021 -2329 -883 4046 522 386 2673 799 -3222 -354 2503 -880 -24 -4031 1242 532 -2157 130 -345 -671 -3369 3749 -822 -2848 -3371 -3271 -2293 -278 3259 -2664 4915 495 -963 456 -3889 -1584 -1652 -527 -4019 922 1299 -513 1700
975 -1793 3785 2668 1509 -746 2453 -1890 -190 2593 -1185 -2404 2356 620 4949 301 1759 -4567 1554 2091 -1901 -538 -980 -162 1943 -236 -749 2686 2037 -3590 -911 1079 -2141 -878 -2169 1625 -1279 -2534 2242 99 -919 -1273 963 1130 -931 -5046 -4432 -991 1015 1065 -4955 4263 -2001 -770 -3242 -1354 -1359 -3105 -799 -4097 534 932 3258 287
1235 -1612 4208 2713 1291 -1074 2422 -2150 -592 2518 -1434 -2149 2384 808 5071 372 2266 -4907 1292 1881 -1439 -397 -710 222 2092 -241 -772 2584 1977 -3638 -991 1346 -1771 -635 -2244 1551 -930 -2765 2613 224 -1291 -1098 1083 1212 -862 -5052 -4243 -1260 1163 1195 -5278 4500 -1871 -697 -2955 -1247 -1541 -2906 -386 -3767 510 922 3206 210
1235 -1612 4208 2713 1291 -1074 2422 -2150 -592 2518 -1434 -2149 2384 808 5071 372 2266 -4907 1292 1881 -1439 -397 -710 222 2092 -241 -772 2584 1977 -3638 -991 1346 -1771 -635 -2244 1551 -930 -2765 2613 224 -1291 -1098 1083 1212 -862 -5052 -4243 -1260 1163 1195 -5278 4500 -1871 -697 -2955 -1247 -1541 -2906 -386 -3767 510 922 3206 210
1235 -1612 4208 2713 1291 -1074 2422 -2150 -592 2518 -1434 -2149 2384 808 5071 372 2266 -4907 1292 1881 -1439 -397 -710 222 2092 -241 -772 2584 1977 -3638 -991 1346 -1771 -635 -2244 1551 -930 -2765 2613 224 -1291 -1098 1083 1212 -862 -5052 -4243 -1260 1163 1195 -5278 4500 -1871 -697 -2955 -1247 -1541 -2906 -386 -3767 510 922 3206 210
1235 -1612 4208 2713 1291 -1074 2422 -2150 -592 2518 -1434 -2149 2384 808 5071 372 2266 -4907 1292 1881 -1439 -397 -710 222 2092 -241 -772 2584 1977 -3638 -991 1346 -1771 -635 -2244 1551 -930 -2765 2613 224 -1291 -1098 1083 1212 -862 -5052 -4243 -1260 1163 1195 -5278 4500 -1871 -697 -2955 -1247 -1541 -2906 -386 -3767 510 922 3206 210
942 -41 3723 2489 2236 -2435 734 -2706 -136 2382 -1204 -3663 3133 979 3571 -1042 2566 -5854 3009 945 -2354 991 498 -358 3955 -1272 343 2805 3343 -2591 -1625 1721 -2791 473 -327 1420 -97 -664 2206 361 -1094 -1480 866 -125 789 -4535 -4707 -1095 1327 860 -4793 4933 -657 -1591 -2063 -1931 -1375 -1918 643 -3668 517 2763 2871 -1978
-151 -2966 2360 2500 731 162 1477 -250 1848 916 -829 -2322 1557 -438 4320 481 421 -2206 1022 3075 -2361 -562 -1716 -1006 223 -654 -963 1804 2367 -4885 1188 1104 -2817 -1362 -4103 1858 -2393 -1872 28 -421 1794 -1784 2144 3313 -987 -3058 -3715 -378 -1269 610 -3238 2684 -716 -296 -1954 -2791 -1732 -4430 -3477 -4934 3148 853 2315 1367
1235 -1612 4208 2713 1291 -1074 2422 -2150 -592 2518 -1434 -2149 2384 808 5071 372 2266 -4907 1292 1881 -1439 -397 -710 222 2092 -241 -772 2584 1977 -3638 -991 1346 -1771 -635 -2244 1551 -930 -2765 2613 224 -1291 -1098 1083 1212 -862 -5052 -4243 -1260 1163 1195 -5278 4500 -1871 -697 -2955 -1247 -1541 -2906 -386 -3767 510 922 3206 210
1235 -1612 4208 2713 1291 -1074 2422 -2150 -592 2518 -1434 -2149 2384 808 5071 372 2266 -4907 1292 1881 -1439 -397 -710 222 2092 -241 -772 2584 1977 -3638 -991 1346 -1771 -635 -2244 1551 -930 -2765 2613 224 -1291 -1098 1083 1212 -862 -5052 -4243 -1260 1163 1195 -5278 4500 -1871 -697 -2955 -1247 -1541 -2906 -386 -3767 510 922 3206 210
1235 -1612 4208 2713 1291 -1074 2422 -2150 -592 2518 -1434 -2149 2384 808 5071 372 2266 -4907 1292 1881 -1439 -397 -710 222 2092 -241 -772 2584 1977 -3638 -991 1346 -1771 -635 -2244 1551 -930 -2765 2613 224 -1291 -1098 1083 1212 -862 -5052 -4243 -1260 1163 1195 -5278 4500 -1871 -697 -2955 -1247 -1541 -2906 -386 -3767 510 922 3206 210
1235 -1612 4208 2713 1291 -1074 2422 -2150 -592 2518 -1434 -2149 2384 808 5071 372 2266 -4907 1292 1881 -1439 -397 -710 222 2092 -241 -772 2584 1977 -3638 -991 1346 -1771 -635 -2244 1551 -930 -2765 2613 224 -1291 -1098 1083 1212 -862 -5052 -4243 -1260 1163 1195 -5278 4500 -1871 -697 -2955 -1247 -1541 -2906 -386 -3767 510 922 3206 210
825 -997 4061 2745 1780 -1462 2239 -2536 -482 2086 -1414 -2415 2422 939 4605 65 2050 -5268 1769 1467 -1939 -339 -140 303 2563 -374 -502 2640 2349 -3420 -954 1546 -2038 -447 -1998 1265 -837 -2481 2592 415 -1241 -1148 1052 1053 -603 -5298 -4028 -1480 1177 929 -5448 4744 -1845 -838 -2667 -910 -1182 -2884 135 -4253 903 1398 3188 -652
562 -1252 4120 3384 -286 510 825 -1069 -529 862 -1751 -984 1227 820 3225 -322 3394 -1320 -2342 1062 618 -1517 -936 -657 978 356 -150 1277 505 -4800 2284 2596 -679 -723 -6168 1096 -383 -2784 -43 -385 744 -3842 4355 1579 -2970 -2664 -2115 -2028 -2010 2342 -2910 3620 740 -676 1056 -3261 -1862 -2666 -1501 -4323 3018 548 -305 1996
1164 -1667 4158 2742 1356 -979 2465 -2022 -482 2545 -1422 -2267 2347 802 5035 301 2061 -4800 1387 1953 -1577 -480 -755 84 2072 -234 -710 2604 1981 -3614 -967 1269 -1847 -726 -2258 1581 -1054 -2745 2500 201 -1200 -1169 1023 1128 -859 -5083 -4322 -1185 1117 1165 -5187 4459 -1941 -732 -3044 -1279 -1486 -2913 -529 -3865 494 879 3201 232
1235 -1612 4208 2713 1291 -1074 2422 -2150 -592 2518 -1434 -2149 2384 808 5071 372 2266 -4907 1292 1881 -1439 -397 -710 222 2092 -241 -772 2584 1977 -3638 -991 1346 -1771 -635 -2244 1551 -930 -2765 2613 224 -1291 -1098 1083 1212 -862 -5052 -4243 -1260 1163 1195 -5278 4500 -1871 -697 -2955 -1247 -1541 -2906 -386 -3767 510 922 3206 210
1235 -1612 4208 2713 1291 -1074 2422 -2150 -592 2518 -1434 -2149 2384 808 5071 372 2266 -4907 1292 1881 -1439 -397 -710 222 2092 -241 -772 2584 1977 -3638 -991 1346 -1771 -635 -2244 1551 -930 -2765 2613 224 -1291 -1098 1083 1212 -862 -5052 -4243 -1260 1163 1195 -5278 4500 -1871 -697 -2955 -1247 -1541 -2906 -386 -3767 510 922 3206 210
1235 -1612 4208 2713 1291 -1074 2422 -2150 -592 2518 -1434 -2149 2384 808 5071 372 2266 -4907 1292 1881 -1439 -397 -710 222 2092 -241 -772 2584 1977 -3638 -991 1346 -1771 -635 -2244 1551 -930 -2765 2613 224 -1291 -1098 1083 1212 -862 -5052 -4243 -1260 1163 1195 -5278 4500 -1871 -697 -2955 -1247 -1541 -2906 -386 -3767 510 922 3206 210
1235 -1612 4208 2713 1291 -1074 2422 -2150 -592 2518 -1434 -2149 2384 808 5071 372 2266 -4907 1292 1881 -1439 -397 -710 222 2092 -241 -772 2584 1977 -3638 -991 1346 -1771 -635 -2244 1551 -930 -2765 2613 224 -1291 -1098 1083 1212 -862 -5052 -4243 -1260 1163 1195 -5278 4500 -1871 -697 -2955 -1247 -1541 -2906 -386 -3767 510 922 3206 210
1771 -187 4226 2839 785 -844 2191 -2804 221 3098 -442 -2880 1552 401 2295 -2010 3188 -4103 -37 611 -353 -436 -971 -1220 4045 423 -468 2624 2495 -2776 -1132 2673 -3456 -1423 -1093 2344 391 -1304 1702 -340 -903 -3020 -221 -423 614 -6564 -4979 -642 -644 119 -3523 3542 -342 -1122 -1694 -3626 -2415 -2073 -2316 -2676 -958 3212 2055 340
102 -2678 2236 2764 341 -62 2055 -659 1921 1690 -1355 -2701 641 -470 3824 -164 454 -2527 -73 3516 -1919 -278 -2702 -1415 743 96 -1443 1634 1954 -5525 757 704 -3321 -1621 -3869 2069 -2257 -619 151 12 1680 -2410 1842 2664 -1689 -3027 -4193 -577 -1286 848 -3134 2819 -963 81 -2422 -2988 -1758 -4327 -3624 -4832 2118 930 2566 1863
1235 -1612 4208 2713 1291 -1074 2422 -2150 -592 2518 -1434 -2149 2384 808 5071 372 2266 -4907 1292 1881 -1439 -397 -710 222 2092 -241 -772 2584 1977 -3638 -991 1346 -1771 -635 -2244 1551 -930 -2765 2613 224 -1291 -1098 1083 1212 -862 -5052 -4243 -1260 1163 1195 -5278 4500 -1871 -697 -2955 -1247 -1541 -2906 -386 -3767 510 922 3206 210
1235 -1612 4208 2713 1291 -1074 2422 -2150 -592 2518 -1434 -2149 2384 808 5071 372 2266 -4907 1292 1881 -1439 -397 -710 222 2092 -241 -772 2584 1977 -3638 -991 1346 -1771 -635 -2244 1551 -930 -2765 2613 224 -1291 -1098 1083 1212 -862 -5052 -4243 -1260 1163 1195 -5278 4500 -1871 -697 -2955 -1247 -1541 -2906 -386 -3767 510 922 3206 210
1235 -1612 4208 2713 1291 -1074 2422 -2150 -592 2518 -1434 -2149 2384 808 5071 372 2266 -4907 1292 1881 -1439 -397 -710 222 2092 -241 -772 2584 1977 -3638 -991 1346 -1771 -635 -2244 1551 -930 -2765 2613 224 -1291 -1098 1083 1212 -862 -5052 -4243 -1260 1163 1195 -5278 4500 -1871 -697 -2955 -1247 -1541 -2906 -386 -3767 510 922 3206 210
