4824 4183 -7833 -261 -12732 2159 580 -2245 -4406 3321 696 -3942 -3953 -10023 -6579 -2762 -5502 6548 -9131 412 11347 3749 -1012 1281 523 761 -4065 -10328 -8761 7719 -3831 203 -1036 1127 3840 -1610 3610 3158 -4508 -4359 9969 2132 2521 -1202 8673 983 -438 9327 -1457 -12167 -4141 10157 5989 1430 -534 5907 -9401 -5819 -743 5470 -1219 15300 2368 7668
3913 3830 -8017 -2469 -11959 5425 -668 -1824 -5464 -2211 -366 -2121 -9325 -7594 -7030 945 -3827 2021 -10831 -1956 8395 2180 2006 54 1360 206 -3657 -7260 -8367 5554 -1307 -1865 -3902 4599 3804 -1284 4374 4355 -2976 -3727 12635 2694 4771 1310 8610 3214 2694 12574 486 -10127 267 8688 8410 -1836 -5215 3016 -9202 -6127 4579 7634 -2198 11912 1123 2667
3913 3830 -8017 -2469 -11959 5425 -668 -1824 -5464 -2211 -366 -2121 -9325 -7594 -7030 945 -3827 2021 -10831 -1956 8395 2180 2006 54 1360 206 -3657 -7260 -8367 5554 -1307 -1865 -3902 4599 3804 -1284 4374 4355 -2976 -3727 12635 2694 4771 1310 8610 3214 2694 12574 486 -10127 267 8688 8410 -1836 -5215 3016 -9202 -6127 4579 7634 -2198 11912 1123 2667
3913 3830 -8017 -2469 -11959 5425 -668 -1824 -5464 -2211 -366 -2121 -9325 -7594 -7030 945 -3827 2021 -10831 -1956 8395 2180 2006 54 1360 206 -3657 -7260 -8367 5554 -1307 -1865 -3902 4599 3804 -1284 4374 4355 -2976 -3727 12635 2694 4771 1310 8610 3214 2694 12574 486 -10127 267 8688 8410 -1836 -5215 3016 -9202 -6127 4579 7634 -2198 11912 1123 2667
3913 3830 -8017 -2469 -11959 5425 -668 -1824 -5464 -2211 -366 -2121 -9325 -7594 -7030 945 -3827 2021 -10831 -1956 8395 2180 2006 54 1360 206 -3657 -7260 -8367 5554 -1307 -1865 -3902 4599 3804 -1284 4374 4355 -2976 -3727 12635 2694 4771 1310 8610 3214 2694 12574 486 -10127 267 8688 8410 -1836 -5215 3016 -9202 -6127 4579 7634 -2198 11912 1123 2667
3913 3830 -8017 -2469 -11959 5425 -668 -1824 -5464 -2211 -366 -2121 -9325 -7594 -7030 945 -3827 2021 -10831 -1956 8395 2180 2006 54 1360 206 -3657 -7260 -8367 5554 -1307 -1865 -3902 4599 3804 -1284 4374 4355 -2976 -3727 12635 2694 4771 1310 8610 3214 2694 12574 486 -10127 267 8688 8410 -1836 -5215 3016 -9202 -6127 4579 7634 -2198 11912 1123 2667
3913 3830 -8017 -2469 -11959 5425 -668 -1824 -5464 -2211 -366 -2121 -9325 -7594 -7030 945 -3827 2021 -10831 -1956 8395 2180 2006 54 1360 206 -3657 -7260 -8367 5554 -1307 -1865 -3902 4599 3804 -1284 4374 4355 -2976 -3727 12635 2694 4771 1310 8610 3214 2694 12574 486 -10127 267 8688 8410 -1836 -5215 3016 -9202 -6127 4579 7634 -2198 11912 1123 2667
3913 3830 -8017 -2469 -11959 5425 -668 -1824 -5464 -2211 -366 -2121 -9325 -7594 -7030 945 -3827 2021 -10831 -1956 8395 2180 2006 54 1360 206 -3657 -7260 -8367 5554 -1307 -1865 -3902 4599 3804 -1284 4374 4355 -2976 -3727 12635 2694 4771 1310 8610 3214 2694 12574 486 -10127 267 8688 8410 -1836 -5215 3016 -9202 -6127 4579 7634 -2198 11912 1123 2667
3913 3830 -8017 -2469 -11959 5425 -668 -1824 -5464 -2211 -366 -2121 -9325 -7594 -7030 945 -3827 2021 -10831 -1956 8395 2180 2006 54 1360 206 -3657 -7260 -8367 5554 -1307 -1865 -3902 4599 3804 -1284 4374 4355 -2976 -3727 12635 2694 4771 1310 8610 3214 2694 12574 486 -10127 267 8688 8410 -1836 -5215 3016 -9202 -6127 4579 7634 -2198 11912 1123 2667
5308 4010 -9845 -3142 -12716 4058 -1545 -3635 -6089 -997 1675 -2864 -8416 -6055 -7415 1287 -3052 2173 -9983 -971 7267 2852 112 -315 825 -366 -4297 -9006 -8475 3726 -905 -1339 -1866 3041 3329 -2529 4639 3532 -4193 -4168 11727 3520 5856 1072 7557 1610 913 12874 -951 -8319 -772 8238 6969 -2408 -4190 1536 -9791 -7094 4272 5977 -1422 11950 1696 3424
6202 3958 -8883 -1581 -12988 4097 -2937 -2091 -7499 -1269 2057 -1343 -7484 -8478 -5857 2562 -5424 2179 -10589 -390 9167 1258 986 -753 -211 115 -4279 -9378 -7418 4856 -729 -1422 -3224 4304 4238 -1717 3457 3968 -2915 -5496 11509 3197 6047 1568 8526 2222 1897 13014 1326 -9689 499 8846 6781 -744 -5314 2933 -8131 -7670 4994 7637 -1086 12231 -909 2293
3913 3830 -8017 -2469 -11959 5425 -668 -1824 -5464 -2211 -366 -2121 -9325 -7594 -7030 945 -3827 2021 -10831 -1956 8395 2180 2006 54 1360 206 -3657 -7260 -8367 5554 -1307 -1865 -3902 4599 3804 -1284 4374 4355 -2976 -3727 12635 2694 4771 1310 8610 3214 2694 12574 486 -10127 267 8688 8410 -1836 -5215 3016 -9202 -6127 4579 7634 -2198 11912 1123 2667
3913 3830 -8017 -2469 -11959 5425 -668 -1824 -5464 -2211 -366 -2121 -9325 -7594 -7030 945 -3827 2021 -10831 -1956 8395 2180 2006 54 1360 206 -3657 -7260 -8367 5554 -1307 -1865 -3902 4599 3804 -1284 4374 4355 -2976 -3727 12635 2694 4771 1310 8610 3214 2694 12574 486 -10127 267 8688 8410 -1836 -5215 3016 -9202 -6127 4579 7634 -2198 11912 1123 2667
3913 3830 -8017 -2469 -11959 5425 -668 -1824 -5464 -2211 -366 -2121 -9325 -7594 -7030 945 -3827 2021 -10831 -1956 8395 2180 2006 54 1360 206 -3657 -7260 -8367 5554 -1307 -1865 -3902 4599 3804 -1284 4374 4355 -2976 -3727 12635 2694 4771 1310 8610 3214 2694 12574 486 -10127 267 8688 8410 -1836 -5215 3016 -9202 -6127 4579 7634 -2198 11912 1123 2667
3913 3830 -8017 -2469 -11959 5425 -668 -1824 -5464 -2211 -366 -2121 -9325 -7594 -7030 945 -3827 2021 -10831 -1956 8395 2180 2006 54 1360 206 -3657 -7260 -8367 5554 -1307 -1865 -3902 4599 3804 -1284 4374 4355 -2976 -3727 12635 2694 4771 1310 8610 3214 2694 12574 486 -10127 267 8688 8410 -1836 -5215 3016 -9202 -6127 4579 7634 -2198 11912 1123 2667
3913 3830 -8017 -2469 -11959 5425 -668 -1824 -5464 -2211 -366 -2121 -9325 -7594 -7030 945 -3827 2021 -10831 -1956 8395 2180 2006 54 1360 206 -3657 -7260 -8367 5554 -1307 -1865 -3902 4599 3804 -1284 4374 4355 -2976 -3727 12635 2694 4771 1310 8610 3214 2694 12574 486 -10127 267 8688 8410 -1836 -5215 3016 -9202 -6127 4579 7634 -2198 11912 1123 2667
2208 2989 -6597 -271 -11791 4374 -2036 1009 -3140 325 -1585 -1315 -5451 -9610 -5349 -1645 -5809 5761 -13531 -3128 7314 2372 2438 2529 3737 572 -2146 -8529 -9493 6850 29 810 -3784 2532 8494 -2680 1064 2930 -5939 -4540 9887 785 5631 -1743 10679 5572 -204 10807 412 -10229 976 11175 9196 -2099 -4187 3949 -9235 -4475 5853 8951 -883 8211 2552 2001
-77 1638 -4800 3935 -12329 3089 -765 -803 -2293 671 -1839 -3590 -6142 -9664 -7446 -6727 -4606 9820 -14155 -2105 11582 7829 497 3108 6801 303 -3040 -5380 -9100 7210 -3854 1994 102 1585 4274 -1869 451 5588 -5777 -4295 8002 -2322 2632 -2785 8652 3760 -2292 10033 1203 -13929 -2941 9369 8360 -3089 -685 5596 -7716 -1225 -1163 8188 -2693 12228 903 4502
-1190 1327 -3887 2628 -13139 3250 2107 -1445 -2230 1433 -5000 -3836 -4752 -10165 -9684 -6545 -3252 8667 -12180 -1581 11998 9276 41 2507 5675 1616 -2964 -4165 -7857 8636 -7270 1285 1334 1346 3959 -204 2110 5196 -6304 -3162 10511 -1192 -135 -3554 8617 4129 -425 7840 -355 -14541 -3217 9643 7922 415 -814 6273 -10378 -1033 -3353 8651 -4676 14115 396 8105
246 1237 -6699 1269 -14881 1902 -389 -6091 -2475 3654 -3237 -5316 -1828 -8539 -11217 -8137 -2460 8450 -9613 653 10413 9844 -2502 2983 3816 2672 -2773 -7442 -9211 7992 -6135 2033 3745 -108 3205 -2654 4109 3759 -7852 -2733 9388 -581 704 -5795 5966 3392 -1669 5964 -1590 -11665 -5716 8422 7249 909 2318 3657 -11091 -2599 -5542 6466 -4566 14124 3109 8928
2533 4616 -7179 -1253 -15690 1956 1217 -4016 -7262 2429 1946 -2969 -6466 -8455 -9799 -1507 -3249 1312 -10311 2472 11366 5648 -2275 923 264 1786 -5932 -7041 -10115 7788 -2013 -1506 -3371 -27 2338 -1512 5206 5539 -1094 -7464 13448 3335 1066 169 7996 3744 1007 13001 -2118 -13617 905 11564 5790 1433 -2399 4361 -10952 -6502 329 10522 -3123 14153 -1928 2881
3913 3830 -8017 -2469 -11959 5425 -668 -1824 -5464 -2211 -366 -2121 -9325 -7594 -7030 945 -3827 2021 -10831 -1956 8395 2180 2006 54 1360 206 -3657 -7260 -8367 5554 -1307 -1865 -3902 4599 3804 -1284 4374 4355 -2976 -3727 12635 2694 4771 1310 8610 3214 2694 12574 486 -10127 267 8688 8410 -1836 -5215 3016 -9202 -6127 4579 7634 -2198 11912 1123 2667
3913 3830 -8017 -2469 -11959 5425 -668 -1824 -5464 -2211 -366 -2121 -9325 -7594 -7030 945 -3827 2021 -10831 -1956 8395 2180 2006 54 1360 206 -3657 -7260 -8367 5554 -1307 -1865 -3902 4599 3804 -1284 4374 4355 -2976 -3727 12635 2694 4771 1310 8610 3214 2694 12574 486 -10127 267 8688 8410 -1836 -5215 3016 -9202 -6127 4579 7634 -2198 11912 1123 2667
3913 3830 -8017 -2469 -11959 5425 -668 -1824 -5464 -2211 -366 -2121 -9325 -7594 -7030 945 -3827 2021 -10831 -1956 8395 2180 2006 54 1360 206 -3657 -7260 -8367 5554 -1307 -1865 -3902 4599 3804 -1284 4374 4355 -2976 -3727 12635 2694 4771 1310 8610 3214 2694 12574 486 -10127 267 8688 8410 -1836 -5215 3016 -9202 -6127 4579 7634 -2198 11912 1123 2667
3913 3830 -8017 -2469 -11959 5425 -668 -1824 -5464 -2211 -366 -2121 -9325 -7594 -7030 945 -3827 2021 -10831 -1956 8395 2180 2006 54 1360 206 -3657 -7260 -8367 5554 -1307 -1865 -3902 4599 3804 -1284 4374 4355 -2976 -3727 12635 2694 4771 1310 8610 3214 2694 12574 486 -10127 267 8688 8410 -1836 -5215 3016 -9202 -6127 4579 7634 -2198 11912 1123 2667
3913 3830 -8017 -2469 -11959 5425 -668 -1824 -5464 -2211 -366 -2121 -9325 -7594 -7030 945 -3827 2021 -10831 -1956 8395 2180 2006 54 1360 206 -3657 -7260 -8367 5554 -1307 -1865 -3902 4599 3804 -1284 4374 4355 -2976 -3727 12635 2694 4771 1310 8610 3214 2694 12574 486 -10127 267 8688 8410 -1836 -5215 3016 -9202 -6127 4579 7634 -2198 11912 1123 2667
5991 4081 -7763 484 -10241 4057 -753 2909 -2809 2094 -2153 -1142 -1009 -13052 -2188 -2993 -10459 10530 -10152 -4119 9432 -93 1805 383 -431 -221 -369 -11835 -9136 8876 -4935 3122 -4026 2829 9256 -268 2870 260 -8568 -450 9496 4230 5426 -3655 11732 699 3420 8006 427 -12198 -3857 12126 9194 3726 -587 6925 -7202 -2970 2982 4734 747 10662 2733 6832
2849 3255 -7415 -1645 -12276 4601 -697 -2212 -5025 -1770 316 -2561 -9419 -7557 -7940 82 -2988 2193 -10717 -1805 8904 3001 1770 523 1813 352 -4456 -7077 -8826 5947 -1444 -1707 -3042 4177 3140 -643 4326 4286 -2204 -4157 12680 1849 4360 1267 8138 3725 2123 12664 24 -10587 -302 8329 7646 -2039 -4828 2587 -9453 -6275 3530 7131 -2240 12290 1577 2790
3913 3830 -8017 -2469 -11959 5425 -668 -1824 -5464 -2211 -366 -2121 -9325 -7594 -7030 945 -3827 2021 -10831 -1956 8395 2180 2006 54 1360 206 -3657 -7260 -8367 5554 -1307 -1865 -3902 4599 3804 -1284 4374 4355 -2976 -3727 12635 2694 4771 1310 8610 3214 2694 12574 486 -10127 267 8688 8410 -1836 -5215 3016 -9202 -6127 4579 7634 -2198 11912 1123 2667
3913 3830 -8017 -2469 -11959 5425 -668 -1824 -5464 -2211 -366 -2121 -9325 -7594 -7030 945 -3827 2021 -10831 -1956 8395 2180 2006 54 1360 206 -3657 -7260 -8367 5554 -1307 -1865 -3902 4599 3804 -1284 4374 4355 -2976 -3727 12635 2694 4771 1310 8610 3214 2694 12574 486 -10127 267 8688 8410 -1836 -5215 3016 -9202 -6127 4579 7634 -2198 11912 1123 2667
3913 3830 -8017 -2469 -11959 5425 -668 -1824 -5464 -2211 -366 -2121 -9325 -7594 -7030 945 -3827 2021 -10831 -1956 8395 2180 2006 54 1360 206 -3657 -7260 -8367 5554 -1307 -1865 -3902 4599 3804 -1284 4374 4355 -2976 -3727 12635 2694 4771 1310 8610 3214 2694 12574 486 -10127 267 8688 8410 -1836 -5215 3016 -9202 -6127 4579 7634 -2198 11912 1123 2667
3913 3830 -8017 -2469 -11959 5425 -668 -1824 -5464 -2211 -366 -2121 -9325 -7594 -7030 945 -3827 2021 -10831 -1956 8395 2180 2006 54 1360 206 -3657 -7260 -8367 5554 -1307 -1865 -3902 4599 3804 -1284 4374 4355 -2976 -3727 12635 2694 4771 1310 8610 3214 2694 12574 486 -10127 267 8688 8410 -1836 -5215 3016 -9202 -6127 4579 7634 -2198 11912 1123 2667
6628 3921 -10761 -3565 -13250 2312 -2130 -6711 -3891 665 339 -2759 -4797 -6031 -8743 -134 -3146 2063 -7685 -683 6021 2443 -414 73 510 1639 -3181 -10592 -9358 5454 -3323 529 1410 3150 2643 -2309 6759 458 -5646 -2202 11583 5239 4220 -845 5419 120 747 10148 155 -7203 -2896 7516 6409 -1478 -1665 -253 -9556 -7341 2313 4739 -947 13306 3980 6093
2101 3977 -5943 571 -15473 2552 2466 -4039 -6898 1367 1306 -3761 -7894 -7725 -9792 -2638 -2722 3818 -10982 3378 12743 7505 -2901 1582 1745 412 -6125 -5057 -9099 7824 -3604 -1361 -1800 6 1785 -2812 5378 7345 -1791 -7609 11073 2535 9 -141 8854 3328 5 12461 -469 -14403 30 10920 6027 93 -1540 7077 -9801 -4331 -1001 11470 -4367 15765 -3271 4414
3913 3830 -8017 -2469 -11959 5425 -668 -1824 -5464 -2211 -366 -2121 -9325 -7594 -7030 945 -3827 2021 -10831 -1956 8395 2180 2006 54 1360 206 -3657 -7260 -8367 5554 -1307 -1865 -3902 4599 3804 -1284 4374 4355 -2976 -3727 12635 2694 4771 1310 8610 3214 2694 12574 486 -10127 267 8688 8410 -1836 -5215 3016 -9202 -6127 4579 7634 -2198 11912 1123 2667
3913 3830 -8017 -2469 -11959 5425 -668 -1824 -5464 -2211 -366 -2121 -9325 -7594 -7030 945 -3827 2021 -10831 -1956 8395 2180 2006 54 1360 206 -3657 -7260 -8367 5554 -1307 -1865 -3902 4599 3804 -1284 4374 4355 -2976 -3727 12635 2694 4771 1310 8610 3214 2694 12574 486 -10127 267 8688 8410 -1836 -5215 3016 -9202 -6127 4579 7634 -2198 11912 1123 2667
3913 3830 -8017 -2469 -11959 5425 -668 -1824 -5464 -2211 -366 -2121 -9325 -7594 -7030 945 -3827 2021 -10831 -1956 8395 2180 2006 54 1360 206 -3657 -7260 -8367 5554 -1307 -1865 -3902 4599 3804 -1284 4374 4355 -2976 -3727 12635 2694 4771 1310 8610 3214 2694 12574 486 -10127 267 8688 8410 -1836 -5215 3016 -9202 -6127 4579 7634 -2198 11912 1123 2667
3913 3830 -8017 -2469 -11959 5425 -668 -1824 -5464 -2211 -366 -2121 -9325 -7594 -7030 945 -3827 2021 -10831 -1956 8395 2180 2006 54 1360 206 -3657 -7260 -8367 5554 -1307 -1865 -3902 4599 3804 -1284 4374 4355 -2976 -3727 12635 2694 4771 1310 8610 3214 2694 12574 486 -10127 267 8688 8410 -1836 -5215 3016 -9202 -6127 4579 7634 -2198 11912 1123 2667
4814 3697 -9323 -2944 -12717 4143 -1598 -3153 -5408 -1539 761 -2999 -8674 -6742 -7927 1111 -2822 2192 -10268 -1159 7700 2714 986 -158 1293 139 -4189 -8733 -8721 4953 -777 -1794 -2721 3527 2758 -2357 4881 4199 -3564 -3567 12575 2931 5763 1315 7765 2858 1744 11982 -596 -8921 -966 8667 7969 -1693 -4573 2029 -9855 -6783 3981 7050 -2223 11873 1470 2781
5650 4699 -7028 1856 -12492 5174 963 2416 -6461 1599 -107 -2365 -2622 -12338 -3235 -3382 -10391 10430 -11770 615 12151 2272 -1034 543 -997 -1089 -2250 -11140 -7977 7571 -3387 1756 -6643 1900 7581 -4024 3392 3708 -6464 -4011 8717 4062 4460 -3071 13347 1850 2929 8856 1083 -13369 -3466 14465 9499 3570 314 10138 -7248 -2353 3105 8706 -2023 11959 -2814 5630
3691 3641 -7868 -2142 -12037 5197 -791 -1937 -5280 -2155 -36 -2241 -9469 -7630 -7302 589 -3614 2132 -10753 -1976 8546 2348 2031 131 1536 272 -3893 -7303 -8630 5661 -1293 -1766 -3679 4503 3488 -1081 4288 4255 -2611 -3862 12596 2404 4756 1332 8371 3253 2501 12657 381 -10350 -101 8515 8276 -2077 -5054 2799 -9208 -6124 4266 7305 -2140 12017 1361 2567
3913 3830 -8017 -2469 -11959 5425 -668 -1824 -5464 -2211 -366 -2121 -9325 -7594 -7030 945 -3827 2021 -10831 -1956 8395 2180 2006 54 1360 206 -3657 -7260 -8367 5554 -1307 -1865 -3902 4599 3804 -1284 4374 4355 -2976 -3727 12635 2694 4771 1310 8610 3214 2694 12574 486 -10127 267 8688 8410 -1836 -5215 3016 -9202 -6127 4579 7634 -2198 11912 1123 2667
3913 3830 -8017 -2469 -11959 5425 -668 -1824 -5464 -2211 -366 -2121 -9325 -7594 -7030 945 -3827 2021 -10831 -1956 8395 2180 2006 54 1360 206 -3657 -7260 -8367 5554 -1307 -1865 -3902 4599 3804 -1284 4374 4355 -2976 -3727 12635 2694 4771 1310 8610 3214 2694 12574 486 -10127 267 8688 8410 -1836 -5215 3016 -9202 -6127 4579 7634 -2198 11912 1123 2667
3913 3830 -8017 -2469 -11959 5425 -668 -1824 -5464 -2211 -366 -2121 -9325 -7594 -7030 945 -3827 2021 -10831 -1956 8395 2180 2006 54 1360 206 -3657 -7260 -8367 5554 -1307 -1865 -3902 4599 3804 -1284 4374 4355 -2976 -3727 12635 2694 4771 1310 8610 3214 2694 12574 486 -10127 267 8688 8410 -1836 -5215 3016 -9202 -6127 4579 7634 -2198 11912 1123 2667
3913 3830 -8017 -2469 -11959 5425 -668 -1824 -5464 -2211 -366 -2121 -9325 -7594 -7030 945 -3827 2021 -10831 -1956 8395 2180 2006 54 1360 206 -3657 -7260 -8367 5554 -1307 -1865 -3902 4599 3804 -1284 4374 4355 -2976 -3727 12635 2694 4771 1310 8610 3214 2694 12574 486 -10127 267 8688 8410 -1836 -5215 3016 -9202 -6127 4579 7634 -2198 11912 1123 2667
3370 4653 -8455 -983 -12828 3275 -2035 -2370 -613 597 -4474 -1390 -3397 -11363 -7707 -2383 -3896 4735 -10570 -4706 6881 2964 3755 1363 4109 2248 -1523 -8946 -9604 9433 -3422 325 -1416 4213 4909 -1340 3854 1473 -6282 -133 12999 2090 3534 -1383 7968 4520 1610 7173 154 -11528 -2121 9683 9687 758 -1875 3046 -8938 -4034 2199 7542 -2514 11486 5079 4471
538 2534 -4221 1038 -14593 4038 3552 -3968 -5432 452 -476 -5139 -9447 -6944 -11404 -3416 -900 5107 -10540 2179 12412 8980 -1792 2326 2492 389 -5831 -3574 -8494 7609 -5753 -1786 -548 1139 889 -1556 6087 6835 -2648 -6205 10659 1136 -932 -74 9377 3608 477 11486 -855 -14842 -1545 8786 6647 -755 -1378 7312 -9753 -2930 -1506 9327 -5065 15906 -1867 6516
3913 3830 -8017 -2469 -11959 5425 -668 -1824 -5464 -2211 -366 -2121 -9325 -7594 -7030 945 -3827 2021 -10831 -1956 8395 2180 2006 54 1360 206 -3657 -7260 -8367 5554 -1307 -1865 -3902 4599 3804 -1284 4374 4355 -2976 -3727 12635 2694 4771 1310 8610 3214 2694 12574 486 -10127 267 8688 8410 -1836 -5215 3016 -9202 -6127 4579 7634 -2198 11912 1123 2667
3913 3830 -8017 -2469 -11959 5425 -668 -1824 -5464 -2211 -366 -2121 -9325 -7594 -7030 945 -3827 2021 -10831 -1956 8395 2180 2006 54 1360 206 -3657 -7260 -8367 5554 -1307 -1865 -3902 4599 3804 -1284 4374 4355 -2976 -3727 12635 2694 4771 1310 8610 3214 2694 12574 486 -10127 267 8688 8410 -1836 -5215 3016 -9202 -6127 4579 7634 -2198 11912 1123 2667
3913 3830 -8017 -2469 -11959 5425 -668 -1824 -5464 -2211 -366 -2121 -9325 -7594 -7030 945 -3827 2021 -10831 -1956 8395 2180 2006 54 1360 206 -3657 -7260 -8367 5554 -1307 -1865 -3902 4599 3804 -1284 4374 4355 -2976 -3727 12635 2694 4771 1310 8610 3214 2694 12574 486 -10127 267 8688 8410 -1836 -5215 3016 -9202 -6127 4579 7634 -2198 11912 1123 2667
