-1450 728 -220 734 -470 -525 -679 1062 70 -663 963 1024 -178 -132 -1498 -796 -575 -972 -638 804 351 631 608 -673 902 -392 382 250 -890 228 -57 2473 -477 129 331 -1071 350 1173 -794 -420 -148 -998 -1128 671 313 -526 358 -384 1408 1032 386 -923 1520 -536 -6 130 -1036 -382 922 -25 1331 -1813 -98 -485
-1021 1018 221 1207 -34 -647 -300 822 -684 -398 952 686 85 -191 -1332 -670 -842 -533 -661 178 100 63 220 -665 519 90 416 -216 -645 497 -475 2336 44 85 699 -1131 291 1382 -362 -441 -29 -1203 -629 323 -34 -988 404 -918 948 1238 534 -420 1469 -71 371 613 -1546 -243 956 -164 762 -1863 -465 -494
-1021 1018 221 1207 -34 -647 -300 822 -684 -398 952 686 85 -191 -1332 -670 -842 -533 -661 178 100 63 220 -665 519 90 416 -216 -645 497 -475 2336 44 85 699 -1131 291 1382 -362 -441 -29 -1203 -629 323 -34 -988 404 -918 948 1238 534 -420 1469 -71 371 613 -1546 -243 956 -164 762 -1863 -465 -494
-1021 1018 221 1207 -34 -647 -300 822 -684 -398 952 686 85 -191 -1332 -670 -842 -533 -661 178 100 63 220 -665 519 90 416 -216 -645 497 -475 2336 44 85 699 -1131 291 1382 -362 -441 -29 -1203 -629 323 -34 -988 404 -918 948 1238 534 -420 1469 -71 371 613 -1546 -243 956 -164 762 -1863 -465 -494
-1021 1018 221 1207 -34 -647 -300 822 -684 -398 952 686 85 -191 -1332 -670 -842 -533 -661 178 100 63 220 -665 519 90 416 -216 -645 497 -475 2336 44 85 699 -1131 291 1382 -362 -441 -29 -1203 -629 323 -34 -988 404 -918 948 1238 534 -420 1469 -71 371 613 -1546 -243 956 -164 762 -1863 -465 -494
-1021 1018 221 1207 -34 -647 -300 822 -684 -398 952 686 85 -191 -1332 -670 -842 -533 -661 178 100 63 220 -665 519 90 416 -216 -645 497 -475 2336 44 85 699 -1131 291 1382 -362 -441 -29 -1203 -629 323 -34 -988 404 -918 948 1238 534 -420 1469 -71 371 613 -1546 -243 956 -164 762 -1863 -465 -494
-1021 1018 221 1207 -34 -647 -300 822 -684 -398 952 686 85 -191 -1332 -670 -842 -533 -661 178 100 63 220 -665 519 90 416 -216 -645 497 -475 2336 44 85 699 -1131 291 1382 -362 -441 -29 -1203 -629 323 -34 -988 404 -918 948 1238 534 -420 1469 -71 371 613 -1546 -243 956 -164 762 -1863 -465 -494
-1021 1018 221 1207 -34 -647 -300 822 -684 -398 952 686 85 -191 -1332 -670 -842 -533 -661 178 100 63 220 -665 519 90 416 -216 -645 497 -475 2336 44 85 699 -1131 291 1382 -362 -441 -29 -1203 -629 323 -34 -988 404 -918 948 1238 534 -420 1469 -71 371 613 -1546 -243 956 -164 762 -1863 -465 -494
-1021 1018 221 1207 -34 -647 -300 822 -684 -398 952 686 85 -191 -1332 -670 -842 -533 -661 178 100 63 220 -665 519 90 416 -216 -645 497 -475 2336 44 85 699 -1131 291 1382 -362 -441 -29 -1203 -629 323 -34 -988 404 -918 948 1238 534 -420 1469 -71 371 613 -1546 -243 956 -164 762 -1863 -465 -494
-1294 1020 -169 1322 111 -453 -681 862 -595 -629 970 560 15 -176 -1107 -666 -843 -518 -836 294 62 52 442 -411 830 -129 327 -149 -800 547 -421 2563 -109 360 615 -1082 228 1139 -49 -322 -263 -1139 -668 121 32 -1163 80 -1032 958 1452 731 -638 1593 -117 347 800 -1443 -215 1219 35 1175 -1984 -447 -454
-1161 824 114 1179 -107 -772 -133 839 -699 -616 930 593 240 -88 -1336 -929 -613 -475 -657 365 265 203 140 -191 539 13 515 -130 -670 634 -460 2373 -217 214 558 -1379 138 1251 -228 -730 18 -1254 -884 280 133 -874 518 -908 1027 939 599 -755 1719 -483 134 460 -1420 -26 847 -222 919 -1897 72 -608
-1021 1018 221 1207 -34 -647 -300 822 -684 -398 952 686 85 -191 -1332 -670 -842 -533 -661 178 100 63 220 -665 519 90 416 -216 -645 497 -475 2336 44 85 699 -1131 291 1382 -362 -441 -29 -1203 -629 323 -34 -988 404 -918 948 1238 534 -420 1469 -71 371 613 -1546 -243 956 -164 762 -1863 -465 -494
-1021 1018 221 1207 -34 -647 -300 822 -684 -398 952 686 85 -191 -1332 -670 -842 -533 -661 178 100 63 220 -665 519 90 416 -216 -645 497 -475 2336 44 85 699 -1131 291 1382 -362 -441 -29 -1203 -629 323 -34 -988 404 -918 948 1238 534 -420 1469 -71 371 613 -1546 -243 956 -164 762 -1863 -465 -494
-1021 1018 221 1207 -34 -647 -300 822 -684 -398 952 686 85 -191 -1332 -670 -842 -533 -661 178 100 63 220 -665 519 90 416 -216 -645 497 -475 2336 44 85 699 -1131 291 1382 -362 -441 -29 -1203 -629 323 -34 -988 404 -918 948 1238 534 -420 1469 -71 371 613 -1546 -243 956 -164 762 -1863 -465 -494
-1021 1018 221 1207 -34 -647 -300 822 -684 -398 952 686 85 -191 -1332 -670 -842 -533 -661 178 100 63 220 -665 519 90 416 -216 -645 497 -475 2336 44 85 699 -1131 291 1382 -362 -441 -29 -1203 -629 323 -34 -988 404 -918 948 1238 534 -420 1469 -71 371 613 -1546 -243 956 -164 762 -1863 -465 -494
-1021 1018 221 1207 -34 -647 -300 822 -684 -398 952 686 85 -191 -1332 -670 -842 -533 -661 178 100 63 220 -665 519 90 416 -216 -645 497 -475 2336 44 85 699 -1131 291 1382 -362 -441 -29 -1203 -629 323 -34 -988 404 -918 948 1238 534 -420 1469 -71 371 613 -1546 -243 956 -164 762 -1863 -465 -494
-897 875 250 1508 57 -679 379 893 -673 -513 968 528 -392 -127 -1698 -693 -620 -453 -563 760 345 554 761 -469 956 -564 670 84 -336 1014 -912 2219 119 -79 460 -1086 -49 1345 -64 -407 107 -1186 -954 403 295 -624 458 -473 1243 1102 128 -619 1994 -224 106 343 -827 -108 591 16 1002 -1907 -66 -558
-1284 650 230 1049 -190 -719 -332 685 -79 -591 590 866 -493 -514 -1256 -354 -427 -840 -508 720 357 532 870 -836 517 -660 673 144 -343 415 -92 2111 88 -162 520 -1055 318 926 -520 164 32 -676 -890 601 218 -340 371 -570 1397 1290 343 -492 1605 -500 -116 138 -942 -637 947 -6 1125 -1606 -228 -762
-1174 821 63 682 -432 -612 -569 930 175 -534 749 881 -582 -464 -1213 -316 -551 -1096 -485 654 313 558 642 -1208 389 -614 380 17 -310 393 85 2118 -8 -190 411 -656 584 1074 -983 369 -93 -552 -924 757 -36 -363 242 -411 1317 1084 211 -274 1390 -171 112 188 -1307 -557 1065 -95 680 -1398 -518 -747
-1261 869 -630 775 -141 -245 -1059 951 470 -733 627 595 -874 -251 -832 -255 -598 -1243 -561 812 169 283 870 -1067 645 -704 -93 102 -483 578 124 2180 -195 246 287 -343 544 811 -688 586 -308 -356 -908 577 75 -485 17 -259 1279 1157 262 -631 1431 26 124 412 -1156 -670 1276 298 972 -1485 -938 -618
-1294 713 -114 663 -360 -1237 -325 1291 -334 -597 831 1071 332 118 -1264 -736 -665 -527 -246 359 377 440 265 -461 260 -361 597 -142 -729 255 24 2036 -125 104 351 -1216 255 1199 -743 -650 118 -1116 -886 547 294 -581 476 -561 1345 871 410 -584 1766 -857 326 408 -1800 -242 853 103 723 -1873 -78 -373
-1021 1018 221 1207 -34 -647 -300 822 -684 -398 952 686 85 -191 -1332 -670 -842 -533 -661 178 100 63 220 -665 519 90 416 -216 -645 497 -475 2336 44 85 699 -1131 291 1382 -362 -441 -29 -1203 -629 323 -34 -988 404 -918 948 1238 534 -420 1469 -71 371 613 -1546 -243 956 -164 762 -1863 -465 -494
-1021 1018 221 1207 -34 -647 -300 822 -684 -398 952 686 85 -191 -1332 -670 -842 -533 -661 178 100 63 220 -665 519 90 416 -216 -645 497 -475 2336 44 85 699 -1131 291 1382 -362 -441 -29 -1203 -629 323 -34 -988 404 -918 948 1238 534 -420 1469 -71 371 613 -1546 -243 956 -164 762 -1863 -465 -494
-1021 1018 221 1207 -34 -647 -300 822 -684 -398 952 686 85 -191 -1332 -670 -842 -533 -661 178 100 63 220 -665 519 90 416 -216 -645 497 -475 2336 44 85 699 -1131 291 1382 -362 -441 -29 -1203 -629 323 -34 -988 404 -918 948 1238 534 -420 1469 -71 371 613 -1546 -243 956 -164 762 -1863 -465 -494
-1021 1018 221 1207 -34 -647 -300 822 -684 -398 952 686 85 -191 -1332 -670 -842 -533 -661 178 100 63 220 -665 519 90 416 -216 -645 497 -475 2336 44 85 699 -1131 291 1382 -362 -441 -29 -1203 -629 323 -34 -988 404 -918 948 1238 534 -420 1469 -71 371 613 -1546 -243 956 -164 762 -1863 -465 -494
-1021 1018 221 1207 -34 -647 -300 822 -684 -398 952 686 85 -191 -1332 -670 -842 -533 -661 178 100 63 220 -665 519 90 416 -216 -645 497 -475 2336 44 85 699 -1131 291 1382 -362 -441 -29 -1203 -629 323 -34 -988 404 -918 948 1238 534 -420 1469 -71 371 613 -1546 -243 956 -164 762 -1863 -465 -494
-704 997 224 1031 -767 -422 428 990 -27 -512 1482 402 -284 -262 -2019 -976 -298 -1119 -545 978 303 801 539 -848 1249 -486 382 407 -399 789 -551 2360 -280 -189 354 -847 256 1611 -600 -492 -32 -1190 -1510 731 233 -259 395 -36 1461 672 -11 -1032 1716 -6 -371 -567 -187 -14 533 -354 1069 -1393 64 -547
-1129 956 136 1169 65 -632 -460 814 -702 -393 850 810 -47 -226 -1289 -550 -847 -571 -683 175 -8 53 352 -699 570 90 387 -220 -667 437 -392 2348 6 179 718 -1215 318 1238 -390 -394 -104 -1198 -622 325 -53 -907 309 -943 1026 1319 542 -445 1449 -173 416 677 -1672 -384 1041 -55 847 -1836 -513 -646
-1021 1018 221 1207 -34 -647 -300 822 -684 -398 952 686 85 -191 -1332 -670 -842 -533 -661 178 100 63 220 -665 519 90 416 -216 -645 497 -475 2336 44 85 699 -1131 291 1382 -362 -441 -29 -1203 -629 323 -34 -988 404 -918 948 1238 534 -420 1469 -71 371 613 -1546 -243 956 -164 762 -1863 -465 -494
-1021 1018 221 1207 -34 -647 -300 822 -684 -398 952 686 85 -191 -1332 -670 -842 -533 -661 178 100 63 220 -665 519 90 416 -216 -645 497 -475 2336 44 85 699 -1131 291 1382 -362 -441 -29 -1203 -629 323 -34 -988 404 -918 948 1238 534 -420 1469 -71 371 613 -1546 -243 956 -164 762 -1863 -465 -494
-1021 1018 221 1207 -34 -647 -300 822 -684 -398 952 686 85 -191 -1332 -670 -842 -533 -661 178 100 63 220 -665 519 90 416 -216 -645 497 -475 2336 44 85 699 -1131 291 1382 -362 -441 -29 -1203 -629 323 -34 -988 404 -918 948 1238 534 -420 1469 -71 371 613 -1546 -243 956 -164 762 -1863 -465 -494
-1021 1018 221 1207 -34 -647 -300 822 -684 -398 952 686 85 -191 -1332 -670 -842 -533 -661 178 100 63 220 -665 519 90 416 -216 -645 497 -475 2336 44 85 699 -1131 291 1382 -362 -441 -29 -1203 -629 323 -34 -988 404 -918 948 1238 534 -420 1469 -71 371 613 -1546 -243 956 -164 762 -1863 -465 -494
-1025 1253 -670 1222 178 -96 -903 760 -345 -728 1240 235 -500 -122 -934 -420 -539 -747 -932 554 208 -167 243 -568 1061 -301 -314 -108 -763 856 -87 2682 -280 563 583 -673 356 955 -34 -117 -372 -962 -629 146 -117 -1261 -192 -786 741 1531 674 -808 1492 149 542 870 -1105 -232 1226 35 1272 -1788 -662 -394
-1431 564 -43 606 -442 -1198 -566 1178 -94 -585 650 1179 480 -35 -1117 -717 -596 -680 -194 438 386 516 403 -497 142 -511 846 -49 -702 -72 237 2054 51 67 449 -1074 318 1100 -892 -446 246 -912 -886 625 244 -603 502 -464 1414 960 554 -480 1646 -931 159 398 -1622 -417 896 -36 725 -1758 99 -418
-1021 1018 221 1207 -34 -647 -300 822 -684 -398 952 686 85 -191 -1332 -670 -842 -533 -661 178 100 63 220 -665 519 90 416 -216 -645 497 -475 2336 44 85 699 -1131 291 1382 -362 -441 -29 -1203 -629 323 -34 -988 404 -918 948 1238 534 -420 1469 -71 371 613 -1546 -243 956 -164 762 -1863 -465 -494
-1021 1018 221 1207 -34 -647 -300 822 -684 -398 952 686 85 -191 -1332 -670 -842 -533 -661 178 100 63 220 -665 519 90 416 -216 -645 497 -475 2336 44 85 699 -1131 291 1382 -362 -441 -29 -1203 -629 323 -34 -988 404 -918 948 1238 534 -420 1469 -71 371 613 -1546 -243 956 -164 762 -1863 -465 -494
-1021 1018 221 1207 -34 -647 -300 822 -684 -398 952 686 85 -191 -1332 -670 -842 -533 -661 178 100 63 220 -665 519 90 416 -216 -645 497 -475 2336 44 85 699 -1131 291 1382 -362 -441 -29 -1203 -629 323 -34 -988 404 -918 948 1238 534 -420 1469 -71 371 613 -1546 -243 956 -164 762 -1863 -465 -494
-1021 1018 221 1207 -34 -647 -300 822 -684 -398 952 686 85 -191 -1332 -670 -842 -533 -661 178 100 63 220 -665 519 90 416 -216 -645 497 -475 2336 44 85 699 -1131 291 1382 -362 -441 -29 -1203 -629 323 -34 -988 404 -918 948 1238 534 -420 1469 -71 371 613 -1546 -243 956 -164 762 -1863 -465 -494
-1240 1035 -96 1237 47 -523 -633 848 -585 -452 879 590 -43 -109 -1153 -555 -901 -561 -700 251 22 -68 362 -534 709 -15 380 -237 -749 535 -464 2470 24 256 605 -1076 330 1218 -164 -303 -195 -1064 -551 186 -25 -1033 180 -923 987 1351 608 -465 1554 -73 458 826 -1564 -244 1074 41 963 -1992 -594 -483
-1044 735 228 759 -1094 -1087 220 1279 117 -592 1181 700 386 94 -1853 -1061 -431 -844 9 896 528 866 498 -594 787 -612 927 320 -607 419 -426 2174 106 -188 266 -1011 125 1639 -678 -539 304 -927 -1323 834 387 -120 745 65 1689 327 102 -918 1869 -638 -267 -571 -439 -18 273 -325 902 -1754 474 -394
-1059 1005 205 1205 2 -640 -353 802 -689 -385 919 731 32 -209 -1326 -634 -832 -544 -688 171 56 38 266 -680 540 112 402 -217 -651 475 -452 2342 34 124 709 -1167 297 1333 -360 -433 -48 -1198 -621 323 -32 -955 372 -935 978 1280 543 -439 1457 -105 383 624 -1560 -292 970 -134 818 -1866 -478 -547
-1021 1018 221 1207 -34 -647 -300 822 -684 -398 952 686 85 -191 -1332 -670 -842 -533 -661 178 100 63 220 -665 519 90 416 -216 -645 497 -475 2336 44 85 699 -1131 291 1382 -362 -441 -29 -1203 -629 323 -34 -988 404 -918 948 1238 534 -420 1469 -71 371 613 -1546 -243 956 -164 762 -1863 -465 -494
-1021 1018 221 1207 -34 -647 -300 822 -684 -398 952 686 85 -191 -1332 -670 -842 -533 -661 178 100 63 220 -665 519 90 416 -216 -645 497 -475 2336 44 85 699 -1131 291 1382 -362 -441 -29 -1203 -629 323 -34 -988 404 -918 948 1238 534 -420 1469 -71 371 613 -1546 -243 956 -164 762 -1863 -465 -494
-1021 1018 221 1207 -34 -647 -300 822 -684 -398 952 686 85 -191 -1332 -670 -842 -533 -661 178 100 63 220 -665 519 90 416 -216 -645 497 -475 2336 44 85 699 -1131 291 1382 -362 -441 -29 -1203 -629 323 -34 -988 404 -918 948 1238 534 -420 1469 -71 371 613 -1546 -243 956 -164 762 -1863 -465 -494
-1021 1018 221 1207 -34 -647 -300 822 -684 -398 952 686 85 -191 -1332 -670 -842 -533 -661 178 100 63 220 -665 519 90 416 -216 -645 497 -475 2336 44 85 699 -1131 291 1382 -362 -441 -29 -1203 -629 323 -34 -988 404 -918 948 1238 534 -420 1469 -71 371 613 -1546 -243 956 -164 762 -1863 -465 -494
-862 1286 -121 1083 -152 -310 -90 787 -214 -300 1072 339 -919 -283 -1436 -336 -575 -880 -703 577 400 3 253 -952 699 -225 -121 -85 -287 954 -341 2285 -76 -39 520 -606 442 1418 -546 -9 -211 -897 -675 479 -28 -548 255 -500 895 1283 73 -467 1482 282 394 446 -1130 -155 758 120 787 -1675 -841 -521
-1409 673 -79 566 -361 -827 -895 1027 -2 -465 644 1200 170 -305 -1037 -408 -711 -844 -415 279 168 427 431 -870 202 -346 703 -57 -744 -75 305 2153 112 113 626 -959 490 967 -1048 -15 105 -745 -773 705 -3 -682 267 -567 1357 1218 664 -266 1342 -493 219 488 -1833 -653 1122 -99 674 -1600 -328 -599
-1021 1018 221 1207 -34 -647 -300 822 -684 -398 952 686 85 -191 -1332 -670 -842 -533 -661 178 100 63 220 -665 519 90 416 -216 -645 497 -475 2336 44 85 699 -1131 291 1382 -362 -441 -29 -1203 -629 323 -34 -988 404 -918 948 1238 534 -420 1469 -71 371 613 -1546 -243 956 -164 762 -1863 -465 -494
-1021 1018 221 1207 -34 -647 -300 822 -684 -398 952 686 85 -191 -1332 -670 -842 -533 -661 178 100 63 220 -665 519 90 416 -216 -645 497 -475 2336 44 85 699 -1131 291 1382 -362 -441 -29 -1203 -629 323 -34 -988 404 -918 948 1238 534 -420 1469 -71 371 613 -1546 -243 956 -164 762 -1863 -465 -494
-1021 1018 221 1207 -34 -647 -300 822 -684 -398 952 686 85 -191 -1332 -670 -842 -533 -661 178 100 63 220 -665 519 90 416 -216 -645 497 -475 2336 44 85 699 -1131 291 1382 -362 -441 -29 -1203 -629 323 -34 -988 404 -918 948 1238 534 -420 1469 -71 371 613 -1546 -243 956 -164 762 -1863 -465 -494
