3374 4912 -8052 473 -13202 1635 -99 -1183 -4336 2658 1659 -2918 -4131 -10155 -8077 -3558 -6077 5575 -9769 1217 11698 4380 -404 608 1425 369 -3683 -10078 -9651 7947 -3887 2676 -1513 1255 4171 -2680 3961 4331 -5302 -4779 9821 1134 1393 -531 8986 457 -81 8943 -49 -11136 -3755 9234 7509 894 -541 6037 -10438 -6202 178 5445 113 13487 2270 7183
2892 4848 -7796 -1261 -11993 4778 -968 -1002 -6148 -2609 585 -1435 -9240 -7784 -8362 275 -4669 1488 -11492 -1778 8495 2243 2226 -611 1879 296 -3242 -7476 -9012 6051 -1782 471 -3858 4684 4503 -2415 4665 5737 -3338 -4168 12605 1490 4142 1633 8577 2227 3099 11656 1435 -8888 802 8268 9879 -1907 -4844 3629 -10748 -6370 5535 7470 -1436 10049 658 2173
2892 4848 -7796 -1261 -11993 4778 -968 -1002 -6148 -2609 585 -1435 -9240 -7784 -8362 275 -4669 1488 -11492 -1778 8495 2243 2226 -611 1879 296 -3242 -7476 -9012 6051 -1782 471 -3858 4684 4503 -2415 4665 5737 -3338 -4168 12605 1490 4142 1633 8577 2227 3099 11656 1435 -8888 802 8268 9879 -1907 -4844 3629 -10748 -6370 5535 7470 -1436 10049 658 2173
2892 4848 -7796 -1261 -11993 4778 -968 -1002 -6148 -2609 585 -1435 -9240 -7784 -8362 275 -4669 1488 -11492 -1778 8495 2243 2226 -611 1879 296 -3242 -7476 -9012 6051 -1782 471 -3858 4684 4503 -2415 4665 5737 -3338 -4168 12605 1490 4142 1633 8577 2227 3099 11656 1435 -8888 802 8268 9879 -1907 -4844 3629 -10748 -6370 5535 7470 -1436 10049 658 2173
2892 4848 -7796 -1261 -11993 4778 -968 -1002 -6148 -2609 585 -1435 -9240 -7784 -8362 275 -4669 1488 -11492 -1778 8495 2243 2226 -611 1879 296 -3242 -7476 -9012 6051 -1782 471 -3858 4684 4503 -2415 4665 5737 -3338 -4168 12605 1490 4142 1633 8577 2227 3099 11656 1435 -8888 802 8268 9879 -1907 -4844 3629 -10748 -6370 5535 7470 -1436 10049 658 2173
2892 4848 -7796 -1261 -11993 4778 -968 -1002 -6148 -2609 585 -1435 -9240 -7784 -8362 275 -4669 1488 -11492 -1778 8495 2243 2226 -611 1879 296 -3242 -7476 -9012 6051 -1782 471 -3858 4684 4503 -2415 4665 5737 -3338 -4168 12605 1490 4142 1633 8577 2227 3099 11656 1435 -8888 802 8268 9879 -1907 -4844 3629 -10748 -6370 5535 7470 -1436 10049 658 2173
2892 4848 -7796 -1261 -11993 4778 -968 -1002 -6148 -2609 585 -1435 -9240 -7784 -8362 275 -4669 1488 -11492 -1778 8495 2243 2226 -611 1879 296 -3242 -7476 -9012 6051 -1782 471 -3858 4684 4503 -2415 4665 5737 -3338 -4168 12605 1490 4142 1633 8577 2227 3099 11656 1435 -8888 802 8268 9879 -1907 -4844 3629 -10748 -6370 5535 7470 -1436 10049 658 2173
2892 4848 -7796 -1261 -11993 4778 -968 -1002 -6148 -2609 585 -1435 -9240 -7784 -8362 275 -4669 1488 -11492 -1778 8495 2243 2226 -611 1879 296 -3242 -7476 -9012 6051 -1782 471 -3858 4684 4503 -2415 4665 5737 -3338 -4168 12605 1490 4142 1633 8577 2227 3099 11656 1435 -8888 802 8268 9879 -1907 -4844 3629 -10748 -6370 5535 7470 -1436 10049 658 2173
2892 4848 -7796 -1261 -11993 4778 -968 -1002 -6148 -2609 585 -1435 -9240 -7784 -8362 275 -4669 1488 -11492 -1778 8495 2243 2226 -611 1879 296 -3242 -7476 -9012 6051 -1782 471 -3858 4684 4503 -2415 4665 5737 -3338 -4168 12605 1490 4142 1633 8577 2227 3099 11656 1435 -8888 802 8268 9879 -1907 -4844 3629 -10748 -6370 5535 7470 -1436 10049 658 2173
4014 5030 -10014 -1820 -12605 3605 -2226 -2773 -6684 -1626 2645 -2304 -8402 -6231 -8521 622 -3895 1655 -10819 -677 7329 2904 553 -727 1655 -495 -3969 -9155 -9275 4273 -1326 1225 -1975 3401 3944 -3612 4867 4671 -4243 -4491 11464 2381 5188 1193 7589 447 993 11842 7 -6867 -41 7601 8562 -2525 -3843 2336 -11234 -7309 5491 6012 -246 9966 1249 2970
5041 4783 -8769 -402 -13095 3325 -3071 -1252 -8198 -1884 2987 -750 -7244 -8566 -7193 1633 -6037 1703 -11246 -25 9432 1460 1126 -944 328 129 -3764 -9507 -8088 5491 -1189 951 -3441 4518 4795 -3096 3595 5219 -3143 -6226 11527 1943 5163 1848 8658 1348 2415 12107 2353 -8750 1099 8091 8499 -1227 -5180 3393 -9551 -7696 5842 7415 -167 10334 -838 1685
2892 4848 -7796 -1261 -11993 4778 -968 -1002 -6148 -2609 585 -1435 -9240 -7784 -8362 275 -4669 1488 -11492 -1778 8495 2243 2226 -611 1879 296 -3242 -7476 -9012 6051 -1782 471 -3858 4684 4503 -2415 4665 5737 -3338 -4168 12605 1490 4142 1633 8577 2227 3099 11656 1435 -8888 802 8268 9879 -1907 -4844 3629 -10748 -6370 5535 7470 -1436 10049 658 2173
2892 4848 -7796 -1261 -11993 4778 -968 -1002 -6148 -2609 585 -1435 -9240 -7784 -8362 275 -4669 1488 -11492 -1778 8495 2243 2226 -611 1879 296 -3242 -7476 -9012 6051 -1782 471 -3858 4684 4503 -2415 4665 5737 -3338 -4168 12605 1490 4142 1633 8577 2227 3099 11656 1435 -8888 802 8268 9879 -1907 -4844 3629 -10748 -6370 5535 7470 -1436 10049 658 2173
2892 4848 -7796 -1261 -11993 4778 -968 -1002 -6148 -2609 585 -1435 -9240 -7784 -8362 275 -4669 1488 -11492 -1778 8495 2243 2226 -611 1879 296 -3242 -7476 -9012 6051 -1782 471 -3858 4684 4503 -2415 4665 5737 -3338 -4168 12605 1490 4142 1633 8577 2227 3099 11656 1435 -8888 802 8268 9879 -1907 -4844 3629 -10748 -6370 5535 7470 -1436 10049 658 2173
2892 4848 -7796 -1261 -11993 4778 -968 -1002 -6148 -2609 585 -1435 -9240 -7784 -8362 275 -4669 1488 -11492 -1778 8495 2243 2226 -611 1879 296 -3242 -7476 -9012 6051 -1782 471 -3858 4684 4503 -2415 4665 5737 -3338 -4168 12605 1490 4142 1633 8577 2227 3099 11656 1435 -8888 802 8268 9879 -1907 -4844 3629 -10748 -6370 5535 7470 -1436 10049 658 2173
2892 4848 -7796 -1261 -11993 4778 -968 -1002 -6148 -2609 585 -1435 -9240 -7784 -8362 275 -4669 1488 -11492 -1778 8495 2243 2226 -611 1879 296 -3242 -7476 -9012 6051 -1782 471 -3858 4684 4503 -2415 4665 5737 -3338 -4168 12605 1490 4142 1633 8577 2227 3099 11656 1435 -8888 802 8268 9879 -1907 -4844 3629 -10748 -6370 5535 7470 -1436 10049 658 2173
1311 3863 -6347 1238 -11734 3694 -1657 1902 -3814 -189 -616 -786 -5843 -9737 -7046 -2339 -6429 5308 -14094 -2368 7658 2926 3198 2059 4693 8 -1477 -8445 -9829 7864 -883 3029 -3664 2453 8954 -3766 1015 4275 -6004 -4947 9994 -401 4677 -1340 10975 4948 254 10334 1655 -9127 1103 10556 11190 -2324 -4081 4291 -10062 -4584 6444 8967 119 6305 2487 1443
-1360 2288 -4570 4985 -12519 2370 -1097 -118 -2372 80 -1249 -2724 -6635 -10178 -8702 -7081 -5033 8980 -14663 -1385 11939 8361 1367 2272 7318 -357 -2366 -5236 -9443 7626 -3946 4105 190 1423 4793 -2924 769 6515 -6297 -4131 8034 -2997 1741 -2184 8871 3420 -1921 9463 2600 -12639 -2598 8877 9966 -3590 -801 5734 -8658 -1862 -216 8183 -1568 10622 675 3740
-2364 2147 -3824 3310 -13571 2638 1538 -516 -2056 899 -4251 -2955 -5334 -10629 -10897 -6861 -3802 7571 -12665 -927 12312 9834 683 1299 6064 1002 -2583 -4148 -8166 9029 -7186 3403 1326 1155 4370 -860 2694 6270 -7287 -2793 10417 -1743 -1059 -2797 8580 3766 -183 7430 962 -13456 -3006 9368 9312 244 -702 6461 -11685 -1590 -2287 8555 -3996 12717 -122 7358
-1015 2106 -7330 2044 -15022 1658 -1448 -5140 -2005 2921 -2610 -4721 -2702 -8790 -12049 -8391 -3058 7207 -10174 1465 10582 10127 -1632 1916 4461 1967 -2866 -7340 -9694 8570 -6011 4213 3549 138 3492 -2997 4653 4569 -8541 -2147 9080 -937 -204 -5218 6040 2906 -1652 5705 -311 -10508 -5453 7791 8680 935 2442 4069 -12247 -3269 -4266 6764 -3594 12639 2171 8310
1240 5329 -7293 -590 -16049 719 892 -2726 -7596 1832 2777 -1898 -6134 -8337 -11063 -2243 -3914 785 -10556 2832 11743 6087 -2010 462 524 1425 -5335 -7182 -10844 8043 -1989 530 -3497 77 2689 -2728 5461 6738 -1837 -8114 13567 2219 180 716 8290 3162 1483 12440 -774 -12746 1315 10980 7556 577 -2073 4769 -12752 -6743 1181 10625 -2400 12280 -2005 2508
2892 4848 -7796 -1261 -11993 4778 -968 -1002 -6148 -2609 585 -1435 -9240 -7784 -8362 275 -4669 1488 -11492 -1778 8495 2243 2226 -611 1879 296 -3242 -7476 -9012 6051 -1782 471 -3858 4684 4503 -2415 4665 5737 -3338 -4168 12605 1490 4142 1633 8577 2227 3099 11656 1435 -8888 802 8268 9879 -1907 -4844 3629 -10748 -6370 5535 7470 -1436 10049 658 2173
2892 4848 -7796 -1261 -11993 4778 -968 -1002 -6148 -2609 585 -1435 -9240 -7784 -8362 275 -4669 1488 -11492 -1778 8495 2243 2226 -611 1879 296 -3242 -7476 -9012 6051 -1782 471 -3858 4684 4503 -2415 4665 5737 -3338 -4168 12605 1490 4142 1633 8577 2227 3099 11656 1435 -8888 802 8268 9879 -1907 -4844 3629 -10748 -6370 5535 7470 -1436 10049 658 2173
2892 4848 -7796 -1261 -11993 4778 -968 -1002 -6148 -2609 585 -1435 -9240 -7784 -8362 275 -4669 1488 -11492 -1778 8495 2243 2226 -611 1879 296 -3242 -7476 -9012 6051 -1782 471 -3858 4684 4503 -2415 4665 5737 -3338 -4168 12605 1490 4142 1633 8577 2227 3099 11656 1435 -8888 802 8268 9879 -1907 -4844 3629 -10748 -6370 5535 7470 -1436 10049 658 2173
2892 4848 -7796 -1261 -11993 4778 -968 -1002 -6148 -2609 585 -1435 -9240 -7784 -8362 275 -4669 1488 -11492 -1778 8495 2243 2226 -611 1879 296 -3242 -7476 -9012 6051 -1782 471 -3858 4684 4503 -2415 4665 5737 -3338 -4168 12605 1490 4142 1633 8577 2227 3099 11656 1435 -8888 802 8268 9879 -1907 -4844 3629 -10748 -6370 5535 7470 -1436 10049 658 2173
2892 4848 -7796 -1261 -11993 4778 -968 -1002 -6148 -2609 585 -1435 -9240 -7784 -8362 275 -4669 1488 -11492 -1778 8495 2243 2226 -611 1879 296 -3242 -7476 -9012 6051 -1782 471 -3858 4684 4503 -2415 4665 5737 -3338 -4168 12605 1490 4142 1633 8577 2227 3099 11656 1435 -8888 802 8268 9879 -1907 -4844 3629 -10748 -6370 5535 7470 -1436 10049 658 2173
5287 5079 -7539 1515 -11008 3635 -326 3898 -2836 1582 -672 -739 -1293 -13314 -4207 -3968 -10757 9410 -10697 -3142 9735 708 2343 -465 818 -708 13 -11428 -9536 9665 -5486 5482 -4307 2640 9610 -1114 3127 1871 -9169 -941 9464 3039 3916 -2924 11965 440 3814 7970 1889 -11526 -3868 11094 10910 3720 -958 6359 -7389 -2984 3515 4380 1815 9269 2797 6285
1720 4212 -7280 -476 -12210 3970 -1157 -1397 -5727 -2163 1166 -1751 -9465 -7783 -9229 -468 -3835 1622 -11400 -1630 8895 3054 2122 -176 2384 442 -4069 -7297 -9493 6384 -1836 641 -3036 4356 3858 -1858 4644 5524 -2594 -4552 12575 652 3738 1592 8085 2818 2432 11721 1050 -9269 240 7883 9095 -2212 -4412 3265 -11125 -6658 4572 7076 -1392 10454 1064 2144
2892 4848 -7796 -1261 -11993 4778 -968 -1002 -6148 -2609 585 -1435 -9240 -7784 -8362 275 -4669 1488 -11492 -1778 8495 2243 2226 -611 1879 296 -3242 -7476 -9012 6051 -1782 471 -3858 4684 4503 -2415 4665 5737 -3338 -4168 12605 1490 4142 1633 8577 2227 3099 11656 1435 -8888 802 8268 9879 -1907 -4844 3629 -10748 -6370 5535 7470 -1436 10049 658 2173
2892 4848 -7796 -1261 -11993 4778 -968 -1002 -6148 -2609 585 -1435 -9240 -7784 -8362 275 -4669 1488 -11492 -1778 8495 2243 2226 -611 1879 296 -3242 -7476 -9012 6051 -1782 471 -3858 4684 4503 -2415 4665 5737 -3338 -4168 12605 1490 4142 1633 8577 2227 3099 11656 1435 -8888 802 8268 9879 -1907 -4844 3629 -10748 -6370 5535 7470 -1436 10049 658 2173
2892 4848 -7796 -1261 -11993 4778 -968 -1002 -6148 -2609 585 -1435 -9240 -7784 -8362 275 -4669 1488 -11492 -1778 8495 2243 2226 -611 1879 296 -3242 -7476 -9012 6051 -1782 471 -3858 4684 4503 -2415 4665 5737 -3338 -4168 12605 1490 4142 1633 8577 2227 3099 11656 1435 -8888 802 8268 9879 -1907 -4844 3629 -10748 -6370 5535 7470 -1436 10049 658 2173
2892 4848 -7796 -1261 -11993 4778 -968 -1002 -6148 -2609 585 -1435 -9240 -7784 -8362 275 -4669 1488 -11492 -1778 8495 2243 2226 -611 1879 296 -3242 -7476 -9012 6051 -1782 471 -3858 4684 4503 -2415 4665 5737 -3338 -4168 12605 1490 4142 1633 8577 2227 3099 11656 1435 -8888 802 8268 9879 -1907 -4844 3629 -10748 -6370 5535 7470 -1436 10049 658 2173
5603 5175 -11431 -2343 -13072 2216 -3033 -5950 -4236 -63 1580 -2524 -5297 -6153 -9677 -554 -3685 1316 -8617 -129 6229 2276 -171 -494 1571 1337 -3495 -10701 -10121 6310 -3410 3211 1129 3714 3226 -2982 7115 1413 -5679 -2320 11211 4277 3591 -698 5302 -1141 555 9362 896 -5672 -2222 6708 7901 -1329 -1122 616 -10661 -7573 3539 4775 324 11518 3318 5699
671 4541 -5986 1177 -15915 1354 1900 -2860 -6992 782 1956 -2581 -7414 -7760 -10909 -3356 -3318 3138 -11176 3816 13128 8021 -2498 1086 1887 -99 -5279 -5106 -9801 7752 -3367 693 -1748 73 2234 -3886 5697 8445 -2683 -8054 11319 1623 -877 484 9098 2725 507 11996 944 -13442 584 10440 7674 -838 -1381 7475 -11423 -4747 -105 11434 -3642 14007 -3172 3995
2892 4848 -7796 -1261 -11993 4778 -968 -1002 -6148 -2609 585 -1435 -9240 -7784 -8362 275 -4669 1488 -11492 -1778 8495 2243 2226 -611 1879 296 -3242 -7476 -9012 6051 -1782 471 -3858 4684 4503 -2415 4665 5737 -3338 -4168 12605 1490 4142 1633 8577 2227 3099 11656 1435 -8888 802 8268 9879 -1907 -4844 3629 -10748 -6370 5535 7470 -1436 10049 658 2173
2892 4848 -7796 -1261 -11993 4778 -968 -1002 -6148 -2609 585 -1435 -9240 -7784 -8362 275 -4669 1488 -11492 -1778 8495 2243 2226 -611 1879 296 -3242 -7476 -9012 6051 -1782 471 -3858 4684 4503 -2415 4665 5737 -3338 -4168 12605 1490 4142 1633 8577 2227 3099 11656 1435 -8888 802 8268 9879 -1907 -4844 3629 -10748 -6370 5535 7470 -1436 10049 658 2173
2892 4848 -7796 -1261 -11993 4778 -968 -1002 -6148 -2609 585 -1435 -9240 -7784 -8362 275 -4669 1488 -11492 -1778 8495 2243 2226 -611 1879 296 -3242 -7476 -9012 6051 -1782 471 -3858 4684 4503 -2415 4665 5737 -3338 -4168 12605 1490 4142 1633 8577 2227 3099 11656 1435 -8888 802 8268 9879 -1907 -4844 3629 -10748 -6370 5535 7470 -1436 10049 658 2173
2892 4848 -7796 -1261 -11993 4778 -968 -1002 -6148 -2609 585 -1435 -9240 -7784 -8362 275 -4669 1488 -11492 -1778 8495 2243 2226 -611 1879 296 -3242 -7476 -9012 6051 -1782 471 -3858 4684 4503 -2415 4665 5737 -3338 -4168 12605 1490 4142 1633 8577 2227 3099 11656 1435 -8888 802 8268 9879 -1907 -4844 3629 -10748 -6370 5535 7470 -1436 10049 658 2173
3574 4732 -9419 -1706 -12670 3620 -2231 -2305 -5992 -1991 1640 -2410 -8717 -6851 -9080 556 -3723 1631 -10968 -907 7722 2646 1348 -692 2002 124 -3809 -8970 -9470 5488 -1241 677 -2696 3783 3363 -3433 5211 5417 -3729 -3870 12380 1867 5211 1501 7740 1825 1924 11059 391 -7569 -358 8202 9523 -1766 -4115 2856 -11419 -7027 5055 7092 -1260 9880 876 2297
4605 5434 -6800 2615 -13586 4087 1184 3695 -6343 1006 1073 -1664 -2236 -12243 -5089 -4443 -10822 9586 -11761 1510 12679 3138 -535 -51 -210 -1701 -1323 -10820 -8584 7990 -3813 3929 -6537 1712 7847 -5034 3516 5346 -7143 -4550 9022 3135 3137 -2237 13733 1730 3674 8921 2772 -13042 -3364 13547 11367 2932 47 9567 -7686 -2371 3378 8381 -1121 10206 -2340 5236
2632 4646 -7663 -937 -12036 4557 -1145 -1135 -5968 -2540 883 -1510 -9437 -7839 -8629 -44 -4446 1588 -11441 -1804 8602 2387 2296 -549 2076 384 -3491 -7520 -9281 6136 -1745 576 -3645 4627 4197 -2248 4585 5588 -2971 -4296 12548 1206 4135 1655 8339 2299 2873 11722 1358 -9070 443 8076 9733 -2182 -4671 3424 -10768 -6415 5236 7171 -1323 10150 883 2020
2892 4848 -7796 -1261 -11993 4778 -968 -1002 -6148 -2609 585 -1435 -9240 -7784 -8362 275 -4669 1488 -11492 -1778 8495 2243 2226 -611 1879 296 -3242 -7476 -9012 6051 -1782 471 -3858 4684 4503 -2415 4665 5737 -3338 -4168 12605 1490 4142 1633 8577 2227 3099 11656 1435 -8888 802 8268 9879 -1907 -4844 3629 -10748 -6370 5535 7470 -1436 10049 658 2173
2892 4848 -7796 -1261 -11993 4778 -968 -1002 -6148 -2609 585 -1435 -9240 -7784 -8362 275 -4669 1488 -11492 -1778 8495 2243 2226 -611 1879 296 -3242 -7476 -9012 6051 -1782 471 -3858 4684 4503 -2415 4665 5737 -3338 -4168 12605 1490 4142 1633 8577 2227 3099 11656 1435 -8888 802 8268 9879 -1907 -4844 3629 -10748 -6370 5535 7470 -1436 10049 658 2173
2892 4848 -7796 -1261 -11993 4778 -968 -1002 -6148 -2609 585 -1435 -9240 -7784 -8362 275 -4669 1488 -11492 -1778 8495 2243 2226 -611 1879 296 -3242 -7476 -9012 6051 -1782 471 -3858 4684 4503 -2415 4665 5737 -3338 -4168 12605 1490 4142 1633 8577 2227 3099 11656 1435 -8888 802 8268 9879 -1907 -4844 3629 -10748 -6370 5535 7470 -1436 10049 658 2173
2892 4848 -7796 -1261 -11993 4778 -968 -1002 -6148 -2609 585 -1435 -9240 -7784 -8362 275 -4669 1488 -11492 -1778 8495 2243 2226 -611 1879 296 -3242 -7476 -9012 6051 -1782 471 -3858 4684 4503 -2415 4665 5737 -3338 -4168 12605 1490 4142 1633 8577 2227 3099 11656 1435 -8888 802 8268 9879 -1907 -4844 3629 -10748 -6370 5535 7470 -1436 10049 658 2173
2508 5939 -8576 100 -12981 2966 -2124 -1583 -827 297 -3402 -1051 -4315 -11646 -9143 -2718 -4471 3855 -11273 -4129 7280 2966 4009 411 4808 2023 -1644 -9031 -9891 10388 -3763 2610 -1492 4174 5429 -1946 4296 2892 -6828 -142 12788 1193 2859 -905 7940 3972 1865 6673 1049 -10244 -2048 9216 11169 1039 -1481 3492 -10068 -4190 2957 7662 -1727 9811 4238 3950
-871 3206 -4300 1604 -14954 3210 2657 -2941 -5434 -13 168 -3938 -9277 -7249 -12441 -3823 -1611 4262 -10955 2458 12580 9407 -1361 1456 2694 42 -5128 -3631 -9239 7534 -5448 367 -437 1252 1515 -2515 6577 7803 -3696 -6220 10764 392 -1705 631 9374 2926 744 10919 502 -13623 -880 8520 7989 -1248 -1159 7800 -11586 -3583 -385 9228 -4391 14306 -2195 5917
2892 4848 -7796 -1261 -11993 4778 -968 -1002 -6148 -2609 585 -1435 -9240 -7784 -8362 275 -4669 1488 -11492 -1778 8495 2243 2226 -611 1879 296 -3242 -7476 -9012 6051 -1782 471 -3858 4684 4503 -2415 4665 5737 -3338 -4168 12605 1490 4142 1633 8577 2227 3099 11656 1435 -8888 802 8268 9879 -1907 -4844 3629 -10748 -6370 5535 7470 -1436 10049 658 2173
2892 4848 -7796 -1261 -11993 4778 -968 -1002 -6148 -2609 585 -1435 -9240 -7784 -8362 275 -4669 1488 -11492 -1778 8495 2243 2226 -611 1879 296 -3242 -7476 -9012 6051 -1782 471 -3858 4684 4503 -2415 4665 5737 -3338 -4168 12605 1490 4142 1633 8577 2227 3099 11656 1435 -8888 802 8268 9879 -1907 -4844 3629 -10748 -6370 5535 7470 -1436 10049 658 2173
2892 4848 -7796 -1261 -11993 4778 -968 -1002 -6148 -2609 585 -1435 -9240 -7784 -8362 275 -4669 1488 -11492 -1778 8495 2243 2226 -611 1879 296 -3242 -7476 -9012 6051 -1782 471 -3858 4684 4503 -2415 4665 5737 -3338 -4168 12605 1490 4142 1633 8577 2227 3099 11656 1435 -8888 802 8268 9879 -1907 -4844 3629 -10748 -6370 5535 7470 -1436 10049 658 2173
