3335 2889 -5470 -203 -8879 1481 383 -1583 -3086 2289 463 -2764 -2771 -6994 -4598 -1943 -3849 4534 -6374 266 7873 2587 -725 870 343 508 -2849 -7207 -6116 5350 -2686 121 -742 763 2650 -1141 2491 2176 -3158 -3054 6915 1462 1733 -857 6013 663 -326 6468 -1035 -8486 -2902 7045 4146 973 -393 4089 -6562 -4070 -538 3784 -869 10624 1626 5314
2733 2674 -5790 -1826 -8607 3814 -540 -1365 -3967 -1642 -324 -1578 -6725 -5488 -5085 613 -2797 1382 -7801 -1460 5936 1495 1371 -24 909 85 -2676 -5250 -6040 3906 -997 -1395 -2850 3223 2656 -980 3063 3049 -2189 -2725 8965 1862 3346 873 6090 2234 1863 8922 285 -7298 128 6145 5947 -1374 -3788 2092 -6637 -4440 3209 5392 -1633 8448 740 1843
2733 2674 -5790 -1826 -8607 3814 -540 -1365 -3967 -1642 -324 -1578 -6725 -5488 -5085 613 -2797 1382 -7801 -1460 5936 1495 1371 -24 909 85 -2676 -5250 -6040 3906 -997 -1395 -2850 3223 2656 -980 3063 3049 -2189 -2725 8965 1862 3346 873 6090 2234 1863 8922 285 -7298 128 6145 5947 -1374 -3788 2092 -6637 -4440 3209 5392 -1633 8448 740 1843
2733 2674 -5790 -1826 -8607 3814 -540 -1365 -3967 -1642 -324 -1578 -6725 -5488 -5085 613 -2797 1382 -7801 -1460 5936 1495 1371 -24 909 85 -2676 -5250 -6040 3906 -997 -1395 -2850 3223 2656 -980 3063 3049 -2189 -2725 8965 1862 3346 873 6090 2234 1863 8922 285 -7298 128 6145 5947 -1374 -3788 2092 -6637 -4440 3209 5392 -1633 8448 740 1843
2733 2674 -5790 -1826 -8607 3814 -540 -1365 -3967 -1642 -324 -1578 -6725 -5488 -5085 613 -2797 1382 -7801 -1460 5936 1495 1371 -24 909 85 -2676 -5250 -6040 3906 -997 -1395 -2850 3223 2656 -980 3063 3049 -2189 -2725 8965 1862 3346 873 6090 2234 1863 8922 285 -7298 128 6145 5947 -1374 -3788 2092 -6637 -4440 3209 5392 -1633 8448 740 1843
2733 2674 -5790 -1826 -8607 3814 -540 -1365 -3967 -1642 -324 -1578 -6725 -5488 -5085 613 -2797 1382 -7801 -1460 5936 1495 1371 -24 909 85 -2676 -5250 -6040 3906 -997 -1395 -2850 3223 2656 -980 3063 3049 -2189 -2725 8965 1862 3346 873 6090 2234 1863 8922 285 -7298 128 6145 5947 -1374 -3788 2092 -6637 -4440 3209 5392 -1633 8448 740 1843
2733 2674 -5790 -1826 -8607 3814 -540 -1365 -3967 -1642 -324 -1578 -6725 -5488 -5085 613 -2797 1382 -7801 -1460 5936 1495 1371 -24 909 85 -2676 -5250 -6040 3906 -997 -1395 -2850 3223 2656 -980 3063 3049 -2189 -2725 8965 1862 3346 873 6090 2234 1863 8922 285 -7298 128 6145 5947 -1374 -3788 2092 -6637 -4440 3209 5392 -1633 8448 740 1843
2733 2674 -5790 -1826 -8607 3814 -540 -1365 -3967 -1642 -324 -1578 -6725 -5488 -5085 613 -2797 1382 -7801 -1460 5936 1495 1371 -24 909 85 -2676 -5250 -6040 3906 -997 -1395 -2850 3223 2656 -980 3063 3049 -2189 -2725 8965 1862 3346 873 6090 2234 1863 8922 285 -7298 128 6145 5947 -1374 -3788 2092 -6637 -4440 3209 5392 -1633 8448 740 1843
2733 2674 -5790 -1826 -8607 3814 -540 -1365 -3967 -1642 -324 -1578 -6725 -5488 -5085 613 -2797 1382 -7801 -1460 5936 1495 1371 -24 909 85 -2676 -5250 -6040 3906 -997 -1395 -2850 3223 2656 -980 3063 3049 -2189 -2725 8965 1862 3346 873 6090 2234 1863 8922 285 -7298 128 6145 5947 -1374 -3788 2092 -6637 -4440 3209 5392 -1633 8448 740 1843
4025 3074 -7069 -2162 -9171 3109 -993 -2523 -4319 -591 1364 -1959 -6023 -4294 -5290 1081 -2096 1729 -7170 -572 5459 2226 220 -92 742 -130 -3007 -6455 -6066 2866 -524 -842 -1227 2364 2576 -1713 3534 2724 -2932 -2913 8724 2716 4426 923 5671 1317 807 9564 -558 -5952 -427 6170 5240 -1625 -2929 1263 -7029 -5055 3266 4514 -902 8887 1380 2645
4362 2780 -6276 -1127 -9171 2878 -2083 -1486 -5300 -906 1439 -958 -5290 -5990 -4142 1795 -3837 1525 -7479 -286 6454 876 684 -542 -160 70 -3029 -6625 -5243 3414 -526 -1014 -2285 3024 2977 -1222 2427 2787 -2067 -3888 8105 2243 4253 1094 6001 1556 1327 9167 924 -6845 341 6227 4771 -536 -3759 2057 -5745 -5421 3511 5374 -777 8615 -653 1606
2733 2674 -5790 -1826 -8607 3814 -540 -1365 -3967 -1642 -324 -1578 -6725 -5488 -5085 613 -2797 1382 -7801 -1460 5936 1495 1371 -24 909 85 -2676 -5250 -6040 3906 -997 -1395 -2850 3223 2656 -980 3063 3049 -2189 -2725 8965 1862 3346 873 6090 2234 1863 8922 285 -7298 128 6145 5947 -1374 -3788 2092 -6637 -4440 3209 5392 -1633 8448 740 1843
2733 2674 -5790 -1826 -8607 3814 -540 -1365 -3967 -1642 -324 -1578 -6725 -5488 -5085 613 -2797 1382 -7801 -1460 5936 1495 1371 -24 909 85 -2676 -5250 -6040 3906 -997 -1395 -2850 3223 2656 -980 3063 3049 -2189 -2725 8965 1862 3346 873 6090 2234 1863 8922 285 -7298 128 6145 5947 -1374 -3788 2092 -6637 -4440 3209 5392 -1633 8448 740 1843
2733 2674 -5790 -1826 -8607 3814 -540 -1365 -3967 -1642 -324 -1578 -6725 -5488 -5085 613 -2797 1382 -7801 -1460 5936 1495 1371 -24 909 85 -2676 -5250 -6040 3906 -997 -1395 -2850 3223 2656 -980 3063 3049 -2189 -2725 8965 1862 3346 873 6090 2234 1863 8922 285 -7298 128 6145 5947 -1374 -3788 2092 -6637 -4440 3209 5392 -1633 8448 740 1843
2733 2674 -5790 -1826 -8607 3814 -540 -1365 -3967 -1642 -324 -1578 -6725 -5488 -5085 613 -2797 1382 -7801 -1460 5936 1495 1371 -24 909 85 -2676 -5250 -6040 3906 -997 -1395 -2851 3223 2656 -980 3063 3049 -2189 -2725 8965 1862 3346 873 6090 2234 1863 8922 285 -7298 128 6145 5947 -1374 -3788 2092 -6637 -4440 3209 5392 -1633 8448 740 1843
2733 2674 -5790 -1826 -8607 3814 -540 -1365 -3967 -1642 -324 -1578 -6725 -5488 -5085 613 -2797 1382 -7801 -1460 5936 1495 1371 -24 909 85 -2676 -5250 -6040 3906 -997 -1395 -2850 3223 2656 -980 3063 3049 -2189 -2725 8965 1862 3346 873 6090 2234 1863 8922 285 -7298 128 6145 5947 -1374 -3788 2092 -6637 -4440 3209 5392 -1633 8448 740 1843
1408 1959 -4803 -340 -8467 2936 -1585 562 -2365 80 -1267 -1077 -3995 -6928 -3922 -1310 -4247 3914 -9694 -2356 5010 1524 1570 1634 2487 254 -1663 -6165 -6846 4683 -129 422 -2818 1637 5842 -2040 601 1918 -4339 -3352 6825 405 3823 -1379 7384 3781 -293 7474 141 -7365 539 7734 6337 -1630 -3103 2636 -6663 -3306 3980 6165 -772 5643 1651 1262
-78 1089 -3291 2651 -8412 2075 -546 -572 -1585 431 -1276 -2468 -4203 -6599 -5091 -4601 -3159 6654 -9654 -1458 7853 5300 313 2089 4601 181 -2093 -3686 -6216 4879 -2647 1331 44 1052 2881 -1297 281 3776 -3955 -2947 5417 -1605 1764 -1920 5860 2532 -1585 6799 793 -9500 -2026 6347 5661 -2127 -492 3781 -5274 -859 -817 5544 -1858 8292 588 3036
-842 799 -2601 1647 -8633 2053 1307 -1009 -1521 868 -3327 -2568 -3165 -6694 -6381 -4334 -2186 5585 -8008 -1097 7757 5981 -40 1568 3633 987 -1999 -2782 -5189 5564 -4807 772 803 811 2515 -200 1309 3321 -4177 -2128 6787 -844 -155 -2384 5552 2626 -344 5046 -298 -9547 -2164 6221 5098 204 -597 4024 -6833 -740 -2252 5574 -3116 9137 192 5218
375 1029 -4212 1050 -9615 1468 -45 -3810 -1423 2625 -1926 -3299 -995 -5427 -7196 -5161 -1413 5792 -6136 643 7088 6712 -1440 2182 2732 1976 -1620 -4703 -5871 5490 -3840 1554 2685 140 2328 -1541 2926 2694 -4974 -1593 6412 -172 677 -3615 4152 2452 -890 4150 -838 -7492 -3563 5774 4999 812 1743 2627 -7112 -1504 -3448 4482 -2803 9539 2265 6108
1678 3007 -4522 -739 -9955 1310 838 -2503 -4575 1611 1303 -1835 -4067 -5337 -6195 -901 -2013 899 -6522 1639 7317 3666 -1392 650 229 1201 -3726 -4434 -6397 5033 -1224 -901 -2091 44 1554 -904 3384 3597 -637 -4704 8646 2190 741 169 5166 2451 704 8360 -1292 -8632 639 7443 3757 976 -1471 2845 -6931 -4090 271 6778 -1933 9096 -1170 1900
2733 2674 -5790 -1826 -8607 3814 -540 -1365 -3967 -1642 -324 -1578 -6725 -5488 -5085 613 -2797 1382 -7801 -1460 5936 1495 1371 -24 909 85 -2676 -5250 -6040 3906 -997 -1395 -2850 3223 2656 -980 3063 3049 -2189 -2725 8965 1862 3346 873 6090 2234 1863 8922 285 -7298 128 6145 5947 -1374 -3788 2092 -6637 -4440 3209 5392 -1633 8448 740 1843
2733 2674 -5790 -1826 -8607 3814 -540 -1365 -3967 -1642 -324 -1578 -6725 -5488 -5085 613 -2797 1382 -7801 -1460 5936 1495 1371 -24 909 85 -2676 -5250 -6040 3906 -997 -1395 -2850 3223 2656 -980 3063 3049 -2189 -2725 8965 1862 3346 873 6090 2234 1863 8922 285 -7298 128 6145 5947 -1374 -3788 2092 -6637 -4440 3209 5392 -1633 8448 740 1843
2733 2674 -5790 -1826 -8607 3814 -540 -1365 -3967 -1642 -324 -1578 -6725 -5488 -5085 613 -2797 1382 -7801 -1460 5936 1495 1371 -24 909 85 -2676 -5250 -6040 3906 -997 -1395 -2850 3223 2656 -980 3063 3049 -2189 -2725 8965 1862 3346 873 6090 2234 1863 8922 285 -7298 128 6145 5947 -1374 -3788 2092 -6637 -4440 3209 5392 -1633 8448 740 1843
2733 2674 -5790 -1826 -8607 3814 -540 -1365 -3967 -1642 -324 -1578 -6725 -5488 -5085 613 -2797 1382 -7801 -1460 5936 1495 1371 -24 909 85 -2676 -5250 -6040 3906 -997 -1395 -2850 3223 2656 -980 3063 3049 -2189 -2725 8965 1862 3346 873 6090 2234 1863 8922 285 -7298 128 6145 5947 -1374 -3788 2092 -6637 -4440 3209 5392 -1633 8448 740 1843
2733 2674 -5790 -1826 -8607 3814 -540 -1365 -3967 -1642 -324 -1578 -6725 -5488 -5085 613 -2797 1382 -7801 -1460 5936 1495 1371 -24 909 85 -2676 -5250 -6040 3906 -997 -1395 -2850 3223 2656 -980 3063 3049 -2189 -2725 8965 1862 3346 873 6090 2234 1863 8922 285 -7298 128 6145 5947 -1374 -3788 2092 -6637 -4440 3209 5392 -1633 8448 740 1843
3603 2345 -5459 -26 -7092 2329 -841 1572 -2195 1036 -1763 -1096 -1009 -8944 -1786 -2316 -7235 6594 -7033 -3058 5871 -405 845 -92 -628 -490 -587 -8142 -6364 5504 -3596 1713 -2997 1520 5754 -521 1547 -173 -5990 -641 5913 2442 3231 -2753 7385 116 1909 4931 -63 -8381 -2886 7645 5714 2111 -731 4219 -5089 -2301 1620 2775 148 6681 1456 4157
2041 2333 -5350 -1195 -8849 3302 -513 -1603 -3628 -1285 217 -1854 -6792 -5452 -5728 48 -2162 1568 -7727 -1310 6400 2150 1264 366 1295 243 -3219 -5106 -6365 4272 -1050 -1240 -2201 2997 2250 -473 3104 3075 -1597 -3004 9119 1321 3129 902 5849 2671 1518 9108 7 -7634 -228 5986 5495 -1479 -3487 1852 -6817 -4528 2531 5124 -1623 8838 1125 1998
2733 2674 -5790 -1826 -8607 3814 -540 -1365 -3967 -1642 -324 -1578 -6725 -5488 -5085 613 -2797 1382 -7801 -1460 5936 1495 1371 -24 909 85 -2676 -5250 -6040 3906 -997 -1395 -2850 3223 2656 -980 3063 3049 -2189 -2725 8965 1862 3346 873 6090 2234 1863 8922 285 -7298 128 6145 5947 -1374 -3788 2092 -6637 -4440 3209 5392 -1633 8448 740 1843
2733 2674 -5790 -1826 -8607 3814 -540 -1365 -3967 -1642 -324 -1578 -6725 -5488 -5085 613 -2797 1382 -7801 -1460 5936 1495 1371 -24 909 85 -2676 -5250 -6040 3906 -997 -1395 -2850 3223 2656 -980 3063 3049 -2189 -2725 8965 1862 3346 873 6090 2234 1863 8922 285 -7298 128 6145 5947 -1374 -3788 2092 -6637 -4440 3209 5392 -1633 8448 740 1843
2733 2674 -5790 -1826 -8607 3814 -540 -1365 -3967 -1642 -324 -1578 -6725 -5488 -5085 613 -2797 1382 -7801 -1460 5936 1495 1371 -24 909 85 -2676 -5250 -6040 3906 -997 -1395 -2850 3223 2656 -980 3063 3049 -2189 -2725 8965 1862 3346 873 6090 2234 1863 8922 285 -7298 128 6145 5947 -1374 -3788 2092 -6637 -4440 3209 5392 -1633 8448 740 1843
2733 2674 -5790 -1826 -8607 3814 -540 -1365 -3967 -1642 -324 -1578 -6725 -5488 -5085 613 -2797 1382 -7801 -1460 5936 1495 1371 -24 909 85 -2676 -5250 -6040 3906 -997 -1395 -2850 3223 2656 -980 3063 3049 -2189 -2725 8965 1862 3346 873 6090 2234 1863 8922 285 -7298 128 6145 5947 -1374 -3788 2092 -6637 -4440 3209 5392 -1633 8448 740 1843
5111 3093 -7856 -2489 -9712 1893 -1420 -4835 -2733 665 422 -1888 -3409 -4328 -6351 69 -2177 1707 -5562 -341 4659 1991 -140 224 549 1391 -2203 -7730 -6810 4236 -2309 563 1220 2518 2140 -1553 5209 510 -4041 -1473 8807 4076 3316 -461 4210 258 726 7736 284 -5203 -1991 5773 4948 -933 -1072 -20 -6957 -5305 1894 3703 -538 10092 3137 4712
1296 2476 -3762 333 -9754 1579 1525 -2565 -4362 834 796 -2390 -4989 -4883 -6182 -1684 -1737 2376 -6930 2098 7987 4694 -1849 970 1072 234 -3876 -3205 -5746 4894 -2291 -881 -1157 -21 1097 -1793 3356 4593 -1151 -4809 6937 1569 -19 -114 5542 2068 -22 7810 -320 -9081 -6 6841 3764 33 -994 4425 -6188 -2748 -655 7187 -2771 9887 -2082 2750
2733 2674 -5790 -1826 -8607 3814 -540 -1365 -3967 -1642 -324 -1578 -6725 -5488 -5085 613 -2797 1382 -7801 -1460 5936 1495 1371 -24 909 85 -2676 -5250 -6040 3906 -997 -1395 -2850 3223 2656 -980 3063 3049 -2189 -2725 8965 1862 3346 873 6090 2234 1863 8922 285 -7298 128 6145 5947 -1374 -3788 2092 -6637 -4440 3209 5392 -1633 8448 740 1843
2733 2674 -5790 -1826 -8607 3814 -540 -1365 -3967 -1642 -324 -1578 -6725 -5488 -5085 613 -2797 1382 -7801 -1460 5936 1495 1371 -24 909 85 -2676 -5250 -6040 3906 -997 -1395 -2850 3223 2656 -980 3063 3049 -2189 -2725 8965 1862 3346 873 6090 2234 1863 8922 285 -7298 128 6145 5947 -1374 -3788 2092 -6637 -4440 3209 5392 -1633 8448 740 1843
2733 2674 -5790 -1826 -8607 3814 -540 -1365 -3967 -1642 -324 -1578 -6725 -5488 -5085 613 -2797 1382 -7801 -1460 5936 1495 1371 -24 909 85 -2676 -5250 -6040 3906 -997 -1395 -2850 3223 2656 -980 3063 3049 -2189 -2725 8965 1862 3346 873 6090 2234 1863 8922 285 -7298 128 6145 5947 -1374 -3788 2092 -6637 -4440 3209 5392 -1633 8448 740 1843
2733 2674 -5790 -1826 -8607 3814 -540 -1365 -3967 -1642 -324 -1578 -6725 -5488 -5085 613 -2797 1382 -7801 -1460 5936 1495 1371 -24 909 85 -2676 -5250 -6040 3906 -997 -1395 -2850 3223 2656 -980 3063 3049 -2189 -2725 8965 1862 3346 873 6090 2234 1863 8922 285 -7298 128 6145 5947 -1374 -3788 2092 -6637 -4440 3209 5392 -1633 8448 740 1843
3549 2743 -6646 -2046 -9094 3065 -1075 -2197 -3823 -1032 626 -2086 -6179 -4785 -5639 878 -1958 1658 -7328 -758 5630 2034 788 -37 1009 177 -2944 -6221 -6212 3649 -483 -1216 -1885 2620 2066 -1623 3597 3105 -2493 -2495 9146 2190 4233 1025 5677 2138 1335 8718 -353 -6356 -620 6328 5824 -1144 -3221 1541 -7030 -4814 2948 5161 -1526 8639 1137 2082
3183 2596 -4639 843 -8010 2890 291 1188 -4289 683 -369 -1762 -1920 -7915 -2299 -2390 -6714 6132 -7564 76 7194 1099 -941 32 -918 -975 -1691 -7176 -5224 4368 -2393 780 -4401 869 4374 -2785 1790 1985 -4291 -2778 5076 2203 2449 -2198 7932 838 1504 5161 366 -8551 -2441 8622 5558 1900 -109 5952 -4775 -1755 1613 5068 -1551 7076 -2039 3171
2610 2574 -5677 -1572 -8666 3689 -604 -1425 -3821 -1581 -62 -1643 -6825 -5507 -5272 386 -2627 1492 -7746 -1453 6090 1647 1419 57 1065 159 -2828 -5272 -6223 4022 -963 -1303 -2674 3192 2464 -812 3037 3014 -1908 -2805 8993 1687 3373 918 5965 2296 1756 9037 236 -7457 -109 6068 5896 -1526 -3659 1970 -6638 -4427 3022 5201 -1571 8578 939 1804
2733 2674 -5790 -1826 -8607 3814 -540 -1365 -3967 -1642 -324 -1578 -6725 -5488 -5085 613 -2797 1382 -7801 -1460 5936 1495 1371 -24 909 85 -2676 -5250 -6040 3906 -997 -1395 -2850 3223 2656 -980 3063 3049 -2189 -2725 8965 1862 3346 873 6090 2234 1863 8922 285 -7298 128 6145 5947 -1374 -3788 2092 -6637 -4440 3209 5392 -1633 8448 740 1843
2733 2674 -5790 -1826 -8607 3814 -540 -1365 -3967 -1642 -324 -1578 -6725 -5488 -5085 613 -2797 1382 -7801 -1460 5936 1495 1371 -24 909 85 -2676 -5250 -6040 3906 -997 -1395 -2850 3223 2656 -980 3063 3049 -2189 -2725 8965 1862 3346 873 6090 2234 1863 8922 285 -7298 128 6145 5947 -1374 -3788 2092 -6637 -4440 3209 5392 -1633 8448 740 1843
2733 2674 -5790 -1826 -8607 3814 -540 -1365 -3967 -1642 -324 -1578 -6725 -5488 -5085 613 -2797 1382 -7801 -1460 5936 1495 1371 -24 909 85 -2676 -5250 -6040 3906 -997 -1395 -2850 3223 2656 -980 3063 3049 -2189 -2725 8965 1862 3346 873 6090 2234 1863 8922 285 -7298 128 6145 5947 -1374 -3788 2092 -6637 -4440 3209 5392 -1633 8448 740 1843
2733 2674 -5790 -1826 -8607 3814 -540 -1365 -3967 -1642 -324 -1578 -6725 -5488 -5085 613 -2797 1382 -7801 -1460 5936 1495 1371 -24 909 85 -2676 -5250 -6040 3906 -997 -1395 -2850 3223 2656 -980 3063 3049 -2189 -2725 8965 1862 3346 873 6090 2234 1863 8922 285 -7298 128 6145 5947 -1374 -3788 2092 -6637 -4440 3209 5392 -1633 8448 740 1843
2220 3124 -6108 -846 -9188 2153 -1586 -1822 -585 267 -3304 -1132 -2545 -8156 -5581 -1831 -2897 3181 -7597 -3467 4692 1934 2491 807 2741 1430 -1226 -6454 -6917 6490 -2563 76 -1150 2814 3304 -1097 2561 884 -4577 -247 9001 1319 2335 -1127 5458 3030 981 4898 -45 -8272 -1647 6666 6669 380 -1474 1992 -6448 -2994 1395 5158 -1924 7936 3423 2996
307 1584 -2736 627 -9369 2545 2235 -2574 -3510 253 -341 -3323 -6078 -4477 -7330 -2221 -612 3229 -6777 1357 7901 5706 -1182 1451 1557 212 -3766 -2322 -5469 4829 -3716 -1179 -387 692 532 -1032 3856 4335 -1730 -4005 6780 690 -633 -84 5960 2271 268 7309 -583 -9528 -1024 5582 4214 -520 -918 4640 -6274 -1911 -1000 5928 -3276 10136 -1231 4131
2733 2674 -5790 -1826 -8607 3814 -540 -1365 -3967 -1642 -324 -1578 -6725 -5488 -5085 613 -2797 1382 -7801 -1460 5936 1495 1371 -24 909 85 -2676 -5250 -6040 3906 -997 -1395 -2850 3223 2656 -980 3063 3049 -2189 -2725 8965 1862 3346 873 6090 2234 1863 8922 285 -7298 128 6145 5947 -1374 -3788 2092 -6637 -4440 3209 5392 -1633 8448 740 1843
2733 2674 -5790 -1826 -8607 3814 -540 -1365 -3967 -1642 -324 -1578 -6725 -5488 -5085 613 -2797 1382 -7801 -1460 5936 1495 1371 -24 909 85 -2676 -5250 -6040 3906 -997 -1395 -2850 3223 2656 -980 3063 3049 -2189 -2725 8965 1862 3346 873 6090 2234 1863 8922 285 -7298 128 6145 5947 -1374 -3788 2092 -6637 -4440 3209 5392 -1633 8448 740 1843
2733 2674 -5790 -1826 -8607 3814 -540 -1365 -3967 -1642 -324 -1578 -6725 -5488 -5085 613 -2797 1382 -7801 -1460 5936 1495 1371 -24 909 85 -2676 -5250 -6040 3906 -997 -1395 -2850 3223 2656 -980 3063 3049 -2189 -2725 8965 1862 3346 873 6090 2234 1863 8922 285 -7298 128 6145 5947 -1374 -3788 2092 -6637 -4440 3209 5392 -1633 8448 740 1843
