3401 -260 -2151 864 -8839 3143 457 -141 -2521 3462 861 -4287 -2637 -5945 -6055 -3149 -3416 4905 -10307 4425 6149 3353 -1321 349 -90 -1297 -1894 -6229 -4640 4405 -1512 -483 -1132 -391 3166 472 3794 3521 -465 -4931 7193 3431 -121 -2725 6996 -126 -3605 4434 -3534 -5835 -2555 5453 4464 1324 -2369 2665 -6030 -1928 1 3143 -407 10266 -104 7338
2770 -573 -2395 -829 -8568 5668 -519 131 -3447 -668 30 -3083 -6831 -4328 -6625 -483 -2281 1593 -11947 2738 4069 2226 898 -606 471 -1786 -1680 -4146 -4534 2848 303 -2133 -3391 2210 3190 666 4438 4486 636 -4625 9390 3884 1535 -930 7100 1533 -1331 6980 -2213 -4507 662 4464 6389 -1159 -6040 510 -6112 -2269 3979 4841 -1204 7971 -1102 3735
2770 -573 -2395 -829 -8568 5668 -519 131 -3447 -668 30 -3083 -6831 -4328 -6625 -483 -2281 1593 -11947 2738 4069 2226 898 -606 471 -1786 -1680 -4146 -4534 2848 303 -2133 -3391 2210 3190 666 4438 4486 636 -4625 9390 3884 1535 -930 7100 1533 -1331 6980 -2213 -4507 662 4464 6389 -1159 -6040 510 -6112 -2269 3979 4841 -1204 7971 -1102 3735
2770 -573 -2395 -829 -8568 5668 -519 131 -3447 -668 30 -3083 -6831 -4328 -6625 -483 -2281 1593 -11947 2738 4069 2226 898 -606 471 -1786 -1680 -4146 -4534 2848 303 -2133 -3391 2210 3190 666 4438 4486 636 -4625 9390 3884 1535 -930 7100 1533 -1331 6980 -2213 -4507 662 4464 6389 -1159 -6040 510 -6112 -2269 3979 4841 -1204 7971 -1102 3735
2770 -573 -2395 -829 -8568 5668 -519 131 -3447 -668 30 -3083 -6831 -4328 -6625 -483 -2281 1593 -11947 2738 4069 2226 898 -606 471 -1786 -1680 -4146 -4534 2848 303 -2133 -3391 2210 3190 666 4438 4486 636 -4625 9390 3884 1535 -930 7100 1533 -1331 6980 -2213 -4507 662 4464 6389 -1159 -6040 510 -6112 -2269 3979 4841 -1204 7971 -1102 3735
2770 -573 -2395 -829 -8568 5668 -519 131 -3447 -668 30 -3083 -6831 -4328 -6625 -483 -2281 1593 -11947 2738 4069 2226 898 -606 471 -1786 -1680 -4146 -4534 2848 303 -2133 -3391 2210 3190 666 4438 4486 636 -4625 9390 3884 1535 -930 7100 1533 -1331 6980 -2213 -4507 662 4464 6389 -1159 -6040 510 -6112 -2269 3979 4841 -1204 7971 -1102 3735
2770 -573 -2395 -829 -8568 5668 -519 131 -3447 -668 30 -3083 -6831 -4328 -6625 -483 -2281 1593 -11947 2738 4069 2226 898 -606 471 -1786 -1680 -4146 -4534 2848 303 -2133 -3391 2210 3190 666 4438 4486 636 -4625 9390 3884 1535 -930 7100 1533 -1331 6980 -2213 -4507 662 4464 6389 -1159 -6040 510 -6112 -2269 3979 4841 -1204 7971 -1102 3735
2770 -573 -2395 -829 -8568 5668 -519 131 -3447 -668 30 -3083 -6831 -4328 -6625 -483 -2281 1593 -11947 2738 4069 2226 898 -606 471 -1786 -1680 -4146 -4534 2848 303 -2133 -3391 2210 3190 666 4438 4486 636 -4625 9390 3884 1535 -930 7100 1533 -1331 6980 -2213 -4507 662 4464 6389 -1159 -6040 510 -6112 -2269 3979 4841 -1204 7971 -1102 3735
2770 -573 -2395 -829 -8568 5668 -519 131 -3447 -668 30 -3083 -6831 -4328 -6625 -483 -2281 1593 -11947 2738 4069 2226 898 -606 471 -1786 -1680 -4146 -4534 2848 303 -2133 -3391 2210 3190 666 4438 4486 636 -4625 9390 3884 1535 -930 7100 1533 -1331 6980 -2213 -4507 662 4464 6389 -1159 -6040 510 -6112 -2269 3979 4841 -1204 7971 -1102 3735
4123 -225 -3640 -1157 -9125 4946 -993 -1052 -3791 473 1820 -3506 -6055 -3011 -6851 -13 -1517 1960 -11333 3771 3499 3009 -335 -691 281 -2054 -1997 -5371 -4502 1708 837 -1558 -1667 1242 3106 -50 4958 4163 -76 -4871 9103 4847 2622 -937 6667 523 -2572 7581 -3159 -2987 89 4427 5631 -1413 -5165 -411 -6486 -2857 4041 3881 -414 8389 -469 4617
4505 -417 -2961 -100 -9190 4664 -2158 -16 -4878 102 1900 -2413 -5320 -4888 -5619 787 -3400 1747 -11577 3933 4655 1563 178 -1151 -655 -1783 -2072 -5631 -3718 2347 785 -1724 -2788 2008 3534 395 3758 4201 728 -5853 8496 4284 2527 -681 7019 819 -1880 7286 -1507 -4077 881 4585 5152 -273 -5991 496 -5187 -3346 4302 4841 -304 8174 -2557 3466
2770 -573 -2395 -829 -8568 5668 -519 131 -3447 -668 30 -3083 -6831 -4328 -6625 -483 -2281 1593 -11947 2738 4069 2226 898 -606 471 -1786 -1680 -4146 -4534 2848 303 -2133 -3391 2210 3190 666 4438 4486 636 -4625 9390 3884 1535 -930 7100 1533 -1331 6980 -2213 -4507 662 4464 6389 -1159 -6040 510 -6112 -2269 3979 4841 -1204 7971 -1102 3735
2770 -573 -2395 -829 -8568 5668 -519 131 -3447 -668 30 -3083 -6831 -4328 -6625 -483 -2281 1593 -11947 2738 4069 2226 898 -606 471 -1786 -1680 -4146 -4534 2848 303 -2133 -3391 2210 3190 666 4438 4486 636 -4625 9390 3884 1535 -930 7100 1533 -1331 6980 -2213 -4507 662 4464 6389 -1159 -6040 510 -6112 -2269 3979 4841 -1204 7971 -1102 3735
2770 -573 -2395 -829 -8568 5668 -519 131 -3447 -668 30 -3083 -6831 -4328 -6625 -483 -2281 1593 -11947 2738 4069 2226 898 -606 471 -1786 -1680 -4146 -4534 2848 303 -2133 -3391 2210 3190 666 4438 4486 636 -4625 9390 3884 1535 -930 7100 1533 -1331 6980 -2213 -4507 662 4464 6389 -1159 -6040 510 -6112 -2269 3979 4841 -1204 7971 -1102 3735
2770 -573 -2395 -829 -8568 5668 -519 131 -3447 -668 30 -3083 -6831 -4328 -6625 -483 -2281 1593 -11947 2738 4069 2226 898 -606 471 -1786 -1680 -4146 -4534 2848 303 -2133 -3391 2210 3190 666 4438 4486 636 -4625 9390 3884 1535 -930 7100 1533 -1331 6980 -2213 -4507 662 4464 6389 -1159 -6040 510 -6112 -2269 3979 4841 -1204 7971 -1102 3735
2770 -573 -2395 -829 -8568 5668 -519 131 -3447 -668 30 -3083 -6831 -4328 -6625 -483 -2281 1593 -11947 2738 4069 2226 898 -606 471 -1786 -1680 -4146 -4534 2848 303 -2133 -3391 2210 3190 666 4438 4486 636 -4625 9390 3884 1535 -930 7100 1533 -1331 6980 -2213 -4507 662 4464 6389 -1159 -6040 510 -6112 -2269 3979 4841 -1204 7971 -1102 3735
1356 -1280 -1390 728 -8339 4667 -1613 2130 -1739 1130 -960 -2509 -3907 -5818 -5321 -2480 -3789 4236 -13754 1713 3081 2220 1107 1148 2117 -1558 -607 -5088 -5355 3642 1193 -202 -3313 535 6497 -469 1796 3239 -1660 -5215 7053 2300 2044 -3264 8380 3147 -3547 5423 -2309 -4570 1075 6108 6735 -1416 -5229 1098 -6087 -1085 4744 5614 -297 4962 -109 3066
-195 -2059 52 3772 -8150 3648 -512 869 -922 1439 -945 -3861 -4069 -5442 -6390 -5791 -2630 6969 -13357 2454 6026 6054 -204 1611 4302 -1557 -1091 -2481 -4670 3838 -1463 785 -286 -54 3319 262 1398 5058 -1333 -4659 5480 145 -43 -3712 6649 1822 -4739 4723 -1509 -6801 -1608 4641 5914 -1910 -2371 2319 -4577 1379 -297 4904 -1428 7639 -1134 4779
-972 -2208 619 2676 -8345 3539 1386 357 -880 1836 -3056 -3883 -2990 -5559 -7622 -5437 -1644 5825 -11448 2642 5974 6689 -544 1090 3302 -649 -1033 -1594 -3662 4565 -3715 233 506 -250 2907 1315 2394 4512 -1665 -3720 6850 842 -1931 -4088 6261 1943 -3301 2991 -2517 -6929 -1755 4564 5295 475 -2393 2618 -6180 1400 -1794 4940 -2725 8492 -1463 6916
276 -2008 -989 2079 -9363 2964 2 -2499 -774 3653 -1626 -4652 -766 -4250 -8487 -6309 -848 6053 -9593 4479 5276 7462 -1991 1715 2379 344 -633 -3552 -4347 4483 -2711 1031 2442 -977 2728 -18 4078 3897 -2450 -3220 6478 1584 -1104 -5399 4860 1743 -3959 2056 -3106 -4790 -3183 4092 5214 1102 -24 1168 -6471 639 -3020 3827 -2403 8918 637 7868
1631 139 -1422 201 -9838 2779 915 -1217 -4081 2608 1680 -3133 -3958 -4234 -7504 -1924 -1499 1036 -9989 5441 5642 4366 -1940 161 -166 -413 -2863 -3347 -4997 4102 -78 -1485 -2487 -1023 1941 564 4555 4830 1924 -6407 8868 3958 -989 -1457 5931 1803 -2187 6507 -3535 -6132 1129 5933 3970 1273 -3298 1460 -6379 -2108 783 6266 -1541 8570 -2859 3527
2770 -573 -2395 -829 -8568 5668 -519 131 -3447 -668 30 -3083 -6831 -4328 -6625 -483 -2281 1593 -11947 2738 4069 2226 898 -606 471 -1786 -1680 -4146 -4534 2848 303 -2133 -3391 2210 3190 666 4438 4486 636 -4625 9390 3884 1535 -930 7100 1533 -1331 6980 -2213 -4507 662 4464 6389 -1159 -6040 510 -6112 -2269 3979 4841 -1204 7971 -1102 3735
2770 -573 -2395 -829 -8568 5668 -519 131 -3447 -668 30 -3083 -6831 -4328 -6625 -483 -2281 1593 -11947 2738 4069 2226 898 -606 471 -1786 -1680 -4146 -4534 2848 303 -2133 -3391 2210 3190 666 4438 4486 636 -4625 9390 3884 1535 -930 7100 1533 -1331 6980 -2213 -4507 662 4464 6389 -1159 -6040 510 -6112 -2269 3979 4841 -1204 7971 -1102 3735
2770 -573 -2395 -829 -8568 5668 -519 131 -3447 -668 30 -3083 -6831 -4328 -6625 -483 -2281 1593 -11947 2738 4069 2226 898 -606 471 -1786 -1680 -4146 -4534 2848 303 -2133 -3391 2210 3190 666 4438 4486 636 -4625 9390 3884 1535 -930 7100 1533 -1331 6980 -2213 -4507 662 4464 6389 -1159 -6040 510 -6112 -2269 3979 4841 -1204 7971 -1102 3735
2770 -573 -2395 -829 -8568 5668 -519 131 -3447 -668 30 -3083 -6831 -4328 -6625 -483 -2281 1593 -11947 2738 4069 2226 898 -606 471 -1786 -1680 -4146 -4534 2848 303 -2133 -3391 2210 3190 666 4438 4486 636 -4625 9390 3884 1535 -930 7100 1533 -1331 6980 -2213 -4507 662 4464 6389 -1159 -6040 510 -6112 -2269 3979 4841 -1204 7971 -1102 3735
2770 -573 -2395 -829 -8568 5668 -519 131 -3447 -668 30 -3083 -6831 -4328 -6625 -483 -2281 1593 -11947 2738 4069 2226 898 -606 471 -1786 -1680 -4146 -4534 2848 303 -2133 -3391 2210 3190 666 4438 4486 636 -4625 9390 3884 1535 -930 7100 1533 -1331 6980 -2213 -4507 662 4464 6389 -1159 -6040 510 -6112 -2269 3979 4841 -1204 7971 -1102 3735
3755 -661 -2367 1008 -7105 4021 -856 3166 -1655 2118 -1548 -2492 -804 -8215 -3072 -3545 -7152 7203 -10992 704 4216 153 376 -648 -1130 -2281 453 -7430 -5086 4703 -2592 1241 -3564 507 6536 1035 2776 988 -3668 -2308 6253 4413 1591 -4693 8540 -656 -1036 2988 -2422 -5986 -2618 6295 6223 2551 -2669 2939 -4603 -195 2290 2161 649 6265 -197 6134
2027 -960 -1894 -149 -8786 5120 -488 -109 -3069 -279 607 -3376 -6876 -4265 -7288 -1086 -1597 1784 -11853 2918 4527 2915 776 -197 878 -1631 -2240 -3964 -4845 3216 256 -1963 -2694 1948 2754 1215 4476 4507 1280 -4919 9515 3318 1284 -914 6828 1979 -1725 7131 -2517 -4821 288 4265 5889 -1262 -5714 242 -6271 -2334 3253 4533 -1184 8345 -705 3898
2770 -573 -2395 -829 -8568 5668 -519 131 -3447 -668 30 -3083 -6831 -4328 -6625 -483 -2281 1593 -11947 2738 4069 2226 898 -606 471 -1786 -1680 -4146 -4534 2848 303 -2133 -3391 2210 3190 666 4438 4486 636 -4625 9390 3884 1535 -930 7100 1533 -1331 6980 -2213 -4507 662 4464 6389 -1159 -6040 510 -6112 -2269 3979 4841 -1204 7971 -1102 3735
2770 -573 -2395 -829 -8568 5668 -519 131 -3447 -668 30 -3083 -6831 -4328 -6625 -483 -2281 1593 -11947 2738 4069 2226 898 -606 471 -1786 -1680 -4146 -4534 2848 303 -2133 -3391 2210 3190 666 4438 4486 636 -4625 9390 3884 1535 -930 7100 1533 -1331 6980 -2213 -4507 662 4464 6389 -1159 -6040 510 -6112 -2269 3979 4841 -1204 7971 -1102 3735
2770 -573 -2395 -829 -8568 5668 -519 131 -3447 -668 30 -3083 -6831 -4328 -6625 -483 -2281 1593 -11947 2738 4069 2226 898 -606 471 -1786 -1680 -4146 -4534 2848 303 -2133 -3391 2210 3190 666 4438 4486 636 -4625 9390 3884 1535 -930 7100 1533 -1331 6980 -2213 -4507 662 4464 6389 -1159 -6040 510 -6112 -2269 3979 4841 -1204 7971 -1102 3735
2770 -573 -2395 -829 -8568 5668 -519 131 -3447 -668 30 -3083 -6831 -4328 -6625 -483 -2281 1593 -11947 2738 4069 2226 898 -606 471 -1786 -1680 -4146 -4534 2848 303 -2133 -3391 2210 3190 666 4438 4486 636 -4625 9390 3884 1535 -930 7100 1533 -1331 6980 -2213 -4507 662 4464 6389 -1159 -6040 510 -6112 -2269 3979 4841 -1204 7971 -1102 3735
5350 -260 -4460 -1510 -9830 3745 -1466 -3516 -2136 1846 832 -3502 -3332 -3055 -8112 -1118 -1618 1970 -9844 4153 2647 2812 -739 -374 63 -485 -1140 -6794 -5331 3173 -1035 -88 936 1379 2693 174 6856 1881 -1208 -3453 9324 6444 1431 -2489 5224 -635 -2812 5691 -2351 -2157 -1571 4030 5413 -689 -3298 -1829 -6490 -3129 2636 3062 -17 9794 1368 6942
1221 -377 -682 1291 -9519 3004 1610 -1287 -3818 1769 1149 -3654 -4863 -3747 -7386 -2690 -1207 2534 -10243 5788 6288 5358 -2382 494 709 -1374 -2999 -2066 -4294 3929 -1186 -1434 -1494 -1064 1445 -373 4457 5777 1336 -6416 7011 3251 -1731 -1706 6237 1399 -2866 5899 -2465 -6563 442 5269 3927 290 -2737 3085 -5551 -735 -178 6617 -2390 9290 -3733 4332
2770 -573 -2395 -829 -8568 5668 -519 131 -3447 -668 30 -3083 -6831 -4328 -6625 -483 -2281 1593 -11947 2738 4069 2226 898 -606 471 -1786 -1680 -4146 -4534 2848 303 -2133 -3391 2210 3190 666 4438 4486 636 -4625 9390 3884 1535 -930 7100 1533 -1331 6980 -2213 -4507 662 4464 6389 -1159 -6040 510 -6112 -2269 3979 4841 -1204 7971 -1102 3735
2770 -573 -2395 -829 -8568 5668 -519 131 -3447 -668 30 -3083 -6831 -4328 -6625 -483 -2281 1593 -11947 2738 4069 2226 898 -606 471 -1786 -1680 -4146 -4534 2848 303 -2133 -3391 2210 3190 666 4438 4486 636 -4625 9390 3884 1535 -930 7100 1533 -1331 6980 -2213 -4507 662 4464 6389 -1159 -6040 510 -6112 -2269 3979 4841 -1204 7971 -1102 3735
2770 -573 -2395 -829 -8568 5668 -519 131 -3447 -668 30 -3083 -6831 -4328 -6625 -483 -2281 1593 -11947 2738 4069 2226 898 -606 471 -1786 -1680 -4146 -4534 2848 303 -2133 -3391 2210 3190 666 4438 4486 636 -4625 9390 3884 1535 -930 7100 1533 -1331 6980 -2213 -4507 662 4464 6389 -1159 -6040 510 -6112 -2269 3979 4841 -1204 7971 -1102 3735
2770 -573 -2395 -829 -8568 5668 -519 131 -3447 -668 30 -3083 -6831 -4328 -6625 -483 -2281 1593 -11947 2738 4069 2226 898 -606 471 -1786 -1680 -4146 -4534 2848 303 -2133 -3391 2210 3190 666 4438 4486 636 -4625 9390 3884 1535 -930 7100 1533 -1331 6980 -2213 -4507 662 4464 6389 -1159 -6040 510 -6112 -2269 3979 4841 -1204 7971 -1102 3735
3633 -525 -3263 -1054 -9076 4886 -1085 -735 -3287 -12 1036 -3629 -6244 -3564 -7220 -210 -1385 1887 -11476 3520 3723 2803 275 -625 575 -1706 -1953 -5159 -4697 2563 861 -1948 -2364 1541 2569 15 5018 4559 342 -4411 9576 4269 2456 -799 6678 1411 -1958 6742 -2912 -3476 -125 4637 6261 -911 -5455 -91 -6517 -2645 3708 4588 -1085 8163 -698 4005
3224 -195 -1672 1830 -7909 4409 349 2586 -3840 1631 -59 -3046 -1757 -7015 -3458 -3464 -6456 6517 -11054 3720 5620 1690 -1473 -469 -1357 -2630 -787 -6297 -3865 3476 -1343 282 -4918 -118 4898 -1460 2889 3148 -1967 -4384 5217 3937 847 -3881 8849 166 -1243 3292 -1766 -6202 -2119 7269 5882 2250 -1820 4778 -4201 250 2195 4543 -1177 6562 -3734 4831
2639 -691 -2263 -555 -8629 5542 -587 72 -3290 -599 309 -3157 -6937 -4344 -6827 -727 -2099 1710 -11901 2760 4225 2389 947 -522 636 -1716 -1837 -4164 -4721 2967 343 -2036 -3204 2171 2989 851 4416 4454 943 -4717 9420 3707 1557 -890 6972 1594 -1458 7094 -2273 -4665 412 4375 6337 -1318 -5910 375 -6109 -2247 3783 4635 -1136 8105 -897 3699
2770 -573 -2395 -829 -8568 5668 -519 131 -3447 -668 30 -3083 -6831 -4328 -6625 -483 -2281 1593 -11947 2738 4069 2226 898 -606 471 -1786 -1680 -4146 -4534 2848 303 -2133 -3391 2210 3190 666 4438 4486 636 -4625 9390 3884 1535 -930 7100 1533 -1331 6980 -2213 -4507 662 4464 6389 -1159 -6040 510 -6112 -2269 3979 4841 -1204 7971 -1102 3735
2770 -573 -2395 -829 -8568 5668 -519 131 -3447 -668 30 -3083 -6831 -4328 -6625 -483 -2281 1593 -11947 2738 4069 2226 898 -606 471 -1786 -1680 -4146 -4534 2848 303 -2133 -3391 2210 3190 666 4438 4486 636 -4625 9390 3884 1535 -930 7100 1533 -1331 6980 -2213 -4507 662 4464 6389 -1159 -6040 510 -6112 -2269 3979 4841 -1204 7971 -1102 3735
2770 -573 -2395 -829 -8568 5668 -519 131 -3447 -668 30 -3083 -6831 -4328 -6625 -483 -2281 1593 -11947 2738 4069 2226 898 -606 471 -1786 -1680 -4146 -4534 2848 303 -2133 -3391 2210 3190 666 4438 4486 636 -4625 9390 3884 1535 -930 7100 1533 -1331 6980 -2213 -4507 662 4464 6389 -1159 -6040 510 -6112 -2269 3979 4841 -1204 7971 -1102 3735
2770 -573 -2395 -829 -8568 5668 -519 131 -3447 -668 30 -3083 -6831 -4328 -6625 -483 -2281 1593 -11947 2738 4069 2226 898 -606 471 -1786 -1680 -4146 -4534 2848 303 -2133 -3391 2210 3190 666 4438 4486 636 -4625 9390 3884 1535 -930 7100 1533 -1331 6980 -2213 -4507 662 4464 6389 -1159 -6040 510 -6112 -2269 3979 4841 -1204 7971 -1102 3735
2295 -37 -2864 195 -9441 3987 -1678 -388 125 1370 -3232 -2651 -2475 -7368 -7324 -3136 -2467 3596 -11993 556 2852 2750 2147 290 2481 -335 -160 -5597 -5638 5754 -1411 -578 -1616 1824 3979 550 3999 2239 -1986 -2042 9689 3397 505 -3122 6607 2443 -2323 2832 -2594 -5731 -1256 5185 7360 716 -3660 438 -6088 -797 2103 4741 -1560 7655 1817 5071
204 -1335 416 1597 -9032 3982 2317 -1262 -2904 1179 -5 -4592 -5923 -3285 -8501 -3227 -41 3379 -10047 5044 6111 6346 -1690 970 1186 -1409 -2843 -1130 -3946 3809 -2599 -1733 -704 -347 863 427 4939 5480 779 -5564 6784 2355 -2366 -1686 6612 1581 -2590 5300 -2744 -6908 -589 3913 4348 -269 -2664 3249 -5574 160 -517 5268 -2872 9443 -2861 5720
2770 -573 -2395 -829 -8568 5668 -519 131 -3447 -668 30 -3083 -6831 -4328 -6625 -483 -2281 1593 -11947 2738 4069 2226 898 -606 471 -1786 -1680 -4146 -4534 2848 303 -2133 -3391 2210 3190 666 4438 4486 636 -4625 9390 3884 1535 -930 7100 1533 -1331 6980 -2213 -4507 662 4464 6389 -1159 -6040 510 -6112 -2269 3979 4841 -1204 7971 -1102 3735
2770 -573 -2395 -829 -8568 5668 -519 131 -3447 -668 30 -3083 -6831 -4328 -6625 -483 -2281 1593 -11947 2738 4069 2226 898 -606 471 -1786 -1680 -4146 -4534 2848 303 -2133 -3391 2210 3190 666 4438 4486 636 -4625 9390 3884 1535 -930 7100 1533 -1331 6980 -2213 -4508 662 4464 6389 -1159 -6040 510 -6112 -2269 3979 4841 -1204 7971 -1102 3735
2770 -573 -2395 -829 -8568 5668 -519 131 -3447 -668 30 -3083 -6831 -4328 -6625 -483 -2281 1593 -11947 2738 4069 2226 898 -606 471 -1786 -1680 -4146 -4534 2848 303 -2133 -3391 2210 3190 666 4438 4486 636 -4625 9390 3884 1535 -930 7100 1533 -1331 6980 -2213 -4508 662 4464 6389 -1159 -6040 510 -6112 -2269 3979 4841 -1204 7971 -1102 3735
