83 83 83 83 83 83 83 83 83 79 81 83 83 83 83 83 81 80 74 70 75 83 83 83 83 83 87 82 83 83 83 83 70 77 83 83 83 83 83 92 83 83 83 83 83 84 81 83 83 83
83 82 82 82 82 82 82 82 82 81 79 82 82 82 82 82 79 78 74 76 74 82 82 82 82 82 91 80 82 82 82 82 78 78 82 82 82 82 85 96 82 82 82 82 82 87 81 82 82 82
83 82 82 82 82 82 82 82 82 81 79 82 82 82 82 82 79 78 74 76 74 82 82 82 82 82 91 80 82 82 82 82 78 78 82 82 82 82 85 96 82 82 82 82 82 87 81 82 82 82
83 82 82 82 82 82 82 82 82 81 79 82 82 82 82 82 79 78 74 76 74 82 82 82 82 82 91 80 82 82 82 82 78 78 82 82 82 82 85 96 82 82 82 82 82 87 81 82 82 82
83 82 82 82 82 82 82 82 82 81 79 82 82 82 82 82 79 78 74 76 74 82 82 82 82 82 91 80 82 82 82 82 78 78 82 82 82 82 85 96 82 82 82 82 82 87 81 82 82 82
83 82 82 82 82 82 82 82 82 81 79 82 82 82 82 82 79 78 74 76 74 82 82 82 82 82 91 80 82 82 82 82 78 78 82 82 82 82 85 96 82 82 82 82 82 87 81 82 82 82
83 82 82 82 82 82 82 82 82 81 79 82 82 82 82 82 79 78 74 76 74 82 82 82 82 82 91 80 82 82 82 82 78 78 82 82 82 82 85 96 82 82 82 82 82 87 81 82 82 82
83 82 82 82 82 82 82 82 82 81 79 82 82 82 82 82 79 78 74 76 74 82 82 82 82 82 91 80 82 82 82 82 78 78 82 82 82 82 85 96 82 82 82 82 82 87 81 82 82 82
83 82 82 82 82 82 82 82 82 81 79 82 82 82 82 82 79 78 74 76 74 82 82 82 82 82 91 80 82 82 82 82 78 78 82 82 82 82 85 96 82 82 82 82 82 87 81 82 82 82
87 82 82 82 82 82 82 82 82 81 80 82 82 82 82 82 80 78 75 77 74 82 82 82 82 82 99 79 82 82 82 82 80 77 82 82 82 82 85 102 81 82 82 82 82 89 80 82 82 82
83 82 82 82 82 82 82 82 82 81 80 82 82 82 82 82 80 77 72 74 74 82 82 82 82 82 94 80 82 82 82 82 79 76 82 82 82 82 85 96 82 82 82 82 82 90 79 82 82 82
83 82 82 82 82 82 82 82 82 81 79 82 82 82 82 82 79 78 74 76 74 82 82 82 82 82 91 80 82 82 82 82 78 78 82 82 82 82 85 96 82 82 82 82 82 87 81 82 82 82
83 82 82 82 82 82 82 82 82 81 79 82 82 82 82 82 79 78 74 76 74 82 82 82 82 82 91 80 82 82 82 82 78 78 82 82 82 82 85 96 82 82 82 82 82 87 81 82 82 82
83 82 82 82 82 82 82 82 82 81 79 82 82 82 82 82 79 78 74 76 74 82 82 82 82 82 91 80 82 82 82 82 78 78 82 82 82 82 85 96 82 82 82 82 82 87 81 82 82 82
83 82 82 82 82 82 82 82 82 81 79 82 82 82 82 82 79 78 74 76 74 82 82 82 82 82 91 80 82 82 82 82 78 78 82 82 82 82 85 96 82 82 82 82 82 87 81 82 82 82
83 82 82 82 82 82 82 82 82 81 79 82 82 82 82 82 79 78 74 76 74 82 82 82 82 82 91 80 82 82 82 82 78 78 82 82 82 82 85 96 82 82 82 82 82 87 81 82 82 82
81 83 83 83 83 83 83 83 83 78 79 83 83 83 83 83 80 82 76 73 77 83 83 83 83 83 81 82 83 83 83 83 71 81 83 83 83 83 83 89 83 83 83 83 83 85 85 83 83 83
71 85 85 85 85 85 85 85 85 79 83 85 85 85 85 85 79 74 67 61 76 85 85 85 85 85 66 84 85 85 85 85 65 79 85 85 85 85 84 77 85 85 85 85 85 77 80 85 85 85
74 85 85 85 85 85 85 85 85 80 82 85 85 85 85 85 79 74 68 64 77 85 85 85 85 85 67 84 85 85 85 85 67 78 85 85 85 85 84 76 85 85 85 85 85 77 80 85 85 85
78 84 84 84 84 84 84 84 84 79 82 84 84 84 84 84 79 78 73 67 80 84 84 84 84 84 71 85 84 84 84 84 66 82 84 84 84 84 82 79 84 84 84 84 84 76 83 84 84 84
85 82 82 82 82 82 82 82 82 79 81 82 82 82 82 82 79 80 76 74 76 82 82 82 82 82 88 81 82 82 82 82 72 80 82 82 82 82 83 95 82 82 82 82 82 83 84 82 82 82
83 82 82 82 82 82 82 82 82 81 79 82 82 82 82 82 79 78 74 76 74 82 82 82 82 82 91 80 82 82 82 82 78 78 82 82 82 82 85 96 82 82 82 82 82 87 81 82 82 82
83 82 82 82 82 82 82 82 82 81 79 82 82 82 82 82 79 78 74 76 74 82 82 82 82 82 91 80 82 82 82 82 78 78 82 82 82 82 85 96 82 82 82 82 82 87 81 82 82 82
83 82 82 82 82 82 82 82 82 81 79 82 82 82 82 82 79 78 74 76 74 82 82 82 82 82 91 80 82 82 82 82 78 78 82 82 82 82 85 96 82 82 82 82 82 87 81 82 82 82
83 82 82 82 82 82 82 82 82 81 79 82 82 82 82 82 79 78 74 76 74 82 82 82 82 82 91 80 82 82 82 82 78 78 82 82 82 82 85 96 82 82 82 82 82 87 81 82 82 82
83 82 82 82 82 82 82 82 82 81 79 82 82 82 82 82 79 78 74 76 74 82 82 82 82 82 91 80 82 82 82 82 78 78 82 82 82 82 85 96 82 82 82 82 82 87 81 82 82 82
86 82 82 82 82 82 82 82 82 77 78 82 82 82 82 82 82 87 79 78 76 82 82 82 82 82 92 82 82 82 82 82 73 78 82 82 82 82 81 92 83 82 82 82 82 91 83 82 82 82
82 83 83 83 83 83 83 83 83 81 80 83 83 83 83 83 79 77 73 74 75 83 83 83 83 83 88 80 83 83 83 83 76 78 83 83 83 83 85 94 82 83 83 83 83 86 81 83 83 83
83 82 82 82 82 82 82 82 82 81 79 82 82 82 82 82 79 78 74 76 74 82 82 82 82 82 91 80 82 82 82 82 78 78 82 82 82 82 85 96 82 82 82 82 82 87 81 82 82 82
83 82 82 82 82 82 82 82 82 81 79 82 82 82 82 82 79 78 74 76 74 82 82 82 82 82 91 80 82 82 82 82 78 78 82 82 82 82 85 96 82 82 82 82 82 87 81 82 82 82
83 82 82 82 82 82 82 82 82 81 79 82 82 82 82 82 79 78 74 76 74 82 82 82 82 82 91 80 82 82 82 82 78 78 82 82 82 82 85 96 82 82 82 82 82 87 81 82 82 82
83 82 82 82 82 82 82 82 82 81 79 82 82 82 82 82 79 78 74 76 74 82 82 82 82 82 91 80 82 82 82 82 78 78 82 82 82 82 85 96 82 82 82 82 82 87 81 82 82 82
92 80 80 80 80 80 80 80 80 79 79 80 80 80 80 80 80 83 81 84 77 80 80 80 80 80 106 79 80 80 80 80 80 79 80 80 80 80 82 104 80 80 80 80 80 91 84 80 80 80
78 84 84 84 84 84 84 84 84 80 83 84 84 84 84 84 79 75 69 65 75 84 84 84 84 84 78 81 84 84 84 84 69 78 84 84 84 84 84 88 83 84 84 84 84 79 79 84 84 84
83 82 82 82 82 82 82 82 82 81 79 82 82 82 82 82 79 78 74 76 74 82 82 82 82 82 91 80 82 82 82 82 78 78 82 82 82 82 85 96 82 82 82 82 82 87 81 82 82 82
83 82 82 82 82 82 82 82 82 81 79 82 82 82 82 82 79 78 74 76 74 82 82 82 82 82 91 80 82 82 82 82 78 78 82 82 82 82 85 96 82 82 82 82 82 87 81 82 82 82
83 82 82 82 82 82 82 82 82 81 79 82 82 82 82 82 79 78 74 76 74 82 82 82 82 82 91 80 82 82 82 82 78 78 82 82 82 82 85 96 82 82 82 82 82 87 81 82 82 82
83 82 82 82 82 82 82 82 82 81 79 82 82 82 82 82 79 78 74 76 74 82 82 82 82 82 91 80 82 82 82 82 78 78 82 82 82 82 85 96 82 82 82 82 82 87 81 82 82 82
86 82 82 82 82 82 82 82 82 80 80 82 82 82 82 82 80 80 77 78 75 82 82 82 82 82 95 79 82 82 82 82 77 79 82 82 82 82 84 100 81 82 82 82 82 88 83 82 82 82
79 83 83 83 83 83 83 83 83 77 80 83 83 83 83 83 81 84 76 70 75 83 83 83 83 83 82 82 83 83 83 83 67 79 83 83 83 83 81 90 83 83 83 83 83 86 83 83 83 83
83 82 82 82 82 82 82 82 82 81 79 82 82 82 82 82 79 78 74 76 75 82 82 82 82 82 90 80 82 82 82 82 77 78 82 82 82 82 85 95 82 82 82 82 82 87 82 82 82 82
83 82 82 82 82 82 82 82 82 81 79 82 82 82 82 82 79 78 74 76 74 82 82 82 82 82 91 80 82 82 82 82 78 78 82 82 82 82 85 96 82 82 82 82 82 87 81 82 82 82
83 82 82 82 82 82 82 82 82 81 79 82 82 82 82 82 79 78 74 76 74 82 82 82 82 82 91 80 82 82 82 82 78 78 82 82 82 82 85 96 82 82 82 82 82 87 81 82 82 82
83 82 82 82 82 82 82 82 82 81 79 82 82 82 82 82 79 78 74 76 74 82 82 82 82 82 91 80 82 82 82 82 78 78 82 82 82 82 85 96 82 82 82 82 82 87 81 82 82 82
83 82 82 82 82 82 82 82 82 81 79 82 82 82 82 82 79 78 74 76 74 82 82 82 82 82 91 80 82 82 82 82 78 78 82 82 82 82 85 96 82 82 82 82 82 87 81 82 82 82
87 81 81 81 81 81 81 81 81 76 76 81 81 81 81 81 80 89 86 84 81 81 81 81 81 81 88 82 81 81 81 81 71 85 81 81 81 81 80 94 82 81 81 81 81 88 92 81 81 81
74 85 85 85 85 85 85 85 85 82 84 85 85 85 85 85 79 71 66 62 74 85 85 85 85 85 72 82 85 85 85 85 68 77 85 85 85 85 85 83 84 85 85 85 85 76 78 85 85 85
83 82 82 82 82 82 82 82 82 81 79 82 82 82 82 82 79 78 74 76 74 82 82 82 82 82 91 80 82 82 82 82 78 78 82 82 82 82 85 96 82 82 82 82 82 87 81 82 82 82
83 82 82 82 82 82 82 82 82 81 79 82 82 82 82 82 79 78 74 76 74 82 82 82 82 82 91 80 82 82 82 82 78 78 82 82 82 82 85 96 82 82 82 82 82 87 81 82 82 82
83 82 82 82 82 82 82 82 82 81 79 82 82 82 82 82 79 78 74 76 74 82 82 82 82 82 91 80 82 82 82 82 78 78 82 82 82 82 85 96 82 82 82 82 82 87 81 82 82 82
