68 85 85 85 85 85 85 85 85 89 87 85 85 85 85 85 71 76 69 64 85 85 85 85 85 85 48 89 85 85 85 85 75 85 85 85 85 85 86 55 87 85 85 85 85 59 84 85 85 85
81 83 83 83 83 83 83 83 83 85 84 83 83 83 83 83 75 87 82 75 85 83 83 83 83 83 61 87 83 83 83 83 74 90 83 83 83 83 82 67 84 83 83 83 83 64 92 83 83 83
81 83 83 83 83 83 83 83 83 85 84 83 83 83 83 83 75 87 82 75 85 83 83 83 83 83 61 87 83 83 83 83 74 90 83 83 83 83 82 67 84 83 83 83 83 64 92 83 83 83
81 83 83 83 83 83 83 83 83 85 84 83 83 83 83 83 75 87 82 75 85 83 83 83 83 83 61 87 83 83 83 83 74 90 83 83 83 83 82 67 84 83 83 83 83 64 92 83 83 83
81 83 83 83 83 83 83 83 83 85 84 83 83 83 83 83 75 87 82 75 85 83 83 83 83 83 61 87 83 83 83 83 74 90 83 83 83 83 82 67 84 83 83 83 83 64 92 83 83 83
81 83 83 83 83 83 83 83 83 85 84 83 83 83 83 83 75 87 82 75 85 83 83 83 83 83 61 87 83 83 83 83 74 90 83 83 83 83 82 67 84 83 83 83 83 64 92 83 83 83
81 83 83 83 83 83 83 83 83 85 84 83 83 83 83 83 75 87 82 75 85 83 83 83 83 83 61 87 83 83 83 83 74 90 83 83 83 83 82 67 84 83 83 83 83 64 92 83 83 83
81 83 83 83 83 83 83 83 83 85 84 83 83 83 83 83 75 87 82 75 85 83 83 83 83 83 61 87 83 83 83 83 74 90 83 83 83 83 82 67 84 83 83 83 83 64 92 83 83 83
81 83 83 83 83 83 83 83 83 85 84 83 83 83 83 83 75 87 82 75 85 83 83 83 83 83 61 87 83 83 83 83 74 90 83 83 83 83 82 67 84 83 83 83 83 64 92 83 83 83
73 85 85 85 85 85 85 85 85 90 86 85 85 85 85 85 72 78 72 66 83 85 85 85 85 85 51 89 85 85 85 85 76 84 85 85 85 85 85 55 86 85 85 85 85 59 85 85 85 85
78 84 84 84 84 84 84 84 84 88 87 84 84 84 84 84 73 82 76 71 88 84 84 84 84 84 56 88 84 84 84 84 76 90 84 84 84 84 84 61 85 84 84 84 84 61 89 84 84 84
81 83 83 83 83 83 83 83 83 85 84 83 83 83 83 83 75 87 82 75 85 83 83 83 83 83 61 87 83 83 83 83 74 90 83 83 83 83 82 67 84 83 83 83 83 64 92 83 83 83
81 83 83 83 83 83 83 83 83 85 84 83 83 83 83 83 75 87 82 75 85 83 83 83 83 83 61 87 83 83 83 83 74 90 83 83 83 83 82 67 84 83 83 83 83 64 92 83 83 83
81 83 83 83 83 83 83 83 83 85 84 83 83 83 83 83 75 87 82 75 85 83 83 83 83 83 61 87 83 83 83 83 74 90 83 83 83 83 82 67 84 83 83 83 83 64 92 83 83 83
81 83 83 83 83 83 83 83 83 85 84 83 83 83 83 83 75 87 82 75 85 83 83 83 83 83 61 87 83 83 83 83 74 90 83 83 83 83 82 67 84 83 83 83 83 64 92 83 83 83
81 83 83 83 83 83 83 83 83 85 84 83 83 83 83 83 75 87 82 75 85 83 83 83 83 83 61 87 83 83 83 83 74 90 83 83 83 83 82 67 84 83 83 83 83 64 92 83 83 83
83 83 83 83 83 83 83 83 83 87 86 83 83 83 83 83 73 82 76 73 87 83 83 83 83 83 61 87 83 83 83 83 76 89 83 83 83 83 84 66 85 83 83 83 83 64 88 83 83 83
73 85 85 85 85 85 85 85 85 88 86 85 85 85 85 85 69 72 68 66 83 85 85 85 85 85 53 88 85 85 85 85 76 83 85 85 85 85 87 59 86 85 85 85 85 64 82 85 85 85
71 85 85 85 85 85 85 85 85 86 85 85 85 85 85 85 72 77 72 68 79 85 85 85 85 85 55 87 85 85 85 85 74 82 85 85 85 85 86 62 86 85 85 85 85 65 84 85 85 85
61 88 88 88 88 88 88 88 88 90 87 88 88 88 88 88 69 67 61 55 75 88 88 88 88 88 45 89 88 88 88 88 75 74 88 88 88 88 88 49 88 88 88 88 88 60 74 88 88 88
73 84 84 84 84 84 84 84 84 88 87 84 84 84 84 84 72 81 74 69 84 84 84 84 84 84 53 88 84 84 84 84 75 88 84 84 84 84 85 60 85 84 84 84 84 61 88 84 84 84
81 83 83 83 83 83 83 83 83 85 84 83 83 83 83 83 75 87 82 75 85 83 83 83 83 83 61 87 83 83 83 83 74 90 83 83 83 83 82 67 84 83 83 83 83 64 92 83 83 83
81 83 83 83 83 83 83 83 83 85 84 83 83 83 83 83 75 87 82 75 85 83 83 83 83 83 61 87 83 83 83 83 74 90 83 83 83 83 82 67 84 83 83 83 83 64 92 83 83 83
81 83 83 83 83 83 83 83 83 85 84 83 83 83 83 83 75 87 82 75 85 83 83 83 83 83 61 87 83 83 83 83 74 90 83 83 83 83 82 67 84 83 83 83 83 64 92 83 83 83
81 83 83 83 83 83 83 83 83 85 84 83 83 83 83 83 75 87 82 75 85 83 83 83 83 83 61 87 83 83 83 83 74 90 83 83 83 83 82 67 84 83 83 83 83 64 92 83 83 83
81 83 83 83 83 83 83 83 83 85 84 83 83 83 83 83 75 87 82 75 85 83 83 83 83 83 61 87 83 83 83 83 74 90 83 83 83 83 82 67 84 83 83 83 83 64 92 83 83 83
80 83 83 83 83 83 83 83 83 85 85 83 83 83 83 83 77 83 77 77 90 83 83 83 83 83 64 86 83 83 83 83 77 90 83 83 83 83 83 69 84 83 83 83 83 70 86 83 83 83
79 83 83 83 83 83 83 83 83 86 85 83 83 83 83 83 74 85 80 73 85 83 83 83 83 83 58 87 83 83 83 83 74 90 83 83 83 83 83 64 85 83 83 83 83 62 92 83 83 83
81 83 83 83 83 83 83 83 83 85 84 83 83 83 83 83 75 87 82 75 85 83 83 83 83 83 61 87 83 83 83 83 74 90 83 83 83 83 82 67 84 83 83 83 83 64 92 83 83 83
81 83 83 83 83 83 83 83 83 85 84 83 83 83 83 83 75 87 82 75 85 83 83 83 83 83 61 87 83 83 83 83 74 90 83 83 83 83 82 67 84 83 83 83 83 64 92 83 83 83
81 83 83 83 83 83 83 83 83 85 84 83 83 83 83 83 75 87 82 75 85 83 83 83 83 83 61 87 83 83 83 83 74 90 83 83 83 83 82 67 84 83 83 83 83 64 92 83 83 83
81 83 83 83 83 83 83 83 83 85 84 83 83 83 83 83 75 87 82 75 85 83 83 83 83 83 61 87 83 83 83 83 74 90 83 83 83 83 82 67 84 83 83 83 83 64 92 83 83 83
63 87 87 87 87 87 87 87 87 92 88 87 87 87 87 87 71 69 62 55 79 87 87 87 87 87 45 90 87 87 87 87 75 77 87 87 87 87 86 48 88 87 87 87 87 55 76 87 87 87
71 85 85 85 85 85 85 85 85 87 86 85 85 85 85 85 71 80 74 68 82 85 85 85 85 85 52 88 85 85 85 85 74 86 85 85 85 85 85 60 86 85 85 85 85 62 88 85 85 85
81 83 83 83 83 83 83 83 83 85 84 83 83 83 83 83 75 87 82 75 85 83 83 83 83 83 61 87 83 83 83 83 74 90 83 83 83 83 82 67 84 83 83 83 83 64 92 83 83 83
81 83 83 83 83 83 83 83 83 85 84 83 83 83 83 83 75 87 82 75 85 83 83 83 83 83 61 87 83 83 83 83 74 90 83 83 83 83 82 67 84 83 83 83 83 64 92 83 83 83
81 83 83 83 83 83 83 83 83 85 84 83 83 83 83 83 75 87 82 75 85 83 83 83 83 83 61 87 83 83 83 83 74 90 83 83 83 83 82 67 84 83 83 83 83 64 92 83 83 83
81 83 83 83 83 83 83 83 83 85 84 83 83 83 83 83 75 87 82 75 85 83 83 83 83 83 61 87 83 83 83 83 74 90 83 83 83 83 82 67 84 83 83 83 83 64 92 83 83 83
74 85 85 85 85 85 85 85 85 88 85 85 85 85 85 85 73 80 74 67 83 85 85 85 85 85 54 88 85 85 85 85 75 85 85 85 85 85 84 58 86 85 85 85 85 60 86 85 85 85
79 83 83 83 83 83 83 83 83 85 84 83 83 83 83 83 76 84 79 76 89 83 83 83 83 83 62 86 83 83 83 83 75 90 83 83 83 83 84 68 84 83 83 83 83 69 88 83 83 83
80 83 83 83 83 83 83 83 83 86 84 83 83 83 83 83 75 86 81 74 85 83 83 83 83 83 60 87 83 83 83 83 74 90 83 83 83 83 83 66 84 83 83 83 83 63 92 83 83 83
81 83 83 83 83 83 83 83 83 85 84 83 83 83 83 83 75 87 82 75 85 83 83 83 83 83 61 87 83 83 83 83 74 90 83 83 83 83 82 67 84 83 83 83 83 64 92 83 83 83
81 83 83 83 83 83 83 83 83 85 84 83 83 83 83 83 75 87 82 75 85 83 83 83 83 83 61 87 83 83 83 83 74 90 83 83 83 83 82 67 84 83 83 83 83 64 92 83 83 83
81 83 83 83 83 83 83 83 83 85 84 83 83 83 83 83 75 87 82 75 85 83 83 83 83 83 61 87 83 83 83 83 74 90 83 83 83 83 82 67 84 83 83 83 83 64 92 83 83 83
81 83 83 83 83 83 83 83 83 85 84 83 83 83 83 83 75 87 82 75 85 83 83 83 83 83 61 87 83 83 83 83 74 90 83 83 83 83 82 67 84 83 83 83 83 64 92 83 83 83
75 85 85 85 85 85 85 85 85 87 86 85 85 85 85 85 73 77 71 65 81 85 85 85 85 85 57 87 85 85 85 85 73 82 85 85 85 85 84 63 86 85 85 85 85 62 82 85 85 85
71 85 85 85 85 85 85 85 85 86 85 85 85 85 85 85 72 82 76 69 80 85 85 85 85 85 53 88 85 85 85 85 72 85 85 85 85 85 85 61 86 85 85 85 85 63 88 85 85 85
81 83 83 83 83 83 83 83 83 85 84 83 83 83 83 83 75 87 82 75 85 83 83 83 83 83 61 87 83 83 83 83 74 90 83 83 83 83 82 67 84 83 83 83 83 64 92 83 83 83
81 83 83 83 83 83 83 83 83 85 84 83 83 83 83 83 75 87 82 75 85 83 83 83 83 83 61 87 83 83 83 83 74 90 83 83 83 83 82 67 84 83 83 83 83 64 92 83 83 83
81 83 83 83 83 83 83 83 83 85 84 83 83 83 83 83 75 87 82 75 85 83 83 83 83 83 61 87 83 83 83 83 74 90 83 83 83 83 82 67 84 83 83 83 83 64 92 83 83 83
