88 76 76 76 76 76 76 76 76 80 86 76 76 76 76 76 77 123 118 107 112 76 76 76 76 76 58 82 76 76 76 76 68 137 76 76 76 76 76 92 78 76 76 76 76 60 132 76 76 76
84 77 77 77 77 77 77 77 77 79 85 77 77 77 77 77 78 117 116 108 107 77 77 77 77 77 62 81 77 77 77 77 70 129 77 77 77 77 77 92 78 77 77 77 77 64 127 77 77 77
84 77 77 77 77 77 77 77 77 79 85 77 77 77 77 77 78 117 116 108 107 77 77 77 77 77 62 81 77 77 77 77 70 129 77 77 77 77 77 92 78 77 77 77 77 64 127 77 77 77
84 77 77 77 77 77 77 77 77 79 85 77 77 77 77 77 78 117 116 108 107 77 77 77 77 77 62 81 77 77 77 77 70 129 77 77 77 77 77 92 78 77 77 77 77 64 127 77 77 77
84 77 77 77 77 77 77 77 77 79 85 77 77 77 77 77 78 117 116 108 107 77 77 77 77 77 62 81 77 77 77 77 70 129 77 77 77 77 77 92 78 77 77 77 77 64 127 77 77 77
84 77 77 77 77 77 77 77 77 79 85 77 77 77 77 77 78 117 116 108 107 77 77 77 77 77 62 81 77 77 77 77 70 129 77 77 77 77 77 92 78 77 77 77 77 64 127 77 77 77
84 77 77 77 77 77 77 77 77 79 85 77 77 77 77 77 78 117 116 108 107 77 77 77 77 77 62 81 77 77 77 77 70 129 77 77 77 77 77 92 78 77 77 77 77 64 127 77 77 77
84 77 77 77 77 77 77 77 77 79 85 77 77 77 77 77 78 117 116 108 107 77 77 77 77 77 62 81 77 77 77 77 70 129 77 77 77 77 77 92 78 77 77 77 77 64 127 77 77 77
84 77 77 77 77 77 77 77 77 79 85 77 77 77 77 77 78 117 116 108 107 77 77 77 77 77 62 81 77 77 77 77 70 129 77 77 77 77 77 92 78 77 77 77 77 64 127 77 77 77
82 78 78 78 78 78 78 78 78 78 86 78 78 78 78 78 78 113 115 105 107 78 78 78 78 78 61 81 78 78 78 78 68 128 78 78 78 78 77 91 78 78 78 78 78 63 126 78 78 78
84 77 77 77 77 77 77 77 77 80 85 77 77 77 77 77 78 117 117 107 109 77 77 77 77 77 60 81 77 77 77 77 69 132 77 77 77 77 77 92 78 77 77 77 77 62 129 77 77 77
84 77 77 77 77 77 77 77 77 79 85 77 77 77 77 77 78 117 116 108 107 77 77 77 77 77 62 81 77 77 77 77 70 129 77 77 77 77 77 92 78 77 77 77 77 64 127 77 77 77
84 77 77 77 77 77 77 77 77 79 85 77 77 77 77 77 78 117 116 108 107 77 77 77 77 77 62 81 77 77 77 77 70 129 77 77 77 77 77 92 78 77 77 77 77 64 127 77 77 77
84 77 77 77 77 77 77 77 77 79 85 77 77 77 77 77 78 117 116 108 107 77 77 77 77 77 62 81 77 77 77 77 70 129 77 77 77 77 77 92 78 77 77 77 77 64 127 77 77 77
84 77 77 77 77 77 77 77 77 79 85 77 77 77 77 77 78 117 116 108 107 77 77 77 77 77 62 81 77 77 77 77 70 129 77 77 77 77 77 92 78 77 77 77 77 64 127 77 77 77
84 77 77 77 77 77 77 77 77 79 85 77 77 77 77 77 78 117 116 108 107 77 77 77 77 77 62 81 77 77 77 77 70 129 77 77 77 77 77 92 78 77 77 77 77 64 127 77 77 77
88 77 77 77 77 77 77 77 77 82 86 77 77 77 77 77 74 118 111 108 108 77 77 77 77 77 58 82 77 77 77 77 73 134 77 77 77 77 79 89 78 77 77 77 77 61 131 77 77 77
93 76 76 76 76 76 76 76 76 84 87 76 76 76 76 76 72 121 111 110 111 76 76 76 76 76 57 83 76 76 76 76 76 137 76 76 76 76 80 87 78 76 76 76 76 60 134 76 76 76
95 76 76 76 76 76 76 76 76 82 87 76 76 76 76 76 75 123 111 108 107 76 76 76 76 76 62 82 76 76 76 76 75 131 76 76 76 76 79 91 78 76 76 76 76 63 127 76 76 76
91 77 77 77 77 77 77 77 77 82 90 77 77 77 77 77 75 118 108 102 107 77 77 77 77 77 59 83 77 77 77 77 73 128 77 77 77 77 79 88 79 77 77 77 77 61 123 77 77 77
87 77 77 77 77 77 77 77 77 78 88 77 77 77 77 77 82 125 116 103 105 77 77 77 77 77 65 80 77 77 77 77 65 128 77 77 77 77 75 98 78 77 77 77 77 63 124 77 77 77
84 77 77 77 77 77 77 77 77 79 85 77 77 77 77 77 78 117 116 108 107 77 77 77 77 77 62 81 77 77 77 77 70 129 77 77 77 77 77 92 78 77 77 77 77 64 127 77 77 77
84 77 77 77 77 77 77 77 77 79 85 77 77 77 77 77 78 117 116 108 107 77 77 77 77 77 62 81 77 77 77 77 70 129 77 77 77 77 77 92 78 77 77 77 77 64 127 77 77 77
84 77 77 77 77 77 77 77 77 79 85 77 77 77 77 77 78 117 116 108 107 77 77 77 77 77 62 81 77 77 77 77 70 129 77 77 77 77 77 92 78 77 77 77 77 64 127 77 77 77
84 77 77 77 77 77 77 77 77 79 85 77 77 77 77 77 78 117 116 108 107 77 77 77 77 77 62 81 77 77 77 77 70 129 77 77 77 77 77 92 78 77 77 77 77 64 127 77 77 77
84 77 77 77 77 77 77 77 77 79 85 77 77 77 77 77 78 117 116 108 107 77 77 77 77 77 62 81 77 77 77 77 70 129 77 77 77 77 77 92 78 77 77 77 77 64 127 77 77 77
88 77 77 77 77 77 77 77 77 83 84 77 77 77 77 77 74 119 116 111 109 77 77 77 77 77 55 83 77 77 77 77 74 133 77 77 77 77 79 82 78 77 77 77 77 62 130 77 77 77
85 77 77 77 77 77 77 77 77 78 85 77 77 77 77 77 79 118 115 107 107 77 77 77 77 77 62 81 77 77 77 77 69 130 77 77 77 77 76 93 78 77 77 77 77 64 127 77 77 77
84 77 77 77 77 77 77 77 77 79 85 77 77 77 77 77 78 117 116 108 107 77 77 77 77 77 62 81 77 77 77 77 70 129 77 77 77 77 77 92 78 77 77 77 77 64 127 77 77 77
84 77 77 77 77 77 77 77 77 79 85 77 77 77 77 77 78 117 116 108 107 77 77 77 77 77 62 81 77 77 77 77 70 129 77 77 77 77 77 92 78 77 77 77 77 64 127 77 77 77
84 77 77 77 77 77 77 77 77 79 85 77 77 77 77 77 78 117 116 108 107 77 77 77 77 77 62 81 77 77 77 77 70 129 77 77 77 77 77 92 78 77 77 77 77 64 127 77 77 77
84 77 77 77 77 77 77 77 77 79 85 77 77 77 77 77 78 117 116 108 107 77 77 77 77 77 62 81 77 77 77 77 70 129 77 77 77 77 77 92 78 77 77 77 77 64 127 77 77 77
80 78 78 78 78 78 78 78 78 78 88 78 78 78 78 78 78 109 110 97 107 78 78 78 78 78 59 81 78 78 78 78 66 125 78 78 78 78 76 89 79 78 78 78 78 62 121 78 78 78
90 76 76 76 76 76 76 76 76 79 87 76 76 76 76 76 79 125 118 107 107 76 76 76 76 76 64 81 76 76 76 76 68 132 76 76 76 76 76 96 77 76 76 76 76 63 128 76 76 76
84 77 77 77 77 77 77 77 77 79 85 77 77 77 77 77 78 117 116 108 107 77 77 77 77 77 62 81 77 77 77 77 70 129 77 77 77 77 77 92 78 77 77 77 77 64 127 77 77 77
84 77 77 77 77 77 77 77 77 79 85 77 77 77 77 77 78 117 116 108 107 77 77 77 77 77 62 81 77 77 77 77 70 129 77 77 77 77 77 92 78 77 77 77 77 64 127 77 77 77
84 77 77 77 77 77 77 77 77 79 85 77 77 77 77 77 78 117 116 108 107 77 77 77 77 77 62 81 77 77 77 77 70 129 77 77 77 77 77 92 78 77 77 77 77 64 127 77 77 77
84 77 77 77 77 77 77 77 77 79 85 77 77 77 77 77 78 117 116 108 107 77 77 77 77 77 62 81 77 77 77 77 70 129 77 77 77 77 77 92 78 77 77 77 77 64 127 77 77 77
82 77 77 77 77 77 77 77 77 78 86 77 77 77 77 77 78 115 116 106 107 77 77 77 77 77 61 81 77 77 77 77 68 129 77 77 77 77 76 91 78 77 77 77 77 63 127 77 77 77
91 76 76 76 76 76 76 76 76 82 83 76 76 76 76 76 72 126 124 118 111 76 76 76 76 76 55 82 76 76 76 76 75 138 76 76 76 76 78 84 77 76 76 76 76 63 138 76 76 76
84 77 77 77 77 77 77 77 77 79 85 77 77 77 77 77 78 117 116 108 107 77 77 77 77 77 62 81 77 77 77 77 69 129 77 77 77 77 77 92 78 77 77 77 77 64 127 77 77 77
84 77 77 77 77 77 77 77 77 79 85 77 77 77 77 77 78 117 116 108 107 77 77 77 77 77 62 81 77 77 77 77 70 129 77 77 77 77 77 92 78 77 77 77 77 64 127 77 77 77
84 77 77 77 77 77 77 77 77 79 85 77 77 77 77 77 78 117 116 108 107 77 77 77 77 77 62 81 77 77 77 77 70 129 77 77 77 77 77 92 78 77 77 77 77 64 127 77 77 77
84 77 77 77 77 77 77 77 77 79 85 77 77 77 77 77 78 117 116 108 107 77 77 77 77 77 62 81 77 77 77 77 70 129 77 77 77 77 77 92 78 77 77 77 77 64 127 77 77 77
84 77 77 77 77 77 77 77 77 79 85 77 77 77 77 77 78 117 116 108 107 77 77 77 77 77 62 81 77 77 77 77 70 129 77 77 77 77 77 92 78 77 77 77 77 64 127 77 77 77
85 78 78 78 78 78 78 78 78 80 88 78 78 78 78 78 78 116 109 101 108 78 78 78 78 78 59 82 78 78 78 78 69 129 78 78 78 78 77 89 79 78 78 78 78 62 123 78 78 78
92 76 76 76 76 76 76 76 76 79 86 76 76 76 76 76 78 123 116 108 108 76 76 76 76 76 65 81 76 76 76 76 70 132 76 76 76 76 76 96 78 76 76 76 76 64 128 76 76 76
84 77 77 77 77 77 77 77 77 79 85 77 77 77 77 77 78 117 116 108 107 77 77 77 77 77 62 81 77 77 77 77 70 129 77 77 77 77 77 92 78 77 77 77 77 64 127 77 77 77
84 77 77 77 77 77 77 77 77 79 85 77 77 77 77 77 78 117 116 108 107 77 77 77 77 77 62 81 77 77 77 77 70 129 77 77 77 77 77 92 78 77 77 77 77 64 127 77 77 77
84 77 77 77 77 77 77 77 77 79 85 77 77 77 77 77 78 117 116 108 107 77 77 77 77 77 62 81 77 77 77 77 70 129 77 77 77 77 77 92 78 77 77 77 77 64 127 77 77 77
