-4546 1059 837 3692 -769 1660 -2423 -4629 1974 1289 1105 379 -4444 -236 -2436 -421 2449 928 -128 -620 -533 997 1330 -2019 1347 1149 3008 -3294 -3917 580 -3226 -1139 -212 -2971 -3634 1799 2456 -476 -2701 1433 -3549 2332 1228 726 -2568 -147 863 3609 -510 -2663 2338 -1939 4480 969 -4971 603 -3875 7421 -389 -1222 -1325 -5030 -918 864
-1245 2455 1195 5017 -815 1013 -1816 -5725 1763 1930 -734 360 -3696 229 -3807 -238 4634 635 1429 -2496 -2598 -1727 -756 -737 1663 723 1946 -1896 -4574 23 -3811 -388 -80 -3263 -1198 576 1371 -441 -1355 162 -3656 2225 642 1288 -2343 -1630 1682 3614 -1772 -2269 3773 -2511 3333 2124 -2464 45 -3960 6378 443 -824 -373 -5141 -247 544
-1245 2455 1195 5017 -815 1013 -1816 -5725 1763 1930 -734 360 -3696 229 -3807 -238 4634 635 1429 -2496 -2598 -1727 -756 -737 1663 723 1946 -1896 -4574 23 -3811 -388 -80 -3263 -1198 576 1371 -441 -1355 162 -3656 2225 642 1288 -2343 -1630 1682 3614 -1772 -2269 3773 -2511 3333 2124 -2464 45 -3960 6378 443 -824 -373 -5141 -247 544
-1245 2455 1195 5017 -815 1013 -1816 -5725 1763 1930 -734 360 -3696 229 -3807 -238 4634 635 1429 -2496 -2598 -1727 -756 -737 1663 723 1946 -1896 -4574 23 -3811 -388 -80 -3263 -1198 576 1371 -441 -1355 162 -3656 2225 642 1288 -2343 -1630 1682 3614 -1772 -2269 3773 -2511 3333 2124 -2464 45 -3960 6378 443 -824 -373 -5141 -247 544
-1245 2455 1195 5017 -815 1013 -1816 -5725 1763 1930 -734 360 -3696 229 -3807 -238 4634 635 1429 -2496 -2598 -1727 -756 -737 1663 723 1946 -1896 -4574 23 -3811 -388 -80 -3263 -1198 576 1371 -441 -1355 162 -3656 2225 642 1288 -2343 -1630 1682 3614 -1772 -2269 3773 -2511 3333 2124 -2464 45 -3960 6378 443 -824 -373 -5141 -247 544
-1245 2455 1195 5017 -815 1013 -1816 -5725 1763 1930 -734 360 -3696 229 -3807 -238 4634 635 1429 -2496 -2598 -1727 -756 -737 1663 723 1946 -1896 -4574 23 -3811 -388 -80 -3263 -1198 576 1371 -441 -1355 162 -3656 2225 642 1288 -2343 -1630 1682 3614 -1772 -2269 3773 -2511 3333 2124 -2464 45 -3960 6378 443 -824 -373 -5141 -247 544
-1245 2455 1195 5017 -815 1013 -1816 -5725 1763 1930 -734 360 -3696 229 -3807 -238 4634 635 1429 -2496 -2598 -1727 -756 -737 1663 723 1946 -1896 -4574 23 -3811 -388 -80 -3263 -1198 576 1371 -441 -1355 162 -3656 2225 642 1288 -2343 -1630 1682 3614 -1772 -2269 3773 -2511 3333 2124 -2464 45 -3960 6378 443 -824 -373 -5141 -247 544
-1245 2455 1195 5017 -815 1013 -1816 -5725 1763 1930 -734 360 -3696 229 -3807 -238 4634 635 1429 -2496 -2598 -1727 -756 -737 1663 723 1946 -1896 -4574 23 -3811 -388 -80 -3263 -1198 576 1371 -441 -1355 162 -3656 2225 642 1288 -2343 -1630 1682 3614 -1772 -2269 3773 -2511 3333 2124 -2464 45 -3960 6378 443 -824 -373 -5141 -247 544
-1245 2455 1195 5017 -815 1013 -1816 -5725 1763 1930 -734 360 -3696 229 -3807 -238 4634 635 1429 -2496 -2598 -1727 -756 -737 1663 723 1946 -1896 -4574 23 -3811 -388 -80 -3263 -1198 576 1371 -441 -1355 162 -3656 2225 642 1288 -2343 -1630 1682 3614 -1772 -2269 3773 -2511 3333 2124 -2464 45 -3960 6378 443 -824 -373 -5141 -247 544
-967 2884 1381 4531 -1370 1013 -1750 -5818 1694 1442 159 837 -2884 706 -4181 -95 4282 329 1418 -2097 -1831 -1669 -659 -131 1243 708 1121 -2513 -4883 -681 -3574 20 -24 -3951 -1291 2022 1442 720 -2744 445 -2769 2969 742 1856 -2918 -894 1631 4188 -1539 -1698 2852 -2400 4396 2448 -2108 66 -3816 6891 550 -280 -26 -5157 -663 223
-1205 2266 1563 4629 -1504 1009 -576 -6064 2128 1388 688 325 -3588 235 -3858 3 4916 285 1397 -1590 -2945 -1609 -1166 -1032 1528 558 1265 -2321 -4615 -569 -3674 -129 -979 -4297 -2115 956 1821 240 -1647 524 -3349 2269 659 1537 -2118 -1878 1733 4350 -845 -2126 2717 -2055 4001 1872 -3300 30 -4317 6357 979 -553 -743 -5668 -117 773
-1245 2455 1195 5017 -815 1013 -1816 -5725 1763 1930 -734 360 -3696 229 -3807 -238 4634 635 1429 -2496 -2598 -1727 -756 -737 1663 723 1946 -1896 -4574 23 -3811 -388 -80 -3263 -1198 576 1371 -441 -1355 162 -3656 2225 642 1288 -2343 -1630 1682 3614 -1772 -2269 3773 -2511 3333 2124 -2464 45 -3960 6378 443 -824 -373 -5141 -247 544
-1245 2455 1195 5017 -815 1013 -1816 -5725 1763 1930 -734 360 -3696 229 -3807 -238 4634 635 1429 -2496 -2598 -1727 -756 -737 1663 723 1946 -1896 -4574 23 -3811 -388 -80 -3263 -1198 576 1371 -441 -1355 162 -3656 2225 642 1288 -2343 -1630 1682 3614 -1772 -2269 3773 -2511 3333 2124 -2464 45 -3960 6378 443 -824 -373 -5141 -247 544
-1245 2455 1195 5017 -815 1013 -1816 -5725 1763 1930 -734 360 -3696 229 -3807 -238 4634 635 1429 -2496 -2598 -1727 -756 -737 1663 723 1946 -1896 -4574 23 -3811 -388 -80 -3263 -1198 576 1371 -441 -1355 162 -3656 2225 642 1288 -2343 -1630 1682 3614 -1772 -2269 3773 -2511 3333 2124 -2464 45 -3960 6378 443 -824 -373 -5141 -247 544
-1245 2455 1195 5017 -815 1013 -1816 -5725 1763 1930 -734 360 -3696 229 -3807 -238 4634 635 1429 -2496 -2598 -1727 -756 -737 1663 723 1946 -1896 -4574 23 -3811 -388 -80 -3263 -1198 576 1371 -441 -1355 162 -3656 2225 642 1288 -2343 -1630 1682 3614 -1772 -2269 3773 -2511 3333 2124 -2464 45 -3960 6378 443 -824 -373 -5141 -247 544
-1245 2455 1195 5017 -815 1013 -1816 -5725 1763 1930 -734 360 -3696 229 -3807 -238 4634 635 1429 -2496 -2598 -1727 -756 -737 1663 723 1946 -1896 -4574 23 -3811 -388 -80 -3263 -1198 576 1371 -441 -1355 162 -3656 2225 642 1288 -2343 -1630 1682 3614 -1772 -2269 3773 -2511 3333 2124 -2464 45 -3960 6378 443 -824 -373 -5141 -247 544
-3235 1748 1095 5318 -441 1143 -1856 -5224 1305 2192 817 -690 -4033 -41 -2813 -1117 5215 678 833 -1069 -2366 -1740 80 -1886 2489 1157 1574 -1395 -3660 1104 -3755 -625 -1428 -3539 -1583 -654 2524 82 -1176 576 -4050 908 408 1415 -3283 -2443 656 3799 59 -2629 4552 -1945 1987 1219 -3011 958 -4270 6770 -730 -475 -869 -4877 -421 937
-5512 1025 1689 3827 -235 3350 -2664 -4045 1249 2979 -579 -876 -4598 287 -2895 -1170 2059 1676 71 -1664 -836 448 2057 -2913 2699 1038 3075 -1927 -3615 1583 -3910 -2027 -328 -2145 -2300 712 2037 -212 -1200 345 -4162 1288 -822 768 -3022 -1125 -988 3653 -613 -2406 4254 -1122 1480 602 -3031 1563 -5262 6533 -2271 -1524 -1013 -4896 -1181 141
-5648 -185 1220 3621 182 2904 -3865 -3107 1309 2810 -1305 -90 -4510 -303 -2375 -1159 1442 1547 -129 -1915 -331 1698 2888 -2354 2843 891 3773 -1954 -3471 2358 -4085 -2214 740 -867 -2982 1336 1488 -738 -1282 558 -4063 1922 -275 359 -2469 -498 -185 2107 -1302 -2915 4142 -1332 1771 71 -3619 1673 -4265 6517 -1866 -2520 -820 -4216 -1800 -166
-5592 169 1378 3203 -97 3050 -4004 -2221 187 2038 -96 502 -3120 -819 -1632 -1434 1049 1104 -8 -574 1073 2355 3705 -2020 2225 574 3223 -3075 -2997 1928 -3609 -674 933 -1016 -2614 3462 1332 384 -3354 1546 -2673 3134 -596 492 -3270 761 165 2295 -1125 -1671 2833 -1490 3044 678 -3451 2102 -3638 7601 -2109 -2086 -716 -4030 -2521 -884
-2653 2411 1769 4110 -1420 1145 -2880 -4921 1430 1442 435 350 -3233 -728 -3053 -909 3187 626 -1286 -1080 -1305 -393 562 -2243 1653 -73 2117 -2894 -4201 347 -3339 -23 -121 -2769 -3860 1584 1715 -407 -1804 237 -3954 2559 269 374 -2182 -632 1452 2810 -1560 -2583 3318 -2943 3794 879 -4026 1291 -3964 7294 262 -2323 -94 -4562 -240 -541
-1245 2455 1195 5017 -815 1013 -1816 -5725 1763 1930 -734 360 -3696 229 -3807 -238 4634 635 1429 -2496 -2598 -1727 -756 -737 1663 723 1946 -1896 -4574 23 -3811 -388 -80 -3263 -1198 576 1371 -441 -1355 162 -3656 2225 642 1288 -2343 -1630 1682 3614 -1772 -2269 3773 -2511 3333 2124 -2464 45 -3960 6378 443 -824 -373 -5141 -247 544
-1245 2455 1195 5017 -815 1013 -1816 -5725 1763 1930 -734 360 -3696 229 -3807 -238 4634 635 1429 -2496 -2598 -1727 -756 -737 1663 723 1946 -1896 -4574 23 -3811 -388 -80 -3263 -1198 576 1371 -441 -1355 162 -3656 2225 642 1288 -2343 -1630 1682 3614 -1772 -2269 3773 -2511 3333 2124 -2464 45 -3960 6378 443 -824 -373 -5141 -247 544
-1245 2455 1195 5017 -815 1013 -1816 -5725 1763 1930 -734 360 -3696 229 -3807 -238 4634 635 1429 -2496 -2598 -1727 -756 -737 1663 723 1946 -1896 -4574 23 -3811 -388 -80 -3263 -1198 576 1371 -441 -1355 162 -3656 2225 642 1288 -2343 -1630 1682 3614 -1772 -2269 3773 -2511 3333 2124 -2464 45 -3960 6378 443 -824 -373 -5141 -247 544
-1245 2455 1195 5017 -815 1013 -1816 -5725 1763 1930 -734 360 -3696 229 -3807 -238 4634 635 1429 -2496 -2598 -1727 -756 -737 1663 723 1946 -1896 -4574 23 -3811 -388 -80 -3263 -1198 576 1371 -441 -1355 162 -3656 2225 642 1288 -2343 -1630 1682 3614 -1772 -2269 3773 -2511 3333 2124 -2464 45 -3960 6378 443 -824 -373 -5141 -247 544
-1245 2455 1195 5017 -815 1013 -1816 -5725 1763 1930 -734 360 -3696 229 -3807 -238 4634 635 1429 -2496 -2598 -1727 -756 -737 1663 723 1946 -1896 -4574 23 -3811 -388 -80 -3263 -1198 576 1371 -441 -1355 162 -3656 2225 642 1288 -2343 -1630 1682 3614 -1772 -2269 3773 -2511 3333 2124 -2464 45 -3960 6378 443 -824 -373 -5141 -247 544
-5610 -281 -77 4605 79 491 -1091 -4623 2306 1312 2472 120 -4445 -1035 -591 1173 3931 1030 1191 104 -1157 939 464 -2675 2157 2717 3542 -2836 -2119 1591 -3297 -1767 -1710 -2087 -1397 -278 2585 -955 -928 1529 -3014 154 1827 879 -1782 -1238 994 3729 1116 -2202 1937 -1855 3189 608 -6153 37 -3159 5615 -982 167 -2714 -4618 -1321 2151
-1398 2265 1449 4845 -729 1243 -2217 -5588 1628 1955 -961 477 -3773 112 -3731 -547 4207 727 1091 -2607 -2218 -1514 -481 -974 1690 794 1938 -1884 -4973 -89 -3676 -380 -271 -3300 -1852 766 1335 -262 -1644 178 -3947 2482 440 1099 -2670 -1257 1588 3651 -2123 -2383 3871 -2452 3176 1923 -2425 259 -4143 6720 38 -1005 -223 -5192 -3 194
-1245 2455 1195 5017 -815 1013 -1816 -5725 1763 1930 -734 360 -3696 229 -3807 -238 4634 635 1429 -2496 -2598 -1727 -756 -737 1663 723 1946 -1896 -4574 23 -3811 -388 -80 -3263 -1198 576 1371 -441 -1355 162 -3656 2225 642 1288 -2343 -1630 1682 3614 -1772 -2269 3773 -2511 3333 2124 -2464 45 -3960 6378 443 -824 -373 -5141 -247 544
-1245 2455 1195 5017 -815 1013 -1816 -5725 1763 1930 -734 360 -3696 229 -3807 -238 4634 635 1429 -2496 -2598 -1727 -756 -737 1663 723 1946 -1896 -4574 23 -3811 -388 -80 -3263 -1198 576 1371 -441 -1355 162 -3656 2225 642 1288 -2343 -1630 1682 3614 -1772 -2269 3773 -2511 3333 2124 -2464 45 -3960 6378 443 -824 -373 -5141 -247 544
-1245 2455 1195 5017 -815 1013 -1816 -5725 1763 1930 -734 360 -3696 229 -3807 -238 4634 635 1429 -2496 -2598 -1727 -756 -737 1663 723 1946 -1896 -4574 23 -3811 -388 -80 -3263 -1198 576 1371 -441 -1355 162 -3656 2225 642 1288 -2343 -1630 1682 3614 -1772 -2269 3773 -2511 3333 2124 -2464 45 -3960 6378 443 -824 -373 -5141 -247 544
-1245 2455 1195 5017 -815 1013 -1816 -5725 1763 1930 -734 360 -3696 229 -3807 -238 4634 635 1429 -2496 -2598 -1727 -756 -737 1663 723 1946 -1896 -4574 23 -3811 -388 -80 -3263 -1198 576 1371 -441 -1355 162 -3656 2225 642 1288 -2343 -1630 1682 3614 -1772 -2269 3773 -2511 3333 2124 -2464 45 -3960 6378 443 -824 -373 -5141 -247 544
-1572 1993 1036 4404 -747 414 -1811 -5070 1079 642 619 1961 -2485 -318 -2476 647 3695 63 2017 -1174 -75 428 391 334 1495 1564 1449 -3054 -4528 -623 -3233 497 596 -3050 -824 3707 1609 1719 -3853 1775 -1708 4233 384 1602 -2571 864 2419 3609 -1645 -1245 1235 -2680 5183 2535 -2750 893 -2740 7777 642 44 -320 -4948 -1325 31
-3690 2351 2144 3469 -1324 2265 -3074 -4604 1565 2195 -360 -372 -3886 180 -3759 -711 1927 1203 -978 -1465 -1175 138 1497 -2392 2002 -441 2714 -2797 -4028 757 -3735 -937 671 -2350 -3803 1562 1732 -637 -1756 -130 -3933 2766 -53 241 -1918 -460 585 2640 -1577 -2840 3467 -2261 3303 992 -3649 1096 -4494 6910 -162 -2576 -179 -4561 -833 -112
-1245 2455 1195 5017 -815 1013 -1816 -5725 1763 1930 -734 360 -3696 229 -3807 -238 4634 635 1429 -2496 -2598 -1727 -756 -737 1663 723 1946 -1896 -4574 23 -3811 -388 -80 -3263 -1198 576 1371 -441 -1355 162 -3656 2225 642 1288 -2343 -1630 1682 3614 -1772 -2269 3773 -2511 3333 2124 -2464 45 -3960 6378 443 -824 -373 -5141 -247 544
-1245 2455 1195 5017 -815 1013 -1816 -5725 1763 1930 -734 360 -3696 229 -3807 -238 4634 635 1429 -2496 -2598 -1727 -756 -737 1663 723 1946 -1896 -4574 23 -3811 -388 -80 -3263 -1198 576 1371 -441 -1355 162 -3656 2225 642 1288 -2343 -1630 1682 3614 -1772 -2269 3773 -2511 3333 2124 -2464 45 -3960 6378 443 -824 -373 -5141 -247 544
-1245 2455 1195 5017 -815 1013 -1816 -5725 1763 1930 -734 360 -3696 229 -3807 -238 4634 635 1429 -2496 -2598 -1727 -756 -737 1663 723 1946 -1896 -4574 23 -3811 -388 -80 -3263 -1198 576 1371 -441 -1355 162 -3656 2225 642 1288 -2343 -1630 1682 3614 -1772 -2269 3773 -2511 3333 2124 -2464 45 -3960 6378 443 -824 -373 -5141 -247 544
-1245 2455 1195 5017 -815 1013 -1816 -5725 1763 1930 -734 360 -3696 229 -3807 -238 4634 635 1429 -2496 -2598 -1727 -756 -737 1663 723 1946 -1896 -4574 23 -3811 -388 -80 -3263 -1198 576 1371 -441 -1355 162 -3656 2225 642 1288 -2343 -1630 1682 3614 -1772 -2269 3773 -2511 3333 2124 -2464 45 -3960 6378 443 -824 -373 -5141 -247 544
-1330 2780 1132 4618 -888 1080 -1927 -5608 1156 1561 -101 701 -3091 462 -3819 -351 4380 503 1534 -2187 -2233 -1727 -623 -548 1325 407 1485 -2145 -4659 -520 -3536 47 -37 -3556 -1223 1603 1499 259 -2359 500 -3076 2802 581 1668 -2874 -1222 1651 4018 -1793 -1581 3240 -2481 4149 2383 -2250 114 -3956 7116 393 -578 -45 -5142 -521 282
-5860 1416 691 3861 -471 1334 -1087 -4701 2318 1851 2148 -1198 -4526 -275 -1989 426 3456 1420 236 303 -2158 316 666 -3655 1905 876 3855 -3335 -1953 1750 -3688 -1243 -850 -2482 -2563 -107 2842 -1616 -733 584 -3100 623 1336 391 -1570 -1899 585 3676 820 -2260 2336 -1938 3220 910 -5991 13 -4489 5772 -728 -1018 -2115 -4619 -1782 2095
-1287 2443 1248 4995 -791 1098 -1875 -5730 1705 1904 -787 419 -3735 162 -3738 -305 4529 672 1361 -2534 -2499 -1703 -711 -844 1644 804 1958 -1914 -4695 -51 -3747 -363 -208 -3294 -1355 608 1355 -371 -1466 189 -3719 2245 554 1217 -2450 -1520 1659 3710 -1897 -2228 3751 -2507 3277 2094 -2442 92 -4055 6479 283 -812 -373 -5220 -116 458
-1245 2455 1195 5017 -815 1013 -1816 -5725 1763 1930 -734 360 -3696 229 -3807 -238 4634 635 1429 -2496 -2598 -1727 -756 -737 1663 723 1946 -1896 -4574 23 -3811 -388 -80 -3263 -1198 576 1371 -441 -1355 162 -3656 2225 642 1288 -2343 -1630 1682 3614 -1772 -2269 3773 -2511 3333 2124 -2464 45 -3960 6378 443 -824 -373 -5141 -247 544
-1245 2455 1195 5017 -815 1013 -1816 -5725 1763 1930 -734 360 -3696 229 -3807 -238 4634 635 1429 -2496 -2598 -1727 -756 -737 1663 723 1946 -1896 -4574 23 -3811 -388 -80 -3263 -1198 576 1371 -441 -1355 162 -3656 2225 642 1288 -2343 -1630 1682 3614 -1772 -2269 3773 -2511 3333 2124 -2464 45 -3960 6378 443 -824 -373 -5141 -247 544
-1245 2455 1195 5017 -815 1013 -1816 -5725 1763 1930 -734 360 -3696 229 -3807 -238 4634 635 1429 -2496 -2598 -1727 -756 -737 1663 723 1946 -1896 -4574 23 -3811 -388 -80 -3263 -1198 576 1371 -441 -1355 162 -3656 2225 642 1288 -2343 -1630 1682 3614 -1772 -2269 3773 -2511 3333 2124 -2464 45 -3960 6378 443 -824 -373 -5141 -247 544
-1245 2455 1195 5017 -815 1013 -1816 -5725 1763 1930 -734 360 -3696 229 -3807 -238 4634 635 1429 -2496 -2598 -1727 -756 -737 1663 723 1946 -1896 -4574 23 -3811 -388 -80 -3263 -1198 576 1371 -441 -1355 162 -3656 2225 642 1288 -2343 -1630 1682 3614 -1772 -2269 3773 -2511 3333 2124 -2464 45 -3960 6378 443 -824 -373 -5141 -247 544
-3996 703 17 5250 840 822 -2349 -4553 342 1596 487 1238 -3998 -1058 -986 -734 4475 370 1999 -1691 -1300 623 831 -1476 2204 1567 2758 -1551 -3049 1378 -2874 -600 6 -1750 -673 821 2050 291 -1794 1785 -3997 1505 -9 1414 -2565 -1263 1333 2961 -1142 -2330 3500 -2683 3135 1181 -3558 1588 -2575 7102 -1141 -720 -1373 -4911 -478 596
-3914 1856 2072 3515 -727 2891 -3826 -4060 1386 2680 -1731 -170 -4339 654 -3827 -828 1068 1651 -419 -2470 -780 558 1909 -2145 2202 -227 3106 -2429 -4214 1091 -4027 -1315 1338 -1846 -3391 1714 1416 -897 -1935 -267 -3786 2973 -137 45 -2034 -292 508 2144 -2348 -3092 3659 -1952 2603 1147 -3227 1057 -4289 6733 -1062 -2678 216 -4353 -1153 -63
-1245 2455 1195 5017 -815 1013 -1816 -5725 1763 1930 -734 360 -3696 229 -3807 -238 4634 635 1429 -2496 -2598 -1727 -756 -737 1663 723 1946 -1896 -4574 23 -3811 -388 -80 -3263 -1198 576 1371 -441 -1355 162 -3656 2225 642 1288 -2343 -1630 1682 3614 -1772 -2269 3773 -2511 3333 2124 -2464 45 -3960 6378 443 -824 -373 -5141 -247 544
-1245 2455 1195 5017 -815 1013 -1816 -5725 1763 1930 -734 360 -3696 229 -3807 -238 4634 635 1429 -2496 -2598 -1727 -756 -737 1663 723 1946 -1896 -4574 23 -3811 -388 -80 -3263 -1198 576 1371 -441 -1355 162 -3656 2225 642 1288 -2343 -1630 1682 3614 -1772 -2269 3773 -2511 3333 2124 -2464 45 -3960 6378 443 -824 -373 -5141 -247 544
-1245 2455 1195 5017 -815 1013 -1816 -5725 1763 1930 -734 360 -3696 229 -3807 -238 4634 635 1429 -2496 -2598 -1727 -756 -737 1663 723 1946 -1896 -4574 23 -3811 -388 -80 -3263 -1198 576 1371 -441 -1355 162 -3656 2225 642 1288 -2343 -1630 1682 3614 -1772 -2269 3773 -2511 3333 2124 -2464 45 -3960 6378 443 -824 -373 -5141 -247 544
