1330 1317 1317 1317 1317 1317 1317 1317 1317 1115 1213 1317 1317 1317 1317 1317 1238 1149 828 628 894 1317 1317 1317 1317 1317 1524 1251 1317 1317 1317 1317 627 1036 1317 1317 1317 1317 1307 1765 1319 1317 1317 1317 1317 1372 1204 1317 1317 1317
822 785 785 785 785 785 785 785 785 713 638 785 785 785 785 785 635 566 361 460 371 785 785 785 785 785 1195 657 785 785 785 785 545 551 785 785 785 785 912 1403 761 785 785 785 785 1036 744 785 785 785
822 785 785 785 785 785 785 785 785 713 638 785 785 785 785 785 635 566 361 460 371 785 785 785 785 785 1195 657 785 785 785 785 545 551 785 785 785 785 912 1403 761 785 785 785 785 1036 744 785 785 785
822 785 785 785 785 785 785 785 785 713 638 785 785 785 785 785 635 566 361 460 371 785 785 785 785 785 1195 657 785 785 785 785 545 551 785 785 785 785 912 1403 761 785 785 785 785 1036 744 785 785 785
822 785 785 785 785 785 785 785 785 713 638 785 785 785 785 785 635 566 361 460 371 785 785 785 785 785 1195 657 785 785 785 785 545 551 785 785 785 785 912 1403 761 785 785 785 785 1036 744 785 785 785
822 785 785 785 785 785 785 785 785 713 638 785 785 785 785 785 635 566 361 460 371 785 785 785 785 785 1195 657 785 785 785 785 545 551 785 785 785 785 912 1403 761 785 785 785 785 1036 744 785 785 785
822 785 785 785 785 785 785 785 785 713 638 785 785 785 785 785 635 566 361 460 371 785 785 785 785 785 1195 657 785 785 785 785 545 551 785 785 785 785 912 1403 761 785 785 785 785 1036 744 785 785 785
822 785 785 785 785 785 785 785 785 713 638 785 785 785 785 785 635 566 361 460 371 785 785 785 785 785 1195 657 785 785 785 785 545 551 785 785 785 785 912 1403 761 785 785 785 785 1036 744 785 785 785
822 785 785 785 785 785 785 785 785 713 638 785 785 785 785 785 635 566 361 460 371 785 785 785 785 785 1195 657 785 785 785 785 545 551 785 785 785 785 912 1403 761 785 785 785 785 1036 744 785 785 785
1000 740 740 740 740 740 740 740 740 713 680 740 740 740 740 740 647 559 378 516 342 740 740 740 740 740 1534 596 740 740 740 740 647 507 740 740 740 740 888 1637 714 740 740 740 740 1091 684 740 740 740
617 556 556 556 556 556 556 556 556 514 456 556 556 556 556 556 462 281 15 133 99 556 556 556 556 556 1103 422 556 556 556 556 400 208 556 556 556 556 703 1179 537 556 556 556 556 911 374 556 556 556
822 785 785 785 785 785 785 785 785 713 638 785 785 785 785 785 635 566 361 460 371 785 785 785 785 785 1195 657 785 785 785 785 545 551 785 785 785 785 912 1403 761 785 785 785 785 1036 744 785 785 785
822 785 785 785 785 785 785 785 785 713 638 785 785 785 785 785 635 566 361 460 371 785 785 785 785 785 1195 657 785 785 785 785 545 551 785 785 785 785 912 1403 761 785 785 785 785 1036 744 785 785 785
822 785 785 785 785 785 785 785 785 713 638 785 785 785 785 785 635 566 361 460 371 785 785 785 785 785 1195 657 785 785 785 785 545 551 785 785 785 785 912 1403 761 785 785 785 785 1036 744 785 785 785
822 785 785 785 785 785 785 785 785 713 638 785 785 785 785 785 635 566 361 460 371 785 785 785 785 785 1195 657 785 785 785 785 545 551 785 785 785 785 912 1403 761 785 785 785 785 1036 744 785 785 785
822 785 785 785 785 785 785 785 785 713 638 785 785 785 785 785 635 566 361 460 371 785 785 785 785 785 1195 657 785 785 785 785 545 551 785 785 785 785 912 1403 761 785 785 785 785 1036 744 785 785 785
1097 1206 1206 1206 1206 1206 1206 1206 1206 985 1024 1206 1206 1206 1206 1206 1061 1186 835 716 919 1206 1206 1206 1206 1206 1128 1173 1206 1206 1206 1206 568 1130 1206 1206 1206 1206 1228 1522 1219 1206 1206 1206 1206 1316 1316 1206 1206 1206
1332 2065 2065 2065 2065 2065 2065 2065 2065 1780 1939 2065 2065 2065 2065 2065 1758 1480 1060 667 1620 2065 2065 2065 2065 2065 1015 2003 2065 2065 2065 2065 956 1764 2065 2065 2065 2065 2010 1655 2056 2065 2065 2065 2065 1661 1823 2065 2065 2065
1313 1874 1874 1874 1874 1874 1874 1874 1874 1657 1729 1874 1874 1874 1874 1874 1565 1337 985 691 1452 1874 1874 1874 1874 1874 931 1847 1874 1874 1874 1874 892 1550 1874 1874 1874 1874 1839 1444 1874 1874 1874 1874 1874 1472 1637 1874 1874 1874
1587 1890 1890 1890 1890 1890 1890 1890 1890 1625 1809 1890 1890 1890 1890 1890 1624 1578 1318 956 1664 1890 1890 1890 1890 1890 1172 1926 1890 1890 1890 1890 897 1767 1890 1890 1890 1890 1799 1621 1907 1890 1890 1890 1890 1497 1860 1890 1890 1890
1524 1392 1392 1392 1392 1392 1392 1392 1392 1207 1315 1392 1392 1392 1392 1392 1227 1268 1074 949 1068 1392 1392 1392 1392 1392 1681 1316 1392 1392 1392 1392 815 1274 1392 1392 1392 1392 1414 1990 1385 1392 1392 1392 1392 1420 1454 1392 1392 1392
822 785 785 785 785 785 785 785 785 713 638 785 785 785 785 785 635 566 361 460 371 785 785 785 785 785 1195 657 785 785 785 785 545 551 785 785 785 785 912 1403 761 785 785 785 785 1036 744 785 785 785
822 785 785 785 785 785 785 785 785 713 638 785 785 785 785 785 635 566 361 460 371 785 785 785 785 785 1195 657 785 785 785 785 545 551 785 785 785 785 912 1403 761 785 785 785 785 1036 744 785 785 785
822 785 785 785 785 785 785 785 785 713 638 785 785 785 785 785 635 566 361 460 371 785 785 785 785 785 1195 657 785 785 785 785 545 551 785 785 785 785 912 1403 761 785 785 785 785 1036 744 785 785 785
822 785 785 785 785 785 785 785 785 713 638 785 785 785 785 785 635 566 361 460 371 785 785 785 785 785 1195 657 785 785 785 785 545 551 785 785 785 785 912 1403 761 785 785 785 785 1036 744 785 785 785
822 785 785 785 785 785 785 785 785 713 638 785 785 785 785 785 635 566 361 460 371 785 785 785 785 785 1195 657 785 785 785 785 545 551 785 785 785 785 912 1403 761 785 785 785 785 1036 744 785 785 785
225 7 7 7 7 7 7 7 7 -215 -183 7 7 7 7 7 40 249 -123 -199 -275 7 7 7 7 7 482 30 7 7 7 7 -467 -163 7 7 7 7 -15 489 51 7 7 7 7 464 71 7 7 7
947 967 967 967 967 967 967 967 967 883 827 967 967 967 967 967 798 674 469 531 564 967 967 967 967 967 1237 845 967 967 967 967 642 731 967 967 967 967 1079 1490 943 967 967 967 967 1119 907 967 967 967
822 785 785 785 785 785 785 785 785 713 638 785 785 785 785 785 635 566 361 460 371 785 785 785 785 785 1195 657 785 785 785 785 545 551 785 785 785 785 912 1403 761 785 785 785 785 1036 744 785 785 785
822 785 785 785 785 785 785 785 785 713 638 785 785 785 785 785 635 566 361 460 371 785 785 785 785 785 1195 657 785 785 785 785 545 551 785 785 785 785 912 1403 761 785 785 785 785 1036 744 785 785 785
822 785 785 785 785 785 785 785 785 713 638 785 785 785 785 785 635 566 361 460 371 785 785 785 785 785 1195 657 785 785 785 785 545 551 785 785 785 785 912 1403 761 785 785 785 785 1036 744 785 785 785
822 785 785 785 785 785 785 785 785 713 638 785 785 785 785 785 635 566 361 460 371 785 785 785 785 785 1195 657 785 785 785 785 545 551 785 785 785 785 912 1403 761 785 785 785 785 1036 744 785 785 785
690 118 118 118 118 118 118 118 118 59 30 118 118 118 118 118 113 242 154 317 -87 118 118 118 118 118 1239 50 118 118 118 118 113 57 118 118 118 118 216 1169 116 118 118 118 118 631 281 118 118 118
1699 2022 2022 2022 2022 2022 2022 2022 2022 1830 1983 2022 2022 2022 2022 2022 1782 1530 1209 951 1529 2022 2022 2022 2022 2022 1703 1891 2022 2022 2022 2022 1204 1712 2022 2022 2022 2022 2030 2202 1993 2022 2022 2022 2022 1765 1787 2022 2022 2022
822 785 785 785 785 785 785 785 785 713 638 785 785 785 785 785 635 566 361 460 371 785 785 785 785 785 1195 657 785 785 785 785 545 551 785 785 785 785 912 1403 761 785 785 785 785 1036 744 785 785 785
822 785 785 785 785 785 785 785 785 713 638 785 785 785 785 785 635 566 361 460 371 785 785 785 785 785 1195 657 785 785 785 785 545 551 785 785 785 785 912 1403 761 785 785 785 785 1036 744 785 785 785
822 785 785 785 785 785 785 785 785 713 638 785 785 785 785 785 635 566 361 460 371 785 785 785 785 785 1195 657 785 785 785 785 545 551 785 785 785 785 912 1403 761 785 785 785 785 1036 744 785 785 785
822 785 785 785 785 785 785 785 785 713 638 785 785 785 785 785 635 566 361 460 371 785 785 785 785 785 1195 657 785 785 785 785 545 551 785 785 785 785 912 1403 761 785 785 785 785 1036 744 785 785 785
1070 869 869 869 869 869 869 869 869 781 768 869 869 869 869 869 770 778 617 678 547 869 869 869 869 869 1482 750 869 869 869 869 639 755 869 869 869 869 973 1690 847 869 869 869 869 1153 946 869 869 869
896 1076 1076 1076 1076 1076 1076 1076 1076 751 939 1076 1076 1076 1076 1076 997 1114 688 353 658 1076 1076 1076 1076 1076 1023 1025 1076 1076 1076 1076 222 888 1076 1076 1076 1076 996 1385 1091 1076 1076 1076 1076 1207 1063 1076 1076 1076
847 822 822 822 822 822 822 822 822 740 673 822 822 822 822 822 668 589 389 473 416 822 822 822 822 822 1206 696 822 822 822 822 552 594 822 822 822 822 941 1426 798 822 822 822 822 1051 786 822 822 822
822 785 785 785 785 785 785 785 785 713 638 785 785 785 785 785 635 566 361 460 371 785 785 785 785 785 1195 657 785 785 785 785 545 551 785 785 785 785 912 1403 761 785 785 785 785 1036 744 785 785 785
822 785 785 785 785 785 785 785 785 713 638 785 785 785 785 785 635 566 361 460 371 785 785 785 785 785 1195 657 785 785 785 785 545 551 785 785 785 785 912 1403 761 785 785 785 785 1036 744 785 785 785
822 785 785 785 785 785 785 785 785 713 638 785 785 785 785 785 635 566 361 460 371 785 785 785 785 785 1195 657 785 785 785 785 545 551 785 785 785 785 912 1403 761 785 785 785 785 1036 744 785 785 785
822 785 785 785 785 785 785 785 785 713 638 785 785 785 785 785 635 566 361 460 371 785 785 785 785 785 1195 657 785 785 785 785 545 551 785 785 785 785 912 1403 761 785 785 785 785 1036 744 785 785 785
764 480 480 480 480 480 480 480 480 210 218 480 480 480 480 480 444 850 699 616 464 480 480 480 480 480 822 534 480 480 480 480 -64 693 480 480 480 480 443 1081 512 480 480 480 480 794 980 480 480 480
1748 2286 2286 2286 2286 2286 2286 2286 2286 2123 2226 2286 2286 2286 2286 2286 1991 1586 1237 980 1743 2286 2286 2286 2286 2286 1628 2147 2286 2286 2286 2286 1401 1887 2286 2286 2286 2286 2304 2196 2249 2286 2286 2286 2286 1862 1923 2286 2286 2286
822 785 785 785 785 785 785 785 785 713 638 785 785 785 785 785 635 566 361 460 371 785 785 785 785 785 1195 657 785 785 785 785 545 551 785 785 785 785 912 1403 761 785 785 785 785 1036 744 785 785 785
822 785 785 785 785 785 785 785 785 713 638 785 785 785 785 785 635 566 361 460 371 785 785 785 785 785 1195 657 785 785 785 785 545 551 785 785 785 785 912 1403 761 785 785 785 785 1036 744 785 785 785
822 785 785 785 785 785 785 785 785 713 638 785 785 785 785 785 635 566 361 460 371 785 785 785 785 785 1195 657 785 785 785 785 545 551 785 785 785 785 912 1403 761 785 785 785 785 1036 744 785 785 785
