-612 329 329 329 329 329 329 329 329 487 423 329 329 329 329 329 -415 -132 -566 -859 293 329 329 329 329 329 -2023 500 329 329 329 329 -232 318 329 329 329 329 354 -1511 380 329 329 329 329 -1159 237 329 329 329
-304 -191 -191 -191 -191 -191 -191 -191 -191 -79 -156 -191 -191 -191 -191 -191 -592 -4 -263 -612 -96 -191 -191 -191 -191 -191 -1484 -17 -191 -191 -191 -191 -682 146 -191 -191 -191 -191 -228 -1073 -137 -191 -191 -191 -191 -1281 235 -191 -191 -191
-304 -191 -191 -191 -191 -191 -191 -191 -191 -79 -156 -191 -191 -191 -191 -191 -592 -4 -263 -612 -96 -191 -191 -191 -191 -191 -1484 -17 -191 -191 -191 -191 -682 146 -191 -191 -191 -191 -228 -1073 -137 -191 -191 -191 -191 -1281 235 -191 -191 -191
-304 -191 -191 -191 -191 -191 -191 -191 -191 -79 -156 -191 -191 -191 -191 -191 -592 -4 -263 -612 -96 -191 -191 -191 -191 -191 -1484 -17 -191 -191 -191 -191 -682 146 -191 -191 -191 -191 -228 -1073 -137 -191 -191 -191 -191 -1281 235 -191 -191 -191
-304 -191 -191 -191 -191 -191 -191 -191 -191 -79 -156 -191 -191 -191 -191 -191 -592 -4 -263 -612 -96 -191 -191 -191 -191 -191 -1484 -17 -191 -191 -191 -191 -682 146 -191 -191 -191 -191 -228 -1073 -137 -191 -191 -191 -191 -1281 235 -191 -191 -191
-304 -191 -191 -191 -191 -191 -191 -191 -191 -79 -156 -191 -191 -191 -191 -191 -592 -4 -263 -612 -96 -191 -191 -191 -191 -191 -1484 -17 -191 -191 -191 -191 -682 146 -191 -191 -191 -191 -228 -1073 -137 -191 -191 -191 -191 -1281 235 -191 -191 -191
-304 -191 -191 -191 -191 -191 -191 -191 -191 -79 -156 -191 -191 -191 -191 -191 -592 -4 -263 -612 -96 -191 -191 -191 -191 -191 -1484 -17 -191 -191 -191 -191 -682 146 -191 -191 -191 -191 -228 -1073 -137 -191 -191 -191 -191 -1281 235 -191 -191 -191
-304 -191 -191 -191 -191 -191 -191 -191 -191 -79 -156 -191 -191 -191 -191 -191 -592 -4 -263 -612 -96 -191 -191 -191 -191 -191 -1484 -17 -191 -191 -191 -191 -682 146 -191 -191 -191 -191 -228 -1073 -137 -191 -191 -191 -191 -1281 235 -191 -191 -191
-304 -191 -191 -191 -191 -191 -191 -191 -191 -79 -156 -191 -191 -191 -191 -191 -592 -4 -263 -612 -96 -191 -191 -191 -191 -191 -1484 -17 -191 -191 -191 -191 -682 146 -191 -191 -191 -191 -228 -1073 -137 -191 -191 -191 -191 -1281 235 -191 -191 -191
-750 -110 -110 -110 -110 -110 -110 -110 -110 123 -51 -110 -110 -110 -110 -110 -763 -460 -813 -1161 -202 -110 -110 -110 -110 -110 -2165 73 -110 -110 -110 -110 -547 -150 -110 -110 -110 -110 -93 -1882 -48 -110 -110 -110 -110 -1608 -123 -110 -110 -110
-737 -442 -442 -442 -442 -442 -442 -442 -442 -228 -307 -442 -442 -442 -442 -442 -1001 -539 -855 -1146 -251 -442 -442 -442 -442 -442 -2095 -248 -442 -442 -442 -442 -822 -144 -442 -442 -442 -442 -430 -1725 -381 -442 -442 -442 -442 -1726 -171 -442 -442 -442
-304 -191 -191 -191 -191 -191 -191 -191 -191 -79 -156 -191 -191 -191 -191 -191 -592 -4 -263 -612 -96 -191 -191 -191 -191 -191 -1484 -17 -191 -191 -191 -191 -682 146 -191 -191 -191 -191 -228 -1073 -137 -191 -191 -191 -191 -1281 235 -191 -191 -191
-304 -191 -191 -191 -191 -191 -191 -191 -191 -79 -156 -191 -191 -191 -191 -191 -592 -4 -263 -612 -96 -191 -191 -191 -191 -191 -1484 -17 -191 -191 -191 -191 -682 146 -191 -191 -191 -191 -228 -1073 -137 -191 -191 -191 -191 -1281 235 -191 -191 -191
-304 -191 -191 -191 -191 -191 -191 -191 -191 -79 -156 -191 -191 -191 -191 -191 -592 -4 -263 -612 -96 -191 -191 -191 -191 -191 -1484 -17 -191 -191 -191 -191 -682 146 -191 -191 -191 -191 -228 -1073 -137 -191 -191 -191 -191 -1281 235 -191 -191 -191
-304 -191 -191 -191 -191 -191 -191 -191 -191 -79 -156 -191 -191 -191 -191 -191 -592 -4 -263 -612 -96 -191 -191 -191 -191 -191 -1484 -17 -191 -191 -191 -191 -682 146 -191 -191 -191 -191 -228 -1073 -137 -191 -191 -191 -191 -1281 235 -191 -191 -191
-304 -191 -191 -191 -191 -191 -191 -191 -191 -79 -156 -191 -191 -191 -191 -191 -592 -4 -263 -612 -96 -191 -191 -191 -191 -191 -1484 -17 -191 -191 -191 -191 -682 146 -191 -191 -191 -191 -228 -1073 -137 -191 -191 -191 -191 -1281 235 -191 -191 -191
-400 -378 -378 -378 -378 -378 -378 -378 -378 -186 -265 -378 -378 -378 -378 -378 -911 -468 -763 -920 -178 -378 -378 -378 -378 -378 -1682 -203 -378 -378 -378 -378 -745 -97 -378 -378 -378 -378 -340 -1329 -317 -378 -378 -378 -378 -1449 -159 -378 -378 -378
-267 363 363 363 363 363 363 363 363 488 393 363 363 363 363 363 -525 -313 -581 -693 239 363 363 363 363 363 -1601 484 363 363 363 363 -95 249 363 363 363 363 463 -1140 408 363 363 363 363 -812 222 363 363 363
158 867 867 867 867 867 867 867 867 913 864 867 867 867 867 867 164 480 174 -60 591 867 867 867 867 867 -926 968 867 867 867 867 326 739 867 867 867 867 896 -426 900 867 867 867 867 -209 811 867 867 867
-183 1317 1317 1317 1317 1317 1317 1317 1317 1413 1285 1317 1317 1317 1317 1317 340 195 -192 -555 707 1317 1317 1317 1317 1317 -1382 1391 1317 1317 1317 1317 696 612 1317 1317 1317 1317 1347 -1041 1343 1317 1317 1317 1317 -239 616 1317 1317 1317
-54 544 544 544 544 544 544 544 544 702 687 544 544 544 544 544 -86 397 17 -290 539 544 544 544 544 544 -1380 716 544 544 544 544 69 720 544 544 544 544 569 -819 594 544 544 544 544 -777 727 544 544 544
-304 -191 -191 -191 -191 -191 -191 -191 -191 -79 -156 -191 -191 -191 -191 -191 -592 -4 -263 -612 -96 -191 -191 -191 -191 -191 -1484 -17 -191 -191 -191 -191 -682 146 -191 -191 -191 -191 -228 -1073 -137 -191 -191 -191 -191 -1281 235 -191 -191 -191
-304 -191 -191 -191 -191 -191 -191 -191 -191 -79 -156 -191 -191 -191 -191 -191 -592 -4 -263 -612 -96 -191 -191 -191 -191 -191 -1484 -17 -191 -191 -191 -191 -682 146 -191 -191 -191 -191 -228 -1073 -137 -191 -191 -191 -191 -1281 235 -191 -191 -191
-304 -191 -191 -191 -191 -191 -191 -191 -191 -79 -156 -191 -191 -191 -191 -191 -592 -4 -263 -612 -96 -191 -191 -191 -191 -191 -1484 -17 -191 -191 -191 -191 -682 146 -191 -191 -191 -191 -228 -1073 -137 -191 -191 -191 -191 -1281 235 -191 -191 -191
-304 -191 -191 -191 -191 -191 -191 -191 -191 -79 -156 -191 -191 -191 -191 -191 -592 -4 -263 -612 -96 -191 -191 -191 -191 -191 -1484 -17 -191 -191 -191 -191 -682 146 -191 -191 -191 -191 -228 -1073 -137 -191 -191 -191 -191 -1281 235 -191 -191 -191
-304 -191 -191 -191 -191 -191 -191 -191 -191 -79 -156 -191 -191 -191 -191 -191 -592 -4 -263 -612 -96 -191 -191 -191 -191 -191 -1484 -17 -191 -191 -191 -191 -682 146 -191 -191 -191 -191 -228 -1073 -137 -191 -191 -191 -191 -1281 235 -191 -191 -191
-789 -668 -668 -668 -668 -668 -668 -668 -668 -555 -568 -668 -668 -668 -668 -668 -954 -662 -941 -982 -317 -668 -668 -668 -668 -668 -1735 -518 -668 -668 -668 -668 -944 -337 -668 -668 -668 -668 -657 -1418 -621 -668 -668 -668 -668 -1369 -503 -668 -668 -668
-281 -57 -57 -57 -57 -57 -57 -57 -57 74 7 -57 -57 -57 -57 -57 -556 39 -247 -582 30 -57 -57 -57 -57 -57 -1573 128 -57 -57 -57 -57 -540 259 -57 -57 -57 -57 -74 -1117 0 -57 -57 -57 -57 -1248 333 -57 -57 -57
-304 -191 -191 -191 -191 -191 -191 -191 -191 -79 -156 -191 -191 -191 -191 -191 -592 -4 -263 -612 -96 -191 -191 -191 -191 -191 -1484 -17 -191 -191 -191 -191 -682 146 -191 -191 -191 -191 -228 -1073 -137 -191 -191 -191 -191 -1281 235 -191 -191 -191
-304 -191 -191 -191 -191 -191 -191 -191 -191 -79 -156 -191 -191 -191 -191 -191 -592 -4 -263 -612 -96 -191 -191 -191 -191 -191 -1484 -17 -191 -191 -191 -191 -682 146 -191 -191 -191 -191 -228 -1073 -137 -191 -191 -191 -191 -1281 235 -191 -191 -191
-304 -191 -191 -191 -191 -191 -191 -191 -191 -79 -156 -191 -191 -191 -191 -191 -592 -4 -263 -612 -96 -191 -191 -191 -191 -191 -1484 -17 -191 -191 -191 -191 -682 146 -191 -191 -191 -191 -228 -1073 -137 -191 -191 -191 -191 -1281 235 -191 -191 -191
-304 -191 -191 -191 -191 -191 -191 -191 -191 -79 -156 -191 -191 -191 -191 -191 -592 -4 -263 -612 -96 -191 -191 -191 -191 -191 -1484 -17 -191 -191 -191 -191 -682 146 -191 -191 -191 -191 -228 -1073 -137 -191 -191 -191 -191 -1281 235 -191 -191 -191
-828 522 522 522 522 522 522 522 522 724 573 522 522 522 522 522 -329 -440 -866 -1339 114 522 522 522 522 522 -2158 652 522 522 522 522 -78 -5 522 522 522 522 487 -1920 565 522 522 522 522 -1381 -31 522 522 522
112 815 815 815 815 815 815 815 815 916 882 815 815 815 815 815 110 585 244 -80 693 815 815 815 815 815 -1183 969 815 815 815 815 251 896 815 815 815 815 846 -589 860 815 815 815 815 -481 957 815 815 815
-304 -191 -191 -191 -191 -191 -191 -191 -191 -79 -156 -191 -191 -191 -191 -191 -592 -4 -263 -612 -96 -191 -191 -191 -191 -191 -1484 -17 -191 -191 -191 -191 -682 146 -191 -191 -191 -191 -228 -1073 -137 -191 -191 -191 -191 -1281 235 -191 -191 -191
-304 -191 -191 -191 -191 -191 -191 -191 -191 -79 -156 -191 -191 -191 -191 -191 -592 -4 -263 -612 -96 -191 -191 -191 -191 -191 -1484 -17 -191 -191 -191 -191 -682 146 -191 -191 -191 -191 -228 -1073 -137 -191 -191 -191 -191 -1281 235 -191 -191 -191
-304 -191 -191 -191 -191 -191 -191 -191 -191 -79 -156 -191 -191 -191 -191 -191 -592 -4 -263 -612 -96 -191 -191 -191 -191 -191 -1484 -17 -191 -191 -191 -191 -682 146 -191 -191 -191 -191 -228 -1073 -137 -191 -191 -191 -191 -1281 235 -191 -191 -191
-304 -191 -191 -191 -191 -191 -191 -191 -191 -79 -156 -191 -191 -191 -191 -191 -592 -4 -263 -612 -96 -191 -191 -191 -191 -191 -1484 -17 -191 -191 -191 -191 -682 146 -191 -191 -191 -191 -228 -1073 -137 -191 -191 -191 -191 -1281 235 -191 -191 -191
-574 -47 -47 -47 -47 -47 -47 -47 -47 128 -17 -47 -47 -47 -47 -47 -638 -281 -607 -983 -123 -47 -47 -47 -47 -47 -1902 125 -47 -47 -47 -47 -546 -21 -47 -47 -47 -47 -56 -1582 9 -47 -47 -47 -47 -1425 27 -47 -47 -47
-422 -205 -205 -205 -205 -205 -205 -205 -205 -123 -154 -205 -205 -205 -205 -205 -561 -163 -430 -579 61 -205 -205 -205 -205 -205 -1431 -53 -205 -205 -205 -205 -608 145 -205 -205 -205 -205 -179 -995 -162 -205 -205 -205 -205 -962 48 -205 -205 -205
-318 -175 -175 -175 -175 -175 -175 -175 -175 -58 -131 -175 -175 -175 -175 -175 -604 -24 -287 -628 -71 -175 -175 -175 -175 -175 -1531 3 -175 -175 -175 -175 -660 158 -175 -175 -175 -175 -204 -1110 -120 -175 -175 -175 -175 -1286 235 -175 -175 -175
-304 -191 -191 -191 -191 -191 -191 -191 -191 -79 -156 -191 -191 -191 -191 -191 -592 -4 -263 -612 -96 -191 -191 -191 -191 -191 -1484 -17 -191 -191 -191 -191 -682 146 -191 -191 -191 -191 -228 -1073 -137 -191 -191 -191 -191 -1281 235 -191 -191 -191
-304 -191 -191 -191 -191 -191 -191 -191 -191 -79 -156 -191 -191 -191 -191 -191 -592 -4 -263 -612 -96 -191 -191 -191 -191 -191 -1484 -17 -191 -191 -191 -191 -682 146 -191 -191 -191 -191 -228 -1073 -137 -191 -191 -191 -191 -1281 235 -191 -191 -191
-304 -191 -191 -191 -191 -191 -191 -191 -191 -79 -156 -191 -191 -191 -191 -191 -592 -4 -263 -612 -96 -191 -191 -191 -191 -191 -1484 -17 -191 -191 -191 -191 -682 146 -191 -191 -191 -191 -228 -1073 -137 -191 -191 -191 -191 -1281 235 -191 -191 -191
-304 -191 -191 -191 -191 -191 -191 -191 -191 -79 -156 -191 -191 -191 -191 -191 -592 -4 -263 -612 -96 -191 -191 -191 -191 -191 -1484 -17 -191 -191 -191 -191 -682 146 -191 -191 -191 -191 -228 -1073 -137 -191 -191 -191 -191 -1281 235 -191 -191 -191
-198 318 318 318 318 318 318 318 318 400 358 318 318 318 318 318 -282 -87 -447 -769 131 318 318 318 318 318 -1289 427 318 318 318 318 -322 179 318 318 318 318 269 -921 358 318 318 318 318 -949 170 318 318 318
353 1073 1073 1073 1073 1073 1073 1073 1073 1119 1072 1073 1073 1073 1073 1073 422 914 601 208 836 1073 1073 1073 1073 1073 -837 1211 1073 1073 1073 1073 432 1091 1073 1073 1073 1073 1078 -251 1112 1073 1073 1073 1073 -163 1219 1073 1073 1073
-304 -191 -191 -191 -191 -191 -191 -191 -191 -79 -156 -191 -191 -191 -191 -191 -592 -4 -263 -612 -96 -191 -191 -191 -191 -191 -1484 -17 -191 -191 -191 -191 -682 146 -191 -191 -191 -191 -228 -1073 -137 -191 -191 -191 -191 -1281 235 -191 -191 -191
-304 -191 -191 -191 -191 -191 -191 -191 -191 -79 -156 -191 -191 -191 -191 -191 -592 -4 -263 -612 -96 -191 -191 -191 -191 -191 -1484 -17 -191 -191 -191 -191 -682 146 -191 -191 -191 -191 -228 -1073 -137 -191 -191 -191 -191 -1281 235 -191 -191 -191
-304 -191 -191 -191 -191 -191 -191 -191 -191 -79 -156 -191 -191 -191 -191 -191 -592 -4 -263 -612 -96 -191 -191 -191 -191 -191 -1484 -17 -191 -191 -191 -191 -682 146 -191 -191 -191 -191 -228 -1073 -137 -191 -191 -191 -191 -1281 235 -191 -191 -191
