835 1300 1300 1300 1300 1300 1300 1300 1300 959 1323 1300 1300 1300 1300 1300 1443 952 875 325 962 1300 1300 1300 1300 1300 1421 1060 1300 1300 1300 1300 324 1070 1300 1300 1300 1300 1155 1978 1205 1300 1300 1300 1300 943 912 1300 1300 1300
202 646 646 646 646 646 646 646 646 209 792 646 646 646 646 646 821 968 762 25 885 646 646 646 646 646 282 523 646 646 646 646 -919 1239 646 646 646 646 419 1497 575 646 646 646 646 -313 1040 646 646 646
202 646 646 646 646 646 646 646 646 209 792 646 646 646 646 646 821 968 762 25 885 646 646 646 646 646 282 523 646 646 646 646 -919 1239 646 646 646 646 419 1497 575 646 646 646 646 -313 1040 646 646 646
202 646 646 646 646 646 646 646 646 209 792 646 646 646 646 646 821 968 762 25 885 646 646 646 646 646 282 523 646 646 646 646 -919 1239 646 646 646 646 419 1497 575 646 646 646 646 -313 1040 646 646 646
202 646 646 646 646 646 646 646 646 209 792 646 646 646 646 646 821 968 762 25 885 646 646 646 646 646 282 523 646 646 646 646 -919 1239 646 646 646 646 419 1497 575 646 646 646 646 -313 1040 646 646 646
202 646 646 646 646 646 646 646 646 209 792 646 646 646 646 646 821 968 762 25 885 646 646 646 646 646 282 523 646 646 646 646 -919 1239 646 646 646 646 419 1497 575 646 646 646 646 -313 1040 646 646 646
202 646 646 646 646 646 646 646 646 209 792 646 646 646 646 646 821 968 762 25 885 646 646 646 646 646 282 523 646 646 646 646 -919 1239 646 646 646 646 419 1497 575 646 646 646 646 -313 1040 646 646 646
202 646 646 646 646 646 646 646 646 209 792 646 646 646 646 646 821 968 762 25 885 646 646 646 646 646 282 523 646 646 646 646 -919 1239 646 646 646 646 419 1497 575 646 646 646 646 -313 1040 646 646 646
202 646 646 646 646 646 646 646 646 209 792 646 646 646 646 646 821 968 762 25 885 646 646 646 646 646 282 523 646 646 646 646 -919 1239 646 646 646 646 419 1497 575 646 646 646 646 -313 1040 646 646 646
470 724 724 724 724 724 724 724 724 391 970 724 724 724 724 724 846 1034 828 155 960 724 724 724 724 724 468 636 724 724 724 724 -633 1259 724 724 724 724 543 1494 668 724 724 724 724 -197 1055 724 724 724
309 705 705 705 705 705 705 705 705 264 939 705 705 705 705 705 875 1039 761 1 967 705 705 705 705 705 385 587 705 705 705 705 -878 1322 705 705 705 705 486 1648 640 705 705 705 705 -296 1065 705 705 705
202 646 646 646 646 646 646 646 646 209 792 646 646 646 646 646 821 968 762 25 885 646 646 646 646 646 282 523 646 646 646 646 -919 1239 646 646 646 646 419 1497 575 646 646 646 646 -313 1040 646 646 646
202 646 646 646 646 646 646 646 646 209 792 646 646 646 646 646 821 968 762 25 885 646 646 646 646 646 282 523 646 646 646 646 -919 1239 646 646 646 646 419 1497 575 646 646 646 646 -313 1040 646 646 646
202 646 646 646 646 646 646 646 646 209 792 646 646 646 646 646 821 968 762 25 885 646 646 646 646 646 282 523 646 646 646 646 -919 1239 646 646 646 646 419 1497 575 646 646 646 646 -313 1040 646 646 646
202 646 646 646 646 646 646 646 646 209 792 646 646 646 646 646 821 968 762 25 885 646 646 646 646 646 282 523 646 646 646 646 -919 1239 646 646 646 646 419 1497 575 646 646 646 646 -313 1040 646 646 646
202 646 646 646 646 646 646 646 646 209 792 646 646 646 646 646 821 968 762 25 885 646 646 646 646 646 282 523 646 646 646 646 -919 1239 646 646 646 646 419 1497 575 646 646 646 646 -313 1040 646 646 646
370 767 767 767 767 767 767 767 767 238 800 767 767 767 767 767 1053 1177 1022 315 973 767 767 767 767 767 646 584 767 767 767 767 -803 1397 767 767 767 767 538 1988 674 767 767 767 767 122 1178 767 767 767
336 1009 1009 1009 1009 1009 1009 1009 1009 558 778 1009 1009 1009 1009 1009 1132 690 795 254 706 1009 1009 1009 1009 1009 957 715 1009 1009 1009 1009 -145 911 1009 1009 1009 1009 836 1737 885 1009 1009 1009 1009 714 830 1009 1009 1009
522 1133 1133 1133 1133 1133 1133 1133 1133 714 829 1133 1133 1133 1133 1133 1235 684 911 446 731 1133 1133 1133 1133 1133 1131 836 1133 1133 1133 1133 173 883 1133 1133 1133 1133 978 1712 1005 1133 1133 1133 1133 1029 885 1133 1133 1133
903 1323 1323 1323 1323 1323 1323 1323 1323 993 1128 1323 1323 1323 1323 1323 1418 850 1042 660 833 1323 1323 1323 1323 1323 1486 1059 1323 1323 1323 1323 645 915 1323 1323 1323 1323 1221 1803 1215 1323 1323 1323 1323 1420 911 1323 1323 1323
585 1129 1129 1129 1129 1129 1129 1129 1129 863 1294 1129 1129 1129 1129 1129 1190 827 576 54 1013 1129 1129 1129 1129 1129 754 924 1129 1129 1129 1129 -4 1244 1129 1129 1129 1129 1040 1715 1042 1129 1129 1129 1129 374 967 1129 1129 1129
202 646 646 646 646 646 646 646 646 209 792 646 646 646 646 646 821 968 762 25 885 646 646 646 646 646 282 523 646 646 646 646 -919 1239 646 646 646 646 419 1497 575 646 646 646 646 -313 1040 646 646 646
202 646 646 646 646 646 646 646 646 209 792 646 646 646 646 646 821 968 762 25 885 646 646 646 646 646 282 523 646 646 646 646 -919 1239 646 646 646 646 419 1497 575 646 646 646 646 -313 1040 646 646 646
202 646 646 646 646 646 646 646 646 209 792 646 646 646 646 646 821 968 762 25 885 646 646 646 646 646 282 523 646 646 646 646 -919 1239 646 646 646 646 419 1497 575 646 646 646 646 -313 1040 646 646 646
202 646 646 646 646 646 646 646 646 209 792 646 646 646 646 646 821 968 762 25 885 646 646 646 646 646 282 523 646 646 646 646 -919 1239 646 646 646 646 419 1497 575 646 646 646 646 -313 1040 646 646 646
202 646 646 646 646 646 646 646 646 209 792 646 646 646 646 646 821 968 762 25 885 646 646 646 646 646 282 523 646 646 646 646 -919 1239 646 646 646 646 419 1497 575 646 646 646 646 -313 1040 646 646 646
933 1439 1439 1439 1439 1439 1439 1439 1439 860 1319 1439 1439 1439 1439 1439 1728 1404 1406 672 1120 1439 1439 1439 1439 1439 1924 1171 1439 1439 1439 1439 184 1308 1439 1439 1439 1439 1185 2636 1333 1439 1439 1439 1439 1302 1215 1439 1439 1439
289 728 728 728 728 728 728 728 728 337 874 728 728 728 728 728 845 924 747 38 944 728 728 728 728 728 331 597 728 728 728 728 -759 1274 728 728 728 728 529 1503 654 728 728 728 728 -240 1070 728 728 728
202 646 646 646 646 646 646 646 646 209 792 646 646 646 646 646 821 968 762 25 885 646 646 646 646 646 282 523 646 646 646 646 -919 1239 646 646 646 646 419 1497 575 646 646 646 646 -313 1040 646 646 646
202 646 646 646 646 646 646 646 646 209 792 646 646 646 646 646 821 968 762 25 885 646 646 646 646 646 282 523 646 646 646 646 -919 1239 646 646 646 646 419 1497 575 646 646 646 646 -313 1040 646 646 646
202 646 646 646 646 646 646 646 646 209 792 646 646 646 646 646 821 968 762 25 885 646 646 646 646 646 282 523 646 646 646 646 -919 1239 646 646 646 646 419 1497 575 646 646 646 646 -313 1040 646 646 646
202 646 646 646 646 646 646 646 646 209 792 646 646 646 646 646 821 968 762 25 885 646 646 646 646 646 282 523 646 646 646 646 -919 1239 646 646 646 646 419 1497 575 646 646 646 646 -313 1040 646 646 646
1219 1203 1203 1203 1203 1203 1203 1203 1203 919 1435 1203 1203 1203 1203 1203 1291 1403 1371 739 1310 1203 1203 1203 1203 1203 1338 1120 1203 1203 1203 1203 192 1493 1203 1203 1203 1203 1053 1977 1150 1203 1203 1203 1203 653 1377 1203 1203 1203
263 957 957 957 957 957 957 957 957 662 948 957 957 957 957 957 1015 501 378 -76 668 957 957 957 957 957 607 707 957 957 957 957 -98 840 957 957 957 957 856 1394 855 957 957 957 957 376 648 957 957 957
202 646 646 646 646 646 646 646 646 209 792 646 646 646 646 646 821 968 762 25 885 646 646 646 646 646 282 523 646 646 646 646 -919 1239 646 646 646 646 419 1497 575 646 646 646 646 -313 1040 646 646 646
202 646 646 646 646 646 646 646 646 209 792 646 646 646 646 646 821 968 762 25 885 646 646 646 646 646 282 523 646 646 646 646 -919 1239 646 646 646 646 419 1497 575 646 646 646 646 -313 1040 646 646 646
202 646 646 646 646 646 646 646 646 209 792 646 646 646 646 646 821 968 762 25 885 646 646 646 646 646 282 523 646 646 646 646 -919 1239 646 646 646 646 419 1497 575 646 646 646 646 -313 1040 646 646 646
202 646 646 646 646 646 646 646 646 209 792 646 646 646 646 646 821 968 762 25 885 646 646 646 646 646 282 523 646 646 646 646 -919 1239 646 646 646 646 419 1497 575 646 646 646 646 -313 1040 646 646 646
219 600 600 600 600 600 600 600 600 213 804 600 600 600 600 600 763 917 677 -24 837 600 600 600 600 600 250 497 600 600 600 600 -865 1159 600 600 600 600 394 1372 539 600 600 600 600 -349 941 600 600 600
292 1166 1166 1166 1166 1166 1166 1166 1166 575 1049 1166 1166 1166 1166 1166 1467 953 763 85 741 1166 1166 1166 1166 1166 1248 861 1166 1166 1166 1166 -238 957 1166 1166 1166 1166 927 2152 1054 1166 1166 1166 1166 838 778 1166 1166 1166
223 672 672 672 672 672 672 672 672 246 821 672 672 672 672 672 830 959 758 19 905 672 672 672 672 672 299 547 672 672 672 672 -882 1253 672 672 672 672 451 1507 600 672 672 672 672 -299 1051 672 672 672
202 646 646 646 646 646 646 646 646 209 792 646 646 646 646 646 821 968 762 25 885 646 646 646 646 646 282 523 646 646 646 646 -919 1239 646 646 646 646 419 1497 575 646 646 646 646 -313 1040 646 646 646
202 646 646 646 646 646 646 646 646 209 792 646 646 646 646 646 821 968 762 25 885 646 646 646 646 646 282 523 646 646 646 646 -919 1239 646 646 646 646 419 1497 575 646 646 646 646 -313 1040 646 646 646
202 646 646 646 646 646 646 646 646 209 792 646 646 646 646 646 821 968 762 25 885 646 646 646 646 646 282 523 646 646 646 646 -919 1239 646 646 646 646 419 1497 575 646 646 646 646 -313 1040 646 646 646
202 646 646 646 646 646 646 646 646 209 792 646 646 646 646 646 821 968 762 25 885 646 646 646 646 646 282 523 646 646 646 646 -919 1239 646 646 646 646 419 1497 575 646 646 646 646 -313 1040 646 646 646
648 1018 1018 1018 1018 1018 1018 1018 1018 454 952 1018 1018 1018 1018 1018 1264 1217 1249 478 1036 1018 1018 1018 1018 1018 1109 842 1018 1018 1018 1018 -341 1323 1018 1018 1018 1018 750 1991 929 1018 1018 1018 1018 675 1239 1018 1018 1018
190 909 909 909 909 909 909 909 909 611 778 909 909 909 909 909 891 393 438 7 605 909 909 909 909 909 510 663 909 909 909 909 -93 750 909 909 909 909 802 1189 804 909 909 909 909 385 668 909 909 909
202 646 646 646 646 646 646 646 646 209 792 646 646 646 646 646 821 968 762 25 885 646 646 646 646 646 282 523 646 646 646 646 -919 1239 646 646 646 646 419 1497 575 646 646 646 646 -313 1040 646 646 646
202 646 646 646 646 646 646 646 646 209 792 646 646 646 646 646 821 968 762 25 885 646 646 646 646 646 282 523 646 646 646 646 -919 1239 646 646 646 646 419 1497 575 646 646 646 646 -313 1040 646 646 646
202 646 646 646 646 646 646 646 646 209 792 646 646 646 646 646 821 968 762 25 885 646 646 646 646 646 282 523 646 646 646 646 -919 1239 646 646 646 646 419 1497 575 646 646 646 646 -313 1040 646 646 646
