631 72 72 72 72 72 72 72 72 247 573 72 72 72 72 72 106 2029 1856 1451 1629 72 72 72 72 72 -1068 333 72 72 72 72 -427 2465 72 72 72 72 72 809 127 72 72 72 72 -923 2304 72 72 72
-223 -568 -568 -568 -568 -568 -568 -568 -568 -490 -181 -568 -568 -568 -568 -568 -506 1137 1116 807 761 -568 -568 -568 -568 -568 -1440 -373 -568 -568 -568 -568 -989 1539 -568 -568 -568 -568 -595 152 -530 -568 -568 -568 -568 -1300 1478 -568 -568 -568
-223 -568 -568 -568 -568 -568 -568 -568 -568 -490 -181 -568 -568 -568 -568 -568 -506 1137 1116 807 761 -568 -568 -568 -568 -568 -1440 -373 -568 -568 -568 -568 -989 1539 -568 -568 -568 -568 -595 152 -530 -568 -568 -568 -568 -1300 1478 -568 -568 -568
-223 -568 -568 -568 -568 -568 -568 -568 -568 -490 -181 -568 -568 -568 -568 -568 -506 1137 1116 807 761 -568 -568 -568 -568 -568 -1440 -373 -568 -568 -568 -568 -989 1539 -568 -568 -568 -568 -595 152 -530 -568 -568 -568 -568 -1300 1478 -568 -568 -568
-223 -568 -568 -568 -568 -568 -568 -568 -568 -490 -181 -568 -568 -568 -568 -568 -506 1137 1116 807 761 -568 -568 -568 -568 -568 -1440 -373 -568 -568 -568 -568 -989 1539 -568 -568 -568 -568 -595 152 -530 -568 -568 -568 -568 -1300 1478 -568 -568 -568
-223 -568 -568 -568 -568 -568 -568 -568 -568 -490 -181 -568 -568 -568 -568 -568 -506 1137 1116 807 761 -568 -568 -568 -568 -568 -1440 -373 -568 -568 -568 -568 -989 1539 -568 -568 -568 -568 -595 152 -530 -568 -568 -568 -568 -1300 1478 -568 -568 -568
-223 -568 -568 -568 -568 -568 -568 -568 -568 -490 -181 -568 -568 -568 -568 -568 -506 1137 1116 807 761 -568 -568 -568 -568 -568 -1440 -373 -568 -568 -568 -568 -989 1539 -568 -568 -568 -568 -595 152 -530 -568 -568 -568 -568 -1300 1478 -568 -568 -568
-223 -568 -568 -568 -568 -568 -568 -568 -568 -490 -181 -568 -568 -568 -568 -568 -506 1137 1116 807 761 -568 -568 -568 -568 -568 -1440 -373 -568 -568 -568 -568 -989 1539 -568 -568 -568 -568 -595 152 -530 -568 -568 -568 -568 -1300 1478 -568 -568 -568
-223 -568 -568 -568 -568 -568 -568 -568 -568 -490 -181 -568 -568 -568 -568 -568 -506 1137 1116 807 761 -568 -568 -568 -568 -568 -1440 -373 -568 -568 -568 -568 -989 1539 -568 -568 -568 -568 -595 152 -530 -568 -568 -568 -568 -1300 1478 -568 -568 -568
-290 -527 -527 -527 -527 -527 -527 -527 -527 -480 -107 -527 -527 -527 -527 -527 -521 1021 1075 697 801 -527 -527 -527 -527 -527 -1530 -350 -527 -527 -527 -527 -1052 1540 -527 -527 -527 -527 -582 126 -500 -527 -527 -527 -527 -1391 1460 -527 -527 -527
148 -197 -197 -197 -197 -197 -197 -197 -197 -65 192 -197 -197 -197 -197 -197 -150 1500 1507 1149 1209 -197 -197 -197 -197 -197 -1218 -8 -197 -197 -197 -197 -658 1998 -197 -197 -197 -197 -204 526 -167 -197 -197 -197 -197 -1066 1915 -197 -197 -197
-223 -568 -568 -568 -568 -568 -568 -568 -568 -490 -181 -568 -568 -568 -568 -568 -506 1137 1116 807 761 -568 -568 -568 -568 -568 -1440 -373 -568 -568 -568 -568 -989 1539 -568 -568 -568 -568 -595 152 -530 -568 -568 -568 -568 -1300 1478 -568 -568 -568
-223 -568 -568 -568 -568 -568 -568 -568 -568 -490 -181 -568 -568 -568 -568 -568 -506 1137 1116 807 761 -568 -568 -568 -568 -568 -1440 -373 -568 -568 -568 -568 -989 1539 -568 -568 -568 -568 -595 152 -530 -568 -568 -568 -568 -1300 1478 -568 -568 -568
-223 -568 -568 -568 -568 -568 -568 -568 -568 -490 -181 -568 -568 -568 -568 -568 -506 1137 1116 807 761 -568 -568 -568 -568 -568 -1440 -373 -568 -568 -568 -568 -989 1539 -568 -568 -568 -568 -595 152 -530 -568 -568 -568 -568 -1300 1478 -568 -568 -568
-223 -568 -568 -568 -568 -568 -568 -568 -568 -490 -181 -568 -568 -568 -568 -568 -506 1137 1116 807 761 -568 -568 -568 -568 -568 -1440 -373 -568 -568 -568 -568 -989 1539 -568 -568 -568 -568 -595 152 -530 -568 -568 -568 -568 -1300 1478 -568 -568 -568
-223 -568 -568 -568 -568 -568 -568 -568 -568 -490 -181 -568 -568 -568 -568 -568 -506 1137 1116 807 761 -568 -568 -568 -568 -568 -1440 -373 -568 -568 -568 -568 -989 1539 -568 -568 -568 -568 -595 152 -530 -568 -568 -568 -568 -1300 1478 -568 -568 -568
266 -290 -290 -290 -290 -290 -290 -290 -290 -15 165 -290 -290 -290 -290 -290 -425 1480 1233 1108 1108 -290 -290 -290 -290 -290 -1454 -34 -290 -290 -290 -290 -495 1987 -290 -290 -290 -290 -183 290 -222 -290 -290 -290 -290 -1237 1901 -290 -290 -290
868 36 36 36 36 36 36 36 36 425 556 36 36 36 36 36 -181 1918 1582 1544 1577 36 36 36 36 36 -1141 368 36 36 36 36 31 2424 36 36 36 36 217 583 136 36 36 36 36 -910 2341 36 36 36
836 -42 -42 -42 -42 -42 -42 -42 -42 273 504 -42 -42 -42 -42 -42 -94 1913 1498 1363 1359 -42 -42 -42 -42 -42 -888 266 -42 -42 -42 -42 -140 2159 -42 -42 -42 -42 73 667 53 -42 -42 -42 -42 -829 2044 -42 -42 -42
658 -20 -20 -20 -20 -20 -20 -20 -20 243 586 -20 -20 -20 -20 -20 -148 1714 1347 1116 1330 -20 -20 -20 -20 -20 -1112 270 -20 -20 -20 -20 -276 2053 -20 -20 -20 -20 46 493 64 -20 -20 -20 -20 -966 1900 -20 -20 -20
-131 -624 -624 -624 -624 -624 -624 -624 -624 -584 -86 -624 -624 -624 -624 -624 -349 1352 1060 569 637 -624 -624 -624 -624 -624 -1301 -441 -624 -624 -624 -624 -1307 1475 -624 -624 -624 -624 -730 354 -587 -624 -624 -624 -624 -1467 1324 -624 -624 -624
-223 -568 -568 -568 -568 -568 -568 -568 -568 -490 -181 -568 -568 -568 -568 -568 -506 1137 1116 807 761 -568 -568 -568 -568 -568 -1440 -373 -568 -568 -568 -568 -989 1539 -568 -568 -568 -568 -595 152 -530 -568 -568 -568 -568 -1300 1478 -568 -568 -568
-223 -568 -568 -568 -568 -568 -568 -568 -568 -490 -181 -568 -568 -568 -568 -568 -506 1137 1116 807 761 -568 -568 -568 -568 -568 -1440 -373 -568 -568 -568 -568 -989 1539 -568 -568 -568 -568 -595 152 -530 -568 -568 -568 -568 -1300 1478 -568 -568 -568
-223 -568 -568 -568 -568 -568 -568 -568 -568 -490 -181 -568 -568 -568 -568 -568 -506 1137 1116 807 761 -568 -568 -568 -568 -568 -1440 -373 -568 -568 -568 -568 -989 1539 -568 -568 -568 -568 -595 152 -530 -568 -568 -568 -568 -1300 1478 -568 -568 -568
-223 -568 -568 -568 -568 -568 -568 -568 -568 -490 -181 -568 -568 -568 -568 -568 -506 1137 1116 807 761 -568 -568 -568 -568 -568 -1440 -373 -568 -568 -568 -568 -989 1539 -568 -568 -568 -568 -595 152 -530 -568 -568 -568 -568 -1300 1478 -568 -568 -568
-223 -568 -568 -568 -568 -568 -568 -568 -568 -490 -181 -568 -568 -568 -568 -568 -506 1137 1116 807 761 -568 -568 -568 -568 -568 -1440 -373 -568 -568 -568 -568 -989 1539 -568 -568 -568 -568 -595 152 -530 -568 -568 -568 -568 -1300 1478 -568 -568 -568
1092 527 527 527 527 527 527 527 527 835 872 527 527 527 527 527 345 2332 2217 2020 1971 527 527 527 527 527 -880 832 527 527 527 527 393 2765 527 527 527 527 654 779 601 527 527 527 527 -325 2683 527 527 527
-99 -478 -478 -478 -478 -478 -478 -478 -478 -403 -54 -478 -478 -478 -478 -478 -391 1252 1173 850 880 -478 -478 -478 -478 -478 -1337 -278 -478 -478 -478 -478 -946 1660 -478 -478 -478 -478 -514 297 -438 -478 -478 -478 -478 -1261 1574 -478 -478 -478
-223 -568 -568 -568 -568 -568 -568 -568 -568 -490 -181 -568 -568 -568 -568 -568 -506 1137 1116 807 761 -568 -568 -568 -568 -568 -1440 -373 -568 -568 -568 -568 -989 1539 -568 -568 -568 -568 -595 152 -530 -568 -568 -568 -568 -1300 1478 -568 -568 -568
-223 -568 -568 -568 -568 -568 -568 -568 -568 -490 -181 -568 -568 -568 -568 -568 -506 1137 1116 807 761 -568 -568 -568 -568 -568 -1440 -373 -568 -568 -568 -568 -989 1539 -568 -568 -568 -568 -595 152 -530 -568 -568 -568 -568 -1300 1478 -568 -568 -568
-223 -568 -568 -568 -568 -568 -568 -568 -568 -490 -181 -568 -568 -568 -568 -568 -506 1137 1116 807 761 -568 -568 -568 -568 -568 -1440 -373 -568 -568 -568 -568 -989 1539 -568 -568 -568 -568 -595 152 -530 -568 -568 -568 -568 -1300 1478 -568 -568 -568
-223 -568 -568 -568 -568 -568 -568 -568 -568 -490 -181 -568 -568 -568 -568 -568 -506 1137 1116 807 761 -568 -568 -568 -568 -568 -1440 -373 -568 -568 -568 -568 -989 1539 -568 -568 -568 -568 -595 152 -530 -568 -568 -568 -568 -1300 1478 -568 -568 -568
-88 -150 -150 -150 -150 -150 -150 -150 -150 -163 305 -150 -150 -150 -150 -150 -152 1192 1242 738 1103 -150 -150 -150 -150 -150 -1314 1 -150 -150 -150 -150 -860 1767 -150 -150 -150 -150 -271 380 -138 -150 -150 -150 -150 -1126 1624 -150 -150 -150
61 -594 -594 -594 -594 -594 -594 -594 -594 -470 -82 -594 -594 -594 -594 -594 -445 1416 1173 804 794 -594 -594 -594 -594 -594 -1299 -362 -594 -594 -594 -594 -1049 1638 -594 -594 -594 -594 -620 358 -539 -594 -594 -594 -594 -1384 1530 -594 -594 -594
-223 -568 -568 -568 -568 -568 -568 -568 -568 -490 -181 -568 -568 -568 -568 -568 -506 1137 1116 807 761 -568 -568 -568 -568 -568 -1440 -373 -568 -568 -568 -568 -989 1539 -568 -568 -568 -568 -595 152 -530 -568 -568 -568 -568 -1300 1478 -568 -568 -568
-223 -568 -568 -568 -568 -568 -568 -568 -568 -490 -181 -568 -568 -568 -568 -568 -506 1137 1116 807 761 -568 -568 -568 -568 -568 -1440 -373 -568 -568 -568 -568 -989 1539 -568 -568 -568 -568 -595 152 -530 -568 -568 -568 -568 -1300 1478 -568 -568 -568
-223 -568 -568 -568 -568 -568 -568 -568 -568 -490 -181 -568 -568 -568 -568 -568 -506 1137 1116 807 761 -568 -568 -568 -568 -568 -1440 -373 -568 -568 -568 -568 -989 1539 -568 -568 -568 -568 -595 152 -530 -568 -568 -568 -568 -1300 1478 -568 -568 -568
-223 -568 -568 -568 -568 -568 -568 -568 -568 -490 -181 -568 -568 -568 -568 -568 -506 1137 1116 807 761 -568 -568 -568 -568 -568 -1440 -373 -568 -568 -568 -568 -989 1539 -568 -568 -568 -568 -595 152 -530 -568 -568 -568 -568 -1300 1478 -568 -568 -568
-399 -654 -654 -654 -654 -654 -654 -654 -654 -609 -233 -654 -654 -654 -654 -654 -643 976 1005 636 693 -654 -654 -654 -654 -654 -1657 -463 -654 -654 -654 -654 -1169 1455 -654 -654 -654 -654 -707 4 -621 -654 -654 -654 -654 -1490 1384 -654 -654 -654
622 -122 -122 -122 -122 -122 -122 -122 -122 189 234 -122 -122 -122 -122 -122 -311 1969 1905 1709 1441 -122 -122 -122 -122 -122 -1411 219 -122 -122 -122 -122 -179 2346 -122 -122 -122 -122 20 299 -36 -122 -122 -122 -122 -900 2341 -122 -122 -122
-176 -520 -520 -520 -520 -520 -520 -520 -520 -442 -127 -520 -520 -520 -520 -520 -457 1183 1154 843 825 -520 -520 -520 -520 -520 -1411 -322 -520 -520 -520 -520 -954 1601 -520 -520 -520 -520 -549 200 -482 -520 -520 -520 -520 -1273 1535 -520 -520 -520
-223 -568 -568 -568 -568 -568 -568 -568 -568 -490 -181 -568 -568 -568 -568 -568 -506 1137 1116 807 761 -568 -568 -568 -568 -568 -1440 -373 -568 -568 -568 -568 -989 1539 -568 -568 -568 -568 -595 152 -530 -568 -568 -568 -568 -1300 1478 -568 -568 -568
-223 -568 -568 -568 -568 -568 -568 -568 -568 -490 -181 -568 -568 -568 -568 -568 -506 1137 1116 807 761 -568 -568 -568 -568 -568 -1440 -373 -568 -568 -568 -568 -989 1539 -568 -568 -568 -568 -595 152 -530 -568 -568 -568 -568 -1300 1478 -568 -568 -568
-223 -568 -568 -568 -568 -568 -568 -568 -568 -490 -181 -568 -568 -568 -568 -568 -506 1137 1116 807 761 -568 -568 -568 -568 -568 -1440 -373 -568 -568 -568 -568 -989 1539 -568 -568 -568 -568 -595 152 -530 -568 -568 -568 -568 -1300 1478 -568 -568 -568
-223 -568 -568 -568 -568 -568 -568 -568 -568 -490 -181 -568 -568 -568 -568 -568 -506 1137 1116 807 761 -568 -568 -568 -568 -568 -1440 -373 -568 -568 -568 -568 -989 1539 -568 -568 -568 -568 -595 152 -530 -568 -568 -568 -568 -1300 1478 -568 -568 -568
491 112 112 112 112 112 112 112 112 255 614 112 112 112 112 112 150 1767 1485 1187 1455 112 112 112 112 112 -1006 331 112 112 112 112 -367 2192 112 112 112 112 94 670 162 112 112 112 112 -819 1989 112 112 112
281 -475 -475 -475 -475 -475 -475 -475 -475 -343 39 -475 -475 -475 -475 -475 -383 1469 1241 942 962 -475 -475 -475 -475 -475 -1137 -212 -475 -475 -475 -475 -825 1758 -475 -475 -475 -475 -472 462 -407 -475 -475 -475 -475 -1192 1648 -475 -475 -475
-223 -568 -568 -568 -568 -568 -568 -568 -568 -490 -181 -568 -568 -568 -568 -568 -506 1137 1116 807 761 -568 -568 -568 -568 -568 -1440 -373 -568 -568 -568 -568 -989 1539 -568 -568 -568 -568 -595 152 -530 -568 -568 -568 -568 -1300 1478 -568 -568 -568
-223 -568 -568 -568 -568 -568 -568 -568 -568 -490 -181 -568 -568 -568 -568 -568 -506 1137 1116 807 761 -568 -568 -568 -568 -568 -1440 -373 -568 -568 -568 -568 -989 1539 -568 -568 -568 -568 -595 152 -530 -568 -568 -568 -568 -1300 1478 -568 -568 -568
-223 -568 -568 -568 -568 -568 -568 -568 -568 -490 -181 -568 -568 -568 -568 -568 -506 1137 1116 807 761 -568 -568 -568 -568 -568 -1440 -373 -568 -568 -568 -568 -989 1539 -568 -568 -568 -568 -595 152 -530 -568 -568 -568 -568 -1300 1478 -568 -568 -568
