34 3163 -6637 -987 -1784 -2308 162 -3227 -1225 -953 470 581 -693 -2116 1118 1745 -730 -1553 3328 -5779 1987 -1388 -421 21 2476 1533 -2140 -2455 -2472 2682 -2416 2399 -131 -606 -631 -1885 -2071 -1171 -5148 1029 -1005 -1961 2200 936 -932 583 1720 3261 2127 -4353 -221 2086 622 -532 2655 1686 -1653 -5762 -1210 221 -1082 1313 1826 -3044
-98 4523 -5042 -1933 -992 -2535 -381 -2342 -1347 -1818 -1041 1757 -723 -2136 1451 1211 -1146 -208 4872 -5957 2757 -1190 641 528 -200 2550 -1557 -2363 -2848 1069 -2063 127 120 1637 -776 -2814 -1863 -2030 -4154 2292 -40 -3156 2398 2408 -1234 984 4784 2905 3143 -4880 -1119 2416 -739 -574 2614 2065 -1417 -3038 -877 625 -1061 870 2409 -2816
-98 4523 -5042 -1933 -992 -2535 -381 -2342 -1347 -1818 -1041 1757 -723 -2136 1451 1211 -1146 -208 4872 -5957 2757 -1190 641 528 -200 2550 -1557 -2363 -2848 1069 -2063 127 120 1637 -776 -2814 -1863 -2030 -4154 2292 -40 -3156 2398 2408 -1234 984 4784 2905 3143 -4880 -1119 2416 -739 -574 2614 2065 -1417 -3038 -877 625 -1061 870 2409 -2816
-98 4523 -5042 -1933 -992 -2535 -381 -2342 -1347 -1818 -1041 1757 -723 -2136 1451 1211 -1146 -208 4872 -5957 2757 -1190 641 528 -200 2550 -1557 -2363 -2848 1069 -2063 127 120 1637 -776 -2814 -1863 -2030 -4154 2292 -40 -3156 2398 2408 -1234 984 4784 2905 3143 -4880 -1119 2416 -739 -574 2614 2065 -1417 -3038 -877 625 -1061 870 2409 -2816
-98 4523 -5042 -1933 -992 -2535 -381 -2342 -1347 -1818 -1041 1757 -723 -2136 1451 1211 -1146 -208 4872 -5957 2757 -1190 641 528 -200 2550 -1557 -2363 -2848 1069 -2063 127 120 1637 -776 -2814 -1863 -2030 -4154 2292 -40 -3156 2398 2408 -1234 984 4784 2905 3143 -4880 -1119 2416 -739 -574 2614 2065 -1417 -3038 -877 625 -1061 870 2409 -2816
-98 4523 -5042 -1933 -992 -2535 -381 -2342 -1347 -1818 -1041 1757 -723 -2136 1451 1211 -1146 -208 4872 -5957 2757 -1190 641 528 -200 2550 -1557 -2363 -2848 1069 -2063 127 120 1637 -776 -2814 -1863 -2030 -4154 2292 -40 -3156 2398 2408 -1234 984 4784 2905 3143 -4880 -1119 2416 -739 -574 2614 2065 -1417 -3038 -877 625 -1061 870 2409 -2816
-98 4523 -5042 -1933 -992 -2535 -381 -2342 -1347 -1818 -1041 1757 -723 -2136 1451 1211 -1146 -208 4872 -5957 2757 -1190 641 528 -200 2550 -1557 -2363 -2848 1069 -2063 127 120 1637 -776 -2814 -1863 -2030 -4154 2292 -40 -3156 2398 2408 -1234 984 4784 2905 3143 -4880 -1119 2416 -739 -574 2614 2065 -1417 -3038 -877 625 -1061 870 2409 -2816
-98 4523 -5042 -1933 -992 -2535 -381 -2342 -1347 -1818 -1041 1757 -723 -2136 1451 1211 -1146 -208 4872 -5957 2757 -1190 641 528 -200 2550 -1557 -2363 -2848 1069 -2063 127 120 1637 -776 -2814 -1863 -2030 -4154 2292 -40 -3156 2398 2408 -1234 984 4784 2905 3143 -4880 -1119 2416 -739 -574 2614 2065 -1417 -3038 -877 625 -1061 870 2409 -2816
-98 4523 -5042 -1933 -992 -2535 -381 -2342 -1347 -1818 -1041 1757 -723 -2136 1451 1211 -1146 -208 4872 -5957 2757 -1190 641 528 -200 2550 -1557 -2363 -2848 1069 -2063 127 120 1637 -776 -2814 -1863 -2030 -4154 2292 -40 -3156 2398 2408 -1234 984 4784 2905 3143 -4880 -1119 2416 -739 -574 2614 2065 -1417 -3038 -877 625 -1061 870 2409 -2816
298 3939 -5905 -1706 -1141 -2347 -203 -2292 -1107 -1484 -1003 1860 90 -1516 899 1795 -1005 -523 4822 -5865 1805 -1862 801 416 -447 2857 -1720 -2774 -2096 952 -2081 685 -415 1637 -951 -2597 -2451 -1873 -4624 2130 -1024 -3066 1911 2292 -1659 1048 4447 3241 2249 -4960 -637 2997 -206 -678 2847 2265 -1267 -3708 -667 219 -854 -222 2541 -2725
-199 4566 -4978 -1126 -1586 -2012 -614 -2504 -1901 -1201 -1391 1135 -246 -1299 950 1812 -454 -637 4558 -5939 2066 -1218 388 1269 -850 3683 -2098 -2358 -3091 1081 -1722 455 -403 1133 -504 -2656 -1791 -1678 -4750 1685 -525 -3269 2662 2487 -1593 980 4181 3313 2457 -5011 -1198 2289 -562 -494 2946 2292 -1167 -3969 -1294 -247 -1029 -332 1699 -2513
-98 4523 -5042 -1933 -992 -2535 -381 -2342 -1347 -1818 -1041 1757 -723 -2136 1451 1211 -1146 -208 4872 -5957 2757 -1190 641 528 -200 2550 -1557 -2363 -2848 1069 -2063 127 120 1637 -776 -2814 -1863 -2030 -4154 2292 -40 -3156 2398 2408 -1234 984 4784 2905 3143 -4880 -1119 2416 -739 -574 2614 2065 -1417 -3038 -877 625 -1061 870 2409 -2816
-98 4523 -5042 -1933 -992 -2535 -381 -2342 -1347 -1818 -1041 1757 -723 -2136 1451 1211 -1146 -208 4872 -5957 2757 -1190 641 528 -200 2550 -1557 -2363 -2848 1069 -2063 127 120 1637 -776 -2814 -1863 -2030 -4154 2292 -40 -3156 2398 2408 -1234 984 4784 2905 3143 -4880 -1119 2416 -739 -574 2614 2065 -1417 -3038 -877 625 -1061 870 2409 -2816
-98 4523 -5042 -1933 -992 -2535 -381 -2342 -1347 -1818 -1041 1757 -723 -2136 1451 1211 -1146 -208 4872 -5957 2757 -1190 641 528 -200 2550 -1557 -2363 -2848 1069 -2063 127 120 1637 -776 -2814 -1863 -2030 -4154 2292 -40 -3156 2398 2408 -1234 984 4784 2905 3143 -4880 -1119 2416 -739 -574 2614 2065 -1417 -3038 -877 625 -1061 870 2409 -2816
-98 4523 -5042 -1933 -992 -2535 -381 -2342 -1347 -1818 -1041 1757 -723 -2136 1451 1211 -1146 -208 4872 -5957 2757 -1190 641 528 -200 2550 -1557 -2363 -2848 1069 -2063 127 120 1637 -776 -2814 -1863 -2030 -4154 2292 -40 -3156 2398 2408 -1234 984 4784 2905 3143 -4880 -1119 2416 -739 -574 2614 2065 -1417 -3038 -877 625 -1061 870 2409 -2816
-98 4523 -5042 -1933 -992 -2535 -381 -2342 -1347 -1818 -1041 1757 -723 -2136 1451 1211 -1146 -208 4872 -5957 2757 -1190 641 528 -200 2550 -1557 -2363 -2848 1069 -2063 127 120 1637 -776 -2814 -1863 -2030 -4154 2292 -40 -3156 2398 2408 -1234 984 4784 2905 3143 -4880 -1119 2416 -739 -574 2614 2065 -1417 -3038 -877 625 -1061 870 2409 -2816
122 4898 -5406 -1196 1165 -2080 -400 -1414 -739 -2603 -1570 1483 -758 -2401 1576 1597 -671 -689 5062 -4966 3723 525 1223 1522 143 1399 -3073 -1168 -3379 2306 -1971 507 274 655 -343 -1179 -1474 -1575 -3953 1870 393 -1473 2968 1650 -405 85 2839 3619 2681 -3716 -2544 2266 215 -382 3599 2214 -1497 -3773 203 1470 -788 1060 2496 -1762
224 3480 -5038 -1182 745 -1272 939 -1636 512 -1954 -762 314 -475 -3222 1080 1072 -2077 -810 3999 -6197 2919 -471 -85 319 2959 -166 -3754 156 -2891 2947 -1967 2677 712 180 -17 -1343 -2045 -972 -3863 1037 541 -62 2266 1135 -445 91 1210 4412 4040 -2961 -1025 2356 711 -1304 1305 858 -2394 -3820 -1076 3440 -743 1821 1612 -1205
-774 2811 -5096 -1471 -1025 -1960 520 -2055 216 -1385 723 853 -1340 -3696 1292 486 -2753 -1501 3341 -5996 2882 -741 -462 -433 4240 -536 -2799 -548 -2286 2888 -2679 2594 1390 -31 -983 -1391 -1894 -1825 -3701 933 483 -108 1963 474 -197 -54 627 3143 4114 -3360 -109 2239 728 -1232 399 1431 -2461 -3649 -2283 3269 -1121 2543 1708 -1749
76 1911 -6360 -1003 -1429 -2293 110 -2794 16 -1086 1641 840 -108 -3539 50 915 -2245 -1674 2864 -5738 1928 -1629 10 -96 4829 -1154 -2895 -922 -1540 3184 -3015 3442 1294 71 -1223 -1166 -1435 -1973 -4456 92 -1088 238 1746 418 -337 27 -805 2350 2876 -3230 1175 3420 1957 -1072 388 1438 -2535 -4749 -2050 2841 -768 2010 1928 -2076
-921 4070 -4878 -1163 -2247 -2308 -1141 -2328 -3158 -356 -142 1768 1114 -1103 1097 1178 -1717 -1757 4522 -6961 1296 -1287 -888 162 1009 2162 -1630 -2879 -2413 2198 -2105 1680 838 247 -1502 -1518 -2092 -1796 -3530 1710 -751 -3043 2783 2100 -2306 -3 2408 3778 2622 -3923 -1243 2480 -1069 -762 2091 2580 -1159 -4693 -2211 894 -153 776 1157 -2115
-98 4523 -5042 -1933 -992 -2535 -381 -2342 -1347 -1818 -1041 1757 -723 -2136 1451 1211 -1146 -208 4872 -5957 2757 -1190 641 528 -200 2550 -1557 -2363 -2848 1069 -2063 127 120 1637 -776 -2814 -1863 -2030 -4154 2292 -40 -3156 2398 2408 -1234 984 4784 2905 3143 -4880 -1119 2416 -739 -574 2614 2065 -1417 -3038 -877 625 -1061 870 2409 -2816
-98 4523 -5042 -1933 -992 -2535 -381 -2342 -1347 -1818 -1041 1757 -723 -2136 1451 1211 -1146 -208 4872 -5957 2757 -1190 641 528 -200 2550 -1557 -2363 -2848 1069 -2063 127 120 1637 -776 -2814 -1863 -2030 -4154 2292 -40 -3156 2398 2408 -1234 984 4784 2905 3143 -4880 -1119 2416 -739 -574 2614 2065 -1417 -3038 -877 625 -1061 870 2409 -2816
-98 4523 -5042 -1933 -992 -2535 -381 -2342 -1347 -1818 -1041 1757 -723 -2136 1451 1211 -1146 -208 4872 -5957 2757 -1190 641 528 -200 2550 -1557 -2363 -2848 1069 -2063 127 120 1637 -776 -2814 -1863 -2030 -4154 2292 -40 -3156 2398 2408 -1234 984 4784 2905 3143 -4880 -1119 2416 -739 -574 2614 2065 -1417 -3038 -877 625 -1061 870 2409 -2816
-98 4523 -5042 -1933 -992 -2535 -381 -2342 -1347 -1818 -1041 1757 -723 -2136 1451 1211 -1146 -208 4872 -5957 2757 -1190 641 528 -200 2550 -1557 -2363 -2848 1069 -2063 127 120 1637 -776 -2814 -1863 -2030 -4154 2292 -40 -3156 2398 2408 -1234 984 4784 2905 3143 -4880 -1119 2416 -739 -574 2614 2065 -1417 -3038 -877 625 -1061 870 2409 -2816
-98 4523 -5042 -1933 -992 -2535 -381 -2342 -1347 -1818 -1041 1757 -723 -2136 1451 1211 -1146 -208 4872 -5957 2757 -1190 641 528 -200 2550 -1557 -2363 -2848 1069 -2063 127 120 1637 -776 -2814 -1863 -2030 -4154 2292 -40 -3156 2398 2408 -1234 984 4784 2905 3143 -4880 -1119 2416 -739 -574 2614 2065 -1417 -3038 -877 625 -1061 870 2409 -2816
361 2908 -6837 -1146 -163 -2654 -874 -2680 -1002 -2712 -273 750 -3337 -4038 2118 822 703 -945 2025 -4423 3976 398 926 489 1869 1330 -2472 -776 -3005 3294 -1574 1282 -132 -557 -196 -1850 -1102 -1987 -5167 126 -665 -1482 2700 1431 1225 -230 2005 2588 910 -3982 -1926 535 1362 -126 3965 1674 -1515 -5712 243 -838 -1942 2347 2201 -3372
146 4457 -5069 -1871 -1133 -2412 97 -2752 -1248 -1712 -978 1711 -383 -1921 1393 1151 -1375 -317 5101 -6222 2673 -1165 392 365 371 2283 -1449 -2270 -2843 1307 -2292 415 439 1414 -817 -2726 -2254 -1678 -4071 2257 -25 -2889 2368 2086 -1466 1128 4438 3196 3434 -4933 -803 2585 -636 -619 2487 1952 -1621 -3381 -1169 931 -1013 879 2330 -2639
-98 4523 -5042 -1933 -992 -2535 -381 -2342 -1347 -1818 -1041 1757 -723 -2136 1451 1211 -1146 -208 4872 -5957 2757 -1190 641 528 -200 2550 -1557 -2363 -2848 1069 -2063 127 120 1637 -776 -2814 -1863 -2030 -4154 2292 -40 -3156 2398 2408 -1234 984 4784 2905 3143 -4880 -1119 2416 -739 -574 2614 2065 -1417 -3038 -877 625 -1061 870 2409 -2816
-98 4523 -5042 -1933 -992 -2535 -381 -2342 -1347 -1818 -1041 1757 -723 -2136 1451 1211 -1146 -208 4872 -5957 2757 -1190 641 528 -200 2550 -1557 -2363 -2848 1069 -2063 127 120 1637 -776 -2814 -1863 -2030 -4154 2292 -40 -3156 2398 2408 -1234 984 4784 2905 3143 -4880 -1119 2416 -739 -574 2614 2065 -1417 -3038 -877 625 -1061 870 2409 -2816
-98 4523 -5042 -1933 -992 -2535 -381 -2342 -1347 -1818 -1041 1757 -723 -2136 1451 1211 -1146 -208 4872 -5957 2757 -1190 641 528 -200 2550 -1557 -2363 -2848 1069 -2063 127 120 1637 -776 -2814 -1863 -2030 -4154 2292 -40 -3156 2398 2408 -1234 984 4784 2905 3143 -4880 -1119 2416 -739 -574 2614 2065 -1417 -3038 -877 625 -1061 870 2409 -2816
-98 4523 -5042 -1933 -992 -2535 -381 -2342 -1347 -1818 -1041 1757 -723 -2136 1451 1211 -1146 -208 4872 -5957 2757 -1190 641 528 -200 2550 -1557 -2363 -2848 1069 -2063 127 120 1637 -776 -2814 -1863 -2030 -4154 2292 -40 -3156 2398 2408 -1234 984 4784 2905 3143 -4880 -1119 2416 -739 -574 2614 2065 -1417 -3038 -877 625 -1061 870 2409 -2816
82 2375 -7157 -2002 -2248 -2871 -896 -3142 -1155 -1824 261 2008 158 -2672 59 1158 -1148 -977 4339 -5418 1547 -2444 484 588 1165 1914 -1448 -2500 -1374 1815 -3116 1336 54 1402 -664 -2239 -2185 -1664 -6081 1186 -1541 -2405 1207 1946 -1159 1955 3239 1690 1816 -5351 910 3230 807 -542 2211 2190 -1347 -4734 -1193 -468 -404 -166 3407 -3269
-1130 3691 -4443 -975 -2093 -1864 -953 -1951 -2319 -98 211 981 1017 -1618 832 1199 -2161 -1591 3839 -7152 1298 -1561 -1452 -6 1670 1529 -2279 -2430 -2290 1982 -1820 2168 610 371 -1140 -1601 -1917 -1806 -2942 1812 -188 -2633 2389 1947 -1931 -80 2125 3946 3138 -3358 -849 2568 -772 -1406 1224 1905 -1330 -4358 -2306 1703 -213 1219 826 -2010
-98 4523 -5042 -1933 -992 -2535 -381 -2342 -1347 -1818 -1041 1757 -723 -2136 1451 1211 -1146 -208 4872 -5957 2757 -1190 641 528 -200 2550 -1557 -2363 -2848 1069 -2063 127 120 1637 -776 -2814 -1863 -2030 -4154 2292 -40 -3156 2398 2408 -1234 984 4784 2905 3143 -4880 -1119 2416 -739 -574 2614 2065 -1417 -3038 -877 625 -1061 870 2409 -2816
-98 4523 -5042 -1933 -992 -2535 -381 -2342 -1347 -1818 -1041 1757 -723 -2136 1451 1211 -1146 -208 4872 -5957 2757 -1190 641 528 -200 2550 -1557 -2363 -2848 1069 -2063 127 120 1637 -776 -2814 -1863 -2030 -4154 2292 -40 -3156 2398 2408 -1234 984 4784 2905 3143 -4880 -1119 2416 -739 -574 2614 2065 -1417 -3038 -877 625 -1061 870 2409 -2816
-98 4523 -5042 -1933 -992 -2535 -381 -2342 -1347 -1818 -1041 1757 -723 -2136 1451 1211 -1146 -208 4872 -5957 2757 -1190 641 528 -200 2550 -1557 -2363 -2848 1069 -2063 127 120 1637 -776 -2814 -1863 -2030 -4154 2292 -40 -3156 2398 2408 -1234 984 4784 2905 3143 -4880 -1119 2416 -739 -574 2614 2065 -1417 -3038 -877 625 -1061 870 2409 -2816
-98 4523 -5042 -1933 -992 -2535 -381 -2342 -1347 -1818 -1041 1757 -723 -2136 1451 1211 -1146 -208 4872 -5957 2757 -1190 641 528 -200 2550 -1557 -2363 -2848 1069 -2063 127 120 1637 -776 -2814 -1863 -2030 -4154 2292 -40 -3156 2398 2408 -1234 984 4784 2905 3143 -4880 -1119 2416 -739 -574 2614 2065 -1417 -3038 -877 625 -1061 870 2409 -2816
346 4220 -5656 -1832 -1169 -2304 -213 -2485 -1327 -1374 -685 1843 -89 -1693 897 1482 -1045 -252 5110 -5821 2172 -1739 729 664 -52 2655 -1795 -2463 -2390 1076 -2277 394 -130 1729 -931 -2732 -2126 -2111 -4559 2115 -625 -3219 2349 2271 -1478 950 4394 2859 2602 -4837 -791 3100 -372 -547 2585 2047 -1262 -3530 -765 556 -930 364 2535 -2718
-524 3378 -5513 -63 -469 -2186 -1075 -1998 -2197 -1403 -328 241 -2138 -3167 1777 1134 230 -774 1839 -5565 3022 -154 198 789 1172 2006 -3626 -1329 -2953 2537 -526 1560 -333 -161 -656 -1388 -623 -2573 -3922 654 -398 -2880 3178 2064 590 -889 1965 3227 1155 -3047 -2296 1120 618 -721 3323 1772 -1300 -5586 -126 45 -1700 2208 1040 -2756
44 4497 -5078 -1931 -981 -2480 -172 -2512 -1309 -1825 -1074 1735 -616 -2076 1450 1163 -1185 -163 4982 -6074 2749 -1165 562 463 -48 2472 -1539 -2289 -2878 1172 -2090 222 207 1585 -738 -2816 -2020 -1875 -4176 2259 -29 -3097 2389 2335 -1285 1088 4743 3055 3244 -4911 -1022 2446 -690 -555 2627 1968 -1500 -3180 -913 708 -1059 880 2395 -2783
-98 4523 -5042 -1933 -992 -2535 -381 -2342 -1347 -1818 -1041 1757 -723 -2136 1451 1211 -1146 -208 4872 -5957 2757 -1190 641 528 -200 2550 -1557 -2363 -2848 1069 -2063 127 120 1637 -776 -2814 -1863 -2030 -4154 2292 -40 -3156 2398 2408 -1234 984 4784 2905 3143 -4880 -1119 2416 -739 -574 2614 2065 -1417 -3038 -877 625 -1061 870 2409 -2816
-98 4523 -5042 -1933 -992 -2535 -381 -2342 -1347 -1818 -1041 1757 -723 -2136 1451 1211 -1146 -208 4872 -5957 2757 -1190 641 528 -200 2550 -1557 -2363 -2848 1069 -2063 127 120 1637 -776 -2814 -1863 -2030 -4154 2292 -40 -3156 2398 2408 -1234 984 4784 2905 3143 -4880 -1119 2416 -739 -574 2614 2065 -1417 -3038 -877 625 -1061 870 2409 -2816
-98 4523 -5042 -1933 -992 -2535 -381 -2342 -1347 -1818 -1041 1757 -723 -2136 1451 1211 -1146 -208 4872 -5957 2757 -1190 641 528 -200 2550 -1557 -2363 -2848 1069 -2063 127 120 1637 -776 -2814 -1863 -2030 -4154 2292 -40 -3156 2398 2408 -1234 984 4784 2905 3143 -4880 -1119 2416 -739 -574 2614 2065 -1417 -3038 -877 625 -1061 870 2409 -2816
-98 4523 -5042 -1933 -992 -2535 -381 -2342 -1347 -1818 -1041 1757 -723 -2136 1451 1211 -1146 -208 4872 -5957 2757 -1190 641 528 -200 2550 -1557 -2363 -2848 1069 -2063 127 120 1637 -776 -2814 -1863 -2030 -4154 2292 -40 -3156 2398 2408 -1234 984 4784 2905 3143 -4880 -1119 2416 -739 -574 2614 2065 -1417 -3038 -877 625 -1061 870 2409 -2816
-236 3655 -6396 -2637 -799 -2254 -212 -2954 -650 -2583 -43 2022 -1442 -3429 1063 819 -1204 -634 5009 -4596 3664 -96 736 953 2387 361 -2195 -748 -3096 3034 -3491 685 721 796 -381 -2265 -1286 -1749 -5725 910 262 -1728 2746 1388 439 1128 2761 1616 3135 -4581 -948 2472 576 -24 2120 1794 -1362 -4390 -804 850 -421 1656 3195 -2280
-650 3259 -4271 -1303 -2198 -2128 -20 -2345 -1019 -159 681 844 82 -2297 1323 987 -2599 -1111 3429 -6984 1788 -1751 -1240 -691 2601 739 -1779 -2202 -2114 1696 -1947 2251 1040 645 -1341 -1982 -1978 -1827 -2730 1644 394 -2165 1885 1309 -1507 260 2239 3419 3959 -3618 -80 2649 -134 -1798 652 1451 -1846 -3916 -2442 2316 -797 1776 1154 -2270
-98 4523 -5042 -1933 -992 -2535 -381 -2342 -1347 -1818 -1041 1757 -723 -2136 1451 1211 -1146 -208 4872 -5957 2757 -1190 641 528 -200 2550 -1557 -2363 -2848 1069 -2063 127 120 1637 -776 -2814 -1863 -2030 -4154 2292 -40 -3156 2398 2408 -1234 984 4784 2905 3143 -4880 -1119 2416 -739 -574 2614 2065 -1417 -3038 -877 625 -1061 870 2409 -2816
-98 4523 -5042 -1933 -992 -2535 -381 -2342 -1347 -1818 -1041 1757 -723 -2136 1451 1211 -1146 -208 4872 -5957 2757 -1190 641 528 -200 2550 -1557 -2363 -2848 1069 -2063 127 120 1637 -776 -2814 -1863 -2030 -4154 2292 -40 -3156 2398 2408 -1234 984 4784 2905 3143 -4880 -1119 2416 -739 -574 2614 2065 -1417 -3038 -877 625 -1061 870 2409 -2816
-98 4523 -5042 -1933 -992 -2535 -381 -2342 -1347 -1818 -1041 1757 -723 -2136 1451 1211 -1146 -208 4872 -5957 2757 -1190 641 528 -200 2550 -1557 -2363 -2848 1069 -2063 127 120 1637 -776 -2814 -1863 -2030 -4154 2292 -40 -3156 2398 2408 -1234 984 4784 2905 3143 -4880 -1119 2416 -739 -574 2614 2065 -1417 -3038 -877 625 -1061 870 2409 -2816
