0.12184439599514008
-0.06765365600585938
-0.06622277200222015
-0.004862278699874878
-0.04754155874252319
-0.003858417272567749
0.12098833918571472
-0.06036937236785889
0.10133382678031921
0.0010384470224380493
-0.029625967144966125
0.1195743978023529
0.06743481755256653
-0.012339964509010315
-0.03986859321594238
0.12453503906726837
-0.037106096744537354
0.07756398618221283
-0.08707910776138306
0.05312451720237732
-0.06454095244407654
0.015615418553352356
-0.09060786664485931
0.021822139620780945
-0.03726346790790558
-0.08666254580020905
-0.08680646121501923
-0.06002506613731384
-0.057237207889556885
0.04257024824619293
0.06902442872524261
-0.08192865550518036
0.10284760594367981
-0.09038063883781433
0.019054800271987915
0.12418383359909058
-0.07717357575893402
0.1085096150636673
0.07305559515953064
0.03950497508049011
-0.08524757623672485
-0.05546464025974274
-0.019074827432632446
0.11332802474498749
0.09668740630149841
-0.02283647656440735
0.11678548157215118
-0.05769045650959015
-0.035202741622924805
-0.0016203075647354126
0.02083262801170349
0.11867451667785645
0.0020992904901504517
0.06366150081157684
0.1245594471693039
0.06960879266262054
0.054978013038635254
0.04142963886260986
0.08975410461425781
-0.011744171380996704
0.0753372460603714
0.0001684427261352539
0.04689224064350128
0.038698479533195496
0.07184231281280518
-0.0556822270154953
0.04388052225112915
0.061400145292282104
0.017151013016700745
-0.058207735419273376
-0.09468188881874084
-0.12106280028820038
0.02884785830974579
0.01190929114818573
-0.12115849554538727
0.0009847283363342285
0.08321581780910492
-0.001310601830482483
0.10265085101127625
0.07507766783237457
-0.05936719477176666
0.1069009006023407
0.001423865556716919
-0.0613393634557724
-0.029765024781227112
0.11798791587352753
-0.10517653822898865
0.08661086857318878
-0.038917556405067444
-0.07952429354190826
-0.025748491287231445
-0.059910938143730164
0.07031799852848053
-0.0003745555877685547
-0.07744206488132477
0.04444986581802368
0.12231282889842987
0.11309564113616943
0.0485573410987854
0.07440140843391418
-0.023495927453041077
0.023861631751060486
0.028638914227485657
-0.11331011354923248
0.12272845208644867
0.11364667117595673
-0.0484236478805542
-0.10705691576004028
0.10515357553958893
-0.045689865946769714
-0.029799461364746094
0.0608057975769043
0.010309964418411255
0.048593759536743164
0.10001930594444275
0.022769734263420105
0.03301915526390076
-0.016514018177986145
-0.11296090483665466
0.02134045958518982
0.03865480422973633
0.03020511567592621
-0.0887487530708313
-0.03753012418746948
0.0531354695558548
0.0075685977935791016
-0.10260604321956635
0.10406115651130676
