-0.06737402081489563
0.0038662701845169067
0.04293772578239441
0.10480998456478119
0.10580921173095703
0.025960639119148254
-0.048032939434051514
0.02387833595275879
-0.08055129647254944
-0.048478275537490845
-0.04488372802734375
-0.0162055641412735
0.10547664761543274
-0.003709748387336731
0.05188119411468506
-0.06244648993015289
-0.006164044141769409
-0.10962450504302979
0.08589823544025421
0.08943314850330353
0.06581950187683105
-0.0755513608455658
0.11821983754634857
-0.05096164345741272
0.07432794570922852
0.10471844673156738
-0.04145413637161255
-0.11852148175239563
-0.018884867429733276
-0.0010206103324890137
-0.07748141884803772
-0.06743450462818146
-0.045372724533081055
-0.05909261107444763
0.07740586996078491
0.056463733315467834
-0.06564594805240631
-0.004408001899719238
0.09473316371440887
-0.1099732518196106
-0.03510196506977081
-0.024062693119049072
0.017861858010292053
-0.06254832446575165
0.11049456894397736
-0.026970773935317993
0.07412172853946686
0.04108244180679321
0.12367990612983704
0.05085718631744385
-0.04368145763874054
0.1129545271396637
0.11021523177623749
0.08357520401477814
-0.0008285045623779297
0.017477497458457947
-0.023170873522758484
0.006446674466133118
0.0882992148399353
0.06037786602973938
0.06834709644317627
-0.07189150154590607
-0.002276003360748291
-0.03619284927845001
