0.012665942311286926
-0.11682410538196564
0.06069095432758331
0.02058611810207367
0.01275394856929779
0.08420670032501221
-0.09760420024394989
0.05113546550273895
0.03267122805118561
-0.07076440751552582
0.09655481576919556
-0.014351040124893188
-0.004017964005470276
-0.09178952872753143
0.11765244603157043
-0.08586205542087555
0.0570463091135025
-0.062409669160842896
-0.10724669694900513
-0.07889923453330994
0.11373688280582428
0.02568937838077545
-0.06873047351837158
-0.08391536772251129
-0.03884400427341461
-0.08675049245357513
0.11425365507602692
-0.03686194121837616
-0.10601384937763214
0.04014715552330017
-0.07192362844944
0.0722004622220993
0.0014652907848358154
-0.10218542814254761
0.10888631641864777
-0.10225209593772888
-0.05546852946281433
0.09454521536827087
0.11003586649894714
-0.04578247666358948
0.08250008523464203
-0.06672924757003784
-0.089164137840271
0.05877441167831421
-0.03633338212966919
-0.09944118559360504
-0.09270577132701874
-0.01732487976551056
0.11898095905780792
0.10996447503566742
0.07708793878555298
-0.03665222227573395
0.024271652102470398
-0.09743666648864746
-0.02446448802947998
-0.10125504434108734
0.06013956665992737
0.043725788593292236
-0.04340815544128418
0.08266560733318329
-0.011199817061424255
0.09333780407905579
0.07494477927684784
0.004694640636444092
