-0.08317650854587555
0.02252925932407379
0.09767024219036102
-0.04795782268047333
0.0003072470426559448
0.07507453858852386
0.1187586784362793
0.03783199191093445
0.07718011736869812
0.05755838751792908
0.07729391753673553
0.025000914931297302
-0.0307629257440567
-0.11092439293861389
-0.03245362639427185
0.03448028862476349
-0.0012511909008026123
0.06547506153583527
0.05618599057197571
-0.10230110585689545
-0.008530780673027039
0.022864893078804016
0.01529298722743988
-0.0005724281072616577
-0.09075075387954712
0.028921663761138916
-0.107384592294693
0.11203557252883911
-0.07929900288581848
-0.08859409391880035
0.026575967669487
-0.11714993417263031
-0.09541289508342743
0.012681365013122559
0.11921977996826172
0.10461278259754181
-0.10860878229141235
0.006762281060218811
0.06492739915847778
0.1116921603679657
0.013103142380714417
-0.08368386328220367
-0.11446213722229004
0.020988866686820984
0.11436696350574493
-0.029557988047599792
-0.05650338530540466
0.09353908896446228
0.08963148295879364
0.08977162837982178
-0.055929869413375854
-0.10826872289180756
0.05407452583312988
0.07023021578788757
0.08166006207466125
-0.09968516230583191
-0.10191208124160767
-0.09365779161453247
0.03233267366886139
-0.07026934623718262
-0.10319782793521881
-0.05875879526138306
-0.05960927903652191
-0.11391466856002808
-0.06735533475875854
-0.024903684854507446
-0.06882339715957642
0.05761553347110748
0.048431396484375
0.02142302691936493
-0.10316669940948486
-0.07253305613994598
-0.08797448873519897
-0.04669611155986786
0.05229195952415466
-0.1003347784280777
-0.05607672035694122
0.05262751877307892
0.04180215299129486
-0.11446966230869293
-0.09246779978275299
0.05549047887325287
-0.03811025619506836
0.017357170581817627
0.0007813572883605957
0.08066605031490326
0.04383479058742523
-0.06752094626426697
0.0793740302324295
0.09673774242401123
0.054272159934043884
-0.02722574770450592
-0.10841895639896393
0.07056112587451935
0.016372695565223694
-0.11381669342517853
0.027594804763793945
-0.014970749616622925
0.08135479688644409
-0.07614488899707794
0.028169557452201843
0.0877830982208252
-0.1068580150604248
-0.05763748288154602
-0.1236545741558075
0.011679932475090027
0.10966332256793976
-0.003314569592475891
0.10177373886108398
-0.0944400280714035
-0.07687507569789886
0.017021507024765015
-0.039395660161972046
0.06196810305118561
-0.06386296451091766
0.06790170073509216
-0.011430785059928894
0.03584553301334381
0.039262354373931885
-0.10271234810352325
0.08815689384937286
-0.008013680577278137
0.00045575201511383057
0.1170835793018341
-0.041762158274650574
-0.09791424870491028
-0.03843186795711517
0.008778735995292664
