0.02031926065683365
-0.06574738025665283
-0.08087313175201416
0.05101998895406723
-0.03821798041462898
-0.08520408719778061
0.04273179918527603
-0.08296985924243927
0.04195312410593033
-0.05189185217022896
0.05236353725194931
-0.049459293484687805
0.02883085608482361
-0.031104277819395065
0.06048155575990677
-0.04331781342625618
-0.04871866852045059
-0.03961118683218956
0.058449603617191315
0.08183266967535019
0.04072096198797226
-3.1620264053344727e-05
-0.031481217592954636
0.0015019550919532776
-0.07281830161809921
-0.01071687787771225
0.08629117161035538
0.05738198012113571
-0.08304319530725479
0.026884905993938446
-0.01635592430830002
-0.033443059772253036
-0.048034634441137314
0.08006324619054794
-0.05754779279232025
0.04099719971418381
0.04091530293226242
0.048817552626132965
0.06878822296857834
0.034680821001529694
0.08687498420476913
-0.01164150983095169
-0.0240035280585289
-0.06977309286594391
0.03795779496431351
-0.05646953731775284
0.047711364924907684
-0.07332617789506912
0.004687659442424774
-0.040456853806972504
-0.03369230777025223
-0.015098296105861664
-0.036165397614240646
0.06493692845106125
-0.01802174001932144
-0.030028585344552994
-0.05328352004289627
-0.023807823657989502
0.04957521706819534
-0.04095003381371498
-0.060942865908145905
0.007081657648086548
0.06816615909337997
-0.07332920283079147
