0.043683722615242004
0.03854350745677948
-0.07271207869052887
-0.05631984770298004
-0.02406884729862213
0.0845278650522232
0.05077296495437622
0.09814617037773132
0.0325985848903656
0.011670604348182678
0.018208637833595276
-0.032801926136016846
0.10704287886619568
-0.06216408312320709
0.11446739733219147
0.09550398588180542
0.030222088098526
0.10046368837356567
-0.05006192624568939
0.034852802753448486
0.06605209410190582
-0.07207965850830078
0.10501550137996674
0.12294147908687592
-0.021081596612930298
-0.0965069830417633
0.03252798318862915
0.07389126718044281
-0.12335023283958435
0.08766154944896698
0.017966553568840027
-0.11157475411891937
0.09473676979541779
-0.11039300262928009
-0.10899685323238373
0.035768911242485046
-0.02301257848739624
0.03468003869056702
-0.04048280417919159
0.02149645984172821
0.121959388256073
-0.08537830412387848
-0.1125030517578125
-0.0022269338369369507
-0.10270203649997711
0.10202482342720032
0.10288532078266144
-0.1175193041563034
0.11937141418457031
-0.06927318871021271
0.09471993148326874
-0.11924704909324646
-0.04993699491024017
-0.009975478053092957
0.10897018015384674
0.051057472825050354
-0.04146590828895569
-0.0026900768280029297
0.07454238831996918
0.0471971333026886
0.016299337148666382
0.0748375803232193
-0.059075504541397095
-0.05421815812587738
