0.08119530975818634
0.006807506084442139
-0.033579811453819275
-0.1182972639799118
-0.022301822900772095
0.005952313542366028
-0.07064881920814514
0.12288840115070343
-0.09985753893852234
-0.11482615768909454
-0.04469038546085358
-0.014385327696800232
-0.04767325520515442
0.04821045696735382
0.06679879128932953
0.07962274551391602
-0.03540658950805664
0.10438807308673859
-0.10599203407764435
-0.061668962240219116
-0.10158848762512207
-0.11780835688114166
-0.04807819426059723
0.03095179796218872
0.09100587666034698
-0.06709063053131104
-0.054432451725006104
0.09863223135471344
-0.11211702227592468
-0.035008504986763
0.09373460710048676
-0.04158909618854523
-0.0037499815225601196
-0.07594592869281769
-0.038835689425468445
0.11756780743598938
0.12132860720157623
0.09776823222637177
-0.021299153566360474
-0.06552299857139587
-0.0395158976316452
0.044288814067840576
-0.09662175178527832
-0.03241272270679474
0.048515915870666504
-0.00045430660247802734
-0.030651167035102844
0.009731248021125793
0.10290224850177765
-0.11018489301204681
-0.04261064529418945
0.06864403188228607
0.0005561858415603638
-0.11928293108940125
-0.07144419848918915
-0.018138810992240906
-0.09213714301586151
-0.009420067071914673
-0.1112913191318512
-0.09535500407218933
0.019362494349479675
-0.03479735553264618
0.07139880955219269
0.028472900390625
