0.10187794268131256
-0.10521578788757324
0.11854138970375061
-0.08136516809463501
-0.04313959181308746
-0.028259500861167908
0.0554593950510025
-0.017796590924263
0.0536939799785614
0.08666017651557922
0.12047739326953888
0.02491024136543274
-0.07670341432094574
-0.047422006726264954
-0.0677730143070221
-0.016924723982810974
0.08899988234043121
0.004415646195411682
0.10422749817371368
-0.07712139189243317
0.06962226331233978
0.10926653444766998
-0.12300889194011688
-0.092963308095932
-0.037967950105667114
-0.06358648836612701
0.0019332319498062134
0.07546256482601166
-0.11191275715827942
0.06923837959766388
-0.12497541308403015
-0.08071799576282501
0.06360754370689392
0.11473512649536133
-0.0023438334465026855
-0.07412436604499817
-0.018013998866081238
-0.03941160440444946
-0.09096165001392365
-0.08570468425750732
0.027231931686401367
-0.09605380892753601
0.03187362849712372
-0.0816863477230072
0.07404962182044983
0.010796159505844116
0.10564194619655609
0.12121802568435669
-0.031333357095718384
-0.11591295897960663
-0.10506415367126465
0.02002839744091034
-0.11048568785190582
-0.11823372542858124
0.027797609567642212
0.018457889556884766
-0.03799772262573242
-0.09592421352863312
0.02142976224422455
0.03831659257411957
0.036054328083992004
0.12437590956687927
0.07822135090827942
-0.0948314368724823
