0.02335527539253235
0.050129592418670654
-0.08647273480892181
-0.04500003159046173
-0.06354959309101105
0.0075579434633255005
-0.10718543827533722
-0.018696650862693787
0.025241822004318237
0.017738327383995056
-0.09364046156406403
-0.055507004261016846
-0.09096279740333557
-0.12244166433811188
0.08249501883983612
-0.05327165126800537
0.014318615198135376
0.05522468686103821
-0.0902235209941864
0.08868791162967682
0.12462936341762543
-0.09452834725379944
-0.04016876220703125
0.08678407967090607
0.10369828343391418
0.011199504137039185
0.04344657063484192
0.016840949654579163
-0.04295726120471954
-0.08477325737476349
0.08889845013618469
0.07404361665248871
0.07972705364227295
0.07381045818328857
0.08150702714920044
0.10000623762607574
-0.120521679520607
0.030098959803581238
0.043205633759498596
-0.03406345844268799
-0.11088396608829498
0.12011410295963287
0.07800039649009705
0.11997124552726746
0.07066072523593903
-0.019091054797172546
0.05784335732460022
-0.04182291030883789
-0.09059372544288635
-0.026768729090690613
0.058368533849716187
0.08872522413730621
0.0017089545726776123
0.032319873571395874
-0.04448290169239044
0.11304815113544464
-0.09961006045341492
-0.007883727550506592
-0.02034565806388855
-0.06062118709087372
0.01865658164024353
-0.06446529924869537
-0.04279610514640808
0.07901769876480103
