-0.41200605034828186
0.05076949670910835
0.007681561633944511
0.3280685544013977
-0.8263978362083435
-0.433729887008667
0.4130547046661377
-0.005847074557095766
0.08606238663196564
0.38082900643348694
0.13788282871246338
-0.916385293006897
0.6193705201148987
0.288592129945755
0.2734411656856537
0.5844550132751465
0.5709939002990723
0.3759928047657013
-0.14338092505931854
0.2829618453979492
0.02718242257833481
0.49311742186546326
-0.09315428882837296
-0.515478789806366
-0.2461094707250595
0.11972112208604813
0.2906199097633362
0.6494458913803101
-0.7210426330566406
-0.6217866539955139
0.8515009880065918
0.2439301460981369
0.20271678268909454
-0.5059748291969299
0.05741080269217491
-0.11911708116531372
-0.29546743631362915
-0.012101670727133751
0.4528782367706299
0.3740466237068176
-0.5576263666152954
0.7218297123908997
0.3644731044769287
0.8557726740837097
0.4481501579284668
-0.09865368157625198
-0.6780664920806885
0.7277235984802246
-0.5534060597419739
0.0004905349924229085
-0.17145578563213348
-0.6884731650352478
0.11214582622051239
0.4056519865989685
0.48548439145088196
0.34258684515953064
0.01679256558418274
0.29433321952819824
-0.7243143916130066
-0.13335387408733368
0.357488214969635
0.21598820388317108
-0.527189314365387
0.06384213268756866
