-0.43802502751350403
0.050813183188438416
0.007681712508201599
0.34066230058670044
-1.176667332649231
-0.4644817113876343
0.4392887353897095
-0.005847141146659851
0.08627581596374512
0.40102893114089966
0.13876672089099884
-1.565988302230835
0.7239831686019897
0.2970297932624817
0.2805793285369873
0.669202446937561
0.6489963531494141
0.39538446068763733
-0.1443757712841034
0.29089879989624023
0.027189120650291443
0.5401710271835327
-0.09342515468597412
-0.5701627135276794
-0.2512671947479248
0.12029808759689331
0.2992432415485382
0.7743397951126099
-0.9098133444786072
-0.7279126048088074
1.2615869045257568
0.24894867837429047
0.20556414127349854
-0.5573046207427979
0.05747400224208832
-0.11968530714511871
-0.30454614758491516
-0.012102261185646057
0.488315224647522
0.393119752407074
-0.6293817758560181
0.9114546775817871
0.3820345997810364
1.2773327827453613
0.482383131980896
-0.09897561371326447
-0.825526237487793
0.9238710999488831
-0.6232777833938599
0.0004905350506305695
-0.1731661558151245
-0.8450472354888916
0.112619549036026
0.4303957521915436
0.5301351547241211
0.35702040791511536
0.016794145107269287
0.30330389738082886
-0.9166618585586548
-0.13415290415287018
0.3740031123161316
0.219444140791893
-0.5862445831298828
0.06392908096313477
