0.5674397945404053
0.8273065090179443
-1.3642947673797607
0.07688501477241516
-2.2349789142608643
0.2733322083950043
-0.019718552008271217
-0.2030179500579834
-0.7360163927078247
0.4462655484676361
0.2774731516838074
-0.49638938903808594
-0.7013772130012512
-1.7197494506835938
-1.3684666156768799
-0.6044976711273193
-1.030374526977539
0.9395298361778259
-1.6545542478561401
0.20265480875968933
1.9746627807617188
0.7374263405799866
-0.07129812985658646
0.0998133048415184
0.2378886342048645
0.05936909094452858
-0.6256303787231445
-1.7067865133285522
-1.6345397233963013
1.3404935598373413
-0.6601853966712952
0.4494309425354004
-0.258718878030777
0.20922257006168365
0.7021190524101257
-0.4561297297477722
0.6665397882461548
0.7292124629020691
-0.899405300617218
-0.8109287619590759
1.6572872400283813
0.18874813616275787
0.23247317969799042
-0.09277965873479843
1.5161150693893433
0.07420555502176285
-0.016639696434140205
1.508853554725647
-0.011287164874374866
-1.8855496644973755
-0.6378577351570129
1.5579646825790405
1.2663531303405762
0.1480712592601776
-0.09444063156843185
1.0176082849502563
-1.767600655555725
-1.0514718294143677
0.027154719457030296
0.9174516797065735
0.016037592664361
2.2771196365356445
0.3808234632015228
1.2113537788391113
