-0.07443375885486603
-0.10154223442077637
-0.09218023717403412
-0.02398860454559326
0.03464066982269287
-0.09188924729824066
-0.06858515739440918
0.04362651705741882
0.034078970551490784
0.0388016551733017
0.010283514857292175
-0.004712402820587158
0.046628668904304504
0.02697700262069702
-0.09350535273551941
-0.060644298791885376
-0.026534661650657654
-0.029786154627799988
0.07435967028141022
0.017494142055511475
-0.08392323553562164
0.008667364716529846
-0.10688737034797668
0.06540581583976746
0.11365146934986115
0.06587234139442444
0.10588152706623077
-0.06817761063575745
0.10821782052516937
-0.0028950124979019165
0.005841970443725586
0.03120732307434082
0.06789110600948334
-0.10071061551570892
0.10611586272716522
-0.011603444814682007
-0.007783368229866028
0.002862989902496338
0.12320910394191742
-0.03219200670719147
-0.044172197580337524
-0.0719992071390152
0.015097469091415405
0.0574563592672348
0.11196386814117432
0.07254339754581451
0.00797376036643982
-0.12176454067230225
0.08722099661827087
0.027399912476539612
0.10646651685237885
0.09182338416576385
-0.06613335013389587
-0.06671451032161713
-0.09057402610778809
0.025671660900115967
0.060965314507484436
0.11001837253570557
0.12018615007400513
-0.05596165359020233
0.10084855556488037
0.020111918449401855
0.017310217022895813
0.07279253005981445
