0.09271882474422455
-0.1027216911315918
-0.07447485625743866
-0.08870230615139008
-0.000810965895652771
0.07342585921287537
0.0949469804763794
-0.03708671033382416
0.05031771957874298
-0.014101162552833557
-0.08004501461982727
-0.02083003520965576
-0.10535101592540741
0.11705233156681061
-0.06737096607685089
0.10233889520168304
-0.058118730783462524
0.11704519391059875
-0.12356369197368622
0.05459222197532654
0.01607702672481537
0.06342944502830505
-0.04852777719497681
-0.04745908081531525
0.07648147642612457
0.05456875264644623
-0.11888082325458527
0.015953123569488525
0.04150833189487457
-0.013600200414657593
0.08207760751247406
0.018871933221817017
0.06866471469402313
-0.05159391462802887
-0.04579177498817444
0.020544424653053284
-0.020920738577842712
0.08874168992042542
-0.07927411794662476
0.08214497566223145
-0.06904803216457367
-0.09970472753047943
-0.08075648546218872
0.121275395154953
-0.10520641505718231
-0.028953343629837036
0.013051912188529968
-0.064903125166893
0.040652111172676086
0.041684508323669434
0.04946616291999817
-0.09140361845493317
-0.11009374260902405
-0.005650803446769714
0.006039038300514221
0.10204313695430756
0.017410382628440857
0.11449456214904785
-0.0642947256565094
0.09627401828765869
-0.11634334921836853
-0.08423374593257904
-0.02197606861591339
0.03730468451976776
