4263 -3744 -1452 772 -2178 -1490 -5316 425 -2247 -618 684 491 1250 989 -1640 2208 -501 -92 -1129 -1796 27 -660 1499 -3155 3328 -160 -1932 1841 -3578 2289 -64 219 -1389 588 2227 -1475 3397 1092 -488 -2359 2091 2171 -2454 -885 2949 -950 -3120 1108 -2630 -2613 -2840 2692 2859 -877 1984 300 -1120 -955 -689 -44 -2088 745 4095 4732
4266 -3765 -1447 756 -2208 -1511 -5320 431 -2233 -632 699 477 1268 1009 -1632 2220 -495 -58 -1124 -1739 27 -676 1543 -3084 3294 -223 -1888 1796 -3589 2308 5 238 -1383 613 2245 -1474 3396 1093 -454 -2373 2098 2174 -2438 -887 2971 -967 -3117 1130 -2594 -2602 -2833 2703 2869 -874 1953 288 -1166 -987 -698 -15 -2135 756 4117 4730
4266 -3765 -1447 756 -2208 -1511 -5320 431 -2233 -632 699 477 1268 1009 -1632 2220 -495 -58 -1124 -1739 27 -676 1543 -3084 3294 -223 -1888 1796 -3589 2308 5 238 -1383 613 2245 -1474 3396 1093 -454 -2373 2098 2174 -2438 -887 2971 -967 -3117 1130 -2594 -2602 -2833 2703 2869 -874 1953 288 -1166 -987 -698 -15 -2135 756 4117 4730
4266 -3765 -1447 756 -2208 -1511 -5320 431 -2233 -632 699 477 1268 1009 -1632 2220 -495 -58 -1124 -1739 27 -676 1543 -3084 3294 -223 -1888 1796 -3589 2308 5 238 -1383 613 2245 -1474 3396 1093 -454 -2373 2098 2174 -2438 -887 2971 -967 -3117 1130 -2594 -2602 -2833 2703 2869 -874 1953 288 -1166 -987 -698 -15 -2135 756 4117 4730
4266 -3765 -1447 756 -2208 -1511 -5320 431 -2233 -632 699 477 1268 1009 -1632 2220 -495 -58 -1124 -1739 27 -676 1543 -3084 3294 -223 -1888 1796 -3589 2308 5 238 -1383 613 2245 -1474 3396 1093 -454 -2373 2098 2174 -2438 -887 2971 -967 -3117 1130 -2594 -2602 -2833 2703 2869 -874 1953 288 -1166 -987 -698 -15 -2135 756 4117 4730
4266 -3765 -1447 756 -2208 -1511 -5320 431 -2233 -632 699 477 1268 1009 -1632 2220 -495 -58 -1124 -1739 27 -676 1543 -3084 3294 -223 -1888 1796 -3589 2308 5 238 -1383 613 2245 -1474 3396 1093 -454 -2373 2098 2174 -2438 -887 2971 -967 -3117 1130 -2594 -2602 -2833 2703 2869 -874 1953 288 -1166 -987 -698 -15 -2135 756 4117 4730
4266 -3765 -1447 756 -2208 -1511 -5320 431 -2233 -632 699 477 1268 1009 -1632 2220 -495 -58 -1124 -1739 27 -676 1543 -3084 3294 -223 -1888 1796 -3589 2308 5 238 -1383 613 2245 -1474 3396 1093 -454 -2373 2098 2174 -2438 -887 2971 -967 -3117 1130 -2594 -2602 -2833 2703 2869 -874 1953 288 -1166 -987 -698 -15 -2135 756 4117 4730
4266 -3765 -1447 756 -2208 -1511 -5320 431 -2233 -632 699 477 1268 1009 -1632 2220 -495 -58 -1124 -1739 27 -676 1543 -3084 3294 -223 -1888 1796 -3589 2308 5 238 -1383 613 2245 -1474 3396 1093 -454 -2373 2098 2174 -2438 -887 2971 -967 -3117 1130 -2594 -2602 -2833 2703 2869 -874 1953 288 -1166 -987 -698 -15 -2135 756 4117 4730
4266 -3765 -1447 756 -2208 -1511 -5320 431 -2233 -632 699 477 1268 1009 -1632 2220 -495 -58 -1124 -1739 27 -676 1543 -3084 3294 -223 -1888 1796 -3589 2308 5 238 -1383 613 2245 -1474 3396 1093 -454 -2373 2098 2174 -2438 -887 2971 -967 -3117 1130 -2594 -2602 -2833 2703 2869 -874 1953 288 -1166 -987 -698 -15 -2135 756 4117 4730
4261 -3786 -1445 740 -2236 -1533 -5326 436 -2222 -639 713 463 1290 1033 -1627 2229 -492 -60 -1124 -1744 24 -676 1540 -3089 3298 -217 -1894 1799 -3588 2307 1 239 -1385 630 2250 -1480 3404 1101 -430 -2380 2103 2182 -2425 -881 2982 -973 -3121 1144 -2600 -2606 -2836 2702 2872 -874 1954 282 -1168 -993 -697 -16 -2136 759 4122 4731
4269 -3753 -1447 751 -2208 -1511 -5317 420 -2230 -634 698 485 1268 1014 -1624 2215 -488 -57 -1126 -1738 19 -679 1543 -3084 3296 -222 -1891 1795 -3587 2307 11 241 -1385 627 2250 -1476 3407 1102 -439 -2376 2102 2180 -2427 -883 2980 -971 -3119 1140 -2584 -2600 -2830 2706 2866 -874 1947 286 -1174 -994 -700 -8 -2142 757 4121 4729
4266 -3765 -1447 756 -2208 -1511 -5320 431 -2233 -632 699 477 1268 1009 -1632 2220 -495 -58 -1124 -1739 27 -676 1543 -3084 3294 -223 -1888 1796 -3589 2308 5 238 -1383 613 2245 -1474 3396 1093 -454 -2373 2098 2174 -2438 -887 2971 -967 -3117 1130 -2594 -2602 -2833 2703 2869 -874 1953 288 -1166 -987 -698 -15 -2135 756 4117 4730
4266 -3765 -1447 756 -2208 -1511 -5320 431 -2233 -632 699 477 1268 1009 -1632 2220 -495 -58 -1124 -1739 27 -676 1543 -3084 3294 -223 -1888 1796 -3589 2308 5 238 -1383 613 2245 -1474 3396 1093 -454 -2373 2098 2174 -2438 -887 2971 -967 -3117 1130 -2594 -2602 -2833 2703 2869 -874 1953 288 -1166 -987 -698 -15 -2135 756 4117 4730
4266 -3765 -1447 756 -2208 -1511 -5320 431 -2233 -632 699 477 1268 1009 -1632 2220 -495 -58 -1124 -1739 27 -676 1543 -3084 3294 -223 -1888 1796 -3589 2308 5 238 -1383 613 2245 -1474 3396 1093 -454 -2373 2098 2174 -2438 -887 2971 -967 -3117 1130 -2594 -2602 -2833 2703 2869 -874 1953 288 -1166 -987 -698 -15 -2135 756 4117 4730
4266 -3765 -1447 756 -2208 -1511 -5320 431 -2233 -632 699 477 1268 1009 -1632 2220 -495 -58 -1124 -1739 27 -676 1543 -3084 3294 -223 -1888 1796 -3589 2308 5 238 -1383 613 2245 -1474 3396 1093 -454 -2373 2098 2174 -2438 -887 2971 -967 -3117 1130 -2594 -2602 -2833 2703 2869 -874 1953 288 -1166 -987 -698 -15 -2135 756 4117 4730
4266 -3765 -1447 756 -2208 -1511 -5320 431 -2233 -632 699 477 1268 1009 -1632 2220 -495 -58 -1124 -1739 27 -676 1543 -3084 3294 -223 -1888 1796 -3589 2308 5 238 -1383 613 2245 -1474 3396 1093 -454 -2373 2098 2174 -2438 -887 2971 -967 -3117 1130 -2594 -2602 -2833 2703 2869 -874 1953 288 -1166 -987 -698 -15 -2135 756 4117 4730
4266 -3768 -1447 758 -2211 -1509 -5323 432 -2234 -633 702 473 1269 1008 -1636 2222 -505 -59 -1122 -1757 40 -671 1527 -3111 3301 -200 -1893 1815 -3589 2295 -24 233 -1397 620 2240 -1482 3422 1117 -458 -2361 2112 2193 -2422 -872 2970 -959 -3117 1131 -2559 -2583 -2818 2712 2848 -874 1948 320 -1157 -964 -704 -8 -2129 738 4095 4721
4265 -3769 -1446 763 -2208 -1507 -5324 436 -2235 -632 702 465 1266 1002 -1642 2228 -518 -78 -1121 -1783 52 -659 1511 -3136 3312 -176 -1910 1834 -3587 2293 -61 222 -1395 588 2227 -1479 3402 1098 -497 -2349 2102 2179 -2445 -880 2949 -946 -3112 1105 -2628 -2612 -2838 2694 2867 -875 1983 299 -1127 -958 -692 -43 -2094 747 4096 4733
4266 -3765 -1448 772 -2195 -1497 -5322 438 -2242 -627 695 470 1257 990 -1648 2224 -516 -99 -1126 -1810 44 -652 1491 -3168 3330 -148 -1936 1852 -3580 2287 -89 213 -1391 558 2218 -1469 3386 1082 -538 -2338 2089 2161 -2470 -890 2929 -934 -3107 1080 -2668 -2633 -2854 2683 2886 -874 1996 272 -1124 -971 -684 -56 -2088 760 4111 4742
4253 -3809 -1446 746 -2242 -1535 -5335 454 -2227 -637 719 445 1295 1028 -1643 2239 -517 -106 -1127 -1819 42 -650 1483 -3179 3337 -138 -1945 1859 -3578 2287 -102 212 -1396 572 2217 -1481 3394 1090 -514 -2343 2096 2175 -2457 -881 2937 -937 -3112 1092 -2684 -2635 -2859 2676 2885 -874 2007 278 -1104 -956 -680 -66 -2068 755 4101 4741
4266 -3750 -1452 767 -2189 -1493 -5319 423 -2243 -626 690 491 1254 993 -1637 2210 -498 -96 -1130 -1804 21 -661 1491 -3167 3335 -151 -1944 1843 -3576 2289 -73 219 -1388 601 2235 -1472 3403 1100 -480 -2357 2093 2170 -2446 -885 2958 -953 -3114 1114 -2648 -2633 -2851 2690 2889 -875 1978 260 -1157 -998 -688 -39 -2123 773 4133 4743
4266 -3765 -1447 756 -2208 -1511 -5320 431 -2233 -632 699 477 1268 1009 -1632 2220 -495 -58 -1124 -1739 27 -676 1543 -3084 3294 -223 -1888 1796 -3589 2308 5 238 -1383 613 2245 -1474 3396 1093 -454 -2373 2098 2174 -2438 -887 2971 -967 -3117 1130 -2594 -2602 -2833 2703 2869 -874 1953 288 -1166 -987 -698 -15 -2135 756 4117 4730
4266 -3765 -1447 756 -2208 -1511 -5320 431 -2233 -632 699 477 1268 1009 -1632 2220 -495 -58 -1124 -1739 27 -676 1543 -3084 3294 -223 -1888 1796 -3589 2308 5 238 -1383 613 2245 -1474 3396 1093 -454 -2373 2098 2174 -2438 -887 2971 -967 -3117 1130 -2594 -2602 -2833 2703 2869 -874 1953 288 -1166 -987 -698 -15 -2135 756 4117 4730
4266 -3765 -1447 756 -2208 -1511 -5320 431 -2233 -632 699 477 1268 1009 -1632 2220 -495 -58 -1124 -1739 27 -676 1543 -3084 3294 -223 -1888 1796 -3589 2308 5 238 -1383 613 2245 -1474 3396 1093 -454 -2373 2098 2174 -2438 -887 2971 -967 -3117 1130 -2594 -2602 -2833 2703 2869 -874 1953 288 -1166 -987 -698 -15 -2135 756 4117 4730
4266 -3765 -1447 756 -2208 -1511 -5320 431 -2233 -632 699 477 1268 1009 -1632 2220 -495 -58 -1124 -1739 27 -676 1543 -3084 3294 -223 -1888 1796 -3589 2308 5 238 -1383 613 2245 -1474 3396 1093 -454 -2373 2098 2174 -2438 -887 2971 -967 -3117 1130 -2594 -2602 -2833 2703 2869 -874 1953 288 -1166 -987 -698 -15 -2135 756 4117 4730
4266 -3765 -1447 756 -2208 -1511 -5320 431 -2233 -632 699 477 1268 1009 -1632 2220 -495 -58 -1124 -1739 27 -676 1543 -3084 3294 -223 -1888 1796 -3589 2308 5 238 -1383 613 2245 -1474 3396 1093 -454 -2373 2098 2174 -2438 -887 2971 -967 -3117 1130 -2594 -2602 -2833 2703 2869 -874 1953 288 -1166 -987 -698 -15 -2135 756 4117 4730
4261 -3765 -1450 761 -2195 -1508 -5320 438 -2242 -623 692 481 1265 1002 -1637 2215 -496 -92 -1132 -1786 21 -662 1505 -3144 3325 -173 -1927 1834 -3578 2295 -50 222 -1390 567 2219 -1469 3391 1084 -521 -2350 2090 2165 -2466 -890 2935 -941 -3116 1090 -2524 -2555 -2801 2719 2814 -875 1953 373 -1117 -909 -707 -10 -2096 704 4049 4708
4265 -3763 -1448 758 -2204 -1509 -5320 432 -2236 -630 697 477 1266 1006 -1634 2219 -498 -57 -1123 -1744 32 -675 1540 -3089 3295 -218 -1889 1800 -3590 2305 -2 236 -1384 610 2243 -1475 3395 1091 -456 -2373 2098 2174 -2440 -887 2969 -965 -3118 1128 -2606 -2607 -2836 2700 2869 -875 1960 286 -1158 -985 -696 -22 -2126 756 4116 4732
4266 -3765 -1447 756 -2208 -1511 -5320 431 -2233 -632 699 477 1268 1009 -1632 2220 -495 -58 -1124 -1739 27 -676 1543 -3084 3294 -223 -1888 1796 -3589 2308 5 238 -1383 613 2245 -1474 3396 1093 -454 -2373 2098 2174 -2438 -887 2971 -967 -3117 1130 -2594 -2602 -2833 2703 2869 -874 1953 288 -1166 -987 -698 -15 -2135 756 4117 4730
4266 -3765 -1447 756 -2208 -1511 -5320 431 -2233 -632 699 477 1268 1009 -1632 2220 -495 -58 -1124 -1739 27 -676 1543 -3084 3294 -223 -1888 1796 -3589 2308 5 238 -1383 613 2245 -1474 3396 1093 -454 -2373 2098 2174 -2438 -887 2971 -967 -3117 1130 -2594 -2602 -2833 2703 2869 -874 1953 288 -1166 -987 -698 -15 -2135 756 4117 4730
4266 -3765 -1447 756 -2208 -1511 -5320 431 -2233 -632 699 477 1268 1009 -1632 2220 -495 -58 -1124 -1739 27 -676 1543 -3084 3294 -223 -1888 1796 -3589 2308 5 238 -1383 613 2245 -1474 3396 1093 -454 -2373 2098 2174 -2438 -887 2971 -967 -3117 1130 -2594 -2602 -2833 2703 2869 -874 1953 288 -1166 -987 -698 -15 -2135 756 4117 4730
4266 -3765 -1447 756 -2208 -1511 -5320 431 -2233 -632 699 477 1268 1009 -1632 2220 -495 -58 -1124 -1739 27 -676 1543 -3084 3294 -223 -1888 1796 -3589 2308 5 238 -1383 613 2245 -1474 3396 1093 -454 -2373 2098 2174 -2438 -887 2971 -967 -3117 1130 -2594 -2602 -2833 2703 2869 -874 1953 288 -1166 -987 -698 -15 -2135 756 4117 4730
4262 -3802 -1442 729 -2254 -1550 -5330 446 -2214 -648 722 451 1303 1045 -1623 2237 -499 -81 -1127 -1771 26 -667 1519 -3120 3315 -189 -1917 1819 -3583 2304 -35 231 -1388 618 2243 -1484 3400 1097 -442 -2376 2104 2184 -2431 -879 2973 -966 -3121 1136 -2624 -2610 -2843 2694 2871 -874 1970 288 -1141 -973 -692 -32 -2109 753 4108 4732
4267 -3754 -1451 768 -2193 -1494 -5320 425 -2241 -628 693 485 1254 992 -1640 2215 -505 -103 -1129 -1813 28 -656 1483 -3178 3339 -142 -1949 1852 -3575 2287 -89 215 -1388 597 2235 -1470 3402 1098 -488 -2353 2094 2168 -2448 -886 2955 -951 -3111 1110 -2662 -2638 -2855 2687 2895 -875 1985 258 -1152 -996 -685 -46 -2117 774 4133 4745
4266 -3765 -1447 756 -2208 -1511 -5320 431 -2233 -632 699 477 1268 1009 -1632 2220 -495 -58 -1124 -1739 27 -676 1543 -3084 3294 -223 -1888 1796 -3589 2308 5 238 -1383 613 2245 -1474 3396 1093 -454 -2373 2098 2174 -2438 -887 2971 -967 -3117 1130 -2594 -2602 -2833 2703 2869 -874 1953 288 -1166 -987 -698 -15 -2135 756 4117 4730
4266 -3765 -1447 756 -2208 -1511 -5320 431 -2233 -632 699 477 1268 1009 -1632 2220 -495 -58 -1124 -1739 27 -676 1543 -3084 3294 -223 -1888 1796 -3589 2308 5 238 -1383 613 2245 -1474 3396 1093 -454 -2373 2098 2174 -2438 -887 2971 -967 -3117 1130 -2594 -2602 -2833 2703 2869 -874 1953 288 -1166 -987 -698 -15 -2135 756 4117 4730
4266 -3765 -1447 756 -2208 -1511 -5320 431 -2233 -632 699 477 1268 1009 -1632 2220 -495 -58 -1124 -1739 27 -676 1543 -3084 3294 -223 -1888 1796 -3589 2308 5 238 -1383 613 2245 -1474 3396 1093 -454 -2373 2098 2174 -2438 -887 2971 -967 -3117 1130 -2594 -2602 -2833 2703 2869 -874 1953 288 -1166 -987 -698 -15 -2135 756 4117 4730
4266 -3765 -1447 756 -2208 -1511 -5320 431 -2233 -632 699 477 1268 1009 -1632 2220 -495 -58 -1124 -1739 27 -676 1543 -3084 3294 -223 -1888 1796 -3589 2308 5 238 -1383 613 2245 -1474 3396 1093 -454 -2373 2098 2174 -2438 -887 2971 -967 -3117 1130 -2594 -2602 -2833 2703 2869 -874 1953 288 -1166 -987 -698 -15 -2135 756 4117 4730
4260 -3783 -1447 746 -2228 -1525 -5326 436 -2228 -635 709 467 1284 1024 -1631 2226 -493 -51 -1123 -1729 27 -679 1553 -3069 3288 -234 -1880 1788 -3591 2312 19 242 -1385 622 2246 -1480 3401 1097 -439 -2377 2102 2180 -2431 -882 2977 -970 -3120 1138 -2607 -2609 -2839 2701 2880 -873 1955 277 -1171 -996 -696 -18 -2139 763 4126 4733
4259 -3761 -1453 765 -2194 -1499 -5321 429 -2244 -622 692 487 1261 998 -1639 2211 -492 -103 -1136 -1801 12 -660 1490 -3166 3338 -155 -1945 1845 -3572 2291 -66 220 -1390 578 2225 -1467 3399 1092 -514 -2347 2089 2164 -2461 -890 2941 -943 -3113 1095 -2547 -2573 -2813 2715 2840 -874 1952 343 -1142 -941 -703 -11 -2120 727 4078 4717
4266 -3763 -1447 757 -2205 -1510 -5320 431 -2234 -631 698 477 1267 1007 -1633 2219 -496 -57 -1124 -1739 29 -676 1544 -3084 3293 -223 -1887 1797 -3589 2308 5 238 -1383 613 2245 -1475 3395 1092 -454 -2374 2098 2174 -2439 -887 2971 -967 -3118 1130 -2596 -2602 -2833 2703 2868 -874 1955 290 -1163 -985 -698 -17 -2132 755 4115 4730
4266 -3765 -1447 756 -2208 -1511 -5320 431 -2233 -632 699 477 1268 1009 -1632 2220 -495 -58 -1124 -1739 27 -676 1543 -3084 3294 -223 -1888 1796 -3589 2308 5 238 -1383 613 2245 -1474 3396 1093 -454 -2373 2098 2174 -2438 -887 2971 -967 -3117 1130 -2594 -2602 -2833 2703 2869 -874 1953 288 -1166 -987 -698 -15 -2135 756 4117 4730
4266 -3765 -1447 756 -2208 -1511 -5320 431 -2233 -632 699 477 1268 1009 -1632 2220 -495 -58 -1124 -1739 27 -676 1543 -3084 3294 -223 -1888 1796 -3589 2308 5 238 -1383 613 2245 -1474 3396 1093 -454 -2373 2098 2174 -2438 -887 2971 -967 -3117 1130 -2594 -2602 -2833 2703 2869 -874 1953 288 -1166 -987 -698 -15 -2135 756 4117 4730
4266 -3765 -1447 756 -2208 -1511 -5320 431 -2233 -632 699 477 1268 1009 -1632 2220 -495 -58 -1124 -1739 27 -676 1543 -3084 3294 -223 -1888 1796 -3589 2308 5 238 -1383 613 2245 -1474 3396 1093 -454 -2373 2098 2174 -2438 -887 2971 -967 -3117 1130 -2594 -2602 -2833 2703 2869 -874 1953 288 -1166 -987 -698 -15 -2135 756 4117 4730
4266 -3765 -1447 756 -2208 -1511 -5320 431 -2233 -632 699 477 1268 1009 -1632 2220 -495 -58 -1124 -1739 27 -676 1543 -3084 3294 -223 -1888 1796 -3589 2308 5 238 -1383 613 2245 -1474 3396 1093 -454 -2373 2098 2174 -2438 -887 2971 -967 -3117 1130 -2594 -2602 -2833 2703 2869 -874 1953 288 -1166 -987 -698 -15 -2135 756 4117 4730
4264 -3782 -1448 757 -2218 -1515 -5327 441 -2233 -636 706 466 1273 1008 -1641 2227 -506 -67 -1123 -1755 40 -668 1532 -3102 3299 -207 -1894 1812 -3589 2303 -20 231 -1395 590 2227 -1485 3397 1093 -482 -2358 2103 2183 -2444 -878 2952 -950 -3118 1111 -2618 -2607 -2842 2696 2875 -872 1968 293 -1143 -970 -692 -30 -2114 751 4108 4731
4268 -3758 -1448 771 -2190 -1496 -5320 434 -2242 -628 692 477 1254 989 -1643 2219 -509 -101 -1127 -1814 35 -654 1485 -3176 3336 -143 -1945 1852 -3577 2286 -91 213 -1385 589 2234 -1468 3391 1088 -493 -2357 2089 2162 -2456 -891 2952 -952 -3112 1106 -2676 -2640 -2859 2682 2895 -875 1993 259 -1137 -987 -682 -54 -2102 771 4127 4745
4266 -3765 -1447 756 -2208 -1511 -5320 431 -2233 -632 699 477 1268 1009 -1632 2220 -495 -58 -1124 -1739 27 -676 1543 -3084 3294 -223 -1888 1796 -3589 2308 5 238 -1383 613 2245 -1474 3396 1093 -454 -2373 2098 2174 -2438 -887 2971 -967 -3117 1130 -2594 -2602 -2833 2703 2869 -874 1953 288 -1166 -987 -698 -15 -2135 756 4117 4730
4266 -3765 -1447 756 -2208 -1511 -5320 431 -2233 -632 699 477 1268 1009 -1632 2220 -495 -58 -1124 -1739 27 -676 1543 -3084 3294 -223 -1888 1796 -3589 2308 5 238 -1383 613 2245 -1474 3396 1093 -454 -2373 2098 2174 -2438 -887 2971 -967 -3117 1130 -2594 -2602 -2833 2703 2869 -874 1953 288 -1166 -987 -698 -15 -2135 756 4117 4730
4266 -3765 -1447 756 -2208 -1511 -5320 431 -2233 -632 699 477 1268 1009 -1632 2220 -495 -58 -1124 -1739 27 -676 1543 -3084 3294 -223 -1888 1796 -3589 2308 5 238 -1383 613 2245 -1474 3396 1093 -454 -2373 2098 2174 -2438 -887 2971 -967 -3117 1130 -2594 -2602 -2833 2703 2869 -874 1953 288 -1166 -987 -698 -15 -2135 756 4117 4730
