617 -823 1060 434 -1208 624 625 -958 425 76 590 204 586 -20 -157 -605 -512 435 -1065 497 -1360 -218 -1113 -921 104 -113 -301 -352 316 208 953 0 -1500 -377 129 -94 615 974 123 -1540 952 -364 99 -1298 -1084 290 -1036 -155 -331 -1422 55 538 485 63 -212 -747 -235 -662 -350 -1019 1417 -152 405 146
-158 -690 1081 670 -2073 639 193 -1139 477 144 412 627 329 38 -256 33 -291 422 -779 252 -2121 -648 -1026 -1333 553 -78 278 -360 233 152 1642 668 -1673 -252 121 80 691 767 -172 -921 1173 -727 212 -1342 -1130 120 -1308 -357 -186 -1612 24 638 653 520 -453 -549 -229 -929 -687 -667 1252 587 712 -833
-158 -690 1081 670 -2073 639 193 -1139 477 144 412 627 329 38 -256 33 -291 422 -779 252 -2121 -648 -1026 -1333 553 -78 278 -360 233 152 1642 668 -1673 -252 121 80 691 767 -172 -921 1173 -727 212 -1342 -1130 120 -1308 -357 -186 -1612 24 638 653 520 -453 -549 -229 -929 -687 -667 1252 587 712 -833
-158 -690 1081 670 -2073 639 193 -1139 477 144 412 627 329 38 -256 33 -291 422 -779 252 -2121 -648 -1026 -1333 553 -78 278 -360 233 152 1642 668 -1673 -252 121 80 691 767 -172 -921 1173 -727 212 -1342 -1130 120 -1308 -357 -186 -1612 24 638 653 520 -453 -549 -229 -929 -687 -667 1252 587 712 -833
-158 -690 1081 670 -2073 639 193 -1139 477 144 412 627 329 38 -256 33 -291 422 -779 252 -2121 -648 -1026 -1333 553 -78 278 -360 233 152 1642 668 -1673 -252 121 80 691 767 -172 -921 1173 -727 212 -1342 -1130 120 -1308 -357 -186 -1612 24 638 653 520 -453 -549 -229 -929 -687 -667 1252 587 712 -833
-158 -690 1081 670 -2073 639 193 -1139 477 144 412 627 329 38 -256 33 -291 422 -779 252 -2121 -648 -1026 -1333 553 -78 278 -360 233 152 1642 668 -1673 -252 121 80 691 767 -172 -921 1173 -727 212 -1342 -1130 120 -1308 -357 -186 -1612 24 638 653 520 -453 -549 -229 -929 -687 -667 1252 587 712 -833
-158 -690 1081 670 -2073 639 193 -1139 477 144 412 627 329 38 -256 33 -291 422 -779 252 -2121 -648 -1026 -1333 553 -78 278 -360 233 152 1642 668 -1673 -252 121 80 691 767 -172 -921 1173 -727 212 -1342 -1130 120 -1308 -357 -186 -1612 24 638 653 520 -453 -549 -229 -929 -687 -667 1252 587 712 -833
-158 -690 1081 670 -2073 639 193 -1139 477 144 412 627 329 38 -256 33 -291 422 -779 252 -2121 -648 -1026 -1333 553 -78 278 -360 233 152 1642 668 -1673 -252 121 80 691 767 -172 -921 1173 -727 212 -1342 -1130 120 -1308 -357 -186 -1612 24 638 653 520 -453 -549 -229 -929 -687 -667 1252 587 712 -833
-158 -690 1081 670 -2073 639 193 -1139 477 144 412 627 329 38 -256 33 -291 422 -779 252 -2121 -648 -1026 -1333 553 -78 278 -360 233 152 1642 668 -1673 -252 121 80 691 767 -172 -921 1173 -727 212 -1342 -1130 120 -1308 -357 -186 -1612 24 638 653 520 -453 -549 -229 -929 -687 -667 1252 587 712 -833
97 -601 1127 652 -1702 357 29 -1178 591 73 493 430 405 217 -175 -6 -364 471 -871 519 -1839 -665 -954 -1503 593 -55 144 -374 19 1 1412 708 -1808 -420 8 -58 825 887 -185 -1114 1176 -697 257 -1311 -1114 -304 -1374 -265 -116 -1636 230 666 315 402 -485 -297 -415 -974 -844 -1080 1149 538 651 -614
77 -937 934 550 -2167 635 221 -1164 192 102 435 565 350 310 -233 -148 -625 300 -828 489 -1492 -520 -705 -1534 362 23 9 -399 299 5 1650 617 -1776 -401 108 -37 670 895 38 -1235 1005 -673 334 -1297 -1002 -346 -1468 -472 51 -1558 -42 796 488 573 -347 -537 -326 -1137 -1074 -730 1220 454 893 -976
-158 -690 1081 670 -2073 639 193 -1139 477 144 412 627 329 38 -256 33 -291 422 -779 252 -2121 -648 -1026 -1333 553 -78 278 -360 233 152 1642 668 -1673 -252 121 80 691 767 -172 -921 1173 -727 212 -1342 -1130 120 -1308 -357 -186 -1612 24 638 653 520 -453 -549 -229 -929 -687 -667 1252 587 712 -833
-158 -690 1081 670 -2073 639 193 -1139 477 144 412 627 329 38 -256 33 -291 422 -779 252 -2121 -648 -1026 -1333 553 -78 278 -360 233 152 1642 668 -1673 -252 121 80 691 767 -172 -921 1173 -727 212 -1342 -1130 120 -1308 -357 -186 -1612 24 638 653 520 -453 -549 -229 -929 -687 -667 1252 587 712 -833
-158 -690 1081 670 -2073 639 193 -1139 477 144 412 627 329 38 -256 33 -291 422 -779 252 -2121 -648 -1026 -1333 553 -78 278 -360 233 152 1642 668 -1673 -252 121 80 691 767 -172 -921 1173 -727 212 -1342 -1130 120 -1308 -357 -186 -1612 24 638 653 520 -453 -549 -229 -929 -687 -667 1252 587 712 -833
-158 -690 1081 670 -2073 639 193 -1139 477 144 412 627 329 38 -256 33 -291 422 -779 252 -2121 -648 -1026 -1333 553 -78 278 -360 233 152 1642 668 -1673 -252 121 80 691 767 -172 -921 1173 -727 212 -1342 -1130 120 -1308 -357 -186 -1612 24 638 653 520 -453 -549 -229 -929 -687 -667 1252 587 712 -833
-158 -690 1081 670 -2073 639 193 -1139 477 144 412 627 329 38 -256 33 -291 422 -779 252 -2121 -648 -1026 -1333 553 -78 278 -360 233 152 1642 668 -1673 -252 121 80 691 767 -172 -921 1173 -727 212 -1342 -1130 120 -1308 -357 -186 -1612 24 638 653 520 -453 -549 -229 -929 -687 -667 1252 587 712 -833
286 -197 915 639 -2045 657 194 -894 663 555 -113 966 613 -150 -356 367 -871 1129 -968 -331 -1989 -430 -1067 -946 248 486 375 -771 463 798 1411 145 -1641 -487 473 609 40 1168 2 -1146 941 -730 439 -1398 -1149 652 -1457 -269 226 -1855 851 885 1572 -217 25 -545 221 -742 -679 -485 1881 547 652 -51
605 -416 1206 476 -1091 381 461 -933 27 485 179 600 802 267 -94 334 -42 1290 -974 45 -1395 -214 -1130 -439 352 336 387 -522 729 753 951 -513 -1030 -637 141 597 201 910 300 -1211 831 -116 163 -1653 -1022 1027 -1045 -11 103 -1401 752 57 926 -278 325 -136 704 -441 -407 -692 1267 470 381 319
517 -622 1385 374 -960 547 807 -872 75 400 306 361 861 -62 -52 42 371 1190 -820 266 -1604 -254 -1291 -294 339 95 174 -478 690 1055 508 -435 -721 -375 -44 324 624 623 205 -1109 920 -73 -125 -1692 -1071 1243 -994 -105 -515 -1388 505 -57 849 -132 217 -338 405 -307 -23 -708 1119 121 123 455
654 -486 1409 420 -238 665 554 -1066 -231 362 502 -359 573 -100 85 -241 429 1124 -897 815 -1274 -139 -1186 -453 337 13 -45 -277 383 986 19 -652 -729 -443 0 -337 972 345 404 -1327 762 -282 -86 -1375 -978 951 -735 -174 -689 -1279 742 21 218 -219 167 -279 158 -479 -100 -1297 1076 -66 -254 701
-323 -1253 901 563 -2060 897 305 -728 -25 449 557 167 728 14 -565 -249 -152 331 -919 482 -1608 -414 -1252 -881 35 -370 31 -226 -100 310 923 533 -1690 -416 -124 -400 948 804 373 -1497 1115 -576 390 -1284 -968 432 -1508 -321 -137 -1336 182 398 317 580 -243 -912 -352 -993 -821 -866 1503 -305 682 -614
-158 -690 1081 670 -2073 639 193 -1139 477 144 412 627 329 38 -256 33 -291 422 -779 252 -2121 -648 -1026 -1333 553 -78 278 -360 233 152 1642 668 -1673 -252 121 80 691 767 -172 -921 1173 -727 212 -1342 -1130 120 -1308 -357 -186 -1612 24 638 653 520 -453 -549 -229 -929 -687 -667 1252 587 712 -833
-158 -690 1081 670 -2073 639 193 -1139 477 144 412 627 329 38 -256 33 -291 422 -779 252 -2121 -648 -1026 -1333 553 -78 278 -360 233 152 1642 668 -1673 -252 121 80 691 767 -172 -921 1173 -727 212 -1342 -1130 120 -1308 -357 -186 -1612 24 638 653 520 -453 -549 -229 -929 -687 -667 1252 587 712 -833
-158 -690 1081 670 -2073 639 193 -1139 477 144 412 627 329 38 -256 33 -291 422 -779 252 -2121 -648 -1026 -1333 553 -78 278 -360 233 152 1642 668 -1673 -252 121 80 691 767 -172 -921 1173 -727 212 -1342 -1130 120 -1308 -357 -186 -1612 24 638 653 520 -453 -549 -229 -929 -687 -667 1252 587 712 -833
-158 -690 1081 670 -2073 639 193 -1139 477 144 412 627 329 38 -256 33 -291 422 -779 252 -2121 -648 -1026 -1333 553 -78 278 -360 233 152 1642 668 -1673 -252 121 80 691 767 -172 -921 1173 -727 212 -1342 -1130 120 -1308 -357 -186 -1612 24 638 653 520 -453 -549 -229 -929 -687 -667 1252 587 712 -833
-158 -690 1081 670 -2073 639 193 -1139 477 144 412 627 329 38 -256 33 -291 422 -779 252 -2121 -648 -1026 -1333 553 -78 278 -360 233 152 1642 668 -1673 -252 121 80 691 767 -172 -921 1173 -727 212 -1342 -1130 120 -1308 -357 -186 -1612 24 638 653 520 -453 -549 -229 -929 -687 -667 1252 587 712 -833
1147 -76 845 260 -1664 462 403 -1415 1164 -117 213 771 492 -140 295 -521 -1399 828 -643 -165 -1574 -209 -1137 -907 144 459 -246 -228 1367 386 1454 -127 -1154 223 623 1089 93 1260 164 -970 996 -599 238 -1539 -1279 340 -1187 -341 -165 -1900 148 1427 1527 -255 -67 -651 96 -676 -303 -319 1549 409 -31 572
-222 -872 1154 777 -1965 521 187 -1080 344 126 453 517 459 76 -309 42 -78 412 -840 368 -2085 -683 -1060 -1223 603 -155 309 -399 153 222 1423 497 -1636 -295 -5 -20 687 744 -111 -1008 1167 -599 135 -1248 -1116 279 -1220 -304 -188 -1589 15 469 584 569 -394 -630 -97 -862 -664 -744 1222 492 720 -749
-158 -690 1081 670 -2073 639 193 -1139 477 144 412 627 329 38 -256 33 -291 422 -779 252 -2121 -648 -1026 -1333 553 -78 278 -360 233 152 1642 668 -1673 -252 121 80 691 767 -172 -921 1173 -727 212 -1342 -1130 120 -1308 -357 -186 -1612 24 638 653 520 -453 -549 -229 -929 -687 -667 1252 587 712 -833
-158 -690 1081 670 -2073 639 193 -1139 477 144 412 627 329 38 -256 33 -291 422 -779 252 -2121 -648 -1026 -1333 553 -78 278 -360 233 152 1642 668 -1673 -252 121 80 691 767 -172 -921 1173 -727 212 -1342 -1130 120 -1308 -357 -186 -1612 24 638 653 520 -453 -549 -229 -929 -687 -667 1252 587 712 -833
-158 -690 1081 670 -2073 639 193 -1139 477 144 412 627 329 38 -256 33 -291 422 -779 252 -2121 -648 -1026 -1333 553 -78 278 -360 233 152 1642 668 -1673 -252 121 80 691 767 -172 -921 1173 -727 212 -1342 -1130 120 -1308 -357 -186 -1612 24 638 653 520 -453 -549 -229 -929 -687 -667 1252 587 712 -833
-158 -690 1081 670 -2073 639 193 -1139 477 144 412 627 329 38 -256 33 -291 422 -779 252 -2121 -648 -1026 -1333 553 -78 278 -360 233 152 1642 668 -1673 -252 121 80 691 767 -172 -921 1173 -727 212 -1342 -1130 120 -1308 -357 -186 -1612 24 638 653 520 -453 -549 -229 -929 -687 -667 1252 587 712 -833
578 -297 1463 142 -934 249 23 -1574 724 -152 565 -90 313 -128 276 -368 30 546 -971 955 -1557 -457 -1168 -1211 608 -266 -226 -264 -65 -157 1112 493 -1861 -418 -113 -389 1171 652 -162 -1199 1120 -543 -118 -1016 -1224 -394 -952 -478 -515 -1606 328 660 161 -91 -379 -329 -547 -786 -425 -1608 790 235 85 -222
-131 -1171 966 457 -1813 951 596 -700 -213 511 475 225 608 77 -473 -206 -14 443 -949 396 -1356 -255 -1119 -720 20 -333 4 -176 72 357 865 268 -1456 -542 -54 -415 964 802 418 -1351 1013 -363 421 -1396 -912 468 -1519 -234 -30 -990 119 114 127 470 -174 -613 -50 -1019 -637 -743 1405 -180 777 -444
-158 -690 1081 670 -2073 639 193 -1139 477 144 412 627 329 38 -256 33 -291 422 -779 252 -2121 -648 -1026 -1333 553 -78 278 -360 233 152 1642 668 -1673 -252 121 80 691 767 -172 -921 1173 -727 212 -1342 -1130 120 -1308 -357 -186 -1612 24 638 653 520 -453 -549 -229 -929 -687 -667 1252 587 712 -833
-158 -690 1081 670 -2073 639 193 -1139 477 144 412 627 329 38 -256 33 -291 422 -779 252 -2121 -648 -1026 -1333 553 -78 278 -360 233 152 1642 668 -1673 -252 121 80 691 767 -172 -921 1173 -727 212 -1342 -1130 120 -1308 -357 -186 -1612 24 638 653 520 -453 -549 -229 -929 -687 -667 1252 587 712 -833
-158 -690 1081 670 -2073 639 193 -1139 477 144 412 627 329 38 -256 33 -291 422 -779 252 -2121 -648 -1026 -1333 553 -78 278 -360 233 152 1642 668 -1673 -252 121 80 691 767 -172 -921 1173 -727 212 -1342 -1130 120 -1308 -357 -186 -1612 24 638 653 520 -453 -549 -229 -929 -687 -667 1252 587 712 -833
-158 -690 1081 670 -2073 639 193 -1139 477 144 412 627 329 38 -256 33 -291 422 -779 252 -2121 -648 -1026 -1333 553 -78 278 -360 233 152 1642 668 -1673 -252 121 80 691 767 -172 -921 1173 -727 212 -1342 -1130 120 -1308 -357 -186 -1612 24 638 653 520 -453 -549 -229 -929 -687 -667 1252 587 712 -833
-51 -584 1196 709 -1784 546 54 -1179 436 182 492 439 294 84 -201 88 -234 495 -800 412 -2015 -653 -989 -1408 502 -168 281 -358 90 156 1405 630 -1663 -412 89 -150 802 843 -205 -1103 1161 -684 195 -1287 -1078 -15 -1320 -355 -144 -1582 318 688 452 447 -516 -453 -326 -946 -789 -955 1218 588 699 -708
652 -448 535 589 -1967 1114 637 -960 345 483 206 742 463 64 -5 -332 -1218 649 -630 -189 -1446 -85 -963 -887 -93 223 -271 -253 1116 277 1519 93 -1348 -124 758 479 380 1156 454 -1223 900 -616 886 -1601 -894 157 -1563 -418 22 -1425 154 1291 989 -54 -270 -656 5 -1089 -583 -315 1819 367 191 -48
-163 -742 1096 721 -2034 588 175 -1124 439 117 427 581 358 54 -252 46 -222 399 -786 295 -2095 -667 -1031 -1303 575 -96 291 -362 211 152 1585 602 -1664 -259 83 56 684 755 -156 -949 1162 -681 192 -1309 -1116 148 -1262 -346 -176 -1606 21 588 623 543 -439 -573 -177 -913 -686 -702 1223 584 723 -810
-158 -690 1081 670 -2073 639 193 -1139 477 144 412 627 329 38 -256 33 -291 422 -779 252 -2121 -648 -1026 -1333 553 -78 278 -360 233 152 1642 668 -1673 -252 121 80 691 767 -172 -921 1173 -727 212 -1342 -1130 120 -1308 -357 -186 -1612 24 638 653 520 -453 -549 -229 -929 -687 -667 1252 587 712 -833
-158 -690 1081 670 -2073 639 193 -1139 477 144 412 627 329 38 -256 33 -291 422 -779 252 -2121 -648 -1026 -1333 553 -78 278 -360 233 152 1642 668 -1673 -252 121 80 691 767 -172 -921 1173 -727 212 -1342 -1130 120 -1308 -357 -186 -1612 24 638 653 520 -453 -549 -229 -929 -687 -667 1252 587 712 -833
-158 -690 1081 670 -2073 639 193 -1139 477 144 412 627 329 38 -256 33 -291 422 -779 252 -2121 -648 -1026 -1333 553 -78 278 -360 233 152 1642 668 -1673 -252 121 80 691 767 -172 -921 1173 -727 212 -1342 -1130 120 -1308 -357 -186 -1612 24 638 653 520 -453 -549 -229 -929 -687 -667 1252 587 712 -833
-158 -690 1081 670 -2073 639 193 -1139 477 144 412 627 329 38 -256 33 -291 422 -779 252 -2121 -648 -1026 -1333 553 -78 278 -360 233 152 1642 668 -1673 -252 121 80 691 767 -172 -921 1173 -727 212 -1342 -1130 120 -1308 -357 -186 -1612 24 638 653 520 -453 -549 -229 -929 -687 -667 1252 587 712 -833
620 273 1604 208 -1292 741 262 -1404 830 88 -108 351 326 -756 62 255 -164 978 -666 119 -2114 -385 -1371 -655 260 202 51 -479 695 691 1019 83 -1422 -207 322 427 521 788 -448 -1106 982 -430 -193 -1378 -1264 767 -1036 -443 -443 -1925 931 737 1354 -197 0 -827 -27 -436 -156 -922 1151 591 382 139
-64 -1095 1141 638 -1500 774 803 -659 -192 307 469 120 616 13 -317 -105 319 484 -853 474 -1575 -302 -1176 -560 311 -365 98 -204 178 660 639 50 -1259 -390 -102 -368 1029 657 321 -1059 941 -231 274 -1444 -930 720 -1274 -131 -274 -955 90 -152 135 446 -145 -555 204 -938 -166 -754 1199 30 608 -150
-158 -690 1081 670 -2073 639 193 -1139 477 144 412 627 329 38 -256 33 -291 422 -779 252 -2121 -648 -1026 -1333 553 -78 278 -360 233 152 1642 668 -1673 -252 121 80 691 767 -172 -921 1173 -727 212 -1342 -1130 120 -1308 -357 -186 -1612 24 638 653 520 -453 -549 -229 -929 -687 -667 1252 587 712 -833
-158 -690 1081 670 -2073 639 193 -1139 477 144 412 627 329 38 -256 33 -291 422 -779 252 -2121 -648 -1026 -1333 553 -78 278 -360 233 152 1642 668 -1673 -252 121 80 691 767 -172 -921 1173 -727 212 -1342 -1130 120 -1308 -357 -186 -1612 24 638 653 520 -453 -549 -229 -929 -687 -667 1252 587 712 -833
-158 -690 1081 670 -2073 639 193 -1139 477 144 412 627 329 38 -256 33 -291 422 -779 252 -2121 -648 -1026 -1333 553 -78 278 -360 233 152 1642 668 -1673 -252 121 80 691 767 -172 -921 1173 -727 212 -1342 -1130 120 -1308 -357 -186 -1612 24 638 653 520 -453 -549 -229 -929 -687 -667 1252 587 712 -833
