-1422 3056 -366 -1000 909 762 -4 2493 -2425 572 -5395 4865 -1459 581 -1757 245 3132 842 824 -928 1189 1887 250 1879 1531 4467 362 4734 1391 -1574 -1176 4066 1876 1273 -1154 -2048 -924 2688 1545 -198 -4454 -1478 -2466 -3080 385 -3380 335 -266 1543 -2657 336 1002 -3721 -6193 -4526 -972 -2192 0 -476 1486 292 -1263 1009 -1357
-1018 1694 -2279 534 1012 -1161 309 1771 -1911 -339 -3953 3674 1263 12 592 -263 1846 1122 -1471 54 1133 1412 -599 3043 741 3723 -618 2693 -1509 -511 -843 4039 2659 1250 -884 -2921 -1638 3456 857 1346 -3679 -1763 -840 -2774 1837 -2802 141 193 1769 -410 213 793 -4234 -4299 -4056 -2060 -1643 -2265 -2722 -319 255 -1727 1251 -179
-1018 1694 -2279 534 1012 -1161 309 1771 -1911 -339 -3953 3674 1263 12 592 -263 1846 1122 -1471 54 1133 1412 -599 3043 741 3723 -618 2693 -1509 -511 -843 4039 2659 1250 -884 -2921 -1638 3456 857 1346 -3679 -1763 -840 -2774 1837 -2802 141 193 1769 -410 213 793 -4234 -4299 -4056 -2060 -1643 -2265 -2722 -319 255 -1727 1251 -179
-1018 1694 -2279 534 1012 -1161 309 1771 -1911 -339 -3953 3674 1263 12 592 -263 1846 1122 -1471 54 1133 1412 -599 3043 741 3723 -618 2693 -1509 -511 -843 4039 2659 1250 -884 -2921 -1638 3456 857 1346 -3679 -1763 -840 -2774 1837 -2802 141 193 1769 -410 213 793 -4234 -4299 -4056 -2060 -1643 -2265 -2722 -319 255 -1727 1251 -179
-1018 1694 -2279 534 1012 -1161 309 1771 -1911 -339 -3953 3674 1263 12 592 -263 1846 1122 -1471 54 1133 1412 -599 3043 741 3723 -618 2693 -1509 -511 -843 4039 2659 1250 -884 -2921 -1638 3456 857 1346 -3679 -1763 -840 -2774 1837 -2802 141 193 1769 -410 213 793 -4234 -4299 -4056 -2060 -1643 -2265 -2722 -319 255 -1727 1251 -179
-1018 1694 -2279 534 1012 -1161 309 1771 -1911 -339 -3953 3674 1263 12 592 -263 1846 1122 -1471 54 1133 1412 -599 3043 741 3723 -618 2693 -1509 -511 -843 4039 2659 1250 -884 -2921 -1638 3456 857 1346 -3679 -1763 -840 -2774 1837 -2802 141 193 1769 -410 213 793 -4234 -4299 -4056 -2060 -1643 -2265 -2722 -319 255 -1727 1251 -179
-1018 1694 -2279 534 1012 -1161 309 1771 -1911 -339 -3953 3674 1263 12 592 -263 1846 1122 -1471 54 1133 1412 -599 3043 741 3723 -618 2693 -1509 -511 -843 4039 2659 1250 -884 -2921 -1638 3456 857 1346 -3679 -1763 -840 -2774 1837 -2802 141 193 1769 -410 213 793 -4234 -4299 -4056 -2060 -1643 -2265 -2722 -319 255 -1727 1251 -179
-1018 1694 -2279 534 1012 -1161 309 1771 -1911 -339 -3953 3674 1263 12 592 -263 1846 1122 -1471 54 1133 1412 -599 3043 741 3723 -618 2693 -1509 -511 -843 4039 2659 1250 -884 -2921 -1638 3456 857 1346 -3679 -1763 -840 -2774 1837 -2802 141 193 1769 -410 213 793 -4234 -4299 -4056 -2060 -1643 -2265 -2722 -319 255 -1727 1251 -179
-1018 1694 -2279 534 1012 -1161 309 1771 -1911 -339 -3953 3674 1263 12 592 -263 1846 1122 -1471 54 1133 1412 -599 3043 741 3723 -618 2693 -1509 -511 -843 4039 2659 1250 -884 -2921 -1638 3456 857 1346 -3679 -1763 -840 -2774 1837 -2802 141 193 1769 -410 213 793 -4234 -4299 -4056 -2060 -1643 -2265 -2722 -319 255 -1727 1251 -179
-1347 830 -2076 -674 1282 -1619 130 2619 -2258 44 -4468 3450 270 521 610 899 2059 1674 -2630 312 149 1289 -406 3002 604 3814 -1487 3957 -1981 -1445 -1255 3912 2594 2128 117 -2188 -1896 3178 606 1626 -4179 -737 -1535 -1656 1897 -3385 440 124 1581 -360 -662 904 -3845 -4679 -3875 -1669 -1682 -2334 -1944 439 449 -1684 1782 -1015
-1222 1144 -2101 -784 1261 -974 521 1474 -1706 -547 -5046 3565 236 533 506 91 1786 1471 -1609 -1098 705 1522 -530 2864 303 3666 -1182 2533 -1558 -433 -854 4870 2285 1520 -424 -2896 -2439 3002 676 1119 -3374 -1080 -1438 -2344 1657 -3584 -350 1113 1597 78 -287 488 -3889 -3767 -4575 -1585 -1526 -1875 -2552 -503 -59 -1893 2211 -417
-1018 1694 -2279 534 1012 -1161 309 1771 -1911 -339 -3953 3674 1263 12 592 -263 1846 1122 -1471 54 1133 1412 -599 3043 741 3723 -618 2693 -1509 -511 -843 4039 2659 1250 -884 -2921 -1638 3456 857 1346 -3679 -1763 -840 -2774 1837 -2802 141 193 1769 -410 213 793 -4234 -4299 -4056 -2060 -1643 -2265 -2722 -319 255 -1727 1251 -179
-1018 1694 -2279 534 1012 -1161 309 1771 -1911 -339 -3953 3674 1263 12 592 -263 1846 1122 -1471 54 1133 1412 -599 3043 741 3723 -618 2693 -1509 -511 -843 4039 2659 1250 -884 -2921 -1638 3456 857 1346 -3679 -1763 -840 -2774 1837 -2802 141 193 1769 -410 213 793 -4234 -4299 -4056 -2060 -1643 -2265 -2722 -319 255 -1727 1251 -179
-1018 1694 -2279 534 1012 -1161 309 1771 -1911 -339 -3953 3674 1263 12 592 -263 1846 1122 -1471 54 1133 1412 -599 3043 741 3723 -618 2693 -1509 -511 -843 4039 2659 1250 -884 -2921 -1638 3456 857 1346 -3679 -1763 -840 -2774 1837 -2802 141 193 1769 -410 213 793 -4234 -4299 -4056 -2060 -1643 -2265 -2722 -319 255 -1727 1251 -179
-1018 1694 -2279 534 1012 -1161 309 1771 -1911 -339 -3953 3674 1263 12 592 -263 1846 1122 -1471 54 1133 1412 -599 3043 741 3723 -618 2693 -1509 -511 -843 4039 2659 1250 -884 -2921 -1638 3456 857 1346 -3679 -1763 -840 -2774 1837 -2802 141 193 1769 -410 213 793 -4234 -4299 -4056 -2060 -1643 -2265 -2722 -319 255 -1727 1251 -179
-1018 1694 -2279 534 1012 -1161 309 1771 -1911 -339 -3953 3674 1263 12 592 -263 1846 1122 -1471 54 1133 1412 -599 3043 741 3723 -618 2693 -1509 -511 -843 4039 2659 1250 -884 -2921 -1638 3456 857 1346 -3679 -1763 -840 -2774 1837 -2802 141 193 1769 -410 213 793 -4234 -4299 -4056 -2060 -1643 -2265 -2722 -319 255 -1727 1251 -179
-1166 3594 -1096 -735 1285 -1683 338 2876 -531 -1162 -4880 4971 -365 628 1109 -591 1638 836 1159 -316 1637 630 -218 4569 1487 3811 248 4174 -357 -1040 -1758 2729 3499 -246 -2338 -4139 -2022 3010 2343 2144 -3506 -1253 -527 -2149 3151 -2728 18 -99 2357 -528 2296 1340 -2718 -4291 -5151 -1409 -892 -350 -1550 499 -527 -1217 2744 -106
116 4632 979 -2908 959 177 -46 2569 1089 -137 -5318 4062 203 913 -287 264 1667 2490 3201 -1554 1581 1828 1631 3285 900 2651 1161 4667 2603 -1057 -328 2431 2403 130 -2841 -2910 -635 2508 3558 -245 -3350 -3336 -777 -2448 1305 -2780 45 -1537 3952 -3214 1125 890 -3434 -5361 -5966 -114 -1355 598 -1159 2903 -1305 -1507 678 67
-311 4689 725 -844 102 1067 -9 1824 62 1198 -4326 3898 885 381 -519 602 2404 1817 2966 -1326 2120 1971 1360 1658 1136 3042 2423 4490 3480 -931 -4 1807 1920 56 -3094 -2652 -29 2644 2766 -1760 -3230 -3628 -1252 -3762 -24 -1988 -117 -758 2606 -3966 857 686 -3844 -5839 -4678 -944 -1744 542 -1166 1914 -617 -1846 -182 -255
-313 3685 1044 -2195 240 1162 -530 2892 -1173 2029 -4766 3267 44 892 -1541 1554 2835 1714 2431 -753 1924 1691 1204 870 1756 2743 1688 6010 3208 -2158 -472 533 1253 1165 -2372 -855 754 1908 2507 -2923 -2733 -2475 -2312 -2553 -321 -1480 -317 -1040 2011 -4686 11 1852 -3454 -6114 -4239 -262 -2099 586 739 2535 281 -854 413 -1705
-432 1428 -233 -445 1036 839 287 863 -2486 -73 -4953 4060 -121 188 -578 -205 2020 884 426 406 1682 2264 -832 753 1611 4145 -227 3464 1139 -380 -1248 3725 1196 1692 -882 -1382 -1351 3431 473 -639 -2888 -1437 -2208 -4045 856 -3599 188 138 1803 -1677 -918 1067 -3945 -4890 -3417 -2509 -2200 -2015 -1364 -84 1519 -3491 580 -2021
-1018 1694 -2279 534 1012 -1161 309 1771 -1911 -339 -3953 3674 1263 12 592 -263 1846 1122 -1471 54 1133 1412 -599 3043 741 3723 -618 2693 -1509 -511 -843 4039 2659 1250 -884 -2921 -1638 3456 857 1346 -3679 -1763 -840 -2774 1837 -2802 141 193 1769 -410 213 793 -4234 -4299 -4056 -2060 -1643 -2265 -2722 -319 255 -1727 1251 -179
-1018 1694 -2279 534 1012 -1161 309 1771 -1911 -339 -3953 3674 1263 12 592 -263 1846 1122 -1471 54 1133 1412 -599 3043 741 3723 -618 2693 -1509 -511 -843 4039 2659 1250 -884 -2921 -1638 3456 857 1346 -3679 -1763 -840 -2774 1837 -2802 141 193 1769 -410 213 793 -4234 -4299 -4056 -2060 -1643 -2265 -2722 -319 255 -1727 1251 -179
-1018 1694 -2279 534 1012 -1161 309 1771 -1911 -339 -3953 3674 1263 12 592 -263 1846 1122 -1471 54 1133 1412 -599 3043 741 3723 -618 2693 -1509 -511 -843 4039 2659 1250 -884 -2921 -1638 3456 857 1346 -3679 -1763 -840 -2774 1837 -2802 141 193 1769 -410 213 793 -4234 -4299 -4056 -2060 -1643 -2265 -2722 -319 255 -1727 1251 -179
-1018 1694 -2279 534 1012 -1161 309 1771 -1911 -339 -3953 3674 1263 12 592 -263 1846 1122 -1471 54 1133 1412 -599 3043 741 3723 -618 2693 -1509 -511 -843 4039 2659 1250 -884 -2921 -1638 3456 857 1346 -3679 -1763 -840 -2774 1837 -2802 141 193 1769 -410 213 793 -4234 -4299 -4056 -2060 -1643 -2265 -2722 -319 255 -1727 1251 -179
-1018 1694 -2279 534 1012 -1161 309 1771 -1911 -339 -3953 3674 1263 12 592 -263 1846 1122 -1471 54 1133 1412 -599 3043 741 3723 -618 2693 -1509 -511 -843 4039 2659 1250 -884 -2921 -1638 3456 857 1346 -3679 -1763 -840 -2774 1837 -2802 141 193 1769 -410 213 793 -4234 -4299 -4056 -2060 -1643 -2265 -2722 -319 255 -1727 1251 -179
-2165 2966 -2455 -120 -117 -836 -60 1890 -1287 846 -4641 5953 -1385 1314 -2296 -99 3297 -1482 1785 -2257 2023 264 -71 4044 727 3806 1785 3167 596 -2180 -559 2916 2777 -216 -2447 -4420 102 2921 1247 2035 -3017 -983 -2245 -2807 955 -2183 585 134 1211 -1078 3499 74 -1981 -4644 -5316 -302 -834 1239 -1321 405 -810 334 2825 218
-650 1881 -1935 255 882 -940 284 1992 -1598 -296 -4181 3365 1475 115 298 -156 1797 1351 -1186 241 1205 1842 -370 2933 909 3802 -37 3073 -915 -686 -690 3973 2391 1126 -1088 -2409 -1895 3532 954 942 -3865 -1899 -813 -2917 1520 -2821 240 154 2062 -763 102 944 -4177 -4472 -4177 -2089 -1873 -2235 -2557 215 468 -2045 836 -498
-1018 1694 -2279 534 1012 -1161 309 1771 -1911 -339 -3953 3674 1263 12 592 -263 1846 1122 -1471 54 1133 1412 -599 3043 741 3723 -618 2693 -1509 -511 -843 4039 2659 1250 -884 -2921 -1638 3456 857 1346 -3679 -1763 -840 -2774 1837 -2802 141 193 1769 -410 213 793 -4234 -4299 -4056 -2060 -1643 -2265 -2722 -319 255 -1727 1251 -179
-1018 1694 -2279 534 1012 -1161 309 1771 -1911 -339 -3953 3674 1263 12 592 -263 1846 1122 -1471 54 1133 1412 -599 3043 741 3723 -618 2693 -1509 -511 -843 4039 2659 1250 -884 -2921 -1638 3456 857 1346 -3679 -1763 -840 -2774 1837 -2802 141 193 1769 -410 213 793 -4234 -4299 -4056 -2060 -1643 -2265 -2722 -319 255 -1727 1251 -179
-1018 1694 -2279 534 1012 -1161 309 1771 -1911 -339 -3953 3674 1263 12 592 -263 1846 1122 -1471 54 1133 1412 -599 3043 741 3723 -618 2693 -1509 -511 -843 4039 2659 1250 -884 -2921 -1638 3456 857 1346 -3679 -1763 -840 -2774 1837 -2802 141 193 1769 -410 213 793 -4234 -4299 -4056 -2060 -1643 -2265 -2722 -319 255 -1727 1251 -179
-1018 1694 -2279 534 1012 -1161 309 1771 -1911 -339 -3953 3674 1263 12 592 -263 1846 1122 -1471 54 1133 1412 -599 3043 741 3723 -618 2693 -1509 -511 -843 4039 2659 1250 -884 -2921 -1638 3456 857 1346 -3679 -1763 -840 -2774 1837 -2802 141 193 1769 -410 213 793 -4234 -4299 -4056 -2060 -1643 -2265 -2722 -319 255 -1727 1251 -179
-1481 772 -2292 -832 319 -767 -643 3035 -2996 1606 -4143 2325 -341 516 -225 1571 3938 860 -3251 232 607 1394 -1242 2610 1145 3266 -322 5166 -1879 -2731 -1038 3850 2551 2086 149 -1016 -1068 2657 -74 368 -3437 -619 -2224 -1870 238 -2994 314 383 289 -1667 -1151 1855 -2822 -5669 -3717 -774 -1995 -1815 -539 855 1725 -777 1491 -1670
-385 2550 435 -1000 1857 983 154 695 -2247 -157 -5058 4245 -172 45 -270 87 1963 2196 1395 -585 1254 2277 255 432 1245 3818 -523 3849 1612 155 -723 3748 1382 1834 -890 -1392 -787 3089 1073 -761 -2622 -2241 -2080 -3619 736 -3557 172 -797 2580 -2287 -1138 955 -4659 -5073 -4013 -1682 -2219 -1620 -1263 285 874 -2998 44 -1001
-1018 1694 -2279 534 1012 -1161 309 1771 -1911 -339 -3953 3674 1263 12 592 -263 1846 1122 -1471 54 1133 1412 -599 3043 741 3723 -618 2693 -1509 -511 -843 4039 2659 1250 -884 -2921 -1638 3456 857 1346 -3679 -1763 -840 -2774 1837 -2802 141 193 1769 -410 213 793 -4234 -4299 -4056 -2060 -1643 -2265 -2722 -319 255 -1727 1251 -179
-1018 1694 -2279 534 1012 -1161 309 1771 -1911 -339 -3953 3674 1263 12 592 -263 1846 1122 -1471 54 1133 1412 -599 3043 741 3723 -618 2693 -1509 -511 -843 4039 2659 1250 -884 -2921 -1638 3456 857 1346 -3679 -1763 -840 -2774 1837 -2802 141 193 1769 -410 213 793 -4234 -4299 -4056 -2060 -1643 -2265 -2722 -319 255 -1727 1251 -179
-1018 1694 -2279 534 1012 -1161 309 1771 -1911 -339 -3953 3674 1263 12 592 -263 1846 1122 -1471 54 1133 1412 -599 3043 741 3723 -618 2693 -1509 -511 -843 4039 2659 1250 -884 -2921 -1638 3456 857 1346 -3679 -1763 -840 -2774 1837 -2802 141 193 1769 -410 213 793 -4234 -4299 -4056 -2060 -1643 -2265 -2722 -319 255 -1727 1251 -179
-1018 1694 -2279 534 1012 -1161 309 1771 -1911 -339 -3953 3674 1263 12 592 -263 1846 1122 -1471 54 1133 1412 -599 3043 741 3723 -618 2693 -1509 -511 -843 4039 2659 1250 -884 -2921 -1638 3456 857 1346 -3679 -1763 -840 -2774 1837 -2802 141 193 1769 -410 213 793 -4234 -4299 -4056 -2060 -1643 -2265 -2722 -319 255 -1727 1251 -179
-1103 1136 -2158 -286 985 -1103 180 2420 -2309 -30 -4276 3475 868 252 312 178 1751 1293 -2183 381 935 1441 -516 2796 1003 3669 -1143 3291 -1759 -831 -966 3846 2325 1866 -79 -2063 -1654 3407 1012 1038 -3971 -1004 -1092 -2128 1919 -3076 49 214 1471 -652 -463 1268 -4138 -4796 -4073 -2028 -1782 -2315 -2108 172 474 -1630 1447 -761
-1506 2910 -817 -1050 1608 -218 -102 864 -1958 -337 -5458 6576 -1323 925 -1863 -481 2360 314 2736 -2558 1463 463 655 2525 783 3540 -732 2766 1280 -586 -903 3103 1859 1140 -1477 -3643 169 2920 1239 946 -2151 -1252 -2637 -2872 1889 -2583 300 -696 1824 -1608 2450 317 -3457 -4606 -5436 -907 -1650 234 -1511 -224 -1056 -84 2864 -193
-849 1696 -2198 363 982 -1126 297 1846 -1768 -326 -4009 3544 1335 66 397 -261 1815 1183 -1415 122 1122 1568 -523 3088 774 3743 -450 2794 -1360 -561 -786 4084 2621 1163 -915 -2730 -1667 3516 885 1293 -3754 -1813 -814 -2781 1724 -2793 174 129 1884 -513 156 837 -4164 -4340 -4132 -2009 -1681 -2270 -2722 -79 360 -1820 1095 -247
-1018 1694 -2279 534 1012 -1161 309 1771 -1911 -339 -3953 3674 1263 12 592 -263 1846 1122 -1471 54 1133 1412 -599 3043 741 3723 -618 2693 -1509 -511 -843 4039 2659 1250 -884 -2921 -1638 3456 857 1346 -3679 -1763 -840 -2774 1837 -2802 141 193 1769 -410 213 793 -4234 -4299 -4056 -2060 -1643 -2265 -2722 -319 255 -1727 1251 -179
-1018 1694 -2279 534 1012 -1161 309 1771 -1911 -339 -3953 3674 1263 12 592 -263 1846 1122 -1471 54 1133 1412 -599 3043 741 3723 -618 2693 -1509 -511 -843 4039 2659 1250 -884 -2921 -1638 3456 857 1346 -3679 -1763 -840 -2774 1837 -2802 141 193 1769 -410 213 793 -4234 -4299 -4056 -2060 -1643 -2265 -2722 -319 255 -1727 1251 -179
-1018 1694 -2279 534 1012 -1161 309 1771 -1911 -339 -3953 3674 1263 12 592 -263 1846 1122 -1471 54 1133 1412 -599 3043 741 3723 -618 2693 -1509 -511 -843 4039 2659 1250 -884 -2921 -1638 3456 857 1346 -3679 -1763 -840 -2774 1837 -2802 141 193 1769 -410 213 793 -4234 -4299 -4056 -2060 -1643 -2265 -2722 -319 255 -1727 1251 -179
-1018 1694 -2279 534 1012 -1161 309 1771 -1911 -339 -3953 3674 1263 12 592 -263 1846 1122 -1471 54 1133 1412 -599 3043 741 3723 -618 2693 -1509 -511 -843 4039 2659 1250 -884 -2921 -1638 3456 857 1346 -3679 -1763 -840 -2774 1837 -2802 141 193 1769 -410 213 793 -4234 -4299 -4056 -2060 -1643 -2265 -2722 -319 255 -1727 1251 -179
-1036 2791 -1109 -4 -1210 219 51 2825 -1100 1260 -3817 3130 487 163 -1279 -984 2706 -512 347 -46 3021 1216 -606 3423 2202 3284 2298 3306 204 -1212 -996 2986 2665 -316 -2020 -3010 -505 3752 2281 -67 -3682 -1619 -616 -2983 1370 -2320 -676 928 1070 -2169 1524 2017 -2798 -5805 -4247 -1696 -867 -332 -521 962 678 -1020 1382 -110
-538 3256 315 -512 1435 852 58 983 -2114 513 -4346 3882 843 30 -296 507 1934 2537 1487 -745 1069 2553 1344 300 1209 3967 277 4365 1792 101 -96 3232 1537 1555 -1277 -1075 -221 3155 817 -864 -2603 -3082 -1342 -3438 172 -2862 401 -940 2803 -2569 -764 584 -5035 -5403 -3965 -1582 -2242 -1594 -1370 1024 597 -2541 -670 -799
-1018 1694 -2279 534 1012 -1161 309 1771 -1911 -339 -3953 3674 1263 12 592 -263 1846 1122 -1471 54 1133 1412 -599 3043 741 3723 -618 2693 -1509 -511 -843 4039 2659 1250 -884 -2921 -1638 3456 857 1346 -3679 -1763 -840 -2774 1837 -2802 141 193 1769 -410 213 793 -4234 -4299 -4056 -2060 -1643 -2265 -2722 -319 255 -1727 1251 -179
-1018 1694 -2279 534 1012 -1161 309 1771 -1911 -339 -3953 3674 1263 12 592 -263 1846 1122 -1471 54 1133 1412 -599 3043 741 3723 -618 2693 -1509 -511 -843 4039 2659 1250 -884 -2921 -1638 3456 857 1346 -3679 -1763 -840 -2774 1837 -2802 141 193 1769 -410 213 793 -4234 -4299 -4056 -2060 -1643 -2265 -2722 -319 255 -1727 1251 -179
-1018 1694 -2279 534 1012 -1161 309 1771 -1911 -339 -3953 3674 1263 12 592 -263 1846 1122 -1471 54 1133 1412 -599 3043 741 3723 -618 2693 -1509 -511 -843 4039 2659 1250 -884 -2921 -1638 3456 857 1346 -3679 -1763 -840 -2774 1837 -2802 141 193 1769 -410 213 793 -4234 -4299 -4056 -2060 -1643 -2265 -2722 -319 255 -1727 1251 -179
