-3357 3591 -6106 2817 -5440 3048 4469 -1752 -1680 6982 1547 -6567 -4288 -5452 -3930 -7609 -1427 4557 -6608 6828 4978 4200 320 3626 -554 -4418 -1388 -10418 -1969 994 -3727 2639 -563 -1702 763 2170 -1159 961 -157 138 6839 2968 -194 -255 8190 -1373 -2064 -78 391 -3791 1864 5440 975 -141 -4777 2614 -5818 -1038 -148 2629 2354 10593 -3041 3507
-3155 3795 -6389 323 -4312 6502 3453 -1183 -2531 1343 768 -6008 -9380 -3513 -4584 -5091 264 647 -8370 4572 2386 2350 2359 2579 -652 -5429 -1731 -7630 -1502 -915 -2077 -529 -2899 1978 500 3089 -1014 2009 1525 327 8747 3975 1656 1647 8346 535 1824 3002 2292 -1333 5853 4381 2876 -3587 -8770 -123 -5926 -365 5311 4351 1686 7156 -4844 -564
-3155 3795 -6389 323 -4312 6502 3453 -1183 -2531 1343 768 -6008 -9380 -3513 -4584 -5091 264 647 -8370 4572 2386 2350 2359 2579 -652 -5429 -1731 -7630 -1502 -915 -2077 -529 -2899 1978 500 3089 -1014 2009 1525 327 8747 3975 1656 1647 8346 535 1824 3002 2292 -1333 5853 4381 2876 -3587 -8770 -123 -5926 -365 5311 4351 1686 7156 -4844 -564
-3155 3795 -6389 323 -4312 6502 3453 -1183 -2531 1343 768 -6008 -9380 -3513 -4584 -5091 264 647 -8370 4572 2386 2350 2359 2579 -652 -5429 -1731 -7630 -1502 -915 -2077 -529 -2899 1978 500 3089 -1014 2009 1525 327 8747 3975 1656 1647 8346 535 1824 3002 2292 -1333 5853 4381 2876 -3587 -8770 -123 -5926 -365 5311 4351 1686 7156 -4844 -564
-3155 3795 -6389 323 -4312 6502 3453 -1183 -2531 1343 768 -6008 -9380 -3513 -4584 -5091 264 647 -8370 4572 2386 2350 2359 2579 -652 -5429 -1731 -7630 -1502 -915 -2077 -529 -2899 1978 500 3089 -1014 2009 1525 327 8747 3975 1656 1647 8346 535 1824 3002 2292 -1333 5853 4381 2876 -3587 -8770 -123 -5926 -365 5311 4351 1686 7156 -4844 -564
-3155 3795 -6389 323 -4312 6502 3453 -1183 -2531 1343 768 -6008 -9380 -3513 -4584 -5091 264 647 -8370 4572 2386 2350 2359 2579 -652 -5429 -1731 -7630 -1502 -915 -2077 -529 -2899 1978 500 3089 -1014 2009 1525 327 8747 3975 1656 1647 8346 535 1824 3002 2292 -1333 5853 4381 2876 -3587 -8770 -123 -5926 -365 5311 4351 1686 7156 -4844 -564
-3155 3795 -6389 323 -4312 6502 3453 -1183 -2531 1343 768 -6008 -9380 -3513 -4584 -5091 264 647 -8370 4572 2386 2350 2359 2579 -652 -5429 -1731 -7630 -1502 -915 -2077 -529 -2899 1978 500 3089 -1014 2009 1525 327 8747 3975 1656 1647 8346 535 1823 3002 2292 -1333 5853 4381 2876 -3587 -8770 -123 -5926 -365 5311 4351 1686 7156 -4844 -564
-3155 3795 -6389 323 -4312 6502 3453 -1183 -2531 1343 768 -6008 -9380 -3513 -4584 -5091 264 647 -8370 4572 2386 2350 2359 2579 -652 -5429 -1731 -7630 -1502 -915 -2077 -529 -2899 1978 500 3089 -1014 2009 1525 327 8747 3975 1656 1647 8346 535 1823 3002 2292 -1333 5853 4381 2876 -3587 -8770 -123 -5926 -365 5311 4351 1686 7156 -4844 -564
-3155 3795 -6389 323 -4312 6502 3453 -1183 -2531 1343 768 -6008 -9380 -3513 -4584 -5091 264 647 -8370 4572 2386 2350 2359 2579 -652 -5429 -1731 -7630 -1502 -915 -2077 -529 -2899 1978 500 3089 -1014 2009 1525 327 8747 3975 1656 1647 8346 535 1824 3002 2292 -1333 5853 4381 2876 -3587 -8770 -123 -5926 -365 5311 4351 1686 7156 -4844 -564
-1893 4115 -8051 71 -4917 5727 3027 -2334 -3072 3007 3032 -6398 -8733 -2035 -4792 -4951 1216 817 -7396 5577 1315 3484 865 2567 -896 -5904 -2157 -9201 -1030 -2208 -1563 28 -602 774 606 2157 -450 1461 436 358 8554 5011 2838 1505 7590 -361 372 3347 1146 418 4963 4097 2223 -3963 -7675 -1241 -6088 -751 5658 3605 2825 7620 -4305 554
-1393 3993 -7149 1137 -5055 5157 1516 -1281 -3972 2268 3239 -5318 -7464 -4534 -3746 -3500 -714 669 -8052 5725 2393 1643 1033 1990 -1632 -5506 -2009 -9288 -539 -1205 -1573 -91 -2090 1820 806 2587 -1541 1613 1446 -931 7845 4559 2773 1855 8181 121 1145 3687 2868 -1164 6055 4247 1590 -2720 -8852 -19 -4667 -1517 6043 4503 2741 7703 -6832 -595
-3155 3795 -6389 323 -4312 6502 3453 -1183 -2531 1343 768 -6008 -9380 -3513 -4584 -5091 264 647 -8370 4572 2386 2350 2359 2579 -652 -5429 -1731 -7630 -1502 -915 -2077 -529 -2899 1978 500 3089 -1014 2009 1525 327 8747 3975 1656 1647 8346 535 1824 3002 2292 -1333 5853 4381 2876 -3587 -8770 -123 -5926 -365 5311 4351 1686 7156 -4844 -564
-3155 3795 -6389 323 -4312 6502 3453 -1183 -2531 1343 768 -6008 -9380 -3513 -4584 -5091 264 647 -8370 4572 2386 2350 2359 2579 -652 -5429 -1731 -7630 -1502 -915 -2077 -529 -2899 1978 500 3089 -1014 2009 1525 327 8747 3975 1656 1647 8346 535 1823 3002 2292 -1333 5853 4381 2876 -3587 -8770 -123 -5926 -365 5311 4351 1686 7156 -4844 -564
-3155 3795 -6389 323 -4312 6502 3453 -1183 -2531 1343 768 -6008 -9380 -3513 -4584 -5091 264 647 -8370 4572 2386 2350 2359 2579 -652 -5429 -1731 -7630 -1502 -915 -2077 -529 -2899 1978 500 3089 -1014 2009 1525 327 8747 3975 1656 1647 8346 535 1823 3002 2292 -1333 5853 4381 2876 -3587 -8770 -123 -5926 -365 5311 4351 1686 7156 -4844 -564
-3155 3795 -6389 323 -4312 6502 3453 -1183 -2531 1343 768 -6008 -9380 -3513 -4584 -5091 264 647 -8370 4572 2386 2350 2359 2579 -652 -5429 -1731 -7630 -1502 -915 -2077 -529 -2899 1978 500 3089 -1014 2009 1525 327 8747 3975 1656 1647 8346 535 1823 3002 2292 -1333 5853 4381 2876 -3587 -8770 -123 -5926 -365 5311 4351 1686 7156 -4844 -564
-3155 3795 -6389 323 -4312 6502 3453 -1183 -2531 1343 768 -6008 -9380 -3513 -4584 -5091 264 647 -8370 4572 2386 2350 2359 2579 -652 -5429 -1731 -7630 -1502 -915 -2077 -529 -2899 1978 500 3089 -1014 2009 1525 327 8747 3975 1656 1647 8346 535 1823 3002 2292 -1333 5853 4381 2876 -3587 -8770 -123 -5926 -365 5311 4351 1686 7156 -4844 -564
-4931 2272 -5168 2137 -4376 4986 2160 1135 -303 3376 123 -5413 -5679 -4787 -3116 -7836 -995 3476 -10691 3950 1324 2399 2693 4442 1824 -5613 59 -8289 -3163 -511 -448 2337 -2679 137 4044 1307 -3119 287 -1034 -251 6137 2021 2523 -955 10045 2661 -1000 1757 1581 -1064 5676 6320 2902 -3236 -8276 616 -6346 670 5868 5373 1871 4003 -3315 -1903
-6773 1039 -3012 6080 -4784 3888 3021 -227 1038 4248 -55 -6263 -5160 -4846 -4071 -10668 -770 6757 -10164 4677 4503 7150 1473 4433 4280 -4675 -535 -5327 -2647 -386 -3142 4323 286 -884 367 1853 -3496 2761 -1019 76 4821 -973 43 -1159 7705 809 -3154 425 2528 -4366 2453 5093 2608 -3288 -4345 1503 -4557 2609 -824 4204 1134 6886 -3705 202
-7386 868 -2130 4949 -5304 3790 4612 -1029 727 4645 -3127 -5759 -4196 -4771 -5606 -9564 -520 5692 -8451 4647 5108 7804 1474 3825 2860 -3342 -383 -4357 -1640 449 -5466 3684 949 -1429 494 3148 -2416 2479 -1456 612 6560 -234 -2090 -1673 7296 694 -1764 -1370 1550 -4981 2194 5110 2300 -255 -4394 1948 -6272 2383 -2732 4405 -168 8008 -3840 2841
-6154 838 -3942 4109 -6828 2931 3203 -4258 1130 6849 -1536 -6103 -1455 -3149 -6681 -10697 366 5979 -6363 6277 4013 8876 -69 4487 1747 -2100 -47 -6708 -2029 487 -4056 5056 3298 -2349 523 1682 -903 1925 -2858 1562 6357 685 -1459 -3513 5344 706 -2936 -2685 901 -2562 -33 4273 2543 257 -1553 291 -6319 1402 -4030 3506 358 8461 -1223 4176
-3696 4457 -4581 1421 -6752 2525 4629 -3007 -3407 5153 2308 -4988 -5885 -3501 -5763 -5840 627 126 -7206 7741 4451 5215 -586 3070 -955 -3143 -3024 -6747 -2348 848 -1476 363 -2246 -2145 -584 2682 91 2592 2599 -2542 8680 4011 -1554 785 6711 728 104 3093 -69 -4192 5639 6441 1151 -410 -5820 1313 -6275 -1064 1120 6320 537 8626 -6169 -184
-3155 3795 -6389 323 -4312 6502 3453 -1183 -2531 1343 768 -6008 -9380 -3513 -4584 -5091 264 647 -8370 4572 2386 2350 2359 2579 -652 -5429 -1731 -7630 -1502 -915 -2077 -529 -2899 1978 500 3089 -1014 2009 1525 327 8747 3975 1656 1647 8346 535 1824 3002 2292 -1333 5853 4381 2876 -3587 -8770 -123 -5926 -365 5311 4351 1686 7156 -4844 -564
-3155 3795 -6389 323 -4312 6502 3453 -1183 -2531 1343 768 -6008 -9380 -3513 -4584 -5091 264 647 -8370 4572 2386 2350 2359 2579 -652 -5429 -1731 -7630 -1502 -915 -2077 -529 -2899 1978 500 3089 -1014 2009 1525 327 8747 3975 1656 1647 8346 535 1823 3002 2292 -1333 5853 4381 2876 -3587 -8770 -123 -5926 -365 5311 4351 1686 7156 -4844 -564
-3155 3795 -6389 323 -4312 6502 3453 -1183 -2531 1343 768 -6008 -9380 -3513 -4584 -5091 264 647 -8370 4572 2386 2350 2359 2579 -652 -5429 -1731 -7630 -1502 -915 -2077 -529 -2899 1978 500 3089 -1014 2009 1525 327 8747 3975 1656 1647 8346 535 1823 3002 2292 -1333 5853 4381 2876 -3587 -8770 -123 -5926 -365 5311 4351 1686 7156 -4844 -564
-3155 3795 -6389 323 -4312 6502 3453 -1183 -2531 1343 768 -6008 -9380 -3513 -4584 -5091 264 647 -8370 4572 2386 2350 2359 2579 -652 -5429 -1731 -7630 -1502 -915 -2077 -529 -2899 1978 500 3089 -1014 2009 1525 327 8747 3975 1656 1647 8346 535 1824 3002 2292 -1333 5853 4381 2876 -3587 -8770 -123 -5926 -365 5311 4351 1686 7156 -4844 -564
-3155 3795 -6389 323 -4312 6502 3453 -1183 -2531 1343 768 -6008 -9380 -3513 -4584 -5091 264 647 -8370 4572 2386 2350 2359 2579 -652 -5429 -1731 -7630 -1502 -915 -2077 -529 -2899 1978 500 3089 -1014 2009 1525 327 8747 3975 1656 1647 8346 535 1824 3002 2292 -1333 5853 4381 2876 -3587 -8770 -123 -5926 -365 5311 4351 1686 7156 -4844 -564
-3123 2147 -6087 3018 -2976 4797 2857 2386 -1084 4986 -785 -4786 -1941 -7841 -979 -7889 -5147 6947 -7465 2387 2860 -73 2126 2324 -1713 -5985 1917 -11012 -3822 1644 -5329 4581 -3386 -454 4701 1998 -1583 -1865 -3680 2924 4948 4385 2156 -2463 10385 -1633 1531 -633 1393 -3445 1641 5482 2248 1712 -5083 2688 -4291 1473 3037 1327 3280 5649 -2750 1367
-4042 3561 -5809 1083 -4626 5922 3544 -1469 -1965 1900 1387 -6253 -9500 -3551 -5293 -5797 871 891 -8269 4798 2875 3336 2381 2949 -245 -5114 -2504 -7451 -1824 -635 -1920 -84 -2198 1582 1 3851 -984 1954 2315 -8 9017 3173 1404 1594 8019 948 1202 3022 1970 -1708 5433 4317 2364 -3757 -8457 -368 -6175 -657 4348 3968 1754 7632 -4302 -401
-3155 3795 -6389 323 -4312 6502 3453 -1183 -2531 1343 768 -6008 -9380 -3513 -4584 -5091 264 647 -8370 4572 2386 2350 2359 2579 -652 -5429 -1731 -7630 -1502 -915 -2077 -529 -2899 1978 500 3089 -1014 2009 1525 327 8747 3975 1656 1647 8346 535 1823 3002 2292 -1333 5853 4381 2876 -3587 -8770 -123 -5926 -365 5311 4351 1686 7156 -4844 -564
-3155 3795 -6389 323 -4312 6502 3453 -1183 -2531 1343 768 -6008 -9380 -3513 -4584 -5091 264 647 -8370 4572 2386 2350 2359 2579 -652 -5429 -1731 -7630 -1502 -915 -2077 -529 -2899 1978 500 3089 -1014 2009 1525 327 8747 3975 1656 1647 8346 535 1823 3002 2292 -1333 5853 4381 2876 -3587 -8770 -123 -5926 -365 5311 4351 1686 7156 -4844 -564
-3155 3795 -6389 323 -4312 6502 3453 -1183 -2531 1343 768 -6008 -9380 -3513 -4584 -5091 264 647 -8370 4572 2386 2350 2359 2579 -652 -5429 -1731 -7630 -1502 -915 -2077 -529 -2899 1978 500 3089 -1014 2009 1525 327 8747 3975 1656 1647 8346 535 1823 3002 2292 -1333 5853 4381 2876 -3587 -8770 -123 -5926 -365 5311 4351 1686 7156 -4844 -564
-3155 3795 -6389 323 -4312 6502 3453 -1183 -2531 1343 768 -6008 -9380 -3513 -4584 -5091 264 647 -8370 4572 2386 2350 2359 2579 -652 -5429 -1731 -7630 -1502 -915 -2077 -529 -2899 1978 500 3089 -1014 2009 1525 327 8747 3975 1656 1647 8346 535 1823 3002 2292 -1333 5853 4381 2876 -3587 -8770 -123 -5926 -365 5311 4351 1686 7156 -4844 -564
-1369 3697 -9452 219 -6039 4321 2327 -5324 -1314 5045 1706 -5742 -5648 -1918 -6289 -6150 555 1030 -5282 5640 203 2980 985 3106 -1175 -3799 -840 -11300 -1885 -560 -3895 2348 2727 808 638 2479 1074 -1118 -1123 2253 9133 6817 1640 -287 5901 -1825 -429 763 2494 1272 2861 3518 1637 -2807 -5895 -2925 -5828 -1617 3740 2940 3930 9351 -1773 3470
-4137 3536 -3534 2950 -6549 2641 5084 -2984 -2942 4236 1773 -5581 -6595 -2999 -5525 -6531 776 1966 -7435 8292 5125 6271 -1251 3325 258 -4032 -2984 -5245 -1803 543 -2655 644 -1158 -2202 -1322 1505 29 3851 1802 -2788 6647 3053 -2433 553 6992 331 -837 2309 1067 -5004 4906 5899 1350 -1386 -4826 2992 -5379 491 -345 6498 -329 9418 -6977 657
-3155 3795 -6389 323 -4312 6502 3453 -1183 -2531 1343 768 -6008 -9380 -3513 -4584 -5091 264 647 -8370 4572 2386 2350 2359 2579 -652 -5429 -1731 -7630 -1502 -915 -2077 -529 -2899 1978 500 3089 -1014 2009 1525 327 8747 3975 1656 1647 8346 535 1824 3002 2292 -1333 5853 4381 2876 -3587 -8770 -123 -5926 -365 5311 4351 1686 7156 -4844 -564
-3155 3795 -6389 323 -4312 6502 3453 -1183 -2531 1343 768 -6008 -9380 -3513 -4584 -5091 264 647 -8370 4572 2386 2350 2359 2579 -652 -5429 -1731 -7630 -1502 -915 -2077 -529 -2899 1978 500 3089 -1014 2009 1525 327 8747 3975 1656 1647 8346 535 1824 3002 2292 -1333 5853 4381 2876 -3587 -8770 -123 -5926 -365 5311 4351 1686 7156 -4844 -564
-3155 3795 -6389 323 -4312 6502 3453 -1183 -2531 1343 768 -6008 -9380 -3513 -4584 -5091 264 647 -8370 4572 2386 2350 2359 2579 -652 -5429 -1731 -7630 -1502 -915 -2077 -529 -2899 1978 500 3089 -1014 2009 1525 327 8747 3975 1656 1647 8346 535 1824 3002 2292 -1333 5853 4381 2876 -3587 -8770 -123 -5926 -365 5311 4351 1686 7156 -4844 -564
-3155 3795 -6389 323 -4312 6502 3453 -1183 -2531 1343 768 -6008 -9380 -3513 -4584 -5091 264 647 -8370 4572 2386 2350 2359 2579 -652 -5429 -1731 -7630 -1502 -915 -2077 -529 -2899 1978 500 3089 -1014 2009 1525 327 8747 3975 1656 1647 8346 535 1824 3002 2292 -1333 5853 4381 2876 -3587 -8770 -123 -5926 -365 5311 4351 1686 7156 -4844 -564
-2267 3833 -7626 12 -5048 5663 2919 -2122 -2425 2125 2007 -6583 -8801 -2622 -5303 -5042 1290 824 -7915 5408 1856 3247 1715 2595 -478 -5377 -2196 -8947 -1407 -1340 -1361 -261 -1687 1218 -124 2412 -346 2031 1128 816 9144 4380 2737 1736 7737 543 1059 2503 1365 -126 4600 4482 2987 -3343 -8112 -795 -6340 -734 5215 4405 1986 7340 -4461 -131
-2523 2758 -4868 3521 -4508 4554 3967 1475 -3408 3995 896 -5261 -2812 -6684 -1505 -7532 -4506 6296 -8403 6096 4563 1797 -403 2466 -1854 -6039 487 -9866 -2180 425 -3450 2986 -5051 -986 2430 -733 -1036 926 -2019 51 4029 4060 731 -1773 10380 -485 1169 203 1701 -4264 1973 7015 2887 1235 -3758 4941 -3874 1992 2747 4162 747 6182 -6741 680
-3354 3730 -6255 626 -4396 6402 3435 -1246 -2303 1474 1100 -6077 -9509 -3589 -4807 -5411 433 787 -8302 4602 2506 2619 2459 2642 -479 -5313 -1972 -7668 -1711 -812 -1983 -324 -2714 1913 243 3343 -1063 1942 1916 256 8812 3719 1685 1670 8194 579 1626 3074 2235 -1507 5592 4325 2817 -3818 -8620 -259 -5955 -391 5070 4108 1807 7316 -4603 -618
-3155 3795 -6389 323 -4312 6502 3453 -1183 -2531 1343 768 -6008 -9380 -3513 -4584 -5091 264 647 -8370 4572 2386 2350 2359 2579 -652 -5429 -1731 -7630 -1502 -915 -2077 -529 -2899 1978 500 3089 -1014 2009 1525 327 8747 3975 1656 1647 8346 535 1824 3002 2292 -1333 5853 4381 2876 -3587 -8770 -123 -5926 -365 5311 4351 1686 7156 -4844 -564
-3155 3795 -6389 323 -4312 6502 3453 -1183 -2531 1343 768 -6008 -9380 -3513 -4584 -5091 264 647 -8370 4572 2386 2350 2359 2579 -652 -5429 -1731 -7630 -1502 -915 -2077 -529 -2899 1978 500 3089 -1014 2009 1525 327 8747 3975 1656 1647 8346 535 1823 3002 2292 -1333 5853 4381 2876 -3587 -8770 -123 -5926 -365 5311 4351 1686 7156 -4844 -564
-3155 3795 -6389 323 -4312 6502 3453 -1183 -2531 1343 768 -6008 -9380 -3513 -4584 -5091 264 647 -8370 4572 2386 2350 2359 2579 -652 -5429 -1731 -7630 -1502 -915 -2077 -529 -2899 1978 500 3089 -1014 2009 1525 327 8747 3975 1656 1647 8346 535 1823 3002 2292 -1333 5853 4381 2876 -3587 -8770 -123 -5926 -365 5311 4351 1686 7156 -4844 -564
-3155 3795 -6389 323 -4312 6502 3453 -1183 -2531 1343 768 -6008 -9380 -3513 -4584 -5091 264 647 -8370 4572 2386 2350 2359 2579 -652 -5429 -1731 -7630 -1502 -915 -2077 -529 -2899 1978 500 3089 -1014 2009 1525 327 8747 3975 1656 1647 8346 535 1823 3002 2292 -1333 5853 4381 2876 -3587 -8770 -123 -5926 -365 5311 4351 1686 7156 -4844 -564
-4796 3518 -7363 2039 -5880 4722 1848 -1990 1567 3913 -3003 -4833 -3937 -6487 -5349 -8501 -408 3049 -8722 2170 1492 3070 4919 3403 2423 -3877 536 -9282 -3607 1743 -3693 2547 -991 1377 1708 2636 -1533 -636 -1079 3637 9596 2970 940 -485 8219 1427 231 -2168 1934 -2593 2833 5186 3651 -503 -6721 -258 -6252 418 2607 4624 1451 6710 -757 589
-5321 2360 -2131 3328 -6043 4009 5732 -2969 -1753 3797 330 -6587 -7889 -2405 -6812 -7202 1711 3153 -7097 7444 5143 7337 -208 3779 536 -3886 -2810 -4090 -1519 104 -4174 664 -286 -1501 -1922 2605 397 3593 1109 -2040 6543 1854 -3099 645 7538 365 -632 1284 997 -5412 3691 4514 1758 -1864 -4591 3098 -5455 1575 -1059 4769 -538 9360 -5778 1955
-3155 3795 -6389 323 -4312 6502 3453 -1183 -2531 1343 768 -6008 -9380 -3513 -4584 -5091 264 647 -8370 4572 2386 2350 2359 2579 -652 -5429 -1731 -7630 -1502 -915 -2077 -529 -2899 1978 500 3089 -1014 2009 1525 327 8747 3975 1656 1647 8346 535 1823 3002 2292 -1333 5853 4381 2876 -3587 -8770 -123 -5926 -365 5311 4351 1686 7156 -4844 -564
-3155 3795 -6389 323 -4312 6502 3453 -1183 -2531 1343 768 -6008 -9380 -3513 -4584 -5091 264 647 -8370 4572 2386 2350 2359 2579 -652 -5429 -1731 -7630 -1502 -915 -2077 -529 -2899 1978 500 3089 -1014 2009 1525 327 8747 3975 1656 1647 8346 535 1824 3002 2292 -1333 5853 4381 2876 -3587 -8770 -123 -5926 -365 5311 4351 1686 7156 -4844 -564
-3155 3795 -6389 323 -4312 6502 3453 -1183 -2531 1343 768 -6008 -9380 -3513 -4584 -5091 264 647 -8370 4572 2386 2350 2359 2579 -652 -5429 -1731 -7630 -1502 -915 -2077 -529 -2899 1978 500 3089 -1014 2009 1525 327 8747 3975 1656 1647 8346 535 1824 3002 2292 -1333 5853 4381 2876 -3587 -8770 -123 -5926 -365 5311 4351 1686 7156 -4844 -564
