614 176 -6674 3268 -6680 1578 -350 -1157 -3336 5870 2045 -5458 -2759 -4032 -4862 -4960 -1640 4117 -6857 4742 4598 3317 1619 703 2364 -4062 -2808 -7810 -4715 2893 -3356 2643 -1605 -975 2631 796 1874 1857 -481 -1785 8016 4579 -2165 -903 9958 -1970 -4416 931 -1784 -5554 -627 7254 3354 -793 -2585 2688 -6133 -1670 -642 2414 448 10282 758 7218
841 335 -7170 1032 -5891 4835 -1342 -660 -4247 775 1399 -5135 -7599 -2336 -5644 -2756 -114 625 -8742 2830 2326 1679 3625 -208 2334 -5204 -3197 -5501 -4467 1228 -1869 -217 -3850 2456 2497 1674 2085 2903 1101 -1695 10085 5686 -508 837 10472 -273 -944 3865 -50 -3448 3074 6528 5264 -4049 -6431 207 -6491 -1133 4431 4128 -215 7425 -869 3670
841 335 -7170 1032 -5891 4835 -1342 -660 -4247 775 1399 -5135 -7599 -2336 -5644 -2756 -114 625 -8742 2830 2326 1679 3625 -208 2334 -5204 -3197 -5501 -4467 1228 -1869 -217 -3850 2456 2497 1674 2085 2903 1101 -1695 10085 5686 -508 837 10472 -273 -944 3865 -50 -3448 3074 6528 5264 -4049 -6431 207 -6491 -1133 4431 4128 -215 7425 -869 3670
841 335 -7170 1032 -5891 4835 -1342 -660 -4247 775 1399 -5135 -7599 -2336 -5644 -2756 -114 625 -8742 2830 2326 1679 3625 -208 2334 -5204 -3197 -5501 -4467 1228 -1869 -217 -3850 2456 2497 1674 2085 2903 1101 -1695 10085 5686 -508 837 10472 -273 -944 3865 -50 -3448 3074 6528 5264 -4049 -6431 207 -6491 -1133 4431 4128 -215 7425 -869 3670
841 335 -7170 1032 -5891 4835 -1342 -660 -4247 775 1399 -5135 -7599 -2336 -5644 -2756 -114 625 -8742 2830 2326 1679 3625 -208 2334 -5204 -3197 -5501 -4467 1228 -1869 -217 -3850 2456 2497 1674 2085 2903 1101 -1695 10085 5686 -508 837 10472 -273 -944 3865 -50 -3448 3074 6528 5264 -4049 -6431 207 -6491 -1133 4431 4128 -215 7425 -869 3670
841 335 -7170 1032 -5891 4835 -1342 -660 -4247 775 1399 -5135 -7599 -2336 -5644 -2756 -114 625 -8742 2830 2326 1679 3625 -208 2334 -5204 -3197 -5501 -4467 1228 -1869 -217 -3850 2456 2497 1674 2085 2903 1101 -1695 10085 5686 -508 837 10472 -273 -944 3865 -50 -3448 3074 6528 5264 -4049 -6431 207 -6491 -1133 4431 4128 -215 7425 -869 3670
841 335 -7170 1032 -5891 4835 -1342 -660 -4247 775 1399 -5135 -7599 -2336 -5644 -2756 -114 625 -8742 2830 2326 1679 3625 -208 2334 -5204 -3197 -5501 -4467 1228 -1869 -217 -3850 2456 2497 1674 2085 2903 1101 -1695 10085 5686 -508 837 10472 -273 -944 3865 -50 -3448 3074 6528 5264 -4049 -6431 207 -6491 -1133 4431 4128 -215 7425 -869 3670
841 335 -7170 1032 -5891 4835 -1342 -660 -4247 775 1399 -5135 -7599 -2336 -5644 -2756 -114 625 -8742 2830 2326 1679 3625 -208 2334 -5204 -3197 -5501 -4467 1228 -1869 -217 -3850 2456 2497 1674 2085 2903 1101 -1695 10085 5686 -508 837 10472 -273 -944 3865 -50 -3448 3074 6528 5264 -4049 -6431 207 -6491 -1133 4431 4128 -215 7425 -869 3670
841 335 -7170 1032 -5891 4835 -1342 -660 -4247 775 1399 -5135 -7599 -2336 -5644 -2756 -114 625 -8742 2830 2326 1679 3625 -208 2334 -5204 -3197 -5501 -4467 1228 -1869 -217 -3850 2456 2497 1674 2085 2903 1101 -1695 10085 5686 -508 837 10472 -273 -944 3865 -50 -3448 3074 6528 5264 -4049 -6431 207 -6491 -1133 4431 4128 -215 7425 -869 3670
2092 523 -8648 790 -6452 4007 -1846 -1701 -4735 2284 3504 -5432 -6859 -896 -5798 -2533 759 772 -7760 3681 1307 2692 2233 -291 2162 -5578 -3599 -6841 -4057 72 -1373 308 -1711 1343 2622 755 2667 2395 93 -1705 9838 6634 547 682 9725 -1124 -2347 4176 -1171 -1850 2148 6248 4668 -4366 -5293 -827 -6590 -1502 4683 3388 791 7785 -260 4770
2465 551 -7873 1783 -6575 3583 -3122 -766 -5581 1641 3704 -4487 -5816 -3295 -4843 -1286 -1023 645 -8441 3918 2324 1017 2372 -743 1398 -5275 -3450 -7065 -3545 940 -1394 191 -3087 2315 2773 1210 1579 2533 1041 -2862 9230 6223 559 1039 10305 -660 -1564 4506 511 -3275 3280 6387 4040 -3234 -6526 298 -5316 -2212 5115 4274 776 7931 -2752 3611
841 335 -7170 1032 -5891 4835 -1342 -660 -4247 775 1399 -5135 -7599 -2336 -5644 -2756 -114 625 -8742 2830 2326 1679 3625 -208 2334 -5204 -3197 -5501 -4467 1228 -1869 -217 -3850 2456 2497 1674 2085 2903 1101 -1695 10085 5686 -508 837 10472 -273 -944 3865 -50 -3448 3074 6528 5264 -4049 -6431 207 -6491 -1133 4431 4128 -215 7425 -869 3670
841 335 -7170 1032 -5891 4835 -1342 -660 -4247 775 1399 -5135 -7599 -2336 -5644 -2756 -114 625 -8742 2830 2326 1679 3625 -208 2334 -5204 -3197 -5501 -4467 1228 -1869 -217 -3850 2456 2497 1674 2085 2903 1101 -1695 10085 5686 -508 837 10472 -273 -944 3865 -50 -3448 3074 6528 5264 -4049 -6431 207 -6491 -1133 4431 4128 -215 7425 -869 3670
841 335 -7170 1032 -5891 4835 -1342 -660 -4247 775 1399 -5135 -7599 -2336 -5644 -2756 -114 625 -8742 2830 2326 1679 3625 -208 2334 -5204 -3197 -5501 -4467 1228 -1869 -217 -3850 2456 2497 1674 2085 2903 1101 -1695 10085 5686 -508 837 10472 -273 -944 3865 -50 -3448 3074 6528 5264 -4049 -6431 207 -6491 -1133 4431 4128 -215 7425 -869 3670
841 335 -7170 1032 -5891 4835 -1342 -660 -4247 775 1399 -5135 -7599 -2336 -5644 -2756 -114 625 -8742 2830 2326 1679 3625 -208 2334 -5204 -3197 -5501 -4467 1228 -1869 -217 -3850 2456 2497 1674 2085 2903 1101 -1695 10085 5686 -508 837 10472 -273 -944 3865 -50 -3448 3074 6528 5264 -4049 -6431 207 -6491 -1133 4431 4128 -215 7425 -869 3670
841 335 -7170 1032 -5891 4835 -1342 -660 -4247 775 1399 -5135 -7599 -2336 -5644 -2756 -114 625 -8742 2830 2326 1679 3625 -208 2334 -5204 -3197 -5501 -4467 1228 -1869 -217 -3850 2456 2497 1674 2085 2903 1101 -1695 10085 5686 -508 837 10472 -273 -944 3865 -50 -3448 3074 6528 5264 -4049 -6431 207 -6491 -1133 4431 4128 -215 7425 -869 3670
-910 -1008 -5963 2694 -5873 3426 -2427 1487 -2105 2670 775 -4566 -4140 -3531 -4215 -5339 -1286 3248 -10822 2253 1332 1729 3862 1565 4554 -5322 -1480 -6105 -5910 1533 -370 2437 -3606 719 5721 28 61 1278 -1283 -2164 7559 3801 364 -1559 11919 1730 -3499 2657 -628 -3107 2960 8237 5174 -3682 -5981 910 -6812 -126 4927 5055 5 4413 448 2290
-2929 -1922 -3892 6361 -6151 2524 -1287 196 -718 3549 565 -5437 -3774 -3688 -5039 -8179 -1063 6335 -10338 3047 4325 6246 2632 1755 6677 -4452 -1936 -3484 -5232 1505 -2926 4290 -763 -301 2159 640 -537 3514 -1280 -1709 6233 866 -1815 -1712 9601 80 -5335 1333 369 -6077 134 6954 4761 -3703 -2447 1709 -5088 1758 -1250 3971 -517 7104 -188 3973
-3624 -1962 -3017 5277 -6549 2482 366 -565 -945 3938 -2334 -4965 -2909 -3648 -6419 -7201 -809 5316 -8686 3048 4877 6874 2570 1255 5254 -3171 -1752 -2611 -4167 2212 -5113 3673 -95 -848 2202 1903 361 3202 -1701 -1124 7778 1478 -3751 -2169 9099 11 -3926 -400 -496 -6577 -34 6870 4395 -831 -2537 2094 -6647 1563 -3004 4145 -1665 8130 -424 6301
-2364 -2042 -4641 4399 -7889 1596 -1025 -3495 -579 5867 -799 -5194 -289 -2045 -7301 -8052 12 5470 -6619 4450 3779 7716 1123 1780 4190 -1963 -1446 -4681 -4497 2241 -3730 4864 2036 -1656 2221 491 1803 2656 -2942 -271 7479 2338 -3128 -3820 7186 6 -4976 -1570 -1135 -4273 -2123 6007 4579 -357 158 544 -6562 631 -4142 3232 -1167 8397 2043 7477
-113 1347 -5312 1975 -7898 1275 307 -2412 -4824 4386 2743 -4204 -4456 -2435 -6554 -3682 269 109 -7510 5895 4227 4416 661 501 1728 -2977 -4239 -4808 -4857 2607 -1365 571 -3089 -1472 1232 1437 2755 3321 2118 -4105 9751 5462 -3253 119 8579 14 -2220 3799 -2025 -5853 3136 8123 3348 -985 -3841 1488 -6664 -1689 583 5922 -1058 8691 -2517 3523
841 335 -7170 1032 -5891 4835 -1342 -660 -4247 775 1399 -5135 -7599 -2336 -5644 -2756 -114 625 -8742 2830 2326 1679 3625 -208 2334 -5204 -3197 -5501 -4467 1228 -1869 -217 -3850 2456 2497 1674 2085 2903 1101 -1695 10085 5686 -508 837 10472 -273 -944 3865 -50 -3448 3074 6528 5264 -4049 -6431 207 -6491 -1133 4431 4128 -215 7425 -869 3670
841 335 -7170 1032 -5891 4835 -1342 -660 -4247 775 1399 -5135 -7599 -2336 -5644 -2756 -114 625 -8742 2830 2326 1679 3625 -208 2334 -5204 -3197 -5501 -4467 1228 -1869 -217 -3850 2456 2497 1674 2085 2903 1101 -1695 10085 5686 -508 837 10472 -273 -944 3865 -50 -3448 3074 6528 5264 -4049 -6431 207 -6491 -1133 4431 4128 -215 7425 -869 3670
841 335 -7170 1032 -5891 4835 -1342 -660 -4247 775 1399 -5135 -7599 -2336 -5644 -2756 -114 625 -8742 2830 2326 1679 3625 -208 2334 -5204 -3197 -5501 -4467 1228 -1869 -217 -3850 2456 2497 1674 2085 2903 1101 -1695 10085 5686 -508 837 10472 -273 -944 3865 -50 -3448 3074 6528 5264 -4049 -6431 207 -6491 -1133 4431 4128 -215 7425 -869 3670
841 335 -7170 1032 -5891 4835 -1342 -660 -4247 775 1399 -5135 -7599 -2336 -5644 -2756 -114 625 -8742 2830 2326 1679 3625 -208 2334 -5204 -3197 -5501 -4467 1228 -1869 -217 -3850 2456 2497 1674 2085 2903 1101 -1695 10085 5686 -508 837 10472 -273 -944 3865 -50 -3448 3074 6528 5264 -4049 -6431 207 -6491 -1133 4431 4128 -215 7425 -869 3670
841 335 -7170 1032 -5891 4835 -1342 -660 -4247 775 1399 -5135 -7599 -2336 -5644 -2756 -114 625 -8742 2830 2326 1679 3625 -208 2334 -5204 -3197 -5501 -4467 1228 -1869 -217 -3850 2456 2497 1674 2085 2903 1101 -1695 10085 5686 -508 837 10472 -273 -944 3865 -50 -3448 3074 6528 5264 -4049 -6431 207 -6491 -1133 4431 4128 -215 7425 -869 3670
578 -951 -6693 3451 -4420 3286 -1532 2613 -2715 4163 -106 -3960 -715 -6359 -2137 -5439 -5069 6392 -7710 844 2717 -527 3221 -294 1133 -5584 300 -8618 -6300 3406 -4881 4463 -4158 99 6161 738 1305 -789 -3738 891 6286 5827 90 -2910 11966 -2186 -1002 350 -658 -5139 -650 7278 4375 948 -3062 2839 -4774 700 2302 1280 1421 5830 753 5069
43 91 -6620 1747 -6180 4273 -1292 -920 -3725 1291 1977 -5344 -7681 -2359 -6302 -3391 446 852 -8630 3018 2782 2592 3645 112 2734 -4891 -3923 -5301 -4781 1502 -1722 200 -3195 2083 2041 2369 2132 2852 1831 -2019 10325 4940 -761 780 10159 108 -1545 3881 -378 -3811 2651 6469 4795 -4203 -6100 -21 -6707 -1407 3517 3754 -158 7856 -330 3850
841 335 -7170 1032 -5891 4835 -1342 -660 -4247 775 1399 -5135 -7599 -2336 -5644 -2756 -114 625 -8742 2830 2326 1679 3625 -208 2334 -5204 -3197 -5501 -4467 1228 -1869 -217 -3850 2456 2497 1674 2085 2903 1101 -1695 10085 5686 -508 837 10472 -273 -944 3865 -50 -3448 3074 6528 5264 -4049 -6431 207 -6491 -1133 4431 4128 -215 7425 -869 3670
841 335 -7170 1032 -5891 4835 -1342 -660 -4247 775 1399 -5135 -7599 -2336 -5644 -2756 -114 625 -8742 2830 2326 1679 3625 -208 2334 -5204 -3197 -5501 -4467 1228 -1869 -217 -3850 2456 2497 1674 2085 2903 1101 -1695 10085 5686 -508 837 10472 -273 -944 3865 -50 -3448 3074 6528 5264 -4049 -6431 207 -6491 -1133 4431 4128 -215 7425 -869 3670
841 335 -7170 1032 -5891 4835 -1342 -660 -4247 775 1399 -5135 -7599 -2336 -5644 -2756 -114 625 -8742 2830 2326 1679 3625 -208 2334 -5204 -3197 -5501 -4467 1228 -1869 -217 -3850 2456 2497 1674 2085 2903 1101 -1695 10085 5686 -508 837 10472 -273 -944 3865 -50 -3448 3074 6528 5264 -4049 -6431 207 -6491 -1133 4431 4128 -215 7425 -869 3670
841 335 -7170 1032 -5891 4835 -1342 -660 -4247 775 1399 -5135 -7599 -2336 -5644 -2756 -114 625 -8742 2830 2326 1679 3625 -208 2334 -5204 -3197 -5501 -4467 1228 -1869 -217 -3850 2456 2497 1674 2085 2903 1101 -1695 10085 5686 -508 837 10472 -273 -944 3865 -50 -3448 3074 6528 5264 -4049 -6431 207 -6491 -1133 4431 4128 -215 7425 -869 3670
2710 -65 -9678 930 -7364 2532 -2672 -4281 -3105 3996 2253 -4649 -3793 -693 -7016 -3395 119 922 -5666 3511 279 2134 2330 25 2026 -3492 -2412 -8377 -4854 1659 -3438 2382 1255 1356 2675 947 4112 69 -1329 -63 10142 8144 -661 -978 8040 -2431 -3135 1784 -73 -1152 58 5657 4137 -3226 -3410 -2279 -6167 -2252 2790 2673 1676 9112 2210 7460
-652 597 -4318 3393 -7689 1431 887 -2415 -4348 3565 2236 -4802 -5181 -2010 -6321 -4411 417 1829 -7732 6484 4883 5449 -9 825 2775 -3815 -4171 -3475 -4269 2264 -2487 826 -2047 -1556 480 386 2608 4482 1389 -4287 7835 4526 -4024 -74 8796 -330 -3021 3047 -906 -6572 2545 7574 3469 -1881 -2985 3056 -5824 -213 -766 6113 -1810 9453 -3410 4189
841 335 -7170 1032 -5891 4835 -1342 -660 -4247 775 1399 -5135 -7599 -2336 -5644 -2756 -114 625 -8742 2830 2326 1679 3625 -208 2334 -5204 -3197 -5501 -4467 1228 -1869 -217 -3850 2456 2497 1674 2085 2903 1101 -1695 10085 5686 -508 837 10472 -273 -944 3865 -50 -3448 3074 6528 5264 -4049 -6431 207 -6491 -1133 4431 4128 -215 7425 -869 3670
841 335 -7170 1032 -5891 4835 -1342 -660 -4247 775 1399 -5135 -7599 -2336 -5644 -2756 -114 625 -8742 2830 2326 1679 3625 -208 2334 -5204 -3197 -5501 -4467 1228 -1869 -217 -3850 2456 2497 1674 2085 2903 1101 -1695 10085 5686 -508 837 10472 -273 -944 3865 -50 -3448 3074 6528 5264 -4049 -6431 207 -6491 -1133 4431 4128 -215 7425 -869 3670
841 335 -7170 1032 -5891 4835 -1342 -660 -4247 775 1399 -5135 -7599 -2336 -5644 -2756 -114 625 -8742 2830 2326 1679 3625 -208 2334 -5204 -3197 -5501 -4467 1228 -1869 -217 -3850 2456 2497 1674 2085 2903 1101 -1695 10085 5686 -508 837 10472 -273 -944 3865 -50 -3448 3074 6528 5264 -4049 -6431 207 -6491 -1133 4431 4128 -215 7425 -869 3670
841 335 -7170 1032 -5891 4835 -1342 -660 -4247 775 1399 -5135 -7599 -2336 -5644 -2756 -114 625 -8742 2830 2326 1679 3625 -208 2334 -5204 -3197 -5501 -4467 1228 -1869 -217 -3850 2456 2497 1674 2085 2903 1101 -1695 10085 5686 -508 837 10472 -273 -944 3865 -50 -3448 3074 6528 5264 -4049 -6431 207 -6491 -1133 4431 4128 -215 7425 -869 3670
1724 281 -8238 737 -6546 3954 -1919 -1504 -4126 1472 2545 -5594 -6921 -1449 -6257 -2625 827 785 -8220 3540 1807 2469 3017 -234 2519 -5097 -3608 -6612 -4385 866 -1169 43 -2704 1741 1931 995 2741 2908 725 -1267 10354 6028 458 897 9826 -281 -1696 3380 -962 -2340 1818 6579 5358 -3781 -5695 -420 -6808 -1483 4270 4119 22 7513 -418 4111
838 -127 -5561 3918 -5769 3218 -144 1758 -4777 3341 1410 -4500 -1640 -5455 -2552 -5355 -4515 5875 -8633 4439 4339 1257 783 38 785 -5700 -914 -7808 -4606 2147 -3213 3017 -5685 -435 3973 -1702 1595 1733 -2205 -1618 5369 5453 -1065 -2251 11937 -1086 -1135 1058 -221 -5820 -163 8622 4853 575 -2016 4936 -4402 1233 2114 3948 -799 6380 -3240 4170
675 258 -7041 1318 -5968 4728 -1382 -715 -4039 894 1709 -5188 -7702 -2399 -5851 -3040 41 756 -8669 2845 2436 1925 3720 -164 2508 -5088 -3425 -5518 -4673 1333 -1778 -23 -3677 2394 2264 1902 2052 2841 1463 -1770 10141 5449 -492 853 10328 -236 -1142 3932 -115 -3617 2812 6478 5215 -4262 -6270 82 -6511 -1158 4195 3893 -109 7566 -625 3637
841 335 -7170 1032 -5891 4835 -1342 -660 -4247 775 1399 -5135 -7599 -2336 -5644 -2756 -114 625 -8742 2830 2326 1679 3625 -208 2334 -5204 -3197 -5501 -4467 1228 -1869 -217 -3850 2456 2497 1674 2085 2903 1101 -1695 10085 5686 -508 837 10472 -273 -944 3865 -50 -3448 3074 6528 5264 -4049 -6431 207 -6491 -1133 4431 4128 -215 7425 -869 3670
841 335 -7170 1032 -5891 4835 -1342 -660 -4247 775 1399 -5135 -7599 -2336 -5644 -2756 -114 625 -8742 2830 2326 1679 3625 -208 2334 -5204 -3197 -5501 -4467 1228 -1869 -217 -3850 2456 2497 1674 2085 2903 1101 -1695 10085 5686 -508 837 10472 -273 -944 3865 -50 -3448 3074 6528 5264 -4049 -6431 207 -6491 -1133 4431 4128 -215 7425 -869 3670
841 335 -7170 1032 -5891 4835 -1342 -660 -4247 775 1399 -5135 -7599 -2336 -5644 -2756 -114 625 -8742 2830 2326 1679 3625 -208 2334 -5204 -3197 -5501 -4467 1228 -1869 -217 -3850 2456 2497 1674 2085 2903 1101 -1695 10085 5686 -508 837 10472 -273 -944 3865 -50 -3448 3074 6528 5264 -4049 -6431 207 -6491 -1133 4431 4128 -215 7425 -869 3670
841 335 -7170 1032 -5891 4835 -1342 -660 -4247 775 1399 -5135 -7599 -2336 -5644 -2756 -114 625 -8742 2830 2326 1679 3625 -208 2334 -5204 -3197 -5501 -4467 1228 -1869 -217 -3850 2456 2497 1674 2085 2903 1101 -1695 10085 5686 -508 837 10472 -273 -944 3865 -50 -3448 3074 6528 5264 -4049 -6431 207 -6491 -1133 4431 4128 -215 7425 -869 3670
-501 -77 -7772 2554 -7116 2974 -2914 -1322 -472 3016 -1998 -3843 -2339 -4849 -6139 -5589 -734 2739 -8704 483 1440 2235 5804 413 5111 -3574 -1098 -6648 -6278 3637 -3247 2551 -2029 1817 3538 1135 1660 455 -1313 1270 10482 4629 -1217 -1127 9991 521 -2437 -898 -479 -4516 130 7056 5840 -1137 -4223 97 -6512 -399 1800 4179 -472 6725 2973 4718
-1744 -522 -3013 3761 -7236 2710 1476 -2397 -3250 3158 890 -5757 -6400 -1454 -7548 -5036 1291 2948 -7432 5695 4915 6459 977 1242 3054 -3686 -4021 -2390 -4027 1867 -3918 847 -1235 -904 -72 1414 2965 4246 738 -3605 7759 3416 -4672 6 9336 -302 -2847 2094 -994 -6979 1395 6298 3872 -2335 -2755 3164 -5900 807 -1437 4498 -2006 9419 -2279 5436
841 335 -7170 1032 -5891 4835 -1342 -660 -4247 775 1399 -5135 -7599 -2336 -5644 -2756 -114 625 -8742 2830 2326 1679 3625 -208 2334 -5204 -3197 -5501 -4467 1228 -1869 -217 -3850 2456 2497 1674 2085 2903 1101 -1695 10085 5686 -508 837 10472 -273 -944 3865 -50 -3448 3074 6528 5264 -4049 -6431 207 -6491 -1133 4431 4128 -215 7425 -869 3670
841 335 -7170 1032 -5891 4835 -1342 -660 -4247 775 1399 -5135 -7599 -2336 -5644 -2756 -114 625 -8742 2830 2326 1679 3625 -208 2334 -5204 -3197 -5501 -4467 1228 -1869 -217 -3850 2456 2497 1674 2085 2903 1101 -1695 10085 5686 -508 837 10472 -273 -944 3865 -50 -3448 3074 6528 5264 -4049 -6431 207 -6491 -1133 4431 4128 -215 7425 -869 3670
841 335 -7170 1032 -5891 4835 -1342 -660 -4247 775 1399 -5135 -7599 -2336 -5644 -2756 -114 625 -8742 2830 2326 1679 3625 -208 2334 -5204 -3197 -5501 -4467 1228 -1869 -217 -3850 2456 2497 1674 2085 2903 1101 -1695 10085 5686 -508 837 10472 -273 -944 3865 -50 -3448 3074 6528 5264 -4049 -6431 207 -6491 -1133 4431 4128 -215 7425 -869 3670
