96 77 77 77 77 77 77 77 77 77 75 77 77 77 77 77 87 110 112 118 92 77 77 77 77 77 77 79 77 77 77 77 81 106 77 77 77 77 77 91 77 77 77 77 77 90 110 77 77 77
98 78 78 78 78 78 78 78 78 79 78 78 78 78 78 78 87 101 102 109 91 78 78 78 78 78 81 79 78 78 78 78 81 101 78 78 78 78 78 93 78 78 78 78 78 88 103 78 78 78
98 78 78 78 78 78 78 78 78 79 78 78 78 78 78 78 87 101 102 109 91 78 78 78 78 78 81 79 78 78 78 78 81 101 78 78 78 78 78 93 78 78 78 78 78 88 103 78 78 78
98 78 78 78 78 78 78 78 78 79 78 78 78 78 78 78 87 101 102 109 91 78 78 78 78 78 81 79 78 78 78 78 81 101 78 78 78 78 78 93 78 78 78 78 78 88 103 78 78 78
98 78 78 78 78 78 78 78 78 79 78 78 78 78 78 78 87 101 102 109 91 78 78 78 78 78 81 79 78 78 78 78 81 101 78 78 78 78 78 93 78 78 78 78 78 88 103 78 78 78
98 78 78 78 78 78 78 78 78 79 78 78 78 78 78 78 87 101 102 109 91 78 78 78 78 78 81 79 78 78 78 78 81 101 78 78 78 78 78 93 78 78 78 78 78 88 103 78 78 78
98 78 78 78 78 78 78 78 78 79 78 78 78 78 78 78 87 101 102 109 91 78 78 78 78 78 81 79 78 78 78 78 81 101 78 78 78 78 78 93 78 78 78 78 78 88 103 78 78 78
98 78 78 78 78 78 78 78 78 79 78 78 78 78 78 78 87 101 102 109 91 78 78 78 78 78 81 79 78 78 78 78 81 101 78 78 78 78 78 93 78 78 78 78 78 88 103 78 78 78
98 78 78 78 78 78 78 78 78 79 78 78 78 78 78 78 87 101 102 109 91 78 78 78 78 78 81 79 78 78 78 78 81 101 78 78 78 78 78 93 78 78 78 78 78 88 103 78 78 78
97 79 79 79 79 79 79 79 79 82 79 79 79 79 79 79 85 92 93 103 90 79 79 79 79 79 80 79 79 79 79 79 83 99 79 79 79 79 80 94 79 79 79 79 79 82 101 79 79 79
103 77 77 77 77 77 77 77 77 78 80 77 77 77 77 77 83 95 98 106 99 77 77 77 77 77 82 78 77 77 77 77 80 110 77 77 77 77 78 102 77 77 77 77 77 83 108 77 77 77
98 78 78 78 78 78 78 78 78 79 78 78 78 78 78 78 87 101 102 109 91 78 78 78 78 78 81 79 78 78 78 78 81 101 78 78 78 78 78 93 78 78 78 78 78 88 103 78 78 78
98 78 78 78 78 78 78 78 78 79 78 78 78 78 78 78 87 101 102 109 91 78 78 78 78 78 81 79 78 78 78 78 81 101 78 78 78 78 78 93 78 78 78 78 78 88 103 78 78 78
98 78 78 78 78 78 78 78 78 79 78 78 78 78 78 78 87 101 102 109 91 78 78 78 78 78 81 79 78 78 78 78 81 101 78 78 78 78 78 93 78 78 78 78 78 88 103 78 78 78
98 78 78 78 78 78 78 78 78 79 78 78 78 78 78 78 87 101 102 109 91 78 78 78 78 78 81 79 78 78 78 78 81 101 78 78 78 78 78 93 78 78 78 78 78 88 103 78 78 78
98 78 78 78 78 78 78 78 78 79 78 78 78 78 78 78 87 101 102 109 91 78 78 78 78 78 81 79 78 78 78 78 81 101 78 78 78 78 78 93 78 78 78 78 78 88 103 78 78 78
98 78 78 78 78 78 78 78 78 80 77 78 78 78 78 78 93 103 103 108 87 78 78 78 78 78 81 79 78 78 78 78 80 99 78 78 78 78 78 91 78 78 78 78 78 85 102 78 78 78
93 78 78 78 78 78 78 78 78 82 76 78 78 78 78 78 95 109 106 111 81 78 78 78 78 78 83 79 78 78 78 78 84 93 78 78 78 78 78 88 78 78 78 78 78 84 99 78 78 78
91 78 78 78 78 78 78 78 78 80 74 78 78 78 78 78 96 115 112 115 80 78 78 78 78 78 81 80 78 78 78 78 83 92 78 78 78 78 77 84 78 78 78 78 78 90 98 78 78 78
84 80 80 80 80 80 80 80 80 83 73 80 80 80 80 80 93 101 101 106 75 80 80 80 80 80 78 81 80 80 80 80 87 84 80 80 80 80 80 78 80 80 80 80 80 86 93 80 80 80
96 77 77 77 77 77 77 77 77 75 77 77 77 77 77 77 89 108 112 111 94 77 77 77 77 77 80 79 77 77 77 77 77 106 77 77 77 77 75 93 77 77 77 77 77 88 108 77 77 77
98 78 78 78 78 78 78 78 78 79 78 78 78 78 78 78 87 101 102 109 91 78 78 78 78 78 81 79 78 78 78 78 81 101 78 78 78 78 78 93 78 78 78 78 78 88 103 78 78 78
98 78 78 78 78 78 78 78 78 79 78 78 78 78 78 78 87 101 102 109 91 78 78 78 78 78 81 79 78 78 78 78 81 101 78 78 78 78 78 93 78 78 78 78 78 88 103 78 78 78
98 78 78 78 78 78 78 78 78 79 78 78 78 78 78 78 87 101 102 109 91 78 78 78 78 78 81 79 78 78 78 78 81 101 78 78 78 78 78 93 78 78 78 78 78 88 103 78 78 78
98 78 78 78 78 78 78 78 78 79 78 78 78 78 78 78 87 101 102 109 91 78 78 78 78 78 81 79 78 78 78 78 81 101 78 78 78 78 78 93 78 78 78 78 78 88 103 78 78 78
98 78 78 78 78 78 78 78 78 79 78 78 78 78 78 78 87 101 102 109 91 78 78 78 78 78 81 79 78 78 78 78 81 101 78 78 78 78 78 93 78 78 78 78 78 88 103 78 78 78
94 78 78 78 78 78 78 78 78 76 75 78 78 78 78 78 84 103 107 114 91 78 78 78 78 78 78 80 78 78 78 78 83 100 78 78 78 78 78 86 78 78 78 78 78 95 104 78 78 78
97 78 78 78 78 78 78 78 78 79 77 78 78 78 78 78 87 102 104 110 90 78 78 78 78 78 81 79 78 78 78 78 81 101 78 78 78 78 78 92 78 78 78 78 78 88 104 78 78 78
98 78 78 78 78 78 78 78 78 79 78 78 78 78 78 78 87 101 102 109 91 78 78 78 78 78 81 79 78 78 78 78 81 101 78 78 78 78 78 93 78 78 78 78 78 88 103 78 78 78
98 78 78 78 78 78 78 78 78 79 78 78 78 78 78 78 87 101 102 109 91 78 78 78 78 78 81 79 78 78 78 78 81 101 78 78 78 78 78 93 78 78 78 78 78 88 103 78 78 78
98 78 78 78 78 78 78 78 78 79 78 78 78 78 78 78 87 101 102 109 91 78 78 78 78 78 81 79 78 78 78 78 81 101 78 78 78 78 78 93 78 78 78 78 78 88 103 78 78 78
98 78 78 78 78 78 78 78 78 79 78 78 78 78 78 78 87 101 102 109 91 78 78 78 78 78 81 79 78 78 78 78 81 101 78 78 78 78 78 93 78 78 78 78 78 88 103 78 78 78
94 80 80 80 80 80 80 80 80 83 77 80 80 80 80 80 82 86 86 98 87 80 80 80 80 80 83 79 80 80 80 80 86 94 80 80 80 80 82 94 80 80 80 80 80 84 96 80 80 80
95 77 77 77 77 77 77 77 77 76 78 77 77 77 77 77 92 111 112 110 90 77 77 77 77 77 81 79 77 77 77 77 77 103 77 77 77 77 75 92 77 77 77 77 77 87 105 77 77 77
98 78 78 78 78 78 78 78 78 79 78 78 78 78 78 78 87 101 102 109 91 78 78 78 78 78 81 79 78 78 78 78 81 101 78 78 78 78 78 93 78 78 78 78 78 88 103 78 78 78
98 78 78 78 78 78 78 78 78 79 78 78 78 78 78 78 87 101 102 109 91 78 78 78 78 78 81 79 78 78 78 78 81 101 78 78 78 78 78 93 78 78 78 78 78 88 103 78 78 78
98 78 78 78 78 78 78 78 78 79 78 78 78 78 78 78 87 101 102 109 91 78 78 78 78 78 81 79 78 78 78 78 81 101 78 78 78 78 78 93 78 78 78 78 78 88 103 78 78 78
98 78 78 78 78 78 78 78 78 79 78 78 78 78 78 78 87 101 102 109 91 78 78 78 78 78 81 79 78 78 78 78 81 101 78 78 78 78 78 93 78 78 78 78 78 88 103 78 78 78
95 79 79 79 79 79 79 79 79 81 78 79 79 79 79 79 87 96 98 105 88 79 79 79 79 79 79 79 79 79 79 79 82 98 79 79 79 79 79 91 79 79 79 79 79 85 102 79 79 79
93 78 78 78 78 78 78 78 78 75 77 78 78 78 78 78 87 108 113 112 92 78 78 78 78 78 77 80 78 78 78 78 79 103 78 78 78 78 76 87 78 78 78 78 78 90 107 78 78 78
98 78 78 78 78 78 78 78 78 79 78 78 78 78 78 78 87 101 103 110 91 78 78 78 78 78 81 79 78 78 78 78 81 101 78 78 78 78 78 93 78 78 78 78 78 88 103 78 78 78
98 78 78 78 78 78 78 78 78 79 78 78 78 78 78 78 87 101 102 109 91 78 78 78 78 78 81 79 78 78 78 78 81 101 78 78 78 78 78 93 78 78 78 78 78 88 103 78 78 78
98 78 78 78 78 78 78 78 78 79 78 78 78 78 78 78 87 101 102 109 91 78 78 78 78 78 81 79 78 78 78 78 81 101 78 78 78 78 78 93 78 78 78 78 78 88 103 78 78 78
98 78 78 78 78 78 78 78 78 79 78 78 78 78 78 78 87 101 102 109 91 78 78 78 78 78 81 79 78 78 78 78 81 101 78 78 78 78 78 93 78 78 78 78 78 88 103 78 78 78
98 78 78 78 78 78 78 78 78 79 78 78 78 78 78 78 87 101 102 109 91 78 78 78 78 78 81 79 78 78 78 78 81 101 78 78 78 78 78 93 78 78 78 78 78 88 103 78 78 78
91 79 79 79 79 79 79 79 79 79 75 79 79 79 79 79 94 106 104 107 83 79 79 79 79 79 81 80 79 79 79 79 80 93 79 79 79 79 78 87 79 79 79 79 79 91 98 79 79 79
94 78 78 78 78 78 78 78 78 78 76 78 78 78 78 78 93 112 112 114 85 78 78 78 78 78 83 79 78 78 78 78 81 96 78 78 78 78 76 88 78 78 78 78 78 91 101 78 78 78
98 78 78 78 78 78 78 78 78 79 78 78 78 78 78 78 87 101 102 109 91 78 78 78 78 78 81 79 78 78 78 78 81 101 78 78 78 78 78 93 78 78 78 78 78 88 103 78 78 78
98 78 78 78 78 78 78 78 78 79 78 78 78 78 78 78 87 101 102 109 91 78 78 78 78 78 81 79 78 78 78 78 81 101 78 78 78 78 78 93 78 78 78 78 78 88 103 78 78 78
98 78 78 78 78 78 78 78 78 79 78 78 78 78 78 78 87 101 102 109 91 78 78 78 78 78 81 79 78 78 78 78 81 101 78 78 78 78 78 93 78 78 78 78 78 88 103 78 78 78
