98 79 79 79 79 79 79 79 79 75 68 79 79 79 79 79 85 89 99 96 85 79 79 79 79 79 91 82 79 79 79 79 81 86 79 79 79 79 80 86 79 79 79 79 79 106 93 79 79 79
97 80 80 80 80 80 80 80 80 75 68 80 80 80 80 80 73 80 97 100 99 80 80 80 80 80 71 84 80 80 80 80 85 99 80 80 80 80 81 74 80 80 80 80 80 98 105 80 80 80
97 80 80 80 80 80 80 80 80 75 68 80 80 80 80 80 73 80 97 100 99 80 80 80 80 80 71 84 80 80 80 80 85 99 80 80 80 80 81 74 80 80 80 80 80 98 105 80 80 80
97 80 80 80 80 80 80 80 80 75 68 80 80 80 80 80 73 80 97 100 99 80 80 80 80 80 71 84 80 80 80 80 85 99 80 80 80 80 81 74 80 80 80 80 80 98 105 80 80 80
97 80 80 80 80 80 80 80 80 75 68 80 80 80 80 80 73 80 97 100 99 80 80 80 80 80 71 84 80 80 80 80 85 99 80 80 80 80 81 74 80 80 80 80 80 98 105 80 80 80
97 80 80 80 80 80 80 80 80 75 68 80 80 80 80 80 73 80 97 100 99 80 80 80 80 80 71 84 80 80 80 80 85 99 80 80 80 80 81 74 80 80 80 80 80 98 105 80 80 80
97 80 80 80 80 80 80 80 80 75 68 80 80 80 80 80 73 80 97 100 99 80 80 80 80 80 71 84 80 80 80 80 85 99 80 80 80 80 81 74 80 80 80 80 80 98 105 80 80 80
97 80 80 80 80 80 80 80 80 75 68 80 80 80 80 80 73 80 97 100 99 80 80 80 80 80 71 84 80 80 80 80 85 99 80 80 80 80 81 74 80 80 80 80 80 98 105 80 80 80
97 80 80 80 80 80 80 80 80 75 68 80 80 80 80 80 73 80 97 100 99 80 80 80 80 80 71 84 80 80 80 80 85 99 80 80 80 80 81 74 80 80 80 80 80 98 105 80 80 80
95 80 80 80 80 80 80 80 80 76 68 80 80 80 80 80 72 79 97 96 99 80 80 80 80 80 72 84 80 80 80 80 84 99 80 80 80 80 81 73 81 80 80 80 80 98 105 80 80 80
95 80 80 80 80 80 80 80 80 75 68 80 80 80 80 80 71 81 99 98 103 80 80 80 80 80 67 84 80 80 80 80 83 103 80 80 80 80 81 71 81 80 80 80 80 96 109 80 80 80
97 80 80 80 80 80 80 80 80 75 68 80 80 80 80 80 73 80 97 100 99 80 80 80 80 80 71 84 80 80 80 80 85 99 80 80 80 80 81 74 80 80 80 80 80 98 105 80 80 80
97 80 80 80 80 80 80 80 80 75 68 80 80 80 80 80 73 80 97 100 99 80 80 80 80 80 71 84 80 80 80 80 85 99 80 80 80 80 81 74 80 80 80 80 80 98 105 80 80 80
97 80 80 80 80 80 80 80 80 75 68 80 80 80 80 80 73 80 97 100 99 80 80 80 80 80 71 84 80 80 80 80 85 99 80 80 80 80 81 74 80 80 80 80 80 98 105 80 80 80
97 80 80 80 80 80 80 80 80 75 68 80 80 80 80 80 73 80 97 100 99 80 80 80 80 80 71 84 80 80 80 80 85 99 80 80 80 80 81 74 80 80 80 80 80 98 105 80 80 80
97 80 80 80 80 80 80 80 80 75 68 80 80 80 80 80 73 80 97 100 99 80 80 80 80 80 71 84 80 80 80 80 85 99 80 80 80 80 81 74 80 80 80 80 80 98 105 80 80 80
103 78 78 78 78 78 78 78 78 78 66 78 78 78 78 78 71 87 103 114 100 78 78 78 78 78 68 84 78 78 78 78 91 102 78 78 78 78 83 72 80 78 78 78 78 101 111 78 78 78
99 79 79 79 79 79 79 79 79 78 67 79 79 79 79 79 82 87 97 101 83 79 79 79 79 79 89 82 79 79 79 79 86 83 79 79 79 79 81 84 80 79 79 79 79 103 94 79 79 79
94 81 81 81 81 81 81 81 81 77 70 81 81 81 81 81 87 82 89 89 79 81 81 81 81 81 96 81 81 81 81 81 80 77 81 81 81 81 81 90 80 81 81 81 81 100 85 81 81 81
93 80 80 80 80 80 80 80 80 78 71 80 80 80 80 80 93 84 88 88 75 80 80 80 80 80 108 80 80 80 80 80 82 73 80 80 80 80 80 97 79 80 80 80 80 103 80 80 80 80
90 81 81 81 81 81 81 81 81 75 69 81 81 81 81 81 81 78 89 85 88 81 81 81 81 81 80 83 81 81 81 81 78 88 81 81 81 81 80 80 81 81 81 81 81 101 93 81 81 81
97 80 80 80 80 80 80 80 80 75 68 80 80 80 80 80 73 80 97 100 99 80 80 80 80 80 71 84 80 80 80 80 85 99 80 80 80 80 81 74 80 80 80 80 80 98 105 80 80 80
97 80 80 80 80 80 80 80 80 75 68 80 80 80 80 80 73 80 97 100 99 80 80 80 80 80 71 84 80 80 80 80 85 99 80 80 80 80 81 74 80 80 80 80 80 98 105 80 80 80
97 80 80 80 80 80 80 80 80 75 68 80 80 80 80 80 73 80 97 100 99 80 80 80 80 80 71 84 80 80 80 80 85 99 80 80 80 80 81 74 80 80 80 80 80 98 105 80 80 80
97 80 80 80 80 80 80 80 80 75 68 80 80 80 80 80 73 80 97 100 99 80 80 80 80 80 71 84 80 80 80 80 85 99 80 80 80 80 81 74 80 80 80 80 80 98 105 80 80 80
97 80 80 80 80 80 80 80 80 75 68 80 80 80 80 80 73 80 97 100 99 80 80 80 80 80 71 84 80 80 80 80 85 99 80 80 80 80 81 74 80 80 80 80 80 98 105 80 80 80
113 76 76 76 76 76 76 76 76 80 66 76 76 76 76 76 76 101 113 133 99 76 76 76 76 76 75 83 76 76 76 76 100 100 76 76 76 76 84 76 78 76 76 76 76 108 110 76 76 76
96 80 80 80 80 80 80 80 80 75 68 80 80 80 80 80 75 80 97 98 96 80 80 80 80 80 75 83 80 80 80 80 83 96 80 80 80 80 81 76 80 80 80 80 80 99 102 80 80 80
97 80 80 80 80 80 80 80 80 75 68 80 80 80 80 80 73 80 97 100 99 80 80 80 80 80 71 84 80 80 80 80 85 99 80 80 80 80 81 74 80 80 80 80 80 98 105 80 80 80
97 80 80 80 80 80 80 80 80 75 68 80 80 80 80 80 73 80 97 100 99 80 80 80 80 80 71 84 80 80 80 80 85 99 80 80 80 80 81 74 80 80 80 80 80 98 105 80 80 80
97 80 80 80 80 80 80 80 80 75 68 80 80 80 80 80 73 80 97 100 99 80 80 80 80 80 71 84 80 80 80 80 85 99 80 80 80 80 81 74 80 80 80 80 80 98 105 80 80 80
97 80 80 80 80 80 80 80 80 75 68 80 80 80 80 80 73 80 97 100 99 80 80 80 80 80 71 84 80 80 80 80 85 99 80 80 80 80 81 74 80 80 80 80 80 98 105 80 80 80
97 80 80 80 80 80 80 80 80 76 69 80 80 80 80 80 79 81 97 96 93 80 80 80 80 80 85 82 80 80 80 80 84 90 80 80 80 80 80 83 80 80 80 80 80 101 96 80 80 80
89 81 81 81 81 81 81 81 81 75 69 81 81 81 81 81 83 78 87 84 85 81 81 81 81 81 84 82 81 81 81 81 79 84 81 81 81 81 81 82 81 81 81 81 81 101 90 81 81 81
97 80 80 80 80 80 80 80 80 75 68 80 80 80 80 80 73 80 97 100 99 80 80 80 80 80 71 84 80 80 80 80 85 99 80 80 80 80 81 74 80 80 80 80 80 98 105 80 80 80
97 80 80 80 80 80 80 80 80 75 68 80 80 80 80 80 73 80 97 100 99 80 80 80 80 80 71 84 80 80 80 80 85 99 80 80 80 80 81 74 80 80 80 80 80 98 105 80 80 80
97 80 80 80 80 80 80 80 80 75 68 80 80 80 80 80 73 80 97 100 99 80 80 80 80 80 71 84 80 80 80 80 85 99 80 80 80 80 81 74 80 80 80 80 80 98 105 80 80 80
97 80 80 80 80 80 80 80 80 75 68 80 80 80 80 80 73 80 97 100 99 80 80 80 80 80 71 84 80 80 80 80 85 99 80 80 80 80 81 74 80 80 80 80 80 98 105 80 80 80
95 80 80 80 80 80 80 80 80 76 69 80 80 80 80 80 72 77 94 96 99 80 80 80 80 80 72 84 80 80 80 80 86 98 80 80 80 80 81 74 81 80 80 80 80 97 103 80 80 80
106 77 77 77 77 77 77 77 77 80 66 77 77 77 77 77 75 94 104 122 99 77 77 77 77 77 70 84 77 77 77 77 99 101 77 77 77 77 84 71 79 77 77 77 77 107 109 77 77 77
97 80 80 80 80 80 80 80 80 75 68 80 80 80 80 80 73 80 98 100 98 80 80 80 80 80 73 84 80 80 80 80 85 99 80 80 80 80 81 75 80 80 80 80 80 99 105 80 80 80
97 80 80 80 80 80 80 80 80 75 68 80 80 80 80 80 73 80 97 100 99 80 80 80 80 80 71 84 80 80 80 80 85 99 80 80 80 80 81 74 80 80 80 80 80 98 105 80 80 80
97 80 80 80 80 80 80 80 80 75 68 80 80 80 80 80 73 80 97 100 99 80 80 80 80 80 71 84 80 80 80 80 85 99 80 80 80 80 81 74 80 80 80 80 80 98 105 80 80 80
97 80 80 80 80 80 80 80 80 75 68 80 80 80 80 80 73 80 97 100 99 80 80 80 80 80 71 84 80 80 80 80 85 99 80 80 80 80 81 74 80 80 80 80 80 98 105 80 80 80
97 80 80 80 80 80 80 80 80 75 68 80 80 80 80 80 73 80 97 100 99 80 80 80 80 80 71 84 80 80 80 80 85 99 80 80 80 80 81 74 80 80 80 80 80 98 105 80 80 80
99 79 79 79 79 79 79 79 79 78 70 79 79 79 79 79 80 80 94 101 95 79 79 79 79 79 82 82 79 79 79 79 88 90 79 79 79 79 82 82 79 79 79 79 79 100 95 79 79 79
90 81 81 81 81 81 81 81 81 75 70 81 81 81 81 81 87 78 86 83 82 81 81 81 81 81 92 81 81 81 81 81 78 80 81 81 81 81 80 87 81 81 81 81 81 101 85 81 81 81
97 80 80 80 80 80 80 80 80 75 68 80 80 80 80 80 73 80 97 100 99 80 80 80 80 80 71 84 80 80 80 80 85 99 80 80 80 80 81 74 80 80 80 80 80 98 105 80 80 80
97 80 80 80 80 80 80 80 80 75 68 80 80 80 80 80 73 80 97 100 99 80 80 80 80 80 71 84 80 80 80 80 85 99 80 80 80 80 81 74 80 80 80 80 80 98 105 80 80 80
97 80 80 80 80 80 80 80 80 75 68 80 80 80 80 80 73 80 97 100 99 80 80 80 80 80 71 84 80 80 80 80 85 99 80 80 80 80 81 74 80 80 80 80 80 98 105 80 80 80
