96 79 79 79 79 79 79 79 79 86 82 79 79 79 79 79 82 93 89 99 86 79 79 79 79 79 90 77 79 79 79 79 91 91 79 79 79 79 83 93 78 79 79 79 79 83 87 79 79 79
90 80 80 80 80 80 80 80 80 87 82 80 80 80 80 80 89 95 85 91 78 80 80 80 80 80 85 79 80 80 80 80 85 83 80 80 80 80 84 86 80 80 80 80 80 83 80 80 80 80
90 80 80 80 80 80 80 80 80 87 82 80 80 80 80 80 89 95 85 91 78 80 80 80 80 80 85 79 80 80 80 80 85 83 80 80 80 80 84 86 80 80 80 80 80 83 80 80 80 80
90 80 80 80 80 80 80 80 80 87 82 80 80 80 80 80 89 95 85 91 78 80 80 80 80 80 85 79 80 80 80 80 85 83 80 80 80 80 84 86 80 80 80 80 80 83 80 80 80 80
90 80 80 80 80 80 80 80 80 87 82 80 80 80 80 80 89 95 85 91 78 80 80 80 80 80 85 79 80 80 80 80 85 83 80 80 80 80 84 86 80 80 80 80 80 83 80 80 80 80
90 80 80 80 80 80 80 80 80 87 82 80 80 80 80 80 89 95 85 91 78 80 80 80 80 80 85 79 80 80 80 80 85 83 80 80 80 80 84 86 80 80 80 80 80 83 80 80 80 80
90 80 80 80 80 80 80 80 80 87 82 80 80 80 80 80 89 95 85 91 78 80 80 80 80 80 85 79 80 80 80 80 85 83 80 80 80 80 84 86 80 80 80 80 80 83 80 80 80 80
90 80 80 80 80 80 80 80 80 87 82 80 80 80 80 80 89 95 85 91 78 80 80 80 80 80 85 79 80 80 80 80 85 83 80 80 80 80 84 86 80 80 80 80 80 83 80 80 80 80
90 80 80 80 80 80 80 80 80 87 82 80 80 80 80 80 89 95 85 91 78 80 80 80 80 80 85 79 80 80 80 80 85 83 80 80 80 80 84 86 80 80 80 80 80 83 80 80 80 80
87 81 81 81 81 81 81 81 81 88 84 81 81 81 81 81 90 90 79 83 78 81 81 81 81 81 85 79 81 81 81 81 86 81 81 81 81 81 85 83 81 81 81 81 81 83 78 81 81 81
87 81 81 81 81 81 81 81 81 87 83 81 81 81 81 81 89 91 81 87 79 81 81 81 81 81 81 79 81 81 81 81 85 83 81 81 81 81 85 84 80 81 81 81 81 81 80 81 81 81
90 80 80 80 80 80 80 80 80 87 82 80 80 80 80 80 89 95 85 91 78 80 80 80 80 80 85 79 80 80 80 80 85 83 80 80 80 80 84 86 80 80 80 80 80 83 80 80 80 80
90 80 80 80 80 80 80 80 80 87 82 80 80 80 80 80 89 95 85 91 78 80 80 80 80 80 85 79 80 80 80 80 85 83 80 80 80 80 84 86 80 80 80 80 80 83 80 80 80 80
90 80 80 80 80 80 80 80 80 87 82 80 80 80 80 80 89 95 85 91 78 80 80 80 80 80 85 79 80 80 80 80 85 83 80 80 80 80 84 86 80 80 80 80 80 83 80 80 80 80
90 80 80 80 80 80 80 80 80 87 82 80 80 80 80 80 89 95 85 91 78 80 80 80 80 80 85 79 80 80 80 80 85 83 80 80 80 80 84 86 80 80 80 80 80 83 80 80 80 80
90 80 80 80 80 80 80 80 80 87 82 80 80 80 80 80 89 95 85 91 78 80 80 80 80 80 85 79 80 80 80 80 85 83 80 80 80 80 84 86 80 80 80 80 80 83 80 80 80 80
95 80 80 80 80 80 80 80 80 92 85 80 80 80 80 80 78 87 80 93 86 80 80 80 80 80 74 80 80 80 80 80 93 91 80 80 80 80 90 83 80 80 80 80 80 78 85 80 80 80
97 79 79 79 79 79 79 79 79 89 83 79 79 79 79 79 76 92 90 109 86 79 79 79 79 79 81 78 79 79 79 79 94 92 79 79 79 79 86 90 78 79 79 79 79 80 89 79 79 79
100 78 78 78 78 78 78 78 78 84 80 78 78 78 78 78 76 100 102 121 88 78 78 78 78 78 86 78 78 78 78 78 92 96 78 78 78 78 82 93 77 78 78 78 78 84 95 78 78 78
100 78 78 78 78 78 78 78 78 86 83 78 78 78 78 78 75 91 94 112 89 78 78 78 78 78 89 78 78 78 78 78 97 94 78 78 78 78 83 91 78 78 78 78 78 84 92 78 78 78
92 80 80 80 80 80 80 80 80 83 81 80 80 80 80 80 80 93 90 98 87 80 80 80 80 80 84 79 80 80 80 80 88 92 80 80 80 80 82 88 79 80 80 80 80 83 90 80 80 80
90 80 80 80 80 80 80 80 80 87 82 80 80 80 80 80 89 95 85 91 78 80 80 80 80 80 85 79 80 80 80 80 85 83 80 80 80 80 84 86 80 80 80 80 80 83 80 80 80 80
90 80 80 80 80 80 80 80 80 87 82 80 80 80 80 80 89 95 85 91 78 80 80 80 80 80 85 79 80 80 80 80 85 83 80 80 80 80 84 86 80 80 80 80 80 83 80 80 80 80
90 80 80 80 80 80 80 80 80 87 82 80 80 80 80 80 89 95 85 91 78 80 80 80 80 80 85 79 80 80 80 80 85 83 80 80 80 80 84 86 80 80 80 80 80 83 80 80 80 80
90 80 80 80 80 80 80 80 80 87 82 80 80 80 80 80 89 95 85 91 78 80 80 80 80 80 85 79 80 80 80 80 85 83 80 80 80 80 84 86 80 80 80 80 80 83 80 80 80 80
90 80 80 80 80 80 80 80 80 87 82 80 80 80 80 80 89 95 85 91 78 80 80 80 80 80 85 79 80 80 80 80 85 83 80 80 80 80 84 86 80 80 80 80 80 83 80 80 80 80
102 78 78 78 78 78 78 78 78 88 79 78 78 78 78 78 82 100 93 112 87 78 78 78 78 78 87 77 78 78 78 78 91 95 78 78 78 78 86 97 78 78 78 78 78 82 88 78 78 78
90 80 80 80 80 80 80 80 80 87 83 80 80 80 80 80 89 95 85 92 78 80 80 80 80 80 87 78 80 80 80 80 86 83 80 80 80 80 84 87 80 80 80 80 80 84 80 80 80 80
90 80 80 80 80 80 80 80 80 87 82 80 80 80 80 80 89 95 85 91 78 80 80 80 80 80 85 79 80 80 80 80 85 83 80 80 80 80 84 86 80 80 80 80 80 83 80 80 80 80
90 80 80 80 80 80 80 80 80 87 82 80 80 80 80 80 89 95 85 91 78 80 80 80 80 80 85 79 80 80 80 80 85 83 80 80 80 80 84 86 80 80 80 80 80 83 80 80 80 80
90 80 80 80 80 80 80 80 80 87 82 80 80 80 80 80 89 95 85 91 78 80 80 80 80 80 85 79 80 80 80 80 85 83 80 80 80 80 84 86 80 80 80 80 80 83 80 80 80 80
90 80 80 80 80 80 80 80 80 87 82 80 80 80 80 80 89 95 85 91 78 80 80 80 80 80 85 79 80 80 80 80 85 83 80 80 80 80 84 86 80 80 80 80 80 83 80 80 80 80
90 81 81 81 81 81 81 81 81 88 86 81 81 81 81 81 89 89 81 87 79 81 81 81 81 81 89 79 81 81 81 81 91 81 81 81 81 81 84 84 80 81 81 81 81 83 78 81 81 81
92 79 79 79 79 79 79 79 79 83 80 79 79 79 79 79 79 95 92 102 87 79 79 79 79 79 82 79 79 79 79 79 87 92 79 79 79 79 82 87 79 79 79 79 79 83 92 79 79 79
90 80 80 80 80 80 80 80 80 87 82 80 80 80 80 80 89 95 85 91 78 80 80 80 80 80 85 79 80 80 80 80 85 83 80 80 80 80 84 86 80 80 80 80 80 83 80 80 80 80
90 80 80 80 80 80 80 80 80 87 82 80 80 80 80 80 89 95 85 91 78 80 80 80 80 80 85 79 80 80 80 80 85 83 80 80 80 80 84 86 80 80 80 80 80 83 80 80 80 80
90 80 80 80 80 80 80 80 80 87 82 80 80 80 80 80 89 95 85 91 78 80 80 80 80 80 85 79 80 80 80 80 85 83 80 80 80 80 84 86 80 80 80 80 80 83 80 80 80 80
90 80 80 80 80 80 80 80 80 87 82 80 80 80 80 80 89 95 85 91 78 80 80 80 80 80 85 79 80 80 80 80 85 83 80 80 80 80 84 86 80 80 80 80 80 83 80 80 80 80
89 81 81 81 81 81 81 81 81 88 84 81 81 81 81 81 90 90 81 86 78 81 81 81 81 81 86 79 81 81 81 81 86 81 81 81 81 81 85 85 80 81 81 81 81 84 78 81 81 81
98 78 78 78 78 78 78 78 78 85 77 78 78 78 78 78 79 98 93 110 89 78 78 78 78 78 82 78 78 78 78 78 88 97 78 78 78 78 85 94 78 78 78 78 78 82 92 78 78 78
90 80 80 80 80 80 80 80 80 87 82 80 80 80 80 80 90 95 85 91 78 80 80 80 80 80 86 79 80 80 80 80 85 83 80 80 80 80 84 86 80 80 80 80 80 84 80 80 80 80
90 80 80 80 80 80 80 80 80 87 82 80 80 80 80 80 89 95 85 91 78 80 80 80 80 80 85 79 80 80 80 80 85 83 80 80 80 80 84 86 80 80 80 80 80 83 80 80 80 80
90 80 80 80 80 80 80 80 80 87 82 80 80 80 80 80 89 95 85 91 78 80 80 80 80 80 85 79 80 80 80 80 85 83 80 80 80 80 84 86 80 80 80 80 80 83 80 80 80 80
90 80 80 80 80 80 80 80 80 87 82 80 80 80 80 80 89 95 85 91 78 80 80 80 80 80 85 79 80 80 80 80 85 83 80 80 80 80 84 86 80 80 80 80 80 83 80 80 80 80
90 80 80 80 80 80 80 80 80 87 82 80 80 80 80 80 89 95 85 91 78 80 80 80 80 80 85 79 80 80 80 80 85 83 80 80 80 80 84 86 80 80 80 80 80 83 80 80 80 80
99 79 79 79 79 79 79 79 79 90 85 79 79 79 79 79 81 89 87 102 84 79 79 79 79 79 87 78 79 79 79 79 95 87 79 79 79 79 86 89 79 79 79 79 79 83 82 79 79 79
93 79 79 79 79 79 79 79 79 83 80 79 79 79 79 79 82 98 94 103 84 79 79 79 79 79 86 79 79 79 79 79 86 90 79 79 79 79 82 90 79 79 79 79 79 84 90 79 79 79
90 80 80 80 80 80 80 80 80 87 82 80 80 80 80 80 89 95 85 91 78 80 80 80 80 80 85 79 80 80 80 80 85 83 80 80 80 80 84 86 80 80 80 80 80 83 80 80 80 80
90 80 80 80 80 80 80 80 80 87 82 80 80 80 80 80 89 95 85 91 78 80 80 80 80 80 85 79 80 80 80 80 85 83 80 80 80 80 84 86 80 80 80 80 80 83 80 80 80 80
90 80 80 80 80 80 80 80 80 87 82 80 80 80 80 80 89 95 85 91 78 80 80 80 80 80 85 79 80 80 80 80 85 83 80 80 80 80 84 86 80 80 80 80 80 83 80 80 80 80
