480 3762 6259 -1269 2319 -1264 -937 -1445 -2260 2977 2578 -2126 -1036 1137 174 -2122 -2254 -704 941 91 -4262 2106 1882 -315 -3953 -2055 -1989 -669 106 -3659 -986 -29 1789 1312 -1043 -302 4476 -3941 939 -1358 -1037 2053 -718 328 84 -5035 -33 -832 940 763 4282 -828 -743 -6629 -559 -4073 1166 337 3698 -955 1551 1028 -3678 578
-532 3162 5462 -374 2574 -1827 2209 -903 -2513 3485 325 -1811 -718 1765 -498 -2228 -2738 -686 1399 234 -4933 1699 1664 -2767 -5226 -3532 -27 -2280 3096 -3517 -2359 658 1723 1507 -1734 262 2697 -3418 1920 -296 -1578 1301 133 1443 1048 -3569 -553 -575 -363 -328 2979 214 -3604 -4152 -830 -2897 712 711 4075 -1800 3787 -947 -5113 -332
-532 3162 5462 -374 2574 -1827 2209 -903 -2513 3485 325 -1811 -718 1765 -498 -2228 -2738 -686 1399 234 -4933 1699 1664 -2767 -5226 -3532 -27 -2280 3096 -3517 -2359 658 1723 1507 -1734 262 2697 -3418 1920 -296 -1578 1301 133 1443 1048 -3569 -553 -575 -363 -328 2979 214 -3604 -4152 -830 -2897 712 711 4075 -1800 3787 -947 -5113 -332
-532 3162 5462 -374 2574 -1827 2209 -903 -2513 3485 325 -1811 -718 1765 -498 -2228 -2738 -686 1399 234 -4933 1699 1664 -2767 -5226 -3532 -27 -2280 3096 -3517 -2359 658 1723 1507 -1734 262 2697 -3418 1920 -296 -1578 1301 133 1443 1048 -3569 -553 -575 -363 -328 2979 214 -3604 -4152 -830 -2897 712 711 4075 -1800 3787 -947 -5113 -332
-532 3162 5462 -374 2574 -1827 2209 -903 -2513 3485 325 -1811 -718 1765 -498 -2228 -2738 -686 1399 234 -4933 1699 1664 -2767 -5226 -3532 -27 -2280 3096 -3517 -2359 658 1723 1507 -1734 262 2697 -3418 1920 -296 -1578 1301 133 1443 1048 -3569 -553 -575 -363 -328 2979 214 -3604 -4152 -830 -2897 712 711 4075 -1800 3787 -947 -5113 -332
-532 3162 5462 -374 2574 -1827 2209 -903 -2513 3485 325 -1811 -718 1765 -498 -2228 -2738 -686 1399 234 -4933 1699 1664 -2767 -5226 -3532 -27 -2280 3096 -3517 -2359 658 1723 1507 -1734 262 2697 -3418 1920 -296 -1578 1301 133 1443 1048 -3569 -553 -575 -363 -328 2979 214 -3604 -4152 -830 -2897 712 711 4075 -1800 3787 -947 -5113 -332
-532 3162 5462 -374 2574 -1827 2209 -903 -2513 3485 325 -1811 -718 1765 -498 -2228 -2738 -686 1399 234 -4933 1699 1664 -2767 -5226 -3532 -27 -2280 3096 -3517 -2359 658 1723 1507 -1734 262 2697 -3418 1920 -296 -1578 1301 133 1443 1048 -3569 -553 -575 -363 -328 2979 214 -3604 -4152 -830 -2897 712 711 4075 -1800 3787 -947 -5113 -332
-532 3162 5462 -374 2574 -1827 2209 -903 -2513 3485 325 -1811 -718 1765 -498 -2228 -2738 -686 1399 234 -4933 1699 1664 -2767 -5226 -3532 -27 -2280 3096 -3517 -2359 658 1723 1507 -1734 262 2697 -3418 1920 -296 -1578 1301 133 1443 1048 -3569 -553 -575 -363 -328 2979 214 -3604 -4152 -830 -2897 712 711 4075 -1800 3787 -947 -5113 -332
-532 3162 5462 -374 2574 -1827 2209 -903 -2513 3485 325 -1811 -718 1765 -498 -2228 -2738 -686 1399 234 -4933 1699 1664 -2767 -5226 -3532 -27 -2280 3096 -3517 -2359 658 1723 1507 -1734 262 2697 -3418 1920 -296 -1578 1301 133 1443 1048 -3569 -553 -575 -363 -328 2979 214 -3604 -4152 -830 -2897 712 711 4075 -1800 3787 -947 -5113 -332
-1025 2726 5219 -637 3933 -2629 1948 -525 -3797 2962 1051 -1601 -216 1790 -1306 -1783 -2097 -1113 2360 1374 -5348 1848 1161 -2832 -4691 -3499 -36 -2264 2770 -2546 -2688 1224 2050 704 -1182 526 2308 -3544 1219 518 -907 1941 1077 1204 435 -4189 -1069 -366 284 -402 2979 -885 -2573 -5597 -468 -2735 1221 35 3726 -2324 3859 -1142 -4951 121
-930 2417 5554 -464 3594 -673 2148 -2344 -3398 2535 410 -1490 -1300 1621 -1211 -1962 -1491 -1019 2433 671 -4536 2272 1673 -3372 -5198 -3663 -1004 -3018 2793 -2802 -1981 1054 1968 1940 -1782 803 2579 -3477 1008 -237 -1194 1616 939 1023 1829 -3892 -1210 -960 -119 -876 2545 -459 -3039 -4594 -1038 -2951 765 101 3914 -1763 3559 -2367 -5160 175
-532 3162 5462 -374 2574 -1827 2209 -903 -2513 3485 325 -1811 -718 1765 -498 -2228 -2738 -686 1399 234 -4933 1699 1664 -2767 -5226 -3532 -27 -2280 3096 -3517 -2359 658 1723 1507 -1734 262 2697 -3418 1920 -296 -1578 1301 133 1443 1048 -3569 -553 -575 -363 -328 2979 214 -3604 -4152 -830 -2897 712 711 4075 -1800 3787 -947 -5113 -332
-532 3162 5462 -374 2574 -1827 2209 -903 -2513 3485 325 -1811 -718 1765 -498 -2228 -2738 -686 1399 234 -4933 1699 1664 -2767 -5226 -3532 -27 -2280 3096 -3517 -2359 658 1723 1507 -1734 262 2697 -3418 1920 -296 -1578 1301 133 1443 1048 -3569 -553 -575 -363 -328 2979 214 -3604 -4152 -830 -2897 712 711 4075 -1800 3787 -947 -5113 -332
-532 3162 5462 -374 2574 -1827 2209 -903 -2513 3485 325 -1811 -718 1765 -498 -2228 -2738 -686 1399 234 -4933 1699 1664 -2767 -5226 -3532 -27 -2280 3096 -3517 -2359 658 1723 1507 -1734 262 2697 -3418 1920 -296 -1578 1301 133 1443 1048 -3569 -553 -575 -363 -328 2979 214 -3604 -4152 -830 -2897 712 711 4075 -1800 3787 -947 -5113 -332
-532 3162 5462 -374 2574 -1827 2209 -903 -2513 3485 325 -1811 -718 1765 -498 -2228 -2738 -686 1399 234 -4933 1699 1664 -2767 -5226 -3532 -27 -2280 3096 -3517 -2359 658 1723 1507 -1734 262 2697 -3418 1920 -296 -1578 1301 133 1443 1048 -3569 -553 -575 -363 -328 2979 214 -3604 -4152 -830 -2897 712 711 4075 -1800 3787 -947 -5113 -332
-532 3162 5462 -374 2574 -1827 2209 -903 -2513 3485 325 -1811 -718 1765 -498 -2228 -2738 -686 1399 234 -4933 1699 1664 -2767 -5226 -3532 -27 -2280 3096 -3517 -2359 658 1723 1507 -1734 262 2697 -3418 1920 -296 -1578 1301 133 1443 1048 -3569 -553 -575 -363 -328 2979 214 -3604 -4152 -830 -2897 712 711 4075 -1800 3787 -947 -5113 -332
278 4488 5119 52 3310 -2467 2655 369 -2645 3306 664 -1549 -1361 1227 43 -1419 -3592 -2197 83 -1607 -3214 2300 1396 -2158 -4688 -2054 397 -1477 1724 -3703 -2205 -584 968 2304 939 1253 2045 -2813 1461 -1455 -2255 1212 -844 976 1335 -4099 -1169 -1387 287 -1009 2463 458 -3802 -4794 -120 -3062 266 -173 4417 556 3869 -199 -4460 -279
1649 5082 3394 -946 3372 -2899 1513 585 -1369 3554 2651 -1050 -1736 1464 465 292 -4628 -1176 -1042 -1286 -1935 1888 2299 562 -2574 -1901 151 1334 423 -4512 -1513 -86 521 3193 -934 347 3589 -3310 799 -2017 -2032 -113 -1925 2534 647 -3019 -652 -239 -32 1416 5047 -388 -1497 -5951 964 -2490 104 -798 3190 970 942 2178 -4359 -845
1583 4702 4315 -316 1697 -2636 -87 848 -93 3059 2443 -1476 -1799 1073 943 -113 -4609 -128 -1733 -1106 -2818 1356 1673 1885 -2656 -1034 -908 1081 427 -4622 -541 -988 228 2129 -1092 302 4278 -3628 1719 -2294 -1442 -813 -2463 1636 -107 -2914 140 48 201 2725 5556 -299 -1499 -5906 412 -3299 361 -332 3184 -375 -401 2636 -3600 -1353
1330 4459 3723 -572 2149 -4290 -1049 1219 -1270 3196 4092 -1586 -1138 783 850 118 -3160 -154 -1473 -256 -3117 869 530 1969 -1381 -764 -847 1760 -46 -2911 -58 -860 231 816 -325 472 3592 -3257 1044 -1567 -963 412 -2406 1730 -1522 -2934 455 891 1133 2468 5452 -1566 764 -6851 514 -3110 1367 -1197 3246 -1025 -897 3826 -2603 -1252
-500 3773 6093 565 2300 -601 1069 -2446 -922 2618 1425 -2346 -1928 1989 569 -1725 -896 -975 509 1334 -3836 1497 412 -678 -5749 -2896 -742 -1283 1496 -1550 -1289 1441 1242 1904 -2174 1677 4202 -3065 863 -212 -751 -124 -409 -107 780 -4516 -31 485 106 1312 4926 537 -3146 -5305 -1647 -3381 1410 -625 4387 -1972 2823 -857 -3924 1088
-532 3162 5462 -374 2574 -1827 2209 -903 -2513 3485 325 -1811 -718 1765 -498 -2228 -2738 -686 1399 234 -4933 1699 1664 -2767 -5226 -3532 -27 -2280 3096 -3517 -2359 658 1723 1507 -1734 262 2697 -3418 1920 -296 -1578 1301 133 1443 1048 -3569 -553 -575 -363 -328 2979 214 -3604 -4152 -830 -2897 712 711 4075 -1800 3787 -947 -5113 -332
-532 3162 5462 -374 2574 -1827 2209 -903 -2513 3485 325 -1811 -718 1765 -498 -2228 -2738 -686 1399 234 -4933 1699 1664 -2767 -5226 -3532 -27 -2280 3096 -3517 -2359 658 1723 1507 -1734 262 2697 -3418 1920 -296 -1578 1301 133 1443 1048 -3569 -553 -575 -363 -328 2979 214 -3604 -4152 -830 -2897 712 711 4075 -1800 3787 -947 -5113 -332
-532 3162 5462 -374 2574 -1827 2209 -903 -2513 3485 325 -1811 -718 1765 -498 -2228 -2738 -686 1399 234 -4933 1699 1664 -2767 -5226 -3532 -27 -2280 3096 -3517 -2359 658 1723 1507 -1734 262 2697 -3418 1920 -296 -1578 1301 133 1443 1048 -3569 -553 -575 -363 -328 2979 214 -3604 -4152 -830 -2897 712 711 4075 -1800 3787 -947 -5113 -332
-532 3162 5462 -374 2574 -1827 2209 -903 -2513 3485 325 -1811 -718 1765 -498 -2228 -2738 -686 1399 234 -4933 1699 1664 -2767 -5226 -3532 -27 -2280 3096 -3517 -2359 658 1723 1507 -1734 262 2697 -3418 1920 -296 -1578 1301 133 1443 1048 -3569 -553 -575 -363 -328 2979 214 -3604 -4152 -830 -2897 712 711 4075 -1800 3787 -947 -5113 -332
-532 3162 5462 -374 2574 -1827 2209 -903 -2513 3485 325 -1811 -718 1765 -498 -2228 -2738 -686 1399 234 -4933 1699 1664 -2767 -5226 -3532 -27 -2280 3096 -3517 -2359 658 1723 1507 -1734 262 2697 -3418 1920 -296 -1578 1301 133 1443 1048 -3569 -553 -575 -363 -328 2979 214 -3604 -4152 -830 -2897 712 711 4075 -1800 3787 -947 -5113 -332
1062 3565 5216 -1099 753 -1015 -80 -891 -2779 2462 2784 -2442 -771 1326 -396 -2278 -3544 -404 -382 -2467 -4564 3022 2696 -1380 -3059 -1123 -2942 -1340 175 -4598 203 -2454 409 812 749 -929 4077 -4330 1864 -3000 -2290 3184 -1154 702 822 -3657 17 -4152 1360 -1536 306 426 -583 -5318 -757 -4587 137 1007 3746 2429 2848 1734 -3607 -1454
-32 3448 5274 -380 2754 -1769 1888 -745 -2431 3723 721 -1727 -679 1676 -419 -2000 -3047 -994 1502 408 -4860 1497 1756 -2320 -5106 -3392 317 -1873 2676 -3502 -2525 809 1965 1687 -1769 31 2972 -3510 2007 -223 -1413 1174 -299 1729 817 -3794 -572 -185 -392 -26 3741 -37 -3318 -4455 -519 -3018 618 690 3879 -1655 3269 -779 -4985 -171
-532 3162 5462 -374 2574 -1827 2209 -903 -2513 3485 325 -1811 -718 1765 -498 -2228 -2738 -686 1399 234 -4933 1699 1664 -2767 -5226 -3532 -27 -2280 3096 -3517 -2359 658 1723 1507 -1734 262 2697 -3418 1920 -296 -1578 1301 133 1443 1048 -3569 -553 -575 -363 -328 2979 214 -3604 -4152 -830 -2897 712 711 4075 -1800 3787 -947 -5113 -332
-532 3162 5462 -374 2574 -1827 2209 -903 -2513 3485 325 -1811 -718 1765 -498 -2228 -2738 -686 1399 234 -4933 1699 1664 -2767 -5226 -3532 -27 -2280 3096 -3517 -2359 658 1723 1507 -1734 262 2697 -3418 1920 -296 -1578 1301 133 1443 1048 -3569 -553 -575 -363 -328 2979 214 -3604 -4152 -830 -2897 712 711 4075 -1800 3787 -947 -5113 -332
-532 3162 5462 -374 2574 -1827 2209 -903 -2513 3485 325 -1811 -718 1765 -498 -2228 -2738 -686 1399 234 -4933 1699 1664 -2767 -5226 -3532 -27 -2280 3096 -3517 -2359 658 1723 1507 -1734 262 2697 -3418 1920 -296 -1578 1301 133 1443 1048 -3569 -553 -575 -363 -328 2979 214 -3604 -4152 -830 -2897 712 711 4075 -1800 3787 -947 -5113 -332
-532 3162 5462 -374 2574 -1827 2209 -903 -2513 3485 325 -1811 -718 1765 -498 -2228 -2738 -686 1399 234 -4933 1699 1664 -2767 -5226 -3532 -27 -2280 3096 -3517 -2359 658 1723 1507 -1734 262 2697 -3418 1920 -296 -1578 1301 133 1443 1048 -3569 -553 -575 -363 -328 2979 214 -3604 -4152 -830 -2897 712 711 4075 -1800 3787 -947 -5113 -332
-452 2151 4701 -1770 3205 -4058 419 -521 -4701 3017 3088 -939 -217 1268 -2200 -2735 -1339 -390 1407 2309 -6030 809 840 -1607 -2758 -3182 -508 -1624 2344 -2437 -1729 594 1830 -189 -953 -96 1609 -4554 827 -13 -600 2834 998 1708 -1262 -3898 -342 -79 453 -292 3165 -2009 -23 -6177 -170 -3745 1403 306 3321 -2941 1667 734 -4393 -989
-436 4087 5603 311 2349 -1284 882 -1958 -446 2631 1307 -2162 -1985 1857 729 -1299 -1430 -681 -386 940 -2792 1343 840 78 -5192 -2949 -813 -414 879 -2506 -805 1288 825 2427 -2572 2059 4251 -2964 979 -269 -937 -819 -452 357 1033 -4042 -381 531 -84 2050 5468 694 -2815 -5794 -1024 -2794 1558 -849 4041 -1793 2287 -48 -3947 653
-532 3162 5462 -374 2574 -1827 2209 -903 -2513 3485 325 -1811 -718 1765 -498 -2228 -2738 -686 1399 234 -4933 1699 1664 -2767 -5226 -3532 -27 -2280 3096 -3517 -2359 658 1723 1507 -1734 262 2697 -3418 1920 -296 -1578 1301 133 1443 1048 -3569 -553 -575 -363 -328 2979 214 -3604 -4152 -830 -2897 712 711 4075 -1800 3787 -947 -5113 -332
-532 3162 5462 -374 2574 -1827 2209 -903 -2513 3485 325 -1811 -718 1765 -498 -2228 -2738 -686 1399 234 -4933 1699 1664 -2767 -5226 -3532 -27 -2280 3096 -3517 -2359 658 1723 1507 -1734 262 2697 -3418 1920 -296 -1578 1301 133 1443 1048 -3569 -553 -575 -363 -328 2979 214 -3604 -4152 -830 -2897 712 711 4075 -1800 3787 -947 -5113 -332
-532 3162 5462 -374 2574 -1827 2209 -903 -2513 3485 325 -1811 -718 1765 -498 -2228 -2738 -686 1399 234 -4933 1699 1664 -2767 -5226 -3532 -27 -2280 3096 -3517 -2359 658 1723 1507 -1734 262 2697 -3418 1920 -296 -1578 1301 133 1443 1048 -3569 -553 -575 -363 -328 2979 214 -3604 -4152 -830 -2897 712 711 4075 -1800 3787 -947 -5113 -332
-532 3162 5462 -374 2574 -1827 2209 -903 -2513 3485 325 -1811 -718 1765 -498 -2228 -2738 -686 1399 234 -4933 1699 1664 -2767 -5226 -3532 -27 -2280 3096 -3517 -2359 658 1723 1507 -1734 262 2697 -3418 1920 -296 -1578 1301 133 1443 1048 -3569 -553 -575 -363 -328 2979 214 -3604 -4152 -830 -2897 712 711 4075 -1800 3787 -947 -5113 -332
-755 3168 5442 -505 3223 -2561 2069 -532 -3146 3396 1060 -1775 -353 1789 -444 -1938 -2255 -962 2063 870 -5329 1768 1663 -2921 -4938 -3689 9 -2159 3332 -2793 -2702 823 1861 858 -1130 277 2563 -3455 1705 230 -1256 1977 411 1209 510 -3767 -716 -30 -139 -188 3048 -599 -2893 -4589 -528 -2873 1114 98 4009 -2189 4104 -702 -4891 -322
250 4014 5890 55 1022 -819 544 -2381 -1518 2319 1763 -2806 -1376 2128 979 -1523 -2536 -865 -752 -2014 -2972 3132 1832 -1851 -4689 -1696 -3516 -1119 600 -3610 630 -849 -119 1585 -458 847 4731 -2990 1480 -2109 -2084 1933 -686 -335 1866 -3587 -527 -3245 1413 -596 882 1431 -1544 -5289 -1051 -3367 1396 -210 4466 1457 4053 836 -4106 -734
-324 3274 5346 -467 2653 -1808 2162 -871 -2539 3645 518 -1760 -690 1791 -528 -2150 -2865 -810 1448 275 -4935 1643 1743 -2712 -5135 -3537 123 -2133 2967 -3535 -2477 749 1847 1570 -1777 90 2788 -3471 1946 -263 -1528 1333 11 1640 948 -3618 -573 -468 -428 -311 3162 112 -3453 -4180 -705 -2934 628 722 4028 -1663 3653 -862 -5116 -323
-532 3162 5462 -374 2574 -1827 2209 -903 -2513 3485 325 -1811 -718 1765 -498 -2228 -2738 -686 1399 234 -4933 1699 1664 -2767 -5226 -3532 -27 -2280 3096 -3517 -2359 658 1723 1507 -1734 262 2697 -3418 1920 -296 -1578 1301 133 1443 1048 -3569 -553 -575 -363 -328 2979 214 -3604 -4152 -830 -2897 712 711 4075 -1800 3787 -947 -5113 -332
-532 3162 5462 -374 2574 -1827 2209 -903 -2513 3485 325 -1811 -718 1765 -498 -2228 -2738 -686 1399 234 -4933 1699 1664 -2767 -5226 -3532 -27 -2280 3096 -3517 -2359 658 1723 1507 -1734 262 2697 -3418 1920 -296 -1578 1301 133 1443 1048 -3569 -553 -575 -363 -328 2979 214 -3604 -4152 -830 -2897 712 711 4075 -1800 3787 -947 -5113 -332
-532 3162 5462 -374 2574 -1827 2209 -903 -2513 3485 325 -1811 -718 1765 -498 -2228 -2738 -686 1399 234 -4933 1699 1664 -2767 -5226 -3532 -27 -2280 3096 -3517 -2359 658 1723 1507 -1734 262 2697 -3418 1920 -296 -1578 1301 133 1443 1048 -3569 -553 -575 -363 -328 2979 214 -3604 -4152 -830 -2897 712 711 4075 -1800 3787 -947 -5113 -332
-532 3162 5462 -374 2574 -1827 2209 -903 -2513 3485 325 -1811 -718 1765 -498 -2228 -2738 -686 1399 234 -4933 1699 1664 -2767 -5226 -3532 -27 -2280 3096 -3517 -2359 658 1723 1507 -1734 262 2697 -3418 1920 -296 -1578 1301 133 1443 1048 -3569 -553 -575 -363 -328 2979 214 -3604 -4152 -830 -2897 712 711 4075 -1800 3787 -947 -5113 -332
952 4112 5134 -1029 1558 -3678 1021 -16 -1718 3827 2799 -1292 -1422 1045 638 -2607 -3328 -615 -242 -1070 -4955 1808 2192 -922 -2627 -2544 -448 -974 2222 -3883 -1763 -1242 1221 1272 314 -853 2724 -4170 1711 -2552 -2150 2666 -1460 1640 -212 -2853 920 223 -15 497 3145 -653 -1290 -4070 -84 -4941 73 573 4377 -892 1571 1537 -3830 -2339
82 4296 4987 240 1973 -1941 38 -506 -157 3350 1560 -2078 -1739 1668 631 -1085 -2839 -363 -742 537 -3021 919 1246 891 -4527 -2285 -320 -42 670 -3370 -801 824 716 2215 -2567 1161 4247 -2923 1911 -25 -1015 -999 -1142 1045 688 -3647 -414 657 -186 2535 5906 476 -2211 -5647 -318 -2707 1265 -201 3648 -1997 1109 703 -3636 -197
-532 3162 5462 -374 2574 -1827 2209 -903 -2513 3485 325 -1811 -718 1765 -498 -2228 -2738 -686 1399 234 -4933 1699 1664 -2767 -5226 -3532 -27 -2280 3096 -3517 -2359 658 1723 1507 -1734 262 2697 -3418 1920 -296 -1578 1301 133 1443 1048 -3569 -553 -575 -363 -328 2979 214 -3604 -4152 -830 -2897 712 711 4075 -1800 3787 -947 -5113 -332
-532 3162 5462 -374 2574 -1827 2209 -903 -2513 3485 325 -1811 -718 1765 -498 -2228 -2738 -686 1399 234 -4933 1699 1664 -2767 -5226 -3532 -27 -2280 3096 -3517 -2359 658 1723 1507 -1734 262 2697 -3418 1920 -296 -1578 1301 133 1443 1048 -3569 -553 -575 -363 -328 2979 214 -3604 -4152 -830 -2897 712 711 4075 -1800 3787 -947 -5113 -332
-532 3162 5462 -374 2574 -1827 2209 -903 -2513 3485 325 -1811 -718 1765 -498 -2228 -2738 -686 1399 234 -4933 1699 1664 -2767 -5226 -3532 -27 -2280 3096 -3517 -2359 658 1723 1507 -1734 262 2697 -3418 1920 -296 -1578 1301 133 1443 1048 -3569 -553 -575 -363 -328 2979 214 -3604 -4152 -830 -2897 712 711 4075 -1800 3787 -947 -5113 -332
