-1242 -1160 -1160 -1160 -1160 -1160 -1160 -1160 -1160 -709 -875 -1160 -1160 -1160 -1160 -1160 -1361 -826 -1325 -1178 -1408 -1160 -1160 -1160 -1160 -1160 -1358 -1183 -1160 -1160 -1160 -1160 -1140 -1160 -1160 -1160 -1160 -1160 -1063 -959 -1150 -1160 -1160 -1160 -1160 -2126 -1107 -1160 -1160 -1160
-2133 -2554 -2554 -2554 -2554 -2554 -2554 -2554 -2554 -2383 -2225 -2554 -2554 -2554 -2554 -2554 -2794 -1454 -1536 -1609 -2079 -2554 -2554 -2554 -2554 -2554 -2359 -2463 -2554 -2554 -2554 -2554 -2826 -1727 -2554 -2554 -2554 -2554 -2612 -1737 -2523 -2554 -2554 -2554 -2554 -3137 -1672 -2554 -2554 -2554
-2133 -2554 -2554 -2554 -2554 -2554 -2554 -2554 -2554 -2383 -2225 -2554 -2554 -2554 -2554 -2554 -2794 -1454 -1536 -1609 -2079 -2554 -2554 -2554 -2554 -2554 -2359 -2463 -2554 -2554 -2554 -2554 -2826 -1727 -2554 -2554 -2554 -2554 -2612 -1737 -2523 -2554 -2554 -2554 -2554 -3137 -1672 -2554 -2554 -2554
-2133 -2554 -2554 -2554 -2554 -2554 -2554 -2554 -2554 -2383 -2225 -2554 -2554 -2554 -2554 -2554 -2794 -1454 -1536 -1609 -2079 -2554 -2554 -2554 -2554 -2554 -2359 -2463 -2554 -2554 -2554 -2554 -2826 -1727 -2554 -2554 -2554 -2554 -2612 -1737 -2523 -2554 -2554 -2554 -2554 -3137 -1672 -2554 -2554 -2554
-2133 -2554 -2554 -2554 -2554 -2554 -2554 -2554 -2554 -2383 -2225 -2554 -2554 -2554 -2554 -2554 -2794 -1454 -1536 -1609 -2079 -2554 -2554 -2554 -2554 -2554 -2359 -2463 -2554 -2554 -2554 -2554 -2826 -1727 -2554 -2554 -2554 -2554 -2612 -1737 -2523 -2554 -2554 -2554 -2554 -3137 -1672 -2554 -2554 -2554
-2133 -2554 -2554 -2554 -2554 -2554 -2554 -2554 -2554 -2383 -2225 -2554 -2554 -2554 -2554 -2554 -2794 -1454 -1536 -1609 -2079 -2554 -2554 -2554 -2554 -2554 -2359 -2463 -2554 -2554 -2554 -2554 -2826 -1727 -2554 -2554 -2554 -2554 -2612 -1737 -2523 -2554 -2554 -2554 -2554 -3137 -1672 -2554 -2554 -2554
-2133 -2554 -2554 -2554 -2554 -2554 -2554 -2554 -2554 -2383 -2225 -2554 -2554 -2554 -2554 -2554 -2794 -1454 -1536 -1609 -2079 -2554 -2554 -2554 -2554 -2554 -2359 -2463 -2554 -2554 -2554 -2554 -2826 -1727 -2554 -2554 -2554 -2554 -2612 -1737 -2523 -2554 -2554 -2554 -2554 -3137 -1672 -2554 -2554 -2554
-2133 -2554 -2554 -2554 -2554 -2554 -2554 -2554 -2554 -2383 -2225 -2554 -2554 -2554 -2554 -2554 -2794 -1454 -1536 -1609 -2079 -2554 -2554 -2554 -2554 -2554 -2359 -2463 -2554 -2554 -2554 -2554 -2826 -1727 -2554 -2554 -2554 -2554 -2612 -1737 -2523 -2554 -2554 -2554 -2554 -3137 -1672 -2554 -2554 -2554
-2133 -2554 -2554 -2554 -2554 -2554 -2554 -2554 -2554 -2383 -2225 -2554 -2554 -2554 -2554 -2554 -2794 -1454 -1536 -1609 -2079 -2554 -2554 -2554 -2554 -2554 -2359 -2463 -2554 -2554 -2554 -2554 -2826 -1727 -2554 -2554 -2554 -2554 -2612 -1737 -2523 -2554 -2554 -2554 -2554 -3137 -1672 -2554 -2554 -2554
-1970 -2412 -2412 -2412 -2412 -2412 -2412 -2412 -2412 -2324 -2153 -2412 -2412 -2412 -2412 -2412 -2618 -1445 -1507 -1622 -1796 -2412 -2412 -2412 -2412 -2412 -2301 -2326 -2412 -2412 -2412 -2412 -2765 -1513 -2412 -2412 -2412 -2412 -2502 -1632 -2381 -2412 -2412 -2412 -2412 -2933 -1538 -2412 -2412 -2412
-2150 -2593 -2593 -2593 -2593 -2593 -2593 -2593 -2593 -2560 -2250 -2593 -2593 -2593 -2593 -2593 -2973 -1577 -1608 -1762 -1963 -2593 -2593 -2593 -2593 -2593 -2443 -2535 -2593 -2593 -2593 -2593 -3029 -1575 -2593 -2593 -2593 -2593 -2703 -1603 -2573 -2593 -2593 -2593 -2593 -3227 -1593 -2593 -2593 -2593
-2133 -2554 -2554 -2554 -2554 -2554 -2554 -2554 -2554 -2383 -2225 -2554 -2554 -2554 -2554 -2554 -2794 -1454 -1536 -1609 -2079 -2554 -2554 -2554 -2554 -2554 -2359 -2463 -2554 -2554 -2554 -2554 -2826 -1727 -2554 -2554 -2554 -2554 -2612 -1737 -2523 -2554 -2554 -2554 -2554 -3137 -1672 -2554 -2554 -2554
-2133 -2554 -2554 -2554 -2554 -2554 -2554 -2554 -2554 -2383 -2225 -2554 -2554 -2554 -2554 -2554 -2794 -1454 -1536 -1609 -2079 -2554 -2554 -2554 -2554 -2554 -2359 -2463 -2554 -2554 -2554 -2554 -2826 -1727 -2554 -2554 -2554 -2554 -2612 -1737 -2523 -2554 -2554 -2554 -2554 -3137 -1672 -2554 -2554 -2554
-2133 -2554 -2554 -2554 -2554 -2554 -2554 -2554 -2554 -2383 -2225 -2554 -2554 -2554 -2554 -2554 -2794 -1454 -1536 -1609 -2079 -2554 -2554 -2554 -2554 -2554 -2359 -2463 -2554 -2554 -2554 -2554 -2826 -1727 -2554 -2554 -2554 -2554 -2612 -1737 -2523 -2554 -2554 -2554 -2554 -3137 -1672 -2554 -2554 -2554
-2133 -2554 -2554 -2554 -2554 -2554 -2554 -2554 -2554 -2383 -2225 -2554 -2554 -2554 -2554 -2554 -2794 -1454 -1536 -1609 -2079 -2554 -2554 -2554 -2554 -2554 -2359 -2463 -2554 -2554 -2554 -2554 -2826 -1727 -2554 -2554 -2554 -2554 -2612 -1737 -2523 -2554 -2554 -2554 -2554 -3137 -1672 -2554 -2554 -2554
-2133 -2554 -2554 -2554 -2554 -2554 -2554 -2554 -2554 -2383 -2225 -2554 -2554 -2554 -2554 -2554 -2794 -1454 -1536 -1609 -2079 -2554 -2554 -2554 -2554 -2554 -2359 -2463 -2554 -2554 -2554 -2554 -2826 -1727 -2554 -2554 -2554 -2554 -2612 -1737 -2523 -2554 -2554 -2554 -2554 -3137 -1672 -2554 -2554 -2554
-1799 -2054 -2054 -2054 -2054 -2054 -2054 -2054 -2054 -1894 -1764 -2054 -2054 -2054 -2054 -2054 -2224 -1390 -1407 -1395 -1839 -2054 -2054 -2054 -2054 -2054 -1593 -2005 -2054 -2054 -2054 -2054 -2179 -1718 -2054 -2054 -2054 -2054 -2075 -1450 -2036 -2054 -2054 -2054 -2054 -2404 -1627 -2054 -2054 -2054
-561 -639 -639 -639 -639 -639 -639 -639 -639 -169 -451 -639 -639 -639 -639 -639 -475 -48 -476 -224 -946 -639 -639 -639 -639 -639 -471 -555 -639 -639 -639 -639 -343 -874 -639 -639 -639 -639 -472 -657 -598 -639 -639 -639 -639 -952 -680 -639 -639 -639
-683 -419 -419 -419 -419 -419 -419 -419 -419 216 -221 -419 -419 -419 -419 -419 -337 -138 -756 -464 -1076 -419 -419 -419 -419 -419 -596 -392 -419 -419 -419 -419 -111 -993 -419 -419 -419 -419 -195 -725 -390 -419 -419 -419 -419 -1151 -819 -419 -419 -419
-345 -58 -58 -58 -58 -58 -58 -58 -58 541 43 -58 -58 -58 -58 -58 22 -69 -602 -272 -651 -58 -58 -58 -58 -58 -391 -51 -58 -58 -58 -58 368 -642 -58 -58 -58 -58 170 -549 -36 -58 -58 -58 -58 -707 -532 -58 -58 -58
-1437 -1255 -1255 -1255 -1255 -1255 -1255 -1255 -1255 -1050 -987 -1255 -1255 -1255 -1255 -1255 -1739 -1190 -1439 -1612 -1349 -1255 -1255 -1255 -1255 -1255 -1535 -1285 -1255 -1255 -1255 -1255 -1364 -1210 -1255 -1255 -1255 -1255 -1300 -1227 -1246 -1255 -1255 -1255 -1255 -2106 -1301 -1255 -1255 -1255
-2133 -2554 -2554 -2554 -2554 -2554 -2554 -2554 -2554 -2383 -2225 -2554 -2554 -2554 -2554 -2554 -2794 -1454 -1536 -1609 -2079 -2554 -2554 -2554 -2554 -2554 -2359 -2463 -2554 -2554 -2554 -2554 -2826 -1727 -2554 -2554 -2554 -2554 -2612 -1737 -2523 -2554 -2554 -2554 -2554 -3137 -1672 -2554 -2554 -2554
-2133 -2554 -2554 -2554 -2554 -2554 -2554 -2554 -2554 -2383 -2225 -2554 -2554 -2554 -2554 -2554 -2794 -1454 -1536 -1609 -2079 -2554 -2554 -2554 -2554 -2554 -2359 -2463 -2554 -2554 -2554 -2554 -2826 -1727 -2554 -2554 -2554 -2554 -2612 -1737 -2523 -2554 -2554 -2554 -2554 -3137 -1672 -2554 -2554 -2554
-2133 -2554 -2554 -2554 -2554 -2554 -2554 -2554 -2554 -2383 -2225 -2554 -2554 -2554 -2554 -2554 -2794 -1454 -1536 -1609 -2079 -2554 -2554 -2554 -2554 -2554 -2359 -2463 -2554 -2554 -2554 -2554 -2826 -1727 -2554 -2554 -2554 -2554 -2612 -1737 -2523 -2554 -2554 -2554 -2554 -3137 -1672 -2554 -2554 -2554
-2133 -2554 -2554 -2554 -2554 -2554 -2554 -2554 -2554 -2383 -2225 -2554 -2554 -2554 -2554 -2554 -2794 -1454 -1536 -1609 -2079 -2554 -2554 -2554 -2554 -2554 -2359 -2463 -2554 -2554 -2554 -2554 -2826 -1727 -2554 -2554 -2554 -2554 -2612 -1737 -2523 -2554 -2554 -2554 -2554 -3137 -1672 -2554 -2554 -2554
-2133 -2554 -2554 -2554 -2554 -2554 -2554 -2554 -2554 -2383 -2225 -2554 -2554 -2554 -2554 -2554 -2794 -1454 -1536 -1609 -2079 -2554 -2554 -2554 -2554 -2554 -2359 -2463 -2554 -2554 -2554 -2554 -2826 -1727 -2554 -2554 -2554 -2554 -2612 -1737 -2523 -2554 -2554 -2554 -2554 -3137 -1672 -2554 -2554 -2554
-1889 -1801 -1801 -1801 -1801 -1801 -1801 -1801 -1801 -1244 -1402 -1801 -1801 -1801 -1801 -1801 -2182 -1358 -1772 -1454 -2063 -1801 -1801 -1801 -1801 -1801 -2047 -1830 -1801 -1801 -1801 -1801 -1814 -1658 -1801 -1801 -1801 -1801 -1608 -1405 -1803 -1801 -1801 -1801 -1801 -3015 -1433 -1801 -1801 -1801
-1991 -2376 -2376 -2376 -2376 -2376 -2376 -2376 -2376 -2200 -2084 -2376 -2376 -2376 -2376 -2376 -2510 -1317 -1449 -1523 -1985 -2376 -2376 -2376 -2376 -2376 -2121 -2285 -2376 -2376 -2376 -2376 -2635 -1685 -2376 -2376 -2376 -2376 -2433 -1630 -2342 -2376 -2376 -2376 -2376 -2882 -1624 -2376 -2376 -2376
-2133 -2554 -2554 -2554 -2554 -2554 -2554 -2554 -2554 -2383 -2225 -2554 -2554 -2554 -2554 -2554 -2794 -1454 -1536 -1609 -2079 -2554 -2554 -2554 -2554 -2554 -2359 -2463 -2554 -2554 -2554 -2554 -2826 -1727 -2554 -2554 -2554 -2554 -2612 -1737 -2523 -2554 -2554 -2554 -2554 -3137 -1672 -2554 -2554 -2554
-2133 -2554 -2554 -2554 -2554 -2554 -2554 -2554 -2554 -2383 -2225 -2554 -2554 -2554 -2554 -2554 -2794 -1454 -1536 -1609 -2079 -2554 -2554 -2554 -2554 -2554 -2359 -2463 -2554 -2554 -2554 -2554 -2826 -1727 -2554 -2554 -2554 -2554 -2612 -1737 -2523 -2554 -2554 -2554 -2554 -3137 -1672 -2554 -2554 -2554
-2133 -2554 -2554 -2554 -2554 -2554 -2554 -2554 -2554 -2383 -2225 -2554 -2554 -2554 -2554 -2554 -2794 -1454 -1536 -1609 -2079 -2554 -2554 -2554 -2554 -2554 -2359 -2463 -2554 -2554 -2554 -2554 -2826 -1727 -2554 -2554 -2554 -2554 -2612 -1737 -2523 -2554 -2554 -2554 -2554 -3137 -1672 -2554 -2554 -2554
-2133 -2554 -2554 -2554 -2554 -2554 -2554 -2554 -2554 -2383 -2225 -2554 -2554 -2554 -2554 -2554 -2794 -1454 -1536 -1609 -2079 -2554 -2554 -2554 -2554 -2554 -2359 -2463 -2554 -2554 -2554 -2554 -2826 -1727 -2554 -2554 -2554 -2554 -2612 -1737 -2523 -2554 -2554 -2554 -2554 -3137 -1672 -2554 -2554 -2554
-1753 -1973 -1973 -1973 -1973 -1973 -1973 -1973 -1973 -1679 -1835 -1973 -1973 -1973 -1973 -1973 -2153 -1383 -1548 -1446 -1642 -1973 -1973 -1973 -1973 -1973 -2187 -1913 -1973 -1973 -1973 -1973 -2005 -1450 -1973 -1973 -1973 -1973 -1940 -1648 -1946 -1973 -1973 -1973 -1973 -2589 -1470 -1973 -1973 -1973
-1141 -850 -850 -850 -850 -850 -850 -850 -850 -516 -605 -850 -850 -850 -850 -850 -1274 -864 -1223 -1261 -1199 -850 -850 -850 -850 -850 -1167 -877 -850 -850 -850 -850 -725 -1101 -850 -850 -850 -850 -810 -1068 -837 -850 -850 -850 -850 -1662 -1136 -850 -850 -850
-2133 -2554 -2554 -2554 -2554 -2554 -2554 -2554 -2554 -2383 -2225 -2554 -2554 -2554 -2554 -2554 -2794 -1454 -1536 -1609 -2079 -2554 -2554 -2554 -2554 -2554 -2359 -2463 -2554 -2554 -2554 -2554 -2826 -1727 -2554 -2554 -2554 -2554 -2612 -1737 -2523 -2554 -2554 -2554 -2554 -3137 -1672 -2554 -2554 -2554
-2133 -2554 -2554 -2554 -2554 -2554 -2554 -2554 -2554 -2383 -2225 -2554 -2554 -2554 -2554 -2554 -2794 -1454 -1536 -1609 -2079 -2554 -2554 -2554 -2554 -2554 -2359 -2463 -2554 -2554 -2554 -2554 -2826 -1727 -2554 -2554 -2554 -2554 -2612 -1737 -2523 -2554 -2554 -2554 -2554 -3137 -1672 -2554 -2554 -2554
-2133 -2554 -2554 -2554 -2554 -2554 -2554 -2554 -2554 -2383 -2225 -2554 -2554 -2554 -2554 -2554 -2794 -1454 -1536 -1609 -2079 -2554 -2554 -2554 -2554 -2554 -2359 -2463 -2554 -2554 -2554 -2554 -2826 -1727 -2554 -2554 -2554 -2554 -2612 -1737 -2523 -2554 -2554 -2554 -2554 -3137 -1672 -2554 -2554 -2554
-2133 -2554 -2554 -2554 -2554 -2554 -2554 -2554 -2554 -2383 -2225 -2554 -2554 -2554 -2554 -2554 -2794 -1454 -1536 -1609 -2079 -2554 -2554 -2554 -2554 -2554 -2359 -2463 -2554 -2554 -2554 -2554 -2826 -1727 -2554 -2554 -2554 -2554 -2612 -1737 -2523 -2554 -2554 -2554 -2554 -3137 -1672 -2554 -2554 -2554
-2060 -2616 -2616 -2616 -2616 -2616 -2616 -2616 -2616 -2498 -2331 -2616 -2616 -2616 -2616 -2616 -2771 -1389 -1428 -1514 -1962 -2616 -2616 -2616 -2616 -2616 -2380 -2507 -2616 -2616 -2616 -2616 -2941 -1601 -2616 -2616 -2616 -2616 -2697 -1677 -2581 -2616 -2616 -2616 -2616 -3099 -1564 -2616 -2616 -2616
-1652 -1463 -1463 -1463 -1463 -1463 -1463 -1463 -1463 -1014 -997 -1463 -1463 -1463 -1463 -1463 -2180 -1382 -1712 -1549 -1673 -1463 -1463 -1463 -1463 -1463 -1890 -1534 -1463 -1463 -1463 -1463 -1468 -1323 -1463 -1463 -1463 -1463 -1318 -1223 -1476 -1463 -1463 -1463 -1463 -2779 -1241 -1463 -1463 -1463
-2088 -2517 -2517 -2517 -2517 -2517 -2517 -2517 -2517 -2344 -2198 -2517 -2517 -2517 -2517 -2517 -2720 -1415 -1506 -1575 -2051 -2517 -2517 -2517 -2517 -2517 -2296 -2423 -2517 -2517 -2517 -2517 -2779 -1713 -2517 -2517 -2517 -2517 -2572 -1711 -2484 -2517 -2517 -2517 -2517 -3064 -1654 -2517 -2517 -2517
-2133 -2554 -2554 -2554 -2554 -2554 -2554 -2554 -2554 -2383 -2225 -2554 -2554 -2554 -2554 -2554 -2794 -1454 -1536 -1609 -2079 -2554 -2554 -2554 -2554 -2554 -2359 -2463 -2554 -2554 -2554 -2554 -2826 -1727 -2554 -2554 -2554 -2554 -2612 -1737 -2523 -2554 -2554 -2554 -2554 -3137 -1672 -2554 -2554 -2554
-2133 -2554 -2554 -2554 -2554 -2554 -2554 -2554 -2554 -2383 -2225 -2554 -2554 -2554 -2554 -2554 -2794 -1454 -1536 -1609 -2079 -2554 -2554 -2554 -2554 -2554 -2359 -2463 -2554 -2554 -2554 -2554 -2826 -1727 -2554 -2554 -2554 -2554 -2612 -1737 -2523 -2554 -2554 -2554 -2554 -3137 -1672 -2554 -2554 -2554
-2133 -2554 -2554 -2554 -2554 -2554 -2554 -2554 -2554 -2383 -2225 -2554 -2554 -2554 -2554 -2554 -2794 -1454 -1536 -1609 -2079 -2554 -2554 -2554 -2554 -2554 -2359 -2463 -2554 -2554 -2554 -2554 -2826 -1727 -2554 -2554 -2554 -2554 -2612 -1737 -2523 -2554 -2554 -2554 -2554 -3137 -1672 -2554 -2554 -2554
-2133 -2554 -2554 -2554 -2554 -2554 -2554 -2554 -2554 -2383 -2225 -2554 -2554 -2554 -2554 -2554 -2794 -1454 -1536 -1609 -2079 -2554 -2554 -2554 -2554 -2554 -2359 -2463 -2554 -2554 -2554 -2554 -2826 -1727 -2554 -2554 -2554 -2554 -2612 -1737 -2523 -2554 -2554 -2554 -2554 -3137 -1672 -2554 -2554 -2554
-1693 -1976 -1976 -1976 -1976 -1976 -1976 -1976 -1976 -1560 -1722 -1976 -1976 -1976 -1976 -1976 -1977 -1031 -1280 -1064 -1894 -1976 -1976 -1976 -1976 -1976 -1821 -1895 -1976 -1976 -1976 -1976 -1918 -1613 -1976 -1976 -1976 -1976 -1871 -1455 -1945 -1976 -1976 -1976 -1976 -2512 -1432 -1976 -1976 -1976
-1044 -717 -717 -717 -717 -717 -717 -717 -717 -293 -501 -717 -717 -717 -717 -717 -935 -617 -1093 -1076 -1236 -717 -717 -717 -717 -717 -965 -718 -717 -717 -717 -717 -582 -1150 -717 -717 -717 -717 -634 -1010 -694 -717 -717 -717 -717 -1487 -1103 -717 -717 -717
-2133 -2554 -2554 -2554 -2554 -2554 -2554 -2554 -2554 -2383 -2225 -2554 -2554 -2554 -2554 -2554 -2794 -1454 -1536 -1609 -2079 -2554 -2554 -2554 -2554 -2554 -2359 -2463 -2554 -2554 -2554 -2554 -2826 -1727 -2554 -2554 -2554 -2554 -2612 -1737 -2523 -2554 -2554 -2554 -2554 -3137 -1672 -2554 -2554 -2554
-2133 -2554 -2554 -2554 -2554 -2554 -2554 -2554 -2554 -2383 -2225 -2554 -2554 -2554 -2554 -2554 -2794 -1454 -1536 -1609 -2079 -2554 -2554 -2554 -2554 -2554 -2359 -2463 -2554 -2554 -2554 -2554 -2826 -1727 -2554 -2554 -2554 -2554 -2612 -1737 -2523 -2554 -2554 -2554 -2554 -3137 -1672 -2554 -2554 -2554
-2133 -2554 -2554 -2554 -2554 -2554 -2554 -2554 -2554 -2383 -2225 -2554 -2554 -2554 -2554 -2554 -2794 -1454 -1536 -1609 -2079 -2554 -2554 -2554 -2554 -2554 -2359 -2463 -2554 -2554 -2554 -2554 -2826 -1727 -2554 -2554 -2554 -2554 -2612 -1737 -2523 -2554 -2554 -2554 -2554 -3137 -1672 -2554 -2554 -2554
