2397 1550 1550 1550 1550 1550 1550 1550 1550 1339 917 1550 1550 1550 1550 1550 1833 2000 2455 2349 1852 1550 1550 1550 1550 1550 2117 1664 1550 1550 1550 1550 1656 1871 1550 1550 1550 1550 1571 1890 1557 1550 1550 1550 1550 2743 2213 1550 1550 1550
2359 1569 1569 1569 1569 1569 1569 1569 1569 1346 927 1569 1569 1569 1569 1569 1189 1562 2389 2506 2465 1569 1569 1569 1569 1569 1119 1771 1569 1569 1569 1569 1843 2475 1569 1569 1569 1569 1650 1263 1600 1569 1569 1569 1569 2424 2706 1569 1569 1569
2359 1569 1569 1569 1569 1569 1569 1569 1569 1346 927 1569 1569 1569 1569 1569 1189 1562 2389 2506 2465 1569 1569 1569 1569 1569 1119 1771 1569 1569 1569 1569 1843 2475 1569 1569 1569 1569 1650 1263 1600 1569 1569 1569 1569 2424 2706 1569 1569 1569
2359 1569 1569 1569 1569 1569 1569 1569 1569 1346 927 1569 1569 1569 1569 1569 1189 1562 2389 2506 2465 1569 1569 1569 1569 1569 1119 1771 1569 1569 1569 1569 1843 2475 1569 1569 1569 1569 1650 1263 1600 1569 1569 1569 1569 2424 2706 1569 1569 1569
2359 1569 1569 1569 1569 1569 1569 1569 1569 1346 927 1569 1569 1569 1569 1569 1189 1562 2389 2506 2465 1569 1569 1569 1569 1569 1119 1771 1569 1569 1569 1569 1843 2475 1569 1569 1569 1569 1650 1263 1600 1569 1569 1569 1569 2424 2706 1569 1569 1569
2359 1569 1569 1569 1569 1569 1569 1569 1569 1346 927 1569 1569 1569 1569 1569 1189 1562 2389 2506 2465 1569 1569 1569 1569 1569 1119 1771 1569 1569 1569 1569 1843 2475 1569 1569 1569 1569 1650 1263 1600 1569 1569 1569 1569 2424 2706 1569 1569 1569
2359 1569 1569 1569 1569 1569 1569 1569 1569 1346 927 1569 1569 1569 1569 1569 1189 1562 2389 2506 2465 1569 1569 1569 1569 1569 1119 1771 1569 1569 1569 1569 1843 2475 1569 1569 1569 1569 1650 1263 1600 1569 1569 1569 1569 2424 2706 1569 1569 1569
2359 1569 1569 1569 1569 1569 1569 1569 1569 1346 927 1569 1569 1569 1569 1569 1189 1562 2389 2506 2465 1569 1569 1569 1569 1569 1119 1771 1569 1569 1569 1569 1843 2475 1569 1569 1569 1569 1650 1263 1600 1569 1569 1569 1569 2424 2706 1569 1569 1569
2359 1569 1569 1569 1569 1569 1569 1569 1569 1346 927 1569 1569 1569 1569 1569 1189 1562 2389 2506 2465 1569 1569 1569 1569 1569 1119 1771 1569 1569 1569 1569 1843 2475 1569 1569 1569 1569 1650 1263 1600 1569 1569 1569 1569 2424 2706 1569 1569 1569
2450 1730 1730 1730 1730 1730 1730 1730 1730 1501 1060 1730 1730 1730 1730 1730 1314 1682 2522 2490 2599 1730 1730 1730 1730 1730 1296 1914 1730 1730 1730 1730 1953 2600 1730 1730 1730 1730 1773 1379 1759 1730 1730 1730 1730 2559 2842 1730 1730 1730
2581 1841 1841 1841 1841 1841 1841 1841 1841 1615 1200 1841 1841 1841 1841 1841 1346 1904 2748 2702 2874 1841 1841 1841 1841 1841 1149 2078 1841 1841 1841 1841 2018 2896 1841 1841 1841 1841 1907 1351 1887 1841 1841 1841 1841 2597 3114 1841 1841 1841
2359 1569 1569 1569 1569 1569 1569 1569 1569 1346 927 1569 1569 1569 1569 1569 1189 1562 2389 2506 2465 1569 1569 1569 1569 1569 1119 1771 1569 1569 1569 1569 1843 2475 1569 1569 1569 1569 1650 1263 1600 1569 1569 1569 1569 2424 2706 1569 1569 1569
2359 1569 1569 1569 1569 1569 1569 1569 1569 1346 927 1569 1569 1569 1569 1569 1189 1562 2389 2506 2465 1569 1569 1569 1569 1569 1119 1771 1569 1569 1569 1569 1843 2475 1569 1569 1569 1569 1650 1263 1600 1569 1569 1569 1569 2424 2706 1569 1569 1569
2359 1569 1569 1569 1569 1569 1569 1569 1569 1346 927 1569 1569 1569 1569 1569 1189 1562 2389 2506 2465 1569 1569 1569 1569 1569 1119 1771 1569 1569 1569 1569 1843 2475 1569 1569 1569 1569 1650 1263 1600 1569 1569 1569 1569 2424 2706 1569 1569 1569
2359 1569 1569 1569 1569 1569 1569 1569 1569 1346 927 1569 1569 1569 1569 1569 1189 1562 2389 2506 2465 1569 1569 1569 1569 1569 1119 1771 1569 1569 1569 1569 1843 2475 1569 1569 1569 1569 1650 1263 1600 1569 1569 1569 1569 2424 2706 1569 1569 1569
2359 1569 1569 1569 1569 1569 1569 1569 1569 1346 927 1569 1569 1569 1569 1569 1189 1562 2389 2506 2465 1569 1569 1569 1569 1569 1119 1771 1569 1569 1569 1569 1843 2475 1569 1569 1569 1569 1650 1263 1600 1569 1569 1569 1569 2424 2706 1569 1569 1569
2879 1762 1762 1762 1762 1762 1762 1762 1762 1724 1032 1762 1762 1762 1762 1762 1377 2174 2896 3286 2760 1762 1762 1762 1762 1762 1192 2051 1762 1762 1762 1762 2382 2849 1762 1762 1762 1762 1988 1399 1827 1762 1762 1762 1762 2813 3197 1762 1762 1762
1950 1044 1044 1044 1044 1044 1044 1044 1044 947 332 1044 1044 1044 1044 1044 1166 1416 1869 2010 1247 1044 1044 1044 1044 1044 1518 1187 1044 1044 1044 1044 1380 1239 1044 1044 1044 1044 1123 1258 1064 1044 1044 1044 1044 2112 1726 1044 1044 1044
1833 1205 1205 1205 1205 1205 1205 1205 1205 1028 610 1205 1205 1205 1205 1205 1543 1300 1639 1615 1126 1205 1205 1205 1205 1205 1929 1245 1205 1205 1205 1205 1178 1042 1205 1205 1205 1205 1208 1672 1181 1205 1205 1205 1205 2105 1448 1205 1205 1205
1444 827 827 827 827 827 827 827 827 715 309 827 827 827 827 827 1423 1034 1212 1192 557 827 827 827 827 827 2029 801 827 827 827 827 899 448 827 827 827 827 811 1594 788 827 827 827 827 1849 833 827 827 827
2596 2184 2184 2184 2184 2184 2184 2184 2184 1841 1549 2184 2184 2184 2184 2184 2197 2051 2577 2396 2542 2184 2184 2184 2184 2184 2116 2282 2184 2184 2184 2184 2014 2539 2184 2184 2184 2184 2154 2114 2181 2184 2184 2184 2184 3066 2764 2184 2184 2184
2359 1569 1569 1569 1569 1569 1569 1569 1569 1346 927 1569 1569 1569 1569 1569 1189 1562 2389 2506 2465 1569 1569 1569 1569 1569 1119 1771 1569 1569 1569 1569 1843 2475 1569 1569 1569 1569 1650 1263 1600 1569 1569 1569 1569 2424 2706 1569 1569 1569
2359 1569 1569 1569 1569 1569 1569 1569 1569 1346 927 1569 1569 1569 1569 1569 1189 1562 2389 2506 2465 1569 1569 1569 1569 1569 1119 1771 1569 1569 1569 1569 1843 2475 1569 1569 1569 1569 1650 1263 1600 1569 1569 1569 1569 2424 2706 1569 1569 1569
2359 1569 1569 1569 1569 1569 1569 1569 1569 1346 927 1569 1569 1569 1569 1569 1189 1562 2389 2506 2465 1569 1569 1569 1569 1569 1119 1771 1569 1569 1569 1569 1843 2475 1569 1569 1569 1569 1650 1263 1600 1569 1569 1569 1569 2424 2706 1569 1569 1569
2359 1569 1569 1569 1569 1569 1569 1569 1569 1346 927 1569 1569 1569 1569 1569 1189 1562 2389 2506 2465 1569 1569 1569 1569 1569 1119 1771 1569 1569 1569 1569 1843 2475 1569 1569 1569 1569 1650 1263 1600 1569 1569 1569 1569 2424 2706 1569 1569 1569
2359 1569 1569 1569 1569 1569 1569 1569 1569 1346 927 1569 1569 1569 1569 1569 1189 1562 2389 2506 2465 1569 1569 1569 1569 1569 1119 1771 1569 1569 1569 1569 1843 2475 1569 1569 1569 1569 1650 1263 1600 1569 1569 1569 1569 2424 2706 1569 1569 1569
2942 1300 1300 1300 1300 1300 1300 1300 1300 1538 702 1300 1300 1300 1300 1300 1320 2492 2930 3613 2385 1300 1300 1300 1300 1300 1257 1666 1300 1300 1300 1300 2449 2450 1300 1300 1300 1300 1712 1295 1402 1300 1300 1300 1300 2739 2809 1300 1300 1300
2282 1525 1525 1525 1525 1525 1525 1525 1525 1262 864 1525 1525 1525 1525 1525 1259 1539 2337 2356 2278 1525 1525 1525 1525 1525 1287 1702 1525 1525 1525 1525 1681 2274 1525 1525 1525 1525 1561 1346 1546 1525 1525 1525 1525 2411 2540 1525 1525 1525
2359 1569 1569 1569 1569 1569 1569 1569 1569 1346 927 1569 1569 1569 1569 1569 1189 1562 2389 2506 2465 1569 1569 1569 1569 1569 1119 1771 1569 1569 1569 1569 1843 2475 1569 1569 1569 1569 1650 1263 1600 1569 1569 1569 1569 2424 2706 1569 1569 1569
2359 1569 1569 1569 1569 1569 1569 1569 1569 1346 927 1569 1569 1569 1569 1569 1189 1562 2389 2506 2465 1569 1569 1569 1569 1569 1119 1771 1569 1569 1569 1569 1843 2475 1569 1569 1569 1569 1650 1263 1600 1569 1569 1569 1569 2424 2706 1569 1569 1569
2359 1569 1569 1569 1569 1569 1569 1569 1569 1346 927 1569 1569 1569 1569 1569 1189 1562 2389 2506 2465 1569 1569 1569 1569 1569 1119 1771 1569 1569 1569 1569 1843 2475 1569 1569 1569 1569 1650 1263 1600 1569 1569 1569 1569 2424 2706 1569 1569 1569
2359 1569 1569 1569 1569 1569 1569 1569 1569 1346 927 1569 1569 1569 1569 1569 1189 1562 2389 2506 2465 1569 1569 1569 1569 1569 1119 1771 1569 1569 1569 1569 1843 2475 1569 1569 1569 1569 1650 1263 1600 1569 1569 1569 1569 2424 2706 1569 1569 1569
1875 1086 1086 1086 1086 1086 1086 1086 1086 895 512 1086 1086 1086 1086 1086 1027 1141 1894 1836 1707 1086 1086 1086 1086 1086 1370 1190 1086 1086 1086 1086 1319 1596 1086 1086 1086 1086 1106 1248 1085 1086 1086 1086 1086 2040 1842 1086 1086 1086
2351 1954 1954 1954 1954 1954 1954 1954 1954 1637 1309 1954 1954 1954 1954 1954 2053 1767 2246 2100 2139 1954 1954 1954 1954 1954 2097 2018 1954 1954 1954 1954 1833 2104 1954 1954 1954 1954 1921 1976 1941 1954 1954 1954 1954 2867 2367 1954 1954 1954
2359 1569 1569 1569 1569 1569 1569 1569 1569 1346 927 1569 1569 1569 1569 1569 1189 1562 2389 2506 2465 1569 1569 1569 1569 1569 1119 1771 1569 1569 1569 1569 1843 2475 1569 1569 1569 1569 1650 1263 1600 1569 1569 1569 1569 2424 2706 1569 1569 1569
2359 1569 1569 1569 1569 1569 1569 1569 1569 1346 927 1569 1569 1569 1569 1569 1189 1562 2389 2506 2465 1569 1569 1569 1569 1569 1119 1771 1569 1569 1569 1569 1843 2475 1569 1569 1569 1569 1650 1263 1600 1569 1569 1569 1569 2424 2706 1569 1569 1569
2359 1569 1569 1569 1569 1569 1569 1569 1569 1346 927 1569 1569 1569 1569 1569 1189 1562 2389 2506 2465 1569 1569 1569 1569 1569 1119 1771 1569 1569 1569 1569 1843 2475 1569 1569 1569 1569 1650 1263 1600 1569 1569 1569 1569 2424 2706 1569 1569 1569
2359 1569 1569 1569 1569 1569 1569 1569 1569 1346 927 1569 1569 1569 1569 1569 1189 1562 2389 2506 2465 1569 1569 1569 1569 1569 1119 1771 1569 1569 1569 1569 1843 2475 1569 1569 1569 1569 1650 1263 1600 1569 1569 1569 1569 2424 2706 1569 1569 1569
2140 1464 1464 1464 1464 1464 1464 1464 1464 1251 824 1464 1464 1464 1464 1464 1054 1274 2116 2196 2323 1464 1464 1464 1464 1464 1034 1636 1464 1464 1464 1464 1737 2272 1464 1464 1464 1464 1521 1119 1487 1464 1464 1464 1464 2266 2490 1464 1464 1464
2807 1507 1507 1507 1507 1507 1507 1507 1507 1677 871 1507 1507 1507 1507 1507 1400 2303 2723 3370 2548 1507 1507 1507 1507 1507 1115 1843 1507 1507 1507 1507 2550 2617 1507 1507 1507 1507 1876 1173 1604 1507 1507 1507 1507 2836 2912 1507 1507 1507
2306 1502 1502 1502 1502 1502 1502 1502 1502 1276 853 1502 1502 1502 1502 1502 1153 1520 2345 2451 2372 1502 1502 1502 1502 1502 1122 1702 1502 1502 1502 1502 1771 2376 1502 1502 1502 1502 1576 1235 1532 1502 1502 1502 1502 2380 2621 1502 1502 1502
2359 1569 1569 1569 1569 1569 1569 1569 1569 1346 927 1569 1569 1569 1569 1569 1189 1562 2389 2506 2465 1569 1569 1569 1569 1569 1119 1771 1569 1569 1569 1569 1843 2475 1569 1569 1569 1569 1650 1263 1600 1569 1569 1569 1569 2424 2706 1569 1569 1569
2359 1569 1569 1569 1569 1569 1569 1569 1569 1346 927 1569 1569 1569 1569 1569 1189 1562 2389 2506 2465 1569 1569 1569 1569 1569 1119 1771 1569 1569 1569 1569 1843 2475 1569 1569 1569 1569 1650 1263 1600 1569 1569 1569 1569 2424 2706 1569 1569 1569
2359 1569 1569 1569 1569 1569 1569 1569 1569 1346 927 1569 1569 1569 1569 1569 1189 1562 2389 2506 2465 1569 1569 1569 1569 1569 1119 1771 1569 1569 1569 1569 1843 2475 1569 1569 1569 1569 1650 1263 1600 1569 1569 1569 1569 2424 2706 1569 1569 1569
2359 1569 1569 1569 1569 1569 1569 1569 1569 1346 927 1569 1569 1569 1569 1569 1189 1562 2389 2506 2465 1569 1569 1569 1569 1569 1119 1771 1569 1569 1569 1569 1843 2475 1569 1569 1569 1569 1650 1263 1600 1569 1569 1569 1569 2424 2706 1569 1569 1569
1740 838 838 838 838 838 838 838 838 794 303 838 838 838 838 838 852 859 1518 1840 1560 838 838 838 838 838 990 995 838 838 838 838 1257 1342 838 838 838 838 991 983 845 838 838 838 838 1796 1588 838 838 838
1908 1490 1490 1490 1490 1490 1490 1490 1490 1184 906 1490 1490 1490 1490 1490 1771 1307 1752 1606 1529 1490 1490 1490 1490 1490 2011 1505 1490 1490 1490 1490 1329 1433 1490 1490 1490 1490 1428 1785 1457 1490 1490 1490 1490 2402 1699 1490 1490 1490
2359 1569 1569 1569 1569 1569 1569 1569 1569 1346 927 1569 1569 1569 1569 1569 1189 1562 2389 2506 2465 1569 1569 1569 1569 1569 1119 1771 1569 1569 1569 1569 1843 2475 1569 1569 1569 1569 1650 1263 1600 1569 1569 1569 1569 2424 2706 1569 1569 1569
2359 1569 1569 1569 1569 1569 1569 1569 1569 1346 927 1569 1569 1569 1569 1569 1189 1562 2389 2506 2465 1569 1569 1569 1569 1569 1119 1771 1569 1569 1569 1569 1843 2475 1569 1569 1569 1569 1650 1263 1600 1569 1569 1569 1569 2424 2706 1569 1569 1569
2359 1569 1569 1569 1569 1569 1569 1569 1569 1346 927 1569 1569 1569 1569 1569 1189 1562 2389 2506 2465 1569 1569 1569 1569 1569 1119 1771 1569 1569 1569 1569 1843 2475 1569 1569 1569 1569 1650 1263 1600 1569 1569 1569 1569 2424 2706 1569 1569 1569
