5226 -1375 -545 1572 -37 -672 -4275 -149 -2826 -357 -387 1110 -108 -108 -646 2035 -636 983 -1260 204 685 -726 2991 -3085 2487 -1292 33 2104 -3914 2431 1350 973 -2386 -1411 530 -1899 2958 1299 -3180 -1562 2240 2955 -3604 -564 1516 96 -3506 -327 -1784 -435 -2698 3139 1960 -277 1140 1733 -223 240 -861 1462 -837 -675 2273 3869
4003 -4466 -1497 430 -2925 -1960 -5545 608 -2049 -825 1069 210 1817 1428 -1622 2413 -424 -303 -1139 -2192 -103 -620 1171 -3601 3597 153 -2385 1956 -3525 2315 -440 91 -1329 1139 2464 -1573 3532 1296 181 -2485 2153 2263 -2070 -836 3354 -1230 -3075 1512 -3116 -3027 -2960 2641 3249 -901 2085 -287 -1516 -1493 -672 -190 -2373 1129 4555 4974
4003 -4466 -1497 430 -2925 -1960 -5545 608 -2049 -825 1069 210 1817 1428 -1622 2413 -424 -303 -1139 -2192 -103 -620 1171 -3601 3597 153 -2385 1956 -3525 2315 -440 91 -1329 1139 2464 -1573 3532 1296 181 -2485 2153 2263 -2070 -836 3354 -1230 -3075 1512 -3116 -3027 -2960 2641 3249 -901 2085 -287 -1516 -1493 -672 -190 -2373 1129 4555 4974
4003 -4466 -1497 430 -2925 -1960 -5545 608 -2049 -825 1069 210 1817 1428 -1622 2413 -424 -303 -1139 -2192 -103 -620 1171 -3601 3597 153 -2385 1956 -3525 2315 -440 91 -1329 1139 2464 -1573 3532 1296 181 -2485 2153 2263 -2070 -836 3354 -1230 -3075 1512 -3116 -3027 -2960 2641 3249 -901 2085 -287 -1516 -1493 -672 -190 -2373 1129 4555 4974
4003 -4466 -1497 430 -2925 -1960 -5545 608 -2049 -825 1069 210 1817 1428 -1622 2413 -424 -303 -1139 -2192 -103 -620 1171 -3601 3597 153 -2385 1956 -3525 2315 -440 91 -1329 1139 2464 -1573 3532 1296 181 -2485 2153 2263 -2070 -836 3354 -1230 -3075 1512 -3116 -3027 -2960 2641 3249 -901 2085 -287 -1516 -1493 -672 -190 -2373 1129 4555 4974
4003 -4466 -1497 430 -2925 -1960 -5545 608 -2049 -825 1069 210 1817 1428 -1622 2413 -424 -303 -1139 -2192 -103 -620 1171 -3601 3597 153 -2385 1956 -3525 2315 -440 91 -1329 1139 2464 -1573 3532 1296 181 -2485 2153 2263 -2070 -836 3354 -1230 -3075 1512 -3116 -3027 -2960 2641 3249 -901 2085 -287 -1516 -1493 -672 -190 -2373 1129 4555 4974
4003 -4466 -1497 430 -2925 -1960 -5545 608 -2049 -825 1069 210 1817 1428 -1622 2413 -424 -303 -1139 -2192 -103 -620 1171 -3601 3597 153 -2385 1956 -3525 2315 -440 91 -1329 1139 2464 -1573 3532 1296 181 -2485 2153 2263 -2070 -836 3354 -1230 -3075 1512 -3116 -3027 -2960 2641 3249 -901 2085 -287 -1516 -1493 -672 -190 -2373 1129 4555 4974
4003 -4466 -1497 430 -2925 -1960 -5545 608 -2049 -825 1069 210 1817 1428 -1622 2413 -424 -303 -1139 -2192 -103 -620 1171 -3601 3597 153 -2385 1956 -3525 2315 -440 91 -1329 1139 2464 -1573 3532 1296 181 -2485 2153 2263 -2070 -836 3354 -1230 -3075 1512 -3116 -3027 -2960 2641 3249 -901 2085 -287 -1516 -1493 -672 -190 -2373 1129 4555 4974
4003 -4466 -1497 430 -2925 -1960 -5545 608 -2049 -825 1069 210 1817 1428 -1622 2413 -424 -303 -1139 -2192 -103 -620 1171 -3601 3597 153 -2385 1956 -3525 2315 -440 91 -1329 1139 2464 -1573 3532 1296 181 -2485 2153 2263 -2070 -836 3354 -1230 -3075 1512 -3116 -3027 -2960 2641 3249 -901 2085 -287 -1516 -1493 -672 -190 -2373 1129 4555 4974
4326 -3516 -1152 447 -2540 -1719 -5467 244 -1922 148 1012 -537 2058 2164 -1723 2740 -575 -1540 -1777 -2239 -215 0 1415 -3750 3809 206 -2060 2975 -3037 2179 -469 -41 -1974 436 1996 -2165 4207 1258 -776 -2540 3650 3514 -1460 -101 3061 -741 -3535 1262 -2175 -2804 -2985 2893 4549 -274 2278 -27 -1937 -1063 -1043 314 -2937 687 4189 4810
4512 -4227 -639 357 -3207 -2308 -4884 -127 -1363 -767 924 -166 1257 1897 -995 2735 -200 -393 -1702 -1612 -467 -579 1545 -3692 3575 1297 -1812 2494 -2934 821 -401 86 -1901 492 2143 -438 3726 1940 -375 -3116 2260 2804 -2660 -720 2283 -925 -4017 1330 -3315 -2052 -3495 2260 3659 -427 1638 -1246 -1282 -1323 -391 323 -2001 723 4098 4414
4003 -4466 -1497 430 -2925 -1960 -5545 608 -2049 -825 1069 210 1817 1428 -1622 2413 -424 -303 -1139 -2192 -103 -620 1171 -3601 3597 153 -2385 1956 -3525 2315 -440 91 -1329 1139 2464 -1573 3532 1296 181 -2485 2153 2263 -2070 -836 3354 -1230 -3075 1512 -3116 -3027 -2960 2641 3249 -901 2085 -287 -1516 -1493 -672 -190 -2373 1129 4555 4974
4003 -4466 -1497 430 -2925 -1960 -5545 608 -2049 -825 1069 210 1817 1428 -1622 2413 -424 -303 -1139 -2192 -103 -620 1171 -3601 3597 153 -2385 1956 -3525 2315 -440 91 -1329 1139 2464 -1573 3532 1296 181 -2485 2153 2263 -2070 -836 3354 -1230 -3075 1512 -3116 -3027 -2960 2641 3249 -901 2085 -287 -1516 -1493 -672 -190 -2373 1129 4555 4974
4003 -4466 -1497 430 -2925 -1960 -5545 608 -2049 -825 1069 210 1817 1428 -1622 2413 -424 -303 -1139 -2192 -103 -620 1171 -3601 3597 153 -2385 1956 -3525 2315 -440 91 -1329 1139 2464 -1573 3532 1296 181 -2485 2153 2263 -2070 -836 3354 -1230 -3075 1512 -3116 -3027 -2960 2641 3249 -901 2085 -287 -1516 -1493 -672 -190 -2373 1129 4555 4974
4003 -4466 -1497 430 -2925 -1960 -5545 608 -2049 -825 1069 210 1817 1428 -1622 2413 -424 -303 -1139 -2192 -103 -620 1171 -3601 3597 153 -2385 1956 -3525 2315 -440 91 -1329 1139 2464 -1573 3532 1296 181 -2485 2153 2263 -2070 -836 3354 -1230 -3075 1512 -3116 -3027 -2960 2641 3249 -901 2085 -287 -1516 -1493 -672 -190 -2373 1129 4555 4974
4003 -4466 -1497 430 -2925 -1960 -5545 608 -2049 -825 1069 210 1817 1428 -1622 2413 -424 -303 -1139 -2192 -103 -620 1171 -3601 3597 153 -2385 1956 -3525 2315 -440 91 -1329 1139 2464 -1573 3532 1296 181 -2485 2153 2263 -2070 -836 3354 -1230 -3075 1512 -3116 -3027 -2960 2641 3249 -901 2085 -287 -1516 -1493 -672 -190 -2373 1129 4555 4974
5764 -3481 -1447 1418 -2580 236 -5683 275 -2758 -886 1139 428 0 637 -2554 2153 -871 1072 -2 -1933 1581 -756 3184 -950 2567 191 -867 1255 -4285 1332 -123 195 -346 -69 3223 -4 2718 -251 164 -4195 1719 1154 -3777 -2062 3140 -1181 -3659 1509 -3085 -3736 -2978 2259 1862 -977 4311 1634 1176 1043 -142 -1173 -586 613 3932 4549
4418 -2174 -1879 3181 -491 1253 -5077 -1030 -2831 -9 11 1149 -994 -1851 -3229 1927 -425 829 -768 188 803 -764 3752 273 1288 -2374 -285 -368 -3905 2806 2320 -548 -457 -883 2833 795 1735 -350 -3521 -2861 1621 308 -4081 -2293 1893 -1265 -2810 142 -282 -2038 -1088 3128 187 -867 3060 2058 637 1658 -860 11 484 -1052 1903 4401
4405 -1598 -1807 2468 1353 634 -5078 76 -3801 283 -851 1696 -629 -1739 -1975 1591 -667 1382 -717 46 532 -1204 3427 -445 1822 -3309 -489 -467 -4229 3864 2317 731 -744 -1131 2339 -537 1523 177 -3142 -1427 1486 277 -4147 -1741 2160 -319 -1873 -499 -435 -1464 -1396 3278 -631 -1809 2128 2427 530 889 -1663 -338 -622 -776 1690 4320
4453 -572 -1106 2489 2229 892 -3837 837 -3588 1118 -1757 1441 -1227 -1258 -2402 1248 -1939 237 -1010 171 1403 -592 2822 14 2073 -2714 216 556 -4422 3823 1869 1162 -1792 -2300 1325 -2138 1748 -811 -3973 -788 2473 2070 -3397 -1121 1544 428 -1864 -1142 557 -1059 -1111 3553 940 -901 2014 3821 313 1973 -1308 -310 -1507 -1110 1762 4215
4617 -3006 -1503 206 -1572 -878 -4889 -117 -2704 370 238 2481 1140 2100 -648 627 123 -550 -1301 -1416 -1033 -1030 1916 -2382 4024 724 -2368 1401 -3041 1925 654 1568 -2252 262 1564 -760 5182 2748 -1534 -1570 1315 1881 -3513 -358 2321 521 -3980 146 -1010 -1040 -3630 2654 2228 -618 -185 998 -1480 -1099 -398 2008 -3869 355 5042 3768
4003 -4466 -1497 430 -2925 -1960 -5545 608 -2049 -825 1069 210 1817 1428 -1622 2413 -424 -303 -1139 -2192 -103 -620 1171 -3601 3597 153 -2385 1956 -3525 2315 -440 91 -1329 1139 2464 -1573 3532 1296 181 -2485 2153 2263 -2070 -836 3354 -1230 -3075 1512 -3116 -3027 -2960 2641 3249 -901 2085 -287 -1516 -1493 -672 -190 -2373 1129 4555 4974
4003 -4466 -1497 430 -2925 -1960 -5545 608 -2049 -825 1069 210 1817 1428 -1622 2413 -424 -303 -1139 -2192 -103 -620 1171 -3601 3597 153 -2385 1956 -3525 2315 -440 91 -1329 1139 2464 -1573 3532 1296 181 -2485 2153 2263 -2070 -836 3354 -1230 -3075 1512 -3116 -3027 -2960 2641 3249 -901 2085 -287 -1516 -1493 -672 -190 -2373 1129 4555 4974
4003 -4466 -1497 430 -2925 -1960 -5545 608 -2049 -825 1069 210 1817 1428 -1622 2413 -424 -303 -1139 -2192 -103 -620 1171 -3601 3597 153 -2385 1956 -3525 2315 -440 91 -1329 1139 2464 -1573 3532 1296 181 -2485 2153 2263 -2070 -836 3354 -1230 -3075 1512 -3116 -3027 -2960 2641 3249 -901 2085 -287 -1516 -1493 -672 -190 -2373 1129 4555 4974
4003 -4466 -1497 430 -2925 -1960 -5545 608 -2049 -825 1069 210 1817 1428 -1622 2413 -424 -303 -1139 -2192 -103 -620 1171 -3601 3597 153 -2385 1956 -3525 2315 -440 91 -1329 1139 2464 -1573 3532 1296 181 -2485 2153 2263 -2070 -836 3354 -1230 -3075 1512 -3116 -3027 -2960 2641 3249 -901 2085 -287 -1516 -1493 -672 -190 -2373 1129 4555 4974
4003 -4466 -1497 430 -2925 -1960 -5545 608 -2049 -825 1069 210 1817 1428 -1622 2413 -424 -303 -1139 -2192 -103 -620 1171 -3601 3597 153 -2385 1956 -3525 2315 -440 91 -1329 1139 2464 -1573 3532 1296 181 -2485 2153 2263 -2070 -836 3354 -1230 -3075 1512 -3116 -3027 -2960 2641 3249 -901 2085 -287 -1516 -1493 -672 -190 -2373 1129 4555 4974
6947 -920 -394 1753 -147 -732 -4344 162 -1597 -2378 -79 121 -1049 -1505 -717 3148 -1127 3609 -493 115 1956 -1343 2279 -2885 1410 -1490 2172 1968 -3932 244 1553 612 -793 -1825 351 -2254 1081 -1244 -1323 -3071 359 1114 -4650 -1267 1295 -162 -4210 -297 -4838 -1686 -3580 1592 2015 -840 2617 1710 2406 1362 -343 -984 1670 -633 1692 4070
3774 -4535 -1669 675 -2738 -1622 -5494 644 -2352 -431 892 667 1626 1507 -1700 2079 -641 -219 -1109 -2228 66 -629 1459 -3496 3348 -97 -2502 1596 -3598 2736 -100 297 -1703 1066 2813 -1450 3536 1313 -270 -2443 2541 2492 -2118 -766 3516 -842 -2874 1378 -2687 -2547 -2538 2984 2913 -602 2152 106 -1510 -1483 -577 317 -2393 1165 4447 4820
4003 -4466 -1497 430 -2925 -1960 -5545 608 -2049 -825 1069 210 1817 1428 -1622 2413 -424 -303 -1139 -2192 -103 -620 1171 -3601 3597 153 -2385 1956 -3525 2315 -440 91 -1329 1139 2464 -1573 3532 1296 181 -2485 2153 2263 -2070 -836 3354 -1230 -3075 1512 -3116 -3027 -2960 2641 3249 -901 2085 -287 -1516 -1493 -672 -190 -2373 1129 4555 4974
4003 -4466 -1497 430 -2925 -1960 -5545 608 -2049 -825 1069 210 1817 1428 -1622 2413 -424 -303 -1139 -2192 -103 -620 1171 -3601 3597 153 -2385 1956 -3525 2315 -440 91 -1329 1139 2464 -1573 3532 1296 181 -2485 2153 2263 -2070 -836 3354 -1230 -3075 1512 -3116 -3027 -2960 2641 3249 -901 2085 -287 -1516 -1493 -672 -190 -2373 1129 4555 4974
4003 -4466 -1497 430 -2925 -1960 -5545 608 -2049 -825 1069 210 1817 1428 -1622 2413 -424 -303 -1139 -2192 -103 -620 1171 -3601 3597 153 -2385 1956 -3525 2315 -440 91 -1329 1139 2464 -1573 3532 1296 181 -2485 2153 2263 -2070 -836 3354 -1230 -3075 1512 -3116 -3027 -2960 2641 3249 -901 2085 -287 -1516 -1493 -672 -190 -2373 1129 4555 4974
4003 -4466 -1497 430 -2925 -1960 -5545 608 -2049 -825 1069 210 1817 1428 -1622 2413 -424 -303 -1139 -2192 -103 -620 1171 -3601 3597 153 -2385 1956 -3525 2315 -440 91 -1329 1139 2464 -1573 3532 1296 181 -2485 2153 2263 -2070 -836 3354 -1230 -3075 1512 -3116 -3027 -2960 2641 3249 -901 2085 -287 -1516 -1493 -672 -190 -2373 1129 4555 4974
4671 -2392 -209 1133 -364 -2472 -4742 1299 -2349 595 -307 -1194 862 1279 -1300 2841 -2149 -1041 -1524 -1658 1159 280 865 -3997 3352 129 -509 3943 -3185 1779 -1727 300 -2654 -806 1070 -4266 3120 856 -1194 -1428 4427 4784 -1107 1117 1684 177 -2769 684 -1939 -1471 -3006 2847 5009 -449 1303 1388 -1672 -15 -624 -150 -3029 725 3580 4396
4014 -2331 -1978 676 -1384 -574 -5106 -1094 -2847 351 120 2302 892 1067 -1319 826 892 -575 -1462 -764 -1843 -1147 2331 -1572 3598 -700 -2193 1072 -3008 2551 1553 752 -1407 64 1717 96 5197 2554 -2296 -1565 1056 1386 -3464 -1048 1784 -94 -3537 221 453 -879 -2555 2778 1561 -609 -364 1022 -1777 -877 -926 2026 -2683 -126 3893 3649
4003 -4466 -1497 430 -2925 -1960 -5545 608 -2049 -825 1069 210 1817 1428 -1622 2413 -424 -303 -1139 -2192 -103 -620 1171 -3601 3597 153 -2385 1956 -3525 2315 -440 91 -1329 1139 2464 -1573 3532 1296 181 -2485 2153 2263 -2070 -836 3354 -1230 -3075 1512 -3116 -3027 -2960 2641 3249 -901 2085 -287 -1516 -1493 -672 -190 -2373 1129 4555 4974
4003 -4466 -1497 430 -2925 -1960 -5545 608 -2049 -825 1069 210 1817 1428 -1622 2413 -424 -303 -1139 -2192 -103 -620 1171 -3601 3597 153 -2385 1956 -3525 2315 -440 91 -1329 1139 2464 -1573 3532 1296 181 -2485 2153 2263 -2070 -836 3354 -1230 -3075 1512 -3116 -3027 -2960 2641 3249 -901 2085 -287 -1516 -1493 -672 -190 -2373 1129 4555 4974
4003 -4466 -1497 430 -2925 -1960 -5545 608 -2049 -825 1069 210 1817 1428 -1622 2413 -424 -303 -1139 -2192 -103 -620 1171 -3601 3597 153 -2385 1956 -3525 2315 -440 91 -1329 1139 2464 -1573 3532 1296 181 -2485 2153 2263 -2070 -836 3354 -1230 -3075 1512 -3116 -3027 -2960 2641 3249 -901 2085 -287 -1516 -1493 -672 -190 -2373 1129 4555 4974
4003 -4466 -1497 430 -2925 -1960 -5545 608 -2049 -825 1069 210 1817 1428 -1622 2413 -424 -303 -1139 -2192 -103 -620 1171 -3601 3597 153 -2385 1956 -3525 2315 -440 91 -1329 1139 2464 -1573 3532 1296 181 -2485 2153 2263 -2070 -836 3354 -1230 -3075 1512 -3116 -3027 -2960 2641 3249 -901 2085 -287 -1516 -1493 -672 -190 -2373 1129 4555 4974
4178 -4173 -1501 207 -2497 -2041 -5197 923 -2126 -205 853 195 1771 2059 -1787 2144 -934 -1142 -1482 -2171 12 -265 1162 -3486 3422 452 -2422 2555 -3567 2416 -585 129 -1799 873 2191 -1927 4163 1091 -333 -2279 3154 3032 -1652 -472 3283 -964 -3043 1312 -2435 -2910 -3163 2990 4028 -638 2083 272 -1638 -1263 -755 147 -3230 1001 4501 5039
6439 -974 -1283 1282 -1350 -602 -4590 -840 -1107 -2720 260 876 -805 -681 -1289 2540 301 2118 -1236 90 -343 -1624 2195 -1827 2120 -1023 1006 1808 -3976 279 2501 786 -545 -1231 531 -459 3289 85 -2021 -3112 -594 637 -4881 -2227 1162 -1320 -5191 -186 -2779 -1735 -3546 1539 2202 -499 1312 720 1271 722 -319 -58 447 -1009 2643 3848
3915 -4542 -1578 553 -2939 -1860 -5504 593 -2041 -759 1036 313 1754 1414 -1695 2350 -555 -282 -1131 -2178 -10 -580 1212 -3550 3474 92 -2391 1857 -3540 2408 -321 104 -1484 1106 2562 -1547 3520 1260 -32 -2469 2276 2368 -2034 -803 3399 -1150 -3016 1470 -2992 -2875 -2809 2773 3205 -765 2114 -153 -1525 -1453 -594 45 -2316 1154 4550 4933
4003 -4466 -1497 430 -2925 -1960 -5545 608 -2049 -825 1069 210 1817 1428 -1622 2413 -424 -303 -1139 -2192 -103 -620 1171 -3601 3597 153 -2385 1956 -3525 2315 -440 91 -1329 1139 2464 -1573 3532 1296 181 -2485 2153 2263 -2070 -836 3354 -1230 -3075 1512 -3116 -3027 -2960 2641 3249 -901 2085 -287 -1516 -1493 -672 -190 -2373 1129 4555 4974
4003 -4466 -1497 430 -2925 -1960 -5545 608 -2049 -825 1069 210 1817 1428 -1622 2413 -424 -303 -1139 -2192 -103 -620 1171 -3601 3597 153 -2385 1956 -3525 2315 -440 91 -1329 1139 2464 -1573 3532 1296 181 -2485 2153 2263 -2070 -836 3354 -1230 -3075 1512 -3116 -3027 -2960 2641 3249 -901 2085 -287 -1516 -1493 -672 -190 -2373 1129 4555 4974
4003 -4466 -1497 430 -2925 -1960 -5545 608 -2049 -825 1069 210 1817 1428 -1622 2413 -424 -303 -1139 -2192 -103 -620 1171 -3601 3597 153 -2385 1956 -3525 2315 -440 91 -1329 1139 2464 -1573 3532 1296 181 -2485 2153 2263 -2070 -836 3354 -1230 -3075 1512 -3116 -3027 -2960 2641 3249 -901 2085 -287 -1516 -1493 -672 -190 -2373 1129 4555 4974
4003 -4466 -1497 430 -2925 -1960 -5545 608 -2049 -825 1069 210 1817 1428 -1622 2413 -424 -303 -1139 -2192 -103 -620 1171 -3601 3597 153 -2385 1956 -3525 2315 -440 91 -1329 1139 2464 -1573 3532 1296 181 -2485 2153 2263 -2070 -836 3354 -1230 -3075 1512 -3116 -3027 -2960 2641 3249 -901 2085 -287 -1516 -1493 -672 -190 -2373 1129 4555 4974
5780 -3782 -1513 1398 41 -1535 -4670 2350 -3163 -740 -482 1452 -331 -701 -1708 1306 -3051 1442 -21 -1029 3045 -667 1803 -1803 1862 -687 -656 1764 -4935 2435 -1475 514 -1928 -327 2013 -2684 1620 -911 -622 -1160 2232 2032 -3541 -642 2601 -259 -2100 173 -3201 -2673 -3376 2972 1775 -2002 2588 2907 505 867 295 -1330 -2171 845 3624 4660
2891 -2123 -2480 1260 -879 -592 -5509 -995 -2917 422 -205 1968 936 536 -1934 893 814 75 -1458 -868 -1791 -1044 2034 -1963 3143 -2657 -2462 803 -3465 4142 2067 619 -1252 230 2177 -441 4807 1831 -2548 -1121 1770 1567 -2537 -1324 2136 -114 -2414 346 1021 -1128 -1299 3331 1262 -1052 441 1479 -2093 -1503 -1632 1642 -2211 -7 3155 3666
4003 -4466 -1497 430 -2925 -1960 -5545 608 -2049 -825 1069 210 1817 1428 -1622 2413 -424 -303 -1139 -2192 -103 -620 1171 -3601 3597 153 -2385 1956 -3525 2315 -440 91 -1329 1139 2464 -1573 3532 1296 181 -2485 2153 2263 -2070 -836 3354 -1230 -3075 1512 -3116 -3027 -2960 2641 3249 -901 2085 -287 -1516 -1493 -672 -190 -2373 1129 4555 4974
4003 -4466 -1497 430 -2925 -1960 -5545 608 -2049 -825 1069 210 1817 1428 -1622 2413 -424 -303 -1139 -2192 -103 -620 1171 -3601 3597 153 -2385 1956 -3525 2315 -440 91 -1329 1139 2464 -1573 3532 1296 181 -2485 2153 2263 -2070 -836 3354 -1230 -3075 1512 -3116 -3027 -2960 2641 3249 -901 2085 -287 -1516 -1493 -672 -190 -2373 1129 4555 4974
4003 -4466 -1497 430 -2925 -1960 -5545 608 -2049 -825 1069 210 1817 1428 -1622 2413 -424 -303 -1139 -2192 -103 -620 1171 -3601 3597 153 -2385 1956 -3525 2315 -440 91 -1329 1139 2464 -1573 3532 1296 181 -2485 2153 2263 -2070 -836 3354 -1230 -3075 1512 -3116 -3027 -2960 2641 3249 -901 2085 -287 -1516 -1493 -672 -190 -2373 1129 4555 4974
