-4812 -323 3241 5171 -131 -1346 -1372 2536 958 4000 2787 -4318 319 -5270 -4584 -7216 -2576 -1104 -947 -3649 -8229 225 -4580 4474 -3597 1659 -1596 3554 3468 59 -663 -1483 1655 2537 -1091 20 -2213 1423 7402 -3554 1030 -3483 -3110 2858 2517 2801 -1572 327 1070 -1301 -3474 637 194 1127 -1039 -5955 2428 -996 -1796 9047 -184 -1186 -2021 -1800
-967 -2342 3529 3845 6293 -2115 -5443 2080 4879 1952 826 -3503 -2919 -1547 -2705 -7446 -6453 661 -4879 -2060 -11231 -4117 -4049 415 -6514 1701 -2150 393 3319 -500 -2722 1708 5553 2624 -1704 -454 -4453 1392 4656 -6847 2612 -3036 855 3567 553 6128 -4110 -270 -327 994 -475 -1567 -2906 -2568 -550 -1661 -101 3971 3230 12743 -608 -3602 -986 -2665
-967 -2342 3529 3845 6293 -2115 -5443 2080 4879 1952 826 -3503 -2919 -1547 -2705 -7446 -6453 661 -4879 -2060 -11231 -4117 -4049 415 -6514 1701 -2150 393 3319 -500 -2722 1708 5553 2624 -1704 -454 -4453 1392 4656 -6847 2612 -3036 855 3567 553 6128 -4110 -270 -327 994 -475 -1567 -2906 -2568 -550 -1661 -101 3971 3230 12743 -608 -3602 -986 -2665
-967 -2342 3529 3845 6293 -2115 -5443 2080 4879 1952 826 -3503 -2919 -1547 -2705 -7446 -6453 661 -4879 -2060 -11231 -4117 -4049 415 -6514 1701 -2150 393 3319 -500 -2722 1708 5553 2624 -1704 -454 -4453 1392 4656 -6847 2612 -3036 855 3567 553 6128 -4110 -270 -327 994 -475 -1567 -2906 -2568 -550 -1661 -101 3971 3230 12743 -608 -3602 -986 -2665
-967 -2342 3529 3845 6293 -2115 -5443 2080 4879 1952 826 -3503 -2919 -1547 -2705 -7446 -6453 661 -4879 -2060 -11231 -4117 -4049 415 -6514 1701 -2150 393 3319 -500 -2722 1708 5553 2624 -1704 -454 -4453 1392 4656 -6847 2612 -3036 855 3567 553 6128 -4110 -270 -327 994 -475 -1567 -2906 -2568 -550 -1661 -101 3971 3230 12743 -608 -3602 -986 -2665
-967 -2342 3529 3845 6293 -2115 -5443 2080 4879 1952 826 -3503 -2919 -1547 -2705 -7446 -6453 661 -4879 -2060 -11231 -4117 -4049 415 -6514 1701 -2150 393 3319 -500 -2722 1708 5553 2624 -1704 -454 -4453 1392 4656 -6847 2612 -3036 855 3567 553 6128 -4110 -270 -327 994 -475 -1567 -2906 -2568 -550 -1661 -101 3971 3230 12743 -608 -3602 -986 -2665
-967 -2342 3529 3845 6293 -2115 -5443 2080 4879 1952 826 -3503 -2919 -1547 -2705 -7446 -6453 661 -4879 -2060 -11231 -4117 -4049 415 -6514 1701 -2150 393 3319 -500 -2722 1708 5553 2624 -1704 -454 -4453 1392 4656 -6847 2612 -3036 855 3567 553 6128 -4110 -270 -327 994 -475 -1567 -2906 -2568 -550 -1661 -101 3971 3230 12743 -608 -3602 -986 -2665
-967 -2342 3529 3845 6293 -2115 -5443 2080 4879 1952 826 -3503 -2919 -1547 -2705 -7446 -6453 661 -4879 -2060 -11231 -4117 -4049 415 -6514 1701 -2150 393 3319 -500 -2722 1708 5553 2624 -1704 -454 -4453 1392 4656 -6847 2612 -3036 855 3567 553 6128 -4110 -270 -327 994 -475 -1567 -2906 -2568 -550 -1661 -101 3971 3230 12743 -608 -3602 -986 -2665
-967 -2342 3529 3845 6293 -2115 -5443 2080 4879 1952 826 -3503 -2919 -1547 -2705 -7446 -6453 661 -4879 -2060 -11231 -4117 -4049 415 -6514 1701 -2150 393 3319 -500 -2722 1708 5553 2624 -1704 -454 -4453 1392 4656 -6847 2612 -3036 855 3567 553 6128 -4110 -270 -327 994 -475 -1567 -2906 -2568 -550 -1661 -101 3971 3230 12743 -608 -3602 -986 -2665
-1131 -2122 5292 3824 5451 -1147 -4523 2167 4529 1741 1911 -3572 -2929 -3095 -4609 -7076 -6864 2234 -4183 93 -10598 -3898 -4223 -53 -7373 1874 -2723 2416 5197 -237 -2855 -206 3241 2023 -1195 -1182 -5747 1943 4300 -6789 823 -3990 323 4676 1684 6746 -3550 -1737 -1203 2320 -1654 -744 -2238 -3114 1047 -1268 1470 3138 2366 14596 1117 -3950 413 -4743
563 -3402 3246 4569 5013 -1260 -3365 3110 4327 1846 1029 -3229 -2814 -2888 -4586 -6290 -6469 1217 -6490 -1394 -10578 -2796 -1841 -208 -5133 4318 -2872 1523 3662 -674 -4170 998 4184 2531 1110 1413 -5433 23 3962 -5291 1516 -4596 425 5067 823 4487 -2657 -144 2415 408 -996 -1734 -1324 -2780 1794 -1203 -1022 2884 3284 12410 164 -2603 -150 -2828
-967 -2342 3529 3845 6293 -2115 -5443 2080 4879 1952 826 -3503 -2919 -1547 -2705 -7446 -6453 661 -4879 -2060 -11231 -4117 -4049 415 -6514 1701 -2150 393 3319 -500 -2722 1708 5553 2624 -1704 -454 -4453 1392 4656 -6847 2612 -3036 855 3567 553 6128 -4110 -270 -327 994 -475 -1567 -2906 -2568 -550 -1661 -101 3971 3230 12743 -608 -3602 -986 -2665
-967 -2342 3529 3845 6293 -2115 -5443 2080 4879 1952 826 -3503 -2919 -1547 -2705 -7446 -6453 661 -4879 -2060 -11231 -4117 -4049 415 -6514 1701 -2150 393 3319 -500 -2722 1708 5553 2624 -1704 -454 -4453 1392 4656 -6847 2612 -3036 855 3567 553 6128 -4110 -270 -327 994 -475 -1567 -2906 -2568 -550 -1661 -101 3971 3230 12743 -608 -3602 -986 -2665
-967 -2342 3529 3845 6293 -2115 -5443 2080 4879 1952 826 -3503 -2919 -1547 -2705 -7446 -6453 661 -4879 -2060 -11231 -4117 -4049 415 -6514 1701 -2150 393 3319 -500 -2722 1708 5553 2624 -1704 -454 -4453 1392 4656 -6847 2612 -3036 855 3567 553 6128 -4110 -270 -327 994 -475 -1567 -2906 -2568 -550 -1661 -101 3971 3230 12743 -608 -3602 -986 -2665
-967 -2342 3529 3845 6293 -2115 -5443 2080 4879 1952 826 -3503 -2919 -1547 -2705 -7446 -6453 661 -4879 -2060 -11231 -4117 -4049 415 -6514 1701 -2150 393 3319 -500 -2722 1708 5553 2624 -1704 -454 -4453 1392 4656 -6847 2612 -3036 855 3567 553 6128 -4110 -270 -327 994 -475 -1567 -2906 -2568 -550 -1661 -101 3971 3230 12743 -608 -3602 -986 -2665
-967 -2342 3529 3845 6293 -2115 -5443 2080 4879 1952 826 -3503 -2919 -1547 -2705 -7446 -6453 661 -4879 -2060 -11231 -4117 -4049 415 -6514 1701 -2150 393 3319 -500 -2722 1708 5553 2624 -1704 -454 -4453 1392 4656 -6847 2612 -3036 855 3567 553 6128 -4110 -270 -327 994 -475 -1567 -2906 -2568 -550 -1661 -101 3971 3230 12743 -608 -3602 -986 -2665
-3309 -489 2115 4213 2914 -3584 -5286 -151 1571 2847 1273 -3202 -3625 -2678 -1669 -7805 -4232 729 -1562 -1837 -8876 -4450 -6859 1859 -5248 -1122 -2918 2115 3319 418 1155 -582 5918 1106 -4551 -3407 -3398 2952 5841 -5612 1110 -124 -2939 4394 1361 5979 -3119 419 -1802 236 -1155 1161 -2837 89 -2193 -2503 2051 1787 -385 10234 -1562 -4430 -143 -1657
-6752 1794 3923 3735 1603 -728 -2299 -3020 759 3075 2611 -4006 -9 -893 -368 -7425 -3061 -1010 1788 -4644 -7012 -1023 -6124 3990 -3727 -4195 -4257 2131 2010 727 3026 -2946 6058 1419 -4304 -1147 -770 3507 8672 -5469 1023 -475 -3865 247 1955 7018 -1943 5344 -2528 -3390 -2394 2731 -1303 2653 -5232 -5126 3695 -644 -3308 9248 -2070 -3251 -2026 1813
-6668 2181 3953 2487 2242 546 -2423 -1957 6 3773 3307 -2636 2811 -1860 -860 -7429 -2833 -1218 1095 -5828 -5590 -1023 -5966 4969 -3215 -3989 -2019 2282 3570 591 1299 -1037 6656 2140 -6495 -195 296 2636 10482 -5505 2665 946 -3060 -584 1850 6359 578 5082 -2521 -4198 -1291 2052 -1744 2628 -4905 -6939 2729 659 -3525 10104 -2219 -1676 -2636 2614
-8703 1112 6349 2884 711 222 -1920 -1725 758 2885 4067 -4213 2334 -4415 -3141 -6265 -4247 -223 3686 -3831 -3572 -179 -7760 3362 -3303 -4928 -2512 5430 4436 1847 2468 -2885 2103 909 -5170 411 -748 4058 9541 -4466 -1035 -721 -4802 1973 2917 5868 1267 3103 -2803 -3077 -4735 2037 -984 416 -1647 -6504 6192 -1316 -6563 12222 -873 -2363 -2732 1336
-3771 -1205 6900 2015 4295 -180 -2418 279 2863 2498 3486 -2875 1884 -2391 -3031 -8696 -5344 -1811 -6521 -4102 -10696 -1161 -4188 4652 -3541 4054 -1295 -1590 2757 -1240 -2790 566 4432 3412 160 2785 -1567 -228 4555 -5431 5684 -2576 1258 -190 1810 6461 -2253 2971 5370 -2830 -2582 651 -3022 -728 -293 -3979 -1188 4407 849 11193 1012 1080 -2917 -6
-967 -2342 3529 3845 6293 -2115 -5443 2080 4879 1952 826 -3503 -2919 -1547 -2705 -7446 -6453 661 -4879 -2060 -11231 -4117 -4049 415 -6514 1701 -2150 393 3319 -500 -2722 1708 5553 2624 -1704 -454 -4453 1392 4656 -6847 2612 -3036 855 3567 553 6128 -4110 -270 -327 994 -475 -1567 -2906 -2568 -550 -1661 -101 3971 3230 12743 -608 -3602 -986 -2665
-967 -2342 3529 3845 6293 -2115 -5443 2080 4879 1952 826 -3503 -2919 -1547 -2705 -7446 -6453 661 -4879 -2060 -11231 -4117 -4049 415 -6514 1701 -2150 393 3319 -500 -2722 1708 5553 2624 -1704 -454 -4453 1392 4656 -6847 2612 -3036 855 3567 553 6128 -4110 -270 -327 994 -475 -1567 -2906 -2568 -550 -1661 -101 3971 3230 12743 -608 -3602 -986 -2665
-967 -2342 3529 3845 6293 -2115 -5443 2080 4879 1952 826 -3503 -2919 -1547 -2705 -7446 -6453 661 -4879 -2060 -11231 -4117 -4049 415 -6514 1701 -2150 393 3319 -500 -2722 1708 5553 2624 -1704 -454 -4453 1392 4656 -6847 2612 -3036 855 3567 553 6128 -4110 -270 -327 994 -475 -1567 -2906 -2568 -550 -1661 -101 3971 3230 12743 -608 -3602 -986 -2665
-967 -2342 3529 3845 6293 -2115 -5443 2080 4879 1952 826 -3503 -2919 -1547 -2705 -7446 -6453 661 -4879 -2060 -11231 -4117 -4049 415 -6514 1701 -2150 393 3319 -500 -2722 1708 5553 2624 -1704 -454 -4453 1392 4656 -6847 2612 -3036 855 3567 553 6128 -4110 -270 -327 994 -475 -1567 -2906 -2568 -550 -1661 -101 3971 3230 12743 -608 -3602 -986 -2665
-967 -2342 3529 3845 6293 -2115 -5443 2080 4879 1952 826 -3503 -2919 -1547 -2705 -7446 -6453 661 -4879 -2060 -11231 -4117 -4049 415 -6514 1701 -2150 393 3319 -500 -2722 1708 5553 2624 -1704 -454 -4453 1392 4656 -6847 2612 -3036 855 3567 553 6128 -4110 -270 -327 994 -475 -1567 -2906 -2568 -550 -1661 -101 3971 3230 12743 -608 -3602 -986 -2665
-202 1527 -1386 7637 -1566 -2620 -697 4712 607 3468 2197 -1822 1006 -5243 -1000 -6010 -1093 682 -2210 -5651 -6662 -1886 -1965 2306 -970 2642 -2013 5976 4719 633 -2131 -1595 5114 3858 -2666 -3282 -3649 -49 7070 -1787 400 -1036 -4116 3556 2113 1914 657 1650 -895 729 -1084 -2405 1483 2046 -3109 -7210 1827 -3652 -46 9053 -3775 -1500 1028 -2085
-2027 -1985 4256 3513 6150 -1630 -4926 1233 4435 1618 1117 -3493 -2090 -1106 -2615 -7467 -6305 501 -4444 -2136 -10595 -3291 -4458 1350 -6627 1116 -2132 -34 3330 -912 -1920 1638 5408 3275 -1496 96 -3583 885 4493 -6850 2549 -2754 540 2824 810 6450 -4268 436 -559 382 -232 -1149 -3352 -2108 -405 -1609 -80 4018 2640 12679 -661 -3527 -1796 -1950
-967 -2342 3529 3845 6293 -2115 -5443 2080 4879 1952 826 -3503 -2919 -1547 -2705 -7446 -6453 661 -4879 -2060 -11231 -4117 -4049 415 -6514 1701 -2150 393 3319 -500 -2722 1708 5553 2624 -1704 -454 -4453 1392 4656 -6847 2612 -3036 855 3567 553 6128 -4110 -270 -327 994 -475 -1567 -2906 -2568 -550 -1661 -101 3971 3230 12743 -608 -3602 -986 -2665
-967 -2342 3529 3845 6293 -2115 -5443 2080 4879 1952 826 -3503 -2919 -1547 -2705 -7446 -6453 661 -4879 -2060 -11231 -4117 -4049 415 -6514 1701 -2150 393 3319 -500 -2722 1708 5553 2624 -1704 -454 -4453 1392 4656 -6847 2612 -3036 855 3567 553 6128 -4110 -270 -327 994 -475 -1567 -2906 -2568 -550 -1661 -101 3971 3230 12743 -608 -3602 -986 -2665
-967 -2342 3529 3845 6293 -2115 -5443 2080 4879 1952 826 -3503 -2919 -1547 -2705 -7446 -6453 661 -4879 -2060 -11231 -4117 -4049 415 -6514 1701 -2150 393 3319 -500 -2722 1708 5553 2624 -1704 -454 -4453 1392 4656 -6847 2612 -3036 855 3567 553 6128 -4110 -270 -327 994 -475 -1567 -2906 -2568 -550 -1661 -101 3971 3230 12743 -608 -3602 -986 -2665
-967 -2342 3529 3845 6293 -2115 -5443 2080 4879 1952 826 -3503 -2919 -1547 -2705 -7446 -6453 661 -4879 -2060 -11231 -4117 -4049 415 -6514 1701 -2150 393 3319 -500 -2722 1708 5553 2624 -1704 -454 -4453 1392 4656 -6847 2612 -3036 855 3567 553 6128 -4110 -270 -327 994 -475 -1567 -2906 -2568 -550 -1661 -101 3971 3230 12743 -608 -3602 -986 -2665
-3248 -1844 4791 6202 3786 -2901 -4609 2864 5568 858 334 -5049 -2193 -5115 -6197 -5949 -8337 3218 -1935 974 -8777 -1499 -5702 89 -4818 210 -943 6008 6294 960 -1133 44 -795 1555 -2472 492 -4969 2579 4426 -3774 -3126 -4230 -1421 5770 966 4231 -1815 -3641 -3025 800 -3641 -1454 -1931 -3492 3100 -1441 3879 1436 1396 15287 1595 -4441 -204 -4291
-4477 57 7061 2890 4293 952 -2283 -575 2464 3510 2737 -2691 3026 -1656 -2800 -7715 -4629 -2623 -4550 -5566 -11038 -365 -3679 5515 -3532 2790 -2294 -789 2005 76 -2806 -1331 4904 2337 -553 3474 -434 390 6873 -5737 6087 -3104 958 -1711 1886 6574 -2005 4643 4931 -4337 -3999 1855 -1459 738 -2037 -5560 -47 2739 -505 10305 1545 1701 -3647 -214
-967 -2342 3529 3845 6293 -2115 -5443 2080 4879 1952 826 -3503 -2919 -1547 -2705 -7446 -6453 661 -4879 -2060 -11231 -4117 -4049 415 -6514 1701 -2150 393 3319 -500 -2722 1708 5553 2624 -1704 -454 -4453 1392 4656 -6847 2612 -3036 855 3567 553 6128 -4110 -270 -327 994 -475 -1567 -2906 -2568 -550 -1661 -101 3971 3230 12743 -608 -3602 -986 -2665
-967 -2342 3529 3845 6293 -2115 -5443 2080 4879 1952 826 -3503 -2919 -1547 -2705 -7446 -6453 661 -4879 -2060 -11231 -4117 -4049 415 -6514 1701 -2150 393 3319 -500 -2722 1708 5553 2624 -1704 -454 -4453 1392 4656 -6847 2612 -3036 855 3567 553 6128 -4110 -270 -327 994 -475 -1567 -2906 -2568 -550 -1661 -101 3971 3230 12743 -608 -3602 -986 -2665
-967 -2342 3529 3845 6293 -2115 -5443 2080 4879 1952 826 -3503 -2919 -1547 -2705 -7446 -6453 661 -4879 -2060 -11231 -4117 -4049 415 -6514 1701 -2150 393 3319 -500 -2722 1708 5553 2624 -1704 -454 -4453 1392 4656 -6847 2612 -3036 855 3567 553 6128 -4110 -270 -327 994 -475 -1567 -2906 -2568 -550 -1661 -101 3971 3230 12743 -608 -3602 -986 -2665
-967 -2342 3529 3845 6293 -2115 -5443 2080 4879 1952 826 -3503 -2919 -1547 -2705 -7446 -6453 661 -4879 -2060 -11231 -4117 -4049 415 -6514 1701 -2150 393 3319 -500 -2722 1708 5553 2624 -1704 -454 -4453 1392 4656 -6847 2612 -3036 855 3567 553 6128 -4110 -270 -327 994 -475 -1567 -2906 -2568 -550 -1661 -101 3971 3230 12743 -608 -3602 -986 -2665
-1271 -2781 4619 3435 5778 -1342 -5282 1871 4910 1761 1613 -3756 -3221 -2697 -3844 -7271 -7203 1447 -4211 -1087 -10466 -4024 -4576 -2 -7099 1370 -2682 1495 4116 -111 -2696 478 4040 1791 -1669 -378 -5161 2080 4341 -6970 1374 -3534 -218 4510 896 6620 -3546 -1083 -743 1569 -1729 -1292 -2516 -3714 586 -1251 1171 3571 2295 13424 453 -4305 -423 -3626
282 321 743 5350 -1452 -695 -406 3606 -96 5320 2678 -1278 2198 -5298 -1424 -6373 -1497 -2832 -3696 -8565 -8648 -2627 -431 3497 -333 4881 -3764 3993 2188 1513 -5083 -3910 6174 1007 37 -954 -3066 775 8002 -3548 4963 -3008 -3583 3061 3087 4081 1048 4049 5167 -1294 -4208 -1244 3865 1562 -3306 -9251 479 -3583 -1216 6858 -1445 903 372 -774
-1222 -2174 3746 3800 6106 -2008 -5251 1792 4779 1825 911 -3617 -2712 -1341 -2603 -7503 -6499 563 -4712 -2054 -11109 -3847 -4148 675 -6575 1500 -2245 324 3280 -734 -2441 1570 5480 2820 -1484 -319 -4207 1254 4472 -6891 2546 -3035 647 3341 607 6350 -4206 -24 -502 843 -474 -1468 -3017 -2424 -500 -1638 -98 3857 3154 12723 -615 -3687 -1148 -2415
-967 -2342 3529 3845 6293 -2115 -5443 2080 4879 1952 826 -3503 -2919 -1547 -2705 -7446 -6453 661 -4879 -2060 -11231 -4117 -4049 415 -6514 1701 -2150 393 3319 -500 -2722 1708 5553 2624 -1704 -454 -4453 1392 4656 -6847 2612 -3036 855 3567 553 6128 -4110 -270 -327 994 -475 -1567 -2906 -2568 -550 -1661 -101 3971 3230 12743 -608 -3602 -986 -2665
-967 -2342 3529 3845 6293 -2115 -5443 2080 4879 1952 826 -3503 -2919 -1547 -2705 -7446 -6453 661 -4879 -2060 -11231 -4117 -4049 415 -6514 1701 -2150 393 3319 -500 -2722 1708 5553 2624 -1704 -454 -4453 1392 4656 -6847 2612 -3036 855 3567 553 6128 -4110 -270 -327 994 -475 -1567 -2906 -2568 -550 -1661 -101 3971 3230 12743 -608 -3602 -986 -2665
-967 -2342 3529 3845 6293 -2115 -5443 2080 4879 1952 826 -3503 -2919 -1547 -2705 -7446 -6453 661 -4879 -2060 -11231 -4117 -4049 415 -6514 1701 -2150 393 3319 -500 -2722 1708 5553 2624 -1704 -454 -4453 1392 4656 -6847 2612 -3036 855 3567 553 6128 -4110 -270 -327 994 -475 -1567 -2906 -2568 -550 -1661 -101 3971 3230 12743 -608 -3602 -986 -2665
-967 -2342 3529 3845 6293 -2115 -5443 2080 4879 1952 826 -3503 -2919 -1547 -2705 -7446 -6453 661 -4879 -2060 -11231 -4117 -4049 415 -6514 1701 -2150 393 3319 -500 -2722 1708 5553 2624 -1704 -454 -4453 1392 4656 -6847 2612 -3036 855 3567 553 6128 -4110 -270 -327 994 -475 -1567 -2906 -2568 -550 -1661 -101 3971 3230 12743 -608 -3602 -986 -2665
-5119 -991 1417 5501 1592 -5015 -6001 237 3670 1483 503 -5089 -3830 -3650 -2341 -8282 -6090 787 -620 -2779 -7448 -2472 -6957 1526 -2139 -2467 -74 4302 3277 1222 1932 2267 3414 1152 -6311 -449 -2846 4454 6008 -3810 -742 373 -3986 4197 -874 3813 -1483 -546 -3558 -922 -1870 -846 -3457 -1741 -1623 -3217 3678 1627 562 9972 -1577 -4378 -847 1668
-5054 1091 7152 3276 4987 642 -3013 -605 1477 3110 2808 -3399 3617 -136 -2047 -7586 -4599 -2813 -2362 -5804 -9789 -1443 -4186 5852 -4816 941 -2703 -158 2761 -490 -1700 -1434 5358 3049 -2005 2505 -143 173 8501 -7142 5891 -2233 671 -2719 2672 7293 -2210 3612 2315 -3720 -2932 1360 -1421 1787 -2472 -6681 95 2248 -858 11369 753 679 -4388 14
-967 -2342 3529 3845 6293 -2115 -5443 2080 4879 1952 826 -3503 -2919 -1547 -2705 -7446 -6453 661 -4879 -2060 -11231 -4117 -4049 415 -6514 1701 -2150 393 3319 -500 -2722 1708 5553 2624 -1704 -454 -4453 1392 4656 -6847 2612 -3036 855 3567 553 6128 -4110 -270 -327 994 -475 -1567 -2906 -2568 -550 -1661 -101 3971 3230 12743 -608 -3602 -986 -2665
-967 -2342 3529 3845 6293 -2115 -5443 2080 4879 1952 826 -3503 -2919 -1547 -2705 -7446 -6453 661 -4879 -2060 -11231 -4117 -4049 415 -6514 1701 -2150 393 3319 -500 -2722 1708 5553 2624 -1704 -454 -4453 1392 4656 -6847 2612 -3036 855 3567 553 6128 -4110 -270 -327 994 -475 -1567 -2906 -2568 -550 -1661 -101 3971 3230 12743 -608 -3602 -986 -2665
-967 -2342 3529 3845 6293 -2115 -5443 2080 4879 1952 826 -3503 -2919 -1547 -2705 -7446 -6453 661 -4879 -2060 -11231 -4117 -4049 415 -6514 1701 -2150 393 3319 -500 -2722 1708 5553 2624 -1704 -454 -4453 1392 4656 -6847 2612 -3036 855 3567 553 6128 -4110 -270 -327 994 -475 -1567 -2906 -2568 -550 -1661 -101 3971 3230 12743 -608 -3602 -986 -2665
