-2361 3771 2372 3909 -8 -103 -3685 4430 947 3764 1682 -1528 1016 -3015 -959 -3441 -2525 337 880 1564 -4046 -740 -2126 2825 -344 -822 -1917 4229 782 -1819 -295 -1008 -93 661 -85 -3411 -605 26 3401 -3589 784 -1982 -1027 2286 469 3174 1759 -12 738 -216 -2365 -3092 799 1595 -174 -4006 -552 366 -999 5213 439 815 -1797 -5397
-2346 3679 2326 3891 32 -52 -3602 4403 1000 3774 1663 -1525 943 -3090 -946 -3357 -2472 300 850 1800 -4301 -642 -2192 2949 -754 -834 -2030 4433 1005 -1827 -273 -1188 -165 721 -208 -3384 -711 254 3217 -3715 833 -1950 -1168 2454 499 3325 2088 61 747 -184 -2351 -3115 801 1629 -206 -4009 -549 361 -1065 5208 406 771 -1800 -5341
-2346 3679 2326 3891 32 -52 -3602 4403 1000 3774 1663 -1525 943 -3090 -946 -3357 -2472 300 850 1800 -4301 -642 -2192 2949 -754 -834 -2030 4433 1005 -1827 -273 -1188 -165 721 -208 -3384 -711 254 3217 -3715 833 -1950 -1168 2454 499 3325 2088 61 747 -184 -2351 -3115 801 1629 -206 -4009 -549 361 -1065 5208 406 771 -1800 -5341
-2346 3679 2326 3891 32 -52 -3602 4403 1000 3774 1663 -1525 943 -3090 -946 -3357 -2472 300 850 1800 -4301 -642 -2192 2949 -754 -834 -2030 4433 1005 -1827 -273 -1188 -165 721 -208 -3384 -711 254 3217 -3715 833 -1950 -1168 2454 499 3325 2088 61 747 -184 -2351 -3115 801 1629 -206 -4009 -549 361 -1065 5208 406 771 -1800 -5341
-2346 3679 2326 3891 32 -52 -3602 4403 1000 3774 1663 -1525 943 -3090 -946 -3357 -2472 300 850 1800 -4301 -642 -2192 2949 -754 -834 -2030 4433 1005 -1827 -273 -1188 -165 721 -208 -3384 -711 254 3217 -3715 833 -1950 -1168 2454 499 3325 2088 61 747 -184 -2351 -3115 801 1629 -206 -4009 -549 361 -1065 5208 406 771 -1800 -5341
-2346 3679 2326 3891 32 -52 -3602 4403 1000 3774 1663 -1525 943 -3090 -946 -3357 -2472 300 850 1800 -4301 -642 -2192 2949 -754 -834 -2030 4433 1005 -1827 -273 -1188 -165 721 -208 -3384 -711 254 3217 -3715 833 -1950 -1168 2454 499 3325 2088 61 747 -184 -2351 -3115 801 1629 -206 -4009 -549 361 -1065 5208 406 771 -1800 -5341
-2346 3679 2326 3891 32 -52 -3602 4403 1000 3774 1663 -1525 943 -3090 -946 -3357 -2472 300 850 1800 -4301 -642 -2192 2949 -754 -834 -2030 4433 1005 -1827 -273 -1188 -165 721 -208 -3384 -711 254 3217 -3715 833 -1950 -1168 2454 499 3325 2088 61 747 -184 -2351 -3115 801 1629 -206 -4009 -549 361 -1065 5208 406 771 -1800 -5341
-2346 3679 2326 3891 32 -52 -3602 4403 1000 3774 1663 -1525 943 -3090 -946 -3357 -2472 300 850 1800 -4301 -642 -2192 2949 -754 -834 -2030 4433 1005 -1827 -273 -1188 -165 721 -208 -3384 -711 254 3217 -3715 833 -1950 -1168 2454 499 3325 2088 61 747 -184 -2351 -3115 801 1629 -206 -4009 -549 361 -1065 5208 406 771 -1800 -5341
-2346 3679 2326 3891 32 -52 -3602 4403 1000 3774 1663 -1525 943 -3090 -946 -3357 -2472 300 850 1800 -4301 -642 -2192 2949 -754 -834 -2030 4433 1005 -1827 -273 -1188 -165 721 -208 -3384 -711 254 3217 -3715 833 -1950 -1168 2454 499 3325 2088 61 747 -184 -2351 -3115 801 1629 -206 -4009 -549 361 -1065 5208 406 771 -1800 -5341
-2337 3654 2313 3889 34 -55 -3585 4386 1011 3772 1655 -1531 922 -3091 -949 -3343 -2481 305 839 1735 -4211 -668 -2177 2905 -633 -834 -1986 4369 933 -1818 -291 -1126 -156 709 -181 -3399 -691 208 3265 -3691 824 -1959 -1138 2427 492 3300 2014 41 749 -179 -2358 -3137 796 1626 -193 -4040 -551 365 -1048 5238 450 762 -1815 -5359
-2312 3630 2268 3876 32 -40 -3537 4359 1019 3781 1638 -1513 906 -3103 -954 -3312 -2455 297 827 1766 -4219 -638 -2171 2899 -671 -826 -1995 4390 960 -1802 -293 -1145 -165 717 -194 -3393 -715 243 3239 -3713 830 -1949 -1159 2457 491 3324 2064 45 738 -170 -2348 -3114 813 1629 -207 -4018 -549 336 -1061 5208 399 779 -1784 -5325
-2346 3679 2326 3891 32 -52 -3602 4403 1000 3774 1663 -1525 943 -3090 -946 -3357 -2472 300 850 1800 -4301 -642 -2192 2949 -754 -834 -2030 4433 1005 -1827 -273 -1188 -165 721 -208 -3384 -711 254 3217 -3715 833 -1950 -1168 2454 499 3325 2088 61 747 -184 -2351 -3115 801 1629 -206 -4009 -549 361 -1065 5208 406 771 -1800 -5341
-2346 3679 2326 3891 32 -52 -3602 4403 1000 3774 1663 -1525 943 -3090 -946 -3357 -2472 300 850 1800 -4301 -642 -2192 2949 -754 -834 -2030 4433 1005 -1827 -273 -1188 -165 721 -208 -3384 -711 254 3217 -3715 833 -1950 -1168 2454 499 3325 2088 61 747 -184 -2351 -3115 801 1629 -206 -4009 -549 361 -1065 5208 406 771 -1800 -5341
-2346 3679 2326 3891 32 -52 -3602 4403 1000 3774 1663 -1525 943 -3090 -946 -3357 -2472 300 850 1800 -4301 -642 -2192 2949 -754 -834 -2030 4433 1005 -1827 -273 -1188 -165 721 -208 -3384 -711 254 3217 -3715 833 -1950 -1168 2454 499 3325 2088 61 747 -184 -2351 -3115 801 1629 -206 -4009 -549 361 -1065 5208 406 771 -1800 -5341
-2346 3679 2326 3891 32 -52 -3602 4403 1000 3774 1663 -1525 943 -3090 -946 -3357 -2472 300 850 1800 -4301 -642 -2192 2949 -754 -834 -2030 4433 1005 -1827 -273 -1188 -165 721 -208 -3384 -711 254 3217 -3715 833 -1950 -1168 2454 499 3325 2088 61 747 -184 -2351 -3115 801 1629 -206 -4009 -549 361 -1065 5208 406 771 -1800 -5341
-2346 3679 2326 3891 32 -52 -3602 4403 1000 3774 1663 -1525 943 -3090 -946 -3357 -2472 300 850 1800 -4301 -642 -2192 2949 -754 -834 -2030 4433 1005 -1827 -273 -1188 -165 721 -208 -3384 -711 254 3217 -3715 833 -1950 -1168 2454 499 3325 2088 61 747 -184 -2351 -3115 801 1629 -206 -4009 -549 361 -1065 5208 406 771 -1800 -5341
-2383 3724 2398 3910 29 -86 -3679 4442 989 3759 1690 -1553 974 -3057 -936 -3409 -2506 318 883 1728 -4262 -683 -2179 2935 -649 -835 -2013 4379 947 -1847 -264 -1147 -159 717 -209 -3395 -681 232 3242 -3698 825 -1963 -1156 2426 517 3306 2043 66 737 -197 -2357 -3104 806 1612 -194 -4011 -551 355 -1037 5209 412 796 -1794 -5363
-2422 3823 2467 3931 4 -121 -3767 4495 948 3757 1711 -1549 1060 -3010 -933 -3486 -2545 332 906 1696 -4270 -730 -2193 2958 -619 -849 -2009 4369 925 -1868 -250 -1139 -95 635 -135 -3417 -649 66 3376 -3608 757 -1962 -1057 2324 460 3216 1804 -4 741 -217 -2344 -3041 813 1624 -233 -3923 -544 371 -1079 5140 298 808 -1764 -5338
-2408 3819 2448 3921 -3 -118 -3745 4482 948 3764 1700 -1535 1066 -3005 -934 -3475 -2544 333 930 1732 -4340 -712 -2192 2988 -691 -842 -2046 4410 975 -1881 -228 -1183 -88 622 -162 -3391 -687 90 3332 -3619 742 -1941 -1082 2342 446 3238 1855 8 752 -207 -2339 -3049 806 1643 -244 -3916 -541 382 -1102 5142 294 782 -1770 -5323
-2404 3792 2436 3920 -3 -127 -3727 4463 965 3764 1686 -1539 1045 -3000 -937 -3456 -2528 333 917 1672 -4223 -706 -2154 2918 -560 -822 -2000 4334 907 -1854 -255 -1111 -78 622 -95 -3422 -630 9 3423 -3579 748 -1968 -1021 2288 445 3181 1725 -30 756 -216 -2349 -3062 796 1639 -232 -3929 -543 401 -1082 5166 333 777 -1788 -5354
-2369 3738 2376 3897 23 -64 -3650 4441 979 3776 1679 -1523 1000 -3069 -935 -3399 -2462 301 855 1786 -4280 -630 -2171 2925 -721 -820 -2030 4420 998 -1819 -267 -1182 -126 704 -136 -3360 -680 148 3279 -3661 820 -1958 -1111 2373 476 3255 1963 25 744 -173 -2340 -3082 817 1646 -232 -3967 -542 346 -1086 5176 340 775 -1765 -5309
-2346 3679 2326 3891 32 -52 -3602 4403 1000 3774 1663 -1525 943 -3090 -946 -3357 -2472 300 850 1800 -4301 -642 -2192 2949 -754 -834 -2030 4433 1005 -1827 -273 -1188 -165 721 -208 -3384 -711 254 3217 -3715 833 -1950 -1168 2454 499 3325 2088 61 747 -184 -2351 -3115 801 1629 -206 -4009 -549 361 -1065 5208 406 771 -1800 -5341
-2346 3679 2326 3891 32 -52 -3602 4403 1000 3774 1663 -1525 943 -3090 -946 -3357 -2472 300 850 1800 -4301 -642 -2192 2949 -754 -834 -2030 4433 1005 -1827 -273 -1188 -165 721 -208 -3384 -711 254 3217 -3715 833 -1950 -1168 2454 499 3325 2088 61 747 -184 -2351 -3115 801 1629 -206 -4009 -549 361 -1065 5208 406 771 -1800 -5341
-2346 3679 2326 3891 32 -52 -3602 4403 1000 3774 1663 -1525 943 -3090 -946 -3357 -2472 300 850 1800 -4301 -642 -2192 2949 -754 -834 -2030 4433 1005 -1827 -273 -1188 -165 721 -208 -3384 -711 254 3217 -3715 833 -1950 -1168 2454 499 3325 2088 61 747 -184 -2351 -3115 801 1629 -206 -4009 -549 361 -1065 5208 406 771 -1800 -5341
-2346 3679 2326 3891 32 -52 -3602 4403 1000 3774 1663 -1525 943 -3090 -946 -3357 -2472 300 850 1800 -4301 -642 -2192 2949 -754 -834 -2030 4433 1005 -1827 -273 -1188 -165 721 -208 -3384 -711 254 3217 -3715 833 -1950 -1168 2454 499 3325 2088 61 747 -184 -2351 -3115 801 1629 -206 -4009 -549 361 -1065 5208 406 771 -1800 -5341
-2346 3679 2326 3891 32 -52 -3602 4403 1000 3774 1663 -1525 943 -3090 -946 -3357 -2472 300 850 1800 -4301 -642 -2192 2949 -754 -834 -2030 4433 1005 -1827 -273 -1188 -165 721 -208 -3384 -711 254 3217 -3715 833 -1950 -1168 2454 499 3325 2088 61 747 -184 -2351 -3115 801 1629 -206 -4009 -549 361 -1065 5208 406 771 -1800 -5341
-2257 3709 2217 3864 -58 -106 -3517 4299 972 3804 1595 -1469 983 -2975 -988 -3345 -2571 342 860 1630 -4165 -788 -2205 2926 -489 -874 -1937 4322 833 -1849 -283 -1076 -151 666 -224 -3444 -715 233 3285 -3700 781 -1936 -1144 2460 483 3326 1996 34 722 -205 -2336 -3045 827 1612 -219 -3949 -546 321 -1067 5134 301 831 -1747 -5310
-2360 3712 2352 3900 27 -60 -3638 4426 983 3769 1678 -1530 965 -3080 -945 -3387 -2470 300 857 1804 -4310 -637 -2189 2950 -762 -830 -2038 4435 1012 -1829 -268 -1193 -155 716 -192 -3380 -698 224 3234 -3699 829 -1954 -1152 2430 495 3305 2052 54 750 -180 -2350 -3112 802 1636 -213 -4001 -547 365 -1072 5207 396 764 -1797 -5338
-2346 3679 2326 3891 32 -52 -3602 4403 1000 3774 1663 -1525 943 -3090 -946 -3357 -2472 300 850 1800 -4301 -642 -2192 2949 -754 -834 -2030 4433 1005 -1827 -273 -1188 -165 721 -208 -3384 -711 254 3217 -3715 833 -1950 -1168 2454 499 3325 2088 61 747 -184 -2351 -3115 801 1629 -206 -4009 -549 361 -1065 5208 406 771 -1800 -5341
-2346 3679 2326 3891 32 -52 -3602 4403 1000 3774 1663 -1525 943 -3090 -946 -3357 -2472 300 850 1800 -4301 -642 -2192 2949 -754 -834 -2030 4433 1005 -1827 -273 -1188 -165 721 -208 -3384 -711 254 3217 -3715 833 -1950 -1168 2454 499 3325 2088 61 747 -184 -2351 -3115 801 1629 -206 -4009 -549 361 -1065 5208 406 771 -1800 -5341
-2346 3679 2326 3891 32 -52 -3602 4403 1000 3774 1663 -1525 943 -3090 -946 -3357 -2472 300 850 1800 -4301 -642 -2192 2949 -754 -834 -2030 4433 1005 -1827 -273 -1188 -165 721 -208 -3384 -711 254 3217 -3715 833 -1950 -1168 2454 499 3325 2088 61 747 -184 -2351 -3115 801 1629 -206 -4009 -549 361 -1065 5208 406 771 -1800 -5341
-2346 3679 2326 3891 32 -52 -3602 4403 1000 3774 1663 -1525 943 -3090 -946 -3357 -2472 300 850 1800 -4301 -642 -2192 2949 -754 -834 -2030 4433 1005 -1827 -273 -1188 -165 721 -208 -3384 -711 254 3217 -3715 833 -1950 -1168 2454 499 3325 2088 61 747 -184 -2351 -3115 801 1629 -206 -4009 -549 361 -1065 5208 406 771 -1800 -5341
-2297 3614 2248 3875 13 -73 -3523 4323 1028 3779 1618 -1518 889 -3063 -967 -3305 -2413 293 846 1714 -4122 -595 -2103 2818 -558 -782 -1975 4312 917 -1778 -312 -1085 -153 712 -157 -3419 -659 178 3303 -3679 830 -1971 -1111 2404 497 3274 1962 28 749 -197 -2365 -3127 790 1615 -180 -4032 -552 374 -1020 5240 468 778 -1818 -5388
-2394 3789 2419 3911 16 -77 -3704 4476 955 3772 1696 -1526 1042 -3054 -933 -3444 -2501 317 866 1709 -4218 -686 -2170 2909 -600 -832 -1994 4363 924 -1830 -269 -1129 -92 665 -98 -3368 -652 56 3347 -3609 787 -1963 -1058 2309 454 3200 1835 -5 747 -201 -2339 -3055 809 1636 -234 -3932 -543 364 -1087 5149 313 792 -1765 -5321
-2346 3679 2326 3891 32 -52 -3602 4403 1000 3774 1663 -1525 943 -3090 -946 -3357 -2472 300 850 1800 -4301 -642 -2192 2949 -754 -834 -2030 4433 1005 -1827 -273 -1188 -165 721 -208 -3384 -711 254 3217 -3715 833 -1950 -1168 2454 499 3325 2088 61 747 -184 -2351 -3115 801 1629 -206 -4009 -549 361 -1065 5208 406 771 -1800 -5341
-2346 3679 2326 3891 32 -52 -3602 4403 1000 3774 1663 -1525 943 -3090 -946 -3357 -2472 300 850 1800 -4301 -642 -2192 2949 -754 -834 -2030 4433 1005 -1827 -273 -1188 -165 721 -208 -3384 -711 254 3217 -3715 833 -1950 -1168 2454 499 3325 2088 61 747 -184 -2351 -3115 801 1629 -206 -4009 -549 361 -1065 5208 406 771 -1800 -5341
-2346 3679 2326 3891 32 -52 -3602 4403 1000 3774 1663 -1525 943 -3090 -946 -3357 -2472 300 850 1800 -4301 -642 -2192 2949 -754 -834 -2030 4433 1005 -1827 -273 -1188 -165 721 -208 -3384 -711 254 3217 -3715 833 -1950 -1168 2454 499 3325 2088 61 747 -184 -2351 -3115 801 1629 -206 -4009 -549 361 -1065 5208 406 771 -1800 -5341
-2346 3679 2326 3891 32 -52 -3602 4403 1000 3774 1663 -1525 943 -3090 -946 -3357 -2472 300 850 1800 -4301 -642 -2192 2949 -754 -834 -2030 4433 1005 -1827 -273 -1188 -165 721 -208 -3384 -711 254 3217 -3715 833 -1950 -1168 2454 499 3325 2088 61 747 -184 -2351 -3115 801 1629 -206 -4009 -549 361 -1065 5208 406 771 -1800 -5341
-2344 3664 2320 3890 35 -53 -3593 4396 1008 3773 1659 -1528 931 -3093 -946 -3348 -2470 301 845 1778 -4262 -646 -2182 2928 -708 -830 -2013 4407 979 -1820 -282 -1162 -161 720 -190 -3391 -695 228 3243 -3702 833 -1958 -1151 2436 499 3308 2048 51 749 -181 -2356 -3130 797 1627 -198 -4029 -550 364 -1054 5228 436 764 -1811 -5353
-2315 3723 2299 3872 -15 -76 -3565 4373 984 3803 1625 -1480 1012 -3031 -952 -3359 -2585 347 851 1612 -4122 -823 -2217 2932 -459 -887 -1903 4297 802 -1842 -313 -1036 -126 647 -179 -3426 -715 169 3324 -3669 766 -1933 -1112 2422 457 3292 1923 3 713 -219 -2330 -3020 832 1609 -226 -3920 -547 313 -1074 5102 258 854 -1733 -5296
-2349 3688 2332 3894 30 -55 -3611 4409 995 3773 1667 -1526 949 -3087 -946 -3365 -2471 300 851 1804 -4306 -640 -2192 2950 -760 -833 -2033 4435 1009 -1827 -272 -1190 -164 721 -205 -3383 -709 249 3220 -3713 833 -1951 -1165 2450 499 3322 2082 60 748 -183 -2351 -3114 801 1630 -208 -4008 -549 361 -1066 5209 404 770 -1799 -5341
-2346 3679 2326 3891 32 -52 -3602 4403 1000 3774 1663 -1525 943 -3090 -946 -3357 -2472 300 850 1800 -4301 -642 -2192 2949 -754 -834 -2030 4433 1005 -1827 -273 -1188 -165 721 -208 -3384 -711 254 3217 -3715 833 -1950 -1168 2454 499 3325 2088 61 747 -184 -2351 -3115 801 1629 -206 -4009 -549 361 -1065 5208 406 771 -1800 -5341
-2346 3679 2326 3891 32 -52 -3602 4403 1000 3774 1663 -1525 943 -3090 -946 -3357 -2472 300 850 1800 -4301 -642 -2192 2949 -754 -834 -2030 4433 1005 -1827 -273 -1188 -165 721 -208 -3384 -711 254 3217 -3715 833 -1950 -1168 2454 499 3325 2088 61 747 -184 -2351 -3115 801 1629 -206 -4009 -549 361 -1065 5208 406 771 -1800 -5341
-2346 3679 2326 3891 32 -52 -3602 4403 1000 3774 1663 -1525 943 -3090 -946 -3357 -2472 300 850 1800 -4301 -642 -2192 2949 -754 -834 -2030 4433 1005 -1827 -273 -1188 -165 721 -208 -3384 -711 254 3217 -3715 833 -1950 -1168 2454 499 3325 2088 61 747 -184 -2351 -3115 801 1629 -206 -4009 -549 361 -1065 5208 406 771 -1800 -5341
-2346 3679 2326 3891 32 -52 -3602 4403 1000 3774 1663 -1525 943 -3090 -946 -3357 -2472 300 850 1800 -4301 -642 -2192 2949 -754 -834 -2030 4433 1005 -1827 -273 -1188 -165 721 -208 -3384 -711 254 3217 -3715 833 -1950 -1168 2454 499 3325 2088 61 747 -184 -2351 -3115 801 1629 -206 -4009 -549 361 -1065 5208 406 771 -1800 -5341
-2320 3667 2291 3886 -1 -101 -3583 4353 1007 3771 1638 -1523 931 -3024 -964 -3350 -2415 288 859 1845 -4342 -550 -2140 2916 -804 -789 -2079 4475 1075 -1805 -235 -1250 -184 753 -236 -3386 -696 305 3179 -3743 860 -1957 -1195 2472 533 3341 2156 94 740 -212 -2356 -3083 803 1610 -194 -3982 -550 363 -1032 5191 397 808 -1790 -5371
-2408 3816 2442 3923 10 -92 -3744 4492 939 3763 1710 -1537 1055 -3038 -937 -3475 -2530 326 889 1701 -4250 -714 -2186 2940 -612 -843 -2003 4366 923 -1854 -259 -1134 -83 639 -117 -3376 -663 50 3351 -3601 761 -1955 -1058 2309 444 3205 1820 -4 760 -212 -2340 -3058 795 1641 -237 -3923 -542 392 -1095 5151 321 776 -1782 -5332
-2346 3679 2326 3891 32 -52 -3602 4403 1000 3774 1663 -1525 943 -3090 -946 -3357 -2472 300 850 1800 -4301 -642 -2192 2949 -754 -834 -2030 4433 1005 -1827 -273 -1188 -165 721 -208 -3384 -711 254 3217 -3715 833 -1950 -1168 2454 499 3325 2088 61 747 -184 -2351 -3115 801 1629 -206 -4009 -549 361 -1065 5208 406 771 -1800 -5341
-2346 3679 2326 3891 32 -52 -3602 4403 1000 3774 1663 -1525 943 -3090 -946 -3357 -2472 300 850 1800 -4301 -642 -2192 2949 -754 -834 -2030 4433 1005 -1827 -273 -1188 -165 721 -208 -3384 -711 254 3217 -3715 833 -1950 -1168 2454 499 3325 2088 61 747 -184 -2351 -3115 801 1629 -206 -4009 -549 361 -1065 5208 406 771 -1800 -5341
-2346 3679 2326 3891 32 -52 -3602 4403 1000 3774 1663 -1525 943 -3090 -946 -3357 -2472 300 850 1800 -4301 -642 -2192 2949 -754 -834 -2030 4433 1005 -1827 -273 -1188 -165 721 -208 -3384 -711 254 3217 -3715 833 -1950 -1168 2454 499 3325 2088 61 747 -184 -2351 -3115 801 1629 -206 -4009 -549 361 -1065 5208 406 771 -1800 -5341
