-560 151 986 153 255 1657 -1448 17 635 -1015 25 1522 -242 -479 -435 -947 694 -366 1440 -698 1042 -423 -353 -901 -1775 -579 -1635 309 1005 -2006 -304 249 -1666 -210 989 197 -378 559 503 908 233 -771 1391 478 -59 -364 -67 212 -794 -112 542 771 -643 -529 427 290 -216 -709 -325 930 285 -682 28 53
123 166 309 252 1066 48 -563 5 1224 -259 -30 264 -399 106 747 -1264 432 -426 827 -453 959 -329 -892 -559 -1792 -305 -1300 -480 22 -1476 262 -559 -1183 281 976 200 -519 1501 285 368 693 -1169 1317 836 49 1 -103 1183 289 -429 107 487 -104 -937 653 1002 295 -928 -731 1348 495 -566 -95 -633
123 166 309 252 1066 48 -563 5 1224 -259 -30 264 -399 106 747 -1264 432 -426 827 -453 959 -329 -892 -559 -1792 -305 -1300 -480 22 -1476 262 -559 -1183 281 976 200 -519 1501 285 368 693 -1169 1317 836 49 1 -103 1183 289 -429 107 487 -104 -937 653 1002 295 -928 -731 1348 495 -566 -95 -633
123 166 309 252 1066 48 -563 5 1224 -259 -30 264 -399 106 747 -1264 432 -426 827 -453 959 -329 -892 -559 -1792 -305 -1300 -480 22 -1476 262 -559 -1183 281 976 200 -519 1501 285 368 693 -1169 1317 836 49 1 -103 1183 289 -429 107 487 -104 -937 653 1002 295 -928 -731 1348 495 -566 -95 -633
123 166 309 252 1066 48 -563 5 1224 -259 -30 264 -399 106 747 -1264 432 -426 827 -453 959 -329 -892 -559 -1792 -305 -1300 -480 22 -1476 262 -559 -1183 281 976 200 -519 1501 285 368 693 -1169 1317 836 49 1 -103 1183 289 -429 107 487 -104 -937 653 1002 295 -928 -731 1348 495 -566 -95 -633
123 166 309 252 1066 48 -563 5 1224 -259 -30 264 -399 106 747 -1264 432 -426 827 -453 959 -329 -892 -559 -1792 -305 -1300 -480 22 -1476 262 -559 -1183 281 976 200 -519 1501 285 368 693 -1169 1317 836 49 1 -103 1183 289 -429 107 487 -104 -937 653 1002 295 -928 -731 1348 495 -566 -95 -633
123 166 309 252 1066 48 -563 5 1224 -259 -30 264 -399 106 747 -1264 432 -426 827 -453 959 -329 -892 -559 -1792 -305 -1300 -480 22 -1476 262 -559 -1183 281 976 200 -519 1501 285 368 693 -1169 1317 836 49 1 -103 1183 289 -429 107 487 -104 -937 653 1002 295 -928 -731 1348 495 -566 -95 -633
123 166 309 252 1066 48 -563 5 1224 -259 -30 264 -399 106 747 -1264 432 -426 827 -453 959 -329 -892 -559 -1792 -305 -1300 -480 22 -1476 262 -559 -1183 281 976 200 -519 1501 285 368 693 -1169 1317 836 49 1 -103 1183 289 -429 107 487 -104 -937 653 1002 295 -928 -731 1348 495 -566 -95 -633
123 166 309 252 1066 48 -563 5 1224 -259 -30 264 -399 106 747 -1264 432 -426 827 -453 959 -329 -892 -559 -1792 -305 -1300 -480 22 -1476 262 -559 -1183 281 976 200 -519 1501 285 368 693 -1169 1317 836 49 1 -103 1183 289 -429 107 487 -104 -937 653 1002 295 -928 -731 1348 495 -566 -95 -633
356 131 450 502 1053 -42 -763 -509 1305 -332 180 522 -405 -6 720 -1219 191 -328 637 -245 1083 -235 -1028 -267 -1673 -125 -1277 -559 266 -1892 292 -710 -1155 259 857 126 -564 1304 125 83 828 -942 1488 731 -55 -342 -342 991 462 -101 149 380 -168 -1099 428 994 429 -1099 -945 1514 507 -717 -225 -640
110 216 345 -6 912 477 -326 -232 1171 -276 400 11 -88 -231 901 -1423 391 -377 553 -495 1215 -398 -926 -534 -1848 -118 -1195 -472 501 -1359 250 -467 -1039 589 1356 -92 -441 1927 206 139 860 -697 1317 642 240 -23 -411 1204 324 -310 327 458 122 -860 491 947 165 -921 -1272 1488 191 -696 145 -665
123 166 309 252 1066 48 -563 5 1224 -259 -30 264 -399 106 747 -1264 432 -426 827 -453 959 -329 -892 -559 -1792 -305 -1300 -480 22 -1476 262 -559 -1183 281 976 200 -519 1501 285 368 693 -1169 1317 836 49 1 -103 1183 289 -429 107 487 -104 -937 653 1002 295 -928 -731 1348 495 -566 -95 -633
123 166 309 252 1066 48 -563 5 1224 -259 -30 264 -399 106 747 -1264 432 -426 827 -453 959 -329 -892 -559 -1792 -305 -1300 -480 22 -1476 262 -559 -1183 281 976 200 -519 1501 285 368 693 -1169 1317 836 49 1 -103 1183 289 -429 107 487 -104 -937 653 1002 295 -928 -731 1348 495 -566 -95 -633
123 166 309 252 1066 48 -563 5 1224 -259 -30 264 -399 106 747 -1264 432 -426 827 -453 959 -329 -892 -559 -1792 -305 -1300 -480 22 -1476 262 -559 -1183 281 976 200 -519 1501 285 368 693 -1169 1317 836 49 1 -103 1183 289 -429 107 487 -104 -937 653 1002 295 -928 -731 1348 495 -566 -95 -633
123 166 309 252 1066 48 -563 5 1224 -259 -30 264 -399 106 747 -1264 432 -426 827 -453 959 -329 -892 -559 -1792 -305 -1300 -480 22 -1476 262 -559 -1183 281 976 200 -519 1501 285 368 693 -1169 1317 836 49 1 -103 1183 289 -429 107 487 -104 -937 653 1002 295 -928 -731 1348 495 -566 -95 -633
123 166 309 252 1066 48 -563 5 1224 -259 -30 264 -399 106 747 -1264 432 -426 827 -453 959 -329 -892 -559 -1792 -305 -1300 -480 22 -1476 262 -559 -1183 281 976 200 -519 1501 285 368 693 -1169 1317 836 49 1 -103 1183 289 -429 107 487 -104 -937 653 1002 295 -928 -731 1348 495 -566 -95 -633
324 135 1015 477 971 289 -1106 473 813 -439 -551 1009 -410 -9 339 -906 320 -595 1197 -139 318 -6 -546 -1081 -1482 -604 -1716 -6 398 -2004 -224 -355 -1213 -605 314 726 -209 551 520 475 757 -1233 1652 918 -43 -265 427 517 -45 46 -113 454 -659 -801 927 762 206 -838 266 893 932 -768 45 -35
-514 -25 1351 688 661 238 -1800 401 636 -8 -1183 1669 -551 -374 -457 -15 816 -928 1485 -344 -11 308 -233 -1106 -638 -874 -1598 109 426 -1798 125 -586 -1552 -338 345 1100 -251 195 1001 1051 708 -941 1571 1233 -208 -504 647 577 -576 47 -43 -106 -839 -460 845 8 -191 -932 302 596 1101 -548 6 512
-1061 69 953 554 610 669 -1734 465 768 -414 -1320 1569 -653 -355 -609 -190 497 -853 1611 -808 63 -77 -170 -1130 -958 -1222 -1372 269 574 -2098 381 -244 -1448 -757 -102 1023 -595 -312 758 1155 458 -701 1413 1077 -128 -589 992 554 -256 -44 176 210 -702 -315 917 45 -188 -712 253 524 1291 -479 -69 105
-554 94 1247 717 392 483 -1998 25 617 -231 -1196 1855 -575 -549 -644 -131 209 -695 1440 -297 -36 13 -552 -907 -546 -918 -1632 17 638 -2360 647 -676 -1389 -453 -189 894 -825 -382 765 834 515 -341 1717 827 -633 -980 890 227 -495 55 20 39 -1074 -859 412 -390 173 -844 -211 1085 802 -880 -76 341
-689 185 251 -131 175 913 -968 16 945 -1102 238 696 190 -462 17 -1029 760 -268 933 -648 1201 -473 -141 -767 -1731 -215 -1859 1 433 -1292 810 191 -1330 384 1490 402 -116 1042 -46 872 -65 -911 1016 694 335 176 328 1151 -715 28 978 651 -121 -673 144 529 -62 -555 -861 587 297 -20 118 -850
123 166 309 252 1066 48 -563 5 1224 -259 -30 264 -399 106 747 -1264 432 -426 827 -453 959 -329 -892 -559 -1792 -305 -1300 -480 22 -1476 262 -559 -1183 281 976 200 -519 1501 285 368 693 -1169 1317 836 49 1 -103 1183 289 -429 107 487 -104 -937 653 1002 295 -928 -731 1348 495 -566 -95 -633
123 166 309 252 1066 48 -563 5 1224 -259 -30 264 -399 106 747 -1264 432 -426 827 -453 959 -329 -892 -559 -1792 -305 -1300 -480 22 -1476 262 -559 -1183 281 976 200 -519 1501 285 368 693 -1169 1317 836 49 1 -103 1183 289 -429 107 487 -104 -937 653 1002 295 -928 -731 1348 495 -566 -95 -633
123 166 309 252 1066 48 -563 5 1224 -259 -30 264 -399 106 747 -1264 432 -426 827 -453 959 -329 -892 -559 -1792 -305 -1300 -480 22 -1476 262 -559 -1183 281 976 200 -519 1501 285 368 693 -1169 1317 836 49 1 -103 1183 289 -429 107 487 -104 -937 653 1002 295 -928 -731 1348 495 -566 -95 -633
123 166 309 252 1066 48 -563 5 1224 -259 -30 264 -399 106 747 -1264 432 -426 827 -453 959 -329 -892 -559 -1792 -305 -1300 -480 22 -1476 262 -559 -1183 281 976 200 -519 1501 285 368 693 -1169 1317 836 49 1 -103 1183 289 -429 107 487 -104 -937 653 1002 295 -928 -731 1348 495 -566 -95 -633
123 166 309 252 1066 48 -563 5 1224 -259 -30 264 -399 106 747 -1264 432 -426 827 -453 959 -329 -892 -559 -1792 -305 -1300 -480 22 -1476 262 -559 -1183 281 976 200 -519 1501 285 368 693 -1169 1317 836 49 1 -103 1183 289 -429 107 487 -104 -937 653 1002 295 -928 -731 1348 495 -566 -95 -633
-61 59 824 -565 824 1203 -1104 501 182 21 -50 529 -59 -836 -304 -760 252 -349 1212 -1130 1400 -824 -1046 -2347 -2068 -602 -499 65 1451 -1579 -745 276 -1029 -415 130 551 89 467 1249 113 791 -582 1371 562 519 -907 141 118 -340 374 40 1105 -598 78 1350 712 -506 -723 -392 1373 203 -1175 -36 541
28 112 373 294 923 14 -723 -23 1119 -347 -15 460 -483 77 577 -1130 470 -344 808 -336 955 -274 -794 -538 -1713 -319 -1444 -325 95 -1525 355 -547 -1371 265 986 267 -426 1379 265 566 478 -1201 1214 907 29 -55 -29 1134 193 -374 160 315 -209 -947 643 891 204 -875 -551 1132 530 -381 -177 -749
123 166 309 252 1066 48 -563 5 1224 -259 -30 264 -399 106 747 -1264 432 -426 827 -453 959 -329 -892 -559 -1792 -305 -1300 -480 22 -1476 262 -559 -1183 281 976 200 -519 1501 285 368 693 -1169 1317 836 49 1 -103 1183 289 -429 107 487 -104 -937 653 1002 295 -928 -731 1348 495 -566 -95 -633
123 166 309 252 1066 48 -563 5 1224 -259 -30 264 -399 106 747 -1264 432 -426 827 -453 959 -329 -892 -559 -1792 -305 -1300 -480 22 -1476 262 -559 -1183 281 976 200 -519 1501 285 368 693 -1169 1317 836 49 1 -103 1183 289 -429 107 487 -104 -937 653 1002 295 -928 -731 1348 495 -566 -95 -633
123 166 309 252 1066 48 -563 5 1224 -259 -30 264 -399 106 747 -1264 432 -426 827 -453 959 -329 -892 -559 -1792 -305 -1300 -480 22 -1476 262 -559 -1183 281 976 200 -519 1501 285 368 693 -1169 1317 836 49 1 -103 1183 289 -429 107 487 -104 -937 653 1002 295 -928 -731 1348 495 -566 -95 -633
123 166 309 252 1066 48 -563 5 1224 -259 -30 264 -399 106 747 -1264 432 -426 827 -453 959 -329 -892 -559 -1792 -305 -1300 -480 22 -1476 262 -559 -1183 281 976 200 -519 1501 285 368 693 -1169 1317 836 49 1 -103 1183 289 -429 107 487 -104 -937 653 1002 295 -928 -731 1348 495 -566 -95 -633
340 121 1025 968 496 -136 -1083 -840 1231 -617 -1 682 -746 -92 680 -1065 -268 -94 829 178 746 -329 -1119 -35 -1558 -401 -1595 -446 765 -2176 21 -498 -1171 33 526 -51 -906 490 -8 112 748 -668 1599 17 -289 -714 23 475 402 -148 -154 380 -337 -1166 114 797 744 -902 -1208 1711 -160 -868 -745 -452
-1014 1 361 -90 116 1104 -1394 114 814 -994 219 1060 241 -397 -165 -627 1014 -628 1183 -845 1255 -311 51 -869 -1503 -459 -1921 -49 314 -1375 671 163 -1460 441 1438 473 -295 737 148 1138 -139 -795 992 743 110 126 326 1037 -1048 92 967 733 -149 -571 366 528 -83 -791 -454 584 505 -76 -17 -384
123 166 309 252 1066 48 -563 5 1224 -259 -30 264 -399 106 747 -1264 432 -426 827 -453 959 -329 -892 -559 -1792 -305 -1300 -480 22 -1476 262 -559 -1183 281 976 200 -519 1501 285 368 693 -1169 1317 836 49 1 -103 1183 289 -429 107 487 -104 -937 653 1002 295 -928 -731 1348 495 -566 -95 -633
123 166 309 252 1066 48 -563 5 1224 -259 -30 264 -399 106 747 -1264 432 -426 827 -453 959 -329 -892 -559 -1792 -305 -1300 -480 22 -1476 262 -559 -1183 281 976 200 -519 1501 285 368 693 -1169 1317 836 49 1 -103 1183 289 -429 107 487 -104 -937 653 1002 295 -928 -731 1348 495 -566 -95 -633
123 166 309 252 1066 48 -563 5 1224 -259 -30 264 -399 106 747 -1264 432 -426 827 -453 959 -329 -892 -559 -1792 -305 -1300 -480 22 -1476 262 -559 -1183 281 976 200 -519 1501 285 368 693 -1169 1317 836 49 1 -103 1183 289 -429 107 487 -104 -937 653 1002 295 -928 -731 1348 495 -566 -95 -633
123 166 309 252 1066 48 -563 5 1224 -259 -30 264 -399 106 747 -1264 432 -426 827 -453 959 -329 -892 -559 -1792 -305 -1300 -480 22 -1476 262 -559 -1183 281 976 200 -519 1501 285 368 693 -1169 1317 836 49 1 -103 1183 289 -429 107 487 -104 -937 653 1002 295 -928 -731 1348 495 -566 -95 -633
331 190 408 505 1112 -3 -713 -357 1329 -272 72 360 -396 82 818 -1218 272 -461 697 -271 924 -261 -959 -363 -1692 -148 -1300 -509 116 -1769 286 -769 -1212 258 945 138 -646 1449 162 181 827 -1044 1541 732 -70 -152 -195 1043 435 -318 84 355 -193 -1063 542 991 408 -1050 -900 1491 445 -714 -133 -637
-53 210 546 -629 836 1882 -1071 277 402 -190 124 266 372 -801 -65 -697 859 -680 1485 -1594 1453 -706 -417 -1990 -1824 -198 -826 -156 1261 -1021 -856 183 -855 -12 904 423 81 807 962 136 755 -425 1208 586 439 -95 106 359 -861 93 422 1223 -235 316 1327 454 -658 -731 -468 1602 490 -983 351 655
125 159 352 276 1041 16 -604 -18 1187 -241 -29 326 -417 106 690 -1219 463 -400 817 -418 968 -295 -881 -547 -1754 -296 -1321 -433 37 -1468 264 -580 -1237 298 986 228 -479 1507 298 398 668 -1204 1300 866 56 -11 -94 1176 262 -417 88 433 -150 -945 656 977 250 -917 -693 1299 477 -515 -135 -654
123 166 309 252 1066 48 -563 5 1224 -259 -30 264 -399 106 747 -1264 432 -426 827 -453 959 -329 -892 -559 -1792 -305 -1300 -480 22 -1476 262 -559 -1183 281 976 200 -519 1501 285 368 693 -1169 1317 836 49 1 -103 1183 289 -429 107 487 -104 -937 653 1002 295 -928 -731 1348 495 -566 -95 -633
123 166 309 252 1066 48 -563 5 1224 -259 -30 264 -399 106 747 -1264 432 -426 827 -453 959 -329 -892 -559 -1792 -305 -1300 -480 22 -1476 262 -559 -1183 281 976 200 -519 1501 285 368 693 -1169 1317 836 49 1 -103 1183 289 -429 107 487 -104 -937 653 1002 295 -928 -731 1348 495 -566 -95 -633
123 166 309 252 1066 48 -563 5 1224 -259 -30 264 -399 106 747 -1264 432 -426 827 -453 959 -329 -892 -559 -1792 -305 -1300 -480 22 -1476 262 -559 -1183 281 976 200 -519 1501 285 368 693 -1169 1317 836 49 1 -103 1183 289 -429 107 487 -104 -937 653 1002 295 -928 -731 1348 495 -566 -95 -633
123 166 309 252 1066 48 -563 5 1224 -259 -30 264 -399 106 747 -1264 432 -426 827 -453 959 -329 -892 -559 -1792 -305 -1300 -480 22 -1476 262 -559 -1183 281 976 200 -519 1501 285 368 693 -1169 1317 836 49 1 -103 1183 289 -429 107 487 -104 -937 653 1002 295 -928 -731 1348 495 -566 -95 -633
285 0 1213 879 466 -175 -1172 323 876 -659 -1034 749 -668 201 217 -1052 281 -566 1421 168 -137 -9 -781 -636 -1366 -638 -1696 -70 387 -1812 -245 -235 -1157 -574 51 512 -625 138 429 433 588 -1023 1855 152 213 -504 1052 392 -121 -208 -547 200 -732 -970 615 453 506 -781 -598 1308 181 -860 -575 -167
-1192 -4 475 181 390 907 -1513 143 790 -902 -206 1152 -111 -372 -261 -451 843 -718 1382 -950 1222 -335 50 -851 -1380 -706 -1725 -89 364 -1799 598 -38 -1537 169 1037 656 -384 449 402 1070 -104 -876 869 911 12 -78 448 938 -805 2 739 669 -370 -675 439 458 -250 -746 -92 685 844 -132 -205 -400
123 166 309 252 1066 48 -563 5 1224 -259 -30 264 -399 106 747 -1264 432 -426 827 -453 959 -329 -892 -559 -1792 -305 -1300 -480 22 -1476 262 -559 -1183 281 976 200 -519 1501 285 368 693 -1169 1317 836 49 1 -103 1183 289 -429 107 487 -104 -937 653 1002 295 -928 -731 1348 495 -566 -95 -633
123 166 309 252 1066 48 -563 5 1224 -259 -30 264 -399 106 747 -1264 432 -426 827 -453 959 -329 -892 -559 -1792 -305 -1300 -480 22 -1476 262 -559 -1183 281 976 200 -519 1501 285 368 693 -1169 1317 836 49 1 -103 1183 289 -429 107 487 -104 -937 653 1002 295 -928 -731 1348 495 -566 -95 -633
123 166 309 252 1066 48 -563 5 1224 -259 -30 264 -399 106 747 -1264 432 -426 827 -453 959 -329 -892 -559 -1792 -305 -1300 -480 22 -1476 262 -559 -1183 281 976 200 -519 1501 285 368 693 -1169 1317 836 49 1 -103 1183 289 -429 107 487 -104 -937 653 1002 295 -928 -731 1348 495 -566 -95 -633
