481 47 1590 887 -656 2103 -422 -673 4038 1037 -594 1768 -339 1139 -694 179 -167 342 1867 238 -375 -266 3573 -526 1786 -623 -28 -615 -73 2079 3102 -103 -546 223 509 -421 -682 1820 1234 -471 888 173 736 -687 -625 -497 -324 6637 1351 -613 733 549 1124 709 56 -639 -396 2581 -123 7047 801 2424 151 84 -653 707 184 3071 1845 1493 -66 858 373 867 -619 -644 463 -623 565 -613 63 2344 -688 -696 2267 402 2094 1794 1637 1547 160 111 2205 -541 -416 170 -696 -418 1950 -659 310 3886 -691 155 -684 2176 -603 -686 -652 -570 -683 592 -677 -672 -614 -696 1953 -690 -517 2812 477 436 -691 -144 -470 -269 407 -686
510 89 230 -36 -687 2222 -608 -602 3621 388 -628 117 -473 1197 -648 416 -173 -589 1419 -589 -298 545 953 -123 1057 -353 -691 -467 -419 1037 3535 -30 -673 -210 -542 -696 -613 1129 1352 -484 1122 390 408 -689 -696 843 3466 4532 -129 -292 987 368 -174 56 -550 -678 -197 3928 -6 2838 125 1521 423 370 -653 2027 153 4968 4009 -344 155 522 357 668 -671 -695 3421 -692 -617 -247 792 1373 -684 -695 1962 1667 2729 1707 3 2353 2588 501 -89 -185 -582 1385 -463 -539 611 -599 2255 2454 -689 1059 -67 1301 -624 -676 -636 -463 -199 270 -597 -647 1458 -694 1072 -667 17 2217 1707 487 -597 729 -588 438 628 -670
510 89 230 -36 -687 2222 -608 -602 3621 388 -628 117 -473 1197 -648 416 -173 -589 1419 -589 -298 545 953 -123 1057 -353 -691 -467 -419 1037 3535 -30 -673 -210 -542 -696 -613 1129 1352 -484 1122 390 408 -689 -696 843 3466 4532 -129 -292 987 368 -174 56 -550 -678 -197 3928 -6 2838 125 1521 423 370 -653 2027 153 4968 4009 -344 155 522 357 668 -671 -695 3421 -692 -617 -247 792 1373 -684 -695 1962 1667 2729 1707 3 2353 2588 501 -89 -185 -582 1385 -463 -539 611 -599 2255 2454 -689 1059 -67 1301 -624 -676 -636 -463 -199 270 -597 -647 1458 -694 1072 -667 17 2217 1707 487 -597 729 -588 438 628 -670
510 89 230 -36 -687 2222 -608 -602 3621 388 -628 117 -473 1197 -648 416 -173 -589 1419 -589 -298 545 953 -123 1057 -353 -691 -467 -419 1037 3535 -30 -673 -210 -542 -696 -613 1129 1352 -484 1122 390 408 -689 -696 843 3466 4532 -129 -292 987 368 -174 56 -550 -678 -197 3928 -6 2838 125 1521 423 370 -653 2027 153 4968 4009 -344 155 522 357 668 -671 -695 3421 -692 -617 -247 792 1373 -684 -695 1962 1667 2729 1707 3 2353 2588 501 -89 -185 -582 1385 -463 -539 611 -599 2255 2454 -689 1059 -67 1301 -624 -676 -636 -463 -199 270 -597 -647 1458 -694 1072 -667 17 2217 1707 487 -597 729 -588 438 628 -670
510 89 230 -36 -687 2222 -608 -602 3621 388 -628 117 -473 1197 -648 416 -173 -589 1419 -589 -298 545 953 -123 1057 -353 -691 -467 -419 1037 3535 -30 -673 -210 -542 -696 -613 1129 1352 -484 1122 390 408 -689 -696 843 3466 4532 -129 -292 987 368 -174 56 -550 -678 -197 3928 -6 2838 125 1521 423 370 -653 2027 153 4968 4009 -344 155 522 357 668 -671 -695 3421 -692 -617 -247 792 1373 -684 -695 1962 1667 2729 1707 3 2353 2588 501 -89 -185 -582 1385 -463 -539 611 -599 2255 2454 -689 1059 -67 1301 -624 -676 -636 -463 -199 270 -597 -647 1458 -694 1072 -667 17 2217 1707 487 -597 729 -588 438 628 -670
510 89 230 -36 -687 2222 -608 -602 3621 388 -628 117 -473 1197 -648 416 -173 -589 1419 -589 -298 545 953 -123 1057 -353 -691 -467 -419 1037 3535 -30 -673 -210 -542 -696 -613 1129 1352 -484 1122 390 408 -689 -696 843 3466 4532 -129 -292 987 368 -174 56 -550 -678 -197 3928 -6 2838 125 1521 423 370 -653 2027 153 4968 4009 -344 155 522 357 668 -671 -695 3421 -692 -617 -247 792 1373 -684 -695 1962 1667 2729 1707 3 2353 2588 501 -89 -185 -582 1385 -463 -539 611 -599 2255 2454 -689 1059 -67 1301 -624 -676 -636 -463 -199 270 -597 -647 1458 -694 1072 -667 17 2217 1707 487 -597 729 -588 438 628 -670
510 89 230 -36 -687 2222 -608 -602 3621 388 -628 117 -473 1197 -648 416 -173 -589 1419 -589 -298 545 953 -123 1057 -353 -691 -467 -419 1037 3535 -30 -673 -210 -542 -696 -613 1129 1352 -484 1122 390 408 -689 -696 843 3466 4532 -129 -292 987 368 -174 56 -550 -678 -197 3928 -6 2838 125 1521 423 370 -653 2027 153 4968 4009 -344 155 522 357 668 -671 -695 3421 -692 -617 -247 792 1373 -684 -695 1962 1667 2729 1707 3 2353 2588 501 -89 -185 -582 1385 -463 -539 611 -599 2255 2454 -689 1059 -67 1301 -624 -676 -636 -463 -199 270 -597 -647 1458 -694 1072 -667 17 2217 1707 487 -597 729 -588 438 628 -670
510 89 230 -36 -687 2222 -608 -602 3621 388 -628 117 -473 1197 -648 416 -173 -589 1419 -589 -298 545 953 -123 1057 -353 -691 -467 -419 1037 3535 -30 -673 -210 -542 -696 -613 1129 1352 -484 1122 390 408 -689 -696 843 3466 4532 -129 -292 987 368 -174 56 -550 -678 -197 3928 -6 2838 125 1521 423 370 -653 2027 153 4968 4009 -344 155 522 357 668 -671 -695 3421 -692 -617 -247 792 1373 -684 -695 1962 1667 2729 1707 3 2353 2588 501 -89 -185 -582 1385 -463 -539 611 -599 2255 2454 -689 1059 -67 1301 -624 -676 -636 -463 -199 270 -597 -647 1458 -694 1072 -667 17 2217 1707 487 -597 729 -588 438 628 -670
510 89 230 -36 -687 2222 -608 -602 3621 388 -628 117 -473 1197 -648 416 -173 -589 1419 -589 -298 545 953 -123 1057 -353 -691 -467 -419 1037 3535 -30 -673 -210 -542 -696 -613 1129 1352 -484 1122 390 408 -689 -696 843 3466 4532 -129 -292 987 368 -174 56 -550 -678 -197 3928 -6 2838 125 1521 423 370 -653 2027 153 4968 4009 -344 155 522 357 668 -671 -695 3421 -692 -617 -247 792 1373 -684 -695 1962 1667 2729 1707 3 2353 2588 501 -89 -185 -582 1385 -463 -539 611 -599 2255 2454 -689 1059 -67 1301 -624 -676 -636 -463 -199 270 -597 -647 1458 -694 1072 -667 17 2217 1707 487 -597 729 -588 438 628 -670
116 -200 348 220 -654 2452 -565 -633 2408 528 -626 573 -245 1428 -691 307 12 -634 795 -508 -389 1435 443 -285 1685 -149 -619 -628 18 1242 4176 91 -676 -168 -321 -696 -657 1547 993 -599 1844 394 1065 -672 -671 754 2899 4567 -49 -194 1214 405 -282 160 -487 -524 -439 3969 -351 2971 60 2228 232 357 -598 2712 -169 5493 4395 -392 151 -402 -275 511 -681 -696 3257 -684 -491 -567 1133 1610 -685 -630 2200 2358 2392 1775 249 2608 2646 87 -342 -330 -554 1445 -388 -559 965 -675 1783 3121 -677 251 -143 1629 -546 -692 -602 -538 -409 91 -652 -662 409 -691 1667 -620 -316 2478 2622 1684 -550 1331 -612 240 635 -635
650 -140 -374 -104 -677 2419 -662 -696 2962 625 -649 -218 -64 625 -696 218 -127 -461 707 -656 238 1969 -46 -565 1409 322 -688 -585 -164 243 4408 -183 -690 365 -691 -658 -584 1339 1651 -75 1134 390 -84 -689 -686 177 3598 3926 288 -194 996 79 -319 565 -423 -629 -104 4829 -172 2737 201 1471 441 178 -595 2107 -206 5872 4632 -252 107 35 41 524 -694 -646 3638 -696 -566 -533 941 3029 -685 -619 1637 2591 2346 824 123 1909 2086 341 283 -412 -607 1779 -251 -292 1380 -435 2822 4373 -663 1193 -56 1747 -620 -571 -623 -627 -351 122 -580 -622 916 -667 975 -687 -269 2389 1151 1004 -518 503 -628 541 449 -667
510 89 230 -36 -687 2222 -608 -602 3621 388 -628 117 -473 1197 -648 416 -173 -589 1419 -589 -298 545 953 -123 1057 -353 -691 -467 -419 1037 3535 -30 -673 -210 -542 -696 -613 1129 1352 -484 1122 390 408 -689 -696 843 3466 4532 -129 -292 987 368 -174 56 -550 -678 -197 3928 -6 2838 125 1521 423 370 -653 2027 153 4968 4009 -344 155 522 357 668 -671 -695 3421 -692 -617 -247 792 1373 -684 -695 1962 1667 2729 1707 3 2353 2588 501 -89 -185 -582 1385 -463 -539 611 -599 2255 2454 -689 1059 -67 1301 -624 -676 -636 -463 -199 270 -597 -647 1458 -694 1072 -667 17 2217 1707 487 -597 729 -588 438 628 -670
510 89 230 -36 -687 2222 -608 -602 3621 388 -628 117 -473 1197 -648 416 -173 -589 1419 -589 -298 545 953 -123 1057 -353 -691 -467 -419 1037 3535 -30 -673 -210 -542 -696 -613 1129 1352 -484 1122 390 408 -689 -696 843 3466 4532 -129 -292 987 368 -174 56 -550 -678 -197 3928 -6 2838 125 1521 423 370 -653 2027 153 4968 4009 -344 155 522 357 668 -671 -695 3421 -692 -617 -247 792 1373 -684 -695 1962 1667 2729 1707 3 2353 2588 501 -89 -185 -582 1385 -463 -539 611 -599 2255 2454 -689 1059 -67 1301 -624 -676 -636 -463 -199 270 -597 -647 1458 -694 1072 -667 17 2217 1707 487 -597 729 -588 438 628 -670
510 89 230 -36 -687 2222 -608 -602 3621 388 -628 117 -473 1197 -648 416 -173 -589 1419 -589 -298 545 953 -123 1057 -353 -691 -467 -419 1037 3535 -30 -673 -210 -542 -696 -613 1129 1352 -484 1122 390 408 -689 -696 843 3466 4532 -129 -292 987 368 -174 56 -550 -678 -197 3928 -6 2838 125 1521 423 370 -653 2027 153 4968 4009 -344 155 522 357 668 -671 -695 3421 -692 -617 -247 792 1373 -684 -695 1962 1667 2729 1707 3 2353 2588 501 -89 -185 -582 1385 -463 -539 611 -599 2255 2454 -689 1059 -67 1301 -624 -676 -636 -463 -199 270 -597 -647 1458 -694 1072 -667 17 2217 1707 487 -597 729 -588 438 628 -670
510 89 230 -36 -687 2222 -608 -602 3621 388 -628 117 -473 1197 -648 416 -173 -589 1419 -589 -298 545 953 -123 1057 -353 -691 -467 -419 1037 3535 -30 -673 -210 -542 -696 -613 1129 1352 -484 1122 390 408 -689 -696 843 3466 4532 -129 -292 987 368 -174 56 -550 -678 -197 3928 -6 2838 125 1521 423 370 -653 2027 153 4968 4009 -344 155 522 357 668 -671 -695 3421 -692 -617 -247 792 1373 -684 -695 1962 1667 2729 1707 3 2353 2588 501 -89 -185 -582 1385 -463 -539 611 -599 2255 2454 -689 1059 -67 1301 -624 -676 -636 -463 -199 270 -597 -647 1458 -694 1072 -667 17 2217 1707 487 -597 729 -588 438 628 -670
510 89 230 -36 -687 2222 -608 -602 3621 388 -628 117 -473 1197 -648 416 -173 -589 1419 -589 -298 545 953 -123 1057 -353 -691 -467 -419 1037 3535 -30 -673 -210 -542 -696 -613 1129 1352 -484 1122 390 408 -689 -696 843 3466 4532 -129 -292 987 368 -174 56 -550 -678 -197 3928 -6 2838 125 1521 423 370 -653 2027 153 4968 4009 -344 155 522 357 668 -671 -695 3421 -692 -617 -247 792 1373 -684 -695 1962 1667 2729 1707 3 2353 2588 501 -89 -185 -582 1385 -463 -539 611 -599 2255 2454 -689 1059 -67 1301 -624 -676 -636 -463 -199 270 -597 -647 1458 -694 1072 -667 17 2217 1707 487 -597 729 -588 438 628 -670
149 16 1832 1235 -604 1709 -294 -404 3964 106 -585 2231 -640 2075 -518 -174 284 -663 2994 -295 -664 -574 5210 432 2083 -695 -645 -680 -311 1594 2922 130 -682 -307 380 -691 -632 856 850 -690 1331 -93 1768 -688 -485 2104 1195 4247 -49 -649 1270 837 601 203 -283 -695 -399 2372 316 3637 615 3447 -86 312 -691 1365 -341 3857 1923 -326 -66 1174 229 257 -512 -694 2219 -590 354 -307 872 138 -653 -693 2299 511 2439 2241 800 1847 1411 -73 34 192 -334 811 -695 -571 -242 -612 316 997 -642 -228 -605 1395 -663 -481 -694 508 -58 369 -672 -695 519 -695 1246 -695 8 2338 1149 915 -666 1262 -406 110 1647 -600
-405 418 2350 419 -650 1117 -320 -399 4266 290 -485 3659 -593 1570 -228 329 -164 -348 2881 555 -693 -680 6244 926 832 -695 -178 -291 136 2996 603 -62 -585 -373 1442 -568 -580 1561 44 -672 -347 -618 3353 -685 -62 1328 -561 5815 358 -687 2129 50 1462 -182 -419 -596 -408 280 1376 5322 833 1590 776 419 -257 136 931 996 -7 81 -402 2242 144 85 -524 -696 -335 -483 871 -286 228 -45 -684 -566 1808 -395 1893 2054 381 831 372 -475 832 -177 -331 639 -644 -664 1003 661 -155 940 -536 -479 -659 856 -667 10 -632 553 -343 527 -692 -677 118 -695 573 -74 -210 2878 732 -321 -586 268 -490 -254 2036 -605
75 975 3302 257 -424 1189 -418 -183 5197 842 -426 1492 -606 1611 -199 -48 -458 698 1902 675 -674 -696 6828 771 1572 -695 -582 424 -456 3544 243 -276 -375 -433 1401 -427 -533 2171 -178 -654 -298 -533 2767 -695 -229 775 -383 6471 456 -695 854 -235 593 301 -401 -668 -271 -161 1638 5353 1344 1497 398 342 256 -314 2110 961 -228 441 -471 2639 467 20 -506 -667 -577 -430 701 -475 -85 -203 -668 -86 1641 -528 2244 2525 1168 773 204 -293 1043 -457 -415 -394 -692 -639 698 912 -376 969 -649 -288 -587 630 -689 -273 -609 149 -432 1118 -615 -635 -70 -696 833 450 -110 2042 652 -583 -623 -324 -539 -567 1488 -527
-570 46 3422 240 -398 1813 -445 -150 2467 1768 -310 3792 -558 2057 -503 263 377 203 915 917 -695 -342 5449 707 1703 -623 -101 -503 329 3122 684 -63 17 -486 2254 -560 -508 2927 -240 -683 134 -621 3479 -665 -13 38 -631 6235 632 -689 1790 -16 1266 750 -456 -694 -634 -67 996 5587 1444 3196 438 82 -418 138 905 1582 825 177 -314 765 -205 132 -581 -696 -373 -537 1460 -664 272 83 -636 -659 1499 -253 2055 1967 946 792 676 -684 443 -513 -407 -286 -654 -694 979 1695 -653 2406 -634 -620 -666 1389 -678 -289 -677 -204 -531 967 -682 -673 -677 -640 2339 33 -526 2442 1377 873 -691 637 -583 -588 844 -641
516 1373 469 -48 -552 2264 -685 -688 4323 679 -556 -102 -291 1016 -679 -5 -460 2235 670 -469 -82 771 640 -330 500 362 -583 -400 -669 958 2604 -636 -645 -360 -437 -586 -695 1522 1120 0 323 849 -417 -671 -657 440 2210 6642 922 -530 311 -373 363 -133 -587 -689 113 2848 516 6568 735 90 509 1021 -696 205 97 3308 2035 1308 -696 1944 -126 2125 -686 -636 698 -475 -652 -505 195 1726 -334 -664 1402 1343 2137 585 834 2497 946 990 1405 -120 -600 230 -607 -34 3599 -627 3639 2693 -694 850 -269 921 -692 -622 -695 -694 -533 536 -387 -683 -80 -682 452 -680 -134 2312 515 -341 -624 -490 -623 -415 496 -580
510 89 230 -36 -687 2222 -608 -602 3621 388 -628 117 -473 1197 -648 416 -173 -589 1419 -589 -298 545 953 -123 1057 -353 -691 -467 -419 1037 3535 -30 -673 -210 -542 -696 -613 1129 1352 -484 1122 390 408 -689 -696 843 3466 4532 -129 -292 987 368 -174 56 -550 -678 -197 3928 -6 2838 125 1521 423 370 -653 2027 153 4968 4009 -344 155 522 357 668 -671 -695 3421 -692 -617 -247 792 1373 -684 -695 1962 1667 2729 1707 3 2353 2588 501 -89 -185 -582 1385 -463 -539 611 -599 2255 2454 -689 1059 -67 1301 -624 -676 -636 -463 -199 270 -597 -647 1458 -694 1072 -667 17 2217 1707 487 -597 729 -588 438 628 -670
510 89 230 -36 -687 2222 -608 -602 3621 388 -628 117 -473 1197 -648 416 -173 -589 1419 -589 -298 545 953 -123 1057 -353 -691 -467 -419 1037 3535 -30 -673 -210 -542 -696 -613 1129 1352 -484 1122 390 408 -689 -696 843 3466 4532 -129 -292 987 368 -174 56 -550 -678 -197 3928 -6 2838 125 1521 423 370 -653 2027 153 4968 4009 -344 155 522 357 668 -671 -695 3421 -692 -617 -247 792 1373 -684 -695 1962 1667 2729 1707 3 2353 2588 501 -89 -185 -582 1385 -463 -539 611 -599 2255 2454 -689 1059 -67 1301 -624 -676 -636 -463 -199 270 -597 -647 1458 -694 1072 -667 17 2217 1707 487 -597 729 -588 438 628 -670
510 89 230 -36 -687 2222 -608 -602 3621 388 -628 117 -473 1197 -648 416 -173 -589 1419 -589 -298 545 953 -123 1057 -353 -691 -467 -419 1037 3535 -30 -673 -210 -542 -696 -613 1129 1352 -484 1122 390 408 -689 -696 843 3466 4532 -129 -292 987 368 -174 56 -550 -678 -197 3928 -6 2838 125 1521 423 370 -653 2027 153 4968 4009 -344 155 522 357 668 -671 -695 3421 -692 -617 -247 792 1373 -684 -695 1962 1667 2729 1707 3 2353 2588 501 -89 -185 -582 1385 -463 -539 611 -599 2255 2454 -689 1059 -67 1301 -624 -676 -636 -463 -199 270 -597 -647 1458 -694 1072 -667 17 2217 1707 487 -597 729 -588 438 628 -670
510 89 230 -36 -687 2222 -608 -602 3621 388 -628 117 -473 1197 -648 416 -173 -589 1419 -589 -298 545 953 -123 1057 -353 -691 -467 -419 1037 3535 -30 -673 -210 -542 -696 -613 1129 1352 -484 1122 390 408 -689 -696 843 3466 4532 -129 -292 987 368 -174 56 -550 -678 -197 3928 -6 2838 125 1521 423 370 -653 2027 153 4968 4009 -344 155 522 357 668 -671 -695 3421 -692 -617 -247 792 1373 -684 -695 1962 1667 2729 1707 3 2353 2588 501 -89 -185 -582 1385 -463 -539 611 -599 2255 2454 -689 1059 -67 1301 -624 -676 -636 -463 -199 270 -597 -647 1458 -694 1072 -667 17 2217 1707 487 -597 729 -588 438 628 -670
510 89 230 -36 -687 2222 -608 -602 3621 388 -628 117 -473 1197 -648 416 -173 -589 1419 -589 -298 545 953 -123 1057 -353 -691 -467 -419 1037 3535 -30 -673 -210 -542 -696 -613 1129 1352 -484 1122 390 408 -689 -696 843 3466 4532 -129 -292 987 368 -174 56 -550 -678 -197 3928 -6 2838 125 1521 423 370 -653 2027 153 4968 4009 -344 155 522 357 668 -671 -695 3421 -692 -617 -247 792 1373 -684 -695 1962 1667 2729 1707 3 2353 2588 501 -89 -185 -582 1385 -463 -539 611 -599 2255 2454 -689 1059 -67 1301 -624 -676 -636 -463 -199 270 -597 -647 1458 -694 1072 -667 17 2217 1707 487 -597 729 -588 438 628 -670
2647 -228 2586 2713 -696 1078 -579 -695 5991 1382 -599 -44 627 -73 -616 -53 -690 -493 2091 85 -315 -666 5911 -427 2540 -676 -696 -518 -432 2783 2436 1504 -157 1422 -377 134 -328 3329 633 -5 -124 458 641 -598 -354 -452 793 2842 2048 -680 -75 -85 -366 2848 572 -585 94 1920 -557 2761 444 3173 -385 -618 -386 -122 355 1696 132 181 1317 367 964 -653 -635 -684 696 -506 -194 -92 -271 1331 -546 -361 2455 157 2313 3740 1063 763 262 442 1933 -494 -444 764 -674 -467 -543 -690 -478 4549 -680 -6 -583 2529 -665 -692 -445 413 -640 -104 -560 -696 -46 -692 1170 -120 483 2758 -252 -511 -598 -70 -646 -146 514 -690
246 288 218 -62 -680 2205 -612 -534 3647 219 -616 290 -507 1387 -649 418 -278 -486 1303 -552 -458 507 1109 29 855 -267 -695 -382 -429 1332 3336 -150 -666 -317 -481 -696 -675 1480 1231 -480 1216 282 463 -682 -696 1009 2829 4999 -155 -386 1120 402 -90 -81 -591 -692 -244 3705 269 3322 266 1174 563 618 -679 1827 275 4733 3595 -277 -136 785 447 847 -677 -688 2674 -691 -643 -335 757 1256 -696 -696 1876 1347 2307 1385 84 2554 2594 382 -24 -149 -564 1236 -570 -566 913 -599 2414 2177 -694 971 -76 1207 -656 -668 -621 -537 -211 354 -564 -661 1453 -693 1116 -677 -81 1967 1846 394 -623 723 -585 321 676 -688
510 89 230 -36 -687 2222 -608 -602 3621 388 -628 117 -473 1197 -648 416 -173 -589 1419 -589 -298 545 953 -123 1057 -353 -691 -467 -419 1037 3535 -30 -673 -210 -542 -696 -613 1129 1352 -484 1122 390 408 -689 -696 843 3466 4532 -129 -292 987 368 -174 56 -550 -678 -197 3928 -6 2838 125 1521 423 370 -653 2027 153 4968 4009 -344 155 522 357 668 -671 -695 3421 -692 -617 -247 792 1373 -684 -695 1962 1667 2729 1707 3 2353 2588 501 -89 -185 -582 1385 -463 -539 611 -599 2255 2454 -689 1059 -67 1301 -624 -676 -636 -463 -199 270 -597 -647 1458 -694 1072 -667 17 2217 1707 487 -597 729 -588 438 628 -670
510 89 230 -36 -687 2222 -608 -602 3621 388 -628 117 -473 1197 -648 416 -173 -589 1419 -589 -298 545 953 -123 1057 -353 -691 -467 -419 1037 3535 -30 -673 -210 -542 -696 -613 1129 1352 -484 1122 390 408 -689 -696 843 3466 4532 -129 -292 987 368 -174 56 -550 -678 -197 3928 -6 2838 125 1521 423 370 -653 2027 153 4968 4009 -344 155 522 357 668 -671 -695 3421 -692 -617 -247 792 1373 -684 -695 1962 1667 2729 1707 3 2353 2588 501 -89 -185 -582 1385 -463 -539 611 -599 2255 2454 -689 1059 -67 1301 -624 -676 -636 -463 -199 270 -597 -647 1458 -694 1072 -667 17 2217 1707 487 -597 729 -588 438 628 -670
510 89 230 -36 -687 2222 -608 -602 3621 388 -628 117 -473 1197 -648 416 -173 -589 1419 -589 -298 545 953 -123 1057 -353 -691 -467 -419 1037 3535 -30 -673 -210 -542 -696 -613 1129 1352 -484 1122 390 408 -689 -696 843 3466 4532 -129 -292 987 368 -174 56 -550 -678 -197 3928 -6 2838 125 1521 423 370 -653 2027 153 4968 4009 -344 155 522 357 668 -671 -695 3421 -692 -617 -247 792 1373 -684 -695 1962 1667 2729 1707 3 2353 2588 501 -89 -185 -582 1385 -463 -539 611 -599 2255 2454 -689 1059 -67 1301 -624 -676 -636 -463 -199 270 -597 -647 1458 -694 1072 -667 17 2217 1707 487 -597 729 -588 438 628 -670
510 89 230 -36 -687 2222 -608 -602 3621 388 -628 117 -473 1197 -648 416 -173 -589 1419 -589 -298 545 953 -123 1057 -353 -691 -467 -419 1037 3535 -30 -673 -210 -542 -696 -613 1129 1352 -484 1122 390 408 -689 -696 843 3466 4532 -129 -292 987 368 -174 56 -550 -678 -197 3928 -6 2838 125 1521 423 370 -653 2027 153 4968 4009 -344 155 522 357 668 -671 -695 3421 -692 -617 -247 792 1373 -684 -695 1962 1667 2729 1707 3 2353 2588 501 -89 -185 -582 1385 -463 -539 611 -599 2255 2454 -689 1059 -67 1301 -624 -676 -636 -463 -199 270 -597 -647 1458 -694 1072 -667 17 2217 1707 487 -597 729 -588 438 628 -670
-316 -589 571 -345 -643 2883 -696 -521 1426 1816 -550 1340 -465 1637 -682 1085 1430 -652 74 -418 -597 1184 310 -106 1311 -41 -563 -669 900 1352 4537 256 -639 -41 -72 -586 -691 2675 788 -615 3627 118 1906 -618 -692 -263 1429 4185 -24 253 1637 972 92 996 -494 -379 -568 3362 -406 3188 152 4241 223 -30 -583 2167 -386 5672 5440 -354 902 -539 -203 170 -694 -694 3808 -684 -219 -642 568 1966 -675 -519 1709 1534 1762 1297 393 1986 2636 -280 -343 -343 -683 590 -550 -557 490 -696 102 4287 -686 -59 -562 2252 -88 -640 -635 -576 -529 214 -671 -647 -458 -582 3875 -682 -347 2128 2706 3149 -548 2356 -642 95 -162 -630
372 1027 651 -368 -621 2060 -629 -643 4586 1137 -536 185 -198 1021 -676 19 -336 2052 1110 -89 93 -25 1390 -250 555 -307 -356 -68 -511 1445 1544 -654 -615 -338 -143 -344 -645 1322 700 -162 -409 517 -9 -668 -689 103 863 7391 870 -631 695 -540 606 -209 -399 -659 329 1962 596 7088 482 -307 596 765 -691 116 756 2672 1266 1945 -694 2461 -226 1696 -644 -668 -44 -397 -442 -477 -27 1516 -517 -669 1807 662 2511 946 733 2220 225 886 1809 -336 -551 176 -600 -81 4758 -670 2324 2484 -696 731 -433 816 -696 -674 -665 -666 -640 368 -384 -666 -91 -672 220 -682 -234 2738 337 -551 -657 -676 -627 -350 799 -545
510 89 230 -36 -687 2222 -608 -602 3621 388 -628 117 -473 1197 -648 416 -173 -589 1419 -589 -298 545 953 -123 1057 -353 -691 -467 -419 1037 3535 -30 -673 -210 -542 -696 -613 1129 1352 -484 1122 390 408 -689 -696 843 3466 4532 -129 -292 987 368 -174 56 -550 -678 -197 3928 -6 2838 125 1521 423 370 -653 2027 153 4968 4009 -344 155 522 357 668 -671 -695 3421 -692 -617 -247 792 1373 -684 -695 1962 1667 2729 1707 3 2353 2588 501 -89 -185 -582 1385 -463 -539 611 -599 2255 2454 -689 1059 -67 1301 -624 -676 -636 -463 -199 270 -597 -647 1458 -694 1072 -667 17 2217 1707 487 -597 729 -588 438 628 -670
510 89 230 -36 -687 2222 -608 -602 3621 388 -628 117 -473 1197 -648 416 -173 -589 1419 -589 -298 545 953 -123 1057 -353 -691 -467 -419 1037 3535 -30 -673 -210 -542 -696 -613 1129 1352 -484 1122 390 408 -689 -696 843 3466 4532 -129 -292 987 368 -174 56 -550 -678 -197 3928 -6 2838 125 1521 423 370 -653 2027 153 4968 4009 -344 155 522 357 668 -671 -695 3421 -692 -617 -247 792 1373 -684 -695 1962 1667 2729 1707 3 2353 2588 501 -89 -185 -582 1385 -463 -539 611 -599 2255 2454 -689 1059 -67 1301 -624 -676 -636 -463 -199 270 -597 -647 1458 -694 1072 -667 17 2217 1707 487 -597 729 -588 438 628 -670
510 89 230 -36 -687 2222 -608 -602 3621 388 -628 117 -473 1197 -648 416 -173 -589 1419 -589 -298 545 953 -123 1057 -353 -691 -467 -419 1037 3535 -30 -673 -210 -542 -696 -613 1129 1352 -484 1122 390 408 -689 -696 843 3466 4532 -129 -292 987 368 -174 56 -550 -678 -197 3928 -6 2838 125 1521 423 370 -653 2027 153 4968 4009 -344 155 522 357 668 -671 -695 3421 -692 -617 -247 792 1373 -684 -695 1962 1667 2729 1707 3 2353 2588 501 -89 -185 -582 1385 -463 -539 611 -599 2255 2454 -689 1059 -67 1301 -624 -676 -636 -463 -199 270 -597 -647 1458 -694 1072 -667 17 2217 1707 487 -597 729 -588 438 628 -670
510 89 230 -36 -687 2222 -608 -602 3621 388 -628 117 -473 1197 -648 416 -173 -589 1419 -589 -298 545 953 -123 1057 -353 -691 -467 -419 1037 3535 -30 -673 -210 -542 -696 -613 1129 1352 -484 1122 390 408 -689 -696 843 3466 4532 -129 -292 987 368 -174 56 -550 -678 -197 3928 -6 2838 125 1521 423 370 -653 2027 153 4968 4009 -344 155 522 357 668 -671 -695 3421 -692 -617 -247 792 1373 -684 -695 1962 1667 2729 1707 3 2353 2588 501 -89 -185 -582 1385 -463 -539 611 -599 2255 2454 -689 1059 -67 1301 -624 -676 -636 -463 -199 270 -597 -647 1458 -694 1072 -667 17 2217 1707 487 -597 729 -588 438 628 -670
170 -96 313 59 -675 2402 -554 -582 2677 658 -627 570 -449 1445 -683 365 47 -640 1182 -568 -376 1292 683 -257 1481 -113 -687 -611 -171 933 3820 -38 -695 -283 -376 -691 -653 1199 1170 -562 1562 245 819 -678 -688 745 3083 4598 -137 -173 1276 374 -155 236 -524 -632 -396 3892 -134 2911 47 2013 502 274 -616 2633 -107 5321 4665 -417 178 -110 -161 704 -660 -696 3356 -692 -512 -477 1171 1432 -693 -643 1851 2142 2814 1549 75 2571 2819 56 -311 -280 -531 1482 -457 -581 905 -668 1971 3088 -678 438 -138 1462 -613 -690 -607 -511 -194 179 -603 -641 673 -693 1556 -645 -241 2397 2090 1415 -546 1322 -584 341 634 -646
2875 240 1832 1807 -682 1296 -427 -497 5885 2127 -642 -181 796 -165 -576 -503 -687 299 2689 242 896 -590 4219 -680 2520 -696 -574 -599 -588 758 1488 62 -140 1235 -586 -163 -452 970 1005 321 -691 519 -174 -626 -499 -462 905 3536 2330 -693 -343 -628 -166 1644 852 -692 417 1854 -413 4502 289 796 -119 -576 -599 -275 258 1524 618 1135 261 1272 -153 -143 -536 -107 102 -195 116 -324 -207 1329 -652 -517 1607 1083 3376 2553 789 559 -440 599 3452 -563 -379 1773 -583 -79 1188 -620 236 4991 -626 343 -516 1509 -653 -483 -64 156 -663 -36 -696 -661 -365 -695 -243 -244 -132 3853 -624 -622 -679 -695 -638 23 801 -693
431 108 205 -19 -690 2206 -608 -588 3629 339 -628 212 -489 1242 -644 469 -226 -579 1414 -580 -362 554 963 -78 954 -307 -693 -455 -408 1129 3508 -31 -669 -226 -536 -696 -635 1226 1345 -481 1138 343 455 -687 -695 893 3270 4602 -158 -327 1054 399 -144 -12 -562 -685 -225 3926 55 2964 134 1421 500 442 -659 1991 175 4862 3922 -339 90 583 348 732 -673 -695 3211 -692 -631 -259 763 1325 -686 -695 1898 1615 2575 1608 -5 2408 2635 429 -69 -177 -577 1489 -502 -545 672 -595 2353 2429 -691 1025 -73 1272 -647 -675 -630 -472 -207 275 -594 -649 1464 -694 1084 -668 -5 2205 1746 486 -609 783 -588 451 646 -677
510 89 230 -36 -687 2222 -608 -602 3621 388 -628 117 -473 1197 -648 416 -173 -589 1419 -589 -298 545 953 -123 1057 -353 -691 -467 -419 1037 3535 -30 -673 -210 -542 -696 -613 1129 1352 -484 1122 390 408 -689 -696 843 3466 4532 -129 -292 987 368 -174 56 -550 -678 -197 3928 -6 2838 125 1521 423 370 -653 2027 153 4968 4009 -344 155 522 357 668 -671 -695 3421 -692 -617 -247 792 1373 -684 -695 1962 1667 2729 1707 3 2353 2588 501 -89 -185 -582 1385 -463 -539 611 -599 2255 2454 -689 1059 -67 1301 -624 -676 -636 -463 -199 270 -597 -647 1458 -694 1072 -667 17 2217 1707 487 -597 729 -588 438 628 -670
510 89 230 -36 -687 2222 -608 -602 3621 388 -628 117 -473 1197 -648 416 -173 -589 1419 -589 -298 545 953 -123 1057 -353 -691 -467 -419 1037 3535 -30 -673 -210 -542 -696 -613 1129 1352 -484 1122 390 408 -689 -696 843 3466 4532 -129 -292 987 368 -174 56 -550 -678 -197 3928 -6 2838 125 1521 423 370 -653 2027 153 4968 4009 -344 155 522 357 668 -671 -695 3421 -692 -617 -247 792 1373 -684 -695 1962 1667 2729 1707 3 2353 2588 501 -89 -185 -582 1385 -463 -539 611 -599 2255 2454 -689 1059 -67 1301 -624 -676 -636 -463 -199 270 -597 -647 1458 -694 1072 -667 17 2217 1707 487 -597 729 -588 438 628 -670
510 89 230 -36 -687 2222 -608 -602 3621 388 -628 117 -473 1197 -648 416 -173 -589 1419 -589 -298 545 953 -123 1057 -353 -691 -467 -419 1037 3535 -30 -673 -210 -542 -696 -613 1129 1352 -484 1122 390 408 -689 -696 843 3466 4532 -129 -292 987 368 -174 56 -550 -678 -197 3928 -6 2838 125 1521 423 370 -653 2027 153 4968 4009 -344 155 522 357 668 -671 -695 3421 -692 -617 -247 792 1373 -684 -695 1962 1667 2729 1707 3 2353 2588 501 -89 -185 -582 1385 -463 -539 611 -599 2255 2454 -689 1059 -67 1301 -624 -676 -636 -463 -199 270 -597 -647 1458 -694 1072 -667 17 2217 1707 487 -597 729 -588 438 628 -670
510 89 230 -36 -687 2222 -608 -602 3621 388 -628 117 -473 1197 -648 416 -173 -589 1419 -589 -298 545 953 -123 1057 -353 -691 -467 -419 1037 3535 -30 -673 -210 -542 -696 -613 1129 1352 -484 1122 390 408 -689 -696 843 3466 4532 -129 -292 987 368 -174 56 -550 -678 -197 3928 -6 2838 125 1521 423 370 -653 2027 153 4968 4009 -344 155 522 357 668 -671 -695 3421 -692 -617 -247 792 1373 -684 -695 1962 1667 2729 1707 3 2353 2588 501 -89 -185 -582 1385 -463 -539 611 -599 2255 2454 -689 1059 -67 1301 -624 -676 -636 -463 -199 270 -597 -647 1458 -694 1072 -667 17 2217 1707 487 -597 729 -588 438 628 -670
112 -221 1599 39 -647 1987 -651 -25 3664 1577 -494 2370 -686 1309 -487 1259 1163 -644 1871 -341 -693 -485 4318 518 816 -517 -689 -644 -358 1340 2905 323 -696 -400 713 -661 -678 1333 712 -642 2796 -281 1979 -678 -619 242 872 3554 -262 -278 1169 1125 1386 998 -588 -695 -484 1618 787 3962 740 5720 604 -46 -665 573 -315 3184 3562 -565 1011 1477 413 439 -633 -671 3102 -656 659 -23 268 119 -664 -691 937 -96 2570 2164 360 853 1903 -230 204 404 -637 147 -687 -585 -500 -535 -93 2094 -513 -76 -688 1656 -595 -264 -691 304 -17 1270 -664 -668 -27 -596 3267 -603 320 2428 1015 1126 -692 2527 -454 -186 330 -696
445 1365 1114 -273 -628 1933 -556 -695 4851 987 -521 536 -344 1521 -563 -87 -524 1338 1215 358 -186 -397 2450 135 700 -603 -397 554 -461 2559 1233 -502 -567 -280 145 -405 -592 1696 407 -531 -486 431 504 -676 -676 563 499 7255 407 -683 847 -453 370 -386 -373 -687 -84 1266 780 6514 634 -356 676 762 -643 -72 1773 2218 908 1474 -692 2393 145 1222 -650 -695 -280 -500 -412 -500 -172 732 -648 -563 1864 210 2417 1733 947 2067 309 829 1629 -538 -554 332 -638 -295 3527 -582 1381 1857 -693 704 -330 825 -696 -689 -692 -612 -669 470 -439 -670 142 -652 378 -638 -303 2318 967 -548 -691 -689 -646 -367 772 -635
510 89 230 -36 -687 2222 -608 -602 3621 388 -628 117 -473 1197 -648 416 -173 -589 1419 -589 -298 545 953 -123 1057 -353 -691 -467 -419 1037 3535 -30 -673 -210 -542 -696 -613 1129 1352 -484 1122 390 408 -689 -696 843 3466 4532 -129 -292 987 368 -174 56 -550 -678 -197 3928 -6 2838 125 1521 423 370 -653 2027 153 4968 4009 -344 155 522 357 668 -671 -695 3421 -692 -617 -247 792 1373 -684 -695 1962 1667 2729 1707 3 2353 2588 501 -89 -185 -582 1385 -463 -539 611 -599 2255 2454 -689 1059 -67 1301 -624 -676 -636 -463 -199 270 -597 -647 1458 -694 1072 -667 17 2217 1707 487 -597 729 -588 438 628 -670
510 89 230 -36 -687 2222 -608 -602 3621 388 -628 117 -473 1197 -648 416 -173 -589 1419 -589 -298 545 953 -123 1057 -353 -691 -467 -419 1037 3535 -30 -673 -210 -542 -696 -613 1129 1352 -484 1122 390 408 -689 -696 843 3466 4532 -129 -292 987 368 -174 56 -550 -678 -197 3928 -6 2838 125 1521 423 370 -653 2027 153 4968 4009 -344 155 522 357 668 -671 -695 3421 -692 -617 -247 792 1373 -684 -695 1962 1667 2729 1707 3 2353 2588 501 -89 -185 -582 1385 -463 -539 611 -599 2255 2454 -689 1059 -67 1301 -624 -676 -636 -463 -199 270 -597 -647 1458 -694 1072 -667 17 2217 1707 487 -597 729 -588 438 628 -670
510 89 230 -36 -687 2222 -608 -602 3621 388 -628 117 -473 1197 -648 416 -173 -589 1419 -589 -298 545 953 -123 1057 -353 -691 -467 -419 1037 3535 -30 -673 -210 -542 -696 -613 1129 1352 -484 1122 390 408 -689 -696 843 3466 4532 -129 -292 987 368 -174 56 -550 -678 -197 3928 -6 2838 125 1521 423 370 -653 2027 153 4968 4009 -344 155 522 357 668 -671 -695 3421 -692 -617 -247 792 1373 -684 -695 1962 1667 2729 1707 3 2353 2588 501 -89 -185 -582 1385 -463 -539 611 -599 2255 2454 -689 1059 -67 1301 -624 -676 -636 -463 -199 270 -597 -647 1458 -694 1072 -667 17 2217 1707 487 -597 729 -588 438 628 -670
