-588 -2081 3247 1217 3817 1170 5652 3661 -1365 914 2858 643 3704 -658 17 -1253 5281 467 -3122 -3672 49 1631 1169 -1459 1211 2489 2399 3057 -721 1678 3827 2639 -969 1750 -1322 3180 -5346 -809 1161 -889 4394 -1357 4307 -1825 -2356 -381 -792 -1318 -1214 1290 3197 1244 776 4372 -5508 -2063 -5950 2857 -1267 2737 -50 3316 -2226 586
2212 -3207 -37 2216 -1612 -2241 4823 2587 -261 -256 4753 -3998 3989 -2250 -411 -3613 45 -375 4074 -3600 596 1040 216 1054 -2071 4650 508 2204 -830 408 4304 865 -2723 1172 -2981 976 -1155 -902 1715 -768 1095 190 2159 3184 -4729 3157 617 1859 111 3085 -560 5625 405 -332 -964 -989 -3791 2739 -434 -311 410 2456 -50 229
2212 -3207 -37 2216 -1612 -2241 4823 2587 -261 -256 4753 -3998 3989 -2250 -411 -3613 45 -375 4074 -3600 596 1040 216 1054 -2071 4650 508 2204 -830 408 4304 865 -2723 1172 -2981 976 -1155 -902 1715 -768 1095 190 2159 3184 -4729 3157 617 1859 111 3085 -560 5625 405 -332 -964 -989 -3791 2739 -434 -311 410 2456 -50 229
2212 -3207 -37 2216 -1612 -2241 4823 2587 -261 -256 4753 -3998 3989 -2250 -411 -3613 45 -375 4074 -3600 596 1040 216 1054 -2071 4650 508 2204 -830 408 4304 865 -2723 1172 -2981 976 -1155 -902 1715 -768 1095 190 2159 3184 -4729 3157 617 1859 111 3085 -560 5625 405 -332 -964 -989 -3791 2739 -434 -311 410 2456 -50 229
2212 -3207 -37 2216 -1612 -2241 4823 2587 -261 -256 4753 -3998 3989 -2250 -411 -3613 45 -375 4074 -3600 596 1040 216 1054 -2071 4650 508 2204 -830 408 4304 865 -2723 1172 -2981 976 -1155 -902 1715 -768 1095 190 2159 3184 -4729 3157 617 1859 111 3085 -560 5625 405 -332 -964 -989 -3791 2739 -434 -311 410 2456 -50 229
2212 -3207 -37 2216 -1612 -2241 4823 2587 -261 -256 4753 -3998 3989 -2250 -411 -3613 45 -375 4074 -3600 596 1040 216 1054 -2071 4650 508 2204 -830 408 4304 865 -2723 1172 -2981 976 -1155 -902 1715 -768 1095 190 2159 3184 -4729 3157 617 1859 111 3085 -560 5625 405 -332 -964 -989 -3791 2739 -434 -311 410 2456 -50 229
2212 -3207 -37 2216 -1612 -2241 4823 2587 -261 -256 4753 -3998 3989 -2250 -411 -3613 45 -375 4074 -3600 596 1040 216 1054 -2071 4650 508 2204 -830 408 4304 865 -2723 1172 -2981 976 -1155 -902 1715 -768 1095 190 2159 3184 -4729 3157 617 1859 111 3085 -560 5625 405 -332 -964 -989 -3791 2739 -434 -311 410 2456 -50 229
2212 -3207 -37 2216 -1612 -2241 4823 2587 -261 -256 4753 -3998 3989 -2250 -411 -3613 45 -375 4074 -3600 596 1040 216 1054 -2071 4650 508 2204 -830 408 4304 865 -2723 1172 -2981 976 -1155 -902 1715 -768 1095 190 2159 3184 -4729 3157 617 1859 111 3085 -560 5625 405 -332 -964 -989 -3791 2739 -434 -311 410 2456 -50 229
2212 -3207 -37 2216 -1612 -2241 4823 2587 -261 -256 4753 -3998 3989 -2250 -411 -3613 45 -375 4074 -3600 596 1040 216 1054 -2071 4650 508 2204 -830 408 4304 865 -2723 1172 -2981 976 -1155 -902 1715 -768 1095 190 2159 3184 -4729 3157 617 1859 111 3085 -560 5625 405 -332 -964 -989 -3791 2739 -434 -311 410 2456 -50 229
-68 -3128 628 3853 -546 -1711 5781 2415 -1068 -771 5465 -4292 4468 -2065 -324 -4408 1873 399 3173 -3985 1323 -133 -282 -806 -2455 3313 2350 2213 -1809 -239 3556 1545 -2785 1767 -2939 1473 -1304 -595 -187 -519 826 -559 3313 1667 -3471 3256 31 1384 -91 2760 -948 5303 552 -752 -1642 364 -3515 3325 -906 -973 1060 2605 -220 503
445 -1294 249 2174 -608 -1617 3925 2276 164 -902 5857 -4027 4136 -1873 -1475 -3984 682 574 3293 -4264 1384 112 653 670 -1599 5095 425 2191 492 1164 2680 1009 -2560 1024 -3244 -83 -3024 -1541 2945 284 549 -61 2575 1542 -5468 2171 -974 697 1709 2611 -2720 6289 2359 -1200 -1463 -1051 -3491 3242 -827 410 1734 4057 -224 121
2212 -3207 -37 2216 -1612 -2241 4823 2587 -261 -256 4753 -3998 3989 -2250 -411 -3613 45 -375 4074 -3600 596 1040 216 1054 -2071 4650 508 2204 -830 408 4304 865 -2723 1172 -2981 976 -1155 -902 1715 -768 1095 190 2159 3184 -4729 3157 617 1859 111 3085 -560 5625 405 -332 -964 -989 -3791 2739 -434 -311 410 2456 -50 229
2212 -3207 -37 2216 -1612 -2241 4823 2587 -261 -256 4753 -3998 3989 -2250 -411 -3613 45 -375 4074 -3600 596 1040 216 1054 -2071 4650 508 2204 -830 408 4304 865 -2723 1172 -2981 976 -1155 -902 1715 -768 1095 190 2159 3184 -4729 3157 617 1859 111 3085 -560 5625 405 -332 -964 -989 -3791 2739 -434 -311 410 2456 -50 229
2212 -3207 -37 2216 -1612 -2241 4823 2587 -261 -256 4753 -3998 3989 -2250 -411 -3613 45 -375 4074 -3600 596 1040 216 1054 -2071 4650 508 2204 -830 408 4304 865 -2723 1172 -2981 976 -1155 -902 1715 -768 1095 190 2159 3184 -4729 3157 617 1859 111 3085 -560 5625 405 -332 -964 -989 -3791 2739 -434 -311 410 2456 -50 229
2212 -3207 -37 2216 -1612 -2241 4823 2587 -261 -256 4753 -3998 3989 -2250 -411 -3613 45 -375 4074 -3600 596 1040 216 1054 -2071 4650 508 2204 -830 408 4304 865 -2723 1172 -2981 976 -1155 -902 1715 -768 1095 190 2159 3184 -4729 3157 617 1859 111 3085 -560 5625 405 -332 -964 -989 -3791 2739 -434 -311 410 2456 -50 229
2212 -3207 -37 2216 -1612 -2241 4823 2587 -261 -256 4753 -3998 3989 -2250 -411 -3613 45 -375 4074 -3600 596 1040 216 1054 -2071 4650 508 2204 -830 408 4304 865 -2723 1172 -2981 976 -1155 -902 1715 -768 1095 190 2159 3184 -4729 3157 617 1859 111 3085 -560 5625 405 -332 -964 -989 -3791 2739 -434 -311 410 2456 -50 229
2982 -5178 1851 201 -254 -730 5972 2408 -1935 3245 3503 -2098 4171 -3433 1105 -2939 2268 -1712 3228 -3303 -2412 2146 417 856 -221 3573 2091 1886 -1394 841 4700 1438 -3638 715 -1707 2253 -446 -501 -1739 -1610 3363 134 2511 2723 -1954 2664 583 1227 -1673 2983 2700 3869 -553 1479 -2249 0 -4960 2872 -1175 691 -811 270 -374 1545
3782 -3629 1963 248 -1022 -420 6313 2235 -1958 3254 -188 -456 2969 -652 1965 -1220 3046 -1054 -806 -928 -2269 2746 1606 175 578 2497 2798 2007 -2794 2291 5944 1128 -2715 819 -295 3024 899 1437 -1768 -1356 3894 -232 2441 2675 -1175 2624 1058 157 -1657 2180 5972 -532 -3421 4230 -1778 -664 -5985 2575 -1309 849 -2287 -1281 -322 -1778
5266 -2857 1022 303 -1366 -246 4403 1243 -1222 3178 -583 -800 3267 1307 1377 -813 1656 -1046 -2112 299 -1449 4078 303 275 -185 2214 649 2698 -1685 668 6053 2249 -242 652 -536 3397 1364 737 -776 -1890 4300 -243 1010 2626 -831 2947 1678 819 -1265 1225 4894 -1383 -3338 4292 -1685 -1494 -5946 2556 -1210 674 -2949 -1688 -177 -2983
2993 -1737 1506 1965 1289 534 5215 1399 -3437 1971 1203 -67 4545 1660 82 -1959 3945 -989 -3239 177 -1725 2190 -475 -1948 446 -813 2530 3349 -2968 759 5231 2101 -464 1138 -822 3604 -1004 2037 -4726 -990 3387 -1591 2557 -358 536 1853 1026 -314 -741 295 4221 -2613 -4065 4563 -3571 -181 -6429 2738 -1178 599 -2622 -644 -919 -2078
1969 -690 -1180 2567 -1007 -555 2072 2409 978 -1712 4641 -2863 4637 824 498 -248 932 218 1223 -3286 905 943 524 1721 -2090 6487 619 392 -690 1688 5000 809 -1262 1915 -3946 -533 -1842 -382 3546 281 2442 615 613 1079 -6832 2765 -63 498 32 650 836 2746 1093 2356 -2105 -3260 -3389 182 201 -42 -230 3042 -1283 -3355
2212 -3207 -37 2216 -1612 -2241 4823 2587 -261 -256 4753 -3998 3989 -2250 -411 -3613 45 -375 4074 -3600 596 1040 216 1054 -2071 4650 508 2204 -830 408 4304 865 -2723 1172 -2981 976 -1155 -902 1715 -768 1095 190 2159 3184 -4729 3157 617 1859 111 3085 -560 5625 405 -332 -964 -989 -3791 2739 -434 -311 410 2456 -50 229
2212 -3207 -37 2216 -1612 -2241 4823 2587 -261 -256 4753 -3998 3989 -2250 -411 -3613 45 -375 4074 -3600 596 1040 216 1054 -2071 4650 508 2204 -830 408 4304 865 -2723 1172 -2981 976 -1155 -902 1715 -768 1095 190 2159 3184 -4729 3157 617 1859 111 3085 -560 5625 405 -332 -964 -989 -3791 2739 -434 -311 410 2456 -50 229
2212 -3207 -37 2216 -1612 -2241 4823 2587 -261 -256 4753 -3998 3989 -2250 -411 -3613 45 -375 4074 -3600 596 1040 216 1054 -2071 4650 508 2204 -830 408 4304 865 -2723 1172 -2981 976 -1155 -902 1715 -768 1095 190 2159 3184 -4729 3157 617 1859 111 3085 -560 5625 405 -332 -964 -989 -3791 2739 -434 -311 410 2456 -50 229
2212 -3207 -37 2216 -1612 -2241 4823 2587 -261 -256 4753 -3998 3989 -2250 -411 -3613 45 -375 4074 -3600 596 1040 216 1054 -2071 4650 508 2204 -830 408 4304 865 -2723 1172 -2981 976 -1155 -902 1715 -768 1095 190 2159 3184 -4729 3157 617 1859 111 3085 -560 5625 405 -332 -964 -989 -3791 2739 -434 -311 410 2456 -50 229
2212 -3207 -37 2216 -1612 -2241 4823 2587 -261 -256 4753 -3998 3989 -2250 -411 -3613 45 -375 4074 -3600 596 1040 216 1054 -2071 4650 508 2204 -830 408 4304 865 -2723 1172 -2981 976 -1155 -902 1715 -768 1095 190 2159 3184 -4729 3157 617 1859 111 3085 -560 5625 405 -332 -964 -989 -3791 2739 -434 -311 410 2456 -50 229
13 -3468 5846 -1905 3078 -922 3383 635 606 4997 -4 -1257 1563 -2313 880 -4239 3771 -294 -2400 -2201 -1997 5214 957 -138 2064 -182 -1948 2434 3740 -892 560 742 670 231 1647 2668 -4866 -1945 2123 -1918 5820 -818 3076 -301 17 -1314 -298 -716 -1885 1397 -846 1435 1706 1277 -3728 225 -6056 7091 -3106 2565 1998 2101 -1206 4019
2705 -3103 -337 2567 -2025 -2476 4684 2938 -316 -605 4548 -3548 4419 -1833 -477 -3365 161 -654 3925 -3259 477 1235 403 946 -2341 4754 862 2139 -1361 565 4888 1102 -2608 1281 -2994 1143 -950 -497 1347 -747 1023 530 1891 3935 -5091 3822 549 1759 -316 2737 372 5221 -360 84 -1038 -1499 -3955 2306 -564 -216 -254 2477 54 -650
2212 -3207 -37 2216 -1612 -2241 4823 2587 -261 -256 4753 -3998 3989 -2250 -411 -3613 45 -375 4074 -3600 596 1040 216 1054 -2071 4650 508 2204 -830 408 4304 865 -2723 1172 -2981 976 -1155 -902 1715 -768 1095 190 2159 3184 -4729 3157 617 1859 111 3085 -560 5625 405 -332 -964 -989 -3791 2739 -434 -311 410 2456 -50 229
2212 -3207 -37 2216 -1612 -2241 4823 2587 -261 -256 4753 -3998 3989 -2250 -411 -3613 45 -375 4074 -3600 596 1040 216 1054 -2071 4650 508 2204 -830 408 4304 865 -2723 1172 -2981 976 -1155 -902 1715 -768 1095 190 2159 3184 -4729 3157 617 1859 111 3085 -560 5625 405 -332 -964 -989 -3791 2739 -434 -311 410 2456 -50 229
2212 -3207 -37 2216 -1612 -2241 4823 2587 -261 -256 4753 -3998 3989 -2250 -411 -3613 45 -375 4074 -3600 596 1040 216 1054 -2071 4650 508 2204 -830 408 4304 865 -2723 1172 -2981 976 -1155 -902 1715 -768 1095 190 2159 3184 -4729 3157 617 1859 111 3085 -560 5625 405 -332 -964 -989 -3791 2739 -434 -311 410 2456 -50 229
2212 -3207 -37 2216 -1612 -2241 4823 2587 -261 -256 4753 -3998 3989 -2250 -411 -3613 45 -375 4074 -3600 596 1040 216 1054 -2071 4650 508 2204 -830 408 4304 865 -2723 1172 -2981 976 -1155 -902 1715 -768 1095 190 2159 3184 -4729 3157 617 1859 111 3085 -560 5625 405 -332 -964 -989 -3791 2739 -434 -311 410 2456 -50 229
-192 -2530 661 4745 2024 -1742 4985 2831 -2013 -644 6681 -1921 5057 -1350 -1779 -5080 3514 593 1536 -2403 1415 16 -1394 -2109 -296 -299 2152 3205 -1919 -162 2900 1076 -1661 2379 -1894 2552 -4048 -186 -3948 -861 560 -566 3315 -926 -1497 2032 535 -174 -47 2410 -1653 3943 18 277 -3208 -138 -4357 3943 -926 1080 352 4138 -899 1985
1746 -648 -337 2090 -1043 160 2815 2055 1521 -1284 2730 -2394 3521 1368 1685 321 1594 732 -754 -2173 1978 1293 915 796 -1549 5922 1579 916 -1435 2187 5322 516 -770 2641 -3393 695 -1305 -309 3557 -434 3189 57 1152 469 -5523 2325 242 -338 178 1022 2626 1473 157 3971 -2446 -2923 -4068 692 507 -460 -316 1562 -1442 -4475
2212 -3207 -37 2216 -1612 -2241 4823 2587 -261 -256 4753 -3998 3989 -2250 -411 -3613 45 -375 4074 -3600 596 1040 216 1054 -2071 4650 508 2204 -830 408 4304 865 -2723 1172 -2981 976 -1155 -902 1715 -768 1095 190 2159 3184 -4729 3157 617 1859 111 3085 -560 5625 405 -332 -964 -989 -3791 2739 -434 -311 410 2456 -50 229
2212 -3207 -37 2216 -1612 -2241 4823 2587 -261 -256 4753 -3998 3989 -2250 -411 -3613 45 -375 4074 -3600 596 1040 216 1054 -2071 4650 508 2204 -830 408 4304 865 -2723 1172 -2981 976 -1155 -902 1715 -768 1095 190 2159 3184 -4729 3157 617 1859 111 3085 -560 5625 405 -332 -964 -989 -3791 2739 -434 -311 410 2456 -50 229
2212 -3207 -37 2216 -1612 -2241 4823 2587 -261 -256 4753 -3998 3989 -2250 -411 -3613 45 -375 4074 -3600 596 1040 216 1054 -2071 4650 508 2204 -830 408 4304 865 -2723 1172 -2981 976 -1155 -902 1715 -768 1095 190 2159 3184 -4729 3157 617 1859 111 3085 -560 5625 405 -332 -964 -989 -3791 2739 -434 -311 410 2456 -50 229
2212 -3207 -37 2216 -1612 -2241 4823 2587 -261 -256 4753 -3998 3989 -2250 -411 -3613 45 -375 4074 -3600 596 1040 216 1054 -2071 4650 508 2204 -830 408 4304 865 -2723 1172 -2981 976 -1155 -902 1715 -768 1095 190 2159 3184 -4729 3157 617 1859 111 3085 -560 5625 405 -332 -964 -989 -3791 2739 -434 -311 410 2456 -50 229
1189 -2718 78 3095 -723 -1798 5598 2381 -1069 -700 5473 -4245 4403 -2177 -907 -4140 965 -371 3725 -3469 783 338 -311 8 -2242 3717 1719 2510 -1541 175 4134 1448 -2805 1564 -3289 1147 -1329 -742 224 -487 914 -275 3017 2180 -3766 3339 188 1705 282 3084 -558 5441 358 -462 -1445 -197 -4096 3095 -742 -814 633 2462 -132 262
-1064 -356 4164 -2380 2323 2114 3009 -448 2458 2683 -833 -3216 534 -869 1458 -1312 2752 586 -2232 -2319 -466 3108 1576 1365 1097 3413 -703 1124 3074 1187 814 925 -121 958 -273 781 -4050 -3378 5931 -337 6547 -2063 2969 -3265 -1856 -2570 -884 -1276 821 1179 -463 299 3488 3015 -3901 550 -4612 5011 -1038 839 2151 753 -2320 -115
2299 -3229 -121 2361 -1756 -2360 4896 2772 -215 -378 4645 -3951 4092 -2248 -430 -3577 154 -472 4160 -3545 539 1058 335 1006 -2129 4673 693 2144 -1010 478 4500 932 -2801 1223 -2918 1037 -1087 -804 1602 -742 1084 298 2172 3404 -4805 3339 597 1794 -91 3042 -231 5502 204 -235 -972 -1066 -3843 2703 -515 -266 253 2538 -10 -20
2212 -3207 -37 2216 -1612 -2241 4823 2587 -261 -256 4753 -3998 3989 -2250 -411 -3613 45 -375 4074 -3600 596 1040 216 1054 -2071 4650 508 2204 -830 408 4304 865 -2723 1172 -2981 976 -1155 -902 1715 -768 1095 190 2159 3184 -4729 3157 617 1859 111 3085 -560 5625 405 -332 -964 -989 -3791 2739 -434 -311 410 2456 -50 229
2212 -3207 -37 2216 -1612 -2241 4823 2587 -261 -256 4753 -3998 3989 -2250 -411 -3613 45 -375 4074 -3600 596 1040 216 1054 -2071 4650 508 2204 -830 408 4304 865 -2723 1172 -2981 976 -1155 -902 1715 -768 1095 190 2159 3184 -4729 3157 617 1859 111 3085 -560 5625 405 -332 -964 -989 -3791 2739 -434 -311 410 2456 -50 229
2212 -3207 -37 2216 -1612 -2241 4823 2587 -261 -256 4753 -3998 3989 -2250 -411 -3613 45 -375 4074 -3600 596 1040 216 1054 -2071 4650 508 2204 -830 408 4304 865 -2723 1172 -2981 976 -1155 -902 1715 -768 1095 190 2159 3184 -4729 3157 617 1859 111 3085 -560 5625 405 -332 -964 -989 -3791 2739 -434 -311 410 2456 -50 229
2212 -3207 -37 2216 -1612 -2241 4823 2587 -261 -256 4753 -3998 3989 -2250 -411 -3613 45 -375 4074 -3600 596 1040 216 1054 -2071 4650 508 2204 -830 408 4304 865 -2723 1172 -2981 976 -1155 -902 1715 -768 1095 190 2159 3184 -4729 3157 617 1859 111 3085 -560 5625 405 -332 -964 -989 -3791 2739 -434 -311 410 2456 -50 229
4411 -3873 -429 931 1897 -1166 4446 2841 -2760 3295 4508 -362 4625 -1937 -1191 -2816 1528 -2068 2015 -1170 -2371 2989 -865 1873 1747 1362 -515 3298 -562 1118 4722 1344 -2463 -246 -1345 2373 -2616 -635 -2947 -1588 2779 478 1840 781 -1076 1506 1792 1176 -1294 3287 1817 2842 -1010 2118 -2474 -1551 -6504 3350 -1185 2610 -1844 2866 -1079 2797
2743 -1808 185 2195 -2016 -653 3396 1886 1506 -852 1277 -2390 3335 1109 2096 -623 910 -265 -641 -1395 2202 2715 1194 76 -2886 4669 1333 1376 -1622 1323 5800 884 -330 2396 -2501 2851 -257 -151 2764 -1391 3345 216 478 1598 -4667 2726 1630 77 -637 1010 3995 170 -1177 4467 -2737 -2482 -4202 1447 191 -305 -1529 565 -1046 -4850
2212 -3207 -37 2216 -1612 -2241 4823 2587 -261 -256 4753 -3998 3989 -2250 -411 -3613 45 -375 4074 -3600 596 1040 216 1054 -2071 4650 508 2204 -830 408 4304 865 -2723 1172 -2981 976 -1155 -902 1715 -768 1095 190 2159 3184 -4729 3157 617 1859 111 3085 -560 5625 405 -332 -964 -989 -3791 2739 -434 -311 410 2456 -50 229
2212 -3207 -37 2216 -1612 -2241 4823 2587 -261 -256 4753 -3998 3989 -2250 -411 -3613 45 -375 4074 -3600 596 1040 216 1054 -2071 4650 508 2204 -830 408 4304 865 -2723 1172 -2981 976 -1155 -902 1715 -768 1095 190 2159 3184 -4729 3157 617 1859 111 3085 -560 5625 405 -332 -964 -989 -3791 2739 -434 -311 410 2456 -50 229
2212 -3207 -37 2216 -1612 -2241 4823 2587 -261 -256 4753 -3998 3989 -2250 -411 -3613 45 -375 4074 -3600 596 1040 216 1054 -2071 4650 508 2204 -830 408 4304 865 -2723 1172 -2981 976 -1155 -902 1715 -768 1095 190 2159 3184 -4729 3157 617 1859 111 3085 -560 5625 405 -332 -964 -989 -3791 2739 -434 -311 410 2456 -50 229
