-4189 -7361 2219 2977 303 -1859 5005 -3114 562 996 2674 -4845 -803 -3812 -6455 -6746 443 -2240 -2986 -9522 -7532 2403 -4197 3724 -5739 5330 1159 -763 5726 4166 -169 -375 3915 4161 -1401 7163 -2562 3238 8264 607 1015 -2357 -3479 1645 4493 -178 -5888 1196 1181 -1554 -1600 7739 -627 -363 -1128 -3220 6293 -2087 -997 7941 -662 -3321 109 7483
2329 -7228 2102 487 8635 -2116 -1830 -2453 5557 -1805 -534 -2007 -4440 2541 -1724 -4733 -4593 1014 -6851 -4437 -8402 -3939 -1851 -2724 -6891 3821 393 -4669 3537 2261 -2615 4287 7933 3005 -1384 4332 -4284 2018 2407 -3497 2846 -855 3160 1984 618 4167 -7457 120 -840 2069 2970 2546 -4239 -4872 104 3580 1126 5210 6095 10278 -762 -5100 1600 4004
2329 -7228 2102 487 8635 -2116 -1830 -2453 5557 -1805 -534 -2007 -4440 2541 -1724 -4733 -4593 1014 -6851 -4437 -8402 -3939 -1851 -2724 -6891 3821 393 -4669 3537 2261 -2615 4287 7933 3005 -1384 4332 -4284 2018 2407 -3497 2846 -855 3160 1984 618 4167 -7457 120 -840 2069 2970 2546 -4239 -4872 104 3580 1126 5210 6095 10278 -762 -5100 1600 4004
2329 -7228 2102 487 8635 -2116 -1830 -2453 5557 -1805 -534 -2007 -4440 2541 -1724 -4733 -4593 1014 -6851 -4437 -8402 -3939 -1851 -2724 -6891 3821 393 -4669 3537 2261 -2615 4287 7933 3005 -1384 4332 -4284 2018 2407 -3497 2846 -855 3160 1984 618 4167 -7457 120 -840 2069 2970 2546 -4239 -4872 104 3580 1126 5210 6095 10278 -762 -5100 1600 4004
2329 -7228 2102 487 8635 -2116 -1830 -2453 5557 -1805 -534 -2007 -4440 2541 -1724 -4733 -4593 1014 -6851 -4437 -8402 -3939 -1851 -2724 -6891 3821 393 -4669 3537 2261 -2615 4287 7933 3005 -1384 4332 -4284 2018 2407 -3497 2846 -855 3160 1984 618 4167 -7457 120 -840 2069 2970 2546 -4239 -4872 104 3580 1126 5210 6095 10278 -762 -5100 1600 4004
2329 -7228 2102 487 8635 -2116 -1830 -2453 5557 -1805 -534 -2007 -4440 2541 -1724 -4733 -4593 1014 -6851 -4437 -8402 -3939 -1851 -2724 -6891 3821 393 -4669 3537 2261 -2615 4287 7933 3005 -1384 4332 -4284 2018 2407 -3497 2846 -855 3160 1984 618 4167 -7457 120 -840 2069 2970 2546 -4239 -4872 104 3580 1126 5210 6095 10278 -762 -5100 1600 4004
2329 -7228 2102 487 8635 -2116 -1830 -2453 5557 -1805 -534 -2007 -4440 2541 -1724 -4733 -4593 1014 -6851 -4437 -8402 -3939 -1851 -2724 -6891 3821 393 -4669 3537 2261 -2615 4287 7933 3005 -1384 4332 -4284 2018 2407 -3497 2846 -855 3160 1984 618 4167 -7457 120 -840 2069 2970 2546 -4239 -4872 104 3580 1126 5210 6095 10278 -762 -5100 1600 4004
2329 -7228 2102 487 8635 -2116 -1830 -2453 5557 -1805 -534 -2007 -4440 2541 -1724 -4733 -4593 1014 -6851 -4437 -8402 -3939 -1851 -2724 -6891 3821 393 -4669 3537 2261 -2615 4287 7933 3005 -1384 4332 -4284 2018 2407 -3497 2846 -855 3160 1984 618 4167 -7457 120 -840 2069 2970 2546 -4239 -4872 104 3580 1126 5210 6095 10278 -762 -5100 1600 4004
2329 -7228 2102 487 8635 -2116 -1830 -2453 5557 -1805 -534 -2007 -4440 2541 -1724 -4733 -4593 1014 -6851 -4437 -8402 -3939 -1851 -2724 -6891 3821 393 -4669 3537 2261 -2615 4287 7933 3005 -1384 4332 -4284 2018 2407 -3497 2846 -855 3160 1984 618 4167 -7457 120 -840 2069 2970 2546 -4239 -4872 104 3580 1126 5210 6095 10278 -762 -5100 1600 4004
2006 -6978 4286 370 7422 -951 -755 -2402 4979 -2160 782 -2173 -4501 449 -4256 -4351 -5187 2934 -6008 -1660 -7765 -3703 -2180 -3354 -8219 3938 -495 -2060 5941 2487 -2846 1638 4824 2143 -852 3305 -6052 2686 1785 -3532 451 -2160 2334 3347 1987 4887 -6705 -1834 -2057 3669 1360 3533 -3450 -5646 2049 4020 3053 4021 4846 12494 1312 -5609 3319 1245
4103 -9036 1587 1210 6896 -1328 518 -1367 4678 -2277 -518 -1986 -4643 575 -4528 -3660 -5034 1511 -9413 -3901 -8143 -2572 727 -3830 -5628 7112 -873 -3513 3874 1786 -4852 3133 6058 2697 2020 6664 -5967 -2 1250 -1803 1200 -3220 2391 3752 731 1832 -5972 40 2515 1057 2084 2122 -2543 -5556 2944 4024 -336 3670 6054 9842 -22 -4196 2458 3603
2329 -7228 2102 487 8635 -2116 -1830 -2453 5557 -1805 -534 -2007 -4440 2541 -1724 -4733 -4593 1014 -6851 -4437 -8402 -3939 -1851 -2724 -6891 3821 393 -4669 3537 2261 -2615 4287 7933 3005 -1384 4332 -4284 2018 2407 -3497 2846 -855 3160 1984 618 4167 -7457 120 -840 2069 2970 2546 -4239 -4872 104 3580 1126 5210 6095 10278 -762 -5100 1600 4004
2329 -7228 2102 487 8635 -2116 -1830 -2453 5557 -1805 -534 -2007 -4440 2541 -1724 -4733 -4593 1014 -6851 -4437 -8402 -3939 -1851 -2724 -6891 3821 393 -4669 3537 2261 -2615 4287 7933 3005 -1384 4332 -4284 2018 2407 -3497 2846 -855 3160 1984 618 4167 -7457 120 -840 2069 2970 2546 -4239 -4872 104 3580 1126 5210 6095 10278 -762 -5100 1600 4004
2329 -7228 2102 487 8635 -2116 -1830 -2453 5557 -1805 -534 -2007 -4440 2541 -1724 -4733 -4593 1014 -6851 -4437 -8402 -3939 -1851 -2724 -6891 3821 393 -4669 3537 2261 -2615 4287 7933 3005 -1384 4332 -4284 2018 2407 -3497 2846 -855 3160 1984 618 4167 -7457 120 -840 2069 2970 2546 -4239 -4872 104 3580 1126 5210 6095 10278 -762 -5100 1600 4004
2329 -7228 2102 487 8635 -2116 -1830 -2453 5557 -1805 -534 -2007 -4440 2541 -1724 -4733 -4593 1014 -6851 -4437 -8402 -3939 -1851 -2724 -6891 3821 393 -4669 3537 2261 -2615 4287 7933 3005 -1384 4332 -4284 2018 2407 -3497 2846 -855 3160 1984 618 4167 -7457 120 -840 2069 2970 2546 -4239 -4872 104 3580 1126 5210 6095 10278 -762 -5100 1600 4004
2329 -7228 2102 487 8635 -2116 -1830 -2453 5557 -1805 -534 -2007 -4440 2541 -1724 -4733 -4593 1014 -6851 -4437 -8402 -3939 -1851 -2724 -6891 3821 393 -4669 3537 2261 -2615 4287 7933 3005 -1384 4332 -4284 2018 2407 -3497 2846 -855 3160 1984 618 4167 -7457 120 -840 2069 2970 2546 -4239 -4872 104 3580 1126 5210 6095 10278 -762 -5100 1600 4004
-525 -5526 453 1345 5273 -4438 -1561 -6105 1770 -503 249 -1625 -6113 1461 -232 -5804 -1742 1510 -2836 -4539 -6137 -4847 -6237 -754 -6113 447 -493 -2561 4493 4330 3043 1743 10130 1476 -5722 866 -3251 5022 4838 -2028 1317 3682 -1829 3877 2169 4951 -6970 1420 -2979 1543 2714 7373 -4659 -1434 -2158 3178 4843 3062 1876 8529 -2120 -7066 3397 6522
-5326 -2266 2370 172 2560 -374 2385 -9563 182 -474 1631 -2836 -989 3249 1185 -4807 -253 -1353 1606 -8001 -3214 43 -4795 1805 -3700 -4016 -2557 -2544 1876 3885 4790 -1971 8616 1475 -5112 3452 271 5010 7477 -2042 787 2411 -3301 -2330 2422 5490 -4551 7546 -3914 -3788 366 8110 -2382 1802 -6215 -1167 6071 -916 -2532 5895 -2716 -4965 85 9944
-5424 -2048 2001 -1785 2955 917 1765 -8232 -1151 74 2132 -1356 2310 1538 158 -5031 -309 -1936 275 -9674 -1548 -339 -4799 2614 -3188 -3991 97 -2679 3406 3247 2029 251 8750 2018 -8095 4180 1329 3342 9272 -2367 2540 3781 -2486 -3707 1871 4082 -1582 6598 -4154 -5079 1412 6633 -3222 1331 -5940 -3832 4274 420 -3058 6453 -3174 -3104 -1053 10285
-7778 -3170 5223 -1078 1150 686 2541 -7636 -22 -877 3272 -3162 1882 -1559 -2564 -3334 -1948 -466 3767 -6764 1070 913 -6894 806 -3250 -4986 -410 1637 4733 4952 3708 -2016 3017 606 -6219 5121 91 5396 8029 -887 -2028 1828 -4572 -159 3388 3662 -342 4229 -4290 -3400 -2796 6732 -2024 -1315 -1560 -3037 8814 -1944 -6736 9224 -1294 -3756 -960 8757
-1801 -6319 5763 -2413 5442 -160 1562 -5323 2394 -1642 2296 -1736 1117 855 -2687 -6771 -3689 -2707 -9425 -7526 -8200 -689 -2584 2193 -3610 6210 927 -7681 2234 727 -3231 2221 5807 3446 367 7833 -1143 -491 1617 -2270 6197 -800 3013 -3282 1691 4082 -5392 3749 5893 -3402 -319 4753 -4911 -3040 -89 -27 -835 5173 2458 7670 848 379 -1481 6758
2329 -7228 2102 487 8635 -2116 -1830 -2453 5557 -1805 -534 -2007 -4440 2541 -1724 -4733 -4593 1014 -6851 -4437 -8402 -3939 -1851 -2724 -6891 3821 393 -4669 3537 2261 -2615 4287 7933 3005 -1384 4332 -4284 2018 2407 -3497 2846 -855 3160 1984 618 4167 -7457 120 -840 2069 2970 2546 -4239 -4872 104 3580 1126 5210 6095 10278 -762 -5100 1600 4004
2329 -7228 2102 487 8635 -2116 -1830 -2453 5557 -1805 -534 -2007 -4440 2541 -1724 -4733 -4593 1014 -6851 -4437 -8402 -3939 -1851 -2724 -6891 3821 393 -4669 3537 2261 -2615 4287 7933 3005 -1384 4332 -4284 2018 2407 -3497 2846 -855 3160 1984 618 4167 -7457 120 -840 2069 2970 2546 -4239 -4872 104 3580 1126 5210 6095 10278 -762 -5100 1600 4004
2329 -7228 2102 487 8635 -2116 -1830 -2453 5557 -1805 -534 -2007 -4440 2541 -1724 -4733 -4593 1014 -6851 -4437 -8402 -3939 -1851 -2724 -6891 3821 393 -4669 3537 2261 -2615 4287 7933 3005 -1384 4332 -4284 2018 2407 -3497 2846 -855 3160 1984 618 4167 -7457 120 -840 2069 2970 2546 -4239 -4872 104 3580 1126 5210 6095 10278 -762 -5100 1600 4004
2329 -7228 2102 487 8635 -2116 -1830 -2453 5557 -1805 -534 -2007 -4440 2541 -1724 -4733 -4593 1014 -6851 -4437 -8402 -3939 -1851 -2724 -6891 3821 393 -4669 3537 2261 -2615 4287 7933 3005 -1384 4332 -4284 2018 2407 -3497 2846 -855 3160 1984 618 4167 -7457 120 -840 2069 2970 2546 -4239 -4872 104 3580 1126 5210 6095 10278 -762 -5100 1600 4004
2329 -7228 2102 487 8635 -2116 -1830 -2453 5557 -1805 -534 -2007 -4440 2541 -1724 -4733 -4593 1014 -6851 -4437 -8402 -3939 -1851 -2724 -6891 3821 393 -4669 3537 2261 -2615 4287 7933 3005 -1384 4332 -4284 2018 2407 -3497 2846 -855 3160 1984 618 4167 -7457 120 -840 2069 2970 2546 -4239 -4872 104 3580 1126 5210 6095 10278 -762 -5100 1600 4004
3572 -3621 -6036 6491 -2478 -4186 4872 785 -537 -487 1105 -516 123 -3770 62 -4442 2594 661 -5131 -12282 -4157 -1780 490 -971 -733 6055 -46 2893 6682 4299 -3054 -798 9025 5503 -4064 359 -4900 -395 6510 3332 -565 1610 -4964 1944 2852 -2315 -2192 2827 -2663 1670 2209 1171 1196 821 -4824 -5453 4112 -6665 1819 6739 -6838 -3876 4796 5559
938 -7061 3022 -19 8617 -1588 -1213 -3740 5073 -2358 -250 -2108 -3558 3114 -1720 -4917 -4591 761 -6537 -4732 -7842 -3025 -2515 -1626 -7285 3077 371 -5432 3571 1712 -1697 4251 7874 3890 -1235 5107 -3331 1372 2166 -3685 2777 -567 2740 1018 912 4667 -7889 1001 -1241 1240 3304 3098 -5015 -4470 241 3669 1115 5342 5420 10407 -907 -5197 497 4989
2329 -7228 2102 487 8635 -2116 -1830 -2453 5557 -1805 -534 -2007 -4440 2541 -1724 -4733 -4593 1014 -6851 -4437 -8402 -3939 -1851 -2724 -6891 3821 393 -4669 3537 2261 -2615 4287 7933 3005 -1384 4332 -4284 2018 2407 -3497 2846 -855 3160 1984 618 4167 -7457 120 -840 2069 2970 2546 -4239 -4872 104 3580 1126 5210 6095 10278 -762 -5100 1600 4004
2329 -7228 2102 487 8635 -2116 -1830 -2453 5557 -1805 -534 -2007 -4440 2541 -1724 -4733 -4593 1014 -6851 -4437 -8402 -3939 -1851 -2724 -6891 3821 393 -4669 3537 2261 -2615 4287 7933 3005 -1384 4332 -4284 2018 2407 -3497 2846 -855 3160 1984 618 4167 -7457 120 -840 2069 2970 2546 -4239 -4872 104 3580 1126 5210 6095 10278 -762 -5100 1600 4004
2329 -7228 2102 487 8635 -2116 -1830 -2453 5557 -1805 -534 -2007 -4440 2541 -1724 -4733 -4593 1014 -6851 -4437 -8402 -3939 -1851 -2724 -6891 3821 393 -4669 3537 2261 -2615 4287 7933 3005 -1384 4332 -4284 2018 2407 -3497 2846 -855 3160 1984 618 4167 -7457 120 -840 2069 2970 2546 -4239 -4872 104 3580 1126 5210 6095 10278 -762 -5100 1600 4004
2329 -7228 2102 487 8635 -2116 -1830 -2453 5557 -1805 -534 -2007 -4440 2541 -1724 -4733 -4593 1014 -6851 -4437 -8402 -3939 -1851 -2724 -6891 3821 393 -4669 3537 2261 -2615 4287 7933 3005 -1384 4332 -4284 2018 2407 -3497 2846 -855 3160 1984 618 4167 -7457 120 -840 2069 2970 2546 -4239 -4872 104 3580 1126 5210 6095 10278 -762 -5100 1600 4004
-706 -6525 3805 3527 5394 -3128 -880 -1361 6385 -3249 -1135 -4036 -3457 -2128 -6230 -2892 -7126 4299 -3069 -433 -5488 -645 -4124 -3001 -4978 1803 1854 2713 7464 4057 -537 1980 -307 1611 -2467 5572 -5042 3622 1973 400 -4586 -2394 122 4868 1128 1758 -4355 -4215 -4351 1809 -1125 2683 -2992 -6071 4758 3868 6244 1894 3642 13494 1977 -6215 2606 1939
-2728 -4832 5848 -1374 5383 1239 1741 -6514 1853 -406 1256 -1558 2458 1711 -2454 -5520 -2787 -3823 -6979 -9350 -8770 337 -1996 3251 -3812 4547 -455 -6643 1307 2359 -3308 -329 6300 2060 -653 8654 205 354 4426 -2787 6688 -1527 2498 -5200 1755 4231 -4970 5856 5264 -5348 -2189 6190 -2965 -1218 -2372 -2147 561 2957 669 6503 1498 1088 -2472 6441
2329 -7228 2102 487 8635 -2116 -1830 -2453 5557 -1805 -534 -2007 -4440 2541 -1724 -4733 -4593 1014 -6851 -4437 -8402 -3939 -1851 -2724 -6891 3821 393 -4669 3537 2261 -2615 4287 7933 3005 -1384 4332 -4284 2018 2407 -3497 2846 -855 3160 1984 618 4167 -7457 120 -840 2069 2970 2546 -4239 -4872 104 3580 1126 5210 6095 10278 -762 -5100 1600 4004
2329 -7228 2102 487 8635 -2116 -1830 -2453 5557 -1805 -534 -2007 -4440 2541 -1724 -4733 -4593 1014 -6851 -4437 -8402 -3939 -1851 -2724 -6891 3821 393 -4669 3537 2261 -2615 4287 7933 3005 -1384 4332 -4284 2018 2407 -3497 2846 -855 3160 1984 618 4167 -7457 120 -840 2069 2970 2546 -4239 -4872 104 3580 1126 5210 6095 10278 -762 -5100 1600 4004
2329 -7228 2102 487 8635 -2116 -1830 -2453 5557 -1805 -534 -2007 -4440 2541 -1724 -4733 -4593 1014 -6851 -4437 -8402 -3939 -1851 -2724 -6891 3821 393 -4669 3537 2261 -2615 4287 7933 3005 -1384 4332 -4284 2018 2407 -3497 2846 -855 3160 1984 618 4167 -7457 120 -840 2069 2970 2546 -4239 -4872 104 3580 1126 5210 6095 10278 -762 -5100 1600 4004
2329 -7228 2102 487 8635 -2116 -1830 -2453 5557 -1805 -534 -2007 -4440 2541 -1724 -4733 -4593 1014 -6851 -4437 -8402 -3939 -1851 -2724 -6891 3821 393 -4669 3537 2261 -2615 4287 7933 3005 -1384 4332 -4284 2018 2407 -3497 2846 -855 3160 1984 618 4167 -7457 120 -840 2069 2970 2546 -4239 -4872 104 3580 1126 5210 6095 10278 -762 -5100 1600 4004
2028 -7741 3620 43 8097 -1042 -1561 -2647 5704 -1981 574 -2262 -4761 1149 -3131 -4463 -5516 2122 -5936 -3089 -7427 -3755 -2477 -3173 -7670 3493 -236 -3149 4710 2853 -2503 2765 6093 2026 -1287 4549 -5170 3041 2061 -3612 1337 -1414 1846 3328 1150 4937 -6635 -840 -1305 2908 1449 3022 -3671 -6306 1652 4244 2871 4800 4985 11283 656 -5953 2438 2878
3676 -4737 -2148 2107 -1982 -835 4464 -1042 -1480 2162 1511 317 1698 -3145 -628 -4194 1558 -4425 -6343 -14240 -6314 -2497 2539 827 211 8123 -2577 -394 1978 4740 -6656 -3997 8870 538 337 3501 -3264 883 6595 203 5920 -1475 -3432 931 3722 1140 -1193 5709 6281 -1475 -2601 2525 4288 -32 -4285 -7444 1473 -5430 -165 2497 -2356 101 2985 6377
2024 -7103 2399 429 8486 -1999 -1589 -2865 5493 -1992 -436 -2178 -4229 2832 -1611 -4851 -4708 895 -6713 -4486 -8332 -3636 -2003 -2419 -7041 3599 275 -4816 3518 1979 -2280 4155 7921 3293 -1118 4553 -4016 1864 2187 -3598 2790 -864 2919 1716 694 4506 -7659 443 -1080 1891 3003 2702 -4434 -4743 170 3648 1141 5117 6062 10364 -780 -5267 1403 4372
2329 -7228 2102 487 8635 -2116 -1830 -2453 5557 -1805 -534 -2007 -4440 2541 -1724 -4733 -4593 1014 -6851 -4437 -8402 -3939 -1851 -2724 -6891 3821 393 -4669 3537 2261 -2615 4287 7933 3005 -1384 4332 -4284 2018 2407 -3497 2846 -855 3160 1984 618 4167 -7457 120 -840 2069 2970 2546 -4239 -4872 104 3580 1126 5210 6095 10278 -762 -5100 1600 4004
2329 -7228 2102 487 8635 -2116 -1830 -2453 5557 -1805 -534 -2007 -4440 2541 -1724 -4733 -4593 1014 -6851 -4437 -8402 -3939 -1851 -2724 -6891 3821 393 -4669 3537 2261 -2615 4287 7933 3005 -1384 4332 -4284 2018 2407 -3497 2846 -855 3160 1984 618 4167 -7457 120 -840 2069 2970 2546 -4239 -4872 104 3580 1126 5210 6095 10278 -762 -5100 1600 4004
2329 -7228 2102 487 8635 -2116 -1830 -2453 5557 -1805 -534 -2007 -4440 2541 -1724 -4733 -4593 1014 -6851 -4437 -8402 -3939 -1851 -2724 -6891 3821 393 -4669 3537 2261 -2615 4287 7933 3005 -1384 4332 -4284 2018 2407 -3497 2846 -855 3160 1984 618 4167 -7457 120 -840 2069 2970 2546 -4239 -4872 104 3580 1126 5210 6095 10278 -762 -5100 1600 4004
2329 -7228 2102 487 8635 -2116 -1830 -2453 5557 -1805 -534 -2007 -4440 2541 -1724 -4733 -4593 1014 -6851 -4437 -8402 -3939 -1851 -2724 -6891 3821 393 -4669 3537 2261 -2615 4287 7933 3005 -1384 4332 -4284 2018 2407 -3497 2846 -855 3160 1984 618 4167 -7457 120 -840 2069 2970 2546 -4239 -4872 104 3580 1126 5210 6095 10278 -762 -5100 1600 4004
-3006 -5597 -322 3148 3118 -5955 -2474 -4842 4611 -2292 -684 -4074 -5740 25 -1023 -5978 -4226 1592 -1165 -5549 -3433 -1783 -5819 -1041 -964 -1443 3692 656 3967 5116 3918 5800 5914 1453 -7573 4992 -2099 6680 4842 804 -1336 4146 -2995 3301 -1065 1555 -4175 5 -5095 -93 1574 4016 -5042 -3776 -1096 1964 6791 2660 3120 7562 -1856 -6333 2211 10710
-3406 -3508 6047 -837 6391 937 933 -6556 687 -845 1406 -2399 3286 3723 -1432 -5289 -2665 -4040 -4184 -9651 -7124 -942 -2576 3737 -5408 2287 -905 -5820 2356 1748 -1858 -392 6987 3093 -2433 7552 662 152 6614 -4556 6586 -364 2216 -6467 2858 5248 -5185 4642 1993 -4514 -766 5671 -2853 182 -2878 -3550 812 2380 300 7984 550 -131 -3353 6865
2329 -7228 2102 487 8635 -2116 -1830 -2453 5557 -1805 -534 -2007 -4440 2541 -1724 -4733 -4593 1014 -6851 -4437 -8402 -3939 -1851 -2724 -6891 3821 393 -4669 3537 2261 -2615 4287 7933 3005 -1384 4332 -4284 2018 2407 -3497 2846 -855 3160 1984 618 4167 -7457 120 -840 2069 2970 2546 -4239 -4872 104 3580 1126 5210 6095 10278 -762 -5100 1600 4004
2329 -7228 2102 487 8635 -2116 -1830 -2453 5557 -1805 -534 -2007 -4440 2541 -1724 -4733 -4593 1014 -6851 -4437 -8402 -3939 -1851 -2724 -6891 3821 393 -4669 3537 2261 -2615 4287 7933 3005 -1384 4332 -4284 2018 2407 -3497 2846 -855 3160 1984 618 4167 -7457 120 -840 2069 2970 2546 -4239 -4872 104 3580 1126 5210 6095 10278 -762 -5100 1600 4004
2329 -7228 2102 487 8635 -2116 -1830 -2453 5557 -1805 -534 -2007 -4440 2541 -1724 -4733 -4593 1014 -6851 -4437 -8402 -3939 -1851 -2724 -6891 3821 393 -4669 3537 2261 -2615 4287 7933 3005 -1384 4332 -4284 2018 2407 -3497 2846 -855 3160 1984 618 4167 -7457 120 -840 2069 2970 2546 -4239 -4872 104 3580 1126 5210 6095 10278 -762 -5100 1600 4004
