-5638 47 4561 7005 290 -1249 -1282 3668 1670 5522 3986 -5013 861 -6219 -5350 -8683 -2807 -942 -743 -4166 -9966 741 -5345 6122 -4100 2558 -1566 4957 4848 531 -384 -1422 2552 3669 -926 481 -2346 2259 9831 -4046 1761 -3955 -3483 4076 3643 4004 -1535 871 1811 -1192 -3944 1263 702 1883 -860 -7086 3531 -805 -1819 11914 223 -1046 -2103 -1824
-493 -1948 4265 4599 7191 -1708 -5230 2732 5694 2596 1404 -3177 -2559 -1107 -2332 -7350 -6299 1230 -4633 -1649 -11356 -3826 -3755 969 -6364 2330 -1745 947 4043 1 -2350 2338 6407 3307 -1273 50 -4182 2004 5458 -6716 3295 -2682 1435 4305 1116 7016 -3819 245 184 1582 28 -1128 -2545 -2187 -52 -1227 423 4732 3949 14016 -113 -3281 -513 -2290
-493 -1948 4265 4599 7191 -1708 -5230 2732 5694 2596 1404 -3177 -2559 -1107 -2332 -7350 -6299 1230 -4633 -1649 -11356 -3826 -3755 969 -6364 2330 -1745 947 4043 1 -2350 2338 6407 3307 -1273 50 -4182 2004 5458 -6716 3295 -2682 1435 4305 1116 7016 -3819 245 184 1582 28 -1128 -2545 -2187 -52 -1227 423 4732 3949 14016 -113 -3281 -513 -2290
-493 -1948 4265 4599 7191 -1708 -5230 2732 5694 2596 1404 -3177 -2559 -1107 -2332 -7350 -6299 1230 -4633 -1649 -11356 -3826 -3755 969 -6364 2330 -1745 947 4043 1 -2350 2338 6407 3307 -1273 50 -4182 2004 5458 -6716 3295 -2682 1435 4305 1116 7016 -3819 245 184 1582 28 -1128 -2545 -2187 -52 -1227 423 4732 3949 14016 -113 -3281 -513 -2290
-493 -1948 4265 4599 7191 -1708 -5230 2732 5694 2596 1404 -3177 -2559 -1107 -2332 -7350 -6299 1230 -4633 -1649 -11356 -3826 -3755 969 -6364 2330 -1745 947 4043 1 -2350 2338 6407 3307 -1273 50 -4182 2004 5458 -6716 3295 -2682 1435 4305 1116 7016 -3819 245 184 1582 28 -1128 -2545 -2187 -52 -1227 423 4732 3949 14016 -113 -3281 -513 -2290
-493 -1948 4265 4599 7191 -1708 -5230 2732 5694 2596 1404 -3177 -2559 -1107 -2332 -7350 -6299 1230 -4633 -1649 -11356 -3826 -3755 969 -6364 2330 -1745 947 4043 1 -2350 2338 6407 3307 -1273 50 -4182 2004 5458 -6716 3295 -2682 1435 4305 1116 7016 -3819 245 184 1582 28 -1128 -2545 -2187 -52 -1227 423 4732 3949 14016 -113 -3281 -513 -2290
-493 -1948 4265 4599 7191 -1708 -5230 2732 5694 2596 1404 -3177 -2559 -1107 -2332 -7350 -6299 1230 -4633 -1649 -11356 -3826 -3755 969 -6364 2330 -1745 947 4043 1 -2350 2338 6407 3307 -1273 50 -4182 2004 5458 -6716 3295 -2682 1435 4305 1116 7016 -3819 245 184 1582 28 -1128 -2545 -2187 -52 -1227 423 4732 3949 14016 -113 -3281 -513 -2290
-493 -1948 4265 4599 7191 -1708 -5230 2732 5694 2596 1404 -3177 -2559 -1107 -2332 -7350 -6299 1230 -4633 -1649 -11356 -3826 -3755 969 -6364 2330 -1745 947 4043 1 -2350 2338 6407 3307 -1273 50 -4182 2004 5458 -6716 3295 -2682 1435 4305 1116 7016 -3819 245 184 1582 28 -1128 -2545 -2187 -52 -1227 423 4732 3949 14016 -113 -3281 -513 -2290
-493 -1948 4265 4599 7191 -1708 -5230 2732 5694 2596 1404 -3177 -2559 -1107 -2332 -7350 -6299 1230 -4633 -1649 -11356 -3826 -3755 969 -6364 2330 -1745 947 4043 1 -2350 2338 6407 3307 -1273 50 -4182 2004 5458 -6716 3295 -2682 1435 4305 1116 7016 -3819 245 184 1582 28 -1128 -2545 -2187 -52 -1227 423 4732 3949 14016 -113 -3281 -513 -2290
-704 -1700 5753 4277 5912 -720 -4114 2611 4986 2183 2354 -3158 -2511 -2678 -4200 -6681 -6467 2679 -3772 527 -10221 -3486 -3813 379 -6979 2317 -2304 2861 5658 195 -2437 226 3691 2466 -769 -756 -5345 2387 4755 -6391 1260 -3578 758 5134 2126 7214 -3135 -1313 -776 2765 -1230 -315 -1817 -2698 1485 -841 1910 3587 2812 15106 1556 -3537 848 -4335
946 -3422 3901 5358 5847 -1062 -3382 3751 5091 2358 1459 -3231 -2775 -2856 -4727 -6604 -6800 1666 -6824 -1211 -11327 -2755 -1703 97 -5329 5081 -2838 2002 4360 -417 -4268 1424 4934 3114 1548 1882 -5660 350 4690 -5503 1996 -4737 793 5907 1232 5268 -2602 167 2986 775 -772 -1584 -1133 -2737 2302 -1000 -800 3502 3943 13995 505 -2542 160 -2789
-493 -1948 4265 4599 7191 -1708 -5230 2732 5694 2596 1404 -3177 -2559 -1107 -2332 -7350 -6299 1230 -4633 -1649 -11356 -3826 -3755 969 -6364 2330 -1745 947 4043 1 -2350 2338 6407 3307 -1273 50 -4182 2004 5458 -6716 3295 -2682 1435 4305 1116 7016 -3819 245 184 1582 28 -1128 -2545 -2187 -52 -1227 423 4732 3949 14016 -113 -3281 -513 -2290
-493 -1948 4265 4599 7191 -1708 -5230 2732 5694 2596 1404 -3177 -2559 -1107 -2332 -7350 -6299 1230 -4633 -1649 -11356 -3826 -3755 969 -6364 2330 -1745 947 4043 1 -2350 2338 6407 3307 -1273 50 -4182 2004 5458 -6716 3295 -2682 1435 4305 1116 7016 -3819 245 184 1582 28 -1128 -2545 -2187 -52 -1227 423 4732 3949 14016 -113 -3281 -513 -2290
-493 -1948 4265 4599 7191 -1708 -5230 2732 5694 2596 1404 -3177 -2559 -1107 -2332 -7350 -6299 1230 -4633 -1649 -11356 -3826 -3755 969 -6364 2330 -1745 947 4043 1 -2350 2338 6407 3307 -1273 50 -4182 2004 5458 -6716 3295 -2682 1435 4305 1116 7016 -3819 245 184 1582 28 -1128 -2545 -2187 -52 -1227 423 4732 3949 14016 -113 -3281 -513 -2290
-493 -1948 4265 4599 7191 -1708 -5230 2732 5694 2596 1404 -3177 -2559 -1107 -2332 -7350 -6299 1230 -4633 -1649 -11356 -3826 -3755 969 -6364 2330 -1745 947 4043 1 -2350 2338 6407 3307 -1273 50 -4182 2004 5458 -6716 3295 -2682 1435 4305 1116 7016 -3819 245 184 1582 28 -1128 -2545 -2187 -52 -1227 423 4732 3949 14016 -113 -3281 -513 -2290
-493 -1948 4265 4599 7191 -1708 -5230 2732 5694 2596 1404 -3177 -2559 -1107 -2332 -7350 -6299 1230 -4633 -1649 -11356 -3826 -3755 969 -6364 2330 -1745 947 4043 1 -2350 2338 6407 3307 -1273 50 -4182 2004 5458 -6716 3295 -2682 1435 4305 1116 7016 -3819 245 184 1582 28 -1128 -2545 -2187 -52 -1227 423 4732 3949 14016 -113 -3281 -513 -2290
-3105 199 3248 5706 4183 -3427 -5420 594 2611 4106 2262 -2979 -3474 -2365 -1184 -8370 -4185 1625 -1058 -1380 -9625 -4441 -7262 2948 -5375 -543 -2646 3248 4658 1261 2124 89 7702 2066 -4559 -3219 -3209 4228 7612 -5802 2071 626 -2670 5917 2365 7774 -2882 1262 -1339 1048 -582 2130 -2552 875 -1797 -2160 3173 2864 320 12757 -1058 -4417 604 -1170
-6952 2415 4749 4543 2206 -349 -2071 -2862 1280 3819 3311 -3943 438 -531 45 -7690 -2907 -659 2408 -4642 -7237 -673 -6263 4822 -3636 -4149 -4218 2784 2652 1245 3765 -2781 7089 2004 -4269 -809 -396 4292 9954 -5546 1570 -72 -3788 719 2592 8141 -1681 6306 -2322 -3267 -2175 3442 -980 3356 -5286 -5170 4499 -257 -3178 10585 -1820 -3114 -1772 2435
-6930 2453 4332 2778 2518 719 -2429 -1935 146 4141 3646 -2655 3121 -1832 -772 -7737 -2864 -1152 1301 -6039 -5787 -945 -6186 5409 -3269 -4090 -2001 2559 3926 767 1517 -960 7198 2409 -6747 -66 455 2935 11255 -5697 2966 1143 -3105 -480 2102 6883 753 5529 -2533 -4312 -1229 2316 -1709 2927 -5061 -7218 3034 839 -3597 10854 -2212 -1637 -2655 2911
-8463 1390 6648 3169 987 496 -1654 -1458 1035 3170 4357 -3956 2617 -4158 -2879 -6015 -3990 50 3974 -3572 -3312 94 -7516 3649 -3042 -4673 -2248 5725 4727 2128 2752 -2622 2385 1186 -4916 687 -477 4347 9852 -4209 -765 -450 -4547 2255 3202 6165 1545 3389 -2540 -2815 -4479 2319 -714 692 -1380 -6255 6489 -1047 -6315 12543 -603 -2098 -2469 1615
-3969 -1219 7465 2231 4674 -121 -2519 371 3139 2748 3807 -3008 2090 -2490 -3176 -9245 -5654 -1869 -6915 -4323 -11389 -1172 -4415 5056 -3722 4415 -1315 -1632 3026 -1257 -2917 679 4821 3728 243 3056 -1607 -173 4952 -5747 6162 -2688 1420 -131 2011 6995 -2342 3255 5825 -2960 -2694 769 -3166 -708 -242 -4192 -1201 4794 981 12065 1157 1229 -3054 66
-493 -1948 4265 4599 7191 -1708 -5230 2732 5694 2596 1404 -3177 -2559 -1107 -2332 -7350 -6299 1230 -4633 -1649 -11356 -3826 -3755 969 -6364 2330 -1745 947 4043 1 -2350 2338 6407 3307 -1273 50 -4182 2004 5458 -6716 3295 -2682 1435 4305 1116 7016 -3819 245 184 1582 28 -1128 -2545 -2187 -52 -1227 423 4732 3949 14016 -113 -3281 -513 -2290
-493 -1948 4265 4599 7191 -1708 -5230 2732 5694 2596 1404 -3177 -2559 -1107 -2332 -7350 -6299 1230 -4633 -1649 -11356 -3826 -3755 969 -6364 2330 -1745 947 4043 1 -2350 2338 6407 3307 -1273 50 -4182 2004 5458 -6716 3295 -2682 1435 4305 1116 7016 -3819 245 184 1582 28 -1128 -2545 -2187 -52 -1227 423 4732 3949 14016 -113 -3281 -513 -2290
-493 -1948 4265 4599 7191 -1708 -5230 2732 5694 2596 1404 -3177 -2559 -1107 -2332 -7350 -6299 1230 -4633 -1649 -11356 -3826 -3755 969 -6364 2330 -1745 947 4043 1 -2350 2338 6407 3307 -1273 50 -4182 2004 5458 -6716 3295 -2682 1435 4305 1116 7016 -3819 245 184 1582 28 -1128 -2545 -2187 -52 -1227 423 4732 3949 14016 -113 -3281 -513 -2290
-493 -1948 4265 4599 7191 -1708 -5230 2732 5694 2596 1404 -3177 -2559 -1107 -2332 -7350 -6299 1230 -4633 -1649 -11356 -3826 -3755 969 -6364 2330 -1745 947 4043 1 -2350 2338 6407 3307 -1273 50 -4182 2004 5458 -6716 3295 -2682 1435 4305 1116 7016 -3819 245 184 1582 28 -1128 -2545 -2187 -52 -1227 423 4732 3949 14016 -113 -3281 -513 -2290
-493 -1948 4265 4599 7191 -1708 -5230 2732 5694 2596 1404 -3177 -2559 -1107 -2332 -7350 -6299 1230 -4633 -1649 -11356 -3826 -3755 969 -6364 2330 -1745 947 4043 1 -2350 2338 6407 3307 -1273 50 -4182 2004 5458 -6716 3295 -2682 1435 4305 1116 7016 -3819 245 184 1582 28 -1128 -2545 -2187 -52 -1227 423 4732 3949 14016 -113 -3281 -513 -2290
-86 2031 -1535 9507 -1755 -3044 -691 5928 904 4405 2850 -2068 1393 -6254 -1062 -7192 -1176 996 -2543 -6753 -7990 -2146 -2243 2983 -1025 3395 -2302 7474 5936 936 -2446 -1790 6420 4882 -3101 -3854 -4304 102 8813 -2025 651 -1106 -4875 4513 2748 2503 965 2181 -934 1054 -1165 -2781 1976 2666 -3643 -8660 2397 -4308 106 11240 -4457 -1674 1419 -2390
-1719 -1673 5133 4322 7198 -1286 -4880 1836 5327 2256 1709 -3318 -1788 -715 -2361 -7652 -6384 1037 -4356 -1839 -11064 -3098 -4371 1964 -6736 1709 -1834 455 4123 -504 -1603 2278 6388 4063 -1140 596 -3416 1457 5391 -6979 3271 -2513 1081 3571 1374 7525 -4163 966 -118 908 238 -762 -3165 -1807 50 -1264 404 4873 3370 14318 -229 -3355 -1468 -1636
-493 -1948 4265 4599 7191 -1708 -5230 2732 5694 2596 1404 -3177 -2559 -1107 -2332 -7350 -6299 1230 -4633 -1649 -11356 -3826 -3755 969 -6364 2330 -1745 947 4043 1 -2350 2338 6407 3307 -1273 50 -4182 2004 5458 -6716 3295 -2682 1435 4305 1116 7016 -3819 245 184 1582 28 -1128 -2545 -2187 -52 -1227 423 4732 3949 14016 -113 -3281 -513 -2290
-493 -1948 4265 4599 7191 -1708 -5230 2732 5694 2596 1404 -3177 -2559 -1107 -2332 -7350 -6299 1230 -4633 -1649 -11356 -3826 -3755 969 -6364 2330 -1745 947 4043 1 -2350 2338 6407 3307 -1273 50 -4182 2004 5458 -6716 3295 -2682 1435 4305 1116 7016 -3819 245 184 1582 28 -1128 -2545 -2187 -52 -1227 423 4732 3949 14016 -113 -3281 -513 -2290
-493 -1948 4265 4599 7191 -1708 -5230 2732 5694 2596 1404 -3177 -2559 -1107 -2332 -7350 -6299 1230 -4633 -1649 -11356 -3826 -3755 969 -6364 2330 -1745 947 4043 1 -2350 2338 6407 3307 -1273 50 -4182 2004 5458 -6716 3295 -2682 1435 4305 1116 7016 -3819 245 184 1582 28 -1128 -2545 -2187 -52 -1227 423 4732 3949 14016 -113 -3281 -513 -2290
-493 -1948 4265 4599 7191 -1708 -5230 2732 5694 2596 1404 -3177 -2559 -1107 -2332 -7350 -6299 1230 -4633 -1649 -11356 -3826 -3755 969 -6364 2330 -1745 947 4043 1 -2350 2338 6407 3307 -1273 50 -4182 2004 5458 -6716 3295 -2682 1435 4305 1116 7016 -3819 245 184 1582 28 -1128 -2545 -2187 -52 -1227 423 4732 3949 14016 -113 -3281 -513 -2290
-2745 -1352 5225 6624 4229 -2400 -4094 3315 5995 1326 807 -4530 -1698 -4596 -5668 -5422 -7790 3666 -1443 1441 -8225 -1010 -5177 564 -4301 684 -460 6432 6715 1427 -647 519 -313 2017 -1975 963 -4450 3032 4864 -3266 -2624 -3718 -934 6196 1433 4670 -1324 -3134 -2523 1268 -3134 -966 -1439 -2986 3549 -953 4321 1900 1859 15630 2057 -3927 273 -3778
-4664 83 7416 3050 4518 1020 -2366 -578 2603 3699 2889 -2795 3192 -1710 -2909 -8055 -4824 -2723 -4740 -5805 -11534 -359 -3828 5798 -3675 2944 -2378 -803 2123 103 -2914 -1370 5159 2470 -556 3661 -431 432 7220 -5984 6397 -3227 1026 -1768 1999 6907 -2076 4885 5187 -4518 -4163 1966 -1504 796 -2110 -5798 -25 2892 -506 10814 1641 1805 -3795 -201
-493 -1948 4265 4599 7191 -1708 -5230 2732 5694 2596 1404 -3177 -2559 -1107 -2332 -7350 -6299 1230 -4633 -1649 -11356 -3826 -3755 969 -6364 2330 -1745 947 4043 1 -2350 2338 6407 3307 -1273 50 -4182 2004 5458 -6716 3295 -2682 1435 4305 1116 7016 -3819 245 184 1582 28 -1128 -2545 -2187 -52 -1227 423 4732 3949 14016 -113 -3281 -513 -2290
-493 -1948 4265 4599 7191 -1708 -5230 2732 5694 2596 1404 -3177 -2559 -1107 -2332 -7350 -6299 1230 -4633 -1649 -11356 -3826 -3755 969 -6364 2330 -1745 947 4043 1 -2350 2338 6407 3307 -1273 50 -4182 2004 5458 -6716 3295 -2682 1435 4305 1116 7016 -3819 245 184 1582 28 -1128 -2545 -2187 -52 -1227 423 4732 3949 14016 -113 -3281 -513 -2290
-493 -1948 4265 4599 7191 -1708 -5230 2732 5694 2596 1404 -3177 -2559 -1107 -2332 -7350 -6299 1230 -4633 -1649 -11356 -3826 -3755 969 -6364 2330 -1745 947 4043 1 -2350 2338 6407 3307 -1273 50 -4182 2004 5458 -6716 3295 -2682 1435 4305 1116 7016 -3819 245 184 1582 28 -1128 -2545 -2187 -52 -1227 423 4732 3949 14016 -113 -3281 -513 -2290
-493 -1948 4265 4599 7191 -1708 -5230 2732 5694 2596 1404 -3177 -2559 -1107 -2332 -7350 -6299 1230 -4633 -1649 -11356 -3826 -3755 969 -6364 2330 -1745 947 4043 1 -2350 2338 6407 3307 -1273 50 -4182 2004 5458 -6716 3295 -2682 1435 4305 1116 7016 -3819 245 184 1582 28 -1128 -2545 -2187 -52 -1227 423 4732 3949 14016 -113 -3281 -513 -2290
-732 -2297 5374 4148 6577 -806 -4890 2526 5676 2411 2258 -3308 -2753 -2210 -3399 -6953 -6882 2086 -3780 -541 -10265 -3586 -4158 584 -6774 2007 -2195 2136 4853 470 -2209 1082 4775 2442 -1144 194 -4765 2742 5087 -6640 2010 -3078 360 5261 1515 7449 -3091 -537 -185 2213 -1206 -754 -2023 -3264 1194 -711 1800 4288 2965 14503 1056 -3877 148 -3174
424 466 927 5948 -1466 -641 -326 4047 12 5916 3035 -1276 2512 -5659 -1436 -6831 -1516 -2970 -3912 -9220 -9310 -2748 -353 3929 -246 5436 -3987 4468 2501 1766 -5424 -4145 6846 1214 156 -924 -3226 961 8839 -3752 5526 -3163 -3789 3453 3481 4565 1259 4530 5749 -1295 -4471 -1240 4329 1818 -3487 -9968 638 -3789 -1209 7592 -1459 1100 522 -727
-772 -1790 4538 4595 7059 -1612 -5078 2449 5642 2484 1507 -3332 -2364 -899 -2247 -7484 -6411 1135 -4502 -1662 -11339 -3577 -3899 1256 -6493 2138 -1866 881 4039 -250 -2075 2211 6390 3548 -1052 193 -3962 1874 5313 -6830 3255 -2710 1226 4105 1183 7320 -3961 509 -2 1435 28 -1035 -2690 -2057 -1 -1216 430 4657 3905 14132 -124 -3406 -693 -2047
-493 -1948 4265 4599 7191 -1708 -5230 2732 5694 2596 1404 -3177 -2559 -1107 -2332 -7350 -6299 1230 -4633 -1649 -11356 -3826 -3755 969 -6364 2330 -1745 947 4043 1 -2350 2338 6407 3307 -1273 50 -4182 2004 5458 -6716 3295 -2682 1435 4305 1116 7016 -3819 245 184 1582 28 -1128 -2545 -2187 -52 -1227 423 4732 3949 14016 -113 -3281 -513 -2290
-493 -1948 4265 4599 7191 -1708 -5230 2732 5694 2596 1404 -3177 -2559 -1107 -2332 -7350 -6299 1230 -4633 -1649 -11356 -3826 -3755 969 -6364 2330 -1745 947 4043 1 -2350 2338 6407 3307 -1273 50 -4182 2004 5458 -6716 3295 -2682 1435 4305 1116 7016 -3819 245 184 1582 28 -1128 -2545 -2187 -52 -1227 423 4732 3949 14016 -113 -3281 -513 -2290
-493 -1948 4265 4599 7191 -1708 -5230 2732 5694 2596 1404 -3177 -2559 -1107 -2332 -7350 -6299 1230 -4633 -1649 -11356 -3826 -3755 969 -6364 2330 -1745 947 4043 1 -2350 2338 6407 3307 -1273 50 -4182 2004 5458 -6716 3295 -2682 1435 4305 1116 7016 -3819 245 184 1582 28 -1128 -2545 -2187 -52 -1227 423 4732 3949 14016 -113 -3281 -513 -2290
-493 -1948 4265 4599 7191 -1708 -5230 2732 5694 2596 1404 -3177 -2559 -1107 -2332 -7350 -6299 1230 -4633 -1649 -11356 -3826 -3755 969 -6364 2330 -1745 947 4043 1 -2350 2338 6407 3307 -1273 50 -4182 2004 5458 -6716 3295 -2682 1435 4305 1116 7016 -3819 245 184 1582 28 -1128 -2545 -2187 -52 -1227 423 4732 3949 14016 -113 -3281 -513 -2290
-5060 -316 2451 7145 2652 -4941 -6074 1095 5041 2527 1401 -5025 -3579 -3372 -1868 -8695 -6176 1727 110 -2370 -7736 -2019 -7173 2576 -1635 -2013 738 5767 4589 2226 3043 3427 4746 2146 -6430 306 -2448 5941 7727 -3555 -30 1251 -3758 5645 -182 5204 -881 195 -3266 -237 -1327 -150 -3150 -1178 -1043 -2874 5050 2693 1469 12282 -990 -4209 -151 2739
-5081 1194 7383 3425 5173 735 -2997 -538 1588 3256 2947 -3391 3773 -59 -2010 -7667 -4617 -2793 -2332 -5847 -9917 -1393 -4195 6056 -4838 1041 -2680 -82 2899 -420 -1657 -1385 5552 3194 -1968 2638 -66 257 8761 -7214 6095 -2201 765 -2696 2808 7527 -2177 3769 2444 -3719 -2914 1468 -1371 1904 -2444 -6742 176 2375 -796 11689 849 773 -4401 94
-493 -1948 4265 4599 7191 -1708 -5230 2732 5694 2596 1404 -3177 -2559 -1107 -2332 -7350 -6299 1230 -4633 -1649 -11356 -3826 -3755 969 -6364 2330 -1745 947 4043 1 -2350 2338 6407 3307 -1273 50 -4182 2004 5458 -6716 3295 -2682 1435 4305 1116 7016 -3819 245 184 1582 28 -1128 -2545 -2187 -52 -1227 423 4732 3949 14016 -113 -3281 -513 -2290
-493 -1948 4265 4599 7191 -1708 -5230 2732 5694 2596 1404 -3177 -2559 -1107 -2332 -7350 -6299 1230 -4633 -1649 -11356 -3826 -3755 969 -6364 2330 -1745 947 4043 1 -2350 2338 6407 3307 -1273 50 -4182 2004 5458 -6716 3295 -2682 1435 4305 1116 7016 -3819 245 184 1582 28 -1128 -2545 -2187 -52 -1227 423 4732 3949 14016 -113 -3281 -513 -2290
-493 -1948 4265 4599 7191 -1708 -5230 2732 5694 2596 1404 -3177 -2559 -1107 -2332 -7350 -6299 1230 -4633 -1649 -11356 -3826 -3755 969 -6364 2330 -1745 947 4043 1 -2350 2338 6407 3307 -1273 50 -4182 2004 5458 -6716 3295 -2682 1435 4305 1116 7016 -3819 245 184 1582 28 -1128 -2545 -2187 -52 -1227 423 4732 3949 14016 -113 -3281 -513 -2290
