51 89 89 89 89 89 89 89 89 85 98 89 89 89 89 89 80 58 52 43 61 89 89 89 89 89 70 84 89 89 89 89 69 52 89 89 89 89 86 57 88 89 89 89 89 68 46 89 89 89
61 88 88 88 88 88 88 88 88 84 92 88 88 88 88 88 72 66 56 51 70 88 88 88 88 88 52 88 88 88 88 88 69 71 88 88 88 88 89 50 89 88 88 88 88 69 64 88 88 88
61 88 88 88 88 88 88 88 88 84 92 88 88 88 88 88 72 66 56 51 70 88 88 88 88 88 52 88 88 88 88 88 69 71 88 88 88 88 89 50 89 88 88 88 88 69 64 88 88 88
61 88 88 88 88 88 88 88 88 84 92 88 88 88 88 88 72 66 56 51 70 88 88 88 88 88 52 88 88 88 88 88 69 71 88 88 88 88 89 50 89 88 88 88 88 69 64 88 88 88
61 88 88 88 88 88 88 88 88 84 92 88 88 88 88 88 72 66 56 51 70 88 88 88 88 88 52 88 88 88 88 88 69 71 88 88 88 88 89 50 89 88 88 88 88 69 64 88 88 88
61 88 88 88 88 88 88 88 88 84 92 88 88 88 88 88 72 66 56 51 70 88 88 88 88 88 52 88 88 88 88 88 69 71 88 88 88 88 89 50 89 88 88 88 88 69 64 88 88 88
61 88 88 88 88 88 88 88 88 84 92 88 88 88 88 88 72 66 56 51 70 88 88 88 88 88 52 88 88 88 88 88 69 71 88 88 88 88 89 50 89 88 88 88 88 69 64 88 88 88
61 88 88 88 88 88 88 88 88 84 92 88 88 88 88 88 72 66 56 51 70 88 88 88 88 88 52 88 88 88 88 88 69 71 88 88 88 88 89 50 89 88 88 88 88 69 64 88 88 88
61 88 88 88 88 88 88 88 88 84 92 88 88 88 88 88 72 66 56 51 70 88 88 88 88 88 52 88 88 88 88 88 69 71 88 88 88 88 89 50 89 88 88 88 88 69 64 88 88 88
56 89 89 89 89 89 89 89 89 85 97 89 89 89 89 89 71 60 50 43 69 89 89 89 89 89 46 90 89 89 89 89 65 67 89 89 89 89 91 46 90 89 89 89 89 63 59 89 89 89
64 87 87 87 87 87 87 87 87 85 99 87 87 87 87 87 68 62 55 52 74 87 87 87 87 87 55 87 87 87 87 87 72 75 87 87 87 87 90 59 88 87 87 87 87 67 65 87 87 87
61 88 88 88 88 88 88 88 88 84 92 88 88 88 88 88 72 66 56 51 70 88 88 88 88 88 52 88 88 88 88 88 69 71 88 88 88 88 89 50 89 88 88 88 88 69 64 88 88 88
61 88 88 88 88 88 88 88 88 84 92 88 88 88 88 88 72 66 56 51 70 88 88 88 88 88 52 88 88 88 88 88 69 71 88 88 88 88 89 50 89 88 88 88 88 69 64 88 88 88
61 88 88 88 88 88 88 88 88 84 92 88 88 88 88 88 72 66 56 51 70 88 88 88 88 88 52 88 88 88 88 88 69 71 88 88 88 88 89 50 89 88 88 88 88 69 64 88 88 88
61 88 88 88 88 88 88 88 88 84 92 88 88 88 88 88 72 66 56 51 70 88 88 88 88 88 52 88 88 88 88 88 69 71 88 88 88 88 89 50 89 88 88 88 88 69 64 88 88 88
61 88 88 88 88 88 88 88 88 84 92 88 88 88 88 88 72 66 56 51 70 88 88 88 88 88 52 88 88 88 88 88 69 71 88 88 88 88 89 50 89 88 88 88 88 69 64 88 88 88
64 88 88 88 88 88 88 88 88 84 96 88 88 88 88 88 74 63 52 45 67 88 88 88 88 88 62 87 88 88 88 88 69 65 88 88 88 88 88 53 89 88 88 88 88 70 57 88 88 88
73 85 85 85 85 85 85 85 85 77 82 85 85 85 85 85 89 81 73 63 72 85 85 85 85 85 73 84 85 85 85 85 72 69 85 85 85 85 79 62 85 85 85 85 85 85 67 85 85 85
65 85 85 85 85 85 85 85 85 80 77 85 85 85 85 85 88 87 79 70 75 85 85 85 85 85 64 85 85 85 85 85 69 73 85 85 85 85 81 59 85 85 85 85 85 77 72 85 85 85
58 87 87 87 87 87 87 87 87 81 78 87 87 87 87 87 94 85 76 62 67 87 87 87 87 87 60 87 87 87 87 87 63 65 87 87 87 87 83 54 87 87 87 87 87 73 66 87 87 87
60 86 86 86 86 86 86 86 86 84 90 86 86 86 86 86 76 75 72 65 76 86 86 86 86 86 60 85 86 86 86 86 70 76 86 86 86 86 85 67 86 86 86 86 86 65 73 86 86 86
61 88 88 88 88 88 88 88 88 84 92 88 88 88 88 88 72 66 56 51 70 88 88 88 88 88 52 88 88 88 88 88 69 71 88 88 88 88 89 50 89 88 88 88 88 69 64 88 88 88
61 88 88 88 88 88 88 88 88 84 92 88 88 88 88 88 72 66 56 51 70 88 88 88 88 88 52 88 88 88 88 88 69 71 88 88 88 88 89 50 89 88 88 88 88 69 64 88 88 88
61 88 88 88 88 88 88 88 88 84 92 88 88 88 88 88 72 66 56 51 70 88 88 88 88 88 52 88 88 88 88 88 69 71 88 88 88 88 89 50 89 88 88 88 88 69 64 88 88 88
61 88 88 88 88 88 88 88 88 84 92 88 88 88 88 88 72 66 56 51 70 88 88 88 88 88 52 88 88 88 88 88 69 71 88 88 88 88 89 50 89 88 88 88 88 69 64 88 88 88
61 88 88 88 88 88 88 88 88 84 92 88 88 88 88 88 72 66 56 51 70 88 88 88 88 88 52 88 88 88 88 88 69 71 88 88 88 88 89 50 89 88 88 88 88 69 64 88 88 88
83 84 84 84 84 84 84 84 84 82 91 84 84 84 84 84 76 68 63 63 84 84 84 84 84 84 86 85 84 84 84 84 84 73 84 84 84 84 81 63 85 84 84 84 84 84 64 84 84 84
59 88 88 88 88 88 88 88 88 83 90 88 88 88 88 88 73 69 60 53 71 88 88 88 88 88 50 88 88 88 88 88 67 73 88 88 88 88 88 52 88 88 88 88 88 67 66 88 88 88
61 88 88 88 88 88 88 88 88 84 92 88 88 88 88 88 72 66 56 51 70 88 88 88 88 88 52 88 88 88 88 88 69 71 88 88 88 88 89 50 89 88 88 88 88 69 64 88 88 88
61 88 88 88 88 88 88 88 88 84 92 88 88 88 88 88 72 66 56 51 70 88 88 88 88 88 52 88 88 88 88 88 69 71 88 88 88 88 89 50 89 88 88 88 88 69 64 88 88 88
61 88 88 88 88 88 88 88 88 84 92 88 88 88 88 88 72 66 56 51 70 88 88 88 88 88 52 88 88 88 88 88 69 71 88 88 88 88 89 50 89 88 88 88 88 69 64 88 88 88
61 88 88 88 88 88 88 88 88 84 92 88 88 88 88 88 72 66 56 51 70 88 88 88 88 88 52 88 88 88 88 88 69 71 88 88 88 88 89 50 89 88 88 88 88 69 64 88 88 88
48 90 90 90 90 90 90 90 90 86 97 90 90 90 90 90 73 58 52 42 58 90 90 90 90 90 52 88 90 90 90 90 63 58 90 90 90 90 92 49 90 90 90 90 90 61 52 90 90 90
63 85 85 85 85 85 85 85 85 81 86 85 85 85 85 85 82 80 76 69 73 85 85 85 85 85 65 84 85 85 85 85 73 71 85 85 85 85 83 65 85 85 85 85 85 75 70 85 85 85
61 88 88 88 88 88 88 88 88 84 92 88 88 88 88 88 72 66 56 51 70 88 88 88 88 88 52 88 88 88 88 88 69 71 88 88 88 88 89 50 89 88 88 88 88 69 64 88 88 88
61 88 88 88 88 88 88 88 88 84 92 88 88 88 88 88 72 66 56 51 70 88 88 88 88 88 52 88 88 88 88 88 69 71 88 88 88 88 89 50 89 88 88 88 88 69 64 88 88 88
61 88 88 88 88 88 88 88 88 84 92 88 88 88 88 88 72 66 56 51 70 88 88 88 88 88 52 88 88 88 88 88 69 71 88 88 88 88 89 50 89 88 88 88 88 69 64 88 88 88
61 88 88 88 88 88 88 88 88 84 92 88 88 88 88 88 72 66 56 51 70 88 88 88 88 88 52 88 88 88 88 88 69 71 88 88 88 88 89 50 89 88 88 88 88 69 64 88 88 88
58 89 89 89 89 89 89 89 89 85 95 89 89 89 89 89 71 62 52 45 69 89 89 89 89 89 48 90 89 89 89 89 66 68 89 89 89 89 91 47 90 89 89 89 89 65 61 89 89 89
93 83 83 83 83 83 83 83 83 83 92 83 83 83 83 83 79 71 66 70 85 83 83 83 83 83 93 84 83 83 83 83 92 72 83 83 83 83 81 69 83 83 83 83 83 89 67 83 83 83
61 88 88 88 88 88 88 88 88 84 92 88 88 88 88 88 72 66 57 51 70 88 88 88 88 88 52 88 88 88 88 88 68 71 88 88 88 88 89 51 89 88 88 88 88 68 64 88 88 88
61 88 88 88 88 88 88 88 88 84 92 88 88 88 88 88 72 66 56 51 70 88 88 88 88 88 52 88 88 88 88 88 69 71 88 88 88 88 89 50 89 88 88 88 88 69 64 88 88 88
61 88 88 88 88 88 88 88 88 84 92 88 88 88 88 88 72 66 56 51 70 88 88 88 88 88 52 88 88 88 88 88 69 71 88 88 88 88 89 50 89 88 88 88 88 69 64 88 88 88
61 88 88 88 88 88 88 88 88 84 92 88 88 88 88 88 72 66 56 51 70 88 88 88 88 88 52 88 88 88 88 88 69 71 88 88 88 88 89 50 89 88 88 88 88 69 64 88 88 88
61 88 88 88 88 88 88 88 88 84 92 88 88 88 88 88 72 66 56 51 70 88 88 88 88 88 52 88 88 88 88 88 69 71 88 88 88 88 89 50 89 88 88 88 88 69 64 88 88 88
59 88 88 88 88 88 88 88 88 85 91 88 88 88 88 88 76 66 59 52 60 88 88 88 88 88 70 86 88 88 88 88 70 61 88 88 88 88 89 55 88 88 88 88 88 69 56 88 88 88
58 86 86 86 86 86 86 86 86 81 80 86 86 86 86 86 85 85 79 69 70 86 86 86 86 86 58 86 86 86 86 86 70 68 86 86 86 86 83 57 86 86 86 86 86 76 69 86 86 86
61 88 88 88 88 88 88 88 88 84 92 88 88 88 88 88 72 66 56 51 70 88 88 88 88 88 52 88 88 88 88 88 69 71 88 88 88 88 89 50 89 88 88 88 88 69 64 88 88 88
61 88 88 88 88 88 88 88 88 84 92 88 88 88 88 88 72 66 56 51 70 88 88 88 88 88 52 88 88 88 88 88 69 71 88 88 88 88 89 50 89 88 88 88 88 69 64 88 88 88
61 88 88 88 88 88 88 88 88 84 92 88 88 88 88 88 72 66 56 51 70 88 88 88 88 88 52 88 88 88 88 88 69 71 88 88 88 88 89 50 89 88 88 88 88 69 64 88 88 88
