54 86 86 86 86 86 86 86 86 81 86 86 86 86 86 86 68 63 66 56 83 86 86 86 86 86 73 81 86 86 86 86 74 81 86 86 86 86 83 79 85 86 86 86 86 68 79 86 86 86
63 84 84 84 84 84 84 84 84 69 71 84 84 84 84 84 95 93 92 68 74 84 84 84 84 84 80 82 84 84 84 84 58 79 84 84 84 84 74 80 83 84 84 84 84 85 85 84 84 84
63 84 84 84 84 84 84 84 84 69 71 84 84 84 84 84 95 93 92 68 74 84 84 84 84 84 80 82 84 84 84 84 58 79 84 84 84 84 74 80 83 84 84 84 84 85 85 84 84 84
63 84 84 84 84 84 84 84 84 69 71 84 84 84 84 84 95 93 92 68 74 84 84 84 84 84 80 82 84 84 84 84 58 79 84 84 84 84 74 80 83 84 84 84 84 85 85 84 84 84
63 84 84 84 84 84 84 84 84 69 71 84 84 84 84 84 95 93 92 68 74 84 84 84 84 84 80 82 84 84 84 84 58 79 84 84 84 84 74 80 83 84 84 84 84 85 85 84 84 84
63 84 84 84 84 84 84 84 84 69 71 84 84 84 84 84 95 93 92 68 74 84 84 84 84 84 80 82 84 84 84 84 58 79 84 84 84 84 74 80 83 84 84 84 84 85 85 84 84 84
63 84 84 84 84 84 84 84 84 69 71 84 84 84 84 84 95 93 92 68 74 84 84 84 84 84 80 82 84 84 84 84 58 79 84 84 84 84 74 80 83 84 84 84 84 85 85 84 84 84
63 84 84 84 84 84 84 84 84 69 71 84 84 84 84 84 95 93 92 68 74 84 84 84 84 84 80 82 84 84 84 84 58 79 84 84 84 84 74 80 83 84 84 84 84 85 85 84 84 84
63 84 84 84 84 84 84 84 84 69 71 84 84 84 84 84 95 93 92 68 74 84 84 84 84 84 80 82 84 84 84 84 58 79 84 84 84 84 74 80 83 84 84 84 84 85 85 84 84 84
67 83 83 83 83 83 83 83 83 68 70 83 83 83 83 83 93 99 98 72 75 83 83 83 83 83 83 83 83 83 83 83 58 81 83 83 83 83 72 81 83 83 83 83 83 83 90 83 83 83
74 82 82 82 82 82 82 82 82 65 69 82 82 82 82 82 102 108 103 73 70 82 82 82 82 82 93 80 82 82 82 82 56 78 82 82 82 82 71 90 82 82 82 82 82 92 85 82 82 82
63 84 84 84 84 84 84 84 84 69 71 84 84 84 84 84 95 93 92 68 74 84 84 84 84 84 80 82 84 84 84 84 58 79 84 84 84 84 74 80 83 84 84 84 84 85 85 84 84 84
63 84 84 84 84 84 84 84 84 69 71 84 84 84 84 84 95 93 92 68 74 84 84 84 84 84 80 82 84 84 84 84 58 79 84 84 84 84 74 80 83 84 84 84 84 85 85 84 84 84
63 84 84 84 84 84 84 84 84 69 71 84 84 84 84 84 95 93 92 68 74 84 84 84 84 84 80 82 84 84 84 84 58 79 84 84 84 84 74 80 83 84 84 84 84 85 85 84 84 84
63 84 84 84 84 84 84 84 84 69 71 84 84 84 84 84 95 93 92 68 74 84 84 84 84 84 80 82 84 84 84 84 58 79 84 84 84 84 74 80 83 84 84 84 84 85 85 84 84 84
63 84 84 84 84 84 84 84 84 69 71 84 84 84 84 84 95 93 92 68 74 84 84 84 84 84 80 82 84 84 84 84 58 79 84 84 84 84 74 80 83 84 84 84 84 85 85 84 84 84
57 85 85 85 85 85 85 85 85 75 77 85 85 85 85 85 78 73 79 64 90 85 85 85 85 85 60 84 85 85 85 85 66 88 85 85 85 85 79 68 84 85 85 85 85 77 87 85 85 85
48 88 88 88 88 88 88 88 88 89 91 88 88 88 88 88 59 50 55 52 91 88 88 88 88 88 48 85 88 88 88 88 81 83 88 88 88 88 90 59 87 88 88 88 88 61 77 88 88 88
50 87 87 87 87 87 87 87 87 88 93 87 87 87 87 87 60 49 54 53 90 87 87 87 87 87 54 83 87 87 87 87 86 80 87 87 87 87 89 63 86 87 87 87 87 68 72 87 87 87
54 86 86 86 86 86 86 86 86 93 92 86 86 86 86 86 57 54 60 62 88 86 86 86 86 86 55 84 86 86 86 86 89 82 86 86 86 86 91 66 85 86 86 86 86 62 78 86 86 86
60 85 85 85 85 85 85 85 85 71 78 85 85 85 85 85 85 75 76 59 79 85 85 85 85 85 73 83 85 85 85 85 67 77 85 85 85 85 77 69 84 85 85 85 85 91 76 85 85 85
63 84 84 84 84 84 84 84 84 69 71 84 84 84 84 84 95 93 92 68 74 84 84 84 84 84 80 82 84 84 84 84 58 79 84 84 84 84 74 80 83 84 84 84 84 85 85 84 84 84
63 84 84 84 84 84 84 84 84 69 71 84 84 84 84 84 95 93 92 68 74 84 84 84 84 84 80 82 84 84 84 84 58 79 84 84 84 84 74 80 83 84 84 84 84 85 85 84 84 84
63 84 84 84 84 84 84 84 84 69 71 84 84 84 84 84 95 93 92 68 74 84 84 84 84 84 80 82 84 84 84 84 58 79 84 84 84 84 74 80 83 84 84 84 84 85 85 84 84 84
63 84 84 84 84 84 84 84 84 69 71 84 84 84 84 84 95 93 92 68 74 84 84 84 84 84 80 82 84 84 84 84 58 79 84 84 84 84 74 80 83 84 84 84 84 85 85 84 84 84
63 84 84 84 84 84 84 84 84 69 71 84 84 84 84 84 95 93 92 68 74 84 84 84 84 84 80 82 84 84 84 84 58 79 84 84 84 84 74 80 83 84 84 84 84 85 85 84 84 84
98 81 81 81 81 81 81 81 81 86 91 81 81 81 81 81 80 69 62 68 80 81 81 81 81 81 112 74 81 81 81 81 93 80 81 81 81 81 85 117 79 81 81 81 81 85 69 81 81 81
59 85 85 85 85 85 85 85 85 70 73 85 85 85 85 85 90 85 85 62 76 85 85 85 85 85 73 83 85 85 85 85 59 79 85 85 85 85 75 77 84 85 85 85 85 82 83 85 85 85
63 84 84 84 84 84 84 84 84 69 71 84 84 84 84 84 95 93 92 68 74 84 84 84 84 84 80 82 84 84 84 84 58 79 84 84 84 84 74 80 83 84 84 84 84 85 85 84 84 84
63 84 84 84 84 84 84 84 84 69 71 84 84 84 84 84 95 93 92 68 74 84 84 84 84 84 80 82 84 84 84 84 58 79 84 84 84 84 74 80 83 84 84 84 84 85 85 84 84 84
63 84 84 84 84 84 84 84 84 69 71 84 84 84 84 84 95 93 92 68 74 84 84 84 84 84 80 82 84 84 84 84 58 79 84 84 84 84 74 80 83 84 84 84 84 85 85 84 84 84
63 84 84 84 84 84 84 84 84 69 71 84 84 84 84 84 95 93 92 68 74 84 84 84 84 84 80 82 84 84 84 84 58 79 84 84 84 84 74 80 83 84 84 84 84 85 85 84 84 84
81 81 81 81 81 81 81 81 81 74 73 81 81 81 81 81 90 104 101 85 74 81 81 81 81 81 96 80 81 81 81 81 66 84 81 81 81 81 75 100 81 81 81 81 81 77 91 81 81 81
51 87 87 87 87 87 87 87 87 74 83 87 87 87 87 87 74 65 67 54 78 87 87 87 87 87 65 85 87 87 87 87 71 73 87 87 87 87 80 61 86 87 87 87 87 80 73 87 87 87
63 84 84 84 84 84 84 84 84 69 71 84 84 84 84 84 95 93 92 68 74 84 84 84 84 84 80 82 84 84 84 84 58 79 84 84 84 84 74 80 83 84 84 84 84 85 85 84 84 84
63 84 84 84 84 84 84 84 84 69 71 84 84 84 84 84 95 93 92 68 74 84 84 84 84 84 80 82 84 84 84 84 58 79 84 84 84 84 74 80 83 84 84 84 84 85 85 84 84 84
63 84 84 84 84 84 84 84 84 69 71 84 84 84 84 84 95 93 92 68 74 84 84 84 84 84 80 82 84 84 84 84 58 79 84 84 84 84 74 80 83 84 84 84 84 85 85 84 84 84
63 84 84 84 84 84 84 84 84 69 71 84 84 84 84 84 95 93 92 68 74 84 84 84 84 84 80 82 84 84 84 84 58 79 84 84 84 84 74 80 83 84 84 84 84 85 85 84 84 84
65 83 83 83 83 83 83 83 83 68 70 83 83 83 83 83 94 97 97 71 74 83 83 83 83 83 81 82 83 83 83 83 58 79 83 83 83 83 73 80 83 83 83 83 83 84 87 83 83 83
81 83 83 83 83 83 83 83 83 77 86 83 83 83 83 83 82 76 69 69 73 83 83 83 83 83 101 79 83 83 83 83 86 71 83 83 83 83 83 85 82 83 83 83 83 94 66 83 83 83
62 84 84 84 84 84 84 84 84 69 72 84 84 84 84 84 93 91 90 66 75 84 84 84 84 84 78 82 84 84 84 84 58 79 84 84 84 84 74 80 83 84 84 84 84 84 85 84 84 84
63 84 84 84 84 84 84 84 84 69 71 84 84 84 84 84 95 93 92 68 74 84 84 84 84 84 80 82 84 84 84 84 58 79 84 84 84 84 74 80 83 84 84 84 84 85 85 84 84 84
63 84 84 84 84 84 84 84 84 69 71 84 84 84 84 84 95 93 92 68 74 84 84 84 84 84 80 82 84 84 84 84 58 79 84 84 84 84 74 80 83 84 84 84 84 85 85 84 84 84
63 84 84 84 84 84 84 84 84 69 71 84 84 84 84 84 95 93 92 68 74 84 84 84 84 84 80 82 84 84 84 84 58 79 84 84 84 84 74 80 83 84 84 84 84 85 85 84 84 84
63 84 84 84 84 84 84 84 84 69 71 84 84 84 84 84 95 93 92 68 74 84 84 84 84 84 80 82 84 84 84 84 58 79 84 84 84 84 74 80 83 84 84 84 84 85 85 84 84 84
72 82 82 82 82 82 82 82 82 84 81 82 82 82 82 82 81 81 83 79 85 82 82 82 82 82 81 78 82 82 82 82 76 89 82 82 82 82 83 100 80 82 82 82 82 75 86 82 82 82
46 88 88 88 88 88 88 88 88 78 85 88 88 88 88 88 66 58 61 49 81 88 88 88 88 88 59 86 88 88 88 88 71 75 88 88 88 88 82 60 88 88 88 88 88 69 76 88 88 88
63 84 84 84 84 84 84 84 84 69 71 84 84 84 84 84 95 93 92 68 74 84 84 84 84 84 80 82 84 84 84 84 58 79 84 84 84 84 74 80 83 84 84 84 84 85 85 84 84 84
63 84 84 84 84 84 84 84 84 69 71 84 84 84 84 84 95 93 92 68 74 84 84 84 84 84 80 82 84 84 84 84 58 79 84 84 84 84 74 80 83 84 84 84 84 85 85 84 84 84
63 84 84 84 84 84 84 84 84 69 71 84 84 84 84 84 95 93 92 68 74 84 84 84 84 84 80 82 84 84 84 84 58 79 84 84 84 84 74 80 83 84 84 84 84 85 85 84 84 84
