146 75 75 75 75 75 75 75 75 112 77 75 75 75 75 75 86 97 93 136 87 75 75 75 75 75 76 79 75 75 75 75 120 98 75 75 75 75 94 74 76 75 75 75 75 65 99 75 75 75
76 84 84 84 84 84 84 84 84 99 82 84 84 84 84 84 63 60 76 82 82 84 84 84 84 84 55 85 84 84 84 84 97 85 84 84 84 84 93 57 83 84 84 84 84 61 94 84 84 84
76 84 84 84 84 84 84 84 84 99 82 84 84 84 84 84 63 60 76 82 82 84 84 84 84 84 55 85 84 84 84 84 97 85 84 84 84 84 93 57 83 84 84 84 84 61 94 84 84 84
76 84 84 84 84 84 84 84 84 99 82 84 84 84 84 84 63 60 76 82 82 84 84 84 84 84 55 85 84 84 84 84 97 85 84 84 84 84 93 57 83 84 84 84 84 61 94 84 84 84
76 84 84 84 84 84 84 84 84 99 82 84 84 84 84 84 63 60 76 82 82 84 84 84 84 84 55 85 84 84 84 84 97 85 84 84 84 84 93 57 83 84 84 84 84 61 94 84 84 84
76 84 84 84 84 84 84 84 84 99 82 84 84 84 84 84 63 60 76 82 82 84 84 84 84 84 55 85 84 84 84 84 97 85 84 84 84 84 93 57 83 84 84 84 84 61 94 84 84 84
76 84 84 84 84 84 84 84 84 99 82 84 84 84 84 84 63 60 76 82 82 84 84 84 84 84 55 85 84 84 84 84 97 85 84 84 84 84 93 57 83 84 84 84 84 61 94 84 84 84
76 84 84 84 84 84 84 84 84 99 82 84 84 84 84 84 63 60 76 82 82 84 84 84 84 84 55 85 84 84 84 84 97 85 84 84 84 84 93 57 83 84 84 84 84 61 94 84 84 84
76 84 84 84 84 84 84 84 84 99 82 84 84 84 84 84 63 60 76 82 82 84 84 84 84 84 55 85 84 84 84 84 97 85 84 84 84 84 93 57 83 84 84 84 84 61 94 84 84 84
85 81 81 81 81 81 81 81 81 95 80 81 81 81 81 81 70 73 85 99 79 81 81 81 81 81 66 83 81 81 81 81 105 87 81 81 81 81 91 65 81 81 81 81 81 71 95 81 81 81
81 82 82 82 82 82 82 82 82 98 79 82 82 82 82 82 73 70 82 95 76 82 82 82 82 82 71 83 82 82 82 82 105 79 82 82 82 82 92 64 82 82 82 82 82 70 87 82 82 82
76 84 84 84 84 84 84 84 84 99 82 84 84 84 84 84 63 60 76 82 82 84 84 84 84 84 55 85 84 84 84 84 97 85 84 84 84 84 93 57 83 84 84 84 84 61 94 84 84 84
76 84 84 84 84 84 84 84 84 99 82 84 84 84 84 84 63 60 76 82 82 84 84 84 84 84 55 85 84 84 84 84 97 85 84 84 84 84 93 57 83 84 84 84 84 61 94 84 84 84
76 84 84 84 84 84 84 84 84 99 82 84 84 84 84 84 63 60 76 82 82 84 84 84 84 84 55 85 84 84 84 84 97 85 84 84 84 84 93 57 83 84 84 84 84 61 94 84 84 84
76 84 84 84 84 84 84 84 84 99 82 84 84 84 84 84 63 60 76 82 82 84 84 84 84 84 55 85 84 84 84 84 97 85 84 84 84 84 93 57 83 84 84 84 84 61 94 84 84 84
76 84 84 84 84 84 84 84 84 99 82 84 84 84 84 84 63 60 76 82 82 84 84 84 84 84 55 85 84 84 84 84 97 85 84 84 84 84 93 57 83 84 84 84 84 61 94 84 84 84
96 81 81 81 81 81 81 81 81 106 84 81 81 81 81 81 63 64 80 92 90 81 81 81 81 81 53 83 81 81 81 81 107 99 81 81 81 81 94 60 81 81 81 81 81 58 104 81 81 81
103 81 81 81 81 81 81 81 81 111 83 81 81 81 81 81 64 68 80 95 101 81 81 81 81 81 41 84 81 81 81 81 101 111 81 81 81 81 96 55 81 81 81 81 81 52 110 81 81 81
103 82 82 82 82 82 82 82 82 120 89 82 82 82 82 82 59 63 65 80 106 82 82 82 82 82 31 85 82 82 82 82 103 118 82 82 82 82 98 49 82 82 82 82 82 42 110 82 82 82
119 79 79 79 79 79 79 79 79 118 89 79 79 79 79 79 70 77 71 98 98 79 79 79 79 79 49 81 79 79 79 79 117 111 79 79 79 79 97 67 80 79 79 79 79 52 103 79 79 79
86 83 83 83 83 83 83 83 83 108 84 83 83 83 83 83 66 60 73 86 81 83 83 83 83 83 59 84 83 83 83 83 106 82 83 83 83 83 96 60 83 83 83 83 83 58 91 83 83 83
76 84 84 84 84 84 84 84 84 99 82 84 84 84 84 84 63 60 76 82 82 84 84 84 84 84 55 85 84 84 84 84 97 85 84 84 84 84 93 57 83 84 84 84 84 61 94 84 84 84
76 84 84 84 84 84 84 84 84 99 82 84 84 84 84 84 63 60 76 82 82 84 84 84 84 84 55 85 84 84 84 84 97 85 84 84 84 84 93 57 83 84 84 84 84 61 94 84 84 84
76 84 84 84 84 84 84 84 84 99 82 84 84 84 84 84 63 60 76 82 82 84 84 84 84 84 55 85 84 84 84 84 97 85 84 84 84 84 93 57 83 84 84 84 84 61 94 84 84 84
76 84 84 84 84 84 84 84 84 99 82 84 84 84 84 84 63 60 76 82 82 84 84 84 84 84 55 85 84 84 84 84 97 85 84 84 84 84 93 57 83 84 84 84 84 61 94 84 84 84
76 84 84 84 84 84 84 84 84 99 82 84 84 84 84 84 63 60 76 82 82 84 84 84 84 84 55 85 84 84 84 84 97 85 84 84 84 84 93 57 83 84 84 84 84 61 94 84 84 84
114 79 79 79 79 79 79 79 79 99 72 79 79 79 79 79 83 101 100 111 96 79 79 79 79 79 45 86 79 79 79 79 93 111 79 79 79 79 90 51 81 79 79 79 79 64 107 79 79 79
75 84 84 84 84 84 84 84 84 102 84 84 84 84 84 84 60 57 74 81 82 84 84 84 84 84 55 84 84 84 84 84 99 85 84 84 84 84 94 58 83 84 84 84 84 58 95 84 84 84
76 84 84 84 84 84 84 84 84 99 82 84 84 84 84 84 63 60 76 82 82 84 84 84 84 84 55 85 84 84 84 84 97 85 84 84 84 84 93 57 83 84 84 84 84 61 94 84 84 84
76 84 84 84 84 84 84 84 84 99 82 84 84 84 84 84 63 60 76 82 82 84 84 84 84 84 55 85 84 84 84 84 97 85 84 84 84 84 93 57 83 84 84 84 84 61 94 84 84 84
76 84 84 84 84 84 84 84 84 99 82 84 84 84 84 84 63 60 76 82 82 84 84 84 84 84 55 85 84 84 84 84 97 85 84 84 84 84 93 57 83 84 84 84 84 61 94 84 84 84
76 84 84 84 84 84 84 84 84 99 82 84 84 84 84 84 63 60 76 82 82 84 84 84 84 84 55 85 84 84 84 84 97 85 84 84 84 84 93 57 83 84 84 84 84 61 94 84 84 84
103 79 79 79 79 79 79 79 79 106 85 79 79 79 79 79 77 72 76 106 70 79 79 79 79 79 100 77 79 79 79 79 134 76 79 79 79 79 93 84 78 79 79 79 79 74 80 79 79 79
103 80 80 80 80 80 80 80 80 109 81 80 80 80 80 80 71 72 82 102 87 80 80 80 80 80 57 83 80 80 80 80 107 91 80 80 80 80 95 61 81 80 80 80 80 60 97 80 80 80
76 84 84 84 84 84 84 84 84 99 82 84 84 84 84 84 63 60 76 82 82 84 84 84 84 84 55 85 84 84 84 84 97 85 84 84 84 84 93 57 83 84 84 84 84 61 94 84 84 84
76 84 84 84 84 84 84 84 84 99 82 84 84 84 84 84 63 60 76 82 82 84 84 84 84 84 55 85 84 84 84 84 97 85 84 84 84 84 93 57 83 84 84 84 84 61 94 84 84 84
76 84 84 84 84 84 84 84 84 99 82 84 84 84 84 84 63 60 76 82 82 84 84 84 84 84 55 85 84 84 84 84 97 85 84 84 84 84 93 57 83 84 84 84 84 61 94 84 84 84
76 84 84 84 84 84 84 84 84 99 82 84 84 84 84 84 63 60 76 82 82 84 84 84 84 84 55 85 84 84 84 84 97 85 84 84 84 84 93 57 83 84 84 84 84 61 94 84 84 84
79 83 83 83 83 83 83 83 83 98 82 83 83 83 83 83 67 65 78 88 80 83 83 83 83 83 61 84 83 83 83 83 101 85 83 83 83 83 92 62 83 83 83 83 83 65 93 83 83 83
115 78 78 78 78 78 78 78 78 90 69 78 78 78 78 78 96 118 107 111 102 78 78 78 78 78 45 87 78 78 78 78 77 110 78 78 78 78 86 54 81 78 78 78 78 71 105 78 78 78
75 84 84 84 84 84 84 84 84 100 83 84 84 84 84 84 62 58 76 81 82 84 84 84 84 84 55 85 84 84 84 84 97 85 84 84 84 84 93 57 83 84 84 84 84 60 94 84 84 84
76 84 84 84 84 84 84 84 84 99 82 84 84 84 84 84 63 60 76 82 82 84 84 84 84 84 55 85 84 84 84 84 97 85 84 84 84 84 93 57 83 84 84 84 84 61 94 84 84 84
76 84 84 84 84 84 84 84 84 99 82 84 84 84 84 84 63 60 76 82 82 84 84 84 84 84 55 85 84 84 84 84 97 85 84 84 84 84 93 57 83 84 84 84 84 61 94 84 84 84
76 84 84 84 84 84 84 84 84 99 82 84 84 84 84 84 63 60 76 82 82 84 84 84 84 84 55 85 84 84 84 84 97 85 84 84 84 84 93 57 83 84 84 84 84 61 94 84 84 84
76 84 84 84 84 84 84 84 84 99 82 84 84 84 84 84 63 60 76 82 82 84 84 84 84 84 55 85 84 84 84 84 97 85 84 84 84 84 93 57 83 84 84 84 84 61 94 84 84 84
87 84 84 84 84 84 84 84 84 125 92 84 84 84 84 84 62 47 54 70 77 84 84 84 84 84 58 81 84 84 84 84 128 77 84 84 84 84 102 58 83 84 84 84 84 50 77 84 84 84
102 81 81 81 81 81 81 81 81 109 83 81 81 81 81 81 65 71 82 98 94 81 81 81 81 81 46 84 81 81 81 81 102 103 81 81 81 81 95 58 81 81 81 81 81 55 106 81 81 81
76 84 84 84 84 84 84 84 84 99 82 84 84 84 84 84 63 60 76 82 82 84 84 84 84 84 55 85 84 84 84 84 97 85 84 84 84 84 93 57 83 84 84 84 84 61 94 84 84 84
76 84 84 84 84 84 84 84 84 99 82 84 84 84 84 84 63 60 76 82 82 84 84 84 84 84 55 85 84 84 84 84 97 85 84 84 84 84 93 57 83 84 84 84 84 61 94 84 84 84
76 84 84 84 84 84 84 84 84 99 82 84 84 84 84 84 63 60 76 82 82 84 84 84 84 84 55 85 84 84 84 84 97 85 84 84 84 84 93 57 83 84 84 84 84 61 94 84 84 84
