1490 1346 -95 1199 547 -3541 -937 -1578 412 852 3951 -2971 -6629 502 2110 659 4549 -1705 -3305 -2416 1049 -1803 -1784 -2848 -2140 585 1269 -937 -2254 -2057 797 2323 3560 3127 818 -171 2281 -1619 -4902 856 -4289 1141 1852 -3236 1801 3395 -2133 -3161 1787 -441 2074 2325 1238 -3977 3571 822 -273 -2135 -463 3797 3030 -1809 3892 1558
3055 -1577 -1905 -3630 -701 706 267 636 127 -942 1468 137 -3741 -248 3609 -1772 -647 -504 -1063 79 3396 -1768 -3161 -3152 -2556 1021 -1527 689 -1249 -2199 904 1961 4285 4398 -4286 308 1472 323 -861 1948 -5644 2218 3648 -509 2704 3568 -834 -442 3238 1382 4592 4212 -1915 -1986 2169 -26 -2597 299 126 -590 3813 2952 83 -1633
3055 -1577 -1905 -3630 -701 706 267 636 127 -942 1468 137 -3741 -248 3609 -1772 -647 -504 -1063 79 3396 -1768 -3161 -3152 -2556 1021 -1527 689 -1249 -2199 904 1961 4285 4398 -4286 308 1472 323 -861 1948 -5644 2218 3648 -509 2704 3568 -834 -442 3238 1382 4592 4212 -1915 -1986 2169 -26 -2597 299 126 -590 3813 2952 83 -1633
3055 -1577 -1905 -3630 -701 706 267 636 127 -942 1468 137 -3741 -248 3609 -1772 -647 -504 -1063 79 3396 -1768 -3161 -3152 -2556 1021 -1527 689 -1249 -2199 904 1961 4285 4398 -4286 308 1472 323 -861 1948 -5644 2218 3648 -509 2704 3568 -834 -442 3238 1382 4592 4212 -1915 -1986 2169 -26 -2597 299 126 -590 3813 2952 83 -1633
3055 -1577 -1905 -3630 -701 706 267 636 127 -942 1468 137 -3741 -248 3609 -1772 -647 -504 -1063 79 3396 -1768 -3161 -3152 -2556 1021 -1527 689 -1249 -2199 904 1961 4285 4398 -4286 308 1472 323 -861 1948 -5644 2218 3648 -509 2704 3568 -834 -442 3238 1382 4592 4212 -1915 -1986 2169 -26 -2597 299 126 -590 3813 2952 83 -1633
3055 -1577 -1905 -3630 -701 706 267 636 127 -942 1468 137 -3741 -248 3609 -1772 -647 -504 -1063 79 3396 -1768 -3161 -3152 -2556 1021 -1527 689 -1249 -2199 904 1961 4285 4398 -4286 308 1472 323 -861 1948 -5644 2218 3648 -509 2704 3568 -834 -442 3238 1382 4592 4212 -1915 -1986 2169 -26 -2597 299 126 -590 3813 2952 83 -1633
3055 -1577 -1905 -3630 -701 706 267 636 127 -942 1468 137 -3741 -248 3609 -1772 -647 -504 -1063 79 3396 -1768 -3161 -3152 -2556 1021 -1527 689 -1249 -2199 904 1961 4285 4398 -4286 308 1472 323 -861 1948 -5644 2218 3648 -509 2704 3568 -834 -442 3238 1382 4592 4212 -1915 -1986 2169 -26 -2597 299 126 -590 3813 2952 83 -1633
3055 -1577 -1905 -3630 -701 706 267 636 127 -942 1468 137 -3741 -248 3609 -1772 -647 -504 -1063 79 3396 -1768 -3161 -3152 -2556 1021 -1527 689 -1249 -2199 904 1961 4285 4398 -4286 308 1472 323 -861 1948 -5644 2218 3648 -509 2704 3568 -834 -442 3238 1382 4592 4212 -1915 -1986 2169 -26 -2597 299 126 -590 3813 2952 83 -1633
3055 -1577 -1905 -3630 -701 706 267 636 127 -942 1468 137 -3741 -248 3609 -1772 -647 -504 -1063 79 3396 -1768 -3161 -3152 -2556 1021 -1527 689 -1249 -2199 904 1961 4285 4398 -4286 308 1472 323 -861 1948 -5644 2218 3648 -509 2704 3568 -834 -442 3238 1382 4592 4212 -1915 -1986 2169 -26 -2597 299 126 -590 3813 2952 83 -1633
3786 -892 -470 -3050 -931 959 95 2237 417 -1022 699 70 -3411 213 3524 -2141 257 -1343 -1264 846 2498 -1174 -2919 -2617 -2290 153 -608 1488 -1128 -518 186 137 5111 4852 -3446 1304 1391 -315 -888 1105 -6131 3346 3837 -136 3832 2441 -1161 -439 3783 1272 5668 5473 -847 -3397 2118 26 -2319 82 -844 -384 3187 2644 -61 -2203
4017 107 -635 -4257 -325 654 1900 2718 1185 544 1387 325 -3584 -18 3578 -1677 1095 -638 -224 977 1171 -627 -2906 -3551 -2379 933 -658 1422 -785 -2508 51 400 4049 4656 -2920 626 1346 -246 -1231 2087 -4756 2594 2837 76 2398 2942 -904 635 3930 1567 2976 4116 -1375 -1475 1492 314 -2715 107 -1106 -279 3493 2463 -1477 -2590
3055 -1577 -1905 -3630 -701 706 267 636 127 -942 1468 137 -3741 -248 3609 -1772 -647 -504 -1063 79 3396 -1768 -3161 -3152 -2556 1021 -1527 689 -1249 -2199 904 1961 4285 4398 -4286 308 1472 323 -861 1948 -5644 2218 3648 -509 2704 3568 -834 -442 3238 1382 4592 4212 -1915 -1986 2169 -26 -2597 299 126 -590 3813 2952 83 -1633
3055 -1577 -1905 -3630 -701 706 267 636 127 -942 1468 137 -3741 -248 3609 -1772 -647 -504 -1063 79 3396 -1768 -3161 -3152 -2556 1021 -1527 689 -1249 -2199 904 1961 4285 4398 -4286 308 1472 323 -861 1948 -5644 2218 3648 -509 2704 3568 -834 -442 3238 1382 4592 4212 -1915 -1986 2169 -26 -2597 299 126 -590 3813 2952 83 -1633
3055 -1577 -1905 -3630 -701 706 267 636 127 -942 1468 137 -3741 -248 3609 -1772 -647 -504 -1063 79 3396 -1768 -3161 -3152 -2556 1021 -1527 689 -1249 -2199 904 1961 4285 4398 -4286 308 1472 323 -861 1948 -5644 2218 3648 -509 2704 3568 -834 -442 3238 1382 4592 4212 -1915 -1986 2169 -26 -2597 299 126 -590 3813 2952 83 -1633
3055 -1577 -1905 -3630 -701 706 267 636 127 -942 1468 137 -3741 -248 3609 -1772 -647 -504 -1063 79 3396 -1768 -3161 -3152 -2556 1021 -1527 689 -1249 -2199 904 1961 4285 4398 -4286 308 1472 323 -861 1948 -5644 2218 3648 -509 2704 3568 -834 -442 3238 1382 4592 4212 -1915 -1986 2169 -26 -2597 299 126 -590 3813 2952 83 -1633
3055 -1577 -1905 -3630 -701 706 267 636 127 -942 1468 137 -3741 -248 3609 -1772 -647 -504 -1063 79 3396 -1768 -3161 -3152 -2556 1021 -1527 689 -1249 -2199 904 1961 4285 4398 -4286 308 1472 323 -861 1948 -5644 2218 3648 -509 2704 3568 -834 -442 3238 1382 4592 4212 -1915 -1986 2169 -26 -2597 299 126 -590 3813 2952 83 -1633
2204 -2359 -2025 -2130 -38 -658 -700 -1679 -346 -2155 2994 -1328 -3405 1199 2340 819 452 132 -2069 -958 4981 -2269 -4137 -3032 -2201 418 -233 -622 94 -1281 2984 3350 4085 2935 -3847 -299 -550 105 -1378 125 -6914 2313 2173 -1162 2596 2896 -2062 -2428 1808 812 5597 3292 181 -3337 2430 -213 -3789 74 1287 1120 5711 3019 3576 -858
9 -1023 -2453 1153 17 -2607 -449 -4178 -56 -2069 4152 -2843 -4716 995 337 1407 -517 -28 -3962 -2997 4473 -3223 -4934 -2013 -2877 766 393 -2198 -2205 -214 2945 4852 3444 2354 -2026 -179 -292 1246 -3581 -1682 -3614 -83 1301 -2433 279 2454 -1881 -4784 862 -1308 4728 146 1152 -2877 2090 -1219 161 -674 4847 3245 2384 -262 5764 2988
-380 -470 -2955 1520 1080 -3441 -1182 -4166 -57 -617 4285 -2643 -5110 380 -60 1574 -33 1942 -3053 -4004 5871 -4070 -3230 -2582 -2579 1195 -199 -3155 -4392 558 2360 5197 3658 3600 -2022 -911 911 926 -4006 -1294 -2973 690 548 -3266 -1250 3666 -1956 -5715 -53 -1368 4299 -620 319 -2698 3010 715 502 -1955 4951 1890 2499 19 5572 2326
-6 678 -610 3752 -42 -1795 -1267 -2074 -1052 -405 2326 -3928 -5176 1425 -910 667 1375 -9 -2964 -2961 4675 -3408 -2160 -762 -2129 -733 2381 -3168 -2772 841 -383 3385 3915 2612 -1394 66 1680 132 -5078 -3324 -3672 1075 975 -2512 -123 669 -3290 -5277 722 -1973 6037 1281 1458 -5446 2316 1100 -560 -1525 4100 2344 1480 -1835 5719 1535
2417 -236 -2757 -2256 386 -1731 -421 691 755 859 3647 -12 -4614 -484 2581 -412 372 -1364 -1286 -1740 3497 -1927 -2177 -3199 -2789 134 -2159 -903 -3141 -2360 -973 3786 3827 4815 -319 -83 1430 1140 -4384 959 -3895 2117 589 -1243 -20 5286 127 -1506 2449 -304 2027 1566 -97 -1650 2004 1598 53 -635 560 1300 1829 -285 2390 -1554
3055 -1577 -1905 -3630 -701 706 267 636 127 -942 1468 137 -3741 -248 3609 -1772 -647 -504 -1063 79 3396 -1768 -3161 -3152 -2556 1021 -1527 689 -1249 -2199 904 1961 4285 4398 -4286 308 1472 323 -861 1948 -5644 2218 3648 -509 2704 3568 -834 -442 3238 1382 4592 4212 -1915 -1986 2169 -26 -2597 299 126 -590 3813 2952 83 -1633
3055 -1577 -1905 -3630 -701 706 267 636 127 -942 1468 137 -3741 -248 3609 -1772 -647 -504 -1063 79 3396 -1768 -3161 -3152 -2556 1021 -1527 689 -1249 -2199 904 1961 4285 4398 -4286 308 1472 323 -861 1948 -5644 2218 3648 -509 2704 3568 -834 -442 3238 1382 4592 4212 -1915 -1986 2169 -26 -2597 299 126 -590 3813 2952 83 -1633
3055 -1577 -1905 -3630 -701 706 267 636 127 -942 1468 137 -3741 -248 3609 -1772 -647 -504 -1063 79 3396 -1768 -3161 -3152 -2556 1021 -1527 689 -1249 -2199 904 1961 4285 4398 -4286 308 1472 323 -861 1948 -5644 2218 3648 -509 2704 3568 -834 -442 3238 1382 4592 4212 -1915 -1986 2169 -26 -2597 299 126 -590 3813 2952 83 -1633
3055 -1577 -1905 -3630 -701 706 267 636 127 -942 1468 137 -3741 -248 3609 -1772 -647 -504 -1063 79 3396 -1768 -3161 -3152 -2556 1021 -1527 689 -1249 -2199 904 1961 4285 4398 -4286 308 1472 323 -861 1948 -5644 2218 3648 -509 2704 3568 -834 -442 3238 1382 4592 4212 -1915 -1986 2169 -26 -2597 299 126 -590 3813 2952 83 -1633
3055 -1577 -1905 -3630 -701 706 267 636 127 -942 1468 137 -3741 -248 3609 -1772 -647 -504 -1063 79 3396 -1768 -3161 -3152 -2556 1021 -1527 689 -1249 -2199 904 1961 4285 4398 -4286 308 1472 323 -861 1948 -5644 2218 3648 -509 2704 3568 -834 -442 3238 1382 4592 4212 -1915 -1986 2169 -26 -2597 299 126 -590 3813 2952 83 -1633
-873 2187 178 -487 5326 -4297 1310 -2564 748 591 3232 -1072 -3995 -1981 1438 2889 3879 2740 -522 284 862 -373 -1895 -4597 32 4221 -319 -180 -3449 -1478 6186 2524 -192 2159 -1633 -1623 27 -2885 -1092 1886 -3044 1641 2028 -3450 905 3075 -1806 -2021 -1093 -1418 149 197 -1488 -236 1647 -1574 -1584 -3884 -1819 1845 5239 2643 3463 1594
2603 -2006 -2665 -3384 -843 959 -76 556 474 -881 2017 -434 -4260 -207 3220 -1571 -1036 -761 -1606 -273 3822 -2195 -3380 -2990 -3114 689 -1652 479 -1354 -2328 284 2258 4451 4511 -3895 433 1377 768 -1548 1446 -5424 1959 3501 -602 2352 3826 -743 -944 3442 998 4714 3824 -1431 -2068 2536 110 -1945 345 1134 -254 3273 1900 633 -1377
3055 -1577 -1905 -3630 -701 706 267 636 127 -942 1468 137 -3741 -248 3609 -1772 -647 -504 -1063 79 3396 -1768 -3161 -3152 -2556 1021 -1527 689 -1249 -2199 904 1961 4285 4398 -4286 308 1472 323 -861 1948 -5644 2218 3648 -509 2704 3568 -834 -442 3238 1382 4592 4212 -1915 -1986 2169 -26 -2597 299 126 -590 3813 2952 83 -1633
3055 -1577 -1905 -3630 -701 706 267 636 127 -942 1468 137 -3741 -248 3609 -1772 -647 -504 -1063 79 3396 -1768 -3161 -3152 -2556 1021 -1527 689 -1249 -2199 904 1961 4285 4398 -4286 308 1472 323 -861 1948 -5644 2218 3648 -509 2704 3568 -834 -442 3238 1382 4592 4212 -1915 -1986 2169 -26 -2597 299 126 -590 3813 2952 83 -1633
3055 -1577 -1905 -3630 -701 706 267 636 127 -942 1468 137 -3741 -248 3609 -1772 -647 -504 -1063 79 3396 -1768 -3161 -3152 -2556 1021 -1527 689 -1249 -2199 904 1961 4285 4398 -4286 308 1472 323 -861 1948 -5644 2218 3648 -509 2704 3568 -834 -442 3238 1382 4592 4212 -1915 -1986 2169 -26 -2597 299 126 -590 3813 2952 83 -1633
3055 -1577 -1905 -3630 -701 706 267 636 127 -942 1468 137 -3741 -248 3609 -1772 -647 -504 -1063 79 3396 -1768 -3161 -3152 -2556 1021 -1527 689 -1249 -2199 904 1961 4285 4398 -4286 308 1472 323 -861 1948 -5644 2218 3648 -509 2704 3568 -834 -442 3238 1382 4592 4212 -1915 -1986 2169 -26 -2597 299 126 -590 3813 2952 83 -1633
2218 389 1250 -409 -1065 2230 -172 2773 -748 -180 -1031 -751 -3907 162 2175 -1871 2351 -1831 -690 88 2707 -1272 -2116 -1915 -650 -1092 1683 1550 177 -2875 -2974 -547 4230 3659 -4065 2138 2687 -619 -1991 -1475 -5972 2888 5311 -1025 2864 -604 -2877 932 4117 665 4410 6015 -634 -4568 1629 -581 -3586 1631 -904 -473 2816 -727 963 -1866
2456 619 -2257 -1220 240 -3716 -392 -706 690 -18 3837 -462 -5081 -582 2014 -698 453 -1136 -2560 -2565 2896 -2034 -2369 -2721 -2516 -109 -1139 -1604 -3675 -1198 136 4819 3839 4891 48 375 1178 1446 -5217 476 -2591 1371 529 -2082 -442 4834 -41 -2525 2478 58 2045 476 -245 -1868 2001 696 1209 -1026 810 2280 734 -814 2993 633
3055 -1577 -1905 -3630 -701 706 267 636 127 -942 1468 137 -3741 -248 3609 -1772 -647 -504 -1063 79 3396 -1768 -3161 -3152 -2556 1021 -1527 689 -1249 -2199 904 1961 4285 4398 -4286 308 1472 323 -861 1948 -5644 2218 3648 -509 2704 3568 -834 -442 3238 1382 4592 4212 -1915 -1986 2169 -26 -2597 299 126 -590 3813 2952 83 -1633
3055 -1577 -1905 -3630 -701 706 267 636 127 -942 1468 137 -3741 -248 3609 -1772 -647 -504 -1063 79 3396 -1768 -3161 -3152 -2556 1021 -1527 689 -1249 -2199 904 1961 4285 4398 -4286 308 1472 323 -861 1948 -5644 2218 3648 -509 2704 3568 -834 -442 3238 1382 4592 4212 -1915 -1986 2169 -26 -2597 299 126 -590 3813 2952 83 -1633
3055 -1577 -1905 -3630 -701 706 267 636 127 -942 1468 137 -3741 -248 3609 -1772 -647 -504 -1063 79 3396 -1768 -3161 -3152 -2556 1021 -1527 689 -1249 -2199 904 1961 4285 4398 -4286 308 1472 323 -861 1948 -5644 2218 3648 -509 2704 3568 -834 -442 3238 1382 4592 4212 -1915 -1986 2169 -26 -2597 299 126 -590 3813 2952 83 -1633
3055 -1577 -1905 -3630 -701 706 267 636 127 -942 1468 137 -3741 -248 3609 -1772 -647 -504 -1063 79 3396 -1768 -3161 -3152 -2556 1021 -1527 689 -1249 -2199 904 1961 4285 4398 -4286 308 1472 323 -861 1948 -5644 2218 3648 -509 2704 3568 -834 -442 3238 1382 4592 4212 -1915 -1986 2169 -26 -2597 299 126 -590 3813 2952 83 -1633
3624 -952 -974 -3230 -1000 939 315 1646 -45 -844 1047 -175 -3849 159 3468 -2082 -151 -1305 -1007 299 2950 -1634 -2826 -2695 -2443 373 -837 651 -1086 -1316 92 1149 4747 4560 -4126 976 1346 -33 -1077 1159 -6045 2815 3663 -44 3461 2806 -1318 -572 3662 1401 5666 5132 -1296 -3367 1924 10 -2791 320 -264 -366 3597 2870 23 -2267
1753 4074 574 -1769 4018 -7528 2408 -2033 98 1164 4068 201 -3882 -1419 1744 2007 3476 1571 -615 -539 -1471 380 -898 -3568 48 4272 -341 -2139 -4134 244 5863 4277 56 3127 919 -1481 -263 -2141 -2700 3247 -1282 1773 -908 -2823 44 4336 -650 -2594 -1197 -663 260 -627 -1106 -1121 273 107 -375 -3889 -2887 2909 3590 3323 2244 990
2854 -1713 -2123 -3619 -759 797 229 609 274 -962 1636 25 -3901 -240 3518 -1707 -834 -627 -1248 2 3458 -1867 -3333 -3086 -2716 1039 -1628 732 -1261 -2308 714 2061 4301 4426 -4189 329 1432 435 -978 1797 -5597 2152 3674 -516 2623 3631 -764 -498 3337 1225 4633 4158 -1749 -2013 2220 -116 -2352 364 441 -437 3659 2610 258 -1507
3055 -1577 -1905 -3630 -701 706 267 636 127 -942 1468 137 -3741 -248 3609 -1772 -647 -504 -1063 79 3396 -1768 -3161 -3152 -2556 1021 -1527 689 -1249 -2199 904 1961 4285 4398 -4286 308 1472 323 -861 1948 -5644 2218 3648 -509 2704 3568 -834 -442 3238 1382 4592 4212 -1915 -1986 2169 -26 -2597 299 126 -590 3813 2952 83 -1633
3055 -1577 -1905 -3630 -701 706 267 636 127 -942 1468 137 -3741 -248 3609 -1772 -647 -504 -1063 79 3396 -1768 -3161 -3152 -2556 1021 -1527 689 -1249 -2199 904 1961 4285 4398 -4286 308 1472 323 -861 1948 -5644 2218 3648 -509 2704 3568 -834 -442 3238 1382 4592 4212 -1915 -1986 2169 -26 -2597 299 126 -590 3813 2952 83 -1633
3055 -1577 -1905 -3630 -701 706 267 636 127 -942 1468 137 -3741 -248 3609 -1772 -647 -504 -1063 79 3396 -1768 -3161 -3152 -2556 1021 -1527 689 -1249 -2199 904 1961 4285 4398 -4286 308 1472 323 -861 1948 -5644 2218 3648 -509 2704 3568 -834 -442 3238 1382 4592 4212 -1915 -1986 2169 -26 -2597 299 126 -590 3813 2952 83 -1633
3055 -1577 -1905 -3630 -701 706 267 636 127 -942 1468 137 -3741 -248 3609 -1772 -647 -504 -1063 79 3396 -1768 -3161 -3152 -2556 1021 -1527 689 -1249 -2199 904 1961 4285 4398 -4286 308 1472 323 -861 1948 -5644 2218 3648 -509 2704 3568 -834 -442 3238 1382 4592 4212 -1915 -1986 2169 -26 -2597 299 126 -590 3813 2952 83 -1633
-577 -963 -1053 389 -160 924 -957 -3252 -2264 -242 1577 -1690 -4603 337 1840 1104 1617 1 332 -2688 5858 -3405 -3873 -3917 -473 323 -18 -1582 -148 -5364 -163 3116 2304 2015 -5779 -284 2192 -3 -1743 -1316 -7232 1011 4183 -1925 336 1490 -3369 -937 1546 -436 3766 3480 -1606 -3292 1485 -985 -4683 2007 2604 381 5832 444 4586 -454
1204 17 -3235 -673 -264 -3788 -926 -1374 774 -895 3320 -1055 -5345 -374 2169 -1003 -285 -49 -3446 -2522 3632 -2795 -2590 -2122 -3216 242 -1445 -1372 -4373 118 607 4997 4219 4738 -542 375 1292 1539 -4516 -325 -2798 1407 1159 -2903 -754 4708 -584 -3982 2363 -100 3123 102 -587 -2369 3168 854 1702 -1683 1551 1532 138 -619 3615 1835
3055 -1577 -1905 -3630 -701 706 267 636 127 -942 1468 137 -3741 -248 3609 -1772 -647 -504 -1063 79 3396 -1768 -3161 -3152 -2556 1021 -1527 689 -1249 -2199 904 1961 4285 4398 -4286 308 1472 323 -861 1948 -5644 2218 3648 -509 2704 3568 -834 -442 3238 1382 4592 4212 -1915 -1986 2169 -26 -2597 299 126 -590 3813 2952 83 -1633
3055 -1577 -1905 -3630 -701 706 267 636 127 -942 1468 137 -3741 -248 3609 -1772 -647 -504 -1063 79 3396 -1768 -3161 -3152 -2556 1021 -1527 689 -1249 -2199 904 1961 4285 4398 -4286 308 1472 323 -861 1948 -5644 2218 3648 -509 2704 3568 -834 -442 3238 1382 4592 4212 -1915 -1986 2169 -26 -2597 299 126 -590 3813 2952 83 -1633
3055 -1577 -1905 -3630 -701 706 267 636 127 -942 1468 137 -3741 -248 3609 -1772 -647 -504 -1063 79 3396 -1768 -3161 -3152 -2556 1021 -1527 689 -1249 -2199 904 1961 4285 4398 -4286 308 1472 323 -861 1948 -5644 2218 3648 -509 2704 3568 -834 -442 3238 1382 4592 4212 -1915 -1986 2169 -26 -2597 299 126 -590 3813 2952 83 -1633
