-2344 -31 -31 -31 -31 -31 -31 -31 -31 -238 347 -31 -31 -31 -31 -31 -483 -1794 -2212 -3035 -1615 -31 -31 -31 -31 -31 -1037 -307 -31 -31 -31 -31 -1073 -2241 -31 -31 -31 -31 -200 -1849 -106 -31 -31 -31 -31 -1142 -2711 -31 -31 -31
1141 2612 2612 2612 2612 2612 2612 2612 2612 2431 2803 2612 2612 2612 2612 2612 1769 1414 780 354 1680 2612 2612 2612 2612 2612 439 2636 2612 2612 2612 2612 1626 1741 2612 2612 2612 2612 2675 338 2648 2612 2612 2612 2612 1589 1290 2612 2612 2612
1141 2612 2612 2612 2612 2612 2612 2612 2612 2431 2803 2612 2612 2612 2612 2612 1769 1414 780 354 1680 2612 2612 2612 2612 2612 439 2636 2612 2612 2612 2612 1626 1741 2612 2612 2612 2612 2675 338 2648 2612 2612 2612 2612 1589 1290 2612 2612 2612
1141 2612 2612 2612 2612 2612 2612 2612 2612 2431 2803 2612 2612 2612 2612 2612 1769 1414 780 354 1680 2612 2612 2612 2612 2612 439 2636 2612 2612 2612 2612 1626 1741 2612 2612 2612 2612 2675 338 2648 2612 2612 2612 2612 1589 1290 2612 2612 2612
1141 2612 2612 2612 2612 2612 2612 2612 2612 2431 2803 2612 2612 2612 2612 2612 1769 1414 780 354 1680 2612 2612 2612 2612 2612 439 2636 2612 2612 2612 2612 1626 1741 2612 2612 2612 2612 2675 338 2648 2612 2612 2612 2612 1589 1290 2612 2612 2612
1141 2612 2612 2612 2612 2612 2612 2612 2612 2431 2803 2612 2612 2612 2612 2612 1769 1414 780 354 1680 2612 2612 2612 2612 2612 439 2636 2612 2612 2612 2612 1626 1741 2612 2612 2612 2612 2675 338 2648 2612 2612 2612 2612 1589 1290 2612 2612 2612
1141 2612 2612 2612 2612 2612 2612 2612 2612 2431 2803 2612 2612 2612 2612 2612 1769 1414 780 354 1680 2612 2612 2612 2612 2612 439 2636 2612 2612 2612 2612 1626 1741 2612 2612 2612 2612 2675 338 2648 2612 2612 2612 2612 1589 1290 2612 2612 2612
1141 2612 2612 2612 2612 2612 2612 2612 2612 2431 2803 2612 2612 2612 2612 2612 1769 1414 780 354 1680 2612 2612 2612 2612 2612 439 2636 2612 2612 2612 2612 1626 1741 2612 2612 2612 2612 2675 338 2648 2612 2612 2612 2612 1589 1290 2612 2612 2612
1141 2612 2612 2612 2612 2612 2612 2612 2612 2431 2803 2612 2612 2612 2612 2612 1769 1414 780 354 1680 2612 2612 2612 2612 2612 439 2636 2612 2612 2612 2612 1626 1741 2612 2612 2612 2612 2675 338 2648 2612 2612 2612 2612 1589 1290 2612 2612 2612
992 2898 2898 2898 2898 2898 2898 2898 2898 2696 3213 2898 2898 2898 2898 2898 1943 1241 554 -119 1815 2898 2898 2898 2898 2898 210 2920 2898 2898 2898 2898 1580 1730 2898 2898 2898 2898 2958 188 2936 2898 2898 2898 2898 1494 1197 2898 2898 2898
1365 2628 2628 2628 2628 2628 2628 2628 2628 2521 3131 2628 2628 2628 2628 2628 1620 1207 744 471 1958 2628 2628 2628 2628 2628 726 2593 2628 2628 2628 2628 1845 1995 2628 2628 2628 2628 2743 1044 2638 2628 2628 2628 2628 1515 1430 2628 2628 2628
1141 2612 2612 2612 2612 2612 2612 2612 2612 2431 2803 2612 2612 2612 2612 2612 1769 1414 780 354 1680 2612 2612 2612 2612 2612 439 2636 2612 2612 2612 2612 1626 1741 2612 2612 2612 2612 2675 338 2648 2612 2612 2612 2612 1589 1290 2612 2612 2612
1141 2612 2612 2612 2612 2612 2612 2612 2612 2431 2803 2612 2612 2612 2612 2612 1769 1414 780 354 1680 2612 2612 2612 2612 2612 439 2636 2612 2612 2612 2612 1626 1741 2612 2612 2612 2612 2675 338 2648 2612 2612 2612 2612 1589 1290 2612 2612 2612
1141 2612 2612 2612 2612 2612 2612 2612 2612 2431 2803 2612 2612 2612 2612 2612 1769 1414 780 354 1680 2612 2612 2612 2612 2612 439 2636 2612 2612 2612 2612 1626 1741 2612 2612 2612 2612 2675 338 2648 2612 2612 2612 2612 1589 1290 2612 2612 2612
1141 2612 2612 2612 2612 2612 2612 2612 2612 2431 2803 2612 2612 2612 2612 2612 1769 1414 780 354 1680 2612 2612 2612 2612 2612 439 2636 2612 2612 2612 2612 1626 1741 2612 2612 2612 2612 2675 338 2648 2612 2612 2612 2612 1589 1290 2612 2612 2612
1141 2612 2612 2612 2612 2612 2612 2612 2612 2431 2803 2612 2612 2612 2612 2612 1769 1414 780 354 1680 2612 2612 2612 2612 2612 439 2636 2612 2612 2612 2612 1626 1741 2612 2612 2612 2612 2675 338 2648 2612 2612 2612 2612 1589 1290 2612 2612 2612
1154 2452 2452 2452 2452 2452 2452 2452 2452 2244 2801 2452 2452 2452 2452 2452 1742 1045 290 -329 1309 2452 2452 2452 2452 2452 1037 2401 2452 2452 2452 2452 1423 1181 2452 2452 2452 2452 2452 343 2484 2452 2452 2452 2452 1530 652 2452 2452 2452
-1241 -610 -610 -610 -610 -610 -610 -610 -610 -1022 -780 -610 -610 -610 -610 -610 -448 -837 -1253 -1877 -1283 -610 -610 -610 -610 -610 -1235 -662 -610 -610 -610 -610 -1318 -1486 -610 -610 -610 -610 -902 -1933 -619 -610 -610 -610 -610 -643 -1580 -610 -610 -610
-2387 -1305 -1305 -1305 -1305 -1305 -1305 -1305 -1305 -1560 -1733 -1305 -1305 -1305 -1305 -1305 -1150 -1209 -1619 -2130 -1849 -1305 -1305 -1305 -1305 -1305 -2446 -1306 -1305 -1305 -1305 -1305 -2150 -1960 -1305 -1305 -1305 -1305 -1523 -2788 -1296 -1305 -1305 -1305 -1305 -1696 -1966 -1305 -1305 -1305
-2321 -702 -702 -702 -702 -702 -702 -702 -702 -961 -1114 -702 -702 -702 -702 -702 -377 -767 -1230 -2037 -1737 -702 -702 -702 -702 -702 -2199 -700 -702 -702 -702 -702 -2001 -1871 -702 -702 -702 -702 -862 -2619 -692 -702 -702 -702 -702 -1424 -1816 -702 -702 -702
-1410 60 60 60 60 60 60 60 60 -23 243 60 60 60 60 60 -431 -496 -651 -1072 -422 60 60 60 60 60 -1416 27 60 60 60 60 -778 -419 60 60 60 60 45 -954 56 60 60 60 60 -1082 -583 60 60 60
1141 2612 2612 2612 2612 2612 2612 2612 2612 2431 2803 2612 2612 2612 2612 2612 1769 1414 780 354 1680 2612 2612 2612 2612 2612 439 2636 2612 2612 2612 2612 1626 1741 2612 2612 2612 2612 2675 338 2648 2612 2612 2612 2612 1589 1290 2612 2612 2612
1141 2612 2612 2612 2612 2612 2612 2612 2612 2431 2803 2612 2612 2612 2612 2612 1769 1414 780 354 1680 2612 2612 2612 2612 2612 439 2636 2612 2612 2612 2612 1626 1741 2612 2612 2612 2612 2675 338 2648 2612 2612 2612 2612 1589 1290 2612 2612 2612
1141 2612 2612 2612 2612 2612 2612 2612 2612 2431 2803 2612 2612 2612 2612 2612 1769 1414 780 354 1680 2612 2612 2612 2612 2612 439 2636 2612 2612 2612 2612 1626 1741 2612 2612 2612 2612 2675 338 2648 2612 2612 2612 2612 1589 1290 2612 2612 2612
1141 2612 2612 2612 2612 2612 2612 2612 2612 2431 2803 2612 2612 2612 2612 2612 1769 1414 780 354 1680 2612 2612 2612 2612 2612 439 2636 2612 2612 2612 2612 1626 1741 2612 2612 2612 2612 2675 338 2648 2612 2612 2612 2612 1589 1290 2612 2612 2612
1141 2612 2612 2612 2612 2612 2612 2612 2612 2431 2803 2612 2612 2612 2612 2612 1769 1414 780 354 1680 2612 2612 2612 2612 2612 439 2636 2612 2612 2612 2612 1626 1741 2612 2612 2612 2612 2675 338 2648 2612 2612 2612 2612 1589 1290 2612 2612 2612
-23 24 24 24 24 24 24 24 24 -113 348 24 24 24 24 24 -410 -865 -1142 -1175 28 24 24 24 24 24 97 62 24 24 24 24 6 -563 24 24 24 24 -127 -1187 41 24 24 24 24 -9 -1084 24 24 24
424 2042 2042 2042 2042 2042 2042 2042 2042 1812 2132 2042 2042 2042 2042 2042 1306 1057 498 -37 1147 2042 2042 2042 2042 2042 -233 2052 2042 2042 2042 2042 916 1264 2042 2042 2042 2042 2056 -99 2066 2042 2042 2042 2042 949 891 2042 2042 2042
1141 2612 2612 2612 2612 2612 2612 2612 2612 2431 2803 2612 2612 2612 2612 2612 1769 1414 780 354 1680 2612 2612 2612 2612 2612 439 2636 2612 2612 2612 2612 1626 1741 2612 2612 2612 2612 2675 338 2648 2612 2612 2612 2612 1589 1290 2612 2612 2612
1141 2612 2612 2612 2612 2612 2612 2612 2612 2431 2803 2612 2612 2612 2612 2612 1769 1414 780 354 1680 2612 2612 2612 2612 2612 439 2636 2612 2612 2612 2612 1626 1741 2612 2612 2612 2612 2675 338 2648 2612 2612 2612 2612 1589 1290 2612 2612 2612
1141 2612 2612 2612 2612 2612 2612 2612 2612 2431 2803 2612 2612 2612 2612 2612 1769 1414 780 354 1680 2612 2612 2612 2612 2612 439 2636 2612 2612 2612 2612 1626 1741 2612 2612 2612 2612 2675 338 2648 2612 2612 2612 2612 1589 1290 2612 2612 2612
1141 2612 2612 2612 2612 2612 2612 2612 2612 2431 2803 2612 2612 2612 2612 2612 1769 1414 780 354 1680 2612 2612 2612 2612 2612 439 2636 2612 2612 2612 2612 1626 1741 2612 2612 2612 2612 2675 338 2648 2612 2612 2612 2612 1589 1290 2612 2612 2612
566 3151 3151 3151 3151 3151 3151 3151 3151 2968 3459 3151 3151 3151 3151 3151 2300 1346 860 27 1357 3151 3151 3151 3151 3151 932 3045 3151 3151 3151 3151 1661 1327 3151 3151 3151 3151 3253 611 3136 3151 3151 3151 3151 1519 900 3151 3151 3151
-1865 -627 -627 -627 -627 -627 -627 -627 -627 -826 -616 -627 -627 -627 -627 -627 -794 -905 -1086 -1518 -1272 -627 -627 -627 -627 -627 -1729 -679 -627 -627 -627 -627 -1261 -1387 -627 -627 -627 -627 -750 -1728 -645 -627 -627 -627 -627 -1169 -1429 -627 -627 -627
1141 2612 2612 2612 2612 2612 2612 2612 2612 2431 2803 2612 2612 2612 2612 2612 1769 1414 780 354 1680 2612 2612 2612 2612 2612 439 2636 2612 2612 2612 2612 1626 1741 2612 2612 2612 2612 2675 338 2648 2612 2612 2612 2612 1589 1290 2612 2612 2612
1141 2612 2612 2612 2612 2612 2612 2612 2612 2431 2803 2612 2612 2612 2612 2612 1769 1414 780 354 1680 2612 2612 2612 2612 2612 439 2636 2612 2612 2612 2612 1626 1741 2612 2612 2612 2612 2675 338 2648 2612 2612 2612 2612 1589 1290 2612 2612 2612
1141 2612 2612 2612 2612 2612 2612 2612 2612 2431 2803 2612 2612 2612 2612 2612 1769 1414 780 354 1680 2612 2612 2612 2612 2612 439 2636 2612 2612 2612 2612 1626 1741 2612 2612 2612 2612 2675 338 2648 2612 2612 2612 2612 1589 1290 2612 2612 2612
1141 2612 2612 2612 2612 2612 2612 2612 2612 2431 2803 2612 2612 2612 2612 2612 1769 1414 780 354 1680 2612 2612 2612 2612 2612 439 2636 2612 2612 2612 2612 1626 1741 2612 2612 2612 2612 2675 338 2648 2612 2612 2612 2612 1589 1290 2612 2612 2612
1241 2981 2981 2981 2981 2981 2981 2981 2981 2786 3258 2981 2981 2981 2981 2981 2062 1498 801 217 1915 2981 2981 2981 2981 2981 432 3017 2981 2981 2981 2981 1760 1909 2981 2981 2981 2981 3057 363 3025 2981 2981 2981 2981 1706 1412 2981 2981 2981
142 -331 -331 -331 -331 -331 -331 -331 -331 -295 86 -331 -331 -331 -331 -331 -524 -950 -1264 -1035 -232 -331 -331 -331 -331 -331 149 -271 -331 -331 -331 -331 86 -874 -331 -331 -331 -331 -399 -1082 -294 -331 -331 -331 -331 -22 -1217 -331 -331 -331
956 2459 2459 2459 2459 2459 2459 2459 2459 2256 2634 2459 2459 2459 2459 2459 1640 1291 682 217 1539 2459 2459 2459 2459 2459 267 2477 2459 2459 2459 2459 1435 1606 2459 2459 2459 2459 2501 222 2490 2459 2459 2459 2459 1417 1169 2459 2459 2459
1141 2612 2612 2612 2612 2612 2612 2612 2612 2431 2803 2612 2612 2612 2612 2612 1769 1414 780 354 1680 2612 2612 2612 2612 2612 439 2636 2612 2612 2612 2612 1626 1741 2612 2612 2612 2612 2675 338 2648 2612 2612 2612 2612 1589 1290 2612 2612 2612
1141 2612 2612 2612 2612 2612 2612 2612 2612 2431 2803 2612 2612 2612 2612 2612 1769 1414 780 354 1680 2612 2612 2612 2612 2612 439 2636 2612 2612 2612 2612 1626 1741 2612 2612 2612 2612 2675 338 2648 2612 2612 2612 2612 1589 1290 2612 2612 2612
1141 2612 2612 2612 2612 2612 2612 2612 2612 2431 2803 2612 2612 2612 2612 2612 1769 1414 780 354 1680 2612 2612 2612 2612 2612 439 2636 2612 2612 2612 2612 1626 1741 2612 2612 2612 2612 2675 338 2648 2612 2612 2612 2612 1589 1290 2612 2612 2612
1141 2612 2612 2612 2612 2612 2612 2612 2612 2431 2803 2612 2612 2612 2612 2612 1769 1414 780 354 1680 2612 2612 2612 2612 2612 439 2636 2612 2612 2612 2612 1626 1741 2612 2612 2612 2612 2675 338 2648 2612 2612 2612 2612 1589 1290 2612 2612 2612
866 2528 2528 2528 2528 2528 2528 2528 2528 2370 2677 2528 2528 2528 2528 2528 1928 1358 855 355 942 2528 2528 2528 2528 2528 1604 2435 2528 2528 2528 2528 1586 1014 2528 2528 2528 2528 2571 595 2527 2528 2528 2528 2528 1537 701 2528 2528 2528
-2726 -1099 -1099 -1099 -1099 -1099 -1099 -1099 -1099 -1352 -1408 -1099 -1099 -1099 -1099 -1099 -1133 -1157 -1436 -1972 -1911 -1099 -1099 -1099 -1099 -1099 -2678 -1115 -1099 -1099 -1099 -1099 -1954 -2046 -1099 -1099 -1099 -1099 -1264 -2811 -1107 -1099 -1099 -1099 -1099 -1609 -2002 -1099 -1099 -1099
1141 2612 2612 2612 2612 2612 2612 2612 2612 2431 2803 2612 2612 2612 2612 2612 1769 1414 780 354 1680 2612 2612 2612 2612 2612 439 2636 2612 2612 2612 2612 1626 1741 2612 2612 2612 2612 2675 338 2648 2612 2612 2612 2612 1589 1290 2612 2612 2612
1141 2612 2612 2612 2612 2612 2612 2612 2612 2431 2803 2612 2612 2612 2612 2612 1769 1414 780 354 1680 2612 2612 2612 2612 2612 439 2636 2612 2612 2612 2612 1626 1741 2612 2612 2612 2612 2675 338 2648 2612 2612 2612 2612 1589 1290 2612 2612 2612
1141 2612 2612 2612 2612 2612 2612 2612 2612 2431 2803 2612 2612 2612 2612 2612 1769 1414 780 354 1680 2612 2612 2612 2612 2612 439 2636 2612 2612 2612 2612 1626 1741 2612 2612 2612 2612 2675 338 2648 2612 2612 2612 2612 1589 1290 2612 2612 2612
