-1411 -2115 -2115 -2115 -2115 -2115 -2115 -2115 -2115 -711 -1977 -2115 -2115 -2115 -2115 -2115 -1440 -1080 -1144 791 -2371 -2115 -2115 -2115 -2115 -2115 -2243 -1981 -2115 -2115 -2115 -2115 1155 -1963 -2115 -2115 -2115 -2115 -1115 -3139 -2072 -2115 -2115 -2115 -2115 -1083 -1987 -2115 -2115 -2115
-1119 -47 -47 -47 -47 -47 -47 -47 -47 785 -41 -47 -47 -47 -47 -47 -892 -908 -705 195 -310 -47 -47 -47 -47 -47 -2629 147 -47 -47 -47 -47 1156 -211 -47 -47 -47 -47 667 -3029 -7 -47 -47 -47 -47 -1075 -400 -47 -47 -47
-1119 -47 -47 -47 -47 -47 -47 -47 -47 785 -41 -47 -47 -47 -47 -47 -892 -908 -705 195 -310 -47 -47 -47 -47 -47 -2629 147 -47 -47 -47 -47 1156 -211 -47 -47 -47 -47 667 -3029 -7 -47 -47 -47 -47 -1075 -400 -47 -47 -47
-1119 -47 -47 -47 -47 -47 -47 -47 -47 785 -41 -47 -47 -47 -47 -47 -892 -908 -705 195 -310 -47 -47 -47 -47 -47 -2629 147 -47 -47 -47 -47 1156 -211 -47 -47 -47 -47 667 -3029 -7 -47 -47 -47 -47 -1075 -400 -47 -47 -47
-1119 -47 -47 -47 -47 -47 -47 -47 -47 785 -41 -47 -47 -47 -47 -47 -892 -908 -705 195 -310 -47 -47 -47 -47 -47 -2629 147 -47 -47 -47 -47 1156 -211 -47 -47 -47 -47 667 -3029 -7 -47 -47 -47 -47 -1075 -400 -47 -47 -47
-1119 -47 -47 -47 -47 -47 -47 -47 -47 785 -41 -47 -47 -47 -47 -47 -892 -908 -705 195 -310 -47 -47 -47 -47 -47 -2629 147 -47 -47 -47 -47 1156 -211 -47 -47 -47 -47 667 -3029 -7 -47 -47 -47 -47 -1075 -400 -47 -47 -47
-1119 -47 -47 -47 -47 -47 -47 -47 -47 785 -41 -47 -47 -47 -47 -47 -892 -908 -705 195 -310 -47 -47 -47 -47 -47 -2629 147 -47 -47 -47 -47 1156 -211 -47 -47 -47 -47 667 -3029 -7 -47 -47 -47 -47 -1075 -400 -47 -47 -47
-1119 -47 -47 -47 -47 -47 -47 -47 -47 785 -41 -47 -47 -47 -47 -47 -892 -908 -705 195 -310 -47 -47 -47 -47 -47 -2629 147 -47 -47 -47 -47 1156 -211 -47 -47 -47 -47 667 -3029 -7 -47 -47 -47 -47 -1075 -400 -47 -47 -47
-1119 -47 -47 -47 -47 -47 -47 -47 -47 785 -41 -47 -47 -47 -47 -47 -892 -908 -705 195 -310 -47 -47 -47 -47 -47 -2629 147 -47 -47 -47 -47 1156 -211 -47 -47 -47 -47 667 -3029 -7 -47 -47 -47 -47 -1075 -400 -47 -47 -47
-1228 -644 -644 -644 -644 -644 -644 -644 -644 239 -720 -644 -644 -644 -644 -644 -1227 -1167 -823 64 -1210 -644 -644 -644 -644 -644 -2251 -480 -644 -644 -644 -644 982 -886 -644 -644 -644 -644 76 -3126 -610 -644 -644 -644 -644 -1230 -816 -644 -644 -644
-1186 -66 -66 -66 -66 -66 -66 -66 -66 626 -222 -66 -66 -66 -66 -66 -709 -743 -484 158 -442 -66 -66 -66 -66 -66 -2267 142 -66 -66 -66 -66 985 -366 -66 -66 -66 -66 533 -2911 -20 -66 -66 -66 -66 -883 -377 -66 -66 -66
-1119 -47 -47 -47 -47 -47 -47 -47 -47 785 -41 -47 -47 -47 -47 -47 -892 -908 -705 195 -310 -47 -47 -47 -47 -47 -2629 147 -47 -47 -47 -47 1156 -211 -47 -47 -47 -47 667 -3029 -7 -47 -47 -47 -47 -1075 -400 -47 -47 -47
-1119 -47 -47 -47 -47 -47 -47 -47 -47 785 -41 -47 -47 -47 -47 -47 -892 -908 -705 195 -310 -47 -47 -47 -47 -47 -2629 147 -47 -47 -47 -47 1156 -211 -47 -47 -47 -47 667 -3029 -7 -47 -47 -47 -47 -1075 -400 -47 -47 -47
-1119 -47 -47 -47 -47 -47 -47 -47 -47 785 -41 -47 -47 -47 -47 -47 -892 -908 -705 195 -310 -47 -47 -47 -47 -47 -2629 147 -47 -47 -47 -47 1156 -211 -47 -47 -47 -47 667 -3029 -7 -47 -47 -47 -47 -1075 -400 -47 -47 -47
-1119 -47 -47 -47 -47 -47 -47 -47 -47 785 -41 -47 -47 -47 -47 -47 -892 -908 -705 195 -310 -47 -47 -47 -47 -47 -2629 147 -47 -47 -47 -47 1156 -211 -47 -47 -47 -47 667 -3029 -7 -47 -47 -47 -47 -1075 -400 -47 -47 -47
-1119 -47 -47 -47 -47 -47 -47 -47 -47 785 -41 -47 -47 -47 -47 -47 -892 -908 -705 195 -310 -47 -47 -47 -47 -47 -2629 147 -47 -47 -47 -47 1156 -211 -47 -47 -47 -47 667 -3029 -7 -47 -47 -47 -47 -1075 -400 -47 -47 -47
-1097 -823 -823 -823 -823 -823 -823 -823 -823 48 -317 -823 -823 -823 -823 -823 -1628 -1820 -1715 -307 -871 -823 -823 -823 -823 -823 -2497 -675 -823 -823 -823 -823 1140 -859 -823 -823 -823 -823 -112 -3072 -803 -823 -823 -823 -823 -1287 -1259 -823 -823 -823
77 -1155 -1155 -1155 -1155 -1155 -1155 -1155 -1155 -55 -730 -1155 -1155 -1155 -1155 -1155 -967 -686 -794 1214 -790 -1155 -1155 -1155 -1155 -1155 -1331 -998 -1155 -1155 -1155 -1155 1757 -461 -1155 -1155 -1155 -1155 -370 -1964 -1127 -1155 -1155 -1155 -1155 -534 -735 -1155 -1155 -1155
-100 -919 -919 -919 -919 -919 -919 -919 -919 140 -487 -919 -919 -919 -919 -919 -886 -560 -621 1177 5 -919 -919 -919 -919 -919 -1837 -666 -919 -919 -919 -919 1777 262 -919 -919 -919 -919 -167 -2073 -867 -919 -919 -919 -919 -689 -142 -919 -919 -919
-513 -1859 -1859 -1859 -1859 -1859 -1859 -1859 -1859 -676 -1575 -1859 -1859 -1859 -1859 -1859 -1187 -854 -921 1044 -1630 -1859 -1859 -1859 -1859 -1859 -1608 -1694 -1859 -1859 -1859 -1859 1355 -1140 -1859 -1859 -1859 -1859 -1049 -2490 -1827 -1859 -1859 -1859 -1859 -812 -1233 -1859 -1859 -1859
-1519 -447 -447 -447 -447 -447 -447 -447 -447 435 -903 -447 -447 -447 -447 -447 -465 -60 68 1227 -479 -447 -447 -447 -447 -447 -2778 -25 -447 -447 -447 -447 1636 -409 -447 -447 -447 -447 224 -4125 -343 -447 -447 -447 -447 -409 -173 -447 -447 -447
-1119 -47 -47 -47 -47 -47 -47 -47 -47 785 -41 -47 -47 -47 -47 -47 -892 -908 -705 195 -310 -47 -47 -47 -47 -47 -2629 147 -47 -47 -47 -47 1156 -211 -47 -47 -47 -47 667 -3029 -7 -47 -47 -47 -47 -1075 -400 -47 -47 -47
-1119 -47 -47 -47 -47 -47 -47 -47 -47 785 -41 -47 -47 -47 -47 -47 -892 -908 -705 195 -310 -47 -47 -47 -47 -47 -2629 147 -47 -47 -47 -47 1156 -211 -47 -47 -47 -47 667 -3029 -7 -47 -47 -47 -47 -1075 -400 -47 -47 -47
-1119 -47 -47 -47 -47 -47 -47 -47 -47 785 -41 -47 -47 -47 -47 -47 -892 -908 -705 195 -310 -47 -47 -47 -47 -47 -2629 147 -47 -47 -47 -47 1156 -211 -47 -47 -47 -47 667 -3029 -7 -47 -47 -47 -47 -1075 -400 -47 -47 -47
-1119 -47 -47 -47 -47 -47 -47 -47 -47 785 -41 -47 -47 -47 -47 -47 -892 -908 -705 195 -310 -47 -47 -47 -47 -47 -2629 147 -47 -47 -47 -47 1156 -211 -47 -47 -47 -47 667 -3029 -7 -47 -47 -47 -47 -1075 -400 -47 -47 -47
-1119 -47 -47 -47 -47 -47 -47 -47 -47 785 -41 -47 -47 -47 -47 -47 -892 -908 -705 195 -310 -47 -47 -47 -47 -47 -2629 147 -47 -47 -47 -47 1156 -211 -47 -47 -47 -47 667 -3029 -7 -47 -47 -47 -47 -1075 -400 -47 -47 -47
26 -213 -213 -213 -213 -213 -213 -213 -213 563 612 -213 -213 -213 -213 -213 -596 -1137 -1518 -373 117 -213 -213 -213 -213 -213 -1277 -278 -213 -213 -213 -213 1165 -5 -213 -213 -213 -213 415 -466 -216 -213 -213 -213 -213 -508 -844 -213 -213 -213
-1003 -124 -124 -124 -124 -124 -124 -124 -124 789 -193 -124 -124 -124 -124 -124 -781 -678 -501 578 -379 -124 -124 -124 -124 -124 -2551 110 -124 -124 -124 -124 1404 -217 -124 -124 -124 -124 632 -3185 -74 -124 -124 -124 -124 -916 -323 -124 -124 -124
-1119 -47 -47 -47 -47 -47 -47 -47 -47 785 -41 -47 -47 -47 -47 -47 -892 -908 -705 195 -310 -47 -47 -47 -47 -47 -2629 147 -47 -47 -47 -47 1156 -211 -47 -47 -47 -47 667 -3029 -7 -47 -47 -47 -47 -1075 -400 -47 -47 -47
-1119 -47 -47 -47 -47 -47 -47 -47 -47 785 -41 -47 -47 -47 -47 -47 -892 -908 -705 195 -310 -47 -47 -47 -47 -47 -2629 147 -47 -47 -47 -47 1156 -211 -47 -47 -47 -47 667 -3029 -7 -47 -47 -47 -47 -1075 -400 -47 -47 -47
-1119 -47 -47 -47 -47 -47 -47 -47 -47 785 -41 -47 -47 -47 -47 -47 -892 -908 -705 195 -310 -47 -47 -47 -47 -47 -2629 147 -47 -47 -47 -47 1156 -211 -47 -47 -47 -47 667 -3029 -7 -47 -47 -47 -47 -1075 -400 -47 -47 -47
-1119 -47 -47 -47 -47 -47 -47 -47 -47 785 -41 -47 -47 -47 -47 -47 -892 -908 -705 195 -310 -47 -47 -47 -47 -47 -2629 147 -47 -47 -47 -47 1156 -211 -47 -47 -47 -47 667 -3029 -7 -47 -47 -47 -47 -1075 -400 -47 -47 -47
-688 -680 -680 -680 -680 -680 -680 -680 -680 392 -757 -680 -680 -680 -680 -680 -791 -936 -829 394 -1640 -680 -680 -680 -680 -680 -1832 -668 -680 -680 -680 -680 1194 -1194 -680 -680 -680 -680 160 -2605 -684 -680 -680 -680 -680 -824 -1130 -680 -680 -680
-768 -727 -727 -727 -727 -727 -727 -727 -727 357 -1110 -727 -727 -727 -727 -727 -299 274 329 1932 -563 -727 -727 -727 -727 -727 -2090 -338 -727 -727 -727 -727 2052 -288 -727 -727 -727 -727 56 -3419 -629 -727 -727 -727 -727 -104 -41 -727 -727 -727
-1119 -47 -47 -47 -47 -47 -47 -47 -47 785 -41 -47 -47 -47 -47 -47 -892 -908 -705 195 -310 -47 -47 -47 -47 -47 -2629 147 -47 -47 -47 -47 1156 -211 -47 -47 -47 -47 667 -3029 -7 -47 -47 -47 -47 -1075 -400 -47 -47 -47
-1119 -47 -47 -47 -47 -47 -47 -47 -47 785 -41 -47 -47 -47 -47 -47 -892 -908 -705 195 -310 -47 -47 -47 -47 -47 -2629 147 -47 -47 -47 -47 1156 -211 -47 -47 -47 -47 667 -3029 -7 -47 -47 -47 -47 -1075 -400 -47 -47 -47
-1119 -47 -47 -47 -47 -47 -47 -47 -47 785 -41 -47 -47 -47 -47 -47 -892 -908 -705 195 -310 -47 -47 -47 -47 -47 -2629 147 -47 -47 -47 -47 1156 -211 -47 -47 -47 -47 667 -3029 -7 -47 -47 -47 -47 -1075 -400 -47 -47 -47
-1119 -47 -47 -47 -47 -47 -47 -47 -47 785 -41 -47 -47 -47 -47 -47 -892 -908 -705 195 -310 -47 -47 -47 -47 -47 -2629 147 -47 -47 -47 -47 1156 -211 -47 -47 -47 -47 667 -3029 -7 -47 -47 -47 -47 -1075 -400 -47 -47 -47
-1187 -384 -384 -384 -384 -384 -384 -384 -384 492 -434 -384 -384 -384 -384 -384 -1036 -1041 -767 167 -878 -384 -384 -384 -384 -384 -2440 -196 -384 -384 -384 -384 1111 -650 -384 -384 -384 -384 348 -3206 -346 -384 -384 -384 -384 -1122 -678 -384 -384 -384
-489 -569 -569 -569 -569 -569 -569 -569 -569 92 -137 -569 -569 -569 -569 -569 -510 -624 -868 160 31 -569 -569 -569 -569 -569 -1385 -433 -569 -569 -569 -569 1091 -106 -569 -569 -569 -569 -63 -1227 -519 -569 -569 -569 -569 -313 -557 -569 -569 -569
-1076 -36 -36 -36 -36 -36 -36 -36 -36 809 -54 -36 -36 -36 -36 -36 -846 -840 -645 285 -311 -36 -36 -36 -36 -36 -2592 165 -36 -36 -36 -36 1223 -198 -36 -36 -36 -36 684 -3047 6 -36 -36 -36 -36 -1021 -366 -36 -36 -36
-1119 -47 -47 -47 -47 -47 -47 -47 -47 785 -41 -47 -47 -47 -47 -47 -892 -908 -705 195 -310 -47 -47 -47 -47 -47 -2629 147 -47 -47 -47 -47 1156 -211 -47 -47 -47 -47 667 -3029 -7 -47 -47 -47 -47 -1075 -400 -47 -47 -47
-1119 -47 -47 -47 -47 -47 -47 -47 -47 785 -41 -47 -47 -47 -47 -47 -892 -908 -705 195 -310 -47 -47 -47 -47 -47 -2629 147 -47 -47 -47 -47 1156 -211 -47 -47 -47 -47 667 -3029 -7 -47 -47 -47 -47 -1075 -400 -47 -47 -47
-1119 -47 -47 -47 -47 -47 -47 -47 -47 785 -41 -47 -47 -47 -47 -47 -892 -908 -705 195 -310 -47 -47 -47 -47 -47 -2629 147 -47 -47 -47 -47 1156 -211 -47 -47 -47 -47 667 -3029 -7 -47 -47 -47 -47 -1075 -400 -47 -47 -47
-1119 -47 -47 -47 -47 -47 -47 -47 -47 785 -41 -47 -47 -47 -47 -47 -892 -908 -705 195 -310 -47 -47 -47 -47 -47 -2629 147 -47 -47 -47 -47 1156 -211 -47 -47 -47 -47 667 -3029 -7 -47 -47 -47 -47 -1075 -400 -47 -47 -47
-831 183 183 183 183 183 183 183 183 1114 647 183 183 183 183 183 -749 -1249 -1512 -162 -101 183 183 183 183 183 -3043 248 183 183 183 183 1358 -214 183 183 183 183 960 -2854 186 183 183 183 183 -992 -852 183 183 183
-318 -806 -806 -806 -806 -806 -806 -806 -806 336 -908 -806 -806 -806 -806 -806 -524 83 127 1831 -339 -806 -806 -806 -806 -806 -1855 -461 -806 -806 -806 -806 2080 44 -806 -806 -806 -806 -3 -2810 -721 -806 -806 -806 -806 -338 106 -806 -806 -806
-1119 -47 -47 -47 -47 -47 -47 -47 -47 785 -41 -47 -47 -47 -47 -47 -892 -908 -705 195 -310 -47 -47 -47 -47 -47 -2629 147 -47 -47 -47 -47 1156 -211 -47 -47 -47 -47 667 -3029 -7 -47 -47 -47 -47 -1075 -400 -47 -47 -47
-1119 -47 -47 -47 -47 -47 -47 -47 -47 785 -41 -47 -47 -47 -47 -47 -892 -908 -705 195 -310 -47 -47 -47 -47 -47 -2629 147 -47 -47 -47 -47 1156 -211 -47 -47 -47 -47 667 -3029 -7 -47 -47 -47 -47 -1075 -400 -47 -47 -47
-1119 -47 -47 -47 -47 -47 -47 -47 -47 785 -41 -47 -47 -47 -47 -47 -892 -908 -705 195 -310 -47 -47 -47 -47 -47 -2629 147 -47 -47 -47 -47 1156 -211 -47 -47 -47 -47 667 -3029 -7 -47 -47 -47 -47 -1075 -400 -47 -47 -47
