-1937 -24 -24 -24 -24 -24 -24 -24 -24 -258 -4 -24 -24 -24 -24 -24 -998 -1327 -1102 -1779 -170 -24 -24 -24 -24 -24 -668 -243 -24 -24 -24 -24 -641 -257 -24 -24 -24 -24 -179 -357 -91 -24 -24 -24 -24 -1001 -377 -24 -24 -24
-933 215 215 215 215 215 215 215 215 -595 -460 215 215 215 215 215 721 661 613 -643 -288 215 215 215 215 215 24 132 215 215 215 215 -1264 -37 215 215 215 215 -312 20 186 215 215 215 215 296 270 215 215 215
-933 215 215 215 215 215 215 215 215 -595 -460 215 215 215 215 215 721 661 613 -643 -288 215 215 215 215 215 24 132 215 215 215 215 -1264 -37 215 215 215 215 -312 20 186 215 215 215 215 296 270 215 215 215
-933 215 215 215 215 215 215 215 215 -595 -460 215 215 215 215 215 721 661 613 -643 -288 215 215 215 215 215 24 132 215 215 215 215 -1264 -37 215 215 215 215 -312 20 186 215 215 215 215 296 270 215 215 215
-933 215 215 215 215 215 215 215 215 -595 -460 215 215 215 215 215 721 661 613 -643 -288 215 215 215 215 215 24 132 215 215 215 215 -1264 -37 215 215 215 215 -312 20 186 215 215 215 215 296 270 215 215 215
-933 215 215 215 215 215 215 215 215 -595 -460 215 215 215 215 215 721 661 613 -643 -288 215 215 215 215 215 24 132 215 215 215 215 -1264 -37 215 215 215 215 -312 20 186 215 215 215 215 296 270 215 215 215
-933 215 215 215 215 215 215 215 215 -595 -460 215 215 215 215 215 721 661 613 -643 -288 215 215 215 215 215 24 132 215 215 215 215 -1264 -37 215 215 215 215 -312 20 186 215 215 215 215 296 270 215 215 215
-933 215 215 215 215 215 215 215 215 -595 -460 215 215 215 215 215 721 661 613 -643 -288 215 215 215 215 215 24 132 215 215 215 215 -1264 -37 215 215 215 215 -312 20 186 215 215 215 215 296 270 215 215 215
-933 215 215 215 215 215 215 215 215 -595 -460 215 215 215 215 215 721 661 613 -643 -288 215 215 215 215 215 24 132 215 215 215 215 -1264 -37 215 215 215 215 -312 20 186 215 215 215 215 296 270 215 215 215
-537 335 335 335 335 335 335 335 335 -502 -354 335 335 335 335 335 813 1037 1027 -254 -84 335 335 335 335 335 343 326 335 335 335 335 -1134 255 335 335 335 335 -229 254 333 335 335 335 335 346 660 335 335 335
142 584 584 584 584 584 584 584 584 -369 -113 584 584 584 584 584 1497 1716 1508 126 -36 584 584 584 584 584 1120 508 584 584 584 584 -997 402 584 584 584 584 -3 976 568 584 584 584 584 1036 736 584 584 584
-933 215 215 215 215 215 215 215 215 -595 -460 215 215 215 215 215 721 661 613 -643 -288 215 215 215 215 215 24 132 215 215 215 215 -1264 -37 215 215 215 215 -312 20 186 215 215 215 215 296 270 215 215 215
-933 215 215 215 215 215 215 215 215 -595 -460 215 215 215 215 215 721 661 613 -643 -288 215 215 215 215 215 24 132 215 215 215 215 -1264 -37 215 215 215 215 -312 20 186 215 215 215 215 296 270 215 215 215
-933 215 215 215 215 215 215 215 215 -595 -460 215 215 215 215 215 721 661 613 -643 -288 215 215 215 215 215 24 132 215 215 215 215 -1264 -37 215 215 215 215 -312 20 186 215 215 215 215 296 270 215 215 215
-933 215 215 215 215 215 215 215 215 -595 -460 215 215 215 215 215 721 661 613 -643 -288 215 215 215 215 215 24 132 215 215 215 215 -1264 -37 215 215 215 215 -312 20 186 215 215 215 215 296 270 215 215 215
-933 215 215 215 215 215 215 215 215 -595 -460 215 215 215 215 215 721 661 613 -643 -288 215 215 215 215 215 24 132 215 215 215 215 -1264 -37 215 215 215 215 -312 20 186 215 215 215 215 296 270 215 215 215
-1511 97 97 97 97 97 97 97 97 -438 -296 97 97 97 97 97 -263 -552 -210 -1050 306 97 97 97 97 97 -1303 38 97 97 97 97 -952 218 97 97 97 97 -222 -798 56 97 97 97 97 -292 177 97 97 97
-2253 254 254 254 254 254 254 254 254 304 385 254 254 254 254 254 -1390 -2056 -1659 -1855 408 254 254 254 254 254 -2250 104 254 254 254 254 -82 8 254 254 254 254 343 -1361 201 254 254 254 254 -1201 -293 254 254 254
-2409 -132 -132 -132 -132 -132 -132 -132 -132 -82 125 -132 -132 -132 -132 -132 -1670 -2474 -2079 -2172 -3 -132 -132 -132 -132 -132 -2081 -330 -132 -132 -132 -132 -184 -494 -132 -132 -132 -132 -28 -1458 -201 -132 -132 -132 -132 -1131 -897 -132 -132 -132
-1929 1 1 1 1 1 1 1 1 306 281 1 1 1 1 1 -1677 -1916 -1475 -1338 95 1 1 1 1 1 -1824 -121 1 1 1 1 131 -207 1 1 1 1 240 -1078 -35 1 1 1 1 -1368 -425 1 1 1
-1164 262 262 262 262 262 262 262 262 -488 -80 262 262 262 262 262 231 -240 -203 -1213 -26 262 262 262 262 262 -397 152 262 262 262 262 -708 -154 262 262 262 262 -174 -581 223 262 262 262 262 511 -204 262 262 262
-933 215 215 215 215 215 215 215 215 -595 -460 215 215 215 215 215 721 661 613 -643 -288 215 215 215 215 215 24 132 215 215 215 215 -1264 -37 215 215 215 215 -312 20 186 215 215 215 215 296 270 215 215 215
-933 215 215 215 215 215 215 215 215 -595 -460 215 215 215 215 215 721 661 613 -643 -288 215 215 215 215 215 24 132 215 215 215 215 -1264 -37 215 215 215 215 -312 20 186 215 215 215 215 296 270 215 215 215
-933 215 215 215 215 215 215 215 215 -595 -460 215 215 215 215 215 721 661 613 -643 -288 215 215 215 215 215 24 132 215 215 215 215 -1264 -37 215 215 215 215 -312 20 186 215 215 215 215 296 270 215 215 215
-933 215 215 215 215 215 215 215 215 -595 -460 215 215 215 215 215 721 661 613 -643 -288 215 215 215 215 215 24 132 215 215 215 215 -1264 -37 215 215 215 215 -312 20 186 215 215 215 215 296 270 215 215 215
-933 215 215 215 215 215 215 215 215 -595 -460 215 215 215 215 215 721 661 613 -643 -288 215 215 215 215 215 24 132 215 215 215 215 -1264 -37 215 215 215 215 -312 20 186 215 215 215 215 296 270 215 215 215
15 -764 -764 -764 -764 -764 -764 -764 -764 -529 -295 -764 -764 -764 -764 -764 -792 -1406 -1863 -1448 -824 -764 -764 -764 -764 -764 588 -1130 -764 -764 -764 -764 -184 -824 -764 -764 -764 -764 -543 763 -862 -764 -764 -764 -764 -540 -1385 -764 -764 -764
-1233 264 264 264 264 264 264 264 264 -522 -343 264 264 264 264 264 504 246 261 -1029 -176 264 264 264 264 264 -353 152 264 264 264 264 -1252 -20 264 264 264 264 -249 -142 230 264 264 264 264 128 188 264 264 264
-933 215 215 215 215 215 215 215 215 -595 -460 215 215 215 215 215 721 661 613 -643 -288 215 215 215 215 215 24 132 215 215 215 215 -1264 -37 215 215 215 215 -312 20 186 215 215 215 215 296 270 215 215 215
-933 215 215 215 215 215 215 215 215 -595 -460 215 215 215 215 215 721 661 613 -643 -288 215 215 215 215 215 24 132 215 215 215 215 -1264 -37 215 215 215 215 -312 20 186 215 215 215 215 296 270 215 215 215
-933 215 215 215 215 215 215 215 215 -595 -460 215 215 215 215 215 721 661 613 -643 -288 215 215 215 215 215 24 132 215 215 215 215 -1264 -37 215 215 215 215 -312 20 186 215 215 215 215 296 270 215 215 215
-933 215 215 215 215 215 215 215 215 -595 -460 215 215 215 215 215 721 661 613 -643 -288 215 215 215 215 215 24 132 215 215 215 215 -1264 -37 215 215 215 215 -312 20 186 215 215 215 215 296 270 215 215 215
-342 -364 -364 -364 -364 -364 -364 -364 -364 -697 -770 -364 -364 -364 -364 -364 61 663 539 -169 -718 -364 -364 -364 -364 -364 340 -408 -364 -364 -364 -364 -1205 -205 -364 -364 -364 -364 -641 520 -367 -364 -364 -364 -364 -534 148 -364 -364 -364
-1685 469 469 469 469 469 469 469 469 -172 253 469 469 469 469 469 -220 -747 -630 -1496 13 469 469 469 469 469 -706 368 469 469 469 469 -374 -254 469 469 469 469 129 -971 437 469 469 469 469 122 -249 469 469 469
-933 215 215 215 215 215 215 215 215 -595 -460 215 215 215 215 215 721 661 613 -643 -288 215 215 215 215 215 24 132 215 215 215 215 -1264 -37 215 215 215 215 -312 20 186 215 215 215 215 296 270 215 215 215
-933 215 215 215 215 215 215 215 215 -595 -460 215 215 215 215 215 721 661 613 -643 -288 215 215 215 215 215 24 132 215 215 215 215 -1264 -37 215 215 215 215 -312 20 186 215 215 215 215 296 270 215 215 215
-933 215 215 215 215 215 215 215 215 -595 -460 215 215 215 215 215 721 661 613 -643 -288 215 215 215 215 215 24 132 215 215 215 215 -1264 -37 215 215 215 215 -312 20 186 215 215 215 215 296 270 215 215 215
-933 215 215 215 215 215 215 215 215 -595 -460 215 215 215 215 215 721 661 613 -643 -288 215 215 215 215 215 24 132 215 215 215 215 -1264 -37 215 215 215 215 -312 20 186 215 215 215 215 296 270 215 215 215
-713 337 337 337 337 337 337 337 337 -482 -354 337 337 337 337 337 820 964 940 -321 -180 337 337 337 337 337 210 291 337 337 337 337 -1159 129 337 337 337 337 -193 177 322 337 337 337 337 361 506 337 337 337
-21 95 95 95 95 95 95 95 95 -188 267 95 95 95 95 95 57 -282 -649 -642 -412 95 95 95 95 95 893 -116 95 95 95 95 224 -550 95 95 95 95 89 199 31 95 95 95 95 628 -819 95 95 95
-1007 216 216 216 216 216 216 216 216 -582 -435 216 216 216 216 216 650 536 492 -773 -268 216 216 216 216 216 -82 122 216 216 216 216 -1275 -34 216 216 216 216 -306 -11 186 216 216 216 216 221 241 216 216 216
-933 215 215 215 215 215 215 215 215 -595 -460 215 215 215 215 215 721 661 613 -643 -288 215 215 215 215 215 24 132 215 215 215 215 -1264 -37 215 215 215 215 -312 20 186 215 215 215 215 296 270 215 215 215
-933 215 215 215 215 215 215 215 215 -595 -460 215 215 215 215 215 721 661 613 -643 -288 215 215 215 215 215 24 132 215 215 215 215 -1264 -37 215 215 215 215 -312 20 186 215 215 215 215 296 270 215 215 215
-933 215 215 215 215 215 215 215 215 -595 -460 215 215 215 215 215 721 661 613 -643 -288 215 215 215 215 215 24 132 215 215 215 215 -1264 -37 215 215 215 215 -312 20 186 215 215 215 215 296 270 215 215 215
-933 215 215 215 215 215 215 215 215 -595 -460 215 215 215 215 215 721 661 613 -643 -288 215 215 215 215 215 24 132 215 215 215 215 -1264 -37 215 215 215 215 -312 20 186 215 215 215 215 296 270 215 215 215
-1818 -1287 -1287 -1287 -1287 -1287 -1287 -1287 -1287 -1174 -1335 -1287 -1287 -1287 -1287 -1287 -1323 -1323 -1223 -1415 -1127 -1287 -1287 -1287 -1287 -1287 -1325 -1510 -1287 -1287 -1287 -1287 -1607 -936 -1287 -1287 -1287 -1287 -1247 -477 -1374 -1287 -1287 -1287 -1287 -1644 -1086 -1287 -1287 -1287
-2386 269 269 269 269 269 269 269 269 -224 109 269 269 269 269 269 -906 -1452 -1266 -2128 -89 269 269 269 269 269 -1405 162 269 269 269 269 -617 -370 269 269 269 269 -30 -1335 242 269 269 269 269 -707 -361 269 269 269
-933 215 215 215 215 215 215 215 215 -595 -460 215 215 215 215 215 721 661 613 -643 -288 215 215 215 215 215 24 132 215 215 215 215 -1264 -37 215 215 215 215 -312 20 186 215 215 215 215 296 270 215 215 215
-933 215 215 215 215 215 215 215 215 -595 -460 215 215 215 215 215 721 661 613 -643 -288 215 215 215 215 215 24 132 215 215 215 215 -1264 -37 215 215 215 215 -312 20 186 215 215 215 215 296 270 215 215 215
-933 215 215 215 215 215 215 215 215 -595 -460 215 215 215 215 215 721 661 613 -643 -288 215 215 215 215 215 24 132 215 215 215 215 -1264 -37 215 215 215 215 -312 20 186 215 215 215 215 296 270 215 215 215
