2929 222 222 222 222 222 222 222 222 1862 341 222 222 222 222 222 788 1264 1089 2647 843 222 222 222 222 222 268 418 222 222 222 222 2155 1324 222 222 222 222 1124 173 288 222 222 222 222 -357 1347 222 222 222
79 503 503 503 503 503 503 503 503 1202 435 503 503 503 503 503 -672 -893 115 408 403 503 503 503 503 503 -1224 550 503 503 503 503 1117 567 503 503 503 503 921 -1075 482 503 503 503 503 -827 972 503 503 503
79 503 503 503 503 503 503 503 503 1202 435 503 503 503 503 503 -672 -893 115 408 403 503 503 503 503 503 -1224 550 503 503 503 503 1117 567 503 503 503 503 921 -1075 482 503 503 503 503 -827 972 503 503 503
79 503 503 503 503 503 503 503 503 1202 435 503 503 503 503 503 -672 -893 115 408 403 503 503 503 503 503 -1224 550 503 503 503 503 1117 567 503 503 503 503 921 -1075 482 503 503 503 503 -827 972 503 503 503
79 503 503 503 503 503 503 503 503 1202 435 503 503 503 503 503 -672 -893 115 408 403 503 503 503 503 503 -1224 550 503 503 503 503 1117 567 503 503 503 503 921 -1075 482 503 503 503 503 -827 972 503 503 503
79 503 503 503 503 503 503 503 503 1202 435 503 503 503 503 503 -672 -893 115 408 403 503 503 503 503 503 -1224 550 503 503 503 503 1117 567 503 503 503 503 921 -1075 482 503 503 503 503 -827 972 503 503 503
79 503 503 503 503 503 503 503 503 1202 435 503 503 503 503 503 -672 -893 115 408 403 503 503 503 503 503 -1224 550 503 503 503 503 1117 567 503 503 503 503 921 -1075 482 503 503 503 503 -827 972 503 503 503
79 503 503 503 503 503 503 503 503 1202 435 503 503 503 503 503 -672 -893 115 408 403 503 503 503 503 503 -1224 550 503 503 503 503 1117 567 503 503 503 503 921 -1075 482 503 503 503 503 -827 972 503 503 503
79 503 503 503 503 503 503 503 503 1202 435 503 503 503 503 503 -672 -893 115 408 403 503 503 503 503 503 -1224 550 503 503 503 503 1117 567 503 503 503 503 921 -1075 482 503 503 503 503 -827 972 503 503 503
116 -45 -45 -45 -45 -45 -45 -45 -45 610 -109 -45 -45 -45 -45 -45 -683 -491 129 776 -142 -45 -45 -45 -45 -45 -885 21 -45 -45 -45 -45 993 221 -45 -45 -45 -45 400 -970 -53 -45 -45 -45 -45 -588 595 -45 -45 -45
197 232 232 232 232 232 232 232 232 968 84 232 232 232 232 232 -234 -440 239 828 -104 232 232 232 232 232 -360 281 232 232 232 232 1222 58 232 232 232 232 699 -817 227 232 232 232 232 -417 488 232 232 232
79 503 503 503 503 503 503 503 503 1202 435 503 503 503 503 503 -672 -893 115 408 403 503 503 503 503 503 -1224 550 503 503 503 503 1117 567 503 503 503 503 921 -1075 482 503 503 503 503 -827 972 503 503 503
79 503 503 503 503 503 503 503 503 1202 435 503 503 503 503 503 -672 -893 115 408 403 503 503 503 503 503 -1224 550 503 503 503 503 1117 567 503 503 503 503 921 -1075 482 503 503 503 503 -827 972 503 503 503
79 503 503 503 503 503 503 503 503 1202 435 503 503 503 503 503 -672 -893 115 408 403 503 503 503 503 503 -1224 550 503 503 503 503 1117 567 503 503 503 503 921 -1075 482 503 503 503 503 -827 972 503 503 503
79 503 503 503 503 503 503 503 503 1202 435 503 503 503 503 503 -672 -893 115 408 403 503 503 503 503 503 -1224 550 503 503 503 503 1117 567 503 503 503 503 921 -1075 482 503 503 503 503 -827 972 503 503 503
79 503 503 503 503 503 503 503 503 1202 435 503 503 503 503 503 -672 -893 115 408 403 503 503 503 503 503 -1224 550 503 503 503 503 1117 567 503 503 503 503 921 -1075 482 503 503 503 503 -827 972 503 503 503
1374 712 712 712 712 712 712 712 712 1797 835 712 712 712 712 712 -364 -288 624 1214 1122 712 712 712 712 712 -1013 797 712 712 712 712 1848 1514 712 712 712 712 1327 -555 710 712 712 712 712 -697 1723 712 712 712
1874 870 870 870 870 870 870 870 870 2162 972 870 870 870 870 870 -106 167 845 1556 1810 870 870 870 870 870 -1893 1040 870 870 870 870 1778 2178 870 870 870 870 1593 -715 889 870 870 870 870 -913 2158 870 870 870
2147 1188 1188 1188 1188 1188 1188 1188 1188 2769 1539 1188 1188 1188 1188 1188 -174 118 281 1110 2253 1188 1188 1188 1188 1188 -2735 1353 1188 1188 1188 1188 2124 2706 1188 1188 1188 1188 1958 -923 1226 1188 1188 1188 1188 -1564 2404 1188 1188 1188
1412 -258 -258 -258 -258 -258 -258 -258 -258 1398 226 -258 -258 -258 -258 -258 -751 -352 -706 643 613 -258 -258 -258 -258 -258 -2178 -149 -258 -258 -258 -258 1349 1126 -258 -258 -258 -258 590 -899 -219 -258 -258 -258 -258 -1976 831 -258 -258 -258
273 112 112 112 112 112 112 112 112 1217 176 112 112 112 112 112 -811 -1180 -421 259 17 112 112 112 112 112 -1288 164 112 112 112 112 1118 75 112 112 112 112 703 -1229 107 112 112 112 112 -1359 477 112 112 112
79 503 503 503 503 503 503 503 503 1202 435 503 503 503 503 503 -672 -893 115 408 403 503 503 503 503 503 -1224 550 503 503 503 503 1117 567 503 503 503 503 921 -1075 482 503 503 503 503 -827 972 503 503 503
79 503 503 503 503 503 503 503 503 1202 435 503 503 503 503 503 -672 -893 115 408 403 503 503 503 503 503 -1224 550 503 503 503 503 1117 567 503 503 503 503 921 -1075 482 503 503 503 503 -827 972 503 503 503
79 503 503 503 503 503 503 503 503 1202 435 503 503 503 503 503 -672 -893 115 408 403 503 503 503 503 503 -1224 550 503 503 503 503 1117 567 503 503 503 503 921 -1075 482 503 503 503 503 -827 972 503 503 503
79 503 503 503 503 503 503 503 503 1202 435 503 503 503 503 503 -672 -893 115 408 403 503 503 503 503 503 -1224 550 503 503 503 503 1117 567 503 503 503 503 921 -1075 482 503 503 503 503 -827 972 503 503 503
79 503 503 503 503 503 503 503 503 1202 435 503 503 503 503 503 -672 -893 115 408 403 503 503 503 503 503 -1224 550 503 503 503 503 1117 567 503 503 503 503 921 -1075 482 503 503 503 503 -827 972 503 503 503
4019 2498 2498 2498 2498 2498 2498 2498 2498 3433 2121 2498 2498 2498 2498 2498 2698 3505 3463 3896 3300 2498 2498 2498 2498 2498 174 2863 2498 2498 2498 2498 3192 3907 2498 2498 2498 2498 3039 698 2621 2498 2498 2498 2498 1649 3767 2498 2498 2498
-198 245 245 245 245 245 245 245 245 1042 248 245 245 245 245 245 -1106 -1374 -250 110 163 245 245 245 245 245 -1492 269 245 245 245 245 941 312 245 245 245 245 705 -1285 211 245 245 245 245 -1267 750 245 245 245
79 503 503 503 503 503 503 503 503 1202 435 503 503 503 503 503 -672 -893 115 408 403 503 503 503 503 503 -1224 550 503 503 503 503 1117 567 503 503 503 503 921 -1075 482 503 503 503 503 -827 972 503 503 503
79 503 503 503 503 503 503 503 503 1202 435 503 503 503 503 503 -672 -893 115 408 403 503 503 503 503 503 -1224 550 503 503 503 503 1117 567 503 503 503 503 921 -1075 482 503 503 503 503 -827 972 503 503 503
79 503 503 503 503 503 503 503 503 1202 435 503 503 503 503 503 -672 -893 115 408 403 503 503 503 503 503 -1224 550 503 503 503 503 1117 567 503 503 503 503 921 -1075 482 503 503 503 503 -827 972 503 503 503
79 503 503 503 503 503 503 503 503 1202 435 503 503 503 503 503 -672 -893 115 408 403 503 503 503 503 503 -1224 550 503 503 503 503 1117 567 503 503 503 503 921 -1075 482 503 503 503 503 -827 972 503 503 503
-45 -1133 -1133 -1133 -1133 -1133 -1133 -1133 -1133 81 -815 -1133 -1133 -1133 -1133 -1133 -1256 -1493 -1310 77 -1639 -1133 -1133 -1133 -1133 -1133 -148 -1237 -1133 -1133 -1133 -1133 1021 -1284 -1133 -1133 -1133 -1133 -444 -861 -1169 -1133 -1133 -1133 -1133 -1377 -1092 -1133 -1133 -1133
1234 207 207 207 207 207 207 207 207 1460 248 207 207 207 207 207 -308 -231 295 1176 522 207 207 207 207 207 -1241 349 207 207 207 207 1359 733 207 207 207 207 901 -925 231 207 207 207 207 -1008 989 207 207 207
79 503 503 503 503 503 503 503 503 1202 435 503 503 503 503 503 -672 -893 115 408 403 503 503 503 503 503 -1224 550 503 503 503 503 1117 567 503 503 503 503 921 -1075 482 503 503 503 503 -827 972 503 503 503
79 503 503 503 503 503 503 503 503 1202 435 503 503 503 503 503 -672 -893 115 408 403 503 503 503 503 503 -1224 550 503 503 503 503 1117 567 503 503 503 503 921 -1075 482 503 503 503 503 -827 972 503 503 503
79 503 503 503 503 503 503 503 503 1202 435 503 503 503 503 503 -672 -893 115 408 403 503 503 503 503 503 -1224 550 503 503 503 503 1117 567 503 503 503 503 921 -1075 482 503 503 503 503 -827 972 503 503 503
79 503 503 503 503 503 503 503 503 1202 435 503 503 503 503 503 -672 -893 115 408 403 503 503 503 503 503 -1224 550 503 503 503 503 1117 567 503 503 503 503 921 -1075 482 503 503 503 503 -827 972 503 503 503
-82 90 90 90 90 90 90 90 90 793 62 90 90 90 90 90 -770 -879 -160 349 -27 90 90 90 90 90 -1163 135 90 90 90 90 909 179 90 90 90 90 531 -1102 77 90 90 90 90 -882 553 90 90 90
4159 2558 2558 2558 2558 2558 2558 2558 2558 3164 2058 2558 2558 2558 2558 2558 3424 4240 3868 3993 3639 2558 2558 2558 2558 2558 331 3013 2558 2558 2558 2558 2491 3958 2558 2558 2558 2558 2944 1066 2720 2558 2558 2558 2558 2150 3758 2558 2558 2558
-15 455 455 455 455 455 455 455 455 1155 398 455 455 455 455 455 -782 -1038 42 320 352 455 455 455 455 455 -1278 493 455 455 455 455 1050 498 455 455 455 455 874 -1120 428 455 455 455 455 -914 917 455 455 455
79 503 503 503 503 503 503 503 503 1202 435 503 503 503 503 503 -672 -893 115 408 403 503 503 503 503 503 -1224 550 503 503 503 503 1117 567 503 503 503 503 921 -1075 482 503 503 503 503 -827 972 503 503 503
79 503 503 503 503 503 503 503 503 1202 435 503 503 503 503 503 -672 -893 115 408 403 503 503 503 503 503 -1224 550 503 503 503 503 1117 567 503 503 503 503 921 -1075 482 503 503 503 503 -827 972 503 503 503
79 503 503 503 503 503 503 503 503 1202 435 503 503 503 503 503 -672 -893 115 408 403 503 503 503 503 503 -1224 550 503 503 503 503 1117 567 503 503 503 503 921 -1075 482 503 503 503 503 -827 972 503 503 503
79 503 503 503 503 503 503 503 503 1202 435 503 503 503 503 503 -672 -893 115 408 403 503 503 503 503 503 -1224 550 503 503 503 503 1117 567 503 503 503 503 921 -1075 482 503 503 503 503 -827 972 503 503 503
448 305 305 305 305 305 305 305 305 1936 705 305 305 305 305 305 -924 -2101 -1480 -428 -45 305 305 305 305 305 -1208 164 305 305 305 305 2046 -56 305 305 305 305 1106 -1225 265 305 305 305 305 -1823 -39 305 305 305
1348 375 375 375 375 375 375 375 375 1600 500 375 375 375 375 375 -538 -150 423 1189 1013 375 375 375 375 375 -1884 543 375 375 375 375 1331 1362 375 375 375 375 1039 -979 396 375 375 375 375 -1216 1491 375 375 375
79 503 503 503 503 503 503 503 503 1202 435 503 503 503 503 503 -672 -893 115 408 403 503 503 503 503 503 -1224 550 503 503 503 503 1117 567 503 503 503 503 921 -1075 482 503 503 503 503 -827 972 503 503 503
79 503 503 503 503 503 503 503 503 1202 435 503 503 503 503 503 -672 -893 115 408 403 503 503 503 503 503 -1224 550 503 503 503 503 1117 567 503 503 503 503 921 -1075 482 503 503 503 503 -827 972 503 503 503
79 503 503 503 503 503 503 503 503 1202 435 503 503 503 503 503 -672 -893 115 408 403 503 503 503 503 503 -1224 550 503 503 503 503 1117 567 503 503 503 503 921 -1075 482 503 503 503 503 -827 972 503 503 503
