-1282 3820 1623 3961 -928 -99 -250 2270 2702 5485 -451 -1584 470 -2940 -279 -1689 -3063 1452 2912 -1351 -2222 -506 488 1441 4644 482 -1145 2415 -1140 -1984 -856 830 645 -697 91 -5535 560 -2067 6430 -3528 108 -2611 441 694 150 2240 -931 -1334 -1636 -869 -2685 -2913 2118 2359 -1913 -3596 -1150 -1770 -2827 3895 -4297 2667 -1404 -4288
-2607 4318 2713 4016 8 44 -4185 4873 630 3757 1918 -1516 1374 -3121 -923 -3870 -2286 186 666 2497 -4903 -282 -2335 3172 -1842 -801 -2303 5015 1592 -1754 -281 -1681 -473 1082 -358 -3398 -822 834 2876 -4071 1103 -2005 -1461 2880 680 3696 2848 154 804 -120 -2463 -3356 747 1575 -66 -4311 -563 472 -873 5540 925 670 -2010 -5690
-2607 4318 2713 4016 8 44 -4185 4873 630 3757 1918 -1516 1374 -3121 -923 -3870 -2286 186 666 2497 -4903 -282 -2335 3172 -1842 -801 -2303 5015 1592 -1754 -281 -1681 -473 1082 -358 -3398 -822 834 2876 -4071 1103 -2005 -1461 2880 680 3696 2848 154 804 -120 -2463 -3356 747 1575 -66 -4311 -563 472 -873 5540 925 670 -2010 -5690
-2607 4318 2713 4016 8 44 -4185 4873 630 3757 1918 -1516 1374 -3121 -923 -3870 -2286 186 666 2497 -4903 -282 -2335 3172 -1842 -801 -2303 5015 1592 -1754 -281 -1681 -473 1082 -358 -3398 -822 834 2876 -4071 1103 -2005 -1461 2880 680 3696 2848 154 804 -120 -2463 -3356 747 1575 -66 -4311 -563 472 -873 5540 925 670 -2010 -5690
-2607 4318 2713 4016 8 44 -4185 4873 630 3757 1918 -1516 1374 -3121 -923 -3870 -2286 186 666 2497 -4903 -282 -2335 3172 -1842 -801 -2303 5015 1592 -1754 -281 -1681 -473 1082 -358 -3398 -822 834 2876 -4071 1103 -2005 -1461 2880 680 3696 2848 154 804 -120 -2463 -3356 747 1575 -66 -4311 -563 472 -873 5540 925 670 -2010 -5690
-2607 4318 2713 4016 8 44 -4185 4873 630 3757 1918 -1516 1374 -3121 -923 -3870 -2286 186 666 2497 -4903 -282 -2335 3172 -1842 -801 -2303 5015 1592 -1754 -281 -1681 -473 1082 -358 -3398 -822 834 2876 -4071 1103 -2005 -1461 2880 680 3696 2848 154 804 -120 -2463 -3356 747 1575 -66 -4311 -563 472 -873 5540 925 670 -2010 -5690
-2607 4318 2713 4016 8 44 -4185 4873 630 3757 1918 -1516 1374 -3121 -923 -3870 -2286 186 666 2497 -4903 -282 -2335 3172 -1842 -801 -2303 5015 1592 -1754 -281 -1681 -473 1082 -358 -3398 -822 834 2876 -4071 1103 -2005 -1461 2880 680 3696 2848 154 804 -120 -2463 -3356 747 1575 -66 -4311 -563 472 -873 5540 925 670 -2010 -5690
-2607 4318 2713 4016 8 44 -4185 4873 630 3757 1918 -1516 1374 -3121 -923 -3870 -2286 186 666 2497 -4903 -282 -2335 3172 -1842 -801 -2303 5015 1592 -1754 -281 -1681 -473 1082 -358 -3398 -822 834 2876 -4071 1103 -2005 -1461 2880 680 3696 2848 154 804 -120 -2463 -3356 747 1575 -66 -4311 -563 472 -873 5540 925 670 -2010 -5690
-2607 4318 2713 4016 8 44 -4185 4873 630 3757 1918 -1516 1374 -3121 -923 -3870 -2286 186 666 2497 -4903 -282 -2335 3172 -1842 -801 -2303 5015 1592 -1754 -281 -1681 -473 1082 -358 -3398 -822 834 2876 -4071 1103 -2005 -1461 2880 680 3696 2848 154 804 -120 -2463 -3356 747 1575 -66 -4311 -563 472 -873 5540 925 670 -2010 -5690
-3161 3970 3006 4791 -431 -1377 -4154 4422 1612 4155 842 -575 2535 -2228 -1243 -3159 -1491 198 1148 1861 -4166 162 -1602 1823 -113 -153 -3135 4796 1782 -1330 1439 -2297 -102 1078 -915 -3172 1157 -22 1675 -3386 1555 -2133 -860 1546 991 2183 2554 1812 162 -968 -2197 -3252 333 2254 321 -3584 -742 -295 -854 4724 853 1428 -2365 -4495
-1296 4301 2241 3561 -1392 -1578 -2942 3526 662 3269 1631 -1113 1591 -1270 -902 -4044 -1817 320 2443 1716 -5388 740 -729 3272 -1247 -104 -3162 4378 2409 -1451 -71 -1327 83 493 -1450 -3952 -665 1605 2864 -3636 1132 -2306 -2200 2603 1274 3300 3260 1582 348 -261 -2233 -3301 832 915 485 -5458 -708 -1144 395 5857 1490 1045 -556 -4478
-2607 4318 2713 4016 8 44 -4185 4873 630 3757 1918 -1516 1374 -3121 -923 -3870 -2286 186 666 2497 -4903 -282 -2335 3172 -1842 -801 -2303 5015 1592 -1754 -281 -1681 -473 1082 -358 -3398 -822 834 2876 -4071 1103 -2005 -1461 2880 680 3696 2848 154 804 -120 -2463 -3356 747 1575 -66 -4311 -563 472 -873 5540 925 670 -2010 -5690
-2607 4318 2713 4016 8 44 -4185 4873 630 3757 1918 -1516 1374 -3121 -923 -3870 -2286 186 666 2497 -4903 -282 -2335 3172 -1842 -801 -2303 5015 1592 -1754 -281 -1681 -473 1082 -358 -3398 -822 834 2876 -4071 1103 -2005 -1461 2880 680 3696 2848 154 804 -120 -2463 -3356 747 1575 -66 -4311 -563 472 -873 5540 925 670 -2010 -5690
-2607 4318 2713 4016 8 44 -4185 4873 630 3757 1918 -1516 1374 -3121 -923 -3870 -2286 186 666 2497 -4903 -282 -2335 3172 -1842 -801 -2303 5015 1592 -1754 -281 -1681 -473 1082 -358 -3398 -822 834 2876 -4071 1103 -2005 -1461 2880 680 3696 2848 154 804 -120 -2463 -3356 747 1575 -66 -4311 -563 472 -873 5540 925 670 -2010 -5690
-2607 4318 2713 4016 8 44 -4185 4873 630 3757 1918 -1516 1374 -3121 -923 -3870 -2286 186 666 2497 -4903 -282 -2335 3172 -1842 -801 -2303 5015 1592 -1754 -281 -1681 -473 1082 -358 -3398 -822 834 2876 -4071 1103 -2005 -1461 2880 680 3696 2848 154 804 -120 -2463 -3356 747 1575 -66 -4311 -563 472 -873 5540 925 670 -2010 -5690
-2607 4318 2713 4016 8 44 -4185 4873 630 3757 1918 -1516 1374 -3121 -923 -3870 -2286 186 666 2497 -4903 -282 -2335 3172 -1842 -801 -2303 5015 1592 -1754 -281 -1681 -473 1082 -358 -3398 -822 834 2876 -4071 1103 -2005 -1461 2880 680 3696 2848 154 804 -120 -2463 -3356 747 1575 -66 -4311 -563 472 -873 5540 925 670 -2010 -5690
-3134 3393 1880 4467 755 1985 -2008 5522 1916 4758 1954 -427 1502 -5775 -646 -1289 -1216 550 -742 2086 -592 -1239 -2303 2292 -55 -1297 -276 4917 1181 3 -963 -422 471 1207 2681 -4775 647 -1134 5714 -4856 2146 -1646 1047 1996 241 1700 -391 -1794 332 -2594 -3002 -1728 -74 1912 -778 -1300 -802 3681 -885 4627 -1731 1292 -2477 -7031
-2780 294 797 3584 1776 593 -1031 3833 3522 3774 452 -1172 -2168 -6274 -254 -108 -4346 718 -1012 -862 -769 -3721 -3167 2106 4511 -1624 953 2373 -3444 -1137 -2020 1458 1395 -1517 2771 -4838 -1030 -3365 7100 -2296 641 -848 1198 1138 -3852 901 -2351 -2232 1450 -1684 -2016 -1133 445 2309 -1327 -50 -593 2856 -2865 3220 -3343 488 -720 -5507
-1585 -1164 1983 3426 1443 953 -1804 2831 2963 2877 1816 -2707 -2282 -4469 -572 -1669 -3877 831 -59 -1530 -439 -3884 -3965 2522 4359 -2603 292 1812 -3179 -1843 -1728 1619 1099 -1536 2634 -2881 -2276 -3709 6333 -1674 -1215 -1471 821 1499 -1740 2606 -2939 -2829 1982 -696 -1876 -262 900 2920 -2438 -464 287 1302 -2996 3204 -3265 -560 -1217 -4746
-3125 -566 1812 2815 1251 -613 -676 3083 4929 4114 -288 -1410 -1503 -3406 68 616 -4831 493 -379 -3274 231 -3763 -2218 35 8176 -1752 -162 951 -3661 -1699 1713 945 1778 -272 1948 -2193 633 -4307 4435 -564 -637 -2603 1286 -1490 -331 182 -2830 -1038 1792 -2385 -896 -1191 -1370 2947 -1744 644 -394 1273 -3660 1175 -3632 1016 -1795 -2747
-1726 2055 2928 4461 564 -1859 -4396 3298 1803 2119 3212 -3619 -945 -1918 -1361 -3873 -4373 1085 4378 -429 -5045 -3829 -2116 5286 -199 -1935 -1651 2524 374 -3366 297 -23 1675 -1728 -2023 -1490 -3137 117 1824 -3171 -2180 31 -2059 2305 -340 4010 2018 37 802 2809 -1596 -4005 1617 2677 -1136 -6352 197 -1569 -2498 5925 -199 -1493 -746 -1930
-2607 4318 2713 4016 8 44 -4185 4873 630 3757 1918 -1516 1374 -3121 -923 -3870 -2286 186 666 2497 -4903 -282 -2335 3172 -1842 -801 -2303 5015 1592 -1754 -281 -1681 -473 1082 -358 -3398 -822 834 2876 -4071 1103 -2005 -1461 2880 680 3696 2848 154 804 -120 -2463 -3356 747 1575 -66 -4311 -563 472 -873 5540 925 670 -2010 -5690
-2607 4318 2713 4016 8 44 -4185 4873 630 3757 1918 -1516 1374 -3121 -923 -3870 -2286 186 666 2497 -4903 -282 -2335 3172 -1842 -801 -2303 5015 1592 -1754 -281 -1681 -473 1082 -358 -3398 -822 834 2876 -4071 1103 -2005 -1461 2880 680 3696 2848 154 804 -120 -2463 -3356 747 1575 -66 -4311 -563 472 -873 5540 925 670 -2010 -5690
-2607 4318 2713 4016 8 44 -4185 4873 630 3757 1918 -1516 1374 -3121 -923 -3870 -2286 186 666 2497 -4903 -282 -2335 3172 -1842 -801 -2303 5015 1592 -1754 -281 -1681 -473 1082 -358 -3398 -822 834 2876 -4071 1103 -2005 -1461 2880 680 3696 2848 154 804 -120 -2463 -3356 747 1575 -66 -4311 -563 472 -873 5540 925 670 -2010 -5690
-2607 4318 2713 4016 8 44 -4185 4873 630 3757 1918 -1516 1374 -3121 -923 -3870 -2286 186 666 2497 -4903 -282 -2335 3172 -1842 -801 -2303 5015 1592 -1754 -281 -1681 -473 1082 -358 -3398 -822 834 2876 -4071 1103 -2005 -1461 2880 680 3696 2848 154 804 -120 -2463 -3356 747 1575 -66 -4311 -563 472 -873 5540 925 670 -2010 -5690
-2607 4318 2713 4016 8 44 -4185 4873 630 3757 1918 -1516 1374 -3121 -923 -3870 -2286 186 666 2497 -4903 -282 -2335 3172 -1842 -801 -2303 5015 1592 -1754 -281 -1681 -473 1082 -358 -3398 -822 834 2876 -4071 1103 -2005 -1461 2880 680 3696 2848 154 804 -120 -2463 -3356 747 1575 -66 -4311 -563 472 -873 5540 925 670 -2010 -5690
2599 2616 -3338 2685 -1980 -150 967 -340 -1205 4613 -368 415 1982 -1176 -4112 -2695 1956 -908 2398 1364 508 1942 291 -233 295 846 -880 829 -190 159 -4735 2245 -621 -1186 804 -7296 -556 -2131 9183 -2248 -626 -2789 475 3617 -486 3992 -4820 -2306 -1155 -1240 -2360 786 3422 -458 1236 -1959 -50 -2649 2502 2852 -2198 5146 1672 -6588
-3099 3989 3567 4239 407 -304 -3992 5143 1068 3684 1878 -2233 1285 -3639 -654 -3760 -2637 240 600 1854 -5173 -1216 -2520 3474 -1272 -1327 -1876 5129 1060 -1886 -366 -1753 -220 780 -218 -3125 -1289 497 3150 -3853 1374 -2034 -1605 2727 513 3485 2927 166 1002 -203 -2346 -3531 710 1849 -187 -4295 -354 567 -1226 5481 568 67 -2079 -5062
-2607 4318 2713 4016 8 44 -4185 4873 630 3757 1918 -1516 1374 -3121 -923 -3870 -2286 186 666 2497 -4903 -282 -2335 3172 -1842 -801 -2303 5015 1592 -1754 -281 -1681 -473 1082 -358 -3398 -822 834 2876 -4071 1103 -2005 -1461 2880 680 3696 2848 154 804 -120 -2463 -3356 747 1575 -66 -4311 -563 472 -873 5540 925 670 -2010 -5690
-2607 4318 2713 4016 8 44 -4185 4873 630 3757 1918 -1516 1374 -3121 -923 -3870 -2286 186 666 2497 -4903 -282 -2335 3172 -1842 -801 -2303 5015 1592 -1754 -281 -1681 -473 1082 -358 -3398 -822 834 2876 -4071 1103 -2005 -1461 2880 680 3696 2848 154 804 -120 -2463 -3356 747 1575 -66 -4311 -563 472 -873 5540 925 670 -2010 -5690
-2607 4318 2713 4016 8 44 -4185 4873 630 3757 1918 -1516 1374 -3121 -923 -3870 -2286 186 666 2497 -4903 -282 -2335 3172 -1842 -801 -2303 5015 1592 -1754 -281 -1681 -473 1082 -358 -3398 -822 834 2876 -4071 1103 -2005 -1461 2880 680 3696 2848 154 804 -120 -2463 -3356 747 1575 -66 -4311 -563 472 -873 5540 925 670 -2010 -5690
-2607 4318 2713 4016 8 44 -4185 4873 630 3757 1918 -1516 1374 -3121 -923 -3870 -2286 186 666 2497 -4903 -282 -2335 3172 -1842 -801 -2303 5015 1592 -1754 -281 -1681 -473 1082 -358 -3398 -822 834 2876 -4071 1103 -2005 -1461 2880 680 3696 2848 154 804 -120 -2463 -3356 747 1575 -66 -4311 -563 472 -873 5540 925 670 -2010 -5690
-3217 3312 3692 2753 -606 -1372 -2497 3971 2680 5065 -571 -515 3546 -849 280 -1774 -1226 -19 -624 496 -3768 1864 -275 -148 2540 8 -2342 4916 454 -1492 2246 -3369 -423 2812 -519 -1871 3503 -485 1940 -2720 2460 -3775 -1242 -875 3592 1156 1965 3019 354 -2299 -692 -2382 -543 99 1533 -2522 -1433 -220 -1511 1846 -53 3321 -2337 -2890
-1686 1307 1950 4160 335 -1535 -3991 2817 1842 2434 2115 -3780 -2397 -1630 -1525 -3232 -5583 1411 4285 -1090 -4453 -4059 -2856 5045 1595 -1514 -1536 1923 -1270 -4242 -508 985 1744 -2886 -1546 -2369 -3333 -1011 2715 -2988 -2783 227 -1205 2287 -2094 3908 1342 -195 679 3389 -1567 -4369 2468 2961 -1436 -5617 -316 -1507 -3907 5743 -1058 -1282 -21 -2000
-2607 4318 2713 4016 8 44 -4185 4873 630 3757 1918 -1516 1374 -3121 -923 -3870 -2286 186 666 2497 -4903 -282 -2335 3172 -1842 -801 -2303 5015 1592 -1754 -281 -1681 -473 1082 -358 -3398 -822 834 2876 -4071 1103 -2005 -1461 2880 680 3696 2848 154 804 -120 -2463 -3356 747 1575 -66 -4311 -563 472 -873 5540 925 670 -2010 -5690
-2607 4318 2713 4016 8 44 -4185 4873 630 3757 1918 -1516 1374 -3121 -923 -3870 -2286 186 666 2497 -4903 -282 -2335 3172 -1842 -801 -2303 5015 1592 -1754 -281 -1681 -473 1082 -358 -3398 -822 834 2876 -4071 1103 -2005 -1461 2880 680 3696 2848 154 804 -120 -2463 -3356 747 1575 -66 -4311 -563 472 -873 5540 925 670 -2010 -5690
-2607 4318 2713 4016 8 44 -4185 4873 630 3757 1918 -1516 1374 -3121 -923 -3870 -2286 186 666 2497 -4903 -282 -2335 3172 -1842 -801 -2303 5015 1592 -1754 -281 -1681 -473 1082 -358 -3398 -822 834 2876 -4071 1103 -2005 -1461 2880 680 3696 2848 154 804 -120 -2463 -3356 747 1575 -66 -4311 -563 472 -873 5540 925 670 -2010 -5690
-2607 4318 2713 4016 8 44 -4185 4873 630 3757 1918 -1516 1374 -3121 -923 -3870 -2286 186 666 2497 -4903 -282 -2335 3172 -1842 -801 -2303 5015 1592 -1754 -281 -1681 -473 1082 -358 -3398 -822 834 2876 -4071 1103 -2005 -1461 2880 680 3696 2848 154 804 -120 -2463 -3356 747 1575 -66 -4311 -563 472 -873 5540 925 670 -2010 -5690
-3129 4142 2655 4276 -156 -844 -4148 5048 1636 4092 1291 -919 1548 -2821 -670 -3207 -2469 216 622 2021 -4616 -226 -1865 2562 -287 -542 -2627 4753 1701 -1479 1258 -1828 -264 1188 -552 -3336 406 295 2158 -3472 1227 -2090 -1046 1866 1187 2662 2815 1203 921 -910 -2304 -3246 94 1895 -198 -3779 -704 422 -999 5225 1022 1114 -2414 -5109
2195 2368 -5694 2641 -2828 -806 -357 -360 -821 3150 363 -10 -2840 -111 -3626 -2301 -2586 667 4649 714 -600 -382 -692 2458 1196 1867 -1870 -1912 -279 -2669 -2693 5219 868 -4154 -1505 -6720 -2840 -1281 6067 -1824 -3990 275 719 3635 -2532 3620 -3870 -2138 -716 2435 -2971 -1822 3450 1387 -900 -4306 -613 -2771 715 5368 -1465 3201 1918 -4888
-2769 4247 2843 4087 150 -158 -4141 4995 769 3796 1824 -1659 1361 -3358 -857 -3782 -2391 169 563 2373 -5054 -553 -2405 3258 -1677 -920 -2159 5074 1388 -1852 -318 -1662 -360 944 -347 -3403 -933 709 3035 -3947 1267 -1953 -1530 2812 530 3537 2842 253 872 -126 -2461 -3399 789 1618 -19 -4316 -545 538 -921 5519 844 597 -1999 -5493
-2607 4318 2713 4016 8 44 -4185 4873 630 3757 1918 -1516 1374 -3121 -923 -3870 -2286 186 666 2497 -4903 -282 -2335 3172 -1842 -801 -2303 5015 1592 -1754 -281 -1681 -473 1082 -358 -3398 -822 834 2876 -4071 1103 -2005 -1461 2880 680 3696 2848 154 804 -120 -2463 -3356 747 1575 -66 -4311 -563 472 -873 5540 925 670 -2010 -5690
-2607 4318 2713 4016 8 44 -4185 4873 630 3757 1918 -1516 1374 -3121 -923 -3870 -2286 186 666 2497 -4903 -282 -2335 3172 -1842 -801 -2303 5015 1592 -1754 -281 -1681 -473 1082 -358 -3398 -822 834 2876 -4071 1103 -2005 -1461 2880 680 3696 2848 154 804 -120 -2463 -3356 747 1575 -66 -4311 -563 472 -873 5540 925 670 -2010 -5690
-2607 4318 2713 4016 8 44 -4185 4873 630 3757 1918 -1516 1374 -3121 -923 -3870 -2286 186 666 2497 -4903 -282 -2335 3172 -1842 -801 -2303 5015 1592 -1754 -281 -1681 -473 1082 -358 -3398 -822 834 2876 -4071 1103 -2005 -1461 2880 680 3696 2848 154 804 -120 -2463 -3356 747 1575 -66 -4311 -563 472 -873 5540 925 670 -2010 -5690
-2607 4318 2713 4016 8 44 -4185 4873 630 3757 1918 -1516 1374 -3121 -923 -3870 -2286 186 666 2497 -4903 -282 -2335 3172 -1842 -801 -2303 5015 1592 -1754 -281 -1681 -473 1082 -358 -3398 -822 834 2876 -4071 1103 -2005 -1461 2880 680 3696 2848 154 804 -120 -2463 -3356 747 1575 -66 -4311 -563 472 -873 5540 925 670 -2010 -5690
-1627 1967 2118 1645 1322 2229 -1253 4697 2523 4689 1163 -338 830 -4794 1164 -734 -1920 -1 -3412 1553 -2129 372 -1349 1663 1617 -1809 664 4881 49 -861 -433 -592 -197 2937 2540 -2597 1598 -858 6044 -3344 2042 -3090 -115 503 3147 1541 -1003 -1139 2279 -3097 -2027 99 -549 -996 -593 -1108 -385 3170 -1566 2061 -1607 2119 -2067 -6543
-2101 1270 2700 4152 507 -1041 -4170 3114 1732 3216 1394 -4236 -1906 -2428 -1478 -2696 -5157 1379 2527 -1310 -3742 -4735 -4068 4235 2419 -2208 -1526 2335 -2246 -4814 -623 1240 1149 -2385 -1031 -2243 -3798 -1553 3375 -2233 -1726 -778 -1073 2302 -2088 3620 -112 -778 333 3059 -1744 -4414 2576 3457 -1644 -4363 -104 -1361 -3659 5366 -1326 -1181 -1067 -2057
-2607 4318 2713 4016 8 44 -4185 4873 630 3757 1918 -1516 1374 -3121 -923 -3870 -2286 186 666 2497 -4903 -282 -2335 3172 -1842 -801 -2303 5015 1592 -1754 -281 -1681 -473 1082 -358 -3398 -822 834 2876 -4071 1103 -2005 -1461 2880 680 3696 2848 154 804 -120 -2463 -3356 747 1575 -66 -4311 -563 472 -873 5540 925 670 -2010 -5690
-2607 4318 2713 4016 8 44 -4185 4873 630 3757 1918 -1516 1374 -3121 -923 -3870 -2286 186 666 2497 -4903 -282 -2335 3172 -1842 -801 -2303 5015 1592 -1754 -281 -1681 -473 1082 -358 -3398 -822 834 2876 -4071 1103 -2005 -1461 2880 680 3696 2848 154 804 -120 -2463 -3356 747 1575 -66 -4311 -563 472 -873 5540 925 670 -2010 -5690
-2607 4318 2713 4016 8 44 -4185 4873 630 3757 1918 -1516 1374 -3121 -923 -3870 -2286 186 666 2497 -4903 -282 -2335 3172 -1842 -801 -2303 5015 1592 -1754 -281 -1681 -473 1082 -358 -3398 -822 834 2876 -4071 1103 -2005 -1461 2880 680 3696 2848 154 804 -120 -2463 -3356 747 1575 -66 -4311 -563 472 -873 5540 925 670 -2010 -5690
