-5371 -172 4227 5324 124 310 -2820 2553 1593 2985 2812 -2796 77 -5749 -5019 -8163 -1882 -1470 494 -4347 -7187 -198 -4933 3573 -5372 1080 -3231 3863 4473 -1947 -967 -1233 -11 2327 -102 217 -2590 1982 7905 -2646 1263 -4254 -1719 3337 2457 2438 -1639 540 276 -1413 -2932 1409 -449 598 -612 -5665 2212 -1704 -2121 9977 101 -1867 -1993 -1747
-843 -2176 3838 4097 7359 -2067 -6005 2085 6102 1693 796 -3240 -3318 -1441 -1958 -8710 -6021 235 -4053 -2513 -10272 -4446 -4941 -144 -8306 1396 -3451 -86 3342 -1976 -2460 1148 4370 2905 -728 -254 -4972 2893 4941 -6479 3305 -4205 2172 4403 602 6129 -4214 913 -39 565 -368 -1081 -3010 -3505 103 -659 194 3042 2499 14090 -113 -4167 -1081 -3298
-843 -2176 3838 4097 7359 -2067 -6005 2085 6102 1693 796 -3240 -3318 -1441 -1958 -8710 -6021 235 -4053 -2513 -10272 -4446 -4941 -144 -8306 1396 -3451 -86 3342 -1976 -2460 1148 4370 2905 -728 -254 -4972 2893 4941 -6479 3305 -4205 2172 4403 602 6129 -4214 913 -39 565 -368 -1081 -3010 -3505 103 -659 194 3042 2499 14090 -113 -4167 -1081 -3298
-843 -2176 3838 4097 7359 -2067 -6005 2085 6102 1693 796 -3240 -3318 -1441 -1958 -8710 -6021 235 -4053 -2513 -10272 -4446 -4941 -144 -8306 1396 -3451 -86 3342 -1976 -2460 1148 4370 2905 -728 -254 -4972 2893 4941 -6479 3305 -4205 2172 4403 602 6129 -4214 913 -39 565 -368 -1081 -3010 -3505 103 -659 194 3042 2499 14090 -113 -4167 -1081 -3298
-843 -2176 3838 4097 7359 -2067 -6005 2085 6102 1693 796 -3240 -3318 -1441 -1958 -8710 -6021 235 -4053 -2513 -10272 -4446 -4941 -144 -8306 1396 -3451 -86 3342 -1976 -2460 1148 4370 2905 -728 -254 -4972 2893 4941 -6479 3305 -4205 2172 4403 602 6129 -4214 913 -39 565 -368 -1081 -3010 -3505 103 -659 194 3042 2499 14090 -113 -4167 -1081 -3298
-843 -2176 3838 4097 7359 -2067 -6005 2085 6102 1693 796 -3240 -3318 -1441 -1958 -8710 -6021 235 -4053 -2513 -10272 -4446 -4941 -144 -8306 1396 -3451 -86 3342 -1976 -2460 1148 4370 2905 -728 -254 -4972 2893 4941 -6479 3305 -4205 2172 4403 602 6129 -4214 913 -39 565 -368 -1081 -3010 -3505 103 -659 194 3042 2499 14090 -113 -4167 -1081 -3298
-843 -2176 3838 4097 7359 -2067 -6005 2085 6102 1693 796 -3240 -3318 -1441 -1958 -8710 -6021 235 -4053 -2513 -10272 -4446 -4941 -144 -8306 1396 -3451 -86 3342 -1976 -2460 1148 4370 2905 -728 -254 -4972 2893 4941 -6479 3305 -4205 2172 4403 602 6129 -4214 913 -39 565 -368 -1081 -3010 -3505 103 -659 194 3042 2499 14090 -113 -4167 -1081 -3298
-843 -2176 3838 4097 7359 -2067 -6005 2085 6102 1693 796 -3240 -3318 -1441 -1958 -8710 -6021 235 -4053 -2513 -10272 -4446 -4941 -144 -8306 1396 -3451 -86 3342 -1976 -2460 1148 4370 2905 -728 -254 -4972 2893 4941 -6479 3305 -4205 2172 4403 602 6129 -4214 913 -39 565 -368 -1081 -3010 -3505 103 -659 194 3042 2499 14090 -113 -4167 -1081 -3298
-843 -2176 3838 4097 7359 -2067 -6005 2085 6102 1693 796 -3240 -3318 -1441 -1958 -8710 -6021 235 -4053 -2513 -10272 -4446 -4941 -144 -8306 1396 -3451 -86 3342 -1976 -2460 1148 4370 2905 -728 -254 -4972 2893 4941 -6479 3305 -4205 2172 4403 602 6129 -4214 913 -39 565 -368 -1081 -3010 -3505 103 -659 194 3042 2499 14090 -113 -4167 -1081 -3298
-775 -1990 5742 4326 6504 -1189 -5286 1658 5834 1409 2091 -3050 -3334 -3101 -3889 -8295 -6673 1905 -3546 -152 -9514 -4134 -5251 -320 -9046 1748 -4000 1856 5464 -2129 -2563 -916 2086 2282 -338 -1057 -6311 3247 4424 -6705 1651 -4933 1811 5408 1630 6403 -3891 -746 -741 2219 -1505 -364 -2407 -4213 1475 -274 1898 2039 1421 16110 1624 -4667 187 -5383
673 -3185 3591 4563 5924 -782 -3691 2878 5497 1569 1429 -3218 -2902 -3119 -3685 -7713 -6078 841 -5937 -1890 -9363 -3194 -2768 -741 -6981 4200 -4067 1050 4163 -2033 -3921 531 3145 3120 2466 1321 -5875 1950 4168 -5152 2376 -5293 1742 5709 1063 4464 -3068 1060 2739 98 -669 -1275 -1201 -3639 2285 -256 -857 1963 2012 13898 355 -3299 -5 -3493
-843 -2176 3838 4097 7359 -2067 -6005 2085 6102 1693 796 -3240 -3318 -1441 -1958 -8710 -6021 235 -4053 -2513 -10272 -4446 -4941 -144 -8306 1396 -3451 -86 3342 -1976 -2460 1148 4370 2905 -728 -254 -4972 2893 4941 -6479 3305 -4205 2172 4403 602 6129 -4214 913 -39 565 -368 -1081 -3010 -3505 103 -659 194 3042 2499 14090 -113 -4167 -1081 -3298
-843 -2176 3838 4097 7359 -2067 -6005 2085 6102 1693 796 -3240 -3318 -1441 -1958 -8710 -6021 235 -4053 -2513 -10272 -4446 -4941 -144 -8306 1396 -3451 -86 3342 -1976 -2460 1148 4370 2905 -728 -254 -4972 2893 4941 -6479 3305 -4205 2172 4403 602 6129 -4214 913 -39 565 -368 -1081 -3010 -3505 103 -659 194 3042 2499 14090 -113 -4167 -1081 -3298
-843 -2176 3838 4097 7359 -2067 -6005 2085 6102 1693 796 -3240 -3318 -1441 -1958 -8710 -6021 235 -4053 -2513 -10272 -4446 -4941 -144 -8306 1396 -3451 -86 3342 -1976 -2460 1148 4370 2905 -728 -254 -4972 2893 4941 -6479 3305 -4205 2172 4403 602 6129 -4214 913 -39 565 -368 -1081 -3010 -3505 103 -659 194 3042 2499 14090 -113 -4167 -1081 -3298
-843 -2176 3838 4097 7359 -2067 -6005 2085 6102 1693 796 -3240 -3318 -1441 -1958 -8710 -6021 235 -4053 -2513 -10272 -4446 -4941 -144 -8306 1396 -3451 -86 3342 -1976 -2460 1148 4370 2905 -728 -254 -4972 2893 4941 -6479 3305 -4205 2172 4403 602 6129 -4214 913 -39 565 -368 -1081 -3010 -3505 103 -659 194 3042 2499 14090 -113 -4167 -1081 -3298
-843 -2176 3838 4097 7359 -2067 -6005 2085 6102 1693 796 -3240 -3318 -1441 -1958 -8710 -6021 235 -4053 -2513 -10272 -4446 -4941 -144 -8306 1396 -3451 -86 3342 -1976 -2460 1148 4370 2905 -728 -254 -4972 2893 4941 -6479 3305 -4205 2172 4403 602 6129 -4214 913 -39 565 -368 -1081 -3010 -3505 103 -659 194 3042 2499 14090 -113 -4167 -1081 -3298
-2985 -354 3130 4690 3884 -3295 -6392 321 2384 2409 722 -2194 -4035 -2687 -1330 -8710 -3912 134 -365 -1976 -8559 -4456 -7406 778 -6730 -1726 -4634 2110 3717 -1585 931 -937 4705 501 -4237 -2682 -3608 3503 6361 -5138 1867 -1357 -1286 5312 1319 5714 -2692 935 -1846 283 -1268 1615 -3496 -712 -1266 -1741 2257 948 -119 11127 -630 -5197 -98 -1692
-7266 1769 5274 4423 2264 -490 -4099 -2619 1395 3066 1429 -2337 -560 -1267 -825 -7441 -2245 -1939 3273 -4989 -7022 -716 -6356 2884 -4365 -5069 -5855 2240 2436 -1071 3151 -3532 4507 1081 -3959 -47 -1021 3702 9673 -4418 1730 -1417 -2294 1480 1747 6515 -1295 5922 -3103 -3343 -2437 2625 -2142 2193 -4387 -5119 3504 -1576 -3006 9843 -968 -3798 -2019 2325
-7729 2250 4906 3041 2852 1215 -4157 -1492 774 3359 1987 -1067 2158 -2215 -1469 -7619 -2337 -2071 2706 -6636 -5527 -1101 -6136 3839 -4173 -5211 -3392 2551 4144 -1507 1680 -1281 5208 1383 -6597 829 -298 2323 11240 -4350 3124 245 -1647 492 1723 5770 1570 5637 -2777 -4242 -1116 2262 -2445 2312 -3988 -6894 2541 -53 -3271 10628 -927 -2155 -2705 2718
-9257 1206 7597 3600 1103 705 -3918 -1701 1375 2654 2871 -2359 1759 -4964 -3785 -6396 -4039 -918 5126 -4129 -3608 -166 -8311 2455 -3849 -5846 -4144 5447 5074 -513 3116 -3561 714 455 -5359 1306 -1573 3676 10306 -3632 -520 -1062 -3086 2800 2284 4888 2156 3330 -3298 -3022 -4715 2076 -2058 -443 -1235 -6894 6365 -2160 -6774 13307 -71 -3243 -2808 1677
-4460 -1020 7150 1884 4470 732 -3386 295 3807 1396 3725 -2179 2074 -2854 -3014 -9725 -4583 -2079 -5588 -4750 -9496 -1634 -4328 3884 -5272 3839 -3153 -1589 3190 -2532 -1980 757 3102 3796 1649 3187 -1683 814 4508 -4559 5618 -3487 2275 504 2145 6637 -1925 4122 4654 -2802 -1604 1302 -3143 -1401 -149 -3450 -1250 3852 -12 11780 1309 1060 -2799 -855
-843 -2176 3838 4097 7359 -2067 -6005 2085 6102 1693 796 -3240 -3318 -1441 -1958 -8710 -6021 235 -4053 -2513 -10272 -4446 -4941 -144 -8306 1396 -3451 -86 3342 -1976 -2460 1148 4370 2905 -728 -254 -4972 2893 4941 -6479 3305 -4205 2172 4403 602 6129 -4214 913 -39 565 -368 -1081 -3010 -3505 103 -659 194 3042 2499 14090 -113 -4167 -1081 -3298
-843 -2176 3838 4097 7359 -2067 -6005 2085 6102 1693 796 -3240 -3318 -1441 -1958 -8710 -6021 235 -4053 -2513 -10272 -4446 -4941 -144 -8306 1396 -3451 -86 3342 -1976 -2460 1148 4370 2905 -728 -254 -4972 2893 4941 -6479 3305 -4205 2172 4403 602 6129 -4214 913 -39 565 -368 -1081 -3010 -3505 103 -659 194 3042 2499 14090 -113 -4167 -1081 -3298
-843 -2176 3838 4097 7359 -2067 -6005 2085 6102 1693 796 -3240 -3318 -1441 -1958 -8710 -6021 235 -4053 -2513 -10272 -4446 -4941 -144 -8306 1396 -3451 -86 3342 -1976 -2460 1148 4370 2905 -728 -254 -4972 2893 4941 -6479 3305 -4205 2172 4403 602 6129 -4214 913 -39 565 -368 -1081 -3010 -3505 103 -659 194 3042 2499 14090 -113 -4167 -1081 -3298
-843 -2176 3838 4097 7359 -2067 -6005 2085 6102 1693 796 -3240 -3318 -1441 -1958 -8710 -6021 235 -4053 -2513 -10272 -4446 -4941 -144 -8306 1396 -3451 -86 3342 -1976 -2460 1148 4370 2905 -728 -254 -4972 2893 4941 -6479 3305 -4205 2172 4403 602 6129 -4214 913 -39 565 -368 -1081 -3010 -3505 103 -659 194 3042 2499 14090 -113 -4167 -1081 -3298
-843 -2176 3838 4097 7359 -2067 -6005 2085 6102 1693 796 -3240 -3318 -1441 -1958 -8710 -6021 235 -4053 -2513 -10272 -4446 -4941 -144 -8306 1396 -3451 -86 3342 -1976 -2460 1148 4370 2905 -728 -254 -4972 2893 4941 -6479 3305 -4205 2172 4403 602 6129 -4214 913 -39 565 -368 -1081 -3010 -3505 103 -659 194 3042 2499 14090 -113 -4167 -1081 -3298
-263 1587 -563 7072 -743 -1417 -1801 5213 789 3488 2147 -1293 947 -6080 -1304 -6769 -841 333 -998 -6781 -5262 -2710 -3012 -41 -3038 2040 -2513 6041 6170 -946 -2876 -1319 4085 3443 -2536 -2731 -3561 418 8319 -1675 1191 -1619 -2745 4118 2633 1007 798 1768 -1235 1104 -1045 -1300 884 2124 -1759 -6498 1321 -4375 -437 10426 -3571 -2675 992 -1544
-1999 -1873 4630 3807 7073 -1616 -5649 1210 5553 1272 1101 -3033 -2574 -1029 -2038 -8597 -5834 157 -3637 -2473 -9641 -3565 -5252 813 -8339 797 -3576 -358 3425 -2437 -1565 1091 4036 3541 -510 363 -4008 2265 4758 -6284 3028 -3955 1755 3731 839 6395 -4297 1570 -365 8 -72 -834 -3562 -3055 238 -718 124 3143 2089 13811 -130 -3907 -1973 -2700
-843 -2176 3838 4097 7359 -2067 -6005 2085 6102 1693 796 -3240 -3318 -1441 -1958 -8710 -6021 235 -4053 -2513 -10272 -4446 -4941 -144 -8306 1396 -3451 -86 3342 -1976 -2460 1148 4370 2905 -728 -254 -4972 2893 4941 -6479 3305 -4205 2172 4403 602 6129 -4214 913 -39 565 -368 -1081 -3010 -3505 103 -659 194 3042 2499 14090 -113 -4167 -1081 -3298
-843 -2176 3838 4097 7359 -2067 -6005 2085 6102 1693 796 -3240 -3318 -1441 -1958 -8710 -6021 235 -4053 -2513 -10272 -4446 -4941 -144 -8306 1396 -3451 -86 3342 -1976 -2460 1148 4370 2905 -728 -254 -4972 2893 4941 -6479 3305 -4205 2172 4403 602 6129 -4214 913 -39 565 -368 -1081 -3010 -3505 103 -659 194 3042 2499 14090 -113 -4167 -1081 -3298
-843 -2176 3838 4097 7359 -2067 -6005 2085 6102 1693 796 -3240 -3318 -1441 -1958 -8710 -6021 235 -4053 -2513 -10272 -4446 -4941 -144 -8306 1396 -3451 -86 3342 -1976 -2460 1148 4370 2905 -728 -254 -4972 2893 4941 -6479 3305 -4205 2172 4403 602 6129 -4214 913 -39 565 -368 -1081 -3010 -3505 103 -659 194 3042 2499 14090 -113 -4167 -1081 -3298
-843 -2176 3838 4097 7359 -2067 -6005 2085 6102 1693 796 -3240 -3318 -1441 -1958 -8710 -6021 235 -4053 -2513 -10272 -4446 -4941 -144 -8306 1396 -3451 -86 3342 -1976 -2460 1148 4370 2905 -728 -254 -4972 2893 4941 -6479 3305 -4205 2172 4403 602 6129 -4214 913 -39 565 -368 -1081 -3010 -3505 103 -659 194 3042 2499 14090 -113 -4167 -1081 -3298
-2908 -1723 5816 7170 4282 -3036 -5692 2025 6799 241 334 -4367 -2939 -5207 -5517 -7014 -8605 3124 -1106 1152 -8031 -1828 -6821 54 -6376 -191 -2538 5562 7059 -1217 -1112 -454 -1966 1588 -1946 441 -5875 3069 4418 -3662 -2379 -4898 178 5788 677 3516 -1792 -3165 -2623 651 -3795 -1074 -2268 -4658 3214 -644 4624 534 188 16998 1435 -5309 -950 -4743
-5491 58 7422 2800 4408 2056 -3677 -461 3278 2515 2956 -1632 3266 -2053 -2966 -8343 -3616 -3251 -3367 -6411 -9783 -676 -3627 4646 -5036 2331 -4215 -839 2319 -1299 -2135 -1168 3444 2778 885 3946 -729 1127 7021 -4599 5948 -3899 1949 -968 1996 6700 -1680 5680 3883 -4246 -3031 2588 -1608 167 -1671 -5031 -130 1949 -959 10889 2049 1625 -3664 -598
-843 -2176 3838 4097 7359 -2067 -6005 2085 6102 1693 796 -3240 -3318 -1441 -1958 -8710 -6021 235 -4053 -2513 -10272 -4446 -4941 -144 -8306 1396 -3451 -86 3342 -1976 -2460 1148 4370 2905 -728 -254 -4972 2893 4941 -6479 3305 -4205 2172 4403 602 6129 -4214 913 -39 565 -368 -1081 -3010 -3505 103 -659 194 3042 2499 14090 -113 -4167 -1081 -3298
-843 -2176 3838 4097 7359 -2067 -6005 2085 6102 1693 796 -3240 -3318 -1441 -1958 -8710 -6021 235 -4053 -2513 -10272 -4446 -4941 -144 -8306 1396 -3451 -86 3342 -1976 -2460 1148 4370 2905 -728 -254 -4972 2893 4941 -6479 3305 -4205 2172 4403 602 6129 -4214 913 -39 565 -368 -1081 -3010 -3505 103 -659 194 3042 2499 14090 -113 -4167 -1081 -3298
-843 -2176 3838 4097 7359 -2067 -6005 2085 6102 1693 796 -3240 -3318 -1441 -1958 -8710 -6021 235 -4053 -2513 -10272 -4446 -4941 -144 -8306 1396 -3451 -86 3342 -1976 -2460 1148 4370 2905 -728 -254 -4972 2893 4941 -6479 3305 -4205 2172 4403 602 6129 -4214 913 -39 565 -368 -1081 -3010 -3505 103 -659 194 3042 2499 14090 -113 -4167 -1081 -3298
-843 -2176 3838 4097 7359 -2067 -6005 2085 6102 1693 796 -3240 -3318 -1441 -1958 -8710 -6021 235 -4053 -2513 -10272 -4446 -4941 -144 -8306 1396 -3451 -86 3342 -1976 -2460 1148 4370 2905 -728 -254 -4972 2893 4941 -6479 3305 -4205 2172 4403 602 6129 -4214 913 -39 565 -368 -1081 -3010 -3505 103 -659 194 3042 2499 14090 -113 -4167 -1081 -3298
-940 -2590 5027 3940 6891 -1345 -5994 1514 6239 1489 1685 -3396 -3617 -2615 -3026 -8489 -6931 986 -3514 -1358 -9542 -4285 -5535 -365 -8790 1222 -3983 986 4233 -1880 -2410 -290 2828 2049 -723 -240 -5807 3529 4503 -6789 2201 -4578 1323 5242 826 6468 -3741 -40 -308 1251 -1644 -937 -2709 -4777 1129 -260 1579 2521 1396 14915 898 -5018 -556 -4263
230 532 1289 4722 -616 1188 -1477 3883 306 5131 2802 -1011 2570 -6099 -1489 -7070 -639 -3512 -2211 -10159 -7195 -3333 -847 1507 -2156 4683 -4590 3836 3449 492 -5939 -3727 5319 995 940 -531 -2986 1581 8964 -3413 5718 -3433 -2374 3647 3526 3985 1155 4409 4307 -1202 -3786 -21 3630 1877 -1978 -8797 -180 -4313 -1684 8460 -955 -81 722 -118
-1098 -2015 4098 4076 7146 -1992 -5855 1774 5966 1583 882 -3291 -3128 -1235 -1913 -8721 -6036 163 -3895 -2472 -10141 -4142 -5029 128 -8329 1204 -3567 -109 3317 -2202 -2177 990 4242 3118 -498 -92 -4686 2760 4770 -6493 3214 -4240 1948 4207 664 6338 -4300 1153 -240 426 -385 -1035 -3167 -3370 156 -661 153 2941 2461 14022 -139 -4201 -1283 -3069
-843 -2176 3838 4097 7359 -2067 -6005 2085 6102 1693 796 -3240 -3318 -1441 -1958 -8710 -6021 235 -4053 -2513 -10272 -4446 -4941 -144 -8306 1396 -3451 -86 3342 -1976 -2460 1148 4370 2905 -728 -254 -4972 2893 4941 -6479 3305 -4205 2172 4403 602 6129 -4214 913 -39 565 -368 -1081 -3010 -3505 103 -659 194 3042 2499 14090 -113 -4167 -1081 -3298
-843 -2176 3838 4097 7359 -2067 -6005 2085 6102 1693 796 -3240 -3318 -1441 -1958 -8710 -6021 235 -4053 -2513 -10272 -4446 -4941 -144 -8306 1396 -3451 -86 3342 -1976 -2460 1148 4370 2905 -728 -254 -4972 2893 4941 -6479 3305 -4205 2172 4403 602 6129 -4214 913 -39 565 -368 -1081 -3010 -3505 103 -659 194 3042 2499 14090 -113 -4167 -1081 -3298
-843 -2176 3838 4097 7359 -2067 -6005 2085 6102 1693 796 -3240 -3318 -1441 -1958 -8710 -6021 235 -4053 -2513 -10272 -4446 -4941 -144 -8306 1396 -3451 -86 3342 -1976 -2460 1148 4370 2905 -728 -254 -4972 2893 4941 -6479 3305 -4205 2172 4403 602 6129 -4214 913 -39 565 -368 -1081 -3010 -3505 103 -659 194 3042 2499 14090 -113 -4167 -1081 -3298
-843 -2176 3838 4097 7359 -2067 -6005 2085 6102 1693 796 -3240 -3318 -1441 -1958 -8710 -6021 235 -4053 -2513 -10272 -4446 -4941 -144 -8306 1396 -3451 -86 3342 -1976 -2460 1148 4370 2905 -728 -254 -4972 2893 4941 -6479 3305 -4205 2172 4403 602 6129 -4214 913 -39 565 -368 -1081 -3010 -3505 103 -659 194 3042 2499 14090 -113 -4167 -1081 -3298
-4834 -991 2630 6381 2058 -5190 -7173 560 4547 825 -531 -4340 -4498 -3449 -2124 -9334 -5809 221 801 -2610 -7584 -2481 -7738 890 -3504 -3105 -1770 4233 3664 -591 1687 2032 2257 578 -6260 63 -3470 4591 6437 -3377 -154 -650 -2131 4348 -661 3309 -431 -154 -3679 -1130 -2417 -646 -4189 -2711 -1009 -2764 4184 847 -35 11279 -1396 -5238 -1422 1501
-6246 1087 7627 3457 5377 1549 -4526 -462 2267 2209 2602 -2247 3506 -509 -2308 -8037 -3757 -3531 -979 -6754 -8567 -1778 -4136 5002 -6196 235 -4428 -247 3125 -2289 -1102 -1472 3821 3219 -968 3160 -528 622 8903 -6072 5787 -3109 1541 -1807 2684 7215 -1762 4551 1509 -3718 -2193 2028 -1791 1111 -2033 -6223 -155 1502 -950 12053 1597 547 -4593 -386
-843 -2176 3838 4097 7359 -2067 -6005 2085 6102 1693 796 -3240 -3318 -1441 -1958 -8710 -6021 235 -4053 -2513 -10272 -4446 -4941 -144 -8306 1396 -3451 -86 3342 -1976 -2460 1148 4370 2905 -728 -254 -4972 2893 4941 -6479 3305 -4205 2172 4403 602 6129 -4214 913 -39 565 -368 -1081 -3010 -3505 103 -659 194 3042 2499 14090 -113 -4167 -1081 -3298
-843 -2176 3838 4097 7359 -2067 -6005 2085 6102 1693 796 -3240 -3318 -1441 -1958 -8710 -6021 235 -4053 -2513 -10272 -4446 -4941 -144 -8306 1396 -3451 -86 3342 -1976 -2460 1148 4370 2905 -728 -254 -4972 2893 4941 -6479 3305 -4205 2172 4403 602 6129 -4214 913 -39 565 -368 -1081 -3010 -3505 103 -659 194 3042 2499 14090 -113 -4167 -1081 -3298
-843 -2176 3838 4097 7359 -2067 -6005 2085 6102 1693 796 -3240 -3318 -1441 -1958 -8710 -6021 235 -4053 -2513 -10272 -4446 -4941 -144 -8306 1396 -3451 -86 3342 -1976 -2460 1148 4370 2905 -728 -254 -4972 2893 4941 -6479 3305 -4205 2172 4403 602 6129 -4214 913 -39 565 -368 -1081 -3010 -3505 103 -659 194 3042 2499 14090 -113 -4167 -1081 -3298
