-16 313 -191 -150 -105 -361 241 241 229 207 -38 227 24 -252 311 151 -111 131 355 356 -303 150 181 126 3 193 283 -46 -246 335 131 -87 -227 274 -120 -322 -61 229 83 -127 154 -156 -338 180 220 -82 -45 -323 -188 -176 -185 105 -105 -263 195 332 15 -223 44 133 34 186 197 -45 -317 -250 -339 237 -179 -4 -313 -63 192 -211 116 -234 190 257 359 200 -54 -24 222 248 317 -245 -146 125 96 -189 22 -171 276 343 216 -358 75 163 -35 -296 215 231 35 97 316 51 -301 162 68 -73 -79 -81 117 284 -352 -82 245 -17 -91 7 -229 -225 328 -345 323 5 149 217
222 144 -82 -267 -181 -180 263 281 -194 116 -244 -28 -312 -121 -207 3 -335 -308 212 182 32 359 -351 -269 -121 -323 18 -245 -188 129 -344 -160 349 -302 -326 -8 338 -303 62 -2 161 -286 111 351 -330 195 234 -251 197 323 -195 311 310 104 146 214 -209 -82 39 127 -14 103 147 247 2 199 160 -55 -16 -200 224 -91 238 -139 -179 27 55 -362 -89 -105 -54 164 297 -93 89 145 -240 50 236 245 43 -25 -223 147 351 -150 195 292 218 288 186 70 301 -84 273 -183 9 -184 -214 154 346 -132 -334 118 174 128 28 -35 162 231 -353 19 -346 236 -314 175 -247 217
9 237 -107 -267 257 -271 -264 -247 -185 72 -234 -264 25 -187 -35 138 -100 269 201 91 258 108 -280 311 -173 -149 138 -354 -177 -78 197 -216 -107 109 107 -351 114 -84 -177 -261 241 -267 -327 -349 -313 52 -106 -108 -224 -110 -44 53 79 216 -101 334 -109 325 99 -150 -322 74 -4 274 -6 -265 300 140 -250 -44 352 303 -99 -318 -319 -290 223 286 178 -65 107 342 -38 -300 -309 150 116 -282 98 111 114 -131 -181 161 185 154 -140 -124 134 -4 6 55 116 47 74 -198 -107 -51 157 -28 136 -317 256 250 355 -1 246 347 172 284 -347 -268 307 -349 -344 248 -125 287
-152 344 65 -185 22 -132 185 189 -201 -168 -13 -197 294 -317 -307 -91 27 183 -182 -55 332 249 83 -200 -195 271 -246 -317 -74 259 -290 -41 -119 270 -41 174 -123 -250 159 -54 53 7 355 -72 -15 -315 221 -19 -298 -183 -253 261 -32 -174 238 151 124 -169 -205 46 234 -34 -16 140 105 -142 334 -267 -124 53 298 -118 -312 167 336 0 -38 241 129 -175 122 -71 -140 -223 1 245 29 -270 -360 344 157 -128 211 -216 44 71 223 340 201 21 -291 -102 -180 -210 -179 6 -53 -90 174 -45 -141 -236 -88 -4 -356 71 -302 35 -163 -82 33 73 -123 -82 -138 -319 -113 257
31 -292 -144 -215 -21 -108 -180 -95 -116 -155 -302 -221 -207 -56 -313 168 -61 -317 169 -314 131 -54 -349 256 -206 -328 -25 239 163 -57 -213 -29 -197 -194 1 -342 349 -139 176 -220 -89 -235 -180 -181 -303 10 131 -328 3 119 -253 242 89 248 172 -12 -327 -59 -160 6 -222 -187 -109 -78 -116 -249 -271 -314 -278 91 -145 356 -250 57 -29 205 62 307 75 236 -19 -257 -249 -64 18 -199 280 49 -210 236 231 -251 -54 351 -2 -120 -145 -286 -356 131 -310 155 -281 286 320 -90 -223 231 -79 -317 39 -7 111 -286 136 -100 -81 -48 -32 38 -275 237 -107 -57 141 -317 83 134
298 -154 -304 50 -4 -20 -195 4 351 -95 -355 230 -224 -24 -132 332 213 -39 -343 -184 -230 360 296 -83 -215 -265 -37 -142 -225 361 -238 251 -194 -225 -210 45 289 -188 139 311 96 109 206 -267 -48 2 250 -246 200 155 -358 -156 206 181 247 238 -359 75 -9 200 -144 296 280 16 223 -24 107 241 -218 224 -25 323 86 121 -357 -240 289 -346 292 52 253 193 -226 101 346 -263 -68 39 125 60 -264 273 158 -183 241 4 -211 -61 193 -233 -183 -263 -301 10 -173 -127 -27 127 184 -352 55 -217 -30 -324 242 -355 236 272 94 -77 -38 189 -96 276 80 -45 308 -182
-333 204 -28 -243 -348 58 -341 151 181 -312 -239 -251 282 356 5 258 288 344 295 -129 -195 294 -288 116 38 -228 -263 219 -49 137 204 -22 62 -296 -197 1 117 94 -158 83 359 1 -204 318 188 318 -214 -166 54 -340 -117 -339 -286 -208 286 -129 -310 322 291 -10 -228 215 -139 -22 -120 248 -265 50 225 111 -18 152 122 24 -65 -306 108 -197 34 -117 132 -311 58 -318 361 307 158 295 34 -349 -340 145 -123 -30 329 -338 -93 330 -143 284 -354 61 -93 -197 -27 -70 -128 -2 -107 64 -83 -345 159 232 -63 -49 125 265 -140 -126 135 96 348 121 69 101 172 329
11 -26 361 -120 -299 -197 194 -72 -240 -246 64 253 -37 -183 60 -285 -213 -66 -312 -79 131 132 71 323 -267 -173 -183 -202 321 -12 -167 323 -191 -20 103 290 -58 -181 -285 112 -71 -146 -213 -300 92 182 -358 -2 283 -189 332 -260 37 99 -70 230 2 -43 191 -87 269 119 211 83 -218 -283 269 23 279 -293 -150 -19 353 -47 81 164 -238 -308 50 234 316 -41 98 303 106 332 -326 -219 -293 -244 160 -331 -348 238 19 290 -134 16 183 -277 6 139 -219 181 -316 -225 157 220 183 51 347 -254 -103 -200 -332 112 -257 263 135 235 150 153 97 232 -339 -127 -311 304
-14 -333 -336 150 343 76 189 -302 23 -120 279 -209 -169 347 354 -177 -165 -46 -164 -127 136 -202 58 -4 -312 95 70 212 -143 333 -165 -154 -353 -17 -1 66 -229 -93 258 114 100 24 -149 64 80 -277 -155 182 -106 -282 332 -242 9 -8 -91 -178 146 172 317 96 -72 -297 -191 164 -128 145 137 -226 -354 211 -285 210 -85 -34 -208 -101 -259 -163 39 243 271 53 233 -294 227 154 -250 -20 -332 40 -60 174 313 -351 335 -115 -328 -65 -278 291 260 214 297 -328 -25 -334 -221 -115 319 -136 -173 -41 -354 161 198 303 -130 242 39 255 301 346 301 235 -231 337 12 63
-55 -287 -195 172 -93 -23 -98 253 63 355 -283 63 -287 -144 -327 -265 300 -206 231 38 -83 168 114 -187 -20 21 339 12 -44 132 52 -199 -257 313 -187 -57 166 -28 -16 -21 90 218 257 -301 198 357 -324 281 167 166 -32 64 168 -182 359 51 -176 184 272 -25 334 -317 248 -200 344 -230 -288 -222 7 152 140 41 -286 313 95 -122 145 80 52 -256 -335 -156 10 121 -153 123 -274 -142 65 -199 -140 -55 -145 42 -63 186 -16 -344 -57 307 273 95 300 -92 51 347 256 72 -85 308 -115 22 -240 163 -310 -95 -54 185 -175 309 110 95 352 -6 182 76 343 -323
261 -221 313 353 17 -259 165 201 -180 0 -20 151 167 -250 320 -163 -349 -97 158 -185 10 -308 -197 179 -100 -278 225 256 204 -106 -42 -235 320 329 -237 -143 247 -341 -152 -24 265 207 -30 -111 -286 -343 316 11 276 163 -174 -20 251 -170 280 -301 241 -50 251 -359 88 -237 -169 324 9 -120 -291 -275 -130 -285 114 -255 72 51 -266 341 312 25 -289 70 14 123 -217 -26 102 89 -78 141 216 -147 -294 -197 -347 321 224 -25 17 -338 -357 -361 -121 101 102 12 16 191 114 76 -241 183 301 -214 -104 -222 -6 177 103 1 166 -40 309 46 -22 314 306 81 182 109
-152 -41 -23 -208 -159 -18 -92 -79 -44 208 -100 50 -84 266 -178 353 257 -349 184 249 -304 -234 264 -238 -123 -257 -266 -132 -350 229 -301 -176 163 -25 -215 -290 -32 37 -63 314 26 -90 183 40 -310 -330 -55 53 159 -74 281 -175 -25 -350 -323 343 154 300 -10 -249 341 -204 -170 79 33 -196 -358 264 19 -331 237 63 -320 141 -217 -93 255 -204 44 296 -283 114 356 70 -234 -232 -85 -34 38 -261 -308 -77 308 44 -52 -215 -39 138 313 -309 -192 -267 92 -108 336 -211 99 -100 -93 -273 239 -11 31 -117 -278 -138 222 183 340 -227 145 -258 -116 -54 317 204 -124 19
-208 -25 344 -221 9 -70 -22 -278 206 26 155 -51 -291 360 -174 156 -110 268 324 352 -110 -140 -94 -220 107 95 -215 52 63 -108 -69 -239 264 319 191 187 210 -93 160 -316 -105 -78 -278 155 108 -247 206 53 -34 24 -253 -255 171 94 208 -163 -42 -14 -26 -184 185 -162 146 254 -283 -77 108 -72 75 237 272 -239 -155 41 -165 281 -258 -203 44 282 -316 -315 -261 -190 -322 42 -281 -252 326 -262 21 75 -251 -341 355 -361 117 -225 -62 -161 154 -291 -131 -240 -150 -158 -45 273 -69 -82 -142 -311 -232 234 303 -234 304 205 -89 -69 285 190 -131 -3 108 -318 343 320
-222 360 36 -102 176 -279 277 -217 -307 177 -50 164 3 110 -85 -172 -316 -185 -201 283 249 -338 242 320 164 -256 -300 86 -354 -34 309 9 -26 -123 343 -179 57 -136 158 296 270 -104 2 362 -97 97 -279 -352 233 49 174 -14 -171 -340 -202 -274 -20 242 46 166 -335 -186 -305 317 -54 -191 344 99 -90 -314 -131 271 -100 90 -292 -99 -171 -299 -310 210 -89 -323 -331 83 146 -149 90 204 39 -318 -217 -107 67 212 -6 -285 7 325 -291 -74 -247 -294 250 80 152 -187 113 273 284 -297 120 -24 -9 233 -12 3 -256 -16 84 331 -70 307 -188 -108 -130 234 -1 -76
305 -260 -360 -138 -88 234 -333 -340 201 199 -297 273 281 42 -130 -167 -361 9 44 -219 90 -1 -99 58 314 286 151 -163 -18 -154 -299 -236 249 225 112 -299 -99 -201 82 348 -247 -169 -71 237 -115 -261 282 126 -84 249 349 227 310 -217 -129 -79 -255 289 202 85 -161 122 -331 -339 262 -109 157 147 -338 -223 360 205 -26 354 -164 306 313 263 34 -9 326 -109 -13 25 -85 -175 -169 -84 133 -266 81 -225 -246 223 -115 53 -174 42 24 73 -249 302 337 95 351 60 -117 -312 36 84 224 -234 -293 -36 114 -96 128 -282 328 -99 43 119 296 -278 299 -47 -119 205
-29 -253 57 206 276 -1 -110 -138 124 -358 225 -36 -190 -174 -9 133 46 -34 104 -293 16 202 -93 127 145 313 120 187 112 -169 36 228 80 47 309 85 -196 223 203 -34 -217 -110 265 -337 -126 -239 -259 -186 -252 328 -156 251 -247 234 -85 -303 -322 -58 -300 -249 105 -216 362 -84 -212 -91 266 215 219 -325 30 -164 189 -232 173 -152 93 83 216 13 -161 251 -252 -20 -341 325 -189 210 -74 17 -239 311 -32 162 -1 1 150 267 -339 -174 -168 -353 83 71 -68 199 3 -120 -346 168 75 77 -119 301 -93 120 -240 -226 65 -350 -352 362 -99 171 -293 -76 273 143
-282 64 -150 205 -327 -322 194 -318 -139 -225 146 -180 -277 155 44 -125 -338 -287 -83 -158 -82 79 241 143 -305 -317 67 1 320 186 -267 102 91 -270 -322 -266 -159 -107 -320 -130 17 -111 307 268 288 226 -332 -31 -223 -160 -234 256 -188 -263 327 -17 359 -215 194 -63 350 55 208 -145 -224 -13 -303 239 356 -167 -185 -267 353 -337 -223 221 244 -136 -146 -59 81 273 162 343 91 -252 -12 -10 49 13 197 -120 -107 65 129 313 -8 344 100 -153 -209 224 294 164 295 214 227 -261 -45 -63 -257 354 -37 253 -218 -244 -246 -33 138 230 54 210 -140 187 -114 227 155 337
320 228 -143 208 -99 217 113 -74 48 261 -135 207 65 -238 1 -172 356 328 347 81 -220 290 354 -192 -212 190 25 93 135 -198 168 156 200 76 249 -187 258 95 -104 162 240 62 -308 -148 240 129 -311 -116 87 323 -253 105 188 354 30 -354 234 -306 339 -223 -226 -147 -127 -242 -248 -225 36 292 -245 14 -157 -85 253 175 143 112 135 340 1 103 -167 233 312 -289 84 279 355 4 -210 -133 -202 282 176 -35 -50 182 80 40 -75 32 154 -185 98 -54 350 361 265 -98 -299 306 -123 291 42 -332 -188 -283 -87 -155 -221 249 -354 -288 -101 -174 -207 249 -113 -29
-295 355 -35 339 39 -154 -296 57 -151 234 199 -108 96 -121 78 -254 37 276 -105 124 -148 341 261 42 358 -210 170 287 -145 -194 30 -159 -39 333 177 6 138 250 11 -31 300 -160 -293 143 287 123 -244 3 311 145 37 301 82 336 40 173 346 -97 24 -288 -220 287 -208 275 340 -310 -157 -143 -296 282 310 167 29 -323 354 222 203 250 -75 -153 91 -259 -95 78 264 82 5 -274 291 282 -301 94 58 -28 -62 -39 315 294 249 323 -258 -104 111 -334 -350 195 -206 351 -132 -233 -17 -234 -305 193 -104 230 177 -337 358 -240 38 -279 94 275 29 -162 211 -44
-34 287 -208 -224 -85 -248 -317 -271 110 354 -104 87 174 -308 -327 230 41 170 176 105 37 50 -211 -259 -122 4 255 278 139 304 175 -93 350 251 203 -29 -60 276 -341 24 203 -86 179 -335 204 -85 -84 -50 18 217 29 158 273 -359 -124 159 -289 -16 -274 -132 -45 143 -276 261 165 -161 39 32 -240 -79 335 -349 -340 -297 350 -8 -3 22 -199 33 -15 -273 354 -84 -40 165 -124 -248 22 51 138 99 -119 -356 -98 -150 -280 60 92 59 8 83 -315 56 -232 -175 -10 -122 3 -254 0 140 -27 300 110 331 -157 -161 -304 -176 -207 226 -22 196 -34 253 327 48
-332 -275 284 188 -6 -145 -190 148 267 65 -271 223 -144 164 35 -338 204 -107 221 -134 -141 -63 234 -296 312 -220 353 -46 304 -21 218 -287 -36 142 280 225 -106 -283 15 -121 43 130 2 337 102 -170 -217 159 297 -180 91 348 -238 33 10 -23 231 -222 74 82 -354 292 83 -109 -298 -198 -344 326 -310 59 -128 200 274 79 -324 -222 -60 -70 -84 -187 333 233 83 310 -67 274 357 -15 14 -353 77 121 105 -88 -178 -233 -163 221 -310 53 -54 274 -268 -171 194 -116 336 5 107 329 278 172 -318 -169 -135 -260 54 309 205 160 -49 -267 -334 188 170 243 -69 -4
-186 -2 42 -273 -130 332 -173 217 341 229 -300 348 -320 87 278 97 -26 182 -67 323 54 347 338 136 -342 26 298 32 34 -44 246 -12 -320 138 353 -4 277 -97 314 328 223 -299 -175 -133 -192 -297 -114 42 248 124 -222 -143 307 -359 -103 62 339 -256 -130 52 107 -22 -308 252 -131 -38 124 101 287 -235 -67 -297 -116 334 167 71 28 -134 355 -296 -90 14 297 310 318 -58 307 99 278 -226 112 -200 -333 -58 -119 102 27 341 -220 189 -338 361 126 78 316 307 -318 -110 36 141 296 7 -114 -182 -206 -242 287 183 328 -119 44 165 72 274 358 -229 345 -30
-176 -91 102 -355 -156 -166 -180 -159 160 -1 260 4 223 204 137 198 -137 -123 158 -210 -352 -316 -83 -345 -26 115 135 -117 231 -146 171 145 208 -284 -251 -193 -217 -205 48 -341 -16 -62 249 -194 -235 -277 -131 -2 -189 -207 116 281 346 -105 296 -123 79 203 -71 153 -45 -68 -279 339 -23 236 227 17 -18 84 220 353 -99 187 -352 300 -257 45 241 113 -162 294 28 169 -217 -293 246 -131 -191 201 -11 -183 -75 178 131 -326 -258 -152 100 -101 -157 -94 317 139 31 252 160 280 261 -148 -71 -75 -254 307 -118 -323 -48 -149 15 329 36 27 -117 -260 220 128 -352 141
229 -152 -100 109 -189 -231 -313 -230 -7 -30 333 251 -285 178 89 243 78 -67 308 -222 -332 169 -71 -167 54 -10 46 121 -110 -1 331 -146 237 66 -117 -312 -300 -248 -163 59 -349 280 -350 248 82 -152 174 272 22 233 327 92 202 -210 54 153 -121 295 79 -256 89 151 -116 -93 231 100 -318 -44 -253 307 -121 304 -262 196 305 -105 303 253 -62 -238 271 326 307 168 -328 49 56 -76 -95 -57 -66 8 261 204 -254 59 267 -136 317 -197 -31 309 59 71 112 -9 93 219 118 -96 -54 51 144 -176 -9 197 -327 -260 350 -163 122 -175 -73 184 -173 -51 -46 -92
-144 269 -352 236 15 285 309 -99 98 273 -131 114 87 -31 -114 -177 294 -131 -334 -243 -346 -230 -206 322 360 -220 18 203 -92 2 -60 312 -20 103 24 35 -133 -316 143 -328 131 199 289 -338 265 28 330 -105 -333 -328 61 15 117 -322 -27 247 -279 -230 -231 -300 205 -348 199 -7 113 -188 -309 -217 -213 13 -173 -208 90 154 -240 -286 -51 -290 -67 -7 1 -80 297 -113 -62 -218 -116 -41 -195 348 -35 -5 -179 -91 282 -182 114 -278 273 -15 -329 0 -188 300 -103 -78 213 -220 112 -334 80 257 129 100 65 -91 214 196 177 -73 171 308 147 -240 208 -51 222 94
153 -267 -134 -335 21 -157 -245 -53 177 -236 40 -225 -261 299 -41 6 249 174 78 -143 -146 12 -339 356 258 309 58 -258 -159 -312 -267 -207 -306 336 -335 -171 -101 36 333 257 -155 -304 213 102 92 20 348 93 -46 241 -229 153 346 240 237 46 -156 -297 -14 -114 -43 -336 279 -313 -144 266 74 281 -124 326 -29 267 259 -327 324 -346 218 127 74 -40 -210 266 61 -181 214 -92 339 -81 -125 84 -47 -358 252 114 -323 86 284 326 230 -25 234 -125 -172 -224 340 -236 -21 -314 8 188 69 -302 25 -88 154 31 -176 -132 -59 322 95 72 -19 321 -239 -328 -274 -324
181 354 241 -182 95 345 -193 290 269 110 -211 -143 -28 -115 -83 -188 320 -149 -134 53 -199 211 -294 343 -153 -226 -108 -97 -259 -336 -111 -51 -68 141 156 351 83 -163 304 201 337 -228 27 -23 285 -131 -342 293 -155 -337 279 69 -15 355 -201 78 93 -232 42 -312 -353 -99 71 347 57 68 4 297 173 124 220 205 -264 -34 -242 -201 -320 -51 217 110 281 -268 51 -286 -177 17 191 61 -144 291 -189 53 214 -114 -295 170 44 -248 -178 183 -243 -218 -122 359 145 213 279 -250 102 241 -189 195 354 -174 340 29 -240 28 -36 329 262 56 181 17 319 288 -294 -109
-1 254 -226 346 108 213 231 -163 349 164 -193 113 -178 -117 95 184 125 -93 -109 -81 -33 -15 -105 -44 143 115 -158 121 197 -349 -123 269 26 157 197 268 -39 27 227 278 -277 126 -352 87 -351 -4 -107 -130 24 -173 -334 -161 301 -223 -267 21 261 -17 121 3 187 97 101 171 -280 -344 -117 -71 155 323 -125 16 50 216 258 101 -132 104 -31 -324 -183 301 -162 355 -34 -10 65 153 -51 182 -196 186 78 332 -84 -58 89 -255 289 -46 -352 103 -8 -38 -283 237 -4 30 61 131 35 -259 42 308 -222 266 -9 154 301 -39 248 305 28 -43 31 207 -343 -21
218 -13 -79 30 273 111 164 -120 -294 231 33 197 43 -302 -227 -1 -156 67 -252 -330 287 -31 358 351 349 -86 -359 151 -219 303 -205 111 -352 77 -36 -220 -328 39 -260 26 177 -127 -171 -157 4 126 72 -106 149 248 354 190 -3 31 186 -101 -199 167 -31 -340 180 -61 65 -174 -235 -236 -194 -94 -338 68 -124 91 -349 -130 -310 75 356 -347 88 32 -161 -43 357 103 -94 -105 265 43 -230 -217 -41 143 -197 -234 134 333 95 -267 147 -286 320 182 -247 122 -32 139 -94 262 -291 -90 -176 315 -259 139 -66 -13 -70 171 335 -43 -186 -320 308 241 -319 60 -241 330
182 -178 359 -300 -291 202 -1 -115 165 47 -118 160 354 95 190 -98 -90 -166 -197 156 283 267 361 -219 31 -237 248 116 302 82 -216 -60 166 -352 108 282 47 -85 -292 -104 88 77 -150 4 -41 -346 -10 227 308 -56 214 305 -45 -137 -253 78 249 237 -61 -190 -307 127 265 -260 95 21 -155 141 237 345 -250 22 324 295 -108 -264 354 -108 196 178 217 52 -249 224 144 347 -213 214 305 -191 -208 -194 -68 -216 333 -226 46 -120 -316 -132 346 175 225 -18 -176 134 174 -224 76 -236 -197 129 286 -247 -326 54 -200 -192 -134 -43 -263 344 -354 -71 231 291 237 -332
-231 126 142 -282 283 44 -312 271 174 -90 -300 -44 170 -294 -346 281 223 354 -252 -157 337 293 17 -245 13 273 -319 80 283 -356 104 -294 241 306 167 73 -345 -177 -34 293 100 -336 -1 192 21 73 -178 -223 273 -221 349 -22 -317 112 -258 139 33 225 -142 197 246 -322 -64 -126 -290 -132 -343 -254 328 356 -163 94 349 -228 251 290 295 -101 -76 211 -245 -300 359 133 285 -45 132 340 35 347 122 -102 1 118 -243 -6 356 -51 278 323 -22 8 -163 324 360 36 -149 275 -126 131 -62 298 -26 -243 -41 346 102 -342 -315 -199 -277 -345 -134 311 -68 88 235 21
-158 -314 -200 202 -37 162 315 332 -202 -313 -102 265 -200 170 331 104 -291 335 345 362 154 23 237 -70 8 -31 -35 -98 -88 -113 -247 -51 -109 354 224 8 222 -248 -284 -252 -213 -25 -266 324 186 -19 -92 337 334 262 -5 -260 50 4 356 -296 -281 -115 -178 -339 -319 -57 332 -184 -161 276 -289 22 -176 -262 -99 -201 -7 -213 -203 -308 -22 231 238 -100 -37 -173 -225 -296 167 -332 -52 -105 -308 356 -207 75 -3 -257 76 -329 -40 -83 58 -37 -291 -37 -113 -76 -349 318 -332 -223 39 157 -207 -54 303 -180 -39 262 -67 -249 266 262 -140 179 35 -54 -337 -17 -13 322
-213 -333 359 237 268 216 -267 64 273 114 131 200 -283 -98 -346 -144 -53 151 291 -16 -13 -106 -312 -66 296 110 78 -260 58 -224 -358 284 -30 247 26 124 328 -266 -335 185 -28 -104 -200 324 -235 245 -355 12 -341 191 -223 -171 27 -120 -56 183 -108 -360 -239 -263 129 342 211 236 -180 269 56 -319 223 46 4 318 -20 362 266 180 247 -154 317 -319 248 200 -204 50 -119 123 29 -55 -211 80 28 -341 309 137 360 -217 -240 342 -34 235 356 191 358 43 93 -316 352 -346 -313 -112 -269 214 -84 -162 -269 -54 -192 281 -97 234 -325 -152 28 -360 -130 -194 220 118
-349 -268 231 233 126 -166 -242 16 -269 351 -324 252 -3 -94 160 -71 239 -170 14 -145 90 288 -336 284 -298 -324 -247 85 256 -249 -335 157 187 -322 -24 -224 250 59 193 214 273 186 -237 61 355 -81 198 295 -144 -8 -124 29 33 310 -88 -296 258 183 14 245 181 301 -325 -290 -255 -3 -255 -31 243 -159 -75 71 -182 -321 358 -92 -229 317 -322 -71 -202 345 -116 -42 211 -274 135 339 -295 195 -309 1 109 350 267 58 -147 313 -277 58 22 285 335 177 234 181 -241 -111 272 354 184 284 133 -192 226 -210 308 319 3 -342 180 -185 -210 -69 -318 216 -18 342
-241 280 284 97 -238 -259 -266 -75 172 -42 -95 -335 -67 -13 112 202 -3 -17 -214 -244 -166 223 146 -188 40 -159 24 122 274 -323 -231 122 24 184 121 323 82 -127 12 -162 -321 348 199 10 168 68 4 87 -53 -301 -4 -104 152 -236 146 262 -91 80 -58 -42 -151 135 143 -248 39 33 263 158 -273 -41 282 -120 75 209 -180 160 -223 194 270 -53 157 -170 336 320 233 187 161 352 162 38 -337 -216 -273 181 51 -76 -267 -16 -281 290 -241 18 -23 -91 340 171 -319 17 80 21 341 -339 -54 228 -138 -298 -42 15 10 146 339 108 -222 284 -299 -245 -336 -79
20 -318 -115 163 -163 -332 -229 291 228 322 73 346 71 -347 -301 264 123 -258 -204 6 30 -193 -263 79 339 206 -204 -50 -72 237 260 -240 -83 263 -285 308 342 -101 77 288 -18 -305 122 -274 7 126 59 261 -329 56 20 -91 -290 -146 -23 -47 -83 -230 -6 -122 358 211 -107 188 -25 -120 -138 228 114 -190 -296 19 -306 123 -206 59 -61 -27 -283 195 -352 153 262 -129 -260 255 -240 170 -195 -333 168 -131 -123 54 215 251 -165 -126 39 -161 315 -103 -17 -321 -158 -265 -55 -298 55 124 298 -26 140 -185 209 -87 -120 125 -27 169 291 239 -42 -31 -28 106 306 -256
5 160 33 -186 207 -90 228 279 361 -257 187 -125 134 312 100 105 307 -348 -198 -188 215 103 -50 99 139 -281 356 -300 -270 49 180 206 243 -3 -217 -202 30 192 118 -203 -187 -32 9 174 -356 46 -157 -354 331 219 251 -237 -10 50 -21 -68 118 -200 240 319 234 -172 251 294 -181 279 194 -294 -331 -334 34 -70 153 -5 -144 30 196 200 -136 -184 54 39 -283 349 9 269 -34 354 -157 -303 -332 -32 -239 -71 172 -153 150 -52 153 -235 167 298 149 41 -273 -338 -120 -319 -96 131 199 -66 187 -241 -230 -119 215 -215 7 -327 35 90 -149 88 162 223 -130 -12
185 -14 -134 341 210 345 88 63 231 165 -313 -155 -34 -50 -161 202 357 -74 -311 245 138 -288 322 244 86 340 -361 300 188 -248 337 -17 -167 233 28 206 -37 269 40 -86 -35 -130 236 113 38 204 139 -243 282 -61 311 -160 -195 -139 184 274 79 -168 -327 135 -108 -147 48 -48 -107 -124 97 271 224 -186 308 194 -186 -67 -358 332 -304 21 49 -164 -254 -56 224 138 206 -311 157 -80 -32 -203 -5 -321 -111 -332 -110 -291 304 101 219 255 -233 -202 112 141 -83 15 266 295 326 348 -324 -237 67 -149 348 -47 -275 156 218 164 -306 -152 -329 -317 -94 -95 -170 -340
-228 -230 249 -352 -118 131 -54 -82 253 105 -87 53 -111 47 121 52 78 242 -170 -303 50 186 105 -355 -22 -199 -165 358 66 -198 -94 103 171 -333 123 98 291 -167 -12 61 56 344 16 190 290 82 350 298 167 -285 43 -157 -324 -45 307 10 -153 -113 177 319 -246 105 149 50 -234 151 -209 -337 361 -218 290 356 259 -204 -12 -272 -130 301 114 -339 -213 -355 93 -13 283 -211 -31 -262 -150 14 -169 -114 -215 -219 319 207 200 91 -100 -265 263 -218 -268 -277 227 -281 154 81 -172 -328 -116 244 -329 22 92 339 -172 -124 337 -183 14 -91 199 -26 281 124 110 -226
203 -265 -303 163 -276 -232 27 -317 42 90 210 -235 46 246 123 -172 -261 162 57 -71 -59 323 -100 78 -354 17 -201 3 336 -263 -125 119 -339 -244 -128 -339 353 289 -212 36 263 324 -219 -305 -201 -96 259 111 -263 -162 244 -246 -332 34 343 -190 299 290 -42 313 -25 187 245 -311 -274 -106 -315 181 205 179 -325 179 -327 -67 -144 322 -308 -239 -326 -243 -360 262 -280 249 -292 46 332 -170 5 -127 147 -78 -324 313 -344 -272 93 -251 154 239 -161 -323 224 -73 200 -270 -41 -345 83 72 165 317 313 -198 339 -260 280 234 94 -19 -48 117 97 -317 -221 216 -284 -223
234 -49 89 182 328 343 -255 107 -341 239 -194 286 351 -152 27 -259 103 -330 337 181 254 -229 -232 200 343 70 3 -256 72 150 178 20 -252 -39 -160 -238 -308 292 -185 -3 -329 59 289 270 175 -296 57 258 272 79 315 251 325 208 13 -163 -312 53 268 77 -55 -351 15 251 198 -16 -354 -336 -352 253 9 -289 340 -142 -208 26 -23 146 -265 59 247 -7 260 -203 -347 272 -259 352 -317 -330 350 -116 -188 -180 -142 -315 -317 -141 -254 301 136 31 361 169 -117 -253 35 -50 -312 -209 232 -52 310 -2 -251 -79 -263 285 -340 12 -67 40 291 206 -15 -157 -21 -119
-286 -144 166 -215 -35 -277 168 357 314 -1 176 -15 -333 16 171 -9 -144 106 189 -288 -222 -135 352 73 126 -330 99 -90 -300 -126 -226 -248 -94 314 -202 -14 -136 34 -93 53 69 -204 -204 -344 70 -242 254 123 93 122 79 -78 4 -214 99 141 123 330 103 156 323 236 -147 -68 327 -127 -77 -350 88 -294 322 -138 -110 24 -258 -191 -333 -295 -198 -358 -18 -92 -357 35 -290 -355 -70 -356 -8 -346 339 -177 148 -157 167 340 -15 341 130 173 -332 -112 -351 -238 -120 -159 108 166 -279 -187 -45 232 359 -315 -271 -307 -337 361 -33 -236 -163 208 -306 317 -292 67 -21 -75
-113 -341 -326 25 -54 -343 296 -44 10 -113 31 -126 -229 -262 235 -103 190 -356 281 -143 352 -148 -287 -162 208 342 -12 -73 -272 -320 -51 230 -88 49 235 4 233 309 -337 131 -183 315 284 226 178 89 84 -123 213 -268 194 85 -134 -222 -46 110 296 -324 158 -305 63 240 214 -198 202 35 178 -98 -357 340 -160 -257 93 38 74 338 10 164 172 276 333 -99 -236 -252 -51 -155 -239 -245 260 106 -188 65 228 189 -248 -145 -325 -6 56 -66 177 -307 344 -247 53 -38 38 -257 38 -70 -243 -262 209 352 -19 352 -236 -343 79 -124 123 84 -172 13 -360 58 250 111
66 -354 108 49 -294 -352 83 -15 -106 67 -263 -215 349 254 -287 -169 360 317 46 -91 -2 -307 277 19 133 -195 -40 115 284 -222 348 -310 -214 -2 266 287 -102 -190 292 288 -90 -45 351 -256 -130 -88 -136 330 -110 218 -281 181 152 -222 20 255 -184 50 42 -227 149 283 264 313 -62 -174 -250 -64 -62 -205 153 -359 133 212 305 -170 64 113 -196 -132 -11 213 352 -298 353 -148 214 258 258 -210 -271 48 7 189 299 108 132 24 153 346 -143 254 -60 -252 -38 221 -357 66 265 -327 -349 131 -123 243 183 -181 -31 341 -97 -201 -51 168 160 198 187 -361 -164 -269
167 -224 -54 -308 146 -281 121 30 25 -30 -76 31 48 -353 -117 -238 362 -325 30 -261 -301 71 -104 296 -106 -196 -61 72 -184 -346 -295 -46 209 -288 -151 -41 103 350 -281 -7 -317 170 -192 289 -284 -231 62 -221 172 188 -53 -279 -150 181 -355 -66 243 235 53 -303 33 -127 -351 144 189 -78 1 -215 -246 63 305 2 243 256 -224 131 94 -277 20 85 -91 82 -165 306 -36 -17 336 -226 -204 -120 236 -272 342 -143 199 26 159 171 -346 -293 23 126 -172 -272 -98 118 243 -85 25 -318 148 -244 25 -216 -284 -143 -354 167 204 293 -19 -323 12 -314 275 -161 -355 -128
-283 267 3 -3 -263 24 -46 -164 -92 341 -184 -48 -47 325 -313 184 -134 -312 -238 -147 -273 166 -233 190 261 146 -198 28 -132 69 -59 -6 -56 67 278 63 -323 -144 150 167 -75 231 24 93 123 -189 -138 -291 -256 51 254 -35 209 -132 191 -138 329 325 332 174 360 171 300 -57 33 -180 -361 3 -218 -314 -251 194 316 314 146 72 262 -161 136 312 -1 -189 185 220 230 -44 -222 -42 256 -114 140 -70 -48 179 339 99 -184 102 359 -18 -291 240 222 55 118 298 113 -266 141 -92 -233 78 258 -105 32 -285 -357 171 -263 343 -309 -206 163 182 285 -104 -330 -197
308 -290 27 71 -111 45 73 361 329 -103 -278 -117 -104 246 -135 355 -193 -204 -297 -159 -298 254 -282 -61 229 67 97 -113 161 26 236 -2 -90 266 -351 156 258 -338 -164 284 -297 112 -321 335 201 -329 179 -91 -266 357 -354 57 -185 -286 -90 -28 44 -277 175 30 -182 93 311 12 -251 -58 307 -97 -342 73 -355 216 -15 113 -327 -202 -108 354 331 -242 -92 -37 -119 -154 -11 -226 51 260 59 12 174 258 17 91 344 342 332 65 319 232 -260 -309 271 -157 231 -227 70 -286 191 270 260 -314 175 -334 -358 182 -348 47 -26 162 285 -271 114 189 85 -233 148 -284
34 140 -334 -330 289 -25 130 -55 -290 360 84 -257 103 216 19 314 2 -177 82 349 12 -105 338 -44 -86 -63 82 -72 165 -285 -139 -165 17 53 -1 -179 -77 -286 -241 -4 -293 -138 -25 -89 233 300 88 319 -113 -7 27 324 -132 206 -110 197 -56 -239 128 -302 -241 199 -206 -64 209 -359 -257 -132 234 3 -358 33 -198 -335 165 55 -24 73 151 -110 29 206 351 207 -312 43 108 -127 352 -358 -269 174 -103 -306 -216 204 192 -250 -97 32 50 253 -346 284 45 -224 352 -43 362 -14 -234 55 -39 93 41 -156 -315 116 263 271 33 -223 -268 -273 55 233 269 -6
-270 -22 -142 305 1 106 186 126 -315 -128 312 -199 -223 252 19 -314 272 232 125 228 67 178 -29 -333 -111 197 -105 -357 -33 -178 223 361 -241 -15 -173 11 108 1 -71 -31 31 72 -202 -98 -102 108 31 -296 61 -34 -286 -2 269 254 -225 63 -293 114 -230 -175 272 304 48 154 -335 -331 -244 -78 -55 181 351 -349 183 -209 162 -170 -331 -355 -152 -328 121 -203 48 -30 -182 -216 -47 356 -238 93 357 -28 129 -75 -34 -240 306 -2 -183 -224 -252 345 195 -314 -287 362 -291 355 -266 -201 -257 232 235 -249 46 108 56 231 41 -137 227 86 -19 333 302 -149 -86 61
75 275 186 -9 150 192 209 -238 -263 -357 -225 -193 336 -124 -172 201 -317 -197 -163 -346 130 306 122 -327 289 189 -277 104 115 -81 48 347 -149 264 228 -203 -21 19 -175 119 -80 -288 12 -185 -140 -92 1 294 -162 -286 -12 -302 -176 24 142 94 223 -190 109 -299 -196 124 -84 -67 -77 -213 25 127 272 -349 -87 250 -256 286 -63 -256 -243 -151 -39 -47 -143 211 -1 -338 -123 234 -197 73 126 -20 -74 -184 252 -28 2 110 12 268 -93 -22 217 -171 293 271 -146 272 44 -256 228 -244 159 -102 324 -133 348 -78 237 -208 -169 -336 -26 -12 10 -287 124 -198 -45 -68
-194 79 41 219 172 46 272 -189 212 -257 334 -205 -172 108 -24 327 257 215 -64 211 -93 -194 21 -195 -359 -350 244 -152 310 35 125 -184 269 -262 19 -212 48 -108 170 -246 -106 285 255 25 281 -279 -32 -335 334 282 -356 316 -64 127 -147 178 -128 279 182 37 -148 -148 -155 -208 246 335 329 161 104 186 331 -247 150 285 -85 27 124 101 -233 136 212 356 -297 234 -81 306 -15 -280 -26 -350 -154 -164 -360 -11 190 203 -193 351 -259 -233 146 271 -202 266 -247 354 -214 11 -95 -313 -228 -361 24 274 -7 -249 133 1 -202 -7 285 233 275 354 -152 -272 268 103
-125 -202 -339 -103 -205 -61 114 274 163 -202 114 -87 339 318 236 227 279 -202 -279 153 -278 -313 21 -113 350 -353 -76 100 -26 -325 211 -218 -23 -312 -250 236 -216 -265 355 214 -129 -36 221 261 278 -87 -215 192 128 35 255 313 256 -106 -202 -327 79 -8 20 291 3 354 276 201 336 -52 -132 294 263 199 -121 -54 130 229 -200 15 355 -139 -346 332 75 261 204 -262 295 6 -134 18 -274 293 -128 -153 283 -123 -78 -286 -320 -145 142 -128 281 60 -119 317 -3 -159 -269 144 57 -63 -14 -56 -178 8 174 153 305 -150 -295 -180 7 322 -225 -141 -333 -1 253 84
159 -146 46 -203 133 50 141 -30 -250 -189 -291 269 -211 95 -122 225 343 42 176 -331 16 49 54 253 102 310 253 -132 308 8 -75 282 134 -235 296 -166 331 -132 -189 93 -267 234 169 -55 -9 -115 -3 123 -239 264 -20 -342 -251 -10 -131 360 -298 -267 -180 -3 -263 -157 57 24 128 211 -199 -235 -339 -311 -245 5 97 58 339 -178 -157 194 14 22 -211 18 -81 361 6 -177 66 -111 303 -237 -344 275 320 78 -310 -195 198 261 360 -205 -331 169 124 214 -317 -96 174 -303 -301 180 -98 -349 -344 295 14 252 322 200 -300 -96 -179 -201 -58 263 304 -359 163 -105
141 154 -334 88 -226 220 180 -214 -16 -232 -130 -256 204 -76 -294 213 -135 21 198 -316 303 319 -340 -174 -125 -248 -154 6 240 -343 119 -360 182 -329 154 -339 73 84 182 -239 -117 -86 41 277 -35 -296 3 -273 10 304 -246 233 -126 314 -343 -167 -232 70 -60 146 -334 -251 -165 -199 -190 24 181 350 -44 68 333 222 -206 110 188 188 -249 -112 -98 -135 217 -74 -307 263 231 168 122 233 310 149 -281 -361 327 108 -229 199 82 101 -208 -200 -335 223 -31 -93 -163 278 125 200 -360 297 120 84 -89 -59 23 -217 -214 -246 -167 177 -268 208 318 120 -247 129 196 -10
136 3 257 227 -164 339 61 -207 139 -268 78 26 -174 75 -54 149 -272 351 -214 305 -332 261 357 248 -263 289 -202 -25 354 220 -203 145 -182 -313 22 81 -141 76 -109 -273 107 -339 -307 5 358 -127 243 284 170 236 39 -299 61 223 -262 -70 290 210 246 -255 307 -87 -143 -30 183 -149 203 11 4 -87 145 349 137 -91 -345 -184 -99 343 -331 3 -311 279 -308 -202 -139 -149 -296 -286 -233 -292 -20 246 -273 164 169 47 -33 -247 -218 -299 -254 -55 261 -145 308 -141 100 -313 284 -30 -18 -16 13 -42 -21 -68 249 197 -186 274 -345 123 -272 -86 162 -175 265 52
-273 -318 -126 249 -26 -121 -18 -263 16 335 232 47 -128 359 265 -79 330 -307 -31 252 -213 -282 -350 -344 316 208 -166 -356 -61 -62 -116 -278 151 320 335 -310 -104 196 66 89 233 108 181 -253 147 267 -90 2 170 -177 -189 -279 44 -81 144 -145 352 227 -337 -118 138 -8 222 179 -21 -218 -245 -226 9 -338 -136 29 -265 322 -353 179 74 -185 198 -164 -136 -290 -32 -90 -270 -171 -108 63 127 -330 55 43 339 -149 -348 182 -25 -324 -91 -205 118 114 -145 293 -102 165 -358 217 -283 -83 286 131 -193 -20 170 291 -264 62 171 91 -232 -343 157 256 326 -189 -62 -225
309 -40 -257 -222 -352 -66 -17 229 -8 -303 -182 -341 -96 -286 210 -277 -298 -274 -269 -75 26 -262 66 109 -336 -216 -281 4 79 -134 102 242 254 -258 25 -93 312 52 132 10 -217 342 -76 -157 304 -260 -206 87 245 141 -205 108 352 -58 281 -230 -189 -23 -30 234 285 106 -44 229 -162 207 289 348 361 -182 -17 -149 -164 -73 251 -266 -355 158 -300 -268 306 323 137 95 -356 235 172 -211 140 316 -358 -276 330 -281 -295 -175 247 155 -173 -171 230 -208 -83 34 -4 -51 -31 180 189 -153 -130 -222 -79 -15 202 -298 248 -231 -339 331 -318 -267 -22 142 15 -77 -253 160
57 311 25 263 -282 107 -234 192 175 197 -193 -160 26 -295 -51 284 -355 -108 167 -286 -160 274 -93 -203 -71 -188 -43 -310 242 68 245 -70 -348 -11 -52 320 -300 -128 23 -59 23 297 92 361 286 -346 279 292 60 256 37 171 -47 -194 -36 164 142 -124 -332 -321 -121 -5 -134 101 146 -345 353 -289 336 -125 -78 344 -322 -268 -8 126 48 -73 -242 187 97 202 57 168 121 -239 -21 -235 -252 -260 -302 293 260 78 -345 124 25 146 206 117 -263 -65 -244 -31 96 209 268 -302 -212 -113 9 -18 -170 -66 247 -251 47 -268 -238 -182 53 1 215 -326 -136 40 -48 -118
-254 -227 7 -215 183 -70 248 -202 -95 -258 82 185 311 -283 -233 -303 137 -303 -50 299 -320 -12 265 274 156 -81 -46 235 116 -90 174 149 48 212 -145 107 -180 10 295 -254 -275 -279 -160 -172 -334 -69 -6 56 42 239 -154 -297 273 94 -250 -241 53 -4 -151 -297 293 83 301 -228 -91 -276 189 -33 252 -83 225 -291 37 -97 -12 119 172 -220 -16 -178 -342 6 -95 -120 246 -330 44 -168 -320 62 55 -261 -289 223 -190 -318 -288 129 180 -19 -207 -340 -131 209 53 -192 -212 -167 -119 205 -273 -302 -155 -257 150 -223 -326 85 -185 293 317 321 -362 -127 67 30 -309 306
-284 -204 -347 291 -312 295 -64 -303 -150 139 207 -342 58 342 28 108 18 100 -134 -323 3 -139 -55 -163 293 -269 -79 -348 148 -264 133 362 36 165 -56 248 -180 209 106 -213 -181 99 310 -57 168 196 -140 145 176 -16 37 329 359 -236 313 -192 45 -26 -352 69 208 98 299 -259 -26 -177 349 -328 -266 -341 347 -87 231 -307 -67 211 165 104 -245 -204 -208 60 166 93 114 -330 -192 -158 -111 -279 -41 155 -290 138 -56 -202 -351 69 155 -321 -201 3 94 -225 -166 -227 -31 290 -164 20 17 -294 -351 -99 -7 -84 309 52 -360 56 -250 222 10 115 -327 -140 45 1
-207 -314 -259 -277 -323 50 -33 19 45 258 246 131 -275 26 41 305 -273 185 164 348 355 178 52 -200 87 -7 24 103 171 267 -13 -98 154 -257 -127 356 -239 -53 -292 -32 -94 123 82 -201 48 32 -59 164 -194 332 352 38 110 293 -188 -49 -203 -10 -227 -328 -3 -318 185 85 7 182 153 -110 -18 -362 -2 -179 -281 203 -321 -43 84 -49 77 -308 109 22 -269 -60 -227 141 265 -46 236 61 40 81 78 -347 148 -93 -51 292 303 -145 184 257 -83 100 -63 7 -354 -258 33 84 199 -258 298 -171 -148 -42 -156 352 78 -228 136 -19 1 -261 -225 -200 -198 -76
-318 225 -302 93 79 101 134 217 -336 131 152 -208 -307 -346 -274 167 332 157 36 -330 46 45 -60 -201 -194 100 171 -320 174 42 133 192 190 -137 126 -130 93 -296 -129 128 -359 246 325 12 -217 263 -35 -86 -244 245 89 -334 180 2 29 -288 329 -250 -302 -171 -158 -354 224 -168 -331 -248 -305 -311 335 -126 316 41 229 -132 -346 -210 28 -233 -202 -55 17 51 -102 -214 -292 -313 -99 206 246 115 -141 -122 -119 -232 -146 -134 -27 -111 128 -34 -291 -93 242 178 -18 -330 -340 -236 -136 210 14 -221 60 26 78 -195 -341 178 81 287 -22 189 216 -296 -331 -74 288 -326
-177 348 -138 304 259 302 163 -259 -62 -142 142 112 -322 -227 203 -288 265 193 252 -91 157 83 -183 -252 -42 -223 84 -101 341 -22 115 315 -333 -100 91 -273 -305 149 -108 -140 79 -288 45 166 -41 179 -16 282 324 -342 243 348 122 -19 -346 -156 -162 -126 -346 -105 290 157 278 267 -264 -33 320 313 73 5 -359 301 71 -96 15 356 22 217 254 328 1 220 349 283 297 -311 -298 -249 -318 169 118 287 83 217 355 -204 -243 -134 -148 66 113 278 -90 29 121 320 198 349 -302 -171 -199 -36 -137 177 -117 -345 68 -73 -270 227 -342 -137 144 131 -112 225 65 48
290 -271 320 -105 -165 75 -298 -317 255 -313 322 -336 -137 -112 247 -305 -80 -31 144 56 287 -360 -293 64 -290 -357 -271 123 -319 91 278 225 44 -114 -295 -93 -117 -31 -169 -345 -208 350 -292 -357 -87 -307 -278 -324 37 -325 107 21 85 129 37 356 23 11 -28 311 72 -249 -281 94 -304 2 -33 -91 -238 360 -81 117 199 226 -300 -237 -192 312 -130 -215 -313 205 -188 140 -195 16 -359 -75 268 -283 -122 -349 217 37 199 -147 -229 160 -294 130 -171 -236 181 -222 -303 -225 235 -165 -360 324 -197 -247 92 -205 44 -301 -294 303 -105 143 -287 -118 355 -194 37 -130 296 -37
