-137 -20 -455 -234 215 8 198 -252 148 258 259 333 -346 282 -267 -280 -474 -488 -459 -441 236 -65 115 432 -357 166 -221 -327 -128 -247 -355 230 221 -99 -323 374 19 184 270 -139 453 -420 25 -121 161 -69 -57 -132 -498 31 27 -285 153 6 300 281 64 444 440 374 -143 432 -218 489
415 179 439 71 367 114 -440 285 358 -304 -38 -268 -109 -140 274 -214 -301 -457 464 155 179 -254 185 433 -451 -341 160 197 461 442 -133 110 1 127 -477 -466 98 -374 -408 -210 -349 -254 198 374 475 111 305 184 262 504 388 -427 120 194 54 -394 -107 -5 32 -193 415 457 -246 -94
-159 36 -512 248 433 -238 399 256 351 -103 434 178 66 -272 263 68 388 11 411 -98 395 -230 -421 -495 -402 203 -290 301 92 -421 -338 -447 -504 -209 -477 -224 -349 -455 393 270 -34 -105 -195 -486 93 -385 93 75 447 -382 -185 -210 -6 -474 96 -292 203 -167 303 94 45 433 105 319
-459 -331 459 -41 103 74 120 -353 134 -164 66 -144 475 476 -165 -13 -296 209 -68 441 239 11 206 -333 -169 -277 -336 51 -395 -104 353 211 -357 326 -82 -219 249 211 4 -85 409 24 -450 507 24 -241 -486 133 128 -30 84 79 90 363 438 242 251 366 -511 -337 -272 -95 -301 262
-17 170 -167 -422 -441 56 40 -175 -320 -253 402 98 149 16 -362 208 89 206 340 199 3 58 -234 -459 278 -408 110 185 447 -383 -175 -240 80 -13 375 -474 89 -282 -432 167 340 294 493 -432 391 412 22 158 -14 -465 -210 174 -469 -233 -151 -314 200 -403 -219 442 115 -342 -68 43
-137 -211 459 -312 -392 449 -320 -461 108 226 -347 -458 -504 -323 -484 -204 440 -421 329 -478 287 174 -387 201 57 229 336 330 -116 -483 -49 -169 430 433 -213 328 -98 295 351 277 363 -331 368 -161 -422 29 479 -303 92 412 -329 -222 422 202 -383 -450 504 -281 -103 -349 69 -68 247 -158
489 -334 -448 -383 156 116 487 -313 505 -458 -268 107 -55 -421 41 397 -274 -504 -406 188 343 -195 65 344 110 -439 435 392 -374 -168 -73 187 225 -92 -360 -286 52 -463 326 -201 -49 -405 258 -128 -275 486 45 386 -113 486 -221 434 411 125 -158 250 -371 455 -243 126 370 -175 192 -300
212 -499 80 -216 -7 495 149 180 465 -125 68 302 50 377 498 -11 90 -14 92 -288 -255 -465 179 6 -17 250 -95 407 385 -487 291 -470 128 -91 -288 -111 161 -11 -280 101 -202 -197 242 -313 269 81 213 -266 -267 264 -478 -67 -190 -356 492 -126 453 -240 434 -9 456 471 -305 425
-430 468 -430 -16 162 137 417 -10 131 403 -135 343 307 391 410 247 -473 -3 -149 -211 415 158 350 45 -193 422 -321 -228 319 159 397 -147 -38 -89 177 -478 -452 9 192 -131 411 -360 491 -142 -1 9 350 -213 -194 -482 50 434 -223 304 -95 -137 -308 -396 -301 -82 -411 -310 -117 -501
-243 -379 94 -382 -32 250 -384 359 435 235 378 -276 296 -511 -131 248 -145 -152 215 337 75 110 -301 -428 -437 -502 -78 456 -226 -17 -98 -208 -115 411 -385 61 192 384 390 -81 335 -51 481 489 -320 70 -465 -371 385 469 -434 -300 167 -287 54 223 -236 -348 472 -371 318 -490 -152 -312
-43 174 397 95 329 -309 207 219 29 479 159 -271 -242 139 20 -173 -314 -160 343 14 92 -95 -288 -459 166 -64 -73 46 262 -270 186 -101 268 -468 -4 509 -58 -356 203 490 479 -17 -309 217 -237 -167 -382 410 264 300 -436 -186 485 199 476 177 -302 65 -495 -331 160 319 -489 -328
339 -42 -441 271 -65 127 -114 158 -424 -493 -71 -338 124 -487 454 -465 -209 -406 -285 -390 -158 426 -187 37 -172 332 -187 -12 -491 300 -40 -247 495 343 -404 -230 426 -119 134 45 482 317 -175 -165 399 286 -426 74 -335 62 283 -163 357 349 511 213 -27 105 489 422 -287 414 6 -487
-108 238 69 -272 -511 -193 -324 -185 390 -415 255 66 172 -328 -242 -283 -443 -121 240 290 -424 220 -274 276 204 -52 484 93 -391 -337 411 380 310 466 310 119 -287 -330 2 346 -495 477 91 430 -378 169 121 -29 483 -277 314 -461 267 391 363 -319 -400 -334 -14 -292 117 -307 409 129
166 -333 65 -472 313 366 205 -67 -90 117 84 262 223 -435 -235 224 -403 234 -368 438 222 152 396 463 16 -459 460 -470 407 -158 -311 -324 -172 -269 453 379 -406 462 -1 100 -51 305 -29 -184 186 -404 -225 472 261 401 -185 506 -208 -479 306 506 328 -48 -417 -272 296 -405 -431 -112
2 302 433 -381 268 254 -511 -171 -260 292 441 402 490 446 510 -332 -382 -149 367 378 315 -219 132 -137 215 -165 148 417 -206 -100 55 401 294 -100 82 -251 356 132 136 135 -68 -328 -261 18 -273 -214 177 -63 -222 -328 -360 29 -319 -77 167 508 49 -346 -306 -387 -461 -262 436 383
187 129 85 -275 284 -463 -177 -190 -145 -336 -444 378 52 -27 499 107 -454 434 143 -49 -461 479 -81 79 435 -327 -339 38 359 -191 -108 379 -494 432 139 -179 105 18 303 -478 -161 -286 -422 -57 439 265 -458 28 499 -139 294 -383 -233 -96 -384 59 -352 -405 383 -342 93 -95 290 286
-234 67 -99 -146 -23 -154 -152 47 117 205 228 -189 -391 204 -56 338 199 -179 -301 -485 -391 -37 316 -187 -262 -416 296 102 486 -448 96 321 -147 -467 -261 -272 292 26 -194 -19 479 -257 -471 -131 -286 -318 162 -207 -281 -269 -20 -200 -384 -191 307 353 -121 -13 -484 189 283 -436 381 60
-128 398 493 -178 407 209 -86 -505 113 294 335 -510 -177 -382 -273 -195 -36 -379 -373 250 318 -396 277 -349 19 -39 243 208 132 286 -496 -344 -463 -95 -503 182 422 252 195 82 -295 -178 -181 337 -494 -115 80 -301 -103 -25 -345 388 382 131 -352 -433 28 275 172 -55 500 240 72 82
32 -122 221 268 -72 374 270 361 -16 -467 288 329 -46 131 404 -282 14 -183 -491 346 477 14 -390 491 -164 468 226 58 492 281 -134 286 333 -469 459 51 345 -53 250 334 236 -323 -297 -226 -418 -16 -405 158 359 156 -321 -480 -230 -315 -233 118 -163 -80 331 105 -67 139 124 61
1 87 -380 333 -29 -345 104 -9 244 56 180 -393 230 -213 -147 398 410 -11 489 452 449 -247 365 378 384 -330 498 495 -177 -494 -490 -120 -25 31 38 147 -114 491 197 -143 298 -411 353 0 236 289 485 -16 -49 -455 481 105 454 -379 -480 444 222 -385 433 -1 209 373 29 -163
-2 -48 -69 -218 144 338 201 312 -442 259 306 -25 -301 -238 -201 -330 408 269 472 -472 -126 -89 315 399 -213 -86 162 101 224 20 301 157 -313 -122 -318 -81 9 -500 275 122 492 -277 421 -140 248 211 173 -411 -353 178 -475 -253 413 121 337 -18 188 18 295 102 -188 -131 -121 53
-509 -8 -117 -32 427 466 73 373 -420 145 346 -252 80 46 -410 155 411 126 -33 -2 -456 329 308 -508 -276 -185 -381 290 -63 331 -331 465 398 400 -346 228 329 -68 -266 34 -42 33 -415 242 241 358 -305 276 477 -2 -264 -290 7 -338 -434 -166 281 -369 30 -490 -430 -183 193 -326
226 -448 135 38 -509 456 234 -480 -180 -89 21 349 -493 445 -266 243 67 8 -114 259 -108 -493 -55 498 -311 -478 132 162 404 -459 174 456 334 -321 474 106 136 -380 375 375 209 463 346 -481 193 -450 456 -179 -449 -218 7 258 424 -445 -278 380 450 -479 501 -336 -483 -367 34 -284
444 144 145 151 -173 -225 -442 -500 302 -172 444 287 -265 145 493 27 -86 466 221 -80 -218 -398 -400 -33 -302 258 -278 47 -38 -345 -169 347 -239 240 -156 -171 -298 21 -124 347 -372 -46 163 -131 289 59 157 129 -76 25 384 -482 -91 -379 17 376 313 42 -182 273 -409 78 394 -350
-86 339 -318 -231 343 239 450 -467 192 145 -61 -48 470 65 -447 55 -368 -508 464 -334 294 -502 358 162 -380 419 236 150 -352 229 314 125 -39 -122 -222 358 -453 -278 -32 -262 88 293 -346 -241 -167 447 434 -504 -97 428 192 251 -71 -105 381 129 -266 322 221 199 -242 99 -234 460
301 342 -83 -464 -116 125 -337 -431 -251 -467 260 302 245 353 -510 167 462 -160 -308 -414 236 309 102 -444 91 -313 395 339 282 -129 -386 -255 -279 -293 436 405 452 -306 -311 464 -350 -466 121 -221 -59 -312 354 118 -128 -402 371 377 -405 249 -509 414 422 -113 -91 437 222 404 97 107
-340 -403 -85 -215 196 -485 -177 398 20 -382 239 -404 -217 477 489 482 91 -369 102 -388 252 450 -176 -320 -55 29 128 -480 -346 -390 -424 -114 -140 235 333 -468 -187 274 496 456 -450 73 75 -7 -166 161 -60 -235 -421 -384 416 -189 -258 447 467 -117 441 -342 485 -321 -402 -331 -85 -2
240 -254 493 328 -428 -364 367 -355 312 191 188 -152 -299 -326 -410 259 -102 -97 -66 -280 -250 364 -407 236 505 -201 -337 -437 -179 339 -363 -242 168 357 -76 81 232 123 -508 -460 -160 -394 371 198 440 -234 489 -471 466 114 113 300 -46 85 -165 -228 193 436 -15 -21 -348 -444 -171 189
-366 -144 206 -440 342 246 -98 -323 266 -437 -390 -316 -105 435 -499 374 24 -337 -425 49 -185 -85 327 234 185 111 260 390 -120 327 73 -346 -290 335 318 -100 -364 -262 287 -448 272 -353 -236 -496 -142 -178 -258 248 361 -21 -2 -24 -460 -164 428 -255 153 243 -343 367 34 180 134 -274
379 394 -374 -207 150 136 -231 487 -288 -511 342 -237 -448 429 413 162 73 -13 -348 -112 -278 -371 -171 -128 -47 356 279 -127 327 381 -49 167 -287 -237 21 -323 145 -16 397 -245 -25 -279 343 -442 -120 -422 75 439 -190 -493 -33 -362 -297 -186 -353 141 114 132 -13 474 135 -29 -387 -252
-292 -20 -37 70 225 441 190 -60 510 284 -61 -387 412 431 34 -107 -304 -285 345 -7 -381 181 -44 -343 125 -440 -118 -254 -370 -38 -151 -188 137 -331 410 -195 -171 507 362 382 -227 -5 -476 -416 -81 -305 2 -346 14 -158 -22 -238 485 -118 -140 345 -181 369 -187 157 -256 -236 296 252
8 482 334 333 420 -458 76 237 17 382 506 121 152 -358 394 67 -347 274 440 -69 -149 -473 425 382 -312 -399 -331 -400 211 22 329 318 293 218 -97 482 -426 307 276 -297 -177 316 168 -238 -487 -475 -493 484 150 358 325 310 253 498 -62 -429 -175 -355 -306 293 24 295 181 -96
359 -388 -432 85 63 138 -402 -275 -40 -229 -89 -183 -433 -120 -219 -176 124 -172 -104 9 334 -176 509 -465 30 -365 336 -33 -224 -132 -169 -199 349 -52 -182 -36 117 -278 -371 116 207 483 -503 -215 -354 257 -160 168 -496 430 -384 -186 -322 -452 193 462 -178 13 -277 -241 458 -335 -319 -493
64 177 -224 -302 43 -468 152 166 114 -54 144 43 -289 235 240 -258 -464 -28 118 -92 67 232 99 378 13 468 483 466 -28 -294 360 -405 -245 -330 -47 365 127 -238 -484 356 457 -415 103 351 323 -7 319 -165 18 -153 -321 150 -305 -334 406 357 -417 408 -427 -502 415 209 223 -118
201 309 -408 -80 -181 84 -468 -286 267 -403 -146 0 212 395 -272 74 304 -358 190 -44 402 -417 -177 -100 153 -230 -408 -170 -425 75 392 -417 302 451 96 452 2 -211 326 -352 -365 -415 19 356 -58 374 -486 163 -95 162 -488 397 373 -286 113 -60 16 -374 187 287 -210 -336 -397 -159
-366 -422 -116 27 335 -362 -398 -283 -84 183 -53 175 -275 -339 321 -124 -113 358 201 349 140 -27 -305 11 -202 -318 -191 -447 -6 388 -299 256 0 -121 -103 40 -4 -33 496 176 -485 -182 -167 193 -496 -155 -494 208 -425 -226 64 -409 236 -278 260 -458 105 -281 -93 215 509 -418 -21 253
-405 -403 140 -344 -346 -35 -385 -274 75 83 445 100 346 306 335 -231 -438 -43 -24 -134 354 -339 503 -476 279 241 -142 -313 -474 93 53 -223 300 189 -152 -498 329 -250 174 -467 -308 -345 -207 174 -240 -58 55 -387 -124 491 -322 443 433 343 56 -301 -8 -471 158 417 -442 -151 -38 -371
153 69 -380 236 329 -441 -386 -57 -148 -15 244 -205 322 -205 467 -489 -411 -486 207 -390 -42 156 101 425 99 -173 278 172 -477 318 -493 39 -470 105 -122 -24 208 340 -165 -86 57 -464 390 -321 136 -349 475 92 104 484 393 110 154 361 -199 -347 19 -75 227 -446 461 -322 -303 -287
382 -322 359 157 200 -54 -443 -504 -142 148 -458 35 125 237 385 -201 237 84 -474 -237 284 247 290 -371 8 -207 216 -225 -186 -438 436 490 256 114 423 44 167 -271 -350 -480 475 -254 -326 -104 436 -317 -398 219 354 46 69 -260 505 238 -44 -203 487 135 -131 -133 356 -489 39 312
-120 -375 -260 -378 -331 -31 -72 193 -216 -391 432 -42 -512 -388 272 164 416 165 -190 0 -291 181 -169 -465 412 -45 433 -10 74 -200 -60 218 -325 -342 -312 -212 115 332 -364 385 415 -49 -91 -148 319 -328 25 -270 39 30 234 496 449 66 337 33 376 -399 -333 226 -117 -117 -343 242
-390 -143 -3 -435 307 -168 97 -305 -379 392 484 -263 334 511 344 -72 -98 245 -473 426 -301 -335 492 390 -230 -495 -510 498 509 -328 489 331 -174 62 206 99 -96 242 -428 -33 -98 -463 -47 348 -428 115 -58 -38 -265 -117 274 -436 331 -397 -10 -94 475 455 453 87 167 -184 -182 486
-101 133 -180 -399 -456 -482 300 -190 362 -87 179 403 451 363 104 329 -32 -509 -438 -184 -327 405 -286 146 -1 130 276 53 -246 211 -496 -504 -497 380 -484 504 -408 93 5 -181 -241 92 410 400 302 -42 186 496 87 -128 -342 372 122 -510 -272 37 464 388 -42 -41 -213 -247 293 182
-426 454 -503 193 -461 -420 364 -309 -104 -211 11 -333 -406 329 145 283 335 -144 -417 -336 152 214 466 -87 -111 -400 73 -170 -84 377 -58 196 -253 -265 -283 227 481 330 -73 -253 -193 373 220 498 -362 -151 -13 -340 -352 -78 14 -478 -171 182 285 -439 353 -475 -227 -189 467 -429 151 -486
-164 406 313 53 255 219 118 256 -492 -290 419 295 309 -505 -169 424 491 263 -36 -434 352 6 45 150 -64 -63 106 8 388 167 322 33 -24 -425 -369 298 -219 497 -399 151 442 316 -441 242 275 315 472 427 -111 -151 440 -365 -422 250 278 -6 133 -266 -110 501 -348 -503 138 95
-144 190 -37 504 55 -134 -274 175 1 -133 -254 -132 335 -89 -236 -438 -120 -149 -151 -98 -247 47 -162 -413 8 -3 2 20 76 501 -197 -337 -50 144 -436 179 -163 -346 -38 -42 -381 -95 167 26 28 -49 95 512 80 408 -243 28 -149 93 -319 -95 277 -237 219 -257 -68 250 207 356
430 11 35 98 -402 -224 -202 -320 -292 -51 -255 -235 -217 93 -46 150 -466 263 312 370 451 -295 324 40 156 460 -503 213 -501 120 342 -124 372 288 492 -265 -278 9 -339 -141 331 99 353 507 -416 407 -440 405 88 400 -399 60 -122 -7 -133 125 -42 247 -246 -333 315 135 -80 400
-384 -351 16 47 -89 287 -333 428 -252 428 36 311 229 493 -470 -469 324 131 -402 -268 79 306 -129 -198 -183 -334 32 -110 -441 402 -511 -305 -269 -474 321 -152 323 16 -495 478 41 -145 99 27 508 -248 -303 -391 56 72 -231 390 351 238 210 -43 508 -449 470 -172 110 -230 53 252
-262 -263 -324 155 384 61 378 51 107 -428 -442 196 -260 198 138 -382 -199 16 248 -8 238 103 -227 -364 424 484 -303 -282 -155 92 366 464 -306 511 449 137 -330 -370 -287 -30 192 -347 258 -286 -33 76 145 91 66 190 -379 195 213 324 -156 125 363 -229 -34 316 199 427 -220 -330
-161 341 146 -82 -417 -372 -455 289 480 77 -184 -151 -390 -43 -256 -82 35 -83 -434 243 -163 21 -199 -202 335 145 -100 73 -68 464 506 -183 -77 -133 392 232 -38 84 343 320 -266 22 399 508 19 51 493 75 -113 -176 166 -478 -223 -336 -324 469 -305 463 410 -318 -153 377 307 429
310 -10 231 477 -484 -46 -212 -42 -326 -470 -298 -296 288 -23 -428 124 -265 -78 405 418 -402 103 423 -122 -363 415 246 431 270 263 262 -46 199 493 -144 182 -395 500 111 61 -142 26 255 -43 480 -385 205 -263 291 -100 -201 24 -176 -254 445 -411 -19 -148 216 -22 -149 -138 176 -429
-138 170 -232 229 -238 -479 331 -449 246 -478 -12 -407 -380 466 -453 299 425 201 -58 310 312 -10 -240 -195 -46 -443 161 -29 -185 12 224 42 356 -263 413 254 483 -145 -485 -480 113 -184 389 163 82 -241 -169 -337 -377 263 166 -196 112 375 -349 461 -247 -178 420 -172 282 44 -176 53
-457 -389 31 -448 -453 206 311 -511 -53 155 425 -436 57 86 -28 -156 94 -188 -335 -334 202 113 466 -508 -288 -141 -78 -56 33 -88 -399 100 -61 174 44 -476 152 501 79 482 -263 -163 21 83 -16 476 -401 -397 -175 -165 170 -99 28 415 -280 263 -144 134 -360 -393 116 393 -38 112
-231 -250 496 -483 117 -241 77 -234 -309 415 -382 -61 -76 156 -389 87 -327 161 -116 485 -444 -248 -272 -42 -511 101 383 -139 35 3 502 -444 283 -135 -478 15 319 -182 138 -131 -366 -505 -17 -478 -308 118 -32 12 226 -291 432 -421 18 338 445 384 -332 276 30 -400 475 -272 -463 -190
-8 -236 92 423 -208 332 259 -45 227 -164 492 -401 85 467 505 -247 -473 -168 -104 124 -64 -292 -337 -504 39 -29 491 -425 -103 -17 -372 79 -328 51 -368 -61 72 -416 332 -477 -130 433 358 -268 -115 178 -223 16 -258 45 -195 -14 189 178 169 410 -383 -301 -39 30 453 -342 8 -373
-268 -355 76 143 -337 57 417 227 -93 -66 77 -340 1 65 467 435 377 441 -453 -183 220 48 -193 302 -93 473 -504 174 -181 322 -441 377 405 477 -28 466 -292 147 495 22 89 -399 229 79 -448 249 258 -121 232 -362 79 -68 -13 -400 -25 479 -222 335 -492 -488 -236 -415 -427 461
34 -316 365 -145 30 -422 -174 -168 -203 -16 -171 -425 -412 339 188 -302 -268 -55 368 -400 -498 122 478 465 218 276 384 -147 -63 214 60 139 488 -116 -93 -245 312 51 261 481 4 -299 -36 -280 478 -137 463 -301 -292 500 140 93 -398 411 -118 144 -370 99 -130 202 257 -384 -313 -17
401 -478 -19 -6 -249 -78 -498 -399 277 -491 101 408 -406 -466 268 290 -384 -19 210 499 298 -390 31 424 -246 -360 -412 148 131 -409 302 -46 -508 414 444 71 420 -330 -156 260 -510 -415 -15 51 233 -504 76 -374 -328 -359 18 512 -76 258 -453 116 414 -82 173 -351 33 60 -394 -505
-55 323 492 -432 -243 419 -365 -352 -500 -13 -13 -234 -108 289 -19 319 -352 -481 57 373 483 -23 -316 -301 476 -351 286 -427 -103 -175 108 -113 354 215 -320 -349 -115 -296 425 -188 149 107 12 388 -335 -441 -213 139 -184 292 -395 266 -243 -285 332 468 329 -160 -343 235 -163 242 74 482
-417 -435 -61 -300 220 -275 -506 -146 23 -385 -437 83 15 -238 139 -90 -508 -54 -284 -426 130 -132 88 386 298 144 -16 177 -481 74 315 -338 101 503 -361 -352 37 275 3 -47 -28 -432 -450 -83 -47 39 -226 -458 -446 98 495 78 183 390 -100 239 -123 -154 -87 391 126 393 -482 207
102 340 -9 28 -19 -185 121 192 -461 -205 -215 -314 323 54 170 505 -49 133 487 -251 376 -270 304 -362 -414 -508 -165 -9 451 68 504 187 248 -450 -183 334 57 371 -295 82 -202 207 -401 -214 114 69 266 326 266 366 -14 309 -369 450 -8 401 331 -23 272 449 386 -156 -341 38
-223 411 -475 -389 -351 145 -19 -171 442 -231 13 292 364 -285 -278 -494 -208 -389 303 330 360 -266 -511 -77 -439 -182 125 419 182 -40 -468 -96 -173 81 -245 -133 -153 -91 35 -455 14 254 -283 -350 -320 105 217 -126 103 364 358 479 -454 -409 -327 -501 84 -79 275 -497 505 -431 -129 397
64 -40 -386 105 324 -206 315 -281 406 123 81 308 -244 238 -230 -325 -412 60 162 503 -351 158 149 329 244 478 -414 -119 -274 140 -141 296 255 96 -377 -86 -244 -343 130 330 489 460 -355 3 322 -45 -448 -153 -281 -247 481 -468 -385 504 -473 432 -175 -136 -504 -187 -171 377 23 104
-260 -248 487 -368 -50 -137 479 -192 389 -325 -440 -359 294 -349 198 -403 -156 214 -136 -171 -62 -179 -436 414 -459 90 435 -164 -260 -320 -95 -402 169 466 -472 -182 -434 11 431 -4 197 422 -111 -453 492 482 384 -431 -372 334 -160 126 -68 -43 172 401 -125 -192 497 34 85 -447 47 -234
-208 311 -301 451 289 -44 -507 -456 -98 -308 -332 -244 -281 -103 435 -226 174 189 338 354 -426 62 29 -366 -223 498 -401 -473 -88 465 306 -490 41 130 -219 -271 464 15 61 413 -462 -294 -321 213 402 -282 215 -344 -278 -436 -286 54 392 -69 -192 266 310 -402 -401 -62 235 199 142 152
