419 -484 -171 -449 255 -219 6 -57 347 -367 -105 267 10 383 -301 463 443 -491 10 275 395 -124 356 98 -391 -135 476 475 354 134 -511 -247 184 -254 155 -273 468 279 407 -181 452 395 251 -208 493 -398 -509 325 -223 -8 268 486 147 -263 422 -37 297 -286 -321 -442 299 28 -338 303
-214 -168 -351 303 22 305 298 407 333 -323 214 -375 -365 -280 361 -285 318 -426 -60 -39 231 96 184 -305 456 -204 76 192 234 271 -290 438 -396 -109 375 -291 44 -317 199 194 -250 448 438 -154 401 35 413 112 297 -478 -268 486 70 107 370 448 -244 -191 -346 -156 292 -370 182 200
40 -79 -45 312 374 -98 298 -122 -383 244 279 245 45 487 463 -159 329 -86 432 -492 123 69 -341 137 -415 -473 -385 30 -107 -295 -1 -182 -143 -338 348 154 220 -131 142 -370 247 135 317 62 -398 -138 -330 -181 -207 233 433 291 423 190 -19 -464 -507 -508 -131 509 -171 -93 382 -357
-230 468 223 122 -123 -316 167 222 244 -171 126 12 174 266 5 192 236 -154 -267 -69 175 -241 -34 191 323 206 -27 -350 96 -161 101 -69 -285 133 35 36 -462 46 -285 -452 202 -275 -219 302 71 0 -70 306 187 -251 152 100 235 -57 136 141 -351 -227 238 37 128 -354 -414 -23
385 -81 437 225 -308 -189 468 413 -150 314 382 -318 105 228 327 -173 -260 50 -233 184 410 -53 -453 -30 -58 -1 301 442 336 -269 379 368 -403 -401 235 -219 95 321 -303 -128 298 49 303 -56 174 391 -212 499 -281 -261 346 -336 34 116 222 -439 71 -161 -64 11 245 485 -428 -131
476 85 -86 -12 98 -106 220 207 92 502 38 94 -386 263 -111 405 -40 75 229 -361 37 261 54 -47 205 -235 -388 -318 51 -167 431 -183 -272 161 -428 195 147 -41 491 -480 -144 281 117 -314 180 -237 -264 -419 224 165 -222 -205 -191 435 -354 -374 -462 303 -161 229 -321 379 -219 -195
237 -114 273 -261 424 34 -492 -185 -357 95 -491 478 497 -347 230 241 505 315 462 72 -180 423 -413 -167 87 392 -29 182 276 -277 137 227 -145 158 159 -83 498 -434 501 471 -123 -55 452 -195 -20 -250 -8 -390 200 254 -438 -19 438 -482 146 116 -59 -86 80 218 -336 -430 387 61
-463 496 -429 287 399 485 -387 282 -55 217 -395 -166 106 -472 235 192 137 -247 89 217 -259 -290 -359 65 168 130 -260 -332 392 -255 420 -277 53 -15 324 160 -369 -290 -505 10 -439 -482 -30 249 -340 60 63 403 -17 -89 -220 -220 72 360 337 -504 -415 -95 -260 -367 -29 -465 -237 -510
43 -219 -97 -455 -496 -235 298 -421 -505 250 -507 -386 -221 -73 198 265 -347 369 483 -11 -340 -462 -209 170 250 -211 -17 -60 -396 -47 -75 -488 -197 465 -133 -442 -23 425 -6 -118 -276 477 126 109 64 357 492 -81 -70 43 361 -476 10 157 -360 258 419 -14 -493 76 309 -221 54 317
498 494 -295 319 376 130 456 231 -107 -47 -169 460 -128 136 -445 -208 -425 -501 -479 455 -24 469 -92 -254 -419 72 286 311 37 -508 337 419 28 -373 473 128 325 -132 -311 -192 347 -6 -230 286 399 209 57 68 -301 213 -83 120 -292 176 501 27 473 469 -420 -494 27 -458 360 131
-276 -273 123 -132 178 -482 195 -484 -120 -371 -307 511 109 448 221 -29 -71 -313 499 433 -1 488 -276 -283 350 150 -191 -111 -155 334 -456 -311 -14 -10 -294 -406 -435 -257 -362 51 -41 356 215 -492 -158 39 81 -294 197 453 102 349 -275 12 404 -491 102 200 -295 -341 417 -479 62 129
288 -508 -64 334 164 299 154 206 203 457 -308 -22 156 -14 391 -448 -454 125 -188 -81 122 -254 -63 -506 391 -219 -384 277 80 283 -432 311 -172 -391 80 -406 219 -233 -476 -91 371 -390 -11 296 215 -47 -175 208 130 307 -244 67 -449 425 491 232 -316 260 -217 -191 -5 480 -265 -60
-473 -269 -37 168 -127 -413 359 462 478 91 -486 -25 -45 413 -505 429 299 -274 90 -75 184 178 430 222 -347 195 101 -375 138 -320 280 -98 441 25 171 210 25 222 -121 303 483 435 263 291 -288 -179 101 -325 -116 43 -384 201 283 -273 272 403 494 487 -344 480 -84 -467 359 -207
-74 170 103 -282 142 -278 148 465 271 -12 -8 -338 387 198 118 -294 63 108 449 349 -45 -28 -101 355 26 -251 12 459 37 -68 -193 -340 259 -9 122 -457 306 -275 -348 188 -192 -309 -111 -409 -86 -505 -183 -492 126 259 116 -504 -347 422 -67 494 117 321 268 426 114 198 -473 -203
-437 119 -388 266 369 -485 46 284 353 364 -68 453 -4 -319 507 98 496 165 -137 207 406 452 -334 -6 472 -191 83 64 -495 78 -366 -245 449 -196 -503 419 16 -289 502 -305 27 173 356 77 375 492 172 -32 -201 -160 -443 -297 -319 431 420 101 273 -439 432 -288 -117 -236 243 473
-419 502 257 -497 437 300 280 -413 39 407 487 -166 -283 161 -130 286 -19 80 78 -20 465 -30 73 -244 -259 211 -363 -446 -11 -431 142 457 190 -209 114 -24 253 -456 -217 290 -232 -254 -82 -359 40 326 -223 30 267 -484 14 420 15 43 -431 467 477 -29 441 -326 -229 38 3 -358
8 -58 55 -59 264 362 278 475 488 -291 491 147 406 -38 323 -374 -195 407 -466 -298 -241 166 -329 -267 324 340 -372 505 -359 -397 484 99 -100 -21 -248 -408 -434 -508 511 335 -118 482 -468 -172 8 280 353 392 -129 -55 246 -9 -283 368 53 -320 16 55 -450 164 -321 -361 360 -50
206 165 30 -91 -401 289 193 -79 -216 -355 -476 -152 -307 497 -391 163 507 303 180 455 331 184 -40 -398 175 382 -156 39 -411 324 258 77 -504 -205 -97 62 -493 -20 437 -19 -315 133 403 368 -458 22 85 506 324 -17 -248 -227 336 228 292 -496 452 9 48 -46 -71 -160 483 -121
37 -296 -16 480 351 -349 166 -18 61 141 432 -220 388 306 106 -123 374 250 258 -209 -444 -276 -387 270 285 -61 220 198 452 -150 -146 266 -202 -82 229 48 327 -318 233 -13 394 490 -289 17 220 -408 -127 -364 192 78 378 305 130 53 182 232 -34 44 373 -275 -247 487 -417 -19
267 395 268 471 -120 -145 400 195 -238 -394 -267 501 -350 225 155 138 343 -17 -414 -502 222 -105 18 147 228 335 413 -439 309 -48 -156 59 -201 -455 -482 6 112 472 -26 -337 -281 197 220 310 312 315 -461 -443 480 276 -256 -21 -58 -223 -406 -324 -14 -107 -199 -151 -280 -220 31 204
-242 88 174 237 -26 112 -12 354 -28 17 317 -176 -122 -363 404 -148 427 -323 44 -239 234 390 -506 -489 2 -62 425 450 309 110 -222 98 -368 -338 -354 142 -78 77 -22 43 -274 177 -101 -500 88 -83 -220 166 139 242 -279 184 194 -169 464 -391 -291 -424 388 -212 -509 -304 -72 -72
-16 137 439 181 -305 11 -83 169 0 -400 -107 334 374 -64 -457 104 275 -405 17 219 -244 272 -499 438 498 -407 41 82 183 489 205 340 -398 277 -510 -129 141 -57 -24 -319 265 -20 139 378 -292 -204 373 446 -27 90 25 391 -21 -203 -328 380 296 -193 108 371 61 305 126 239
230 -423 -109 18 -379 416 -189 325 -31 -142 -185 460 285 -359 -22 122 488 312 234 211 -50 255 -463 322 -193 -61 -12 -173 492 35 -408 231 -197 359 -16 182 -99 -213 -291 319 -458 58 -358 458 -506 392 507 420 -61 178 333 434 180 344 24 254 81 269 428 471 190 -416 -20 74
-342 -115 -280 389 237 55 -348 -196 -397 -142 -230 397 197 376 -128 95 325 -375 503 -287 -46 117 -230 -26 -196 -398 424 335 456 52 -308 -51 -97 -378 247 -6 -14 -336 177 -230 -198 -106 -298 230 194 497 192 -465 -425 -86 -81 157 237 246 370 -416 -193 296 -343 203 -322 302 475 -432
148 -26 426 136 341 430 -31 478 239 441 -508 378 -223 -162 87 46 -259 150 418 406 128 -475 -306 -37 -348 96 -264 -234 -233 203 277 24 -231 146 -498 156 480 176 -448 -46 -403 28 -198 -441 -313 -364 501 -454 -39 -379 -410 378 -466 160 -483 389 419 451 -451 307 489 -90 493 303
508 238 251 -252 216 242 275 405 116 137 263 -170 422 -374 29 -246 -164 -475 415 91 -194 -37 203 -70 302 -147 138 -505 102 -103 376 -183 398 -511 27 187 -28 -177 313 211 328 439 -352 -412 -4 444 -373 474 -213 470 -47 478 -239 343 114 -323 -350 290 -128 -408 -43 -490 -490 -415
-412 -358 -203 -90 -436 -183 -136 225 380 37 -228 -68 -23 -365 -231 -431 -77 456 -183 -185 -335 -271 8 -265 -211 443 -342 335 438 -321 384 437 -306 178 -285 344 432 382 340 373 -214 248 7 -86 73 -10 320 178 -152 -474 -445 457 -160 259 182 -476 449 258 -502 -200 -86 -59 -310 297
-397 -456 234 379 98 486 -394 -215 -430 -454 -407 -199 -145 180 380 438 -316 -443 440 -129 -160 -404 -196 -433 503 -5 -278 -81 30 -431 149 213 293 -408 419 -443 -418 92 -256 433 85 -271 -484 -58 -267 84 331 189 228 143 212 356 75 -312 -133 253 270 -495 -509 379 432 -51 -246 -432
-308 -197 382 -469 -496 -251 254 -136 -408 -326 -330 444 -121 -56 -171 42 353 -350 -448 -161 354 -69 -362 -267 366 -123 -463 89 104 136 286 25 432 -415 365 275 -70 -275 268 423 246 -280 159 205 452 -132 -345 -424 -91 -46 -1 -262 108 139 -8 -510 -329 112 144 -216 370 -143 -187 5
-235 8 -17 371 132 -131 214 -128 501 -416 109 -373 -29 15 -328 220 306 -380 454 279 -299 -253 -168 -501 266 83 -440 -157 -165 14 194 453 -334 -244 -251 -305 449 242 271 -121 -346 476 -203 349 -386 -186 -14 -510 -244 209 319 184 329 -113 65 264 -174 -343 -123 -128 -160 -360 111 502
37 394 -317 277 -15 207 -291 16 339 186 -341 122 381 -488 -282 -421 289 -445 -23 -462 -235 -38 -295 218 118 29 136 221 463 236 414 11 275 -215 44 256 -85 337 -499 327 122 354 -175 5 -506 -349 -44 -54 42 -188 347 179 -454 -463 265 505 392 -242 -376 -3 290 27 -311 -238
-195 -303 502 -51 162 -239 235 -498 -476 -500 -69 282 -96 342 248 -114 -326 299 -110 -401 -32 -318 92 -363 147 -293 203 -167 -59 -482 -271 116 -295 151 176 -2 -368 28 58 -148 -394 -112 -16 -95 -429 395 -485 436 447 54 283 241 -487 133 -94 314 399 -248 416 38 258 -36 19 -74
-349 -338 -175 173 36 -408 440 220 326 -14 -418 -390 119 381 -189 258 34 -80 294 -201 328 485 -356 -206 222 -44 272 -238 -20 411 -285 164 -155 66 249 -462 398 30 343 -60 -314 197 -327 31 -361 -427 327 510 -502 215 328 368 -408 131 145 -483 358 -282 -265 -411 -203 -263 160 253
435 456 -421 176 378 -368 -503 -480 -313 4 -200 -422 -473 -252 -462 376 -132 -234 -307 495 33 -122 -428 -431 59 382 454 -84 181 18 -185 -233 -138 263 -87 -499 -186 -483 -206 -430 -429 -509 215 -497 -146 37 -138 439 -500 384 27 -87 -94 251 303 446 -461 -277 -187 -372 -389 385 243 -164
-351 461 210 -351 -326 -345 -482 -185 508 -164 -385 -173 -169 -423 440 -327 104 117 -99 -266 -493 -411 -81 204 192 99 113 -31 -244 208 345 -323 -156 -378 247 -355 392 -181 410 79 -250 -47 -252 -58 141 -468 -498 350 -469 388 429 422 387 429 -429 24 -387 -333 147 -181 78 119 -465 -387
383 3 50 -369 -403 469 154 254 4 45 47 508 139 209 -190 -394 371 -123 -85 -233 194 452 -389 21 392 167 348 -341 94 -489 56 -67 -75 347 -91 29 434 -290 -194 -189 208 -442 -273 -130 61 373 160 -456 -173 -133 -366 53 -120 -309 507 326 484 -43 -324 -186 -101 395 321 492
-340 30 27 -438 495 -276 38 166 253 191 -193 508 -357 157 -471 -373 -302 105 102 -504 136 -283 497 -247 -14 -79 473 246 95 271 118 -298 -505 -259 -336 178 -134 -458 -498 -273 -1 311 -263 -35 -389 483 -236 97 434 -6 441 -200 -122 419 -264 67 501 23 -295 -284 -28 -238 141 -356
473 -376 -61 -197 202 145 329 301 240 424 -469 251 -79 -32 355 -388 451 -502 -501 -309 491 442 -349 135 458 -197 -483 -143 -190 -238 277 96 -434 91 -308 211 -182 -462 -269 -278 46 268 -69 -58 24 -97 -241 -197 -297 430 289 -21 177 -426 401 -271 -458 399 -254 -156 404 313 294 -160
366 281 156 98 224 -455 107 233 294 -209 -122 400 162 54 -448 473 -462 -310 -226 -54 87 -142 -280 486 211 454 248 137 227 -457 490 256 -4 33 366 444 -178 -396 -312 -350 -273 -84 -269 9 16 405 -309 182 326 -296 472 -424 -62 190 281 108 226 324 -140 -488 -260 -148 279 -250
-15 -93 -54 -270 -277 71 -463 -319 384 212 -259 -353 191 -417 99 309 -254 -375 -420 315 501 -234 -62 -394 -343 -446 246 -16 367 457 -324 192 176 -365 -428 -235 -172 -8 -273 -474 -143 372 478 366 -280 251 427 46 119 301 6 436 -314 -505 -465 -152 -270 -340 0 -156 429 73 375 -107
23 507 187 -233 -364 92 411 171 -352 389 -54 -158 189 -78 -470 -156 433 137 -401 286 446 446 124 371 -132 -234 -486 181 -371 -430 -345 -149 508 -173 -11 369 204 -208 -473 -13 -410 91 -337 -455 -461 456 -87 183 22 368 297 -24 463 402 42 431 121 334 55 457 104 -89 -426 -277
-188 -118 -368 451 -436 -45 -487 -170 -45 361 -459 -447 -414 285 470 395 375 -197 173 165 -365 -100 91 -406 380 -407 227 -297 174 501 -104 -281 9 -441 203 80 -217 128 166 187 304 395 508 -42 385 154 -360 -331 -333 -434 -211 106 -409 -414 -107 273 -322 210 484 201 -453 23 499 -485
-415 -131 -58 244 -286 421 446 -152 -262 0 -29 -469 -271 -503 -249 455 186 -325 -460 245 -127 -100 -490 -469 -188 -380 312 -191 -134 -23 -457 -428 -104 99 113 -430 207 -120 367 149 -104 462 431 -382 -145 347 -487 253 -242 213 433 363 -284 344 -499 446 -284 28 256 -469 478 158 452 421
509 -201 -22 443 -34 70 -411 -154 398 -91 169 87 -180 199 -249 215 405 -264 432 478 96 378 345 -196 -230 347 77 197 491 -264 200 -28 487 93 179 -175 -327 200 462 37 -244 160 -255 -224 410 -337 325 -429 117 162 186 457 -30 18 321 -426 110 -211 -267 208 361 -264 55 -434
512 200 -353 -129 291 -430 -292 185 -71 130 -497 57 -99 -280 261 -174 -51 425 -73 208 103 160 294 467 -369 258 217 -121 211 -73 181 -346 -324 -122 346 -45 154 4 -143 -75 -261 71 496 -351 -184 324 202 378 -73 204 -322 48 288 459 -77 493 260 189 223 387 -243 -96 80 336
-486 505 415 -122 -276 319 90 -253 117 -231 42 -262 5 -490 -76 -384 -35 -79 -189 -103 88 -111 -243 -94 461 -339 -240 49 -242 -23 -256 351 -55 -231 124 358 -388 -25 -9 412 434 -418 335 138 -373 426 464 295 82 -152 -73 -1 482 500 113 -412 -308 -40 104 459 -216 18 471 -378
451 61 -12 359 -420 160 -320 -415 -146 -154 -332 -100 -4 93 -324 287 -404 431 404 380 -158 103 -167 -495 -468 207 -57 -173 -392 -71 273 -392 75 219 -430 246 -309 238 -192 235 463 -279 206 -480 394 -424 51 -120 -404 -381 -365 71 -71 -471 -278 115 -41 282 -212 429 236 116 14 -112
368 -349 450 -313 59 96 298 -21 -146 -68 9 -493 -357 372 256 307 -121 301 370 374 176 77 -21 248 -486 266 -226 -173 -96 33 377 -488 443 216 -436 -472 -3 428 337 408 -22 -347 -161 -382 509 -376 -197 -482 -484 -102 -201 308 -148 -319 -317 159 -33 365 87 372 -26 -149 -21 479
357 -351 400 206 31 380 -201 68 -420 -121 478 128 -52 165 486 305 -30 446 -423 -13 -176 -85 -271 -10 261 355 -5 199 204 108 41 -322 159 130 103 412 377 -207 -352 -74 395 -453 191 -294 207 347 301 205 203 -511 -287 -253 -180 417 250 -255 147 95 152 177 439 374 -367 468
430 -177 -40 366 -50 -87 47 413 51 -133 -271 112 414 -137 332 -504 383 -493 280 -165 -237 148 -271 171 -365 -277 47 330 30 307 280 -321 423 -39 -186 103 15 79 213 -375 -112 -445 347 185 -474 -72 451 369 449 468 -511 -417 293 68 111 264 -207 291 -104 137 -142 -149 -409 36
-153 -151 368 468 445 -325 -205 -491 78 -267 -307 211 372 -83 28 -8 -320 -441 60 -361 -32 -442 226 41 382 312 346 -370 -277 -123 178 234 -454 70 -167 288 -62 219 -249 -206 -100 -369 469 -163 -249 410 -115 448 464 -309 246 -135 424 -74 324 -237 -46 168 -262 -22 6 41 127 335
368 353 320 -292 340 246 116 -283 303 424 -35 -203 -486 63 -102 451 -91 -387 -263 -337 105 161 -433 442 291 174 -239 -152 380 371 147 246 -498 489 -136 116 -52 -25 -47 172 -60 303 121 142 463 -354 -37 -463 184 -353 -62 273 200 -435 130 290 202 -322 316 367 -493 -80 -435 295
-83 -487 -241 334 -169 -326 499 -2 -337 215 -496 -58 224 -142 258 -55 -505 -275 -157 81 -492 72 -145 -175 470 -55 94 -384 -351 303 -352 238 89 317 -32 -492 435 6 -210 -44 -49 -508 -342 -21 -332 106 387 -453 74 139 -75 409 -341 456 -185 -98 -240 455 -22 229 487 213 51 162
266 -506 -479 422 -487 471 -333 -28 198 273 183 -358 -259 -57 -428 -131 123 -120 -334 -164 -59 257 432 457 422 421 118 442 502 496 -121 402 -207 82 435 221 459 459 -222 360 -126 472 -2 -246 167 -477 481 332 401 -403 -137 -419 371 207 -155 -442 154 304 106 390 -183 -496 -325 -492
433 240 -78 -241 -139 236 464 313 186 -253 -225 73 47 -426 -362 510 -42 -262 -425 48 -368 68 -5 291 201 -116 -227 -498 -329 -62 -469 -54 173 -455 -46 290 246 474 424 399 177 2 188 -276 -64 -221 -201 -61 386 -464 -415 66 334 91 107 402 -297 -240 -447 500 -242 -242 -198 485
275 429 72 -389 174 433 -382 79 295 -212 163 30 483 -310 -443 -161 393 -300 36 372 -371 231 414 168 -30 480 26 -28 -23 -119 -56 402 -390 -327 -192 320 -374 -458 402 -407 65 -158 -63 193 -7 371 -250 412 -39 456 -505 -72 468 -98 -53 -116 -294 505 96 -6 -445 507 13 -248
-17 -440 -252 -15 -354 437 -306 59 -338 -467 -280 -245 -499 318 -4 83 370 155 290 -423 -459 23 226 501 -116 -207 269 -224 446 -279 101 386 -153 -380 172 294 297 324 -420 480 81 -233 -23 139 -438 -68 377 -504 -485 370 236 -496 15 -124 463 -397 293 -15 489 -274 -22 -315 208 -408
367 -354 408 221 -267 -23 323 188 254 380 -328 443 -223 434 -257 158 122 -453 126 -485 250 -446 -455 202 18 224 -156 -111 -106 -408 -119 323 15 -503 495 -285 494 -145 309 -70 274 -303 473 -49 502 401 91 318 -80 -497 27 -257 243 274 -484 177 406 489 330 182 487 479 128 292
140 278 451 78 501 -369 -260 418 -465 158 -398 262 -268 172 -96 401 242 145 53 12 -89 447 139 234 -115 -194 -259 94 242 183 445 -379 -24 328 -339 404 126 114 -237 397 -29 -318 -446 342 274 250 -222 382 -375 230 479 -309 -174 103 -481 -428 -133 346 495 -384 99 -109 -201 367
-193 244 -24 283 -450 -442 382 141 -102 -247 -250 -173 399 -487 -222 160 -352 -454 -353 -175 392 425 -105 -114 -339 283 235 100 -253 294 -435 -92 44 84 -301 -206 442 79 -367 -225 -451 -281 285 38 416 473 -49 -171 273 -312 -383 -353 280 199 -437 -248 384 311 282 -20 97 132 -443 -141
136 -371 435 347 -141 -301 -138 125 -198 116 346 -295 -135 301 -346 -19 294 -72 -372 124 48 -216 196 414 250 -27 37 -255 -26 254 -497 -198 231 -495 -135 -422 348 -88 351 -199 -389 -221 140 -212 204 103 410 225 -15 404 -235 -314 -333 232 386 -485 -254 -21 -380 405 464 280 360 277
-91 -322 284 -83 3 302 -386 -83 379 452 -51 428 -151 -408 236 -263 -221 142 -206 -108 110 45 197 -155 12 -412 278 56 -140 75 -170 20 86 53 -278 -304 -113 436 41 348 464 -373 439 310 -15 -262 -377 25 365 -55 -122 77 33 41 -213 -181 183 -432 45 -129 -94 -388 -400 461
408 -261 216 -138 -407 -243 411 181 198 -424 36 497 298 -207 -438 -175 -391 -49 -410 398 -418 -245 -133 45 122 358 339 -260 452 -330 360 244 477 -142 -129 -379 -262 -121 61 -38 479 -284 -36 266 -76 456 470 415 -402 -342 118 238 328 -384 128 -378 284 371 373 238 49 445 -116 352
-413 -282 -89 -13 -72 -202 79 -356 -379 218 419 -197 -309 322 263 -59 -154 191 -421 327 -429 55 -455 151 126 180 -66 293 -129 172 296 248 195 -190 172 -260 216 358 -201 -246 88 285 42 -17 452 -213 -353 -412 142 250 348 -493 -498 85 438 -361 177 191 218 -223 -163 52 96 -144
