416 443 238 170 -192 -335 130 -105 273 384 -63 147 -230 9 362 -493 -257 -50 -351 -95 152 93 214 148 -479 -67 34 270 99 373 -53 -23 187 -221 -120 491 -277 -256 -153 393 -108 264 370 -351 35 -130 -162 -21 -237 -504 -134 -475 -260 308 -270 -264 254 -121 -405 18 -378 370 476 -286
245 -356 65 -292 349 -506 344 87 -164 419 -337 -453 -294 -486 242 -12 173 102 -308 498 47 92 501 -271 -505 -369 399 -59 141 106 93 452 195 51 231 -156 -313 -45 -9 -18 -329 392 479 -503 -88 158 -337 -283 126 -167 -290 253 464 122 337 -168 -396 -391 179 139 -12 -70 302 -509
-131 25 386 374 -228 5 179 320 501 16 -94 -72 -247 223 363 276 -214 25 119 298 31 78 -213 15 -317 464 268 -180 500 -500 -8 -235 -301 -502 164 -243 -233 511 -187 238 -283 -258 -10 -511 74 104 66 -386 -250 -434 -78 260 -247 -264 205 -294 -481 505 304 414 -73 28 -408 39
-86 -295 -73 -145 199 -92 -66 -49 -153 56 351 -316 143 -122 -342 184 -9 -23 382 301 -506 363 359 79 -461 -36 385 -79 -446 221 427 -60 436 -140 84 508 135 -203 -320 250 151 494 -268 162 -478 -328 -39 -266 349 225 -376 -454 128 -402 283 -424 -159 -164 -384 365 300 13 457 375
361 -408 -388 188 -196 -189 252 -392 -67 -229 -146 354 -374 -111 -507 -472 -370 461 181 -412 -119 -213 -30 308 252 136 510 -460 19 -109 -457 -14 237 -206 208 310 326 139 -271 280 -131 -475 -131 -462 -333 -115 -442 -422 335 -224 250 7 149 174 -93 348 138 -312 -260 -33 -133 -199 459 129
-262 -381 449 449 -56 -432 -77 219 230 -6 447 311 286 455 260 -386 13 256 496 -480 161 495 -326 -157 -254 510 352 418 -303 446 -116 68 449 126 -83 -13 419 -314 -446 -80 381 421 -401 -420 -157 491 161 -6 221 -131 -246 321 53 185 -134 -80 436 -133 -27 -7 -406 423 -291 -210
-94 156 252 356 396 -182 440 125 -61 -502 350 -175 150 145 -421 -1 483 -273 215 390 -362 -475 149 160 511 28 -433 -313 -17 409 -393 -263 88 427 -91 221 -457 -504 48 395 15 -486 -139 97 -422 311 439 -365 436 -351 420 -31 313 332 -398 4 -449 473 10 289 -325 -255 91 453
173 -281 113 -388 -350 -281 -15 -469 462 311 285 -184 -493 79 443 484 327 -330 59 -208 351 -64 -233 -504 178 112 293 -92 29 421 -43 238 -115 259 460 366 -24 -284 -299 -476 313 88 309 100 -198 -156 95 247 -322 -415 457 106 109 296 462 -338 390 145 230 47 317 -50 497 -489
499 -91 -192 110 418 -375 435 -108 -250 -484 -215 215 434 -128 -4 464 -179 49 -424 -227 -100 305 248 478 -325 -475 -290 330 475 -483 305 126 489 176 245 295 -334 230 -302 -369 -387 280 -122 -28 -468 119 -338 -457 399 231 -156 -265 272 296 -39 -373 -227 432 -479 -388 -73 -464 408 152
-52 76 -337 430 -241 -489 512 -388 157 272 310 293 55 -11 -17 -289 -291 -53 -24 -228 137 -458 -77 412 29 -422 -218 441 -478 -240 -121 -327 338 -76 -21 51 124 201 -320 -507 449 -175 -41 -148 256 203 -364 -409 85 328 500 148 133 12 -55 -281 -300 -330 -313 -80 -104 -24 420 387
-354 165 4 261 87 -136 -343 63 -426 -254 -2 117 263 -98 103 434 153 320 337 -213 207 -461 100 -385 300 273 -412 19 333 303 424 -139 -340 -131 321 248 363 -459 381 -318 199 -364 268 -21 -484 285 329 309 -69 33 -67 419 372 -317 -426 -274 -121 147 328 -292 -291 -270 195 370
421 369 -422 320 -266 299 249 -187 -268 -490 -477 -266 -322 -8 96 61 -437 204 -310 -507 -108 510 -48 100 -339 -91 266 -428 -117 491 -508 162 -102 56 -40 114 231 -165 8 -399 166 -12 0 386 -370 69 123 152 -245 -234 -160 -159 -398 -365 143 133 406 18 311 -415 -287 -189 -303 8
54 144 -226 141 467 97 449 -5 74 -76 249 447 467 -372 24 -24 -407 -253 174 -196 201 -428 108 186 116 46 265 -72 287 366 -5 325 488 510 152 357 209 415 445 275 -206 -200 -303 26 214 154 482 -171 323 -220 -352 -419 -100 -446 -456 -387 -364 49 234 -494 -51 -129 224 509
-167 295 -393 129 -189 436 298 44 -435 -206 -113 -404 -28 -273 137 -306 -425 54 -449 -488 -171 -13 318 -345 -155 259 -403 166 185 180 183 146 75 193 269 -425 -165 -350 -175 461 -66 -96 143 -490 -194 92 -176 -442 -75 -382 259 266 -377 444 -256 -51 428 -235 200 -165 35 131 -237 -200
-344 39 499 -154 -375 165 -395 216 369 114 -322 298 -492 60 -304 -509 -41 399 -237 425 -76 -306 -161 194 137 -186 -362 395 -111 371 -213 507 510 -261 -132 -93 114 -72 -200 379 494 -354 344 -9 -276 473 137 383 16 -350 -144 106 482 1 -89 0 -236 -176 -430 -450 -55 123 432 150
236 469 -331 -225 -238 -82 315 -280 329 -74 284 -43 -243 -473 -19 45 -214 -337 -332 -207 335 441 -405 224 133 108 -6 390 433 86 -174 170 -70 -123 -287 288 -332 437 321 -40 208 311 457 -436 -365 -158 -377 287 -77 -117 503 418 47 -236 -208 36 471 498 189 -454 59 -405 482 -298
214 -501 -392 -273 -226 438 419 150 187 -411 281 377 456 -363 344 282 393 354 320 145 -284 423 383 -364 468 -228 -307 -468 230 -462 308 78 -36 -358 8 391 276 -330 -102 -390 -461 -375 -10 -388 51 237 256 -405 -263 -479 -269 74 -421 -312 288 44 128 -232 343 363 -166 290 -193 -205
-353 -472 -245 -368 -17 50 160 -340 506 141 429 49 215 -236 231 111 -491 348 306 -276 215 65 -443 -109 -499 -105 -374 356 462 48 273 347 295 490 411 -51 -81 414 -80 -199 -429 362 267 249 -389 -500 244 455 -276 457 83 456 143 -336 58 -505 -282 313 249 -257 -174 49 -463 250
-422 -190 227 -211 192 377 -136 -226 -319 -491 208 -352 262 -30 -289 445 -16 187 290 -332 -24 -425 257 -159 196 16 -352 -87 -247 -133 216 311 307 456 10 -232 271 291 466 -66 -65 318 -338 -301 -73 -118 45 -382 -368 82 244 -304 381 423 -384 -211 63 61 -282 200 444 -431 -371 -242
-260 -85 195 396 258 -487 -65 388 -301 -397 501 198 -185 77 -438 70 233 -300 -238 -461 322 417 -300 501 208 269 -471 -248 383 504 -210 185 502 12 322 -123 172 407 -8 318 36 -344 9 168 -493 503 -75 377 -310 -304 15 411 -68 44 255 -37 -142 -39 82 368 -350 437 -380 109
-26 479 -63 -267 227 -398 -446 -302 -22 -12 -107 -333 208 -214 189 -36 470 18 424 367 -493 239 -369 -389 -444 401 120 468 264 365 350 -339 -1 -132 354 -437 -302 219 -456 114 -109 -348 57 412 333 -220 152 51 -33 186 -155 -507 217 428 -142 -502 -411 -277 -65 -451 -425 341 457 -235
140 -393 368 407 -188 104 402 489 76 88 -283 -367 280 391 232 76 -370 429 126 404 484 -135 -352 258 -422 -287 -243 120 256 -132 85 390 82 -253 -61 428 251 501 -6 -204 315 401 92 -398 -55 377 -35 -455 130 -368 -127 -475 63 299 -273 264 314 -358 -89 434 -223 -271 -270 -169
204 385 32 -347 -262 56 -192 49 155 -235 497 238 -282 9 183 45 90 198 314 -314 -274 358 485 -82 -115 -394 -264 -466 419 -312 338 119 368 -212 212 396 17 -53 -510 99 220 174 -435 -21 -108 -309 119 -436 -396 246 -511 -322 239 106 -86 271 296 -343 159 -336 -435 215 104 152
-240 -135 283 449 -339 -47 504 -217 169 316 429 -39 -357 91 381 -397 -181 -362 -296 -154 -127 24 139 395 -28 -337 267 -204 -179 -113 -148 273 1 -331 -253 -91 50 -302 -220 -505 407 78 363 -62 317 186 219 406 224 -311 287 223 232 -25 -330 -29 116 -49 -366 19 206 283 172 314
-42 -232 201 74 -131 -325 -484 -154 -492 152 262 -306 143 504 108 326 -49 289 -316 243 -188 407 189 -47 -509 -360 -425 -319 -132 -366 -120 -378 -497 -14 451 341 103 -129 430 -156 -217 315 47 -155 -363 -124 65 468 -375 45 -252 306 -399 -38 491 -132 474 353 -427 -332 354 -126 -279 -504
69 172 -291 -5 -199 322 284 -196 489 -314 499 105 -308 283 450 -400 229 401 -244 -359 -141 -474 -142 -212 -372 -172 143 299 333 44 268 119 242 391 181 83 439 -340 19 182 268 68 181 137 141 -409 -399 -295 276 333 450 229 -234 -408 -81 176 -140 88 82 -14 -458 -85 -206 217
-218 -447 -192 452 509 -362 29 327 -266 339 130 505 282 464 -148 457 373 437 -71 240 403 237 -438 -363 -35 422 14 440 377 184 141 -379 369 273 -115 -491 492 146 -335 461 425 -193 -18 -153 129 -310 -150 454 -314 -504 -387 -307 88 -95 -284 -190 -196 -438 -127 -276 -89 317 10 44
-461 327 -90 -106 -283 -348 -138 -170 -353 404 -194 7 -455 437 346 -305 43 339 -203 349 457 -484 -287 -118 -72 231 -421 -26 -39 -475 245 471 482 -355 198 52 -320 -163 -109 345 -234 -509 438 408 151 -456 194 -58 -325 -121 -353 -109 -70 -109 406 -165 -416 -414 -433 110 -170 -446 -270 369
314 115 -484 -163 307 -274 -108 71 -46 251 -446 -167 440 388 370 -202 286 -303 -204 -182 188 -297 -352 203 -43 213 142 -17 -169 408 497 -116 373 185 57 -259 -326 -319 -277 -178 -237 -266 98 -459 311 309 -440 421 -208 302 -69 -7 320 -42 364 -510 189 264 -186 56 -337 -495 -301 337
-38 -173 -197 -272 132 -247 -162 -139 359 -309 -83 -128 -323 -503 33 96 -503 69 79 317 71 324 -437 -311 -503 491 194 57 47 -109 -4 -47 -26 -131 -5 339 -54 88 186 51 344 -170 -325 -379 66 56 -503 330 -189 -434 -220 381 -342 329 -203 222 -269 -339 -446 -98 -211 -82 506 -91
-226 481 -273 57 246 -422 118 488 -343 392 -362 -324 -123 -46 252 241 105 -429 131 394 273 127 -3 376 -186 77 -33 -379 -136 -168 -145 281 -259 350 -345 360 -318 312 -228 -119 507 429 112 -188 497 279 -217 -284 -143 511 273 82 385 321 485 -452 -190 -64 10 379 -395 -10 149 56
268 166 -276 334 512 -313 20 247 479 419 60 382 -30 -511 456 211 203 -473 489 -216 -404 417 212 9 -266 -157 434 149 94 272 375 -354 227 115 53 -184 -76 -472 -394 -142 -201 355 328 365 -281 -398 -282 -437 -336 221 -430 -287 201 -456 214 25 62 -252 67 69 -81 -362 86 21
-46 -215 -228 374 -410 59 455 -158 -318 387 3 229 23 51 -371 384 356 84 136 435 294 -343 -293 -53 -259 -146 -182 -374 66 82 -297 -61 18 -256 222 -286 -22 432 448 422 -44 272 95 323 -446 318 -352 39 -133 229 443 -251 313 326 21 -112 310 -22 -498 2 -111 391 178 38
456 -89 332 435 -164 -280 -341 -21 223 503 74 425 -269 68 234 70 -500 -249 -33 -142 259 469 -432 228 119 -105 -18 269 115 91 -199 367 -404 62 -477 8 166 190 -128 -448 426 434 431 -228 359 -156 416 395 -392 242 -283 -270 103 -59 102 -423 -460 -283 39 339 -201 -408 196 -453
-4 465 464 28 359 -437 -227 224 251 209 -382 277 49 -343 496 318 -381 -327 114 -366 507 52 343 68 -219 452 -151 -37 132 -89 -411 -443 174 215 -24 134 -422 146 -149 -401 -396 503 282 -62 -233 -360 -130 348 -391 403 290 55 -404 -206 110 -105 -223 -240 -451 -453 -32 460 -234 -482
-377 -210 -314 110 -471 434 308 228 -446 264 503 -413 -272 487 247 -3 -370 320 -98 324 473 -426 196 458 293 -128 34 -400 -184 395 142 75 -350 -249 7 -365 -119 197 110 -308 -447 -315 -389 221 -412 -36 -88 -57 353 -5 268 -120 -63 -121 36 360 270 483 -4 -10 -508 220 100 -179
-26 -379 109 -96 433 -41 -42 408 168 -293 -348 230 -86 194 4 215 -154 -462 30 -3 -61 64 336 -345 -366 -370 -416 -389 -195 465 2 284 -199 167 161 -510 -40 217 -509 277 295 -182 -420 426 297 -64 258 -274 -302 145 -446 228 281 424 -427 354 335 -27 2 416 -6 250 -198 -296
462 244 165 -314 445 474 295 -469 -354 457 56 -138 -409 172 -490 -233 303 77 446 -179 438 96 -18 -343 -15 -277 -11 186 -101 168 -419 -321 -188 399 171 -215 255 -241 10 -101 12 -241 -500 -493 162 -313 460 -490 212 81 303 184 -475 450 405 -269 -276 107 253 511 -177 -425 -188 86
-404 -24 361 299 396 -1 -161 -74 -407 -92 355 -395 57 -446 -40 229 -474 168 -447 466 113 141 61 314 -474 -127 -221 110 -339 280 315 7 -219 199 -473 -361 -4 323 59 111 -285 -494 57 -81 -296 277 359 288 -458 -6 -455 -36 147 -2 -260 183 122 251 -475 -264 25 -192 -492 -235
-427 171 -236 97 382 260 -432 -418 -491 193 75 -252 -167 403 -511 -143 260 383 261 -331 271 389 312 269 174 -117 198 234 -215 -324 -88 379 -188 469 57 203 -97 290 127 -335 283 461 -377 193 -215 -225 136 -458 -481 65 -318 -353 186 -474 374 465 -73 495 5 -387 400 405 -39 -432
252 -302 -157 -85 411 181 -1 432 445 150 -129 486 480 3 311 -104 323 -332 394 -13 58 -305 9 -176 -309 327 -148 -14 -218 194 -279 -292 194 418 494 120 487 -377 241 224 363 -337 267 -46 -106 -172 169 254 -417 163 -251 10 215 303 32 150 -46 130 -452 366 205 430 282 -277
261 258 297 -368 -376 -119 -80 227 -307 -181 91 464 -389 185 116 379 -147 325 -504 -492 122 98 289 97 36 167 -379 -280 231 303 -255 338 -32 -310 109 409 274 241 212 356 -292 148 -356 -20 -399 -350 -3 -407 433 -283 -480 -486 332 -86 152 239 -27 256 359 442 -390 222 329 3
-454 147 -163 -445 86 -210 -311 508 -68 -82 -105 -327 308 242 -92 -29 151 -23 -386 268 -145 22 356 368 -409 383 45 18 -426 75 -60 -128 -302 -128 51 -288 -197 -15 -450 -294 -146 300 68 -132 200 82 -445 -242 237 -97 -129 -342 342 -234 158 -148 107 364 283 244 -37 475 -190 177
-213 -350 506 464 467 -260 -434 -435 -321 68 161 300 -384 207 -372 382 -328 6 -236 362 103 323 478 270 -448 -121 -436 401 -175 419 -396 -437 51 436 105 -447 8 381 -291 -235 -9 215 -92 -124 -24 -71 -288 -510 -434 471 163 -196 -326 -451 -153 20 -154 224 -236 -289 107 -491 -509 -135
61 397 -266 -182 98 454 -175 -156 -352 0 -221 -451 206 -270 361 -188 173 225 225 -127 -86 -363 274 385 -101 478 9 -330 155 -333 -169 493 -420 -216 -125 -32 -261 34 -131 -198 -335 105 -443 266 -266 -29 -124 -471 -161 197 92 -30 -226 320 -314 353 345 -309 274 -328 -415 -486 -228 252
-463 -63 74 -402 -47 460 71 268 430 -345 -12 -95 -4 144 41 290 -122 166 -27 -65 118 -421 29 271 -304 77 278 -439 265 47 -299 122 391 -419 -327 -485 207 322 62 -125 379 -30 456 270 -482 273 -200 -308 224 54 390 93 151 -426 274 36 -441 256 -275 4 -284 -229 -245 224
-69 231 488 207 -50 449 131 -182 115 -228 60 333 -485 92 -79 126 -485 108 -462 -103 -379 203 -96 396 406 -162 192 414 358 -148 -229 -60 -163 482 -85 -339 427 364 -417 -392 -246 -103 -341 311 -251 -482 -394 -96 -78 -235 85 85 175 -11 -230 -273 -278 -427 435 487 313 -80 229 -225
-426 -198 252 469 308 194 -349 458 326 332 -54 -103 -176 -32 -312 -281 41 -395 344 -303 -77 -371 -162 303 152 -144 -256 434 -300 428 451 -172 -193 131 -223 500 -134 -133 411 -165 138 295 53 318 201 425 -416 439 -428 -369 -288 283 109 -76 145 172 -37 -383 -144 54 -488 -186 -268 -346
-207 -255 -284 130 87 -167 -292 -377 434 -509 -7 502 33 236 446 -362 -438 114 -457 173 194 460 243 -43 -377 -496 365 478 -277 -495 -498 -481 186 381 494 -52 286 -147 -276 -200 95 -25 -129 115 432 127 216 -287 153 170 312 -337 285 35 -331 -465 113 234 155 -462 41 13 -169 -98
335 312 314 332 -511 -118 272 62 473 53 488 -341 362 -306 -308 200 -163 -274 481 64 -59 -327 -49 -108 -255 256 0 -246 452 -242 349 -406 -222 408 446 -331 416 -446 -232 274 -217 -203 369 482 139 -142 466 190 -248 390 293 308 -35 356 -352 -385 -282 344 326 56 505 29 -95 -86
-432 -223 -248 -58 -201 15 510 -495 -136 364 -318 474 356 -485 11 -268 210 70 -37 267 -3 -75 334 -255 260 380 358 -344 128 311 -351 248 125 239 424 469 -272 -141 317 -441 -392 -27 -113 195 92 -234 80 -303 -154 425 445 -459 -411 -87 -286 33 -212 -117 280 -148 74 -178 -127 397
-258 -397 -394 -365 -239 -135 -100 289 -409 509 -302 25 -146 482 -222 2 58 463 -182 -60 77 -335 -474 353 -351 397 -373 190 -48 238 -502 138 109 -49 -295 211 58 328 239 99 -370 430 275 135 69 96 -138 72 -18 -81 -49 457 -169 442 24 -109 -318 380 93 -439 264 -274 53 -246
-443 -63 -357 -269 -161 108 156 141 -413 383 59 -337 -201 -148 -207 269 -86 -10 -200 244 95 -204 -259 422 387 -53 44 266 -499 16 379 -222 463 -478 289 -244 -343 -435 436 462 56 -211 404 -102 -118 352 -45 235 -250 57 57 -472 500 165 70 -302 64 -70 -286 426 256 118 154 -132
-71 2 193 -152 151 -348 -9 -190 -366 494 324 21 137 238 -40 299 -22 -447 259 123 -38 424 438 -133 -469 -139 -350 458 347 -395 70 259 91 74 438 -94 -477 -393 218 -110 333 139 -491 -239 -341 385 236 177 159 -288 -206 405 82 182 34 331 -8 -224 -109 -327 478 138 -451 19
104 399 -486 248 -16 323 -136 -429 330 68 375 -308 -307 -119 210 -472 -216 28 490 132 -103 153 -24 61 125 -336 -75 257 495 -110 -275 53 338 -116 -346 -233 -197 -138 -384 -200 212 -333 427 303 -26 -504 -152 51 -315 207 280 216 484 38 -198 -246 215 89 224 -226 209 475 -357 128
5 272 120 -124 -177 296 -273 -295 -337 362 219 322 492 -225 -113 208 474 240 -54 -339 277 11 -130 415 -206 218 368 -148 8 -184 -462 -121 364 -73 -30 -382 446 75 -100 -479 239 143 129 292 402 356 -219 243 371 -62 234 -191 395 377 90 88 368 191 262 -167 -456 422 -131 -342
-124 -411 420 -475 509 -248 -84 -389 81 -375 471 284 -467 -12 -244 -80 82 130 95 -192 254 -28 489 -123 -254 -486 473 -511 61 376 379 488 -398 -330 -43 274 123 294 245 -443 460 -450 491 -89 -101 -110 275 490 -144 -366 379 433 -464 64 472 185 286 -238 -324 -199 507 -228 282 209
-63 -32 -166 -288 -120 289 -384 404 315 -232 322 -218 -270 303 -89 -318 -9 14 20 -28 -357 -69 -477 462 -423 58 247 -323 55 -228 -4 225 432 -356 -155 160 140 -302 1 165 139 -41 142 131 368 -140 236 467 502 -43 320 -327 420 70 -249 489 293 -97 88 138 156 -377 -252 -349
105 24 -146 52 140 416 341 277 -392 427 -241 -423 43 47 -237 -38 146 114 -409 72 21 -277 360 450 -26 214 280 -59 415 -145 -263 73 212 -459 372 -289 -229 -235 -10 363 254 203 137 -321 -277 -456 -478 -89 -387 288 -17 -444 28 -310 -335 89 -458 -382 505 339 500 -483 198 229
188 408 -68 179 323 -78 494 499 491 220 291 -204 460 403 -481 420 19 -87 -493 3 332 -443 -374 162 -79 -467 311 -19 -77 155 292 339 413 -165 129 -442 409 -151 167 153 179 -269 -258 -250 466 37 -44 243 482 -444 -372 -37 160 -273 156 397 -40 286 284 178 452 177 19 450
-293 -22 214 -167 -252 135 443 263 -409 323 457 -165 425 -469 146 497 -16 65 -80 -19 62 46 354 -443 -189 -79 318 -64 386 -100 -134 364 -480 -178 -385 382 299 1 -312 479 504 347 311 61 -234 -347 -393 -444 97 -499 189 -174 -368 493 -398 20 244 60 10 -467 -67 465 -178 -510
-430 463 -45 -351 225 153 202 -269 479 113 -37 370 274 -131 -14 -97 177 -465 10 -137 -25 374 -224 -367 -203 -69 394 311 -200 256 503 -389 -26 -353 -365 28 196 -74 421 296 -161 -61 -345 13 287 348 -21 48 -413 -319 326 458 -66 300 39 132 343 -483 -11 478 387 -217 257 -78
236 399 -401 199 -302 51 -157 151 -144 -297 261 337 293 289 -328 25 264 13 56 306 136 264 411 -124 -362 -410 -4 115 -43 438 63 -330 151 -76 -236 265 0 359 -49 -277 -389 -107 -505 -392 -385 -171 -402 182 123 147 379 442 -327 279 -90 363 40 -475 324 354 152 180 -186 12
-104 469 336 -474 157 438 -426 -438 13 209 368 -23 -272 -50 -23 -207 -75 504 419 247 -492 104 -284 411 7 -422 -166 360 -127 -267 234 -392 0 110 -213 -169 -101 117 -198 -234 63 116 195 -460 498 98 -300 -289 -461 -13 398 447 73 -107 263 254 -410 -184 51 -467 1 335 153 323
