-3439 -43 6115 3235 -4322 26 -2192 1267 1088 5571 1215 -2567 -777 -8366 -5180 -9487 -4995 2012 1270 -956 -6605 3589 -9834 4938 -6657 3405 -7191 3996 6364 -796 704 -1751 -2039 5558 -2084 -2069 -1401 378 8143 -4354 3674 -7069 -123 4392 -433 4231 -1429 5960 213 -1209 -5840 1411 -558 -2058 1138 -6414 2377 1636 -2374 11294 -5943 -750 -1874 -1542
732 -2279 6200 1715 2915 -2993 -6862 2282 5720 3692 -613 -2501 -4136 -3397 -973 -10122 -8987 3422 -3360 1160 -9206 697 -9498 1419 -8499 2382 -6813 143 6186 -332 -656 873 2748 6097 -1891 -2125 -4598 2457 5237 -8112 6014 -6395 2870 6322 -2407 9236 -4708 7366 -1004 1539 -3776 -858 -3050 -7025 2619 -991 628 6411 3001 15841 -6343 -3303 -505 -4340
732 -2279 6200 1715 2915 -2993 -6862 2282 5720 3692 -613 -2501 -4136 -3397 -973 -10122 -8987 3422 -3360 1160 -9206 697 -9498 1419 -8499 2382 -6813 143 6186 -332 -656 873 2748 6097 -1891 -2125 -4598 2457 5237 -8112 6014 -6395 2870 6322 -2407 9236 -4708 7366 -1004 1539 -3776 -858 -3050 -7025 2619 -991 628 6411 3001 15841 -6343 -3303 -505 -4340
732 -2279 6200 1715 2915 -2993 -6862 2282 5720 3692 -613 -2501 -4136 -3397 -973 -10122 -8987 3422 -3360 1160 -9206 697 -9498 1419 -8499 2382 -6813 143 6186 -332 -656 873 2748 6097 -1891 -2125 -4598 2457 5237 -8112 6014 -6395 2870 6322 -2407 9236 -4708 7366 -1004 1539 -3776 -858 -3050 -7025 2619 -991 628 6411 3001 15841 -6343 -3303 -505 -4340
732 -2279 6200 1715 2915 -2993 -6862 2282 5720 3692 -613 -2501 -4136 -3397 -973 -10122 -8987 3422 -3360 1160 -9206 697 -9498 1419 -8499 2382 -6813 143 6186 -332 -656 873 2748 6097 -1891 -2125 -4598 2457 5237 -8112 6014 -6395 2870 6322 -2407 9236 -4708 7366 -1004 1539 -3776 -858 -3050 -7025 2619 -991 628 6411 3001 15841 -6343 -3303 -505 -4340
732 -2279 6200 1715 2915 -2993 -6862 2282 5720 3692 -613 -2501 -4136 -3397 -973 -10122 -8987 3422 -3360 1160 -9206 697 -9498 1419 -8499 2382 -6813 143 6186 -332 -656 873 2748 6097 -1891 -2125 -4598 2457 5237 -8112 6014 -6395 2870 6322 -2407 9236 -4708 7366 -1004 1539 -3776 -858 -3050 -7025 2619 -991 628 6411 3001 15841 -6343 -3303 -505 -4340
732 -2279 6200 1715 2915 -2993 -6862 2282 5720 3692 -613 -2501 -4136 -3397 -973 -10122 -8987 3422 -3360 1160 -9206 697 -9498 1419 -8499 2382 -6813 143 6186 -332 -656 873 2748 6097 -1891 -2125 -4598 2457 5237 -8112 6014 -6395 2870 6322 -2407 9236 -4708 7366 -1004 1539 -3776 -858 -3050 -7025 2619 -991 628 6411 3001 15841 -6343 -3303 -505 -4340
732 -2279 6200 1715 2915 -2993 -6862 2282 5720 3692 -613 -2501 -4136 -3397 -973 -10122 -8987 3422 -3360 1160 -9206 697 -9498 1419 -8499 2382 -6813 143 6186 -332 -656 873 2748 6097 -1891 -2125 -4598 2457 5237 -8112 6014 -6395 2870 6322 -2407 9236 -4708 7366 -1004 1539 -3776 -858 -3050 -7025 2619 -991 628 6411 3001 15841 -6343 -3303 -505 -4340
732 -2279 6200 1715 2915 -2993 -6862 2282 5720 3692 -613 -2501 -4136 -3397 -973 -10122 -8987 3422 -3360 1160 -9206 697 -9498 1419 -8499 2382 -6813 143 6186 -332 -656 873 2748 6097 -1891 -2125 -4598 2457 5237 -8112 6014 -6395 2870 6322 -2407 9236 -4708 7366 -1004 1539 -3776 -858 -3050 -7025 2619 -991 628 6411 3001 15841 -6343 -3303 -505 -4340
865 -1884 7991 2054 2155 -2047 -5904 1443 5093 3420 550 -2359 -4065 -5117 -3044 -9627 -9445 5111 -2648 3632 -8661 1012 -9889 1095 -9434 2757 -7483 2040 8028 -530 -793 -1244 404 5305 -1442 -3134 -5785 2744 4799 -8414 3976 -7022 2615 7388 -1410 9470 -4057 5674 -1500 3439 -4881 -289 -2268 -7302 3811 -592 2623 5512 1854 17915 -4757 -3551 429 -6198
2101 -2909 6301 2104 1710 -2040 -4391 2722 4916 3552 36 -2447 -3717 -5359 -2880 -9175 -9097 4076 -4768 1848 -8584 1748 -7271 1040 -7473 5582 -6838 1212 6717 -543 -2150 -171 1544 6129 1251 -665 -5477 1389 4222 -6531 5205 -7403 2847 7509 -1680 7532 -3413 7678 1796 1025 -4143 -1115 -1421 -6729 4365 -541 -375 5365 2335 15302 -6050 -2442 81 -3856
732 -2279 6200 1715 2915 -2993 -6862 2282 5720 3692 -613 -2501 -4136 -3397 -973 -10122 -8987 3422 -3360 1160 -9206 697 -9498 1419 -8499 2382 -6813 143 6186 -332 -656 873 2748 6097 -1891 -2125 -4598 2457 5237 -8112 6014 -6395 2870 6322 -2407 9236 -4708 7366 -1004 1539 -3776 -858 -3050 -7025 2619 -991 628 6411 3001 15841 -6343 -3303 -505 -4340
732 -2279 6200 1715 2915 -2993 -6862 2282 5720 3692 -613 -2501 -4136 -3397 -973 -10122 -8987 3422 -3360 1160 -9206 697 -9498 1419 -8499 2382 -6813 143 6186 -332 -656 873 2748 6097 -1891 -2125 -4598 2457 5237 -8112 6014 -6395 2870 6322 -2407 9236 -4708 7366 -1004 1539 -3776 -858 -3050 -7025 2619 -991 628 6411 3001 15841 -6343 -3303 -505 -4340
732 -2279 6200 1715 2915 -2993 -6862 2282 5720 3692 -613 -2501 -4136 -3397 -973 -10122 -8987 3422 -3360 1160 -9206 697 -9498 1419 -8499 2382 -6813 143 6186 -332 -656 873 2748 6097 -1891 -2125 -4598 2457 5237 -8112 6014 -6395 2870 6322 -2407 9236 -4708 7366 -1004 1539 -3776 -858 -3050 -7025 2619 -991 628 6411 3001 15841 -6343 -3303 -505 -4340
732 -2279 6200 1715 2915 -2993 -6862 2282 5720 3692 -613 -2501 -4136 -3397 -973 -10122 -8987 3422 -3360 1160 -9206 697 -9498 1419 -8499 2382 -6813 143 6186 -332 -656 873 2748 6097 -1891 -2125 -4598 2457 5237 -8112 6014 -6395 2870 6322 -2407 9236 -4708 7366 -1004 1539 -3776 -858 -3050 -7025 2619 -991 628 6411 3001 15841 -6343 -3303 -505 -4340
732 -2279 6200 1715 2915 -2993 -6862 2282 5720 3692 -613 -2501 -4136 -3397 -973 -10122 -8987 3422 -3360 1160 -9206 697 -9498 1419 -8499 2382 -6813 143 6186 -332 -656 873 2748 6097 -1891 -2125 -4598 2457 5237 -8112 6014 -6395 2870 6322 -2407 9236 -4708 7366 -1004 1539 -3776 -858 -3050 -7025 2619 -991 628 6411 3001 15841 -6343 -3303 -505 -4340
-1263 -781 4713 2514 -821 -3791 -6451 -10 1888 4662 -1213 -1841 -4864 -4928 -665 -9754 -7140 3509 -24 1746 -7406 531 -12605 1907 -7371 -756 -8479 2211 6246 49 2448 -598 3044 3499 -5955 -4622 -2861 2764 7025 -7435 4363 -3834 -677 6967 -1738 8295 -2985 7069 -2420 1185 -4526 1767 -3094 -3799 826 -1878 2330 4260 148 12923 -6403 -4286 659 -3124
-5013 874 6514 2670 -2397 -64 -3228 -3817 1040 5608 -822 -2484 -1599 -3620 -619 -8434 -5828 1651 3522 -1480 -6348 3533 -11684 3861 -5383 -3182 -10299 2575 4762 -77 4876 -3417 2530 4627 -6037 -2127 257 2716 10357 -6992 4234 -4565 -909 3057 -1398 8441 -1340 11030 -3283 -3202 -5297 2624 -1577 -785 -2816 -5369 2809 1461 -3189 11362 -6660 -3045 -1340 1055
-5667 1530 6152 1496 -1755 1672 -3468 -2853 706 5947 -33 -1371 1071 -4382 -1344 -8853 -5814 1225 3109 -3141 -5112 2586 -11209 4971 -5360 -2951 -7835 2688 6627 -346 3367 -1124 3238 4856 -8654 -1264 1033 1144 11855 -6918 5427 -2955 128 1784 -1703 7347 1648 10823 -3125 -4395 -3996 2375 -2245 -931 -2604 -7450 1734 3076 -3495 12003 -6401 -1426 -2294 1393
-6984 554 8828 2057 -3602 964 -3001 -3427 764 5171 836 -2551 861 -7139 -4095 -7532 -7320 2600 5806 -592 -3561 3766 -13459 3226 -5532 -3537 -8645 5517 7433 337 4797 -3393 -1470 3975 -7617 -959 -77 2619 10758 -5709 1236 -3994 -1444 3671 -967 6375 2490 8048 -3628 -2880 -7531 1979 -2042 -3145 -169 -7297 5850 1110 -6760 14636 -5485 -2471 -2942 765
-2600 -883 10192 -625 123 502 -3477 -543 4098 3603 2093 -1575 1030 -5357 -2662 -11960 -7859 1214 -4513 -1478 -8433 2147 -8344 6041 -5897 5767 -6526 -1227 5707 -842 -152 -676 1510 7395 -10 1036 -946 -446 4435 -5855 8665 -6731 3845 2181 -501 8861 -2503 10085 3838 -2487 -4098 1954 -3757 -4991 2259 -4398 -1145 7224 -524 12959 -5267 1624 -2397 -873
732 -2279 6200 1715 2915 -2993 -6862 2282 5720 3692 -613 -2501 -4136 -3397 -973 -10122 -8987 3422 -3360 1160 -9206 697 -9498 1419 -8499 2382 -6813 143 6186 -332 -656 873 2748 6097 -1891 -2125 -4598 2457 5237 -8112 6014 -6395 2870 6322 -2407 9236 -4708 7366 -1004 1539 -3776 -858 -3050 -7025 2619 -991 628 6411 3001 15841 -6343 -3303 -505 -4340
732 -2279 6200 1715 2915 -2993 -6862 2282 5720 3692 -613 -2501 -4136 -3397 -973 -10122 -8987 3422 -3360 1160 -9206 697 -9498 1419 -8499 2382 -6813 143 6186 -332 -656 873 2748 6097 -1891 -2125 -4598 2457 5237 -8112 6014 -6395 2870 6322 -2407 9236 -4708 7366 -1004 1539 -3776 -858 -3050 -7025 2619 -991 628 6411 3001 15841 -6343 -3303 -505 -4340
732 -2279 6200 1715 2915 -2993 -6862 2282 5720 3692 -613 -2501 -4136 -3397 -973 -10122 -8987 3422 -3360 1160 -9206 697 -9498 1419 -8499 2382 -6813 143 6186 -332 -656 873 2748 6097 -1891 -2125 -4598 2457 5237 -8112 6014 -6395 2870 6322 -2407 9236 -4708 7366 -1004 1539 -3776 -858 -3050 -7025 2619 -991 628 6411 3001 15841 -6343 -3303 -505 -4340
732 -2279 6200 1715 2915 -2993 -6862 2282 5720 3692 -613 -2501 -4136 -3397 -973 -10122 -8987 3422 -3360 1160 -9206 697 -9498 1419 -8499 2382 -6813 143 6186 -332 -656 873 2748 6097 -1891 -2125 -4598 2457 5237 -8112 6014 -6395 2870 6322 -2407 9236 -4708 7366 -1004 1539 -3776 -858 -3050 -7025 2619 -991 628 6411 3001 15841 -6343 -3303 -505 -4340
732 -2279 6200 1715 2915 -2993 -6862 2282 5720 3692 -613 -2501 -4136 -3397 -973 -10122 -8987 3422 -3360 1160 -9206 697 -9498 1419 -8499 2382 -6813 143 6186 -332 -656 873 2748 6097 -1891 -2125 -4598 2457 5237 -8112 6014 -6395 2870 6322 -2407 9236 -4708 7366 -1004 1539 -3776 -858 -3050 -7025 2619 -991 628 6411 3001 15841 -6343 -3303 -505 -4340
931 2304 967 5243 -4946 -2276 -1289 4035 360 6185 1146 -1156 120 -7843 -857 -7590 -4007 3553 -443 -3144 -5132 1182 -8061 1489 -4749 4482 -5956 5999 7281 350 -1967 -634 2686 6552 -3832 -4751 -2562 -1175 9026 -3651 3243 -4149 -702 5551 -590 2859 1580 8093 -1345 1251 -4417 -1231 1392 169 -982 -7579 1590 -970 -165 11851 -9232 -1073 805 -1542
-180 -2150 7081 1452 2627 -2403 -6393 1350 5202 3313 -454 -2262 -3409 -3101 -1084 -10178 -8887 3393 -2881 1204 -8537 1471 -9732 2414 -8575 1779 -7045 -174 6349 -861 271 714 2420 6831 -1716 -1569 -3642 1693 5051 -7931 5729 -6246 2493 5673 -2124 9463 -4926 7894 -1255 924 -3334 -667 -3612 -6665 2761 -1037 438 6484 2452 15510 -6383 -3163 -1266 -3715
732 -2279 6200 1715 2915 -2993 -6862 2282 5720 3692 -613 -2501 -4136 -3397 -973 -10122 -8987 3422 -3360 1160 -9206 697 -9498 1419 -8499 2382 -6813 143 6186 -332 -656 873 2748 6097 -1891 -2125 -4598 2457 5237 -8112 6014 -6395 2870 6322 -2407 9236 -4708 7366 -1004 1539 -3776 -858 -3050 -7025 2619 -991 628 6411 3001 15841 -6343 -3303 -505 -4340
732 -2279 6200 1715 2915 -2993 -6862 2282 5720 3692 -613 -2501 -4136 -3397 -973 -10122 -8987 3422 -3360 1160 -9206 697 -9498 1419 -8499 2382 -6813 143 6186 -332 -656 873 2748 6097 -1891 -2125 -4598 2457 5237 -8112 6014 -6395 2870 6322 -2407 9236 -4708 7366 -1004 1539 -3776 -858 -3050 -7025 2619 -991 628 6411 3001 15841 -6343 -3303 -505 -4340
732 -2279 6200 1715 2915 -2993 -6862 2282 5720 3692 -613 -2501 -4136 -3397 -973 -10122 -8987 3422 -3360 1160 -9206 697 -9498 1419 -8499 2382 -6813 143 6186 -332 -656 873 2748 6097 -1891 -2125 -4598 2457 5237 -8112 6014 -6395 2870 6322 -2407 9236 -4708 7366 -1004 1539 -3776 -858 -3050 -7025 2619 -991 628 6411 3001 15841 -6343 -3303 -505 -4340
732 -2279 6200 1715 2915 -2993 -6862 2282 5720 3692 -613 -2501 -4136 -3397 -973 -10122 -8987 3422 -3360 1160 -9206 697 -9498 1419 -8499 2382 -6813 143 6186 -332 -656 873 2748 6097 -1891 -2125 -4598 2457 5237 -8112 6014 -6395 2870 6322 -2407 9236 -4708 7366 -1004 1539 -3776 -858 -3050 -7025 2619 -991 628 6411 3001 15841 -6343 -3303 -505 -4340
-719 -1733 8080 4930 -95 -3979 -5845 1091 5408 2345 -1323 -3749 -3490 -7232 -4984 -8310 -11526 6480 304 4847 -7515 3347 -11648 1198 -7694 1313 -6137 5399 9159 20 588 -925 -4049 4725 -3428 -1837 -4995 2277 4666 -5077 -516 -6874 1117 7103 -2107 6128 -1594 2845 -3027 1776 -7047 -1206 -2371 -7218 5010 -756 5226 3986 590 18482 -4834 -4149 -1462 -5343
-3468 240 10116 493 75 2379 -3329 -1676 3523 4892 1046 -1280 2088 -4805 -2832 -10540 -6906 278 -2376 -3231 -8759 2813 -7826 6687 -5771 4621 -7989 -262 4606 266 -244 -2523 1845 6363 -871 1724 205 -133 7094 -6159 8987 -7601 3887 596 -758 8490 -1999 11299 3389 -4220 -5510 3171 -2160 -3377 703 -6112 -194 5185 -1645 12011 -4603 2135 -3033 -684
732 -2279 6200 1715 2915 -2993 -6862 2282 5720 3692 -613 -2501 -4136 -3397 -973 -10122 -8987 3422 -3360 1160 -9206 697 -9498 1419 -8499 2382 -6813 143 6186 -332 -656 873 2748 6097 -1891 -2125 -4598 2457 5237 -8112 6014 -6395 2870 6322 -2407 9236 -4708 7366 -1004 1539 -3776 -858 -3050 -7025 2619 -991 628 6411 3001 15841 -6343 -3303 -505 -4340
732 -2279 6200 1715 2915 -2993 -6862 2282 5720 3692 -613 -2501 -4136 -3397 -973 -10122 -8987 3422 -3360 1160 -9206 697 -9498 1419 -8499 2382 -6813 143 6186 -332 -656 873 2748 6097 -1891 -2125 -4598 2457 5237 -8112 6014 -6395 2870 6322 -2407 9236 -4708 7366 -1004 1539 -3776 -858 -3050 -7025 2619 -991 628 6411 3001 15841 -6343 -3303 -505 -4340
732 -2279 6200 1715 2915 -2993 -6862 2282 5720 3692 -613 -2501 -4136 -3397 -973 -10122 -8987 3422 -3360 1160 -9206 697 -9498 1419 -8499 2382 -6813 143 6186 -332 -656 873 2748 6097 -1891 -2125 -4598 2457 5237 -8112 6014 -6395 2870 6322 -2407 9236 -4708 7366 -1004 1539 -3776 -858 -3050 -7025 2619 -991 628 6411 3001 15841 -6343 -3303 -505 -4340
732 -2279 6200 1715 2915 -2993 -6862 2282 5720 3692 -613 -2501 -4136 -3397 -973 -10122 -8987 3422 -3360 1160 -9206 697 -9498 1419 -8499 2382 -6813 143 6186 -332 -656 873 2748 6097 -1891 -2125 -4598 2457 5237 -8112 6014 -6395 2870 6322 -2407 9236 -4708 7366 -1004 1539 -3776 -858 -3050 -7025 2619 -991 628 6411 3001 15841 -6343 -3303 -505 -4340
696 -2671 7291 1639 2514 -2214 -6713 1414 5540 3452 153 -2697 -4334 -4662 -2186 -9848 -9848 4204 -2668 2389 -8651 931 -10199 985 -9089 2184 -7411 1218 6941 -314 -567 -632 1125 5178 -2002 -2271 -5311 3133 4758 -8380 4641 -6716 2057 7054 -2184 9511 -4112 6310 -1184 2417 -5076 -832 -2618 -8093 3530 -516 2145 5931 1880 16666 -5383 -4035 -265 -5265
909 1361 3012 2861 -4539 1078 -815 2098 252 7431 1411 -1059 1565 -8063 -1168 -8408 -3967 -143 -1408 -6590 -6740 146 -5583 3162 -3541 7140 -7923 4396 4710 2086 -4704 -3739 3627 4025 -679 -3026 -2086 333 9540 -5213 8386 -6802 110 5113 468 5400 1521 10676 4048 -1257 -7001 256 3872 -201 -984 -10204 -74 -898 -2087 9659 -6836 1005 825 63
557 -2176 6487 1692 2710 -2877 -6662 1953 5582 3590 -590 -2541 -3945 -3227 -931 -10185 -9023 3379 -3193 1203 -9056 982 -9561 1702 -8525 2186 -6959 117 6171 -600 -356 698 2623 6340 -1668 -1984 -4328 2285 5061 -8119 5911 -6475 2660 6156 -2336 9453 -4840 7566 -1171 1392 -3753 -821 -3184 -6907 2671 -976 561 6299 2922 15768 -6387 -3353 -660 -4115
732 -2279 6200 1715 2915 -2993 -6862 2282 5720 3692 -613 -2501 -4136 -3397 -973 -10122 -8987 3422 -3360 1160 -9206 697 -9498 1419 -8499 2382 -6813 143 6186 -332 -656 873 2748 6097 -1891 -2125 -4598 2457 5237 -8112 6014 -6395 2870 6322 -2407 9236 -4708 7366 -1004 1539 -3776 -858 -3050 -7025 2619 -991 628 6411 3001 15841 -6343 -3303 -505 -4340
732 -2279 6200 1715 2915 -2993 -6862 2282 5720 3692 -613 -2501 -4136 -3397 -973 -10122 -8987 3422 -3360 1160 -9206 697 -9498 1419 -8499 2382 -6813 143 6186 -332 -656 873 2748 6097 -1891 -2125 -4598 2457 5237 -8112 6014 -6395 2870 6322 -2407 9236 -4708 7366 -1004 1539 -3776 -858 -3050 -7025 2619 -991 628 6411 3001 15841 -6343 -3303 -505 -4340
732 -2279 6200 1715 2915 -2993 -6862 2282 5720 3692 -613 -2501 -4136 -3397 -973 -10122 -8987 3422 -3360 1160 -9206 697 -9498 1419 -8499 2382 -6813 143 6186 -332 -656 873 2748 6097 -1891 -2125 -4598 2457 5237 -8112 6014 -6395 2870 6322 -2407 9236 -4708 7366 -1004 1539 -3776 -858 -3050 -7025 2619 -991 628 6411 3001 15841 -6343 -3303 -505 -4340
732 -2279 6200 1715 2915 -2993 -6862 2282 5720 3692 -613 -2501 -4136 -3397 -973 -10122 -8987 3422 -3360 1160 -9206 697 -9498 1419 -8499 2382 -6813 143 6186 -332 -656 873 2748 6097 -1891 -2125 -4598 2457 5237 -8112 6014 -6395 2870 6322 -2407 9236 -4708 7366 -1004 1539 -3776 -858 -3050 -7025 2619 -991 628 6411 3001 15841 -6343 -3303 -505 -4340
-2524 -1548 4282 4038 -2549 -5817 -7185 -92 3551 3147 -2164 -4140 -5080 -5312 -1591 -10422 -9087 3519 1407 942 -6725 2750 -12926 1702 -4836 -1746 -5814 3982 5857 698 3405 2094 54 3970 -8496 -1865 -2459 3622 6702 -5070 1927 -3063 -1607 5091 -3657 5661 -549 5379 -4192 -556 -5574 -376 -4049 -5742 740 -2808 3951 4160 317 12740 -7136 -4207 -1573 -10
-4071 836 9966 1497 950 2117 -4295 -1496 2473 4636 628 -2017 2229 -2908 -2150 -10124 -7006 -32 -198 -3484 -7560 1847 -8391 6834 -6863 2390 -8449 226 5626 -716 736 -2282 2066 6877 -2589 1024 320 -484 9200 -8008 8488 -6631 3451 -128 -351 9004 -1978 10073 1014 -3770 -4822 2397 -2130 -2696 431 -7283 -388 4658 -1467 13253 -4744 1136 -3745 -977
732 -2279 6200 1715 2915 -2993 -6862 2282 5720 3692 -613 -2501 -4136 -3397 -973 -10122 -8987 3422 -3360 1160 -9206 697 -9498 1419 -8499 2382 -6813 143 6186 -332 -656 873 2748 6097 -1891 -2125 -4598 2457 5237 -8112 6014 -6395 2870 6322 -2407 9236 -4708 7366 -1004 1539 -3776 -858 -3050 -7025 2619 -991 628 6411 3001 15841 -6343 -3303 -505 -4340
732 -2279 6200 1715 2915 -2993 -6862 2282 5720 3692 -613 -2501 -4136 -3397 -973 -10122 -8987 3422 -3360 1160 -9206 697 -9498 1419 -8499 2382 -6813 143 6186 -332 -656 873 2748 6097 -1891 -2125 -4598 2457 5237 -8112 6014 -6395 2870 6322 -2407 9236 -4708 7366 -1004 1539 -3776 -858 -3050 -7025 2619 -991 628 6411 3001 15841 -6343 -3303 -505 -4340
732 -2279 6200 1715 2915 -2993 -6862 2282 5720 3692 -613 -2501 -4136 -3397 -973 -10122 -8987 3422 -3360 1160 -9206 697 -9498 1419 -8499 2382 -6813 143 6186 -332 -656 873 2748 6097 -1891 -2125 -4598 2457 5237 -8112 6014 -6395 2870 6322 -2407 9236 -4708 7366 -1004 1539 -3776 -858 -3050 -7025 2619 -991 628 6411 3001 15841 -6343 -3303 -505 -4340
