-62 490 -9 17 345 210 394 -132 -58 311 331 314 -452 12 507 -383 -135 -296 -44 108 191 55 -174 289 -175 408 -435 414 -161 504 478 -451 468 455 185 -376 -167 430 -140 -281 -220 -391 416 489 -229 -421 -458 70 193 144 -509 -407 -448 323 2 84 241 28 87 -226 13 -152 509 -301
-485 -135 258 -485 360 -234 149 318 -444 404 449 356 290 504 -57 346 -378 34 -34 -248 -393 504 175 -138 167 51 305 239 375 -221 -471 399 436 44 -498 341 157 -405 334 255 421 -284 -61 -46 104 134 -60 286 -428 8 31 49 507 223 41 -51 -53 214 252 -263 153 -186 -21 -294
312 154 -453 -264 267 42 177 -54 -305 83 -473 -346 -449 159 316 -506 67 -124 -426 -395 -96 463 -116 -338 275 151 -463 -482 459 -395 12 89 141 73 87 -124 127 85 346 358 477 -37 10 -266 362 179 63 329 437 -97 -302 -56 -86 -405 416 -101 306 -124 274 237 485 365 -366 -210
-165 -87 -156 75 -216 -290 -199 -344 189 312 278 -226 207 -248 178 153 -90 137 24 -494 434 -173 60 -31 194 -246 487 -252 -393 263 141 -206 -233 232 -290 -437 496 461 -465 189 -483 -486 71 -474 -197 385 -193 -159 155 -210 307 23 239 -426 335 -445 -166 182 -125 200 -283 -478 473 -178
390 143 -84 336 289 -207 -463 -493 18 -216 71 352 -418 -328 196 -92 -339 -389 115 -247 -458 -142 -389 -180 -255 91 497 -464 -115 -257 -271 -486 93 -275 -158 112 -363 -149 -507 -39 -427 -478 297 173 -380 -258 -217 -268 -122 -162 -489 346 138 482 -156 -433 126 163 -246 -360 -24 184 112 -246
149 -460 348 401 -111 -133 119 167 -503 -21 -376 -436 -193 -140 -198 -269 -501 177 41 215 126 -215 83 108 -388 472 -173 -449 -415 -157 95 -400 316 363 157 -340 -3 -494 443 -164 -155 504 69 154 -211 39 -317 -16 92 119 67 -166 -257 166 166 91 -206 -332 -131 75 -336 85 -74 -10
-167 86 -368 -103 152 -304 -63 -88 25 -343 -305 -220 192 -103 -84 329 362 28 222 -247 -421 434 -169 -294 -288 -146 316 229 152 434 36 489 27 -431 361 64 322 179 64 20 34 -333 -33 434 -362 292 -200 -459 130 449 83 -138 72 331 -119 138 -16 420 -375 401 -65 474 189 -435
-38 -199 -361 375 312 213 423 -244 -506 196 219 123 -51 240 402 -296 -393 -496 366 212 317 437 278 163 466 377 -35 -247 -490 -345 -264 -52 -253 -383 10 -298 235 -335 -105 -4 -129 -508 354 -94 -237 -185 511 494 195 -1 15 -257 -443 -18 -122 160 150 -487 157 379 406 108 -299 186
167 -377 419 310 223 -246 -288 -14 -285 369 -247 262 -127 -367 62 -145 443 -88 466 -259 253 246 -4 218 -114 461 -365 -263 -475 -263 -253 -357 506 -472 148 -38 -172 148 -137 251 -92 -68 292 441 -198 506 -475 275 -321 -492 370 -318 35 -191 357 -487 -113 444 454 -161 -234 -62 -34 -196
-487 331 -155 439 460 -204 -4 323 -288 79 -30 -462 -453 -288 401 -269 224 -152 -228 151 -235 -250 299 416 -376 -209 -383 -183 -494 159 259 334 -107 196 268 -486 182 -220 -179 -93 -208 -196 495 29 -243 505 -328 -412 -195 -427 459 -250 -388 376 455 381 -37 354 20 -298 99 -3 319 -130
157 -441 170 389 -99 17 246 -392 50 206 267 -279 47 -272 0 -368 -105 292 -59 423 52 373 456 451 -242 391 188 -296 21 -9 484 -164 -169 -248 -318 263 -151 -215 -228 205 335 -482 -12 -384 295 -307 -511 -489 -335 477 308 -421 -305 -418 -400 489 -511 432 98 349 -1 -255 58 -46
-427 39 10 60 -244 261 -333 -225 -253 313 -89 151 484 -407 -469 135 469 -484 -345 426 -474 -357 376 -306 -488 -106 -484 -222 -233 -269 22 306 24 -170 103 -505 -408 484 -327 -352 338 165 -485 -235 309 469 -167 272 167 65 -67 214 66 505 227 -7 -13 -195 427 284 362 320 -377 185
321 310 -12 -146 59 417 440 -163 -168 -273 265 464 155 -505 -180 466 -493 -290 -408 47 317 271 -94 -228 -321 229 -453 330 -424 -7 456 276 -280 -399 205 -504 -278 306 450 -227 -241 136 -127 107 -144 504 380 227 -53 339 -184 318 -81 -177 222 -334 489 128 -135 403 474 493 -129 -238
-103 -45 50 312 -184 -447 341 -277 372 -286 511 455 -126 63 -172 -86 262 -103 11 -446 362 68 -485 -343 -363 -4 -469 20 -103 -427 154 -250 342 -168 398 -351 -101 -391 -307 -264 137 144 -82 211 29 0 -301 44 204 -498 -104 396 -118 307 -38 -292 330 201 -255 433 -186 -185 141 -11
-216 -367 -162 -386 -321 114 465 57 442 -270 -88 -344 -147 -501 172 -317 242 314 310 316 -226 -199 -442 267 311 -474 -319 -131 361 449 391 310 187 -15 -511 89 -484 -362 498 -66 185 -291 -407 219 25 -31 -323 -469 -2 -477 289 -343 73 -69 235 18 -35 -68 -451 36 454 55 40 415
-151 -194 -511 -88 -148 142 238 294 -146 -497 -69 -484 -383 335 -48 -1 86 174 -194 204 136 482 -440 -9 331 -319 -37 324 101 190 -72 -331 103 464 431 4 405 241 94 262 265 455 -363 67 -214 -457 -235 -354 252 -253 -208 -376 499 -468 149 -263 420 -451 382 -244 -314 100 -457 -25
-363 -291 -9 -199 -62 -56 -345 -47 439 -323 442 343 508 -133 -318 -206 -23 -100 -113 265 437 -6 -173 66 382 248 417 -23 -426 -308 281 -248 3 153 170 297 -222 -385 -127 -340 -368 220 248 63 266 -369 -500 250 -295 218 271 -89 237 -87 -18 479 -191 -114 -86 -229 -133 27 115 485
-193 504 122 418 139 -189 319 51 -44 308 -413 97 120 -36 324 -216 -103 102 337 103 -45 4 344 473 27 278 -16 -455 431 27 -433 -377 123 241 45 -307 198 -330 97 506 -92 242 235 -47 318 -75 -404 -72 -135 -421 -112 -75 189 -395 472 431 433 63 -57 -489 -214 415 -59 -237
-176 -445 212 -10 484 433 -500 75 -69 371 -69 457 -253 -8 397 101 -400 320 -158 398 150 -36 -361 -446 -434 -412 -193 421 -173 97 316 39 -333 -211 -500 -139 501 253 -266 -511 206 368 -438 199 17 -506 -66 -395 139 -188 28 231 -366 -312 52 465 123 -59 338 -237 -35 -192 -69 -72
-132 287 478 -411 121 80 452 -67 313 340 161 -317 -320 352 -318 283 357 -313 314 -32 347 92 -341 -326 -118 -77 -342 -470 -435 -462 -455 -261 -118 -395 418 -440 -214 415 246 -343 -221 -305 -100 -41 325 132 -87 306 418 -445 -77 367 -225 -14 -445 -206 -437 -148 59 133 -277 324 -184 410
195 -260 167 254 104 -342 -220 334 312 -457 129 279 94 -471 167 -387 -50 379 -367 -265 -182 336 43 6 -225 155 6 -371 412 31 111 -255 -2 270 375 -5 -279 485 31 -136 428 184 -178 227 255 -301 -139 -44 176 -151 173 242 -255 7 -255 290 -337 -484 -195 78 47 -380 -49 74
-98 289 -419 21 132 173 141 -189 50 -405 -132 456 163 -249 345 -377 -42 256 -50 -465 385 181 104 -431 341 -477 -414 326 -165 -140 -48 -492 -476 -225 -328 111 217 316 -473 -230 467 275 231 -44 -35 -490 238 -69 247 396 -124 -236 220 311 281 -124 -190 -215 433 -49 428 431 189 -172
-413 453 191 192 133 -126 -366 -364 -17 266 113 174 380 -204 24 439 108 237 369 -508 -504 421 261 -393 -103 191 -215 205 -108 -211 479 -342 -327 -145 509 58 362 29 -74 170 -111 450 -76 -127 199 188 215 -105 -338 352 478 77 315 -363 138 -123 -453 29 -27 293 -485 -247 -176 -14
437 -11 219 -16 -475 -183 267 -182 -475 259 337 -255 392 -452 -89 194 -451 60 -59 321 491 13 -149 -466 -356 -208 357 379 -154 -157 -105 255 -117 -47 218 -488 -491 251 -92 -480 382 285 -22 -148 340 411 -83 314 -260 497 -302 99 328 202 -172 -191 -367 258 477 282 -2 -481 -88 -446
-395 392 107 -349 314 49 -315 75 370 -288 -313 269 224 -136 410 471 -272 346 -230 509 -487 220 240 389 -489 374 -244 422 426 -290 -355 -338 -329 -437 508 276 -301 -442 -217 -175 -211 0 -344 -239 -82 211 482 475 -441 422 -377 -354 -495 -450 -293 -163 493 -367 -43 -295 325 -447 185 345
231 -275 187 -141 166 -115 212 -447 312 343 215 -74 -162 -284 -504 -320 -370 -294 -444 56 -302 -385 376 -510 260 219 -450 283 202 -12 433 -212 342 -319 399 -279 165 55 481 -108 -254 -37 -281 -279 469 270 470 417 -284 -121 -4 -229 221 -223 85 -438 -259 -94 87 -54 179 288 232 -372
336 372 270 495 278 -296 25 -289 56 423 4 116 -225 -146 -106 -187 286 488 -459 249 319 -14 171 -129 153 -226 232 401 292 87 -64 -192 -85 248 1 -185 371 -27 353 191 -424 382 -121 302 -166 -123 -340 421 -465 361 470 -212 -142 30 -406 -288 217 358 253 -477 -136 -181 89 -384
120 144 -379 64 -470 -225 -240 394 278 -224 437 -136 274 182 -418 -466 355 151 241 149 -388 411 316 -146 21 -421 213 -63 -347 192 408 129 -68 48 123 218 -119 233 -107 249 -405 217 485 -184 -216 356 -261 251 316 -111 -470 -100 -318 73 309 -412 -84 -346 130 338 489 113 238 -106
456 338 225 469 -399 406 -425 -56 -361 -65 202 453 430 362 260 -21 330 384 -121 -254 -274 -95 197 -26 -225 -90 -177 -219 -204 245 -76 99 -340 14 -247 471 502 237 -347 47 262 29 -383 -487 267 -343 287 226 -466 -509 146 -225 374 -224 -326 370 143 -405 -287 173 505 -483 456 -218
-440 -318 7 336 137 -398 -60 -490 320 474 -231 -401 -85 86 447 407 146 -179 340 179 194 -427 -512 387 220 208 -3 3 248 -3 48 24 -399 441 -292 -400 391 -246 129 -381 175 100 78 245 23 249 268 -164 -486 -174 -241 299 -511 354 -106 -179 61 278 378 -293 161 -229 321 -193
166 -353 265 -193 224 479 -420 -152 355 94 -329 73 180 -476 417 -110 -273 285 -303 -237 -49 -220 -434 -46 -91 203 215 261 -449 152 -252 135 133 -201 -463 27 -226 343 14 155 490 -172 -104 305 509 -111 396 -95 312 -40 59 437 -380 3 96 489 271 208 194 -16 57 -466 7 -41
-312 391 130 171 -256 -390 -301 -69 351 350 336 434 -473 -443 322 -336 -11 -4 -39 181 -119 43 451 207 -7 -145 -239 -38 -317 -124 153 -31 -110 125 441 -4 326 288 5 468 144 -438 165 -325 254 456 417 89 440 384 -58 -53 120 0 263 161 270 157 -241 -327 -102 -274 224 215
-60 -177 306 -221 88 166 492 -129 372 -251 -390 115 74 216 -317 -217 43 -59 -300 -420 311 68 34 270 -142 234 -384 -230 49 230 167 178 -387 122 283 320 -5 -249 6 347 -281 342 282 -315 -292 387 -475 -90 -364 -223 337 69 -385 115 186 -349 261 -44 -443 -56 -156 456 -110 -4
-507 281 -485 345 -251 507 -21 -224 -349 293 -509 361 -59 464 -275 -289 -68 -175 -398 447 -67 -328 -133 110 486 60 -350 93 -51 147 141 85 217 275 327 -68 -191 -110 -348 -181 -500 472 -166 155 -58 335 -318 33 185 -168 -492 40 -185 32 -245 112 -336 -20 -435 91 -457 -259 -86 -432
-16 134 -35 204 -363 172 -217 -221 446 -282 377 347 384 110 -109 -453 -483 143 -416 -181 -360 219 318 -145 276 119 97 226 376 -388 309 27 368 179 352 -79 -116 98 412 213 118 -175 -247 -194 -472 -90 265 255 -499 501 -409 -318 -271 -289 -95 62 -471 11 419 287 141 120 318 -53
-67 -312 -294 470 457 225 148 302 162 -374 451 433 422 -417 -196 -268 -391 -459 -267 453 204 112 -148 -472 223 -226 506 -340 275 -185 419 360 399 -338 -325 -139 -176 318 70 -2 -371 453 40 -474 -46 -9 -369 -354 370 -389 385 80 324 -155 281 232 -406 211 -396 420 480 230 170 163
356 -431 272 -503 33 -273 -493 -482 408 -212 414 177 474 -83 -2 -150 117 -251 451 -459 247 62 23 -251 423 416 33 88 -431 -88 -105 148 347 -418 301 434 174 476 -107 -427 -234 -116 -431 153 -486 29 -187 510 -51 -140 -267 -60 -68 253 201 127 -460 -429 205 -13 -114 -169 296 400
-145 296 -377 232 -259 22 -289 -443 -434 377 22 -289 -388 351 411 101 288 388 -378 195 276 -120 -51 307 380 -479 -497 324 499 -466 -375 -398 431 163 -143 -224 475 460 -456 197 318 -450 159 -100 -485 16 -14 -39 -481 -156 -268 41 179 369 44 121 -377 244 -59 -311 -158 245 329 365
452 194 509 262 395 -116 471 -322 -504 14 -134 -400 316 -171 110 -143 371 -100 -323 -280 -407 70 154 282 439 -285 98 -167 474 -306 -398 -285 -341 211 117 -273 -475 257 -246 -260 -196 343 445 36 -54 303 118 116 -116 -287 30 338 193 33 430 -51 -395 -103 -175 -464 -127 -382 271 -14
-93 92 380 -241 -133 216 -135 -102 225 -452 64 -191 -438 414 -391 24 -296 134 -22 -155 404 452 -42 13 -312 495 -168 -118 24 240 -501 302 -131 182 -476 -352 -209 273 -90 -420 -201 208 341 -307 290 -132 -467 -221 -114 -287 -365 266 -46 -123 45 -59 -340 -209 356 361 -124 392 313 174
-491 -321 -115 -149 153 -35 246 26 207 99 171 489 334 470 333 -56 336 -169 64 420 -494 181 -273 498 -37 282 239 292 -222 331 148 -111 208 -67 -36 -354 -44 398 120 265 -364 500 -154 160 -449 -92 -458 -296 466 -378 -493 -24 154 238 -438 395 -217 -26 290 -14 -501 -191 -438 -327
498 233 463 426 303 -263 401 -53 -471 442 -126 344 -167 136 458 508 -340 -276 411 -175 -379 -186 250 -432 -15 -197 38 -134 255 473 430 -212 331 -191 24 86 -378 22 -228 413 -143 -377 283 -9 -98 -167 -452 68 -270 -473 -104 -204 -479 -310 -94 379 -130 -327 -72 457 103 223 -147 6
-189 79 -393 195 -405 91 385 -214 -64 369 -338 -279 -280 338 -126 -502 163 354 -190 -252 440 -375 -498 -231 121 -188 276 395 -66 374 -54 101 311 -287 325 -87 -437 308 120 -197 -91 -365 200 425 463 351 -327 401 446 200 -150 -17 -266 470 -189 198 370 -203 22 -404 493 -217 228 117
-233 -184 -138 0 -241 297 -118 -274 249 351 394 189 236 62 -126 391 90 454 -115 -348 263 150 192 349 -171 -19 203 -355 228 -460 -129 -496 -477 -420 -303 -88 -41 379 -484 372 378 -27 286 244 186 463 -117 -30 31 -358 346 -400 260 -413 -85 139 -420 -153 -253 250 162 -478 154 -438
-416 -68 -179 -427 -423 115 -488 -164 -16 -295 -114 -296 -310 331 -427 -378 -294 -117 -271 373 -100 -503 -90 -10 46 -320 -220 362 -341 -21 430 -352 -231 482 -214 480 -16 192 -454 -128 -378 507 -331 50 -448 -207 331 293 -258 -391 298 -157 -303 -402 33 221 -84 -25 300 160 109 212 419 454
-41 -114 451 -333 124 454 -442 -3 -87 -114 -164 -16 -286 -471 22 -74 452 -13 -98 -202 485 497 -324 -475 307 182 -310 -186 -467 -442 289 147 32 -297 -54 71 -198 -331 -247 315 -415 381 -67 481 -387 -403 159 310 -219 -503 -419 -339 -31 175 415 -213 -461 28 390 205 36 90 -119 -290
342 117 472 -359 199 -308 370 -40 -322 421 -16 -376 -34 62 293 247 482 -428 -247 -327 -491 44 343 93 -185 -67 -485 -243 -31 100 44 -246 210 134 -91 439 37 169 -375 418 -183 316 -301 -376 462 -169 383 389 220 -180 -141 269 -252 49 -46 -128 407 -168 498 485 186 470 8 485
-479 -200 322 -490 394 -6 438 13 301 -84 510 -291 -402 330 -155 -323 348 -398 287 250 489 491 -484 145 -236 326 376 -150 -446 -55 448 -197 169 184 -147 -3 -386 302 173 475 479 23 377 195 56 -174 -454 161 16 214 -132 -27 340 -431 409 -69 194 -317 -12 -173 428 149 -109 -429
41 -317 110 444 -356 -319 117 497 129 89 -445 338 -496 311 -84 316 -434 -508 -105 -170 339 -5 137 490 -438 -162 218 1 -499 287 -91 -467 117 115 -507 406 284 446 -312 69 -275 247 -459 -59 301 -406 -363 416 -17 177 -405 154 -450 364 343 364 -260 -437 -393 -216 507 -459 -472 511
-39 -355 -177 105 -477 -171 -147 232 -467 -334 6 103 -487 78 466 67 120 -266 226 386 30 213 169 202 -453 -422 359 68 -274 -135 424 -333 26 -147 -262 224 448 151 483 394 335 -128 188 280 48 -4 -212 315 196 -392 -295 -222 430 -495 -248 -425 448 503 -466 -420 286 -390 511 345
472 94 -480 -94 367 240 406 -477 -260 -294 -392 247 17 424 -89 -73 -289 -78 -137 209 103 136 -465 -245 293 489 359 -106 430 -295 -164 429 -184 138 -90 -239 -376 -328 -391 -348 -140 176 -460 475 91 58 -347 13 -195 348 -20 354 508 64 19 23 -395 100 -506 466 206 365 311 -170
-379 370 -186 -274 -294 -410 204 -205 296 -146 -379 154 -407 128 -491 -356 -74 78 18 -427 -135 270 -266 -271 -255 -27 -425 -509 467 -81 259 -339 -286 433 -267 -185 177 -182 492 -355 -449 -55 195 305 446 301 -343 220 137 -153 -364 -510 -240 88 -334 -283 -231 230 -223 -264 -320 -494 -279 -26
191 191 317 50 101 -205 327 224 35 -365 474 -22 -282 84 -105 87 230 279 -156 -78 -247 125 -449 -11 -7 -494 10 -287 217 445 -351 -156 -418 -403 -67 22 -297 -437 404 290 -463 -82 -250 -240 282 -453 -47 -264 228 441 88 317 421 202 360 -228 -21 -412 -199 -188 27 33 -361 -230
-3 12 -89 359 131 372 -147 496 389 -261 456 225 -368 245 248 -435 -234 -139 -208 -437 -196 -297 -431 -27 409 -327 -360 -151 -198 67 -283 -224 118 86 -162 505 265 59 -323 112 26 315 -103 -205 -325 -387 485 371 450 -470 226 325 -328 40 -284 -226 148 34 -151 203 -408 37 -405 464
240 -244 -141 -81 -254 89 -56 220 500 472 -324 256 206 273 -280 73 -34 -511 -237 -352 -144 -461 459 -85 -289 1 132 -234 -1 117 -188 -497 232 -262 357 255 62 -377 425 88 311 322 80 -257 179 252 -252 -284 70 231 -256 508 -472 -328 28 -261 126 238 330 -229 -28 330 -416 94
117 -214 155 -338 288 160 -50 -163 486 89 -133 216 40 340 -211 267 -11 501 485 -123 480 34 -366 -457 435 -191 79 88 332 65 119 373 95 439 -23 -504 19 95 -97 311 -402 78 266 -352 37 506 -435 -257 136 411 428 -134 -310 103 -236 122 257 22 432 289 432 169 -152 -320
445 -341 -481 -186 -256 -138 -386 54 323 314 -403 166 -300 395 49 -437 -330 -497 -113 144 -189 294 144 -129 -233 477 -228 -212 -298 421 120 26 242 328 -407 421 386 -54 446 226 -286 -375 502 -226 -426 -403 447 -485 -145 -379 -333 -266 449 -125 214 108 110 373 -356 239 198 -221 450 -328
417 353 -255 -230 261 427 -384 238 -166 -231 130 -112 -363 97 387 486 -290 58 -15 -197 196 454 374 457 -31 -199 165 -470 -344 -315 -339 -372 -296 244 144 394 61 -347 225 -34 277 -317 191 -57 -14 -203 -204 17 -425 -63 -180 -367 -228 143 -163 -168 -40 -115 133 -409 -418 68 -181 64
42 437 137 481 464 -285 -408 493 154 -220 383 -9 -360 6 454 271 -271 -83 -427 -330 -400 494 -453 -322 287 217 -406 -388 -265 -7 -344 399 464 433 45 -200 -9 -292 200 302 -465 -268 -100 33 332 469 370 -474 -211 -269 162 -364 -171 30 -451 -13 49 289 374 -259 -226 -101 72 -173
307 -462 301 -312 -304 277 327 -311 -71 214 -189 -217 52 490 410 -150 6 -146 -163 -458 256 -195 -180 -3 63 62 99 -352 239 -292 -366 222 -291 -469 -502 -318 485 -299 -166 379 198 -20 -14 423 -300 217 421 402 -195 331 498 425 268 -172 -351 -431 -333 -121 133 -343 506 427 256 3
224 356 174 -313 -222 93 -346 -364 149 -368 -507 -245 -334 395 507 -4 -75 479 499 -502 -316 114 24 -61 221 415 223 382 -248 -279 124 22 455 221 170 -96 -354 -482 443 75 203 -263 -121 473 -479 30 -376 129 -445 57 -298 356 -242 -304 -102 11 -461 309 -79 -393 -403 -468 -188 -353
-366 -162 315 -149 344 -136 211 -263 -511 -53 351 -423 -366 177 -324 -178 -101 353 -13 -300 125 -60 499 351 -490 -283 69 314 192 34 223 -275 -311 52 255 92 -262 238 462 -24 503 -306 -313 -335 337 251 -102 320 -307 -503 124 488 437 39 123 197 192 -454 421 397 -350 -385 -330 218
223 -474 187 -195 63 -11 -371 -53 -22 326 -306 -365 -389 333 186 -350 -27 138 93 304 -328 -129 -296 364 25 111 -383 -99 -264 -259 -464 456 -428 347 134 -436 -444 -285 41 60 91 6 -8 -422 440 -331 3 -350 12 -19 -1 -242 -322 -346 377 147 385 2 -40 -471 436 119 -192 -220
455 -465 471 -322 429 -108 454 20 -392 -210 245 261 363 149 23 -401 503 171 498 -492 -240 103 -278 215 -86 -420 457 -352 -372 -200 -469 3 121 463 284 131 -299 -384 -188 -239 -357 505 239 -84 307 -40 89 29 375 -138 -205 -425 -231 488 369 -312 -189 -62 -399 300 221 -435 -492 -327
252 -58 -233 -222 92 -238 269 261 344 10 341 278 184 -404 399 -174 -407 -65 220 -294 -176 -290 -349 -458 145 358 -48 187 50 509 398 222 243 -29 37 228 -332 381 -317 507 81 -409 -189 -176 166 443 -45 -368 -31 301 -59 437 480 94 217 112 407 283 66 114 -208 293 416 306
384 508 -186 247 -290 -192 103 -353 -11 -49 245 -108 -88 475 370 -208 -444 -427 459 304 -512 327 -246 -182 -13 431 -70 -36 365 276 353 -416 263 -484 -378 272 203 424 174 -11 367 136 29 35 173 16 316 507 -157 -414 233 -327 -259 -250 -185 301 269 -13 240 -397 75 476 -497 171
-301 -32 -134 219 76 207 181 145 -478 -206 88 -456 283 264 348 -473 -410 -432 501 -71 -5 -71 120 482 166 -503 118 -78 56 118 368 -138 49 509 340 -31 -345 -283 293 142 169 17 -87 32 -141 154 -392 -264 323 -468 212 9 -498 254 238 -256 281 161 413 345 -201 -361 -115 -322
87 -419 -203 186 77 120 367 285 -269 -429 -166 -401 256 -86 -10 498 122 100 39 253 -417 -132 45 243 -506 449 190 -114 150 -82 -342 -284 -449 -408 366 459 -130 339 -100 175 441 133 -348 259 384 -474 -115 -37 -12 -106 -274 -493 -406 9 52 -420 273 392 -353 181 -505 82 117 456
191 -9 109 455 -191 -334 503 413 279 106 117 43 -498 373 -271 -4 -102 -433 110 413 88 31 297 -245 256 -239 -25 -1 -237 -24 -67 -42 -367 -283 226 -499 121 -79 -295 151 118 188 193 128 -14 418 442 -361 119 -502 -365 210 234 293 333 -409 326 -91 -225 73 -472 -237 -174 -1
-153 -307 -463 83 -125 81 -305 197 278 308 380 -228 444 -451 429 -491 132 111 136 240 198 313 329 -82 321 37 448 -35 176 336 70 -174 326 50 -263 182 16 -290 -228 482 232 453 -377 -400 -269 355 -179 380 -70 -422 159 -208 217 -238 -468 -312 -69 202 164 -87 116 89 306 -93
-473 258 391 493 54 -86 -398 -125 -236 -444 329 162 -131 448 -269 -304 -170 238 -269 -478 26 -503 31 -77 -502 84 259 256 10 289 -494 -275 422 432 -489 -38 155 -65 -186 367 -49 -404 -224 -187 388 -22 431 -423 465 -166 -173 46 14 57 360 -43 -491 -375 -56 333 -126 273 -349 305
-8 -335 365 -165 -416 255 41 -222 -11 383 346 -238 -350 -115 -338 -38 313 -234 235 92 -96 286 157 101 -223 -158 353 -440 -321 -316 -105 260 410 -105 -440 -335 79 -213 67 502 -303 248 211 -143 29 -444 35 -351 -98 27 -198 -152 83 -511 -87 433 181 291 -210 -352 284 -404 -232 167
268 226 -397 -36 19 -437 20 109 -276 -8 290 -73 131 -300 -266 70 -363 402 508 -477 -170 -419 -253 183 487 -37 306 223 24 6 451 -239 17 -400 95 -181 364 -507 343 -138 -69 140 -236 -192 227 -117 123 505 -245 -503 456 175 57 -414 228 -429 -178 390 73 -402 220 -119 -84 -290
-282 -486 -213 34 258 472 -425 307 -239 -115 -403 272 331 -1 -92 460 -489 -18 382 -156 196 477 -49 498 -110 233 264 -308 81 -232 209 -92 -39 -67 400 -484 374 128 54 189 -393 53 -471 287 -469 253 79 -345 -272 418 -358 -458 431 -213 -452 -244 -394 -236 35 119 -199 -53 -465 -143
157 86 -346 238 503 -300 -70 424 -392 -403 447 15 175 8 35 -420 434 -416 -91 -220 408 -310 367 482 290 237 -184 126 369 -48 87 330 -504 -451 450 -118 -221 175 -370 485 -362 -413 359 182 -191 -41 -459 248 136 324 -500 -378 -302 -237 140 -242 -352 -226 -98 -147 290 -139 155 -126
299 20 -318 -511 296 -224 492 365 -289 -219 246 -237 -31 152 -366 153 404 -260 -105 37 -168 -129 277 292 24 -483 -181 215 277 -375 -167 324 -301 -225 136 322 -286 495 220 -145 331 90 -434 -83 -435 42 -158 -452 -467 -397 58 74 -59 -124 -97 -316 -467 212 -9 55 -107 372 -450 184
24 388 -347 182 474 133 66 -295 157 -192 364 -473 470 -332 30 -384 -192 -131 -378 106 -446 -187 -65 367 160 143 131 -260 -153 -333 329 162 -107 -435 -171 -82 -226 -405 -312 441 -193 257 13 -216 -294 -213 -297 -213 0 -503 180 455 340 -161 14 -448 -189 247 -412 -426 130 141 -38 160
-79 447 -160 -450 470 -44 -134 497 336 -262 2 -41 -476 -466 -218 -248 -332 243 -72 353 221 -338 504 -285 476 70 -243 -17 406 -369 -146 370 -311 232 -181 431 -351 117 506 312 -317 416 225 -227 401 -121 99 -122 -225 224 39 98 298 -169 -460 359 254 325 -300 471 -229 384 -266 468
75 -275 224 -313 -254 -384 -124 265 44 226 -159 118 272 33 -170 387 370 -51 -13 58 -458 237 219 -50 -367 -8 332 480 -225 -114 -128 92 55 152 -449 474 -286 319 36 131 443 61 -76 -181 -271 135 -85 162 -300 -297 -96 30 -155 -109 442 -446 261 -261 230 -89 170 -37 387 -46
418 464 186 -416 31 34 501 142 -282 452 -76 442 -6 453 -42 196 -6 213 -134 20 98 439 -461 202 -325 40 -244 224 -430 -207 -153 467 335 1 -25 504 -55 -31 -396 -84 402 -185 324 445 -269 -85 -366 -145 -446 226 498 343 -325 22 5 11 110 -283 -145 -107 -213 -158 -228 397
287 270 -415 -490 -262 323 448 -305 60 -224 419 -1 -442 490 -343 -210 -109 110 317 185 320 303 -13 -56 -137 -350 69 326 -427 -390 199 17 -177 276 -148 -52 11 376 44 231 -138 497 30 -304 508 -372 136 -263 -205 -373 -17 -136 256 275 239 508 -234 -367 399 -81 -374 -27 97 490
391 506 -218 -442 -362 347 425 323 249 -369 -359 251 -12 -239 -344 -343 386 -321 -328 210 81 219 -157 -443 -478 361 -265 -22 -8 190 -169 -132 -457 -295 -346 -478 73 68 427 -487 171 36 -134 5 -441 419 321 380 -461 366 368 -424 286 172 -414 218 -309 -376 442 397 75 -46 -196 447
411 -151 -456 -275 403 36 -420 52 167 -431 164 224 423 186 232 459 262 -415 -476 12 -497 -208 -212 69 -428 -492 60 -503 -332 57 89 -490 -341 207 218 -269 -242 -34 21 46 224 -148 -210 214 -333 -192 -236 -379 167 314 142 -42 320 268 214 -153 -150 -105 -80 -418 240 -248 -507 -331
150 89 -61 -10 161 248 -472 -52 232 -510 -240 311 471 -249 -394 281 -184 378 441 511 205 -260 -175 -380 349 458 184 376 282 128 -12 169 272 -344 -102 -250 436 -489 419 163 8 463 84 473 450 -418 424 44 257 -249 -153 -98 -152 -258 330 -2 -260 -351 67 364 345 300 57 216
-422 315 237 20 -508 82 385 -165 153 -108 449 -171 -120 197 -428 -154 415 -139 460 -57 275 -197 259 4 483 198 62 -319 392 73 204 490 146 306 448 99 -212 -220 -440 -317 -340 -127 -272 401 400 -91 113 280 286 244 -77 446 -158 15 202 -192 -285 -337 85 -171 -24 -18 -428 -453
-405 422 96 -506 -180 -436 -455 -483 344 -470 22 -497 45 203 115 21 -335 -203 -5 -211 -420 233 260 -420 -52 -280 -186 -424 -220 255 337 362 -107 494 -358 -136 -248 372 308 29 53 -256 338 168 427 -139 -386 -190 -281 -78 -502 -148 502 388 300 -506 -255 -168 465 -46 343 331 -13 505
-463 352 1 -503 58 -434 -274 170 20 -126 312 -230 -430 326 352 259 88 397 259 -358 -191 121 295 398 183 280 393 321 -459 490 -410 476 267 -2 321 -485 461 475 -10 -110 -162 -403 -123 149 -368 449 -443 -148 10 -480 -350 -480 -410 266 -386 -285 -27 409 -180 -233 441 -179 314 -333
235 0 -376 -388 494 420 198 -207 -231 -481 263 345 329 279 -89 -10 18 26 191 -102 -104 503 -52 -177 -164 -127 351 -206 -153 -191 497 20 -109 10 507 311 52 253 1 -201 -63 -315 -133 449 345 140 -32 389 249 -77 48 -252 -147 -120 413 -172 243 -137 234 41 156 -444 431 -429
-216 311 -431 383 82 -194 404 -286 -167 330 306 488 -170 -109 158 316 -117 -195 -63 -196 -409 -127 -223 270 -381 -503 -450 311 -270 218 457 458 14 217 -341 -288 79 62 309 37 -312 84 137 -5 -127 253 101 416 377 475 -469 -197 -241 -56 378 340 -31 -168 256 192 -91 150 140 -12
-292 168 328 -450 396 -309 48 -286 -467 236 -45 -30 -494 -455 30 -282 -272 -73 183 -491 -330 379 -160 75 347 -166 -55 272 32 244 -414 446 157 452 156 279 -395 -375 -310 299 132 309 -239 464 111 47 -101 343 -450 -226 -329 -233 -377 488 225 -360 247 -474 -273 469 277 459 455 269
-205 139 -207 -475 -483 1 90 346 -427 -273 -222 481 -400 -75 -314 -61 -280 -48 -368 287 114 -346 -504 -150 -348 57 396 -234 137 293 -219 -374 123 228 55 -61 -475 -504 205 120 289 402 480 -315 -65 249 320 -2 -368 -386 -411 102 -443 -41 -47 250 163 -95 243 -4 495 257 -389 -374
-175 178 -254 -423 -167 -135 38 194 95 -22 -55 395 343 183 -284 394 -469 169 -507 150 176 354 100 -180 250 6 400 -505 158 -187 -463 109 -49 -159 -395 -442 347 303 -478 -130 494 289 447 343 -23 299 180 288 132 498 249 -334 121 117 263 432 384 -250 -14 -351 232 -28 141 85
423 263 418 -263 374 305 187 -299 -512 108 -180 -149 -332 98 355 -227 101 -66 392 416 163 133 183 308 -142 -319 -294 219 -316 -54 -62 207 -140 255 64 -506 -154 289 296 -370 -40 133 227 -78 265 369 -194 250 -369 -284 -269 -240 369 13 -43 284 -409 487 -19 -6 -34 -188 -407 -378
-457 183 -99 212 66 17 425 -234 215 -38 -406 298 510 315 -495 162 -178 335 -348 32 286 -374 -99 209 491 449 -136 -239 -265 -366 389 -367 138 -472 278 31 -281 -77 -24 346 170 66 -30 300 -128 392 369 -470 429 -264 -174 -92 473 -38 441 185 -313 -288 421 196 306 151 -328 483
354 -505 -390 162 227 291 -447 -317 -247 -414 -290 -186 -75 208 471 476 -260 -199 -431 -497 -422 4 -457 -238 -150 367 -226 313 384 -351 -337 298 -222 -353 -55 129 -8 45 -305 -283 499 -384 340 -289 239 -225 165 -21 12 -379 -456 401 427 -119 -153 -322 -25 -440 -440 142 -472 -208 -324 350
350 -172 -375 -33 -241 78 -244 273 29 479 304 500 -160 329 -390 -376 240 -338 226 -93 1 -421 259 286 -34 23 368 110 -408 330 366 18 22 -336 408 -117 -336 247 -333 239 -292 252 -505 317 262 291 -324 380 395 169 209 -356 490 -141 31 -177 274 -288 51 502 -463 -294 -222 -268
-158 436 -465 413 156 -131 -444 -254 247 -441 -207 -437 97 188 394 -139 137 -352 247 291 444 132 39 -65 -245 453 -213 -195 -208 -486 -16 443 -196 -130 -120 234 -73 472 314 214 433 -327 103 -410 420 -318 -452 -275 -414 -319 36 167 427 313 167 97 -458 -293 -125 -212 -78 -24 -461 -411
188 -412 407 166 345 137 -112 136 -183 -64 215 275 199 391 -40 -194 498 -468 -251 61 -372 -172 420 24 183 110 400 -375 235 140 477 381 415 -197 -485 -76 -100 460 456 365 -270 211 -231 329 -120 -130 -121 -417 -445 -399 -207 163 -458 436 -10 46 -210 -190 -258 46 155 -377 -260 20
-317 -154 -253 -31 223 -458 108 59 -254 125 -198 -426 153 -265 -467 414 -111 362 298 412 -12 311 -368 -326 462 -9 377 -404 192 -90 -20 -193 -491 450 -24 87 225 -156 354 272 -348 417 -374 -6 -382 -280 88 -373 208 -133 -443 483 -264 -208 -254 -249 306 -107 194 353 -409 -366 219 213
-352 508 211 368 379 -385 -68 -280 219 -365 135 257 315 249 -6 -411 89 376 -321 287 -7 -204 8 423 -390 -160 209 119 315 -219 -124 -465 141 -74 -512 416 -298 -222 274 48 -247 494 326 329 461 41 252 -376 -386 172 -463 109 -53 -54 -16 -249 -503 -46 490 140 100 163 425 -236
-408 -167 -245 -481 164 -77 -462 241 -117 281 -133 123 440 364 -78 360 -143 -448 -344 291 -396 11 273 -300 168 354 -213 -19 -195 -233 -408 -233 175 241 486 27 280 458 397 -108 -118 409 -417 227 -352 20 -304 82 -160 492 -449 -355 -175 -174 -418 -276 414 187 -416 -158 102 71 -486 194
413 -36 -401 55 334 506 199 -95 -133 488 -48 506 -3 -21 -20 282 289 142 66 -363 -498 90 149 353 -278 313 -446 475 -145 -264 -475 -244 226 -504 158 9 122 346 -152 403 -235 18 -147 -493 362 -412 15 225 355 47 -233 -174 330 -364 407 276 -107 328 -296 -242 361 223 510 165
-310 -410 -263 -209 70 343 406 -165 -499 -78 -133 510 470 -374 -65 223 -448 -328 -486 -222 347 5 -482 8 -235 -24 -202 53 -314 106 -321 474 104 282 85 -111 427 -375 271 146 207 -74 65 159 22 45 -312 -111 -478 121 -51 452 257 132 329 -275 325 -39 221 -292 -155 354 -452 212
-25 252 235 -146 -116 428 321 -282 247 -276 -102 331 92 55 165 -174 397 -483 -127 -381 314 -393 -505 -328 229 187 -243 110 -362 36 396 -94 -426 40 -41 -194 -329 -323 -23 -4 504 -496 -234 -147 176 -89 -489 -193 348 -250 -231 -231 369 -217 246 409 -169 -501 281 217 -303 -148 246 232
-378 -348 -336 -385 -449 146 -3 122 139 106 -346 107 352 -268 -390 458 -182 -130 -199 460 -373 -206 243 -493 343 104 -488 206 -387 -179 -32 -292 388 315 -381 326 -230 37 -85 364 -11 58 -224 -330 47 -39 -338 -177 288 410 125 71 -457 321 -476 -264 228 146 -316 123 -243 133 -391 248
377 -319 201 -127 458 -355 -490 -319 346 -290 -284 -495 -378 -137 273 267 -370 -253 -236 301 -204 503 453 227 -160 123 9 -359 -64 -129 167 -222 -367 457 90 214 340 66 -79 27 439 -208 -79 -380 -55 311 461 -121 425 -83 -125 -328 429 -23 -511 71 201 120 -389 -162 7 -343 -430 -157
34 -504 56 -511 157 465 -97 186 127 378 -462 456 224 244 -504 110 -454 -26 -79 -415 318 122 299 -356 -394 -290 -446 200 472 -378 262 -365 -194 -419 33 105 128 119 342 -162 -60 93 251 -112 -372 73 133 -225 247 428 454 124 -504 456 395 347 -312 -359 379 -175 -332 -350 -449 -303
-406 362 -20 -143 484 264 -406 150 -347 18 278 -342 -463 379 -269 -39 -344 -431 66 -60 -13 -401 -115 81 -71 389 -347 -113 401 126 -257 -443 -373 -49 -434 -33 412 293 433 112 -96 193 345 255 -219 493 474 -451 -259 -219 -371 312 -508 490 438 -269 244 -97 59 -175 -32 -473 -205 -31
-352 143 118 -491 206 62 229 74 -30 28 158 -409 408 332 -358 -38 -41 -465 408 -334 -186 138 173 260 -365 311 299 -318 186 -497 -388 237 192 -378 -489 -150 -375 -129 482 -18 -162 -363 82 273 53 -349 432 140 -156 -12 417 -192 499 367 -269 146 191 386 409 -281 200 474 -374 131
23 -372 -241 203 91 -14 32 -160 -173 46 -320 458 -198 352 57 -452 210 -85 10 342 -394 -31 -488 125 -300 -416 160 511 -497 -82 -474 151 -62 -336 -204 455 216 -471 -156 463 -186 151 -485 -235 486 83 172 -402 -355 -43 506 -18 81 -339 -413 -15 -373 -421 -237 172 -145 -204 418 -108
-431 -251 -220 -106 -316 -202 22 -464 -73 126 123 217 61 300 -400 490 177 477 357 488 69 256 265 328 164 449 259 235 -356 284 428 -44 307 -222 -118 189 420 376 170 -457 -486 -235 -216 186 387 207 115 -23 285 76 -355 144 -265 13 448 266 265 -439 -73 -87 360 -21 158 255
-61 -396 -128 263 307 244 -198 -395 420 482 -341 -152 -262 -266 169 354 60 390 -405 88 -341 -61 -472 332 -104 138 -318 374 -267 -183 47 -97 140 -296 -131 50 -63 130 61 389 284 173 147 508 324 71 405 -402 484 167 -83 -482 -498 -200 425 334 -171 -103 -443 -271 -323 145 -402 -322
-58 242 406 463 127 -156 343 -389 -47 463 205 383 120 -308 206 53 -113 171 -352 -30 -356 -360 -20 -168 470 467 32 -167 -165 165 -300 327 378 71 -453 -135 482 -489 -331 -123 -363 -341 277 -334 -403 153 272 11 77 -361 -344 -196 397 482 -216 -215 -248 -468 -438 208 250 -13 358 55
-301 -253 84 -256 441 29 -404 -370 -435 -381 -90 237 -294 363 -431 281 165 -359 411 -120 -102 -2 -262 454 -160 0 -114 489 430 109 -88 -80 110 510 411 -247 315 30 -442 11 9 -80 300 20 254 -94 -451 367 310 -26 9 -251 -323 -413 208 -379 91 3 118 326 230 -91 30 -302
267 457 -17 -175 -245 137 -244 244 268 -397 -287 86 -432 -321 -138 -356 -511 331 84 225 428 -13 305 -271 198 -71 -131 -371 -443 459 40 80 139 222 484 427 4 118 -467 -381 307 -216 349 23 -211 -145 249 330 -495 -316 67 -407 -136 337 413 -357 -339 -309 -364 -476 -472 -448 350 257
471 -400 357 257 65 409 5 133 98 -154 63 -246 28 164 -234 56 -118 386 -169 368 -128 -223 -105 -402 84 91 477 -77 -275 -70 464 387 -384 106 -324 -341 -349 -449 63 34 117 -360 -24 -460 23 76 472 312 450 -17 -438 317 -91 213 -341 323 38 248 390 -452 -43 -434 -101 -418
-343 327 -385 -70 332 367 -455 -58 -92 -107 174 -451 -315 358 290 51 84 -211 451 -243 -337 -60 147 -188 320 -489 344 -478 204 -229 315 -263 458 -419 -143 -4 379 -391 26 -501 180 333 496 183 -200 85 -45 104 442 155 184 -31 478 -362 280 476 -409 -416 -348 11 -428 -109 383 -155
18 -88 61 -250 212 -307 -422 -218 -431 200 489 303 36 324 -460 -410 -248 381 -6 -339 -211 198 -91 176 -209 159 171 239 332 -181 -488 19 -116 501 352 154 -418 -453 364 246 57 -404 488 432 52 222 282 -110 -113 -63 32 142 40 -30 194 -46 231 249 427 91 -148 496 459 -325
40 -230 404 83 -86 -136 498 -439 92 190 480 388 -20 233 -415 384 232 45 145 163 -86 -481 -399 -77 -103 248 128 -135 -147 -63 373 173 -274 214 74 -300 291 -154 -186 -351 -380 -193 -455 -498 -450 242 113 -349 68 291 110 -350 157 461 126 166 417 416 -377 361 489 436 -306 116
396 -256 493 -107 -253 -488 -464 -111 -281 -455 109 -84 319 214 -132 222 210 -249 459 149 -5 84 398 -271 -274 89 174 26 -24 -353 411 -57 194 463 -268 -126 314 180 181 -98 -416 -344 78 315 135 -253 148 -83 21 -493 115 477 492 483 -323 498 305 -60 -24 235 -447 -482 -239 -472
-208 -218 401 211 -257 426 -305 -216 -214 -356 -100 371 142 33 118 -330 494 197 485 -246 188 -398 182 -434 469 -98 -47 488 372 -92 491 250 187 -106 -437 409 -465 479 355 -5 209 418 422 129 67 -40 -449 244 113 100 70 -421 -53 -99 437 187 488 27 169 486 -152 -1 -36 -158
-401 -305 328 -407 -212 511 -62 -474 43 243 -389 -327 270 475 -12 -290 -288 407 -101 70 -434 85 -354 -55 422 131 -294 386 -378 455 230 195 -88 426 499 -260 -346 -72 -288 187 41 -439 -259 -40 -136 -269 178 23 320 186 -351 -307 -149 417 52 433 56 -191 -240 162 253 167 373 191
-507 107 -43 -33 -281 176 281 -54 -428 493 146 -366 85 -219 8 351 -23 -87 -27 368 106 277 394 -142 358 -381 230 -362 27 492 48 -253 467 -423 -412 453 -321 387 450 468 -496 -138 -199 -117 334 -284 288 -131 -19 -20 -225 -416 270 181 255 406 -439 348 281 -386 395 -485 293 -142
-471 -448 414 -256 324 -378 466 56 69 -37 -77 -263 -442 280 100 86 -240 214 -369 -223 -256 -127 -483 214 281 -302 -421 -152 391 175 -83 -96 -318 187 127 74 211 -84 382 -291 -22 -471 319 -291 -471 455 -484 344 -104 445 -387 429 -486 -215 16 -465 323 495 280 495 -91 255 -289 -438
-288 391 -490 -304 174 -248 -110 -65 271 156 -464 17 -405 -447 -472 -293 -68 449 -434 -414 64 -254 -135 486 68 113 -463 149 -157 135 36 473 -59 108 110 285 352 360 208 469 -70 370 -372 33 481 83 54 276 -434 -41 -259 196 130 -163 -149 217 143 -397 295 313 263 -438 -126 321
188 -228 -428 -460 87 353 475 -12 45 457 -411 258 -211 -263 -410 -142 327 -140 -266 -329 181 -390 -463 181 -306 -54 400 466 -476 498 339 -335 -111 -370 -137 41 -199 -112 288 350 243 436 -115 -17 -424 -43 414 -415 -333 303 -284 232 -44 -234 -164 -448 248 -314 293 13 -458 -179 -286 215
80 -363 -331 159 -405 306 -489 -384 -499 99 249 -424 241 23 -212 15 -246 370 -496 101 188 368 483 -505 444 31 471 -174 -333 -196 130 465 -499 72 367 -188 392 339 -223 27 409 -292 -252 90 -5 -334 278 -258 113 -512 -277 511 479 110 270 -219 -149 -508 274 -229 29 -144 420 -152
-315 -220 34 -60 -107 129 493 -276 -421 498 49 382 385 366 229 -95 372 407 -320 -436 -395 -475 -319 193 200 11 -39 176 338 -190 115 463 -138 -497 -473 -256 -216 -242 208 313 156 167 -440 256 162 -148 269 180 51 475 -84 456 -461 -297 -427 308 424 131 169 108 -256 -199 271 240
