-419 62 -418 455 -370 275 149 -282 353 -352 -365 23 -343 -155 385 -247 401 -65 492 300 38 170 275 -376 202 128 102 -264 -65 443 102 -411 307 -318 -410 -429 475 -354 296 214 -446 -241 288 346 -408 485 -38 125 -292 -146 -339 365 -234 449 -464 175 -481 -375 -367 -377 401 364 -375 -98
-149 -439 417 -343 -379 -420 -255 -487 -432 138 -414 112 87 311 -276 -159 32 -364 -280 -7 19 -195 240 29 -21 -185 -202 -287 140 500 456 285 326 172 -173 91 -163 -270 -42 -142 61 27 61 -278 -434 -182 133 -163 -502 -23 161 246 38 -425 232 -464 -108 445 -314 470 -22 497 54 -386
503 407 108 -363 -33 -448 -419 -483 -462 -188 -1 401 -33 191 347 -231 203 327 -11 -229 395 -500 408 -310 -448 -88 -3 448 383 431 112 348 424 489 486 -379 35 -186 243 380 -197 312 -212 86 52 -494 -470 -479 -471 -418 10 148 130 392 508 -255 -209 -335 216 361 368 -475 29 -240
-60 442 283 -252 323 -283 14 261 -182 -340 -354 55 304 87 374 270 -133 225 75 -388 -260 -63 -124 -219 351 -291 464 446 -198 -23 -14 -326 -53 147 331 242 -121 -71 3 444 453 -127 337 -377 214 -100 -135 176 -210 41 -106 286 32 508 -9 427 231 -69 308 70 -248 -359 -507 -89
199 420 -186 135 -458 -106 -353 -127 -129 -289 37 255 323 -161 -245 216 120 -335 74 -352 -121 442 -200 -461 231 -414 30 345 -487 -502 -96 -417 194 187 -214 467 -197 234 -219 425 -168 78 -464 49 325 -347 427 -196 -175 -155 138 -155 475 -345 -326 31 -45 395 -312 -438 182 5 150 -310
-242 165 -184 269 283 -103 -91 100 271 136 188 -409 -129 -213 410 498 -461 54 -409 -161 55 12 506 505 -386 -92 -75 -130 -497 -64 -492 173 64 -215 366 389 -142 105 278 456 -276 40 387 -29 233 197 455 -358 -231 -254 429 -107 -452 -376 -22 -186 -2 132 161 239 313 -235 24 162
54 -269 -449 -312 -267 -191 -45 3 84 -298 -476 -47 458 -111 -487 -301 -94 -204 -314 -293 -93 -483 -40 477 -34 31 -47 349 -40 -100 310 -494 41 79 345 249 -210 251 -2 -43 391 339 -289 -130 61 452 -240 -489 248 484 -49 -121 117 -91 -450 -425 -508 -382 366 -248 406 -488 -261 452
-386 -390 -417 419 -380 -273 -239 -44 -264 259 128 -331 320 388 -471 -487 4 193 324 -82 492 -349 423 -48 -141 -20 -57 -418 -330 218 180 -311 -457 -77 -228 404 446 351 125 358 50 227 -385 425 220 26 -243 137 486 150 96 -210 -399 238 147 382 -316 -465 90 464 -434 -507 138 -217
-372 -487 125 0 -278 -412 -290 -138 339 392 -25 176 460 456 250 -121 -163 299 184 273 -406 318 275 -148 -485 369 -260 92 442 -249 -154 -164 -314 19 -348 -384 343 236 127 189 104 494 490 -32 -14 210 114 504 -186 455 -242 -257 -140 113 456 -78 468 -125 -38 -352 -186 -424 92 -299
238 496 285 479 389 231 104 -302 -118 143 -270 332 244 -283 189 -417 -6 161 -458 100 -195 424 -507 276 -88 313 -135 285 -440 46 -28 -173 -439 73 254 119 -47 383 -257 -235 -224 -368 47 453 -55 -230 -283 -358 -326 73 -444 -222 492 -232 431 -165 -400 -38 154 -191 286 344 -357 -278
216 233 -161 -321 -104 389 409 -485 133 -394 -365 -83 -329 -313 350 494 -466 -184 358 177 -3 -57 354 152 319 204 -350 -376 -150 223 -266 -420 -223 81 -59 -227 -145 413 -27 255 -182 205 329 167 -499 318 -420 -138 -248 143 469 355 -471 -269 -194 -11 172 -112 -455 352 -388 506 87 505
406 142 325 106 -348 -456 -264 -481 452 109 466 -423 349 -120 -472 -356 -420 56 -288 -61 -121 49 85 -301 -117 -432 368 -106 -488 -349 402 -90 365 466 456 -341 299 291 230 -341 14 211 44 -157 413 268 481 -504 -180 431 507 -120 303 -74 -445 191 257 303 428 -215 12 226 464 -228
-484 -317 85 -295 474 154 -322 -210 302 -453 -425 -425 -222 -447 -446 160 332 -199 -135 125 391 194 -439 -274 -72 -325 361 231 160 -73 -417 300 331 -74 -238 -160 279 -37 -301 264 -153 -111 5 -148 -30 286 435 -273 489 -274 30 -471 -97 361 6 165 -333 -427 197 74 159 433 198 393
-411 -505 -390 35 365 -302 322 -47 207 111 358 -161 -133 163 322 233 -220 -449 280 292 -178 -117 -189 147 1 207 471 175 162 316 -231 278 -170 255 166 -248 -239 -181 -302 -375 -254 -464 435 511 172 420 -293 327 -502 441 -326 388 -416 160 256 -220 -197 233 -483 -126 245 419 -272 446
-294 199 442 340 -45 -114 274 -187 -511 -452 -367 -59 232 -421 30 473 187 214 -323 151 3 114 40 291 -42 -295 -394 316 -383 375 145 -204 283 -288 -53 -49 149 322 31 -282 112 -248 134 -416 386 18 -213 -254 208 -331 229 47 -91 472 223 492 -316 420 69 259 -343 -278 309 293
140 -437 403 -57 -252 -222 -175 162 68 -245 -242 156 320 123 289 214 181 -467 219 -501 -423 -348 -330 -368 -167 80 318 -363 -372 -449 40 -42 -201 -227 442 81 -451 -277 174 -59 -361 -189 7 -218 -230 -447 98 493 -225 358 207 -198 -185 347 -309 -166 428 338 170 -194 453 111 -484 428
-18 340 256 49 191 -60 131 -483 -281 -269 -16 -365 -297 -64 -423 341 -479 -9 -319 -249 -397 260 -109 130 -279 -217 377 -248 -426 413 -326 -364 76 353 478 502 199 -57 186 223 -221 82 22 140 122 -102 -169 -299 105 -97 450 426 388 -395 451 86 12 100 130 -206 471 -234 -195 445
372 126 129 118 242 143 222 -212 -390 360 368 -348 143 -263 -74 -181 -281 -207 -474 248 512 -98 -64 -389 -458 61 463 -212 509 -436 -425 -74 -146 -461 298 -505 -40 -197 386 502 215 118 -343 431 474 -409 180 67 -157 202 -378 87 -490 50 279 104 207 497 -191 54 -445 128 179 -350
-232 47 -204 -190 -285 -90 370 363 63 -211 -305 224 484 320 -369 -264 461 -75 -402 362 -301 428 41 31 -443 341 -8 -325 266 -256 456 335 256 -356 -42 303 -346 -238 -313 -4 -224 314 313 292 166 -419 507 -242 -130 459 476 99 402 341 507 -274 -409 -224 -229 -233 64 100 79 433
150 -61 -332 -340 -181 -30 -298 392 -126 400 -268 -67 43 350 -464 -301 -189 -426 -107 199 95 210 17 -6 -193 305 -472 -398 370 -509 -488 330 106 -156 394 -455 -60 114 497 12 353 342 194 -327 -190 364 496 -57 -109 69 -103 429 210 415 121 -377 -37 -79 433 -313 346 -32 97 182
433 152 403 -403 308 -337 478 65 -258 494 454 -48 -371 -58 47 7 328 -300 -75 278 -190 398 -143 143 -65 143 209 75 -211 81 18 321 21 -93 329 -78 -366 -464 203 -438 267 449 59 -297 -44 463 325 13 -414 92 250 -7 -121 283 413 -55 416 -291 437 191 153 -487 266 160
-486 -151 17 299 315 262 -21 -106 -155 499 37 230 122 -34 -106 153 53 -14 466 259 -92 -428 -438 -465 -450 -286 14 276 398 -77 70 400 -391 -297 453 -352 -381 -243 65 -110 169 -318 -101 252 149 225 411 -53 504 203 283 -298 100 -250 102 -306 37 110 -258 -194 46 -147 290 307
-299 347 209 -229 -216 102 -276 132 -480 342 312 -244 -65 -396 446 458 -77 -51 315 -32 207 -490 -18 415 164 -94 -36 -499 253 -386 -23 -23 -210 -480 -146 98 -394 439 -69 -467 -232 -158 13 -198 240 182 136 129 66 -357 -65 318 -353 161 265 -13 264 375 -305 -28 -64 -352 -29 -217
-509 302 -6 336 195 -91 49 -339 -137 -163 100 348 3 -281 292 254 138 419 -232 -383 -496 -485 353 -465 -375 361 224 464 -254 -115 -352 -322 37 -201 343 -488 308 93 -439 -305 -151 -111 -283 -120 282 -185 191 -222 253 238 286 -425 189 -315 -316 -252 -107 269 105 137 325 153 218 -169
417 -491 -31 270 -215 -22 -396 239 -172 -463 318 -4 -320 129 -262 -33 -239 266 -137 293 -93 223 61 -5 426 -242 -416 43 -218 148 479 -441 -159 -506 -295 480 207 -115 -129 504 -30 -397 156 159 416 359 105 -506 317 233 -442 -335 306 -450 157 -449 242 322 292 345 222 -434 207 -285
-44 -210 149 66 11 303 -88 100 473 -303 372 -355 -369 -190 77 464 64 -51 -98 -501 -433 154 446 -78 7 -142 1 100 -170 360 233 -70 96 449 314 14 261 42 -56 461 289 301 -447 -274 -81 297 33 86 -349 336 -9 -329 -164 361 440 -425 277 -25 373 -419 209 -237 342 -63
-338 -386 -232 258 88 489 -264 -298 406 -122 160 -196 76 464 136 -203 -418 219 -404 394 -298 29 -375 256 -136 -157 -469 -74 44 -211 -95 -4 -481 371 481 -347 169 -304 -37 -461 -382 -166 178 62 160 -75 -188 268 -409 468 -308 225 210 -43 -275 -480 336 -487 -316 324 -155 -282 -190 412
424 327 249 442 366 404 192 -95 -394 431 224 -379 338 -349 -312 -478 176 171 -346 -417 190 -469 -196 -444 225 14 -413 275 220 179 -423 -18 -35 174 -106 -39 500 2 303 50 234 -239 -101 233 -12 -63 -321 399 496 119 224 -411 -423 65 -115 171 291 265 139 -342 478 182 -406 268
149 -460 -228 168 392 -293 414 360 -324 316 505 -420 493 325 -173 -172 -143 11 493 -12 405 -437 68 200 106 -234 44 276 -398 379 -166 83 -31 418 -470 -363 -77 -463 474 329 326 75 97 -504 -337 483 274 -341 -342 -165 -139 -236 -368 257 84 72 249 -439 240 194 60 -505 -63 246
168 412 497 -281 -97 -341 -317 506 -348 -213 -440 463 210 154 504 -334 -503 385 159 -511 34 -312 165 -427 321 -139 -367 412 46 59 -213 315 490 160 -93 -238 -129 341 -200 -330 -439 -284 503 -381 157 -191 15 329 -31 -331 -16 78 419 251 36 -217 -235 -281 -368 -490 256 -241 -187 -505
186 -74 147 -68 352 -134 78 -307 506 239 -360 5 134 -252 -452 137 -136 11 327 -16 31 -251 -449 -379 501 -249 -76 -228 133 -383 -341 -172 -194 -222 -155 -351 138 -34 375 222 13 -292 206 -293 225 283 309 191 -279 441 112 254 -344 228 -440 198 441 150 -411 183 -354 -432 1 363
-4 0 -111 -171 300 350 400 -123 391 125 -483 74 507 26 306 359 17 -224 133 506 214 -329 41 52 461 -94 441 -96 452 166 44 290 -115 -5 247 -506 375 -81 286 -181 150 477 294 506 -463 -457 -195 -495 46 -478 66 104 417 72 -241 -287 -440 454 -511 -1 -324 -453 199 184
-470 -213 318 35 303 473 184 265 -442 -409 302 -254 -358 -370 -93 27 123 162 71 400 -38 -347 84 -70 -512 -500 339 100 258 84 -300 297 98 -169 135 200 -500 348 2 419 -289 -354 330 328 425 296 276 -84 356 212 449 -139 463 -125 -465 502 -283 -333 247 200 -111 448 -480 171
-128 455 -225 -327 15 -240 177 376 -244 -267 87 3 -88 398 -258 117 128 -200 268 -300 47 -491 333 -254 -55 311 -282 302 509 255 -220 -171 251 -501 496 -272 396 383 -365 -70 -251 274 88 -363 505 -83 -264 -422 -154 192 -237 -310 444 166 65 501 -255 -19 -70 -59 322 93 -2 -18
-317 439 -417 258 -442 152 195 293 451 293 40 412 -80 -160 452 -300 -420 -161 -281 -424 245 372 89 448 283 -92 394 101 477 -445 -272 -90 58 -67 469 283 -489 267 248 -408 380 -26 -56 327 -275 141 -329 -181 458 38 -357 278 89 -194 -148 -355 404 -91 177 -31 232 -19 -200 383
-413 -305 -216 -150 -426 -418 237 -386 381 -68 -463 -410 -451 245 -132 -283 221 -481 3 160 -247 -93 11 -24 415 292 39 -138 -134 -36 280 166 138 294 405 181 -269 294 -44 -339 -421 -129 -74 -476 168 147 -171 162 -447 445 488 472 138 -263 458 86 -491 182 58 -199 102 317 453 428
449 -31 456 402 41 180 -162 -288 229 -239 -238 48 -433 405 49 404 426 -77 65 -264 34 419 200 -369 -338 183 208 289 -117 284 -208 -65 -436 -364 87 91 -333 -428 -493 314 117 316 -203 173 -429 250 127 -288 -22 224 280 -309 -231 317 25 351 -278 402 40 204 417 158 480 507
204 -440 195 -185 -241 -386 -269 44 333 -121 -90 65 -106 -6 174 -189 -415 239 -418 -410 33 -145 215 77 -469 45 48 -453 -471 -206 -135 -37 206 -262 -210 249 402 379 176 76 106 -207 317 5 65 -85 -56 331 -399 229 -184 461 -57 388 -170 -410 438 289 27 289 376 221 421 240
181 -159 197 -172 123 -198 -133 340 380 -484 -339 222 157 6 -459 -266 41 -239 358 -478 -408 -301 3 323 -5 467 314 355 -397 169 310 291 -125 -98 100 -171 438 500 -310 -426 -320 61 -180 121 166 -238 -321 175 -181 38 364 428 259 -102 108 383 -307 -410 -48 -278 -323 67 -511 -61
393 -264 14 251 99 -155 -418 -418 491 -20 -63 -384 -275 -512 433 214 -343 -475 -468 -380 139 93 75 -191 -85 -147 108 -97 360 20 -158 -374 325 349 166 121 -188 -482 -127 -403 449 -196 -330 237 470 457 407 -271 -133 -133 132 236 145 8 318 -179 -142 -135 -388 -311 -427 -237 -47 -94
-335 440 -150 222 403 225 -228 208 469 -288 -444 -254 -484 236 428 400 -271 -488 411 36 -266 -84 363 278 74 87 -143 298 -215 -396 -385 320 -98 400 48 -153 344 171 -235 -373 472 -113 -295 -389 -481 -45 -459 -390 -457 379 -248 -84 -184 -9 101 -512 174 -303 473 231 -26 468 122 -135
180 199 -278 -4 -281 263 -23 136 -149 -122 276 434 478 290 -262 10 -378 350 252 -324 294 -356 298 387 -477 58 430 511 335 -54 -373 347 467 440 300 58 -236 199 189 279 459 173 -231 458 373 -347 -93 -203 -120 -319 210 -433 -8 285 -314 -433 -490 482 484 -197 -303 165 471 464
142 479 -82 -357 -457 63 -347 -91 99 -231 -26 -305 101 -226 102 429 -325 434 -431 -137 -86 24 479 159 474 -43 -184 -26 337 -183 254 -202 79 -227 -256 243 411 -358 -297 148 321 359 31 487 -282 227 33 -40 -465 -310 -448 -113 -320 247 -262 -239 147 -461 207 506 311 -505 338 -360
-331 362 237 311 415 -353 -363 -88 402 -78 365 -253 -411 -231 -490 -116 500 121 -278 406 381 -254 448 -426 248 -99 453 -344 -440 337 474 277 233 -137 -490 63 462 69 -155 -150 477 -9 499 -419 182 21 -330 399 200 -303 -383 197 122 -215 488 278 15 255 236 475 -477 -23 -318 -47
410 -239 460 444 -432 -427 291 39 412 269 97 -5 -232 -436 298 -36 -258 27 -276 295 44 396 -426 -27 -88 179 -322 -303 474 67 262 -2 29 222 230 -385 24 504 42 -500 419 -42 -172 -188 41 -420 -235 -281 -185 34 -499 87 32 471 13 -306 497 107 488 382 500 186 -507 -93
-403 283 185 -256 44 -255 -19 -239 160 243 72 -283 -276 264 337 329 274 -359 484 -127 -42 -446 432 234 -15 442 476 485 102 -439 5 36 -176 -408 76 161 -201 258 -72 -477 106 272 100 83 479 -173 -7 239 -134 -86 -311 19 -300 401 286 51 -272 494 378 308 0 90 -2 -367
-404 343 285 -68 -306 500 -365 486 -225 486 -344 151 -17 159 74 -168 157 300 -369 -77 59 364 138 -66 -140 -276 87 -118 -379 24 55 -152 460 336 404 322 364 220 -466 413 -39 -269 -98 140 -481 110 349 453 -433 348 -74 -135 -359 430 -58 237 335 -80 233 -44 340 -63 338 87
-454 326 287 -30 217 147 -219 -469 -214 -267 -188 -56 -274 -131 211 -411 -91 360 323 12 440 -360 322 -225 163 380 204 282 -359 350 340 24 -270 315 321 -165 -488 428 478 279 -123 -26 -332 -199 -310 -364 202 -5 -423 155 -99 489 -242 -260 -154 60 131 321 144 -373 -378 73 -214 410
89 -258 -55 -198 -98 114 -418 -353 -159 139 62 -58 280 320 -36 10 481 166 498 313 -290 -52 259 23 179 440 -120 93 -203 -393 -135 467 334 -18 509 205 -263 344 38 -438 -288 -334 -439 -296 -344 457 -402 -353 174 -478 -98 134 -71 -228 253 19 -307 -160 -419 393 378 312 254 326
-63 482 311 -147 -253 -167 -192 -443 -141 -403 -128 298 -127 -42 -408 227 352 148 229 511 -55 -447 -95 305 -63 -490 378 -307 -274 460 -463 -56 317 -206 -409 84 -354 -369 -151 52 -408 -289 -254 -397 182 -346 -96 224 -452 -442 -460 104 237 481 -168 -324 -382 -244 -149 -144 -274 384 -275 459
93 -187 -416 315 -352 469 -122 465 -426 -36 -494 -448 411 -204 -438 -300 -60 167 408 -129 482 403 -59 -113 -437 23 50 -112 446 -154 69 -200 60 121 39 210 -270 487 -458 10 -212 256 -286 -292 107 76 -229 -131 -129 120 -129 71 395 -160 -487 -119 180 -329 475 -216 427 476 -19 -503
-243 209 53 510 423 -248 -399 151 125 115 -390 -120 -79 248 117 -235 278 443 283 -400 256 -454 -331 102 -186 -146 -38 482 -158 -272 -30 -258 -93 -221 189 484 -400 380 -252 453 440 -344 434 467 -182 149 53 37 257 367 -228 -265 267 364 198 355 -141 236 153 377 -462 -304 302 -331
327 259 -450 -298 -78 -388 440 -510 145 -421 -297 -10 471 280 3 210 286 114 -85 317 -219 149 -442 154 -436 315 29 -455 458 -378 -396 5 74 231 75 -235 -425 -158 415 399 2 330 -266 408 -225 -374 -129 -176 249 114 131 390 501 33 334 439 186 -160 133 317 -253 208 -467 -25
454 -138 -256 264 455 -454 -431 477 -437 351 -421 -65 378 107 502 -3 201 194 66 -287 287 -498 -500 187 142 -204 -242 116 293 271 -113 -460 42 -507 380 -32 237 324 273 60 -28 449 145 -332 -315 -263 -239 269 -445 -367 136 463 -413 420 295 -198 -25 -335 33 -92 -465 128 318 492
5 75 451 -412 69 -56 385 -495 231 505 -33 -416 269 -8 -47 479 88 431 -15 -128 -175 -314 -431 474 221 -268 101 413 -237 -335 432 205 264 -193 174 -466 227 -174 393 -129 125 508 242 486 470 40 383 79 323 -429 329 363 -121 286 302 -501 49 -281 -66 361 509 -338 242 141
-442 -348 -503 122 433 3 -9 12 148 205 -215 -356 -194 -14 266 76 68 409 377 -165 -212 101 -145 -17 -343 358 -182 55 -89 -294 327 -149 6 47 439 465 -319 -127 -59 -304 421 -191 -31 -77 243 220 117 -104 -484 374 13 -31 395 466 56 265 167 128 233 492 -475 -16 -77 174
-307 230 197 -193 -495 -249 -149 -316 157 72 -444 -349 -32 -266 -193 185 78 51 498 -468 -118 381 -218 211 -46 -34 404 -145 -199 396 -244 -62 -435 -137 215 -267 298 -267 -47 297 156 307 411 67 333 -256 -25 435 -343 199 -387 -47 -222 71 -325 109 18 78 -79 299 398 254 157 365
-328 -47 -246 419 133 384 -242 385 345 -316 416 481 276 35 134 -320 364 382 469 440 294 340 -127 -508 -33 345 -447 51 255 -137 127 318 309 167 149 -408 -44 226 -277 45 145 -443 323 496 -208 -294 -142 405 267 193 396 427 -421 -474 362 -159 -35 304 -155 -300 -214 -205 -89 176
-29 -506 300 247 -267 -447 -45 257 -245 -71 -233 -283 381 -241 -129 -279 335 239 -258 -100 457 467 -330 122 -411 -155 277 -365 -309 171 295 -233 -65 -176 72 376 -361 -453 -26 108 -153 -264 290 209 26 344 129 -129 476 165 -136 425 296 292 -191 -243 -98 459 250 -36 111 226 509 -502
-13 -155 -430 -363 380 -411 376 268 -488 457 260 383 248 -317 426 425 210 -218 108 339 117 -226 -492 356 307 75 308 104 424 -148 417 78 -111 262 118 -282 358 -159 96 -311 173 383 -15 -265 52 -88 -147 482 262 -279 94 64 98 250 -427 -16 -111 -351 -280 485 -115 -370 467 -403
415 387 70 223 204 -97 187 489 308 -264 -340 248 113 322 446 -496 -15 -139 -320 310 -358 279 449 -9 -193 -94 475 114 -436 -504 -289 461 484 -305 -458 -48 249 431 219 300 -377 469 -381 478 -354 -363 -265 506 442 -38 -103 -220 -14 63 -158 258 221 -149 -101 323 71 26 338 45
398 -4 126 -332 113 223 457 -56 -335 -175 125 -261 60 -288 387 499 -58 292 -242 35 215 -445 510 68 -349 -323 301 477 -220 460 -20 -510 81 444 -179 -156 241 -105 -54 252 444 -506 54 275 -453 75 -233 -368 168 134 -379 333 117 434 -493 -66 425 -136 108 -83 -332 -27 -148 -297
86 3 32 -46 -133 -92 -175 315 -395 466 265 78 464 496 -296 -459 -209 -35 236 -179 -154 175 135 142 138 178 -449 30 52 452 493 -250 -54 -170 -194 38 -28 -352 460 -478 274 -301 -167 244 -476 -346 358 270 153 46 427 301 -266 196 416 -304 -426 -41 -403 317 -37 289 468 -68
-422 -286 437 273 -502 371 -367 450 289 -375 300 375 1 5 -193 -81 52 -192 -375 -308 -363 -479 -505 406 -114 313 -495 167 -97 -454 122 492 -445 -103 -19 78 125 399 -250 -44 -82 -491 -498 22 407 105 69 53 221 -151 251 43 -109 296 201 213 -422 333 -55 -129 -495 -127 326 -100
