73 410 -335 498 314 -493 190 -445 -118 291 -312 -269 198 -110 148 -372 26 107 -271 -200 406 126 229 -101 53 -191 359 328 207 505 488 167 311 234 494 10 211 481 365 -50 502 -497 347 448 -262 -441 -11 -262 -476 125 477 269 -178 -108 -101 16 67 48 18 0 190 361 295 -334
116 469 69 -488 -95 -266 85 -279 -462 185 504 -376 -150 474 -308 229 450 367 266 475 335 147 -346 466 418 340 19 158 -26 94 -511 352 115 -374 -45 -433 -144 -323 504 322 -284 474 173 6 -290 503 432 -173 469 279 -176 -228 -278 -298 -413 416 149 -511 -120 287 -24 -480 173 -251
458 82 -302 109 -302 -486 -348 -351 416 -234 -152 51 -385 114 354 96 -377 -91 199 290 -274 -192 -224 -331 -374 185 -36 504 -494 -258 -264 330 -156 105 -86 -320 -242 28 -192 59 404 -383 154 -18 386 163 22 503 -87 49 -467 303 442 479 113 -245 -28 374 -224 327 104 -276 398 406
-5 30 -423 -233 -196 -148 -90 493 10 152 429 -314 454 326 -485 272 274 4 377 -288 -291 40 -444 468 -110 -37 -416 378 135 -130 270 488 -159 -150 32 -466 -262 235 -429 -265 356 -417 -61 362 82 342 -511 114 -102 -67 -262 -125 -224 251 -455 -37 369 -146 -52 -39 366 164 70 -93
-153 51 349 -182 465 146 -163 194 -141 2 42 79 -117 -382 -48 184 -52 405 -78 -138 -255 510 -2 213 -128 -313 -123 -13 -148 393 124 84 193 174 461 -280 -274 -172 -344 378 -512 -468 -433 -90 310 427 384 220 -93 146 168 -338 -2 1 326 -264 510 469 -29 -469 96 -326 -131 -364
175 259 160 296 -361 443 473 -74 439 35 368 367 -75 -175 -64 489 -177 310 -187 400 125 18 -165 329 204 -228 -447 -306 237 -124 -280 291 276 48 -220 -242 295 42 139 -97 325 456 -442 250 470 424 -24 -18 420 -470 253 -113 -376 108 -369 351 -488 -283 334 -416 -478 375 10 366
465 336 -406 -503 292 -123 54 -31 192 65 449 -482 -6 496 484 -212 -310 -41 431 333 310 -507 -174 389 -233 352 -196 -293 -266 -282 504 320 -237 385 -48 -98 -486 382 387 -318 -127 195 -454 -397 33 301 -72 318 429 80 -371 -105 -471 151 116 -70 425 6 15 -404 -398 367 207 -403
182 300 -200 -487 -460 -339 -298 -395 -159 -231 -389 322 199 -165 236 22 43 483 -450 -49 -153 248 252 375 415 -51 -209 -490 -390 -272 254 70 -490 -195 461 309 388 -60 -292 -407 333 -213 273 -187 456 -407 108 97 -245 -111 0 -201 175 -280 -55 -443 -274 -431 451 391 364 -351 -127 478
-223 -160 385 -223 463 185 493 -322 5 -87 473 -63 59 155 -217 -323 -277 40 285 -145 -146 385 414 -156 17 -241 351 -90 -318 -224 -148 230 -256 -150 -386 -67 292 -146 494 -374 22 -399 341 54 -18 -250 -129 475 -484 -420 -374 -21 94 373 202 468 505 39 -217 -79 39 158 25 420
269 487 469 169 286 -133 -99 512 -73 261 -498 85 310 -419 488 -278 -55 144 233 232 309 262 -141 -15 246 -448 3 -304 -26 -56 233 303 122 -129 16 -178 20 -415 208 -74 -49 -440 361 432 297 154 -73 -297 -441 -320 455 212 194 87 46 -304 269 218 426 -338 -499 -308 80 -126
131 -126 320 262 -425 377 -132 -52 315 -434 -175 508 449 191 64 359 -280 -197 -468 278 404 478 -320 -141 88 -267 -27 -258 313 192 -299 -423 -233 88 -465 -440 -74 133 1 299 163 410 73 496 -123 -496 -118 249 345 -217 425 345 -447 70 -349 117 -48 504 -398 -410 -362 -282 197 106
-352 352 345 -406 -273 182 -283 376 -238 -234 232 -65 -230 64 -370 -339 -83 -271 -455 -481 494 122 273 -452 237 -66 246 -135 -504 225 -389 -361 329 -240 -68 -433 -453 -407 260 -434 -139 323 -63 159 -229 -308 142 -44 211 413 -136 -260 -107 -129 -123 417 177 357 427 -408 -502 291 -377 265
-113 77 -31 160 -460 -294 156 -68 -309 220 -100 370 -136 -261 -440 317 509 135 -396 339 -332 -50 -419 -115 -186 426 343 -235 398 -237 -493 276 5 494 108 -112 -426 -264 -508 214 369 -234 422 -33 44 115 9 -424 -179 49 -270 8 34 -32 366 313 448 474 -367 -111 -511 -156 -486 391
124 338 -33 501 -165 -414 346 -228 12 3 361 308 139 -3 100 238 -380 -107 -439 -384 -142 -227 -5 -140 131 281 159 269 -112 360 351 -166 -340 491 65 -131 -286 -47 441 -304 -480 -164 -119 484 315 503 -26 15 -278 -134 -121 206 110 186 -368 482 -277 435 248 -396 333 -265 310 -423
134 64 -20 -109 457 -254 -216 84 89 508 -428 368 409 88 -473 -472 250 -14 -484 -311 -501 206 87 429 -384 116 269 -233 -82 -293 -511 -219 -370 -140 -398 305 370 52 -41 307 -30 -103 385 244 -343 429 -195 334 -13 -272 461 -493 492 -318 277 296 -26 -476 352 375 -149 -366 191 -205
100 -87 427 -116 225 508 219 -380 331 245 -172 335 -28 -450 488 107 -31 270 -312 -443 -132 -417 436 29 -288 238 251 -295 62 -224 -427 461 202 357 -422 -273 -232 -313 253 373 -158 -262 128 -231 -225 -151 -344 -154 54 359 -246 129 -182 -432 381 379 -109 -280 141 -472 -27 111 -331 194
-463 -437 -387 307 -95 -442 -139 489 61 69 -365 317 -45 -167 -314 208 477 327 97 -327 -192 -508 15 51 165 303 453 217 314 -87 104 -4 -284 218 -136 143 -496 146 80 -25 305 29 -377 303 -333 160 450 -456 462 247 -396 -493 -431 37 -377 -388 -390 466 -194 193 -459 -150 299 -63
-142 489 -169 -74 -248 110 465 -495 -253 300 -332 -187 -48 -281 272 -280 25 -448 -388 -419 -55 505 35 -478 -453 -254 -428 -477 271 151 -144 237 -434 -251 504 292 391 -162 141 126 -8 439 -476 -137 -154 -286 -130 5 -10 435 468 182 -62 -148 -501 -209 -210 -59 -258 -472 -91 26 36 388
140 -377 434 -27 465 255 257 -351 237 139 -109 -262 -490 -434 -392 -307 -483 297 -148 504 229 414 230 -237 -478 139 419 154 197 -257 -210 62 -319 -246 482 461 374 -43 -500 363 -445 108 316 -210 73 28 -469 243 250 -130 197 3 98 499 370 136 172 136 233 452 -268 441 222 465
-146 159 425 79 420 268 474 -342 -16 -229 -7 -377 -230 306 223 309 -181 -227 -282 318 -405 -384 -264 186 174 89 447 -242 177 -447 -216 274 -194 502 -99 -369 17 229 135 -369 -425 379 223 -418 -205 -45 -246 449 251 -257 -429 -139 109 -56 -390 -278 -505 -499 214 391 226 178 -337 101
-224 -156 -409 30 243 -86 -499 406 -26 248 -211 -226 -479 173 474 -196 357 -478 -253 -499 490 -85 461 123 465 242 -467 367 295 -32 -345 -383 466 285 233 -260 -293 358 174 -142 -474 442 -164 2 -499 -343 358 -116 -342 -311 -192 206 116 461 -255 245 455 344 285 300 23 511 83 392
94 -51 -400 468 386 -114 87 257 386 476 -231 -466 -264 38 -209 403 -461 72 -433 74 362 -417 94 -56 364 -160 207 -222 118 -504 127 133 -207 40 -107 399 -133 -506 461 161 81 -467 -393 -290 47 -281 -422 -341 -39 -416 -184 111 -107 -181 306 -391 490 170 -384 127 352 440 -158 -446
368 -368 -268 476 -29 -467 -204 -244 374 -481 -474 17 -405 -425 -13 401 -134 -102 58 403 -179 -148 221 -270 -54 334 -421 -169 237 239 -44 -476 259 -115 465 401 33 448 -502 153 -386 343 -303 507 105 -55 25 445 -81 -341 -465 466 288 -221 455 -374 -286 128 -352 -460 375 -199 -492 -285
412 35 -447 -118 116 131 -319 -162 -287 -168 413 -440 254 -211 -347 -400 -454 -474 -379 75 -352 58 468 125 310 -336 -139 303 181 -500 -132 376 276 116 19 -383 -440 -196 23 125 48 167 438 497 504 -223 33 -224 42 324 -228 192 -231 -255 -377 245 105 477 -133 -302 480 277 313 -296
295 464 466 -123 -192 229 335 499 20 -342 161 -502 18 -191 336 5 119 475 -260 97 -2 -222 -419 -234 497 260 418 509 448 -118 372 -228 264 220 -262 -5 -30 429 -209 -213 -214 421 -33 85 -201 43 205 -93 -347 332 -6 484 -179 359 -316 -180 454 -35 305 394 -6 -86 -409 -296
-202 277 -19 141 -99 164 -267 285 -12 -218 280 447 196 -247 -135 -268 262 -503 446 -138 179 -116 151 308 178 -155 267 47 -319 -3 430 -272 425 150 -347 -153 261 208 469 -402 -419 -289 107 362 -226 0 -199 166 -170 219 435 19 501 -482 -482 308 -488 -143 196 -21 378 -493 357 185
228 151 212 -284 -393 -193 173 201 250 473 -24 -380 228 -115 -315 504 124 -487 409 473 -428 -102 456 334 -369 235 341 -157 52 -321 432 -302 -76 -32 376 321 -266 36 141 509 -102 -61 -447 -205 -134 -239 286 483 203 236 383 -457 -35 14 176 373 477 -40 6 41 -508 -279 464 212
170 -295 211 240 -302 221 264 202 -173 82 291 -128 340 38 39 -56 -14 403 -78 -253 -388 507 91 -498 -292 -374 394 417 -104 -328 182 233 -273 439 -258 -33 -267 259 -187 -372 -129 496 342 481 -105 -44 -139 427 315 208 -344 -408 -475 -225 -80 64 -221 134 -273 -37 -238 485 -449 -232
-107 429 264 309 212 452 191 -71 297 471 72 -247 -153 341 -353 -446 -130 353 7 -150 -193 -48 1 163 -134 268 436 290 -285 -351 135 140 -125 -318 -420 -377 81 -122 -363 370 -290 -110 -363 337 -112 -335 89 149 272 -381 -131 423 -181 -511 172 5 -296 252 -106 455 407 -173 -271 -226
383 -467 157 -162 -427 82 428 463 -298 48 487 -498 -436 -418 7 454 284 421 243 319 -324 211 -83 -203 33 -185 264 -121 -395 263 341 -170 181 146 135 202 310 -466 -452 244 -73 70 -88 339 280 -402 415 198 -349 -6 223 87 -325 -86 -39 243 -107 202 459 -153 236 -46 -120 56
-23 -352 -23 -386 130 218 281 -336 396 428 -481 400 317 -2 147 -320 -336 32 -386 47 341 -468 295 316 107 -361 64 56 460 71 199 -3 280 -495 10 371 441 449 353 308 -278 -305 -260 399 102 434 108 281 282 -171 -366 -302 431 297 108 -138 -499 -150 -315 -322 -122 401 268 -171
308 35 -471 453 -446 -169 -92 64 1 207 469 262 -447 -120 -200 90 -395 56 -293 215 329 502 13 -293 -236 377 -435 -436 -457 162 78 119 -136 -406 -311 58 412 121 186 188 83 189 -448 -28 -178 488 388 -194 238 -93 -384 -159 68 -466 -469 -294 -58 -45 294 191 70 254 -361 -121
200 185 -290 44 38 276 -160 -154 382 23 243 460 -84 430 333 220 271 92 -42 479 -231 -489 195 -291 -339 384 228 176 472 -182 -208 307 377 -134 399 321 141 139 -421 209 -432 61 320 211 208 -12 68 386 448 -323 -7 290 504 257 -69 -242 215 -432 466 -65 -481 -198 259 254
197 -113 374 234 -59 -238 98 400 -99 -286 143 -238 -275 -439 415 455 -489 189 -449 492 -115 -487 486 -120 167 310 -320 -360 312 -25 478 51 51 -23 -366 415 -232 -222 324 -11 -349 -280 -111 -355 73 -353 417 175 401 221 -234 -173 347 504 357 465 -229 -246 184 -52 -69 418 -333 -398
-403 -309 149 21 458 -503 365 -451 55 -367 -510 220 -28 -388 351 -470 -23 419 276 359 313 -502 6 -291 -405 281 183 -113 104 -315 383 507 -297 -449 139 422 -437 -177 -198 452 397 196 -88 -398 -148 -311 283 -290 -202 -193 290 -136 61 494 216 306 493 -129 181 148 3 -329 -291 -172
-213 230 135 88 302 -450 104 492 491 -394 232 -166 201 230 -61 -321 -64 100 307 -252 -293 -31 -119 163 -131 -180 14 -184 287 362 483 -234 193 -367 184 -192 -156 338 -491 149 65 -191 223 80 336 -12 439 497 -453 -15 238 -199 301 475 123 -350 316 442 133 39 22 408 -204 499
-27 -331 -328 293 314 -481 -266 -115 83 -332 -135 453 -213 -501 18 179 378 43 -3 -218 -46 -160 -473 -477 -12 138 245 281 -391 -173 -360 -115 -14 -84 -510 344 211 133 223 49 -85 -293 -240 71 -105 -155 1 -6 -344 55 -142 262 266 -68 128 -34 -324 -408 -63 -100 59 -487 -300 -118
-42 71 -435 235 -266 473 -267 248 50 -65 -229 -445 177 386 -507 300 -104 -64 152 -160 369 -493 388 438 -373 -482 -31 -490 319 339 -93 -9 -406 -65 -461 259 403 251 492 466 -473 290 208 -127 476 396 -130 -457 -277 -512 -379 -93 161 444 395 422 -215 -74 -508 495 -280 295 -210 -194
344 -502 -159 -298 -420 -38 -335 325 -22 213 -304 457 -134 489 -471 -133 -453 -423 -165 77 -95 -479 -399 430 279 3 222 143 375 16 291 -485 169 -336 332 -417 279 410 320 94 -358 -22 427 48 -79 16 -101 -319 -124 -14 249 -479 394 -258 -202 292 -177 489 426 276 224 205 299 -27
321 310 -329 34 -137 16 92 -37 -257 -162 -355 -315 -25 217 101 367 -30 -368 359 -415 174 484 140 -310 -377 449 89 -433 -333 -237 -453 -390 -462 -443 -408 419 -293 -84 355 -283 -184 -111 148 237 -252 200 -312 227 -391 425 -141 165 -334 176 -248 100 399 471 -276 80 26 -261 -409 -493
505 138 231 -286 -222 507 -509 29 -381 -27 -361 -420 370 -103 -411 164 -74 -131 -239 -51 233 -501 336 351 263 -150 246 -99 -60 59 439 198 -479 371 -451 -347 424 -115 -206 -182 245 -378 -476 -94 38 217 392 274 213 -391 -241 483 255 149 209 406 -167 140 -393 -31 -386 260 -372 -346
-62 232 -161 -390 330 124 43 316 -256 30 299 -300 -298 -225 -301 -283 -265 217 78 264 -172 -40 246 53 -434 486 290 -502 -501 -358 357 496 -323 -376 -38 347 -480 -479 -354 403 487 60 320 -362 507 -103 -245 -405 -399 428 -453 448 -457 88 54 176 70 -189 134 -198 -393 461 470 -358
415 224 115 273 -448 473 -201 62 -192 -182 358 -412 184 -314 -419 -82 80 15 -361 -74 118 -46 295 2 -244 506 442 -366 386 152 -109 333 -321 -300 9 -468 163 -12 -40 -448 -99 300 202 -60 142 -292 -477 278 510 -42 -428 -430 14 452 -124 -489 -262 155 -226 293 -270 -506 103 62
-26 123 239 -385 339 47 -411 -413 332 -67 441 -285 -458 -184 -235 447 58 -107 -255 -324 -243 227 427 51 368 332 -326 -190 -247 -110 -93 497 170 141 -4 -37 388 -312 454 -338 27 -248 299 416 322 -187 114 -74 327 -2 -387 492 -347 -399 -491 -154 194 35 -4 -183 488 210 -350 -346
250 375 52 151 376 -59 -349 -226 -7 -302 94 138 -268 -329 288 199 -472 103 -9 487 -379 281 7 273 -255 -186 347 436 119 163 -54 462 -205 -49 77 -153 -238 420 -511 309 -16 -489 -329 -458 -178 -38 12 -127 243 -351 -441 261 -144 153 -429 226 410 52 360 -354 329 346 -295 459
-175 378 179 333 -291 476 431 291 -326 -265 -206 -60 241 369 -382 162 112 -466 375 281 -30 -449 173 -194 -175 435 450 44 -423 370 -82 306 -443 251 343 194 -137 -365 270 336 130 -388 68 -214 299 -216 -281 -493 447 350 186 -281 -81 366 -328 -268 -19 380 151 -241 -234 188 -490 -486
15 -308 -404 -476 482 18 48 -162 178 66 128 -413 264 -34 127 86 -191 450 253 17 487 -505 284 274 -58 81 159 111 -304 151 -174 -383 121 -335 210 -443 8 -341 -336 387 43 462 -264 62 -455 177 167 121 450 449 127 491 -27 -496 -358 -291 172 -356 -221 -470 -426 327 -259 -372
-80 -414 -387 337 -338 133 25 -507 -168 330 16 85 96 260 -510 -55 108 -281 411 -435 -480 -371 -260 178 498 -475 -81 -249 145 -286 -105 309 -361 -445 439 352 503 -282 -328 -108 -331 -251 76 311 -130 -129 -157 -427 104 116 79 -116 -506 -284 -342 333 -226 372 -5 183 -498 399 -97 287
-125 296 -357 144 -24 -287 3 -167 390 -450 -363 346 237 -502 271 459 92 239 -436 284 355 348 -447 -476 -281 138 -161 -10 178 62 -93 -303 167 -36 396 399 164 -182 -419 -508 510 315 122 -375 291 -432 -317 -283 -460 19 303 -234 413 -39 87 114 219 445 453 502 -83 240 401 -326
-418 -406 -382 209 -439 -20 310 499 -462 99 -8 99 251 410 23 142 409 -19 -436 283 -320 -134 278 325 -28 -112 -101 389 -61 405 -71 81 -431 287 -97 196 -498 -148 430 306 -22 -402 217 -16 222 499 -365 -69 -221 294 394 -31 -113 -248 -433 -49 -303 -470 -192 326 -310 163 491 -331
-293 -466 -468 36 -504 63 -359 228 284 -35 161 498 387 270 -422 207 181 361 -371 -279 328 26 444 -2 -203 -509 -293 263 -476 -172 200 -2 73 102 -38 470 -468 -413 241 403 -302 -27 -459 -436 201 376 306 87 -441 -505 -201 -111 -86 168 -49 110 120 -105 88 -471 -163 359 30 325
333 -151 478 103 -490 -234 -138 325 41 -282 454 129 -184 -458 -436 -404 -496 -408 147 -286 -466 -208 208 177 -455 -433 -268 400 424 133 -129 451 296 258 261 39 -136 -141 -389 -425 276 -414 315 -217 -206 -120 70 -486 -485 477 167 -309 348 -29 -404 435 371 -467 -263 53 -334 165 235 -249
398 -463 80 481 -347 187 175 363 -82 -296 -398 443 -449 -299 -246 127 -185 -90 324 -391 -461 413 384 22 334 -476 220 -484 48 344 161 -484 -266 342 -444 -475 -331 -441 309 509 266 230 292 77 427 -240 -219 -257 -168 -11 -463 391 183 -286 -333 -11 -61 -74 -205 75 152 477 292 495
-148 -188 -40 68 -181 317 486 -76 213 54 19 -66 -433 382 -363 422 310 107 -373 -58 10 -321 466 152 -382 426 -286 46 58 -216 -220 132 157 -462 -410 347 450 -457 474 -272 358 -78 347 -426 281 226 430 -282 -426 -143 145 92 -181 -273 -446 438 393 -75 269 179 -63 -453 468 508
38 331 49 -263 -488 459 407 79 -125 216 241 205 -192 180 233 -504 -218 89 143 -272 399 155 -220 -417 122 144 382 271 -235 412 -420 362 -133 -56 9 -76 167 58 -137 329 400 -27 109 31 -403 -92 362 -459 112 -506 -108 -489 83 -255 -329 -252 129 -335 -509 65 48 -300 506 -367
321 181 337 271 456 261 315 115 -24 -458 407 -177 -356 -377 -39 493 234 -189 -441 51 -86 438 -82 -318 -353 310 69 -167 -7 -135 306 150 -179 -167 188 -149 -474 -288 160 -235 363 315 -502 -245 -133 366 -454 -501 6 238 178 -372 382 -371 317 152 -346 311 -340 -473 292 73 210 210
-392 -258 237 -483 143 -5 243 -164 -490 -470 452 -308 279 -413 332 -216 198 -103 -202 98 65 195 427 -166 -428 398 20 -142 104 222 -36 -376 -64 -314 -393 129 -494 -213 -377 -86 -65 361 -273 38 -59 -16 -256 -122 -490 -50 -109 -164 92 131 -125 360 -353 -333 -6 87 -333 -465 -389 -62
110 -13 54 511 -136 -141 -289 247 161 -191 -316 48 -146 283 370 239 354 -12 -166 -181 215 -275 -192 -325 105 -154 364 374 48 -36 -330 75 -112 166 216 354 308 151 69 337 -373 -504 -436 -84 233 13 505 311 -463 -436 155 426 474 -346 447 436 -377 -376 7 -258 -216 -231 379 -331
281 -76 204 -509 55 -244 280 372 -309 477 -460 262 504 22 138 437 -93 212 292 -467 238 132 -320 -439 160 -67 -148 -72 509 -212 -377 343 -212 -447 429 -369 -420 -261 -479 -209 -112 -4 323 411 259 -50 477 -505 479 398 303 66 -5 145 430 335 160 467 -179 244 -348 -124 390 -423
10 189 -286 -309 413 -402 -496 477 60 -170 -278 -387 -261 270 26 -141 125 -73 503 101 -276 464 471 -280 110 -193 476 288 -116 -484 -405 34 -202 -178 181 34 247 375 -166 119 361 500 -103 126 -216 -474 439 -275 83 -143 -202 199 -204 435 366 -9 -377 15 71 -341 -364 165 -258 84
-159 -79 323 -194 -309 46 257 -129 -510 204 427 -455 116 -65 -424 -194 191 -312 -249 317 -468 37 -443 -234 405 464 -188 -321 -328 -494 -369 -460 -2 -249 -233 356 -72 -389 12 196 116 -296 158 231 207 -51 456 229 476 137 449 -277 206 128 -220 82 177 496 -354 84 481 -210 14 -447
259 114 -260 101 215 437 -382 -246 503 15 -247 385 268 -475 66 65 -343 321 24 11 480 155 -429 129 424 -23 -193 -40 495 64 -234 -8 -384 -331 -509 -210 368 73 -220 -445 -317 -183 473 465 -14 -204 423 131 -506 -396 276 408 104 -447 -6 -385 358 197 376 -401 247 -179 -54 367
426 108 -10 113 306 -43 119 120 220 -404 121 48 255 -84 -123 322 -430 223 423 -268 391 -49 -84 299 381 -211 -285 79 67 373 -195 404 -388 -41 -38 -160 -145 -157 -186 -335 449 -274 21 -256 -332 356 -342 -108 396 -2 378 331 -251 -469 -345 133 -16 348 339 504 357 -252 -491 -23
-422 408 -51 17 -215 -504 -455 389 -360 257 192 -257 -341 4 344 179 399 -287 258 80 -125 -261 -407 10 -279 291 -194 1 -251 -471 430 259 109 -360 486 384 -410 -198 287 320 396 361 20 -64 -288 455 -2 164 87 -438 482 279 62 341 -290 -354 -476 -158 -304 -146 -242 -135 -113 -367
