-1548 -3625 -164 514 1336 -1237 2104 -2949 -448 -216 -616 -2163 -508 -2106 -1686 -2585 -597 -723 -2490 -6007 -2309 998 -1991 1196 -3463 1867 1568 -995 2769 1308 -1199 -578 2342 1028 -909 4151 -1226 2024 3828 887 577 310 -1413 1220 1206 1282 -1613 1362 202 108 -403 195 -457 -576 -1243 -2669 2588 -1955 -261 4308 -263 -36 197 3784
2267 -5993 886 -53 6610 -1503 -1390 -3782 2912 -530 -1112 -2082 -4965 1077 -174 -2997 -3660 1015 -6715 -4249 -5055 -2529 -1524 -3057 -5659 2662 679 -4240 2127 1613 -2190 1936 6250 1363 -1920 2495 -3015 1675 1545 -1984 2510 643 1342 2338 -965 3280 -4877 -606 -2148 2342 803 -1385 -3240 -4500 168 2588 -649 3704 3881 6913 -661 -2127 581 2605
2267 -5993 886 -53 6610 -1503 -1390 -3782 2912 -530 -1112 -2082 -4965 1077 -174 -2997 -3660 1015 -6715 -4249 -5055 -2529 -1524 -3057 -5659 2662 679 -4240 2127 1613 -2190 1936 6250 1363 -1920 2495 -3015 1675 1545 -1984 2510 643 1342 2338 -965 3280 -4877 -606 -2148 2342 803 -1385 -3240 -4500 168 2588 -649 3704 3881 6913 -661 -2127 581 2605
2267 -5993 886 -53 6610 -1503 -1390 -3782 2912 -530 -1112 -2082 -4965 1077 -174 -2997 -3660 1015 -6715 -4249 -5055 -2529 -1524 -3057 -5659 2662 679 -4240 2127 1613 -2190 1936 6250 1363 -1920 2495 -3015 1675 1545 -1984 2510 643 1342 2338 -965 3280 -4877 -606 -2148 2342 803 -1385 -3240 -4500 168 2588 -649 3704 3881 6913 -661 -2127 581 2605
2267 -5993 886 -53 6610 -1503 -1390 -3782 2912 -530 -1112 -2082 -4965 1077 -174 -2997 -3660 1015 -6715 -4249 -5055 -2529 -1524 -3057 -5659 2662 679 -4240 2127 1613 -2190 1936 6250 1363 -1920 2495 -3015 1675 1545 -1984 2510 643 1342 2338 -965 3280 -4877 -606 -2148 2342 803 -1385 -3240 -4500 168 2588 -649 3704 3881 6913 -661 -2127 581 2605
2267 -5993 886 -53 6610 -1503 -1390 -3782 2912 -530 -1112 -2082 -4965 1077 -174 -2997 -3660 1015 -6715 -4249 -5055 -2529 -1524 -3057 -5659 2662 679 -4240 2127 1613 -2190 1936 6250 1363 -1920 2495 -3015 1675 1545 -1984 2510 643 1342 2338 -965 3280 -4877 -606 -2148 2342 803 -1385 -3240 -4500 168 2588 -649 3704 3881 6913 -661 -2127 581 2605
2267 -5993 886 -53 6610 -1503 -1390 -3782 2912 -530 -1112 -2082 -4965 1077 -174 -2997 -3660 1015 -6715 -4249 -5055 -2529 -1524 -3057 -5659 2662 679 -4240 2127 1613 -2190 1936 6250 1363 -1920 2495 -3015 1675 1545 -1984 2510 643 1342 2338 -965 3280 -4877 -606 -2148 2342 803 -1385 -3240 -4500 168 2588 -649 3704 3881 6913 -661 -2127 581 2605
2267 -5993 886 -53 6610 -1503 -1390 -3782 2912 -530 -1112 -2082 -4965 1077 -174 -2997 -3660 1015 -6715 -4249 -5055 -2529 -1524 -3057 -5659 2662 679 -4240 2127 1613 -2190 1936 6250 1363 -1920 2495 -3015 1675 1545 -1984 2510 643 1342 2338 -965 3280 -4877 -606 -2148 2342 803 -1385 -3240 -4500 168 2588 -649 3704 3881 6913 -661 -2127 581 2605
2267 -5993 886 -53 6610 -1503 -1390 -3782 2912 -530 -1112 -2082 -4965 1077 -174 -2997 -3660 1015 -6715 -4249 -5055 -2529 -1524 -3057 -5659 2662 679 -4240 2127 1613 -2190 1936 6250 1363 -1920 2495 -3015 1675 1545 -1984 2510 643 1342 2338 -965 3280 -4877 -606 -2148 2342 803 -1385 -3240 -4500 168 2588 -649 3704 3881 6913 -661 -2127 581 2605
1660 -5603 2084 43 5947 -1126 -154 -3410 2696 -1087 54 -2330 -5479 154 -1815 -2365 -3557 2356 -5827 -2622 -4602 -2722 -1848 -3566 -6564 2919 -326 -2172 4121 1786 -2399 839 4226 532 -1192 2015 -4383 1870 1384 -2001 937 6 929 2876 68 3601 -4268 -1804 -2430 3756 -275 72 -2605 -5014 1530 3063 916 2652 2783 8477 525 -2609 1653 838
3071 -6941 82 381 5095 -1403 1290 -2926 2428 -919 -881 -1705 -4817 126 -1776 -1436 -3019 1314 -8240 -3873 -4883 -1551 309 -3429 -4490 5221 194 -2769 2627 1940 -3436 1341 4940 1020 700 4163 -3793 577 928 -229 1467 122 964 3457 -808 1862 -3129 -514 -193 1965 437 -1536 -1935 -4862 2369 2889 -1539 2474 3404 6429 12 -974 832 2363
2267 -5993 886 -53 6610 -1503 -1390 -3782 2912 -530 -1112 -2082 -4965 1077 -174 -2997 -3660 1015 -6715 -4249 -5055 -2529 -1524 -3057 -5659 2662 679 -4240 2127 1613 -2190 1936 6250 1363 -1920 2495 -3015 1675 1545 -1984 2510 643 1342 2338 -965 3280 -4877 -606 -2148 2342 803 -1385 -3240 -4500 168 2588 -649 3704 3881 6913 -661 -2127 581 2605
2267 -5993 886 -53 6610 -1503 -1390 -3782 2912 -530 -1112 -2082 -4965 1077 -174 -2997 -3660 1015 -6715 -4249 -5055 -2529 -1524 -3057 -5659 2662 679 -4240 2127 1613 -2190 1936 6250 1363 -1920 2495 -3015 1675 1545 -1984 2510 643 1342 2338 -965 3280 -4877 -606 -2148 2342 803 -1385 -3240 -4500 168 2588 -649 3704 3881 6913 -661 -2127 581 2605
2267 -5993 886 -53 6610 -1503 -1390 -3782 2912 -530 -1112 -2082 -4965 1077 -174 -2997 -3660 1015 -6715 -4249 -5055 -2529 -1524 -3057 -5659 2662 679 -4240 2127 1613 -2190 1936 6250 1363 -1920 2495 -3015 1675 1545 -1984 2510 643 1342 2338 -965 3280 -4877 -606 -2148 2342 803 -1385 -3240 -4500 168 2588 -649 3704 3881 6913 -661 -2127 581 2605
2267 -5993 886 -53 6610 -1503 -1390 -3782 2912 -530 -1112 -2082 -4965 1077 -174 -2997 -3660 1015 -6715 -4249 -5055 -2529 -1524 -3057 -5659 2662 679 -4240 2127 1613 -2190 1936 6250 1363 -1920 2495 -3015 1675 1545 -1984 2510 643 1342 2338 -965 3280 -4877 -606 -2148 2342 803 -1385 -3240 -4500 168 2588 -649 3704 3881 6913 -661 -2127 581 2605
2267 -5993 886 -53 6610 -1503 -1390 -3782 2912 -530 -1112 -2082 -4965 1077 -174 -2997 -3660 1015 -6715 -4249 -5055 -2529 -1524 -3057 -5659 2662 679 -4240 2127 1613 -2190 1936 6250 1363 -1920 2495 -3015 1675 1545 -1984 2510 643 1342 2338 -965 3280 -4877 -606 -2148 2342 803 -1385 -3240 -4500 168 2588 -649 3704 3881 6913 -661 -2127 581 2605
695 -3922 -743 451 4296 -1951 -2211 -6088 52 -311 -1494 -1514 -5758 -495 591 -4137 -2704 923 -2821 -4402 -2271 -3097 -4247 -1659 -3946 -279 -514 -2866 1927 2281 1028 34 7404 -437 -3876 849 -2145 2720 2428 -789 1142 2780 -1653 2456 -236 3592 -4319 442 -2351 1379 950 1571 -2927 -1571 -2567 1653 1155 1373 1027 4373 -1417 -3571 2290 4120
-2812 -937 499 50 2987 217 -92 -8452 -307 -683 -747 -2012 -1439 1730 2000 -3767 -1518 -179 463 -7032 -1605 405 -2922 685 -2918 -3822 -1847 -2063 562 1643 2199 -1886 6315 -332 -3681 3515 93 2948 5269 -1328 1290 1813 -2082 -1053 1633 5105 -2498 5682 -2623 -2438 229 3477 -2459 1043 -4814 -1316 3586 -1145 -1699 3760 -2343 -2406 1060 7701
-3263 -790 778 -1539 3299 1871 -408 -6958 -1150 206 -557 -776 1283 552 1757 -3673 -1544 -730 -629 -7835 -451 715 -2737 1510 -2736 -4036 661 -1582 2304 1526 400 -88 6758 816 -6096 4235 741 2671 7140 -1807 2278 3448 -1369 -2186 1629 3958 -391 5691 -2489 -3330 1472 2398 -2814 1302 -4606 -3741 3152 284 -1704 4641 -2198 -1029 375 8111
-5607 -1592 2487 -1000 1945 1152 570 -6263 -425 -621 627 -2371 879 -1735 -218 -2625 -2798 -261 1853 -6393 1793 1133 -4557 404 -2734 -4615 -36 1356 3442 2463 1277 -1102 2518 -1421 -5078 4898 -387 3909 6505 -916 -1038 1953 -2813 -258 2901 3323 312 3859 -2275 -2087 -1876 3047 -1787 -672 -1652 -3402 6258 -1977 -4926 6271 -1269 -2038 371 7168
-206 -4666 3855 -2778 4311 -237 1080 -5247 1005 -105 511 -1170 860 558 -345 -4270 -2022 -1594 -8424 -6231 -5410 -124 -1429 542 -3208 4644 2360 -5873 1424 602 -2735 138 4624 2071 -757 5575 -1091 478 1667 -497 4725 1602 1986 -1449 734 3950 -2756 3265 2697 -1709 -614 213 -4540 -2690 505 -427 -850 3528 2295 5978 721 2707 -1016 4702
2267 -5993 886 -53 6610 -1503 -1390 -3782 2912 -530 -1112 -2082 -4965 1077 -174 -2997 -3660 1015 -6715 -4249 -5055 -2529 -1524 -3057 -5659 2662 679 -4240 2127 1613 -2190 1936 6250 1363 -1920 2495 -3015 1675 1545 -1984 2510 643 1342 2338 -965 3280 -4877 -606 -2148 2342 803 -1385 -3240 -4500 168 2588 -649 3704 3881 6913 -661 -2127 581 2605
2267 -5993 886 -53 6610 -1503 -1390 -3782 2912 -530 -1112 -2082 -4965 1077 -174 -2997 -3660 1015 -6715 -4249 -5055 -2529 -1524 -3057 -5659 2662 679 -4240 2127 1613 -2190 1936 6250 1363 -1920 2495 -3015 1675 1545 -1984 2510 643 1342 2338 -965 3280 -4877 -606 -2148 2342 803 -1385 -3240 -4500 168 2588 -649 3704 3881 6913 -661 -2127 581 2605
2267 -5993 886 -53 6610 -1503 -1390 -3782 2912 -530 -1112 -2082 -4965 1077 -174 -2997 -3660 1015 -6715 -4249 -5055 -2529 -1524 -3057 -5659 2662 679 -4240 2127 1613 -2190 1936 6250 1363 -1920 2495 -3015 1675 1545 -1984 2510 643 1342 2338 -965 3280 -4877 -606 -2148 2342 803 -1385 -3240 -4500 168 2588 -649 3704 3881 6913 -661 -2127 581 2605
2267 -5993 886 -53 6610 -1503 -1390 -3782 2912 -530 -1112 -2082 -4965 1077 -174 -2997 -3660 1015 -6715 -4249 -5055 -2529 -1524 -3057 -5659 2662 679 -4240 2127 1613 -2190 1936 6250 1363 -1920 2495 -3015 1675 1545 -1984 2510 643 1342 2338 -965 3280 -4877 -606 -2148 2342 803 -1385 -3240 -4500 168 2588 -649 3704 3881 6913 -661 -2127 581 2605
2267 -5993 886 -53 6610 -1503 -1390 -3782 2912 -530 -1112 -2082 -4965 1077 -174 -2997 -3660 1015 -6715 -4249 -5055 -2529 -1524 -3057 -5659 2662 679 -4240 2127 1613 -2190 1936 6250 1363 -1920 2495 -3015 1675 1545 -1984 2510 643 1342 2338 -965 3280 -4877 -606 -2148 2342 803 -1385 -3240 -4500 168 2588 -649 3704 3881 6913 -661 -2127 581 2605
1057 -2157 -3592 2783 514 -1688 935 -629 -1292 -690 -1724 -129 -634 -3062 1176 -1148 337 1090 -3170 -8144 -1217 -263 613 341 -1634 2219 1257 1662 4012 2092 -2445 -784 6042 2126 -1562 675 -2690 1065 3370 2201 198 2987 -2089 1471 1253 620 164 2136 -1281 1940 1835 -1735 1972 515 -3769 -3821 1506 -3460 976 3597 -3025 -933 2065 3426
1410 -5580 1504 -442 6515 -1144 -1000 -4634 2526 -850 -1095 -2081 -4184 1438 223 -3125 -3642 924 -6334 -4353 -4471 -1846 -1864 -2337 -5847 2057 597 -4467 1857 1030 -1511 1891 6045 1931 -1636 3209 -2241 1048 1335 -1944 2319 781 1021 1684 -573 3539 -4986 224 -2237 1671 943 -1044 -4016 -3949 263 2530 -350 3673 3451 7015 -885 -1975 0 3338
2267 -5993 886 -53 6610 -1503 -1390 -3782 2912 -530 -1112 -2082 -4965 1077 -174 -2997 -3660 1015 -6715 -4249 -5055 -2529 -1524 -3057 -5659 2662 679 -4240 2127 1613 -2190 1936 6250 1363 -1920 2495 -3015 1675 1545 -1984 2510 643 1342 2338 -965 3280 -4877 -606 -2148 2342 803 -1385 -3240 -4500 168 2588 -649 3704 3881 6913 -661 -2127 581 2605
2267 -5993 886 -53 6610 -1503 -1390 -3782 2912 -530 -1112 -2082 -4965 1077 -174 -2997 -3660 1015 -6715 -4249 -5055 -2529 -1524 -3057 -5659 2662 679 -4240 2127 1613 -2190 1936 6250 1363 -1920 2495 -3015 1675 1545 -1984 2510 643 1342 2338 -965 3280 -4877 -606 -2148 2342 803 -1385 -3240 -4500 168 2588 -649 3704 3881 6913 -661 -2127 581 2605
2267 -5993 886 -53 6610 -1503 -1390 -3782 2912 -530 -1112 -2082 -4965 1077 -174 -2997 -3660 1015 -6715 -4249 -5055 -2529 -1524 -3057 -5659 2662 679 -4240 2127 1613 -2190 1936 6250 1363 -1920 2495 -3015 1675 1545 -1984 2510 643 1342 2338 -965 3280 -4877 -606 -2148 2342 803 -1385 -3240 -4500 168 2588 -649 3704 3881 6913 -661 -2127 581 2605
2267 -5993 886 -53 6610 -1503 -1390 -3782 2912 -530 -1112 -2082 -4965 1077 -174 -2997 -3660 1015 -6715 -4249 -5055 -2529 -1524 -3057 -5659 2662 679 -4240 2127 1613 -2190 1936 6250 1363 -1920 2495 -3015 1675 1545 -1984 2510 643 1342 2338 -965 3280 -4877 -606 -2148 2342 803 -1385 -3240 -4500 168 2588 -649 3704 3881 6913 -661 -2127 581 2605
-648 -5159 1371 1976 4103 -2961 37 -1798 3424 -2162 -1292 -3754 -4734 -2063 -2939 -961 -4903 3059 -3288 -2106 -2881 -930 -3193 -3094 -4125 1237 1040 1223 5236 2502 -948 1427 672 57 -1920 3431 -3526 2015 1702 892 -3107 -219 6 3622 -188 891 -2433 -3187 -4079 2317 -1199 -126 -1572 -5316 3044 2334 3290 583 1573 8780 193 -3161 561 1490
-864 -3255 3900 -1836 4767 490 1060 -5958 792 154 -27 -928 2174 1612 -526 -2975 -1410 -1759 -6448 -7566 -6137 556 -632 1437 -3255 3285 895 -5395 830 1567 -2724 -1540 4688 1189 -1206 6365 155 889 3764 -951 5273 507 2075 -2876 1144 4445 -2487 4909 2716 -3336 -1446 1638 -3368 -1319 -889 -1871 449 1666 1009 5057 1088 3155 -1285 4931
2267 -5993 886 -53 6610 -1503 -1390 -3782 2912 -530 -1112 -2082 -4965 1077 -174 -2997 -3660 1015 -6715 -4249 -5055 -2529 -1524 -3057 -5659 2662 679 -4240 2127 1613 -2190 1936 6250 1363 -1920 2495 -3015 1675 1545 -1984 2510 643 1342 2338 -965 3280 -4877 -606 -2148 2342 803 -1385 -3240 -4500 168 2588 -649 3704 3881 6913 -661 -2127 581 2605
2267 -5993 886 -53 6610 -1503 -1390 -3782 2912 -530 -1112 -2082 -4965 1077 -174 -2997 -3660 1015 -6715 -4249 -5055 -2529 -1524 -3057 -5659 2662 679 -4240 2127 1613 -2190 1936 6250 1363 -1920 2495 -3015 1675 1545 -1984 2510 643 1342 2338 -965 3280 -4877 -606 -2148 2342 803 -1385 -3240 -4500 168 2588 -649 3704 3881 6913 -661 -2127 581 2605
2267 -5993 886 -53 6610 -1503 -1390 -3782 2912 -530 -1112 -2082 -4965 1077 -174 -2997 -3660 1015 -6715 -4249 -5055 -2529 -1524 -3057 -5659 2662 679 -4240 2127 1613 -2190 1936 6250 1363 -1920 2495 -3015 1675 1545 -1984 2510 643 1342 2338 -965 3280 -4877 -606 -2148 2342 803 -1385 -3240 -4500 168 2588 -649 3704 3881 6913 -661 -2127 581 2605
2267 -5993 886 -53 6610 -1503 -1390 -3782 2912 -530 -1112 -2082 -4965 1077 -174 -2997 -3660 1015 -6715 -4249 -5055 -2529 -1524 -3057 -5659 2662 679 -4240 2127 1613 -2190 1936 6250 1363 -1920 2495 -3015 1675 1545 -1984 2510 643 1342 2338 -965 3280 -4877 -606 -2148 2342 803 -1385 -3240 -4500 168 2588 -649 3704 3881 6913 -661 -2127 581 2605
1735 -6309 1586 -224 6094 -1015 -945 -3795 2938 -810 -311 -2384 -5661 140 -1104 -2808 -4246 1503 -5941 -3564 -4272 -2615 -2247 -3551 -6317 2271 -2 -3056 2999 1996 -2124 1317 4970 304 -1873 2730 -3814 2030 1489 -2273 1468 282 421 2914 -604 3667 -4298 -1199 -2155 2941 -429 -729 -2992 -5490 1135 2984 610 3106 2766 7409 101 -2894 1130 1912
1926 -3054 -1785 624 196 -481 2267 -1872 -1701 1122 -592 418 1708 -1745 9 -1631 1380 -2620 -4925 -10554 -3490 -1047 1955 455 -1126 4682 259 -681 1604 3104 -4755 -3415 6620 -532 -275 2309 -2636 2010 4683 524 4731 1097 -1468 776 1916 3089 752 4475 3664 -180 -1513 -1302 3033 -206 -3281 -5822 548 -4088 -307 1524 -464 1455 2159 4448
2053 -5792 1065 -121 6450 -1459 -1230 -4063 2830 -657 -1107 -2218 -4779 1275 29 -3085 -3719 943 -6548 -4293 -4935 -2317 -1593 -2856 -5750 2454 545 -4259 1982 1347 -1920 1823 6168 1509 -1652 2686 -2779 1450 1363 -1988 2422 591 1139 2153 -869 3497 -4938 -343 -2272 2184 755 -1293 -3454 -4345 202 2616 -558 3559 3803 6928 -753 -2192 461 2870
2267 -5993 886 -53 6610 -1503 -1390 -3782 2912 -530 -1112 -2082 -4965 1077 -174 -2997 -3660 1015 -6715 -4249 -5055 -2529 -1524 -3057 -5659 2662 679 -4240 2127 1613 -2190 1936 6250 1363 -1920 2495 -3015 1675 1545 -1984 2510 643 1342 2338 -965 3280 -4877 -606 -2148 2342 803 -1385 -3240 -4500 168 2588 -649 3704 3881 6913 -661 -2127 581 2605
2267 -5993 886 -53 6610 -1503 -1390 -3782 2912 -530 -1112 -2082 -4965 1077 -174 -2997 -3660 1015 -6715 -4249 -5055 -2529 -1524 -3057 -5659 2662 679 -4240 2127 1613 -2190 1936 6250 1363 -1920 2495 -3015 1675 1545 -1984 2510 643 1342 2338 -965 3280 -4877 -606 -2148 2342 803 -1385 -3240 -4500 168 2588 -649 3704 3881 6913 -661 -2127 581 2605
2267 -5993 886 -53 6610 -1503 -1390 -3782 2912 -530 -1112 -2082 -4965 1077 -174 -2997 -3660 1015 -6715 -4249 -5055 -2529 -1524 -3057 -5659 2662 679 -4240 2127 1613 -2190 1936 6250 1363 -1920 2495 -3015 1675 1545 -1984 2510 643 1342 2338 -965 3280 -4877 -606 -2148 2342 803 -1385 -3240 -4500 168 2588 -649 3704 3881 6913 -661 -2127 581 2605
2267 -5993 886 -53 6610 -1503 -1390 -3782 2912 -530 -1112 -2082 -4965 1077 -174 -2997 -3660 1015 -6715 -4249 -5055 -2529 -1524 -3057 -5659 2662 679 -4240 2127 1613 -2190 1936 6250 1363 -1920 2495 -3015 1675 1545 -1984 2510 643 1342 2338 -965 3280 -4877 -606 -2148 2342 803 -1385 -3240 -4500 168 2588 -649 3704 3881 6913 -661 -2127 581 2605
-1408 -3949 -1375 1291 2441 -3183 -3237 -4941 1935 -1500 -2338 -3330 -5636 -2142 541 -4710 -4563 532 -1856 -5314 -1154 -1195 -4470 -1572 -1327 -2119 2105 -621 2410 2727 1430 2633 4834 -184 -5459 3313 -1745 4017 2560 584 -1085 2990 -2274 2449 -1786 1065 -2246 -591 -4304 -246 856 -532 -2693 -3383 -2134 135 2811 1241 1409 4002 -1654 -3662 1097 7064
-1481 -2242 4139 -1221 5721 463 216 -6105 -20 -309 -66 -1681 2166 3021 403 -2848 -1944 -1620 -4641 -7842 -4846 -264 -1022 1645 -4627 1318 28 -4560 1316 473 -1681 -1319 5020 2012 -2101 5852 534 555 5128 -2383 5244 909 1944 -3820 2026 4828 -2913 4159 787 -2674 -870 1101 -3322 -261 -1421 -3084 741 1393 651 5991 134 1907 -1777 5168
2267 -5993 886 -53 6610 -1503 -1390 -3782 2912 -530 -1112 -2082 -4965 1077 -174 -2997 -3660 1015 -6715 -4249 -5055 -2529 -1524 -3057 -5659 2662 679 -4240 2127 1613 -2190 1936 6250 1363 -1920 2495 -3015 1675 1545 -1984 2510 643 1342 2338 -965 3280 -4877 -606 -2148 2342 803 -1385 -3240 -4500 168 2588 -649 3704 3881 6913 -661 -2127 581 2605
2267 -5993 886 -53 6610 -1503 -1390 -3782 2912 -530 -1112 -2082 -4965 1077 -174 -2997 -3660 1015 -6715 -4249 -5055 -2529 -1524 -3057 -5659 2662 679 -4240 2127 1613 -2190 1936 6250 1363 -1920 2495 -3015 1675 1545 -1984 2510 643 1342 2338 -965 3280 -4877 -606 -2148 2342 803 -1385 -3240 -4500 168 2588 -649 3704 3881 6913 -661 -2127 581 2605
2267 -5993 886 -53 6610 -1503 -1390 -3782 2912 -530 -1112 -2082 -4965 1077 -174 -2997 -3660 1015 -6715 -4249 -5055 -2529 -1524 -3057 -5659 2662 679 -4240 2127 1613 -2190 1936 6250 1363 -1920 2495 -3015 1675 1545 -1984 2510 643 1342 2338 -965 3280 -4877 -606 -2148 2342 803 -1385 -3240 -4500 168 2588 -649 3704 3881 6913 -661 -2127 581 2605
