-1548 -3625 -164 514 1336 -1237 2104 -2949 -448 -216 -616 -2163 -508 -2106 -1686 -2585 -597 -723 -2490 -6007 -2309 998 -1991 1196 -3463 1867 1568 -995 2769 1308 -1199 -578 2342 1028 -909 4151 -1226 2024 3828 887 577 310 -1413 1220 1206 1282 -1613 1362 202 108 -403 195 -457 -576 -1243 -2669 2588 -1955 -261 4308 -263 -36 197 3784
-1512 -3599 -151 541 1323 -1231 2094 -2956 -466 -202 -626 -2167 -506 -2090 -1697 -2568 -585 -727 -2525 -6099 -2393 1060 -2107 1258 -3552 1909 1522 -1008 2802 1264 -1187 -679 2323 1127 -854 4225 -1296 2093 3870 955 602 289 -1437 1168 1155 1260 -1587 1414 266 82 -425 172 -435 -566 -1284 -2679 2588 -1939 -295 4271 -291 2 232 3701
-1512 -3599 -151 541 1323 -1231 2094 -2956 -466 -202 -626 -2167 -506 -2090 -1697 -2568 -585 -727 -2525 -6099 -2393 1060 -2107 1258 -3552 1909 1522 -1008 2802 1264 -1187 -679 2323 1127 -854 4225 -1296 2093 3870 955 602 289 -1437 1168 1155 1260 -1587 1414 266 82 -425 172 -435 -566 -1284 -2679 2588 -1939 -295 4271 -291 2 232 3701
-1512 -3599 -151 541 1323 -1231 2094 -2956 -466 -202 -626 -2167 -506 -2090 -1697 -2568 -585 -727 -2525 -6099 -2393 1060 -2107 1258 -3552 1909 1522 -1008 2802 1264 -1187 -679 2323 1127 -854 4225 -1296 2093 3870 955 602 289 -1437 1168 1155 1260 -1587 1414 266 82 -425 172 -435 -566 -1284 -2679 2588 -1939 -295 4271 -291 2 232 3701
-1512 -3599 -151 541 1323 -1231 2094 -2956 -466 -202 -626 -2167 -506 -2090 -1697 -2568 -585 -727 -2525 -6099 -2393 1060 -2107 1258 -3552 1909 1522 -1008 2802 1264 -1187 -679 2323 1127 -854 4225 -1296 2093 3870 955 602 289 -1437 1168 1155 1260 -1587 1414 266 82 -425 172 -435 -566 -1284 -2679 2588 -1939 -295 4271 -291 2 232 3701
-1512 -3599 -151 541 1323 -1231 2094 -2956 -466 -202 -626 -2167 -506 -2090 -1697 -2568 -585 -727 -2525 -6099 -2393 1060 -2107 1258 -3552 1909 1522 -1008 2802 1264 -1187 -679 2323 1127 -854 4225 -1296 2093 3870 955 602 289 -1437 1168 1155 1260 -1587 1414 266 82 -425 172 -435 -566 -1284 -2679 2588 -1939 -295 4271 -291 2 232 3701
-1512 -3599 -151 541 1323 -1231 2094 -2956 -466 -202 -626 -2167 -506 -2090 -1697 -2568 -585 -727 -2525 -6099 -2393 1060 -2107 1258 -3552 1909 1522 -1008 2802 1264 -1187 -679 2323 1127 -854 4225 -1296 2093 3870 955 602 289 -1437 1168 1155 1260 -1587 1414 266 82 -425 172 -435 -566 -1284 -2679 2588 -1939 -295 4271 -291 2 232 3701
-1512 -3599 -151 541 1323 -1231 2094 -2956 -466 -202 -626 -2167 -506 -2090 -1697 -2568 -585 -727 -2525 -6099 -2393 1060 -2107 1258 -3552 1909 1522 -1008 2802 1264 -1187 -679 2323 1127 -854 4225 -1296 2093 3870 955 602 289 -1437 1168 1155 1260 -1587 1414 266 82 -425 172 -435 -566 -1284 -2679 2588 -1939 -295 4271 -291 2 232 3701
-1512 -3599 -151 541 1323 -1231 2094 -2956 -466 -202 -626 -2167 -506 -2090 -1697 -2568 -585 -727 -2525 -6099 -2393 1060 -2107 1258 -3552 1909 1522 -1008 2802 1264 -1187 -679 2323 1127 -854 4225 -1296 2093 3870 955 602 289 -1437 1168 1155 1260 -1587 1414 266 82 -425 172 -435 -566 -1284 -2679 2588 -1939 -295 4271 -291 2 232 3701
-1499 -3560 -133 552 1283 -1124 2074 -2790 -449 -197 -651 -2110 -424 -2038 -1652 -2473 -603 -708 -2589 -6191 -2434 1092 -2138 1338 -3626 1941 1551 -1016 2874 1270 -1208 -718 2338 1107 -872 4267 -1266 2101 3904 980 616 306 -1446 1175 1176 1272 -1593 1416 203 57 -407 291 -447 -595 -1290 -2674 2594 -1989 -277 4410 -226 -72 242 3837
-1430 -3440 -68 597 1255 -1027 2048 -2704 -501 -221 -730 -2083 -400 -1927 -1640 -2343 -641 -690 -2681 -6300 -2461 1130 -2182 1426 -3728 1995 1572 -1055 2951 1297 -1264 -767 2319 1127 -852 4158 -1295 2058 3825 920 596 286 -1418 1153 1144 1259 -1601 1410 156 151 -418 293 -458 -626 -1240 -2677 2587 -1965 -272 4332 -257 -55 266 3786
-1512 -3599 -151 541 1323 -1231 2094 -2956 -466 -202 -626 -2167 -506 -2090 -1697 -2568 -585 -727 -2525 -6099 -2393 1060 -2107 1258 -3552 1909 1522 -1008 2802 1264 -1187 -679 2323 1127 -854 4225 -1296 2093 3870 955 602 289 -1437 1168 1155 1260 -1587 1414 266 82 -425 172 -435 -566 -1284 -2679 2588 -1939 -295 4271 -291 2 232 3701
-1512 -3599 -151 541 1323 -1231 2094 -2956 -466 -202 -626 -2167 -506 -2090 -1697 -2568 -585 -727 -2525 -6099 -2393 1060 -2107 1258 -3552 1909 1522 -1008 2802 1264 -1187 -679 2323 1127 -854 4225 -1296 2093 3870 955 602 289 -1437 1168 1155 1260 -1587 1414 266 82 -425 172 -435 -566 -1284 -2679 2588 -1939 -295 4271 -291 2 232 3701
-1512 -3599 -151 541 1323 -1231 2094 -2956 -466 -202 -626 -2167 -506 -2090 -1697 -2568 -585 -727 -2525 -6099 -2393 1060 -2107 1258 -3552 1909 1522 -1008 2802 1264 -1187 -679 2323 1127 -854 4225 -1296 2093 3870 955 602 289 -1437 1168 1155 1260 -1587 1414 266 82 -425 172 -435 -566 -1284 -2679 2588 -1939 -295 4271 -291 2 232 3701
-1512 -3599 -151 541 1323 -1231 2094 -2956 -466 -202 -626 -2167 -506 -2090 -1697 -2568 -585 -727 -2525 -6099 -2393 1060 -2107 1258 -3552 1909 1522 -1008 2802 1264 -1187 -679 2323 1127 -854 4225 -1296 2093 3870 955 602 289 -1437 1168 1155 1260 -1587 1414 266 82 -425 172 -435 -566 -1284 -2679 2588 -1939 -295 4271 -291 2 232 3701
-1512 -3599 -151 541 1323 -1231 2094 -2956 -466 -202 -626 -2167 -506 -2090 -1697 -2568 -585 -727 -2525 -6099 -2393 1060 -2107 1258 -3552 1909 1522 -1008 2802 1264 -1187 -679 2323 1127 -854 4225 -1296 2093 3870 955 602 289 -1437 1168 1155 1260 -1587 1414 266 82 -425 172 -435 -566 -1284 -2679 2588 -1939 -295 4271 -291 2 232 3701
-1494 -3613 -219 518 1303 -1469 2039 -3193 -516 -203 -443 -2205 -618 -2207 -1693 -2719 -486 -763 -2363 -5961 -2444 1039 -2121 1140 -3411 1822 1446 -907 2690 1167 -1054 -643 2250 1214 -800 4093 -1394 2048 3780 891 579 221 -1406 1108 1054 1201 -1574 1449 314 -54 -396 147 -412 -517 -1348 -2672 2629 -1997 -284 4437 -228 -41 151 3855
-1623 -3778 -280 450 1392 -1530 2132 -3298 -434 -210 -450 -2257 -658 -2305 -1734 -2863 -449 -789 -2250 -5805 -2391 983 -2044 1000 -3268 1757 1423 -877 2570 1157 -1014 -550 2270 1087 -874 4070 -1297 1993 3772 835 551 251 -1388 1192 1131 1227 -1595 1383 505 -123 -420 -58 -382 -426 -1404 -2657 2596 -1944 -354 4247 -309 112 110 3622
-1647 -3876 -322 448 1412 -1553 2152 -3310 -393 -164 -402 -2291 -658 -2386 -1769 -2931 -486 -766 -2329 -5887 -2402 1009 -2045 1087 -3339 1781 1467 -889 2643 1183 -1066 -566 2293 1001 -919 4086 -1249 1991 3791 795 500 267 -1383 1289 1198 1245 -1592 1320 440 24 -445 -52 -404 -473 -1329 -2673 2577 -1892 -348 4104 -369 134 165 3515
-1707 -3965 -356 416 1425 -1529 2177 -3251 -329 -143 -383 -2283 -618 -2434 -1758 -2966 -546 -734 -2452 -6014 -2397 1039 -2070 1212 -3464 1852 1510 -945 2758 1232 -1137 -624 2299 986 -941 4152 -1214 2007 3859 816 483 271 -1390 1319 1227 1252 -1594 1313 361 -11 -416 79 -424 -500 -1327 -2659 2575 -1941 -314 4255 -291 43 170 3672
-1683 -3872 -266 454 1425 -1307 2199 -3031 -333 -172 -550 -2237 -536 -2276 -1746 -2779 -537 -746 -2412 -5968 -2370 1007 -2030 1134 -3415 1833 1524 -954 2701 1241 -1126 -590 2363 957 -947 4260 -1182 2076 3904 906 543 331 -1431 1318 1275 1297 -1587 1313 280 364 -535 285 -513 -650 -1169 -2656 2377 -1784 -435 3726 -473 252 535 3057
-1512 -3599 -151 541 1323 -1231 2094 -2956 -466 -202 -626 -2167 -506 -2090 -1697 -2568 -585 -727 -2525 -6099 -2393 1060 -2107 1258 -3552 1909 1522 -1008 2802 1264 -1187 -679 2323 1127 -854 4225 -1296 2093 3870 955 602 289 -1437 1168 1155 1260 -1587 1414 266 82 -425 172 -435 -566 -1284 -2679 2588 -1939 -295 4271 -291 2 232 3701
-1512 -3599 -151 541 1323 -1231 2094 -2956 -466 -202 -626 -2167 -506 -2090 -1697 -2568 -585 -727 -2525 -6099 -2393 1060 -2107 1258 -3552 1909 1522 -1008 2802 1264 -1187 -679 2323 1127 -854 4225 -1296 2093 3870 955 602 289 -1437 1168 1155 1260 -1587 1414 266 82 -425 172 -435 -566 -1284 -2679 2588 -1939 -295 4271 -291 2 232 3701
-1512 -3599 -151 541 1323 -1231 2094 -2956 -466 -202 -626 -2167 -506 -2090 -1697 -2568 -585 -727 -2525 -6099 -2393 1060 -2107 1258 -3552 1909 1522 -1008 2802 1264 -1187 -679 2323 1127 -854 4225 -1296 2093 3870 955 602 289 -1437 1168 1155 1260 -1587 1414 266 82 -425 172 -435 -566 -1284 -2679 2588 -1939 -295 4271 -291 2 232 3701
-1512 -3599 -151 541 1323 -1231 2094 -2956 -466 -202 -626 -2167 -506 -2090 -1697 -2568 -585 -727 -2525 -6099 -2393 1060 -2107 1258 -3552 1909 1522 -1008 2802 1264 -1187 -679 2323 1127 -854 4225 -1296 2093 3870 955 602 289 -1437 1168 1155 1260 -1587 1414 266 82 -425 172 -435 -566 -1284 -2679 2588 -1939 -295 4271 -291 2 232 3701
-1512 -3599 -151 541 1323 -1231 2094 -2956 -466 -202 -626 -2167 -506 -2090 -1697 -2568 -585 -727 -2525 -6099 -2393 1060 -2107 1258 -3552 1909 1522 -1008 2802 1264 -1187 -679 2323 1127 -854 4225 -1296 2093 3870 955 602 289 -1437 1168 1155 1260 -1587 1414 266 82 -425 172 -435 -566 -1284 -2679 2588 -1939 -295 4271 -291 2 232 3701
-932 -2968 92 859 1026 -1169 1718 -2847 -900 -158 -532 -2113 -530 -1785 -1667 -2120 -647 -721 -2598 -6115 -2314 1071 -2105 1302 -3609 1963 1504 -1083 2826 1322 -1277 -696 2318 1126 -841 4040 -1327 2008 3729 861 600 277 -1402 1133 1120 1256 -1616 1408 87 211 -383 174 -449 -618 -1187 -2699 2682 -1999 -207 4415 -247 -102 115 3984
-1565 -3689 -197 509 1358 -1309 2124 -3048 -434 -194 -580 -2202 -543 -2170 -1719 -2671 -573 -730 -2503 -6079 -2397 1052 -2096 1235 -3528 1894 1524 -995 2785 1256 -1171 -664 2325 1106 -866 4222 -1281 2086 3869 945 594 293 -1433 1185 1168 1263 -1588 1400 307 63 -434 155 -431 -552 -1302 -2679 2573 -1928 -316 4235 -305 30 244 3644
-1512 -3599 -151 541 1323 -1231 2094 -2956 -466 -202 -626 -2167 -506 -2090 -1697 -2568 -585 -727 -2525 -6099 -2393 1060 -2107 1258 -3552 1909 1522 -1008 2802 1264 -1187 -679 2323 1127 -854 4225 -1296 2093 3870 955 602 289 -1437 1168 1155 1260 -1587 1414 266 82 -425 172 -435 -566 -1284 -2679 2588 -1939 -295 4271 -291 2 232 3701
-1512 -3599 -151 541 1323 -1231 2094 -2956 -466 -202 -626 -2167 -506 -2090 -1697 -2568 -585 -727 -2525 -6099 -2393 1060 -2107 1258 -3552 1909 1522 -1008 2802 1264 -1187 -679 2323 1127 -854 4225 -1296 2093 3870 955 602 289 -1437 1168 1155 1260 -1587 1414 266 82 -425 172 -435 -566 -1284 -2679 2588 -1939 -295 4271 -291 2 232 3701
-1512 -3599 -151 541 1323 -1231 2094 -2956 -466 -202 -626 -2167 -506 -2090 -1697 -2568 -585 -727 -2525 -6099 -2393 1060 -2107 1258 -3552 1909 1522 -1008 2802 1264 -1187 -679 2323 1127 -854 4225 -1296 2093 3870 955 602 289 -1437 1168 1155 1260 -1587 1414 266 82 -425 172 -435 -566 -1284 -2679 2588 -1939 -295 4271 -291 2 232 3701
-1512 -3599 -151 541 1323 -1231 2094 -2956 -466 -202 -626 -2167 -506 -2090 -1697 -2568 -585 -727 -2525 -6099 -2393 1060 -2107 1258 -3552 1909 1522 -1008 2802 1264 -1187 -679 2323 1127 -854 4225 -1296 2093 3870 955 602 289 -1437 1168 1155 1260 -1587 1414 266 82 -425 172 -435 -566 -1284 -2679 2588 -1939 -295 4271 -291 2 232 3701
-1523 -3670 -192 541 1281 -1142 2073 -2765 -402 -141 -558 -2131 -404 -2136 -1662 -2543 -631 -706 -2635 -6216 -2410 1113 -2177 1379 -3680 1988 1514 -1070 2892 1285 -1246 -765 2302 1125 -865 4249 -1282 2088 3914 945 575 273 -1427 1190 1152 1245 -1591 1416 195 53 -392 237 -449 -577 -1272 -2671 2604 -1979 -248 4403 -226 -83 200 3864
-1692 -3886 -261 449 1441 -1294 2211 -3032 -329 -175 -566 -2249 -542 -2273 -1756 -2783 -521 -768 -2337 -5837 -2301 970 -1989 1047 -3320 1797 1472 -950 2612 1233 -1107 -544 2357 918 -969 4206 -1163 2035 3868 865 533 331 -1417 1333 1284 1297 -1592 1296 357 338 -553 247 -507 -625 -1195 -2646 2335 -1752 -475 3623 -510 320 566 2912
-1512 -3599 -151 541 1323 -1231 2094 -2956 -466 -202 -626 -2167 -506 -2090 -1697 -2568 -585 -727 -2525 -6099 -2393 1060 -2107 1258 -3552 1909 1522 -1008 2802 1264 -1187 -679 2323 1127 -854 4225 -1296 2093 3870 955 602 289 -1437 1168 1155 1260 -1587 1414 266 82 -425 172 -435 -566 -1284 -2679 2588 -1939 -295 4271 -291 2 232 3701
-1512 -3599 -151 541 1323 -1231 2094 -2956 -466 -202 -626 -2167 -506 -2090 -1697 -2568 -585 -727 -2525 -6099 -2393 1060 -2107 1258 -3552 1909 1522 -1008 2802 1264 -1187 -679 2323 1127 -854 4225 -1296 2093 3870 955 602 289 -1437 1168 1155 1260 -1587 1414 266 82 -425 172 -435 -566 -1284 -2679 2588 -1939 -295 4271 -291 2 232 3701
-1512 -3599 -151 541 1323 -1231 2094 -2956 -466 -202 -626 -2167 -506 -2090 -1697 -2568 -585 -727 -2525 -6099 -2393 1060 -2107 1258 -3552 1909 1522 -1008 2802 1264 -1187 -679 2323 1127 -854 4225 -1296 2093 3870 955 602 289 -1437 1168 1155 1260 -1587 1414 266 82 -425 172 -435 -566 -1284 -2679 2588 -1939 -295 4271 -291 2 232 3701
-1512 -3599 -151 541 1323 -1231 2094 -2956 -466 -202 -626 -2167 -506 -2090 -1697 -2568 -585 -727 -2525 -6099 -2393 1060 -2107 1258 -3552 1909 1522 -1008 2802 1264 -1187 -679 2323 1127 -854 4225 -1296 2093 3870 955 602 289 -1437 1168 1155 1260 -1587 1414 266 82 -425 172 -435 -566 -1284 -2679 2588 -1939 -295 4271 -291 2 232 3701
-1544 -3646 -173 522 1326 -1225 2105 -2928 -431 -190 -610 -2161 -484 -2118 -1687 -2591 -597 -713 -2575 -6174 -2430 1086 -2137 1321 -3612 1935 1542 -1014 2860 1267 -1201 -713 2317 1129 -857 4230 -1292 2090 3879 956 600 286 -1435 1167 1152 1256 -1588 1418 239 53 -412 228 -438 -575 -1294 -2674 2593 -1969 -284 4356 -251 -41 229 3785
-1397 -3377 -5 615 1276 -999 2046 -2726 -555 -252 -801 -2104 -438 -1860 -1666 -2288 -632 -705 -2595 -6151 -2356 1054 -2069 1308 -3597 1938 1579 -1035 2866 1327 -1250 -659 2353 1014 -907 4044 -1236 1978 3732 841 595 319 -1399 1192 1197 1292 -1627 1359 74 316 -420 242 -479 -659 -1141 -2671 2598 -1951 -257 4222 -301 -18 230 3759
-1530 -3629 -165 530 1336 -1255 2105 -2986 -455 -200 -613 -2179 -518 -2115 -1704 -2602 -582 -728 -2520 -6095 -2394 1058 -2104 1251 -3546 1907 1524 -1006 2797 1262 -1182 -676 2322 1125 -855 4222 -1294 2091 3868 953 601 289 -1435 1168 1156 1259 -1587 1413 281 71 -427 163 -432 -559 -1292 -2679 2585 -1938 -301 4266 -293 9 231 3689
-1512 -3599 -151 541 1323 -1231 2094 -2956 -466 -202 -626 -2167 -506 -2090 -1697 -2568 -585 -727 -2525 -6099 -2393 1060 -2107 1258 -3552 1909 1522 -1008 2802 1264 -1187 -679 2323 1127 -854 4225 -1296 2093 3870 955 602 289 -1437 1168 1155 1260 -1587 1414 266 82 -425 172 -435 -566 -1284 -2679 2588 -1939 -295 4271 -291 2 232 3701
-1512 -3599 -151 541 1323 -1231 2094 -2956 -466 -202 -626 -2167 -506 -2090 -1697 -2568 -585 -727 -2525 -6099 -2393 1060 -2107 1258 -3552 1909 1522 -1008 2802 1264 -1187 -679 2323 1127 -854 4225 -1296 2093 3870 955 602 289 -1437 1168 1155 1260 -1587 1414 266 82 -425 172 -435 -566 -1284 -2679 2588 -1939 -295 4271 -291 2 232 3701
-1512 -3599 -151 541 1323 -1231 2094 -2956 -466 -202 -626 -2167 -506 -2090 -1697 -2568 -585 -727 -2525 -6099 -2393 1060 -2107 1258 -3552 1909 1522 -1008 2802 1264 -1187 -679 2323 1127 -854 4225 -1296 2093 3870 955 602 289 -1437 1168 1155 1260 -1587 1414 266 82 -425 172 -435 -566 -1284 -2679 2588 -1939 -295 4271 -291 2 232 3701
-1512 -3599 -151 541 1323 -1231 2094 -2956 -466 -202 -626 -2167 -506 -2090 -1697 -2568 -585 -727 -2525 -6099 -2393 1060 -2107 1258 -3552 1909 1522 -1008 2802 1264 -1187 -679 2323 1127 -854 4225 -1296 2093 3870 955 602 289 -1437 1168 1155 1260 -1587 1414 266 82 -425 172 -435 -566 -1284 -2679 2588 -1939 -295 4271 -291 2 232 3701
-1550 -3755 -271 501 1351 -1508 2088 -3247 -456 -157 -410 -2259 -633 -2307 -1744 -2827 -530 -767 -2437 -6023 -2404 1067 -2198 1184 -3514 1909 1396 -1006 2714 1201 -1117 -733 2179 1271 -771 4031 -1451 2021 3767 827 519 154 -1373 1106 986 1146 -1566 1461 350 -30 -394 -14 -406 -475 -1313 -2666 2632 -1938 -261 4301 -284 7 95 3767
-1734 -3978 -327 418 1465 -1425 2227 -3175 -305 -158 -478 -2289 -597 -2384 -1779 -2918 -474 -783 -2253 -5761 -2327 953 -1967 978 -3233 1738 1457 -890 2550 1191 -1047 -498 2366 899 -980 4217 -1148 2037 3878 866 529 339 -1419 1348 1300 1305 -1592 1286 463 210 -532 80 -461 -545 -1264 -2657 2394 -1766 -464 3692 -503 320 442 2993
-1512 -3599 -151 541 1323 -1231 2094 -2956 -466 -202 -626 -2167 -506 -2090 -1697 -2568 -585 -727 -2525 -6099 -2393 1060 -2107 1258 -3552 1909 1522 -1008 2802 1264 -1187 -679 2323 1127 -854 4225 -1296 2093 3870 955 602 289 -1437 1168 1155 1260 -1587 1414 266 82 -425 172 -435 -566 -1284 -2679 2588 -1939 -295 4271 -291 2 232 3701
-1512 -3599 -151 541 1323 -1231 2094 -2956 -466 -202 -626 -2167 -506 -2090 -1697 -2568 -585 -727 -2525 -6099 -2393 1060 -2107 1258 -3552 1909 1522 -1008 2802 1264 -1187 -679 2323 1127 -854 4225 -1296 2093 3870 955 602 289 -1437 1168 1155 1260 -1587 1414 266 82 -425 172 -435 -566 -1284 -2679 2588 -1939 -295 4271 -291 2 232 3701
-1512 -3599 -151 541 1323 -1231 2094 -2956 -466 -202 -626 -2167 -506 -2090 -1697 -2568 -585 -727 -2525 -6099 -2393 1060 -2107 1258 -3552 1909 1522 -1008 2802 1264 -1187 -679 2323 1127 -854 4225 -1296 2093 3870 955 602 289 -1437 1168 1155 1260 -1587 1414 266 82 -425 172 -435 -566 -1284 -2679 2588 -1939 -295 4271 -291 2 232 3701
