-903 -468 1034 748 -1459 -6 209 1056 459 452 1721 -627 -188 -149 -1938 -1190 546 -717 664 794 -1874 -33 -463 453 210 614 -1247 320 -83 570 831 103 -594 847 -97 -720 -382 -627 173 -852 -331 -1811 -669 -648 841 -1655 -1718 -1023 130 -1193 -706 3534 -148 108 379 720 392 593 -536 -474 -360 -1964 -421 -187
-887 -28 318 7 -348 -560 -451 1458 966 -1292 275 104 1102 467 -1585 -1092 -321 -654 985 388 -1875 -946 -333 523 -101 -128 -799 200 188 -286 -259 959 -531 540 425 435 -726 -537 -105 -1147 -730 -1729 681 -1225 1020 -477 -1321 275 1074 -1164 1073 2932 -467 303 -512 -240 1097 -94 414 621 -353 -2246 233 72
-887 -28 318 7 -348 -560 -451 1458 966 -1292 275 104 1102 467 -1585 -1092 -321 -654 985 388 -1875 -946 -333 523 -101 -128 -799 200 188 -286 -259 959 -531 540 425 435 -726 -537 -105 -1147 -730 -1729 681 -1225 1020 -477 -1321 275 1074 -1164 1073 2932 -467 303 -512 -240 1097 -94 414 621 -353 -2246 233 72
-887 -28 318 7 -348 -560 -451 1458 966 -1292 275 104 1102 467 -1585 -1092 -321 -654 985 388 -1875 -946 -333 523 -101 -128 -799 200 188 -286 -259 959 -531 540 425 435 -726 -537 -105 -1147 -730 -1729 681 -1225 1020 -477 -1321 275 1074 -1164 1073 2932 -467 303 -512 -240 1097 -94 414 621 -353 -2246 233 72
-887 -28 318 7 -348 -560 -451 1458 966 -1292 275 104 1102 467 -1585 -1092 -321 -654 985 388 -1875 -946 -333 523 -101 -128 -799 200 188 -286 -259 959 -531 540 425 435 -726 -537 -105 -1147 -730 -1729 681 -1225 1020 -477 -1321 275 1074 -1164 1073 2932 -467 303 -512 -240 1097 -94 414 621 -353 -2246 233 72
-887 -28 318 7 -348 -560 -451 1458 966 -1292 275 104 1102 467 -1585 -1092 -321 -654 985 388 -1875 -946 -333 523 -101 -128 -799 200 188 -286 -259 959 -531 540 425 435 -726 -537 -105 -1147 -730 -1729 681 -1225 1020 -477 -1321 275 1074 -1164 1073 2932 -467 303 -512 -240 1097 -94 414 621 -353 -2246 233 72
-887 -28 318 7 -348 -560 -451 1458 966 -1292 275 104 1102 467 -1585 -1092 -321 -654 985 388 -1875 -946 -333 523 -101 -128 -799 200 188 -286 -259 959 -531 540 425 435 -726 -537 -105 -1147 -730 -1729 681 -1225 1020 -477 -1321 275 1074 -1164 1073 2932 -467 303 -512 -240 1097 -94 414 621 -353 -2246 233 72
-887 -28 318 7 -348 -560 -451 1458 966 -1292 275 104 1102 467 -1585 -1092 -321 -654 985 388 -1875 -946 -333 523 -101 -128 -799 200 188 -286 -259 959 -531 540 425 435 -726 -537 -105 -1147 -730 -1729 681 -1225 1020 -477 -1321 275 1074 -1164 1073 2932 -467 303 -512 -240 1097 -94 414 621 -353 -2246 233 72
-887 -28 318 7 -348 -560 -451 1458 966 -1292 275 104 1102 467 -1585 -1092 -321 -654 985 388 -1875 -946 -333 523 -101 -128 -799 200 188 -286 -259 959 -531 540 425 435 -726 -537 -105 -1147 -730 -1729 681 -1225 1020 -477 -1321 275 1074 -1164 1073 2932 -467 303 -512 -240 1097 -94 414 621 -353 -2246 233 72
-453 -172 895 -108 -531 35 -785 1191 822 -944 201 289 1628 -158 -1845 -1368 -826 -427 805 980 -1785 -508 -198 607 -177 -211 -411 219 143 -205 -165 82 -829 782 178 201 -673 -135 -349 -1097 -939 -2036 532 -627 1125 -156 -1296 27 479 -1257 979 2321 -429 274 -290 -291 1105 121 631 881 143 -2102 575 -223
-196 -91 896 312 -114 183 -1119 1676 880 -1017 272 -11 1097 89 -1856 -1542 -995 -393 924 712 -1475 -607 21 323 28 -77 -1071 -99 76 -812 -441 802 -591 794 604 643 -925 -797 -204 -1350 -781 -2768 620 -847 1140 -700 -1593 325 1870 -1387 915 2917 -201 453 -368 -74 1066 74 942 773 -248 -2409 803 135
-887 -28 318 7 -348 -560 -451 1458 966 -1292 275 104 1102 467 -1585 -1092 -321 -654 985 388 -1875 -946 -333 523 -101 -128 -799 200 188 -286 -259 959 -531 540 425 435 -726 -537 -105 -1147 -730 -1729 681 -1225 1020 -477 -1321 275 1074 -1164 1073 2932 -467 303 -512 -240 1097 -94 414 621 -353 -2246 233 72
-887 -28 318 7 -348 -560 -451 1458 966 -1292 275 104 1102 467 -1585 -1092 -321 -654 985 388 -1875 -946 -333 523 -101 -128 -799 200 188 -286 -259 959 -531 540 425 435 -726 -537 -105 -1147 -730 -1729 681 -1225 1020 -477 -1321 275 1074 -1164 1073 2932 -467 303 -512 -240 1097 -94 414 621 -353 -2246 233 72
-887 -28 318 7 -348 -560 -451 1458 966 -1292 275 104 1102 467 -1585 -1092 -321 -654 985 388 -1875 -946 -333 523 -101 -128 -799 200 188 -286 -259 959 -531 540 425 435 -726 -537 -105 -1147 -730 -1729 681 -1225 1020 -477 -1321 275 1074 -1164 1073 2932 -467 303 -512 -240 1097 -94 414 621 -353 -2246 233 72
-887 -28 318 7 -348 -560 -451 1458 966 -1292 275 104 1102 467 -1585 -1092 -321 -654 985 388 -1875 -946 -333 523 -101 -128 -799 200 188 -286 -259 959 -531 540 425 435 -726 -537 -105 -1147 -730 -1729 681 -1225 1020 -477 -1321 275 1074 -1164 1073 2932 -467 303 -512 -240 1097 -94 414 621 -353 -2246 233 72
-887 -28 318 7 -348 -560 -451 1458 966 -1292 275 104 1102 467 -1585 -1092 -321 -654 985 388 -1875 -946 -333 523 -101 -128 -799 200 188 -286 -259 959 -531 540 425 435 -726 -537 -105 -1147 -730 -1729 681 -1225 1020 -477 -1321 275 1074 -1164 1073 2932 -467 303 -512 -240 1097 -94 414 621 -353 -2246 233 72
-1621 -291 460 -148 -1411 -1547 604 1494 530 -601 1077 -135 1159 874 -1325 -259 978 -512 376 837 -2343 -670 -434 583 -653 -9 -391 602 445 -16 391 531 -1327 827 -465 -861 -572 0 171 -1125 -857 -942 -130 -489 1081 -919 -843 -90 -188 -946 253 2694 -717 47 567 -145 1447 59 -375 652 -557 -1654 -638 -414
-1518 -1092 957 -246 -1388 -824 1560 937 119 1 1648 -446 369 387 -1435 -173 1002 -1164 419 691 -1137 -699 -1009 346 -190 477 -401 -175 522 952 1077 78 -162 1115 -488 -1244 -215 493 27 -533 -1024 -326 -725 -1024 -138 -1303 -1249 -334 -645 -736 -279 2295 343 -13 -184 113 653 130 -530 347 -25 -1652 -1322 -550
-997 -848 726 105 -1054 -1208 1730 519 208 -197 2163 -325 462 593 -1683 -282 1255 -822 794 276 -799 -1027 -1037 471 213 889 -634 -546 292 946 1127 234 -14 702 -238 -1038 242 -125 10 -79 -354 -562 -609 -741 -225 -837 -886 -617 -784 -661 -424 2704 265 -317 -54 717 118 -7 -718 320 -315 -1429 -1242 -174
-692 -1088 1426 -37 -1231 -803 1237 75 218 -258 1754 -302 410 321 -1986 -184 1078 -295 917 889 -1141 -606 -1049 40 -9 509 -476 -259 86 1238 1447 -672 -337 1707 4 -1065 269 140 -387 29 -745 -706 -967 -57 -430 -635 -770 -727 -1285 -773 -510 2052 7 -551 237 827 477 260 -555 786 63 -1103 -1315 -479
-1196 -277 669 896 -39 120 152 1085 879 -1173 1296 -182 24 120 -1751 -1027 -860 -518 1048 343 -1006 -407 -588 1185 388 230 -1625 -136 335 -24 212 1611 -65 637 1053 570 204 -854 -391 -1273 139 -2221 383 -1114 600 -743 -1461 -320 1929 -949 373 3520 701 316 -566 414 204 534 -360 40 -48 -2402 -136 601
-887 -28 318 7 -348 -560 -451 1458 966 -1292 275 104 1102 467 -1585 -1092 -321 -654 985 388 -1875 -946 -333 523 -101 -128 -799 200 188 -286 -259 959 -531 540 425 435 -726 -537 -105 -1147 -730 -1729 681 -1225 1020 -477 -1321 275 1074 -1164 1073 2932 -467 303 -512 -240 1097 -94 414 621 -353 -2246 233 72
-887 -28 318 7 -348 -560 -451 1458 966 -1292 275 104 1102 467 -1585 -1092 -321 -654 985 388 -1875 -946 -333 523 -101 -128 -799 200 188 -286 -259 959 -531 540 425 435 -726 -537 -105 -1147 -730 -1729 681 -1225 1020 -477 -1321 275 1074 -1164 1073 2932 -467 303 -512 -240 1097 -94 414 621 -353 -2246 233 72
-887 -28 318 7 -348 -560 -451 1458 966 -1292 275 104 1102 467 -1585 -1092 -321 -654 985 388 -1875 -946 -333 523 -101 -128 -799 200 188 -286 -259 959 -531 540 425 435 -726 -537 -105 -1147 -730 -1729 681 -1225 1020 -477 -1321 275 1074 -1164 1073 2932 -467 303 -512 -240 1097 -94 414 621 -353 -2246 233 72
-887 -28 318 7 -348 -560 -451 1458 966 -1292 275 104 1102 467 -1585 -1092 -321 -654 985 388 -1875 -946 -333 523 -101 -128 -799 200 188 -286 -259 959 -531 540 425 435 -726 -537 -105 -1147 -730 -1729 681 -1225 1020 -477 -1321 275 1074 -1164 1073 2932 -467 303 -512 -240 1097 -94 414 621 -353 -2246 233 72
-887 -28 318 7 -348 -560 -451 1458 966 -1292 275 104 1102 467 -1585 -1092 -321 -654 985 388 -1875 -946 -333 523 -101 -128 -799 200 188 -286 -259 959 -531 540 425 435 -726 -537 -105 -1147 -730 -1729 681 -1225 1020 -477 -1321 275 1074 -1164 1073 2932 -467 303 -512 -240 1097 -94 414 621 -353 -2246 233 72
998 -25 -11 990 -2022 -826 1885 1042 927 354 2326 -224 657 794 -1189 -1517 1142 -750 100 863 -1279 -834 -373 -962 1153 1298 -1333 -7 -127 390 598 266 -777 1065 -880 -512 -244 -1347 414 -288 -579 -2088 -883 -375 377 -2032 -1504 -520 -336 -1006 -583 2375 -1316 -81 879 561 867 -514 46 322 -1050 -1398 710 -201
-1077 -116 401 54 -393 -426 -288 1441 925 -1301 533 118 1128 536 -1893 -955 -192 -723 1033 413 -1814 -808 -405 737 -18 -111 -690 -1 462 -113 -142 940 -482 628 332 268 -643 -387 -75 -1207 -599 -1581 671 -1290 888 -394 -1334 157 928 -1109 1174 3006 -138 205 -454 -138 818 -19 262 457 -172 -2315 2 49
-887 -28 318 7 -348 -560 -451 1458 966 -1292 275 104 1102 467 -1585 -1092 -321 -654 985 388 -1875 -946 -333 523 -101 -128 -799 200 188 -286 -259 959 -531 540 425 435 -726 -537 -105 -1147 -730 -1729 681 -1225 1020 -477 -1321 275 1074 -1164 1073 2932 -467 303 -512 -240 1097 -94 414 621 -353 -2246 233 72
-887 -28 318 7 -348 -560 -451 1458 966 -1292 275 104 1102 467 -1585 -1092 -321 -654 985 388 -1875 -946 -333 523 -101 -128 -799 200 188 -286 -259 959 -531 540 425 435 -726 -537 -105 -1147 -730 -1729 681 -1225 1020 -477 -1321 275 1074 -1164 1073 2932 -467 303 -512 -240 1097 -94 414 621 -353 -2246 233 72
-887 -28 318 7 -348 -560 -451 1458 966 -1292 275 104 1102 467 -1585 -1092 -321 -654 985 388 -1875 -946 -333 523 -101 -128 -799 200 188 -286 -259 959 -531 540 425 435 -726 -537 -105 -1147 -730 -1729 681 -1225 1020 -477 -1321 275 1074 -1164 1073 2932 -467 303 -512 -240 1097 -94 414 621 -353 -2246 233 72
-887 -28 318 7 -348 -560 -451 1458 966 -1292 275 104 1102 467 -1585 -1092 -321 -654 985 388 -1875 -946 -333 523 -101 -128 -799 200 188 -286 -259 959 -531 540 425 435 -726 -537 -105 -1147 -730 -1729 681 -1225 1020 -477 -1321 275 1074 -1164 1073 2932 -467 303 -512 -240 1097 -94 414 621 -353 -2246 233 72
-303 -299 1172 351 -331 133 -1123 339 1116 -758 8 224 1652 11 -2291 -1683 -1021 -134 507 1366 -1774 26 -405 366 -135 -245 -8 473 140 235 128 -298 -1315 786 -395 479 -784 385 -579 -987 -849 -2039 -316 -256 657 67 -1344 -482 304 -1320 -77 1799 -1149 210 237 257 1141 479 843 1266 934 -2058 1053 -393
-1219 -477 742 816 -489 538 362 907 717 -416 1068 -237 -190 -214 -1342 -1296 -718 -1182 1032 292 -683 -236 -877 1169 323 337 -1195 243 251 339 187 1338 308 483 751 476 62 -555 -238 -1177 27 -1648 -60 -1144 289 -1071 -1353 -261 1468 -801 -213 3272 1099 420 -914 244 48 709 -428 99 143 -2245 -596 175
-887 -28 318 7 -348 -560 -451 1458 966 -1292 275 104 1102 467 -1585 -1092 -321 -654 985 388 -1875 -946 -333 523 -101 -128 -799 200 188 -286 -259 959 -531 540 425 435 -726 -537 -105 -1147 -730 -1729 681 -1225 1020 -477 -1321 275 1074 -1164 1073 2932 -467 303 -512 -240 1097 -94 414 621 -353 -2246 233 72
-887 -28 318 7 -348 -560 -451 1458 966 -1292 275 104 1102 467 -1585 -1092 -321 -654 985 388 -1875 -946 -333 523 -101 -128 -799 200 188 -286 -259 959 -531 540 425 435 -726 -537 -105 -1147 -730 -1729 681 -1225 1020 -477 -1321 275 1074 -1164 1073 2932 -467 303 -512 -240 1097 -94 414 621 -353 -2246 233 72
-887 -28 318 7 -348 -560 -451 1458 966 -1292 275 104 1102 467 -1585 -1092 -321 -654 985 388 -1875 -946 -333 523 -101 -128 -799 200 188 -286 -259 959 -531 540 425 435 -726 -537 -105 -1147 -730 -1729 681 -1225 1020 -477 -1321 275 1074 -1164 1073 2932 -467 303 -512 -240 1097 -94 414 621 -353 -2246 233 72
-887 -28 318 7 -348 -560 -451 1458 966 -1292 275 104 1102 467 -1585 -1092 -321 -654 985 388 -1875 -946 -333 523 -101 -128 -799 200 188 -286 -259 959 -531 540 425 435 -726 -537 -105 -1147 -730 -1729 681 -1225 1020 -477 -1321 275 1074 -1164 1073 2932 -467 303 -512 -240 1097 -94 414 621 -353 -2246 233 72
-662 -137 713 -231 -350 -275 -744 1271 965 -1202 265 155 1509 257 -1793 -1115 -487 -358 885 699 -1932 -763 -147 621 -74 -71 -667 145 138 -287 -290 324 -768 767 394 283 -652 -177 -391 -995 -927 -1858 512 -840 1002 -355 -1296 65 664 -1190 1056 2568 -321 149 -351 -205 1112 100 583 786 -83 -2175 259 -185
671 -348 229 854 -1634 -138 892 1105 622 396 1646 -216 -521 -521 -481 -1384 -293 -559 379 378 -1035 -757 -168 110 1252 1086 -2120 376 -217 251 -15 542 -320 892 491 163 284 -1404 -5 -404 -534 -2172 -1003 -137 714 -2301 -1626 -429 790 -895 -365 3078 1 159 202 491 478 193 165 232 -1240 -1407 -54 75
-926 -71 349 27 -374 -494 -410 1446 954 -1291 351 127 1118 471 -1685 -1053 -309 -680 985 435 -1869 -890 -363 581 -65 -121 -757 149 289 -254 -249 937 -525 590 373 378 -720 -446 -110 -1190 -708 -1676 674 -1261 978 -469 -1350 259 1022 -1158 1122 2939 -364 290 -495 -245 1009 -62 417 586 -267 -2264 190 56
-887 -28 318 7 -348 -560 -451 1458 966 -1292 275 104 1102 467 -1585 -1092 -321 -654 985 388 -1875 -946 -333 523 -101 -128 -799 200 188 -286 -259 959 -531 540 425 435 -726 -537 -105 -1147 -730 -1729 681 -1225 1020 -477 -1321 275 1074 -1164 1073 2932 -467 303 -512 -240 1097 -94 414 621 -353 -2246 233 72
-887 -28 318 7 -348 -560 -451 1458 966 -1292 275 104 1102 467 -1585 -1092 -321 -654 985 388 -1875 -946 -333 523 -101 -128 -799 200 188 -286 -259 959 -531 540 425 435 -726 -537 -105 -1147 -730 -1729 681 -1225 1020 -477 -1321 275 1074 -1164 1073 2932 -467 303 -512 -240 1097 -94 414 621 -353 -2246 233 72
-887 -28 318 7 -348 -560 -451 1458 966 -1292 275 104 1102 467 -1585 -1092 -321 -654 985 388 -1875 -946 -333 523 -101 -128 -799 200 188 -286 -259 959 -531 540 425 435 -726 -537 -105 -1147 -730 -1729 681 -1225 1020 -477 -1321 275 1074 -1164 1073 2932 -467 303 -512 -240 1097 -94 414 621 -353 -2246 233 72
-887 -28 318 7 -348 -560 -451 1458 966 -1292 275 104 1102 467 -1585 -1092 -321 -654 985 388 -1875 -946 -333 523 -101 -128 -799 200 188 -286 -259 959 -531 540 425 435 -726 -537 -105 -1147 -730 -1729 681 -1225 1020 -477 -1321 275 1074 -1164 1073 2932 -467 303 -512 -240 1097 -94 414 621 -353 -2246 233 72
-1391 -709 500 324 -848 -1731 819 824 729 -787 1204 -235 875 1516 -1919 -222 888 -33 377 690 -1951 -728 -348 182 -7 441 -100 448 -208 299 737 884 -1235 583 -617 -376 -404 132 270 -651 -517 -660 -517 -724 379 -593 -1392 -49 6 -464 -370 2769 -1567 32 705 630 1417 23 185 779 -320 -1524 -155 -26
-1165 -483 571 575 -744 270 515 1008 559 -344 1165 -181 395 -119 -1513 -1263 -125 -1520 1390 336 -693 -464 -978 1267 423 466 -727 36 522 892 240 1018 421 399 212 29 -14 -433 22 -1157 -114 -1188 -214 -1207 202 -740 -1117 -542 768 -834 278 3317 1106 407 -814 326 -104 463 -413 226 298 -2004 -828 178
-887 -28 318 7 -348 -560 -451 1458 966 -1292 275 104 1102 467 -1585 -1092 -321 -654 985 388 -1875 -946 -333 523 -101 -128 -799 200 188 -286 -259 959 -531 540 425 435 -726 -537 -105 -1147 -730 -1729 681 -1225 1020 -477 -1321 275 1074 -1164 1073 2932 -467 303 -512 -240 1097 -94 414 621 -353 -2246 233 72
-887 -28 318 7 -348 -560 -451 1458 966 -1292 275 104 1102 467 -1585 -1092 -321 -654 985 388 -1875 -946 -333 523 -101 -128 -799 200 188 -286 -259 959 -531 540 425 435 -726 -537 -105 -1147 -730 -1729 681 -1225 1020 -477 -1321 275 1074 -1164 1073 2932 -467 303 -512 -240 1097 -94 414 621 -353 -2246 233 72
-887 -28 318 7 -348 -560 -451 1458 966 -1292 275 104 1102 467 -1585 -1092 -321 -654 985 388 -1875 -946 -333 523 -101 -128 -799 200 188 -286 -259 959 -531 540 425 435 -726 -537 -105 -1147 -730 -1729 681 -1225 1020 -477 -1321 275 1074 -1164 1073 2932 -467 303 -512 -240 1097 -94 414 621 -353 -2246 233 72
