-305 -416 -378 -98 142 -376 -281 179 140 159 42 -19 191 110 -383 -248 -109 -122 305 72 -344 36 -438 268 466 270 434 -279 443 -12 24 128 278 -413 435 -48 -32 12 505 -132 -181 -295 62 235 459 297 33 -499 357 112 436 376 -271 -273 -371 105 250 451 492 -229 413 82 71 298
-6747 -1788 1324 -2263 204 -3142 2793 -4160 1355 -796 3102 3369 -3940 3435 2811 -4499 -3016 1471 -2288 2446 -1274 679 334 -2094 86 -512 631 -1669 -1631 -2898 120 6608 445 -956 968 -416 -2180 -1083 -1755 -1667 -1151 -3342 1181 1547 1351 2245 -1707 -2753 -515 -190 -630 -3357 -1578 -1175 -647 1125 42 -311 -1265 4887 -266 -1884 130 903
-6747 -1788 1324 -2263 204 -3142 2793 -4160 1355 -796 3102 3369 -3940 3435 2811 -4499 -3016 1471 -2288 2446 -1274 679 334 -2094 86 -512 631 -1669 -1631 -2898 120 6608 445 -956 968 -416 -2180 -1083 -1755 -1667 -1151 -3342 1181 1547 1351 2245 -1707 -2753 -515 -190 -630 -3357 -1578 -1175 -647 1125 42 -311 -1265 4887 -266 -1884 130 903
-6747 -1788 1324 -2263 204 -3142 2793 -4160 1355 -796 3102 3369 -3940 3435 2811 -4499 -3016 1471 -2288 2446 -1274 679 334 -2094 86 -512 631 -1669 -1631 -2898 120 6608 445 -956 968 -416 -2180 -1083 -1755 -1667 -1151 -3342 1181 1547 1351 2245 -1707 -2753 -515 -190 -630 -3357 -1578 -1175 -647 1125 42 -311 -1265 4887 -266 -1884 130 903
-6747 -1788 1324 -2263 204 -3142 2793 -4160 1355 -796 3102 3369 -3940 3435 2811 -4499 -3016 1471 -2288 2446 -1274 679 334 -2094 86 -512 631 -1669 -1631 -2898 120 6608 445 -956 968 -416 -2180 -1083 -1755 -1667 -1151 -3342 1181 1547 1351 2245 -1707 -2753 -515 -190 -630 -3357 -1578 -1175 -647 1125 42 -311 -1265 4887 -266 -1884 130 903
-6747 -1788 1324 -2263 204 -3142 2793 -4160 1355 -796 3102 3369 -3940 3435 2811 -4499 -3016 1471 -2288 2446 -1274 679 334 -2094 86 -512 631 -1669 -1631 -2898 120 6608 445 -956 968 -416 -2180 -1083 -1755 -1667 -1151 -3342 1181 1547 1351 2245 -1707 -2753 -515 -190 -630 -3357 -1578 -1175 -647 1125 42 -311 -1265 4887 -266 -1884 130 903
-6747 -1788 1324 -2263 204 -3142 2793 -4160 1355 -796 3102 3369 -3940 3435 2811 -4499 -3016 1471 -2288 2446 -1274 679 334 -2094 86 -512 631 -1669 -1631 -2898 120 6608 445 -956 968 -416 -2180 -1083 -1755 -1667 -1151 -3342 1181 1547 1351 2245 -1707 -2753 -515 -190 -630 -3357 -1578 -1175 -647 1125 42 -311 -1265 4887 -266 -1884 130 903
-6747 -1788 1324 -2263 204 -3142 2793 -4160 1355 -796 3102 3369 -3940 3435 2811 -4499 -3016 1471 -2288 2446 -1274 679 334 -2094 86 -512 631 -1669 -1631 -2898 120 6608 445 -956 968 -416 -2180 -1083 -1755 -1667 -1151 -3342 1181 1547 1351 2245 -1707 -2753 -515 -190 -630 -3357 -1578 -1175 -647 1125 42 -311 -1265 4887 -266 -1884 130 903
-6747 -1788 1324 -2263 204 -3142 2793 -4160 1355 -796 3102 3369 -3940 3435 2811 -4499 -3016 1471 -2288 2446 -1274 679 334 -2094 86 -512 631 -1669 -1631 -2898 120 6608 445 -956 968 -416 -2180 -1083 -1755 -1667 -1151 -3342 1181 1547 1351 2245 -1707 -2753 -515 -190 -630 -3357 -1578 -1175 -647 1125 42 -311 -1265 4887 -266 -1884 130 903
-7576 -2239 -493 53 -894 -2879 1479 -4990 1159 725 2889 2384 -3811 4362 2801 -3813 -2560 288 -3582 3082 -1430 -552 889 -1679 739 -896 714 -1530 -1375 -2879 -609 6484 1529 -1771 743 152 -2634 -1549 -1462 -1500 -418 -3109 2519 2386 831 2471 -1338 -3975 -751 67 -1090 -4346 -2178 -2102 48 1050 25 113 -3141 4729 -1684 -1892 -786 286
-7802 -951 -432 508 -864 -2373 1520 -5560 -984 482 1421 4373 -3027 2647 4567 -2983 -3622 1611 -1732 2089 -1302 319 1633 -580 -1975 -343 -755 608 -1840 -2895 -480 7045 -781 -915 852 307 -1670 63 -1809 -2716 -2369 -2822 584 1545 2111 2738 -3031 -1995 -616 -903 -1592 -4382 -2093 -1343 646 2013 -130 -638 -817 3602 -861 -1923 -794 1677
-6747 -1788 1324 -2263 204 -3142 2793 -4160 1355 -796 3102 3369 -3940 3435 2811 -4499 -3016 1471 -2288 2446 -1274 679 334 -2094 86 -512 631 -1669 -1631 -2898 120 6608 445 -956 968 -416 -2180 -1083 -1755 -1667 -1151 -3342 1181 1547 1351 2245 -1707 -2753 -515 -190 -630 -3357 -1578 -1175 -647 1125 42 -311 -1265 4887 -266 -1884 130 903
-6747 -1788 1324 -2263 204 -3142 2793 -4160 1355 -796 3102 3369 -3940 3435 2811 -4499 -3016 1471 -2288 2446 -1274 679 334 -2094 86 -512 631 -1669 -1631 -2898 120 6608 445 -956 968 -416 -2180 -1083 -1755 -1667 -1151 -3342 1181 1547 1351 2245 -1707 -2753 -515 -190 -630 -3357 -1578 -1175 -647 1125 42 -311 -1265 4887 -266 -1884 130 903
-6747 -1788 1324 -2263 204 -3142 2793 -4160 1355 -796 3102 3369 -3940 3435 2811 -4499 -3016 1471 -2288 2446 -1274 679 334 -2094 86 -512 631 -1669 -1631 -2898 120 6608 445 -956 968 -416 -2180 -1083 -1755 -1667 -1151 -3342 1181 1547 1351 2245 -1707 -2753 -515 -190 -630 -3357 -1578 -1175 -647 1125 42 -311 -1265 4887 -266 -1884 130 903
-6747 -1788 1324 -2263 204 -3142 2793 -4160 1355 -796 3102 3369 -3940 3435 2811 -4499 -3016 1471 -2288 2446 -1274 679 334 -2094 86 -512 631 -1669 -1631 -2898 120 6608 445 -956 968 -416 -2180 -1083 -1755 -1667 -1151 -3342 1181 1547 1351 2245 -1707 -2753 -515 -190 -630 -3357 -1578 -1175 -647 1125 42 -311 -1265 4887 -266 -1884 130 903
-6747 -1788 1324 -2263 204 -3142 2793 -4160 1355 -796 3102 3369 -3940 3435 2811 -4499 -3016 1471 -2288 2446 -1274 679 334 -2094 86 -512 631 -1669 -1631 -2898 120 6608 445 -956 968 -416 -2180 -1083 -1755 -1667 -1151 -3342 1181 1547 1351 2245 -1707 -2753 -515 -190 -630 -3357 -1578 -1175 -647 1125 42 -311 -1265 4887 -266 -1884 130 903
-3349 -2685 -155 -2904 641 -2207 4205 -4722 1531 -1333 2718 -494 -4022 5276 -69 -5714 -2920 11 -2612 712 -1922 1631 -1350 -3404 3335 -1413 1829 -1902 -1719 -266 584 4217 1248 392 476 284 -2182 -993 -2569 -4074 1051 -1888 1090 3173 1088 937 -1647 -2862 -1096 -2405 270 -339 -1248 2467 -3206 -320 -493 -608 -1537 3082 130 -1238 86 -784
2778 -2121 446 -3311 1927 -2131 3222 -778 2625 -2815 1424 -4147 -970 1413 -3479 -2950 -1074 1688 307 -866 -1852 2210 -4473 -1782 5631 -1079 773 -1390 -693 2390 271 1180 1369 579 -89 832 995 1742 -1922 -2137 1444 -1337 1104 3549 -1024 737 489 -1571 1126 -1806 810 2332 433 3327 -2281 -2151 -581 1536 9 943 43 1769 1151 -1848
4835 -1697 2470 -4069 1916 -850 2748 2632 4223 -3306 2382 -3228 -1021 1955 -3959 -1081 -322 506 1153 -483 -1402 1363 -4143 -1778 5796 -980 1057 -2049 -220 1442 1254 904 163 -1232 -490 1597 101 843 938 -407 684 -2273 1379 1540 843 -225 867 -851 1241 -2186 1482 2913 -95 2660 -2761 -3004 -1211 1377 882 192 584 2322 1893 -1169
3787 -4014 344 -1099 1536 -650 2067 916 2411 50 2480 -4408 1025 3768 -3947 579 1073 727 -595 28 -833 -1045 -3345 -55 7440 -1043 663 -3425 1278 2045 662 -2380 2378 504 -1643 3395 -372 -42 -606 218 2844 255 4581 2604 730 -264 579 -1272 448 -1143 3111 2948 -807 2205 -1984 -2430 -584 1754 -2606 4 -1934 2798 44 -1289
-2322 -1986 4281 -1321 1493 -3368 1802 562 488 -1810 471 2699 -1397 -422 2171 -1284 -2789 2594 3734 1252 417 1904 -1122 1899 -864 910 -1215 482 -1322 -1973 478 6208 -2195 -2786 2233 -792 1038 815 -2066 2125 -1630 -4204 139 -2929 630 3056 352 -2696 884 506 -2910 -1512 -2539 25 155 510 -2319 1396 -1265 4563 132 1754 496 1319
-6747 -1788 1324 -2263 204 -3142 2793 -4160 1355 -796 3102 3369 -3940 3435 2811 -4499 -3016 1471 -2288 2446 -1274 679 334 -2094 86 -512 631 -1669 -1631 -2898 120 6608 445 -956 968 -416 -2180 -1083 -1755 -1667 -1151 -3342 1181 1547 1351 2245 -1707 -2753 -515 -190 -630 -3357 -1578 -1175 -647 1125 42 -311 -1265 4887 -266 -1884 130 903
-6747 -1788 1324 -2263 204 -3142 2793 -4160 1355 -796 3102 3369 -3940 3435 2811 -4499 -3016 1471 -2288 2446 -1274 679 334 -2094 86 -512 631 -1669 -1631 -2898 120 6608 445 -956 968 -416 -2180 -1083 -1755 -1667 -1151 -3342 1181 1547 1351 2245 -1707 -2753 -515 -190 -630 -3357 -1578 -1175 -647 1125 42 -311 -1265 4887 -266 -1884 130 903
-6747 -1788 1324 -2263 204 -3142 2793 -4160 1355 -796 3102 3369 -3940 3435 2811 -4499 -3016 1471 -2288 2446 -1274 679 334 -2094 86 -512 631 -1669 -1631 -2898 120 6608 445 -956 968 -416 -2180 -1083 -1755 -1667 -1151 -3342 1181 1547 1351 2245 -1707 -2753 -515 -190 -630 -3357 -1578 -1175 -647 1125 42 -311 -1265 4887 -266 -1884 130 903
-6747 -1788 1324 -2263 204 -3142 2793 -4160 1355 -796 3102 3369 -3940 3435 2811 -4499 -3016 1471 -2288 2446 -1274 679 334 -2094 86 -512 631 -1669 -1631 -2898 120 6608 445 -956 968 -416 -2180 -1083 -1755 -1667 -1151 -3342 1181 1547 1351 2245 -1707 -2753 -515 -190 -630 -3357 -1578 -1175 -647 1125 42 -311 -1265 4887 -266 -1884 130 903
-6747 -1788 1324 -2263 204 -3142 2793 -4160 1355 -796 3102 3369 -3940 3435 2811 -4499 -3016 1471 -2288 2446 -1274 679 334 -2094 86 -512 631 -1669 -1631 -2898 120 6608 445 -956 968 -416 -2180 -1083 -1755 -1667 -1151 -3342 1181 1547 1351 2245 -1707 -2753 -515 -190 -630 -3357 -1578 -1175 -647 1125 42 -311 -1265 4887 -266 -1884 130 903
297 4365 -2529 -1312 -927 2179 -4371 62 3227 -2593 -2336 -1703 -2902 -2379 -176 1374 3636 -3417 -938 -517 -656 -1013 -1943 -2680 -4031 131 3535 2664 577 -831 1177 -2068 -1110 -1770 902 -3588 -2284 1634 3022 -3217 -253 -1617 -2185 651 1344 356 -2167 2488 -1996 -2928 94 1736 741 -2308 -1896 -567 1127 -2785 6322 -1789 2077 -3529 1325 1116
-6597 -2074 2106 -2825 10 -3562 3219 -3890 1474 -865 3454 3079 -3683 3538 2609 -5017 -3362 1896 -2043 2265 -919 506 36 -2016 526 -233 434 -2248 -2039 -2965 310 7212 640 -1309 1478 59 -1809 -723 -1962 -1650 -1526 -3471 1356 1276 1580 2718 -1309 -2952 -36 127 -546 -3301 -1645 -799 -842 1111 -659 188 -1751 4767 -286 -1641 576 623
-6747 -1788 1324 -2263 204 -3142 2793 -4160 1355 -796 3102 3369 -3940 3435 2811 -4499 -3016 1471 -2288 2446 -1274 679 334 -2094 86 -512 631 -1669 -1631 -2898 120 6608 445 -956 968 -416 -2180 -1083 -1755 -1667 -1151 -3342 1181 1547 1351 2245 -1707 -2753 -515 -190 -630 -3357 -1578 -1175 -647 1125 42 -311 -1265 4887 -266 -1884 130 903
-6747 -1788 1324 -2263 204 -3142 2793 -4160 1355 -796 3102 3369 -3940 3435 2811 -4499 -3016 1471 -2288 2446 -1274 679 334 -2094 86 -512 631 -1669 -1631 -2898 120 6608 445 -956 968 -416 -2180 -1083 -1755 -1667 -1151 -3342 1181 1547 1351 2245 -1707 -2753 -515 -190 -630 -3357 -1578 -1175 -647 1125 42 -311 -1265 4887 -266 -1884 130 903
-6747 -1788 1324 -2263 204 -3142 2793 -4160 1355 -796 3102 3369 -3940 3435 2811 -4499 -3016 1471 -2288 2446 -1274 679 334 -2094 86 -512 631 -1669 -1631 -2898 120 6608 445 -956 968 -416 -2180 -1083 -1755 -1667 -1151 -3342 1181 1547 1351 2245 -1707 -2753 -515 -190 -630 -3357 -1578 -1175 -647 1125 42 -311 -1265 4887 -266 -1884 130 903
-6747 -1788 1324 -2263 204 -3142 2793 -4160 1355 -796 3102 3369 -3940 3435 2811 -4499 -3016 1471 -2288 2446 -1274 679 334 -2094 86 -512 631 -1669 -1631 -2898 120 6608 445 -956 968 -416 -2180 -1083 -1755 -1667 -1151 -3342 1181 1547 1351 2245 -1707 -2753 -515 -190 -630 -3357 -1578 -1175 -647 1125 42 -311 -1265 4887 -266 -1884 130 903
-7007 -2895 -1790 1975 -1246 -2292 118 -4930 -183 3852 4488 2496 -1975 6060 2492 -4185 -346 388 -4567 1986 -1596 -2432 1105 -1538 1505 -660 -231 -4553 -652 -2911 -1281 3783 2358 38 -236 946 -2073 -2697 -1542 -140 24 -1039 4500 1697 1830 1754 -2308 -2166 -825 427 2706 -4233 -2818 -1610 79 2635 1410 113 -4285 2603 -3081 -410 -299 -686
-250 -2074 3720 -411 2321 -3310 1979 1278 1626 -2515 164 940 139 -2350 240 -742 -2126 2603 5246 121 368 3338 -3171 2292 1185 578 -1671 655 -527 -141 -151 4287 -1556 -2082 630 -1450 2953 2082 -2173 2039 -1695 -3956 419 -2257 -658 2029 796 -3017 992 -97 -3154 -49 -807 1414 568 -658 -1496 2389 267 4229 439 2290 389 1769
-6747 -1788 1324 -2263 204 -3142 2793 -4160 1355 -796 3102 3369 -3940 3435 2811 -4499 -3016 1471 -2288 2446 -1274 679 334 -2094 86 -512 631 -1669 -1631 -2898 120 6608 445 -956 968 -416 -2180 -1083 -1755 -1667 -1151 -3342 1181 1547 1351 2245 -1707 -2753 -515 -190 -630 -3357 -1578 -1175 -647 1125 42 -311 -1265 4887 -266 -1884 130 903
-6747 -1788 1324 -2263 204 -3142 2793 -4160 1355 -796 3102 3369 -3940 3435 2811 -4499 -3016 1471 -2288 2446 -1274 679 334 -2094 86 -512 631 -1669 -1631 -2898 120 6608 445 -956 968 -416 -2180 -1083 -1755 -1667 -1151 -3342 1181 1547 1351 2245 -1707 -2753 -515 -190 -630 -3357 -1578 -1175 -647 1125 42 -311 -1265 4887 -266 -1884 130 903
-6747 -1788 1324 -2263 204 -3142 2793 -4160 1355 -796 3102 3369 -3940 3435 2811 -4499 -3016 1471 -2288 2446 -1274 679 334 -2094 86 -512 631 -1669 -1631 -2898 120 6608 445 -956 968 -416 -2180 -1083 -1755 -1667 -1151 -3342 1181 1547 1351 2245 -1707 -2753 -515 -190 -630 -3357 -1578 -1175 -647 1125 42 -311 -1265 4887 -266 -1884 130 903
-6747 -1788 1324 -2263 204 -3142 2793 -4160 1355 -796 3102 3369 -3940 3435 2811 -4499 -3016 1471 -2288 2446 -1274 679 334 -2094 86 -512 631 -1669 -1631 -2898 120 6608 445 -956 968 -416 -2180 -1083 -1755 -1667 -1151 -3342 1181 1547 1351 2245 -1707 -2753 -515 -190 -630 -3357 -1578 -1175 -647 1125 42 -311 -1265 4887 -266 -1884 130 903
-7518 -2629 562 -867 -247 -2911 2800 -5026 1163 127 3069 2924 -3472 4639 2726 -4099 -3038 1122 -3296 2706 -1465 105 577 -1490 1231 -596 614 -1652 -1456 -2678 -160 6413 1208 -948 458 618 -2808 -1486 -2028 -1923 -562 -2774 2268 2349 1144 2427 -1656 -3301 -847 -144 -558 -3540 -2120 -1336 -256 821 214 -160 -2512 5066 -1178 -1965 -827 980
2165 2881 -965 278 2504 1600 -1595 754 1330 -3958 -6183 -1225 774 -6741 -71 5735 1339 -1272 4504 -445 -11 2835 -2256 2329 -2813 41 1363 7308 2470 1638 692 -3598 -2656 -863 -1049 -4095 -267 3523 115 -1716 711 -619 -3085 249 -975 -345 -984 975 -2148 -3666 -4468 4338 1519 109 805 -2394 498 -1736 6251 832 3536 -1515 -2705 4171
-6814 -1832 1538 -2422 143 -3315 2936 -4147 1356 -846 3103 3290 -3806 3404 2775 -4697 -3125 1642 -2299 2371 -1182 613 289 -2053 195 -386 552 -1785 -1708 -2906 150 6819 538 -1076 1181 -345 -2096 -898 -1917 -1681 -1222 -3330 1215 1502 1317 2455 -1588 -2811 -371 -86 -659 -3349 -1630 -1088 -597 1142 -163 -185 -1455 4877 -243 -1847 226 782
-6747 -1788 1324 -2263 204 -3142 2793 -4160 1355 -796 3102 3369 -3940 3435 2811 -4499 -3016 1471 -2288 2446 -1274 679 334 -2094 86 -512 631 -1669 -1631 -2898 120 6608 445 -956 968 -416 -2180 -1083 -1755 -1667 -1151 -3342 1181 1547 1351 2245 -1707 -2753 -515 -190 -630 -3357 -1578 -1175 -647 1125 42 -311 -1265 4887 -266 -1884 130 903
-6747 -1788 1324 -2263 204 -3142 2793 -4160 1355 -796 3102 3369 -3940 3435 2811 -4499 -3016 1471 -2288 2446 -1274 679 334 -2094 86 -512 631 -1669 -1631 -2898 120 6608 445 -956 968 -416 -2180 -1083 -1755 -1667 -1151 -3342 1181 1547 1351 2245 -1707 -2753 -515 -190 -630 -3357 -1578 -1175 -647 1125 42 -311 -1265 4887 -266 -1884 130 903
-6747 -1788 1324 -2263 204 -3142 2793 -4160 1355 -796 3102 3369 -3940 3435 2811 -4499 -3016 1471 -2288 2446 -1274 679 334 -2094 86 -512 631 -1669 -1631 -2898 120 6608 445 -956 968 -416 -2180 -1083 -1755 -1667 -1151 -3342 1181 1547 1351 2245 -1707 -2753 -515 -190 -630 -3357 -1578 -1175 -647 1125 42 -311 -1265 4887 -266 -1884 130 903
-6747 -1788 1324 -2263 204 -3142 2793 -4160 1355 -796 3102 3369 -3940 3435 2811 -4499 -3016 1471 -2288 2446 -1274 679 334 -2094 86 -512 631 -1669 -1631 -2898 120 6608 445 -956 968 -416 -2180 -1083 -1755 -1667 -1151 -3342 1181 1547 1351 2245 -1707 -2753 -515 -190 -630 -3357 -1578 -1175 -647 1125 42 -311 -1265 4887 -266 -1884 130 903
-1704 -2575 792 -3473 1537 -1348 3129 -2604 921 638 4998 1530 -2348 7029 45 -5200 -601 1203 -2721 -410 -3327 1202 -1274 -2760 3882 -448 820 -4106 -801 -238 1445 1820 743 2465 -145 964 -2202 -3161 -2506 -876 1520 -507 2968 2243 1789 510 -2394 547 -266 -1224 5440 40 -1990 1984 -3004 1664 1893 -1365 -1489 1052 -562 695 754 -1231
490 -1786 4571 -2527 1716 -3563 2815 1905 3803 -2436 1801 -214 243 -1660 -964 -778 -1781 2032 3989 481 1025 2090 -2634 978 2629 -146 -490 -1055 186 -405 533 3909 -360 -3320 1041 -1738 2019 2217 -1118 1445 -1564 -3882 2156 -2285 -671 1631 1006 -3909 1164 207 -1873 114 13 1783 21 -1206 -2512 2202 -971 3818 1430 1092 659 466
-6747 -1788 1324 -2263 204 -3142 2793 -4160 1355 -796 3102 3369 -3940 3435 2811 -4499 -3016 1471 -2288 2446 -1274 679 334 -2094 86 -512 631 -1669 -1631 -2898 120 6608 445 -956 968 -416 -2180 -1083 -1755 -1667 -1151 -3342 1181 1547 1351 2245 -1707 -2753 -515 -190 -630 -3357 -1578 -1175 -647 1125 42 -311 -1265 4887 -266 -1884 130 903
-6747 -1788 1324 -2263 204 -3142 2793 -4160 1355 -796 3102 3369 -3940 3435 2811 -4499 -3016 1471 -2288 2446 -1274 679 334 -2094 86 -512 631 -1669 -1631 -2898 120 6608 445 -956 968 -416 -2180 -1083 -1755 -1667 -1151 -3342 1181 1547 1351 2245 -1707 -2753 -515 -190 -630 -3357 -1578 -1175 -647 1125 42 -311 -1265 4887 -266 -1884 130 903
-6747 -1788 1324 -2263 204 -3142 2793 -4160 1355 -796 3102 3369 -3940 3435 2811 -4499 -3016 1471 -2288 2446 -1274 679 334 -2094 86 -512 631 -1669 -1631 -2898 120 6608 445 -956 968 -416 -2180 -1083 -1755 -1667 -1151 -3342 1181 1547 1351 2245 -1707 -2753 -515 -190 -630 -3357 -1578 -1175 -647 1125 42 -311 -1265 4887 -266 -1884 130 903
