0 0 0 0 0 0 0 0 0 0 0 0 0 0 0 0 0 0 0 0 0 0 0 0 0 0 0 0 0 0 0 0 0 0 0 0 0 0 0 0 0 0 0 0 0 0 0 0 0 0 0 0 0 0 0 0 0 0 0 0 0 0 0 0
6395 -3535 1984 -640 8821 -122 -5290 -1012 5751 -211 -466 453 -6856 5410 2765 -374 -4630 3118 -6423 3293 -3966 -5457 1253 -6625 -3075 1528 -1041 -4882 -769 877 -1298 4524 6633 694 -1399 -2468 -2449 -357 -3426 -4413 3385 885 4786 2198 -3096 3566 -4977 -2934 -3568 3952 2291 -2188 -4197 -6013 2651 8789 -4890 9395 7035 4567 -279 -3108 878 -1448
6395 -3535 1984 -640 8821 -122 -5290 -1012 5751 -211 -466 453 -6856 5410 2765 -374 -4630 3118 -6423 3293 -3966 -5457 1253 -6625 -3075 1528 -1041 -4882 -769 877 -1298 4524 6633 694 -1399 -2468 -2449 -357 -3426 -4413 3385 885 4786 2198 -3096 3566 -4977 -2934 -3568 3952 2291 -2188 -4197 -6013 2651 8789 -4890 9395 7035 4567 -279 -3108 878 -1448
6395 -3535 1984 -640 8821 -122 -5290 -1012 5751 -211 -466 453 -6856 5410 2765 -374 -4630 3118 -6423 3293 -3966 -5457 1253 -6625 -3075 1528 -1041 -4882 -769 877 -1298 4524 6633 694 -1399 -2468 -2449 -357 -3426 -4413 3385 885 4786 2198 -3096 3566 -4977 -2934 -3568 3952 2291 -2188 -4197 -6013 2651 8789 -4890 9395 7035 4567 -279 -3108 878 -1448
6395 -3535 1984 -640 8821 -122 -5290 -1012 5751 -211 -466 453 -6856 5410 2765 -374 -4630 3118 -6423 3293 -3966 -5457 1253 -6625 -3075 1528 -1041 -4882 -769 877 -1298 4524 6633 694 -1399 -2468 -2449 -357 -3426 -4413 3385 885 4786 2198 -3096 3566 -4977 -2934 -3568 3952 2291 -2188 -4197 -6013 2651 8789 -4890 9395 7035 4567 -279 -3108 878 -1448
6395 -3535 1984 -640 8821 -122 -5290 -1012 5751 -211 -466 453 -6856 5410 2765 -374 -4630 3118 -6423 3293 -3966 -5457 1253 -6625 -3075 1528 -1041 -4882 -769 877 -1298 4524 6633 694 -1399 -2468 -2449 -357 -3426 -4413 3385 885 4786 2198 -3096 3566 -4977 -2934 -3568 3952 2291 -2188 -4197 -6013 2651 8789 -4890 9395 7035 4567 -279 -3108 878 -1448
6395 -3535 1984 -640 8821 -122 -5290 -1012 5751 -211 -466 453 -6856 5410 2765 -374 -4630 3118 -6423 3293 -3966 -5457 1253 -6625 -3075 1528 -1041 -4882 -769 877 -1298 4524 6633 694 -1399 -2468 -2449 -357 -3426 -4413 3385 885 4786 2198 -3096 3566 -4977 -2934 -3568 3952 2291 -2188 -4197 -6013 2651 8789 -4890 9395 7035 4567 -279 -3108 878 -1448
6395 -3535 1984 -640 8821 -122 -5290 -1012 5751 -211 -466 453 -6856 5410 2765 -374 -4630 3118 -6423 3293 -3966 -5457 1253 -6625 -3075 1528 -1041 -4882 -769 877 -1298 4524 6633 694 -1399 -2468 -2449 -357 -3426 -4413 3385 885 4786 2198 -3096 3566 -4977 -2934 -3568 3952 2291 -2188 -4197 -6013 2651 8789 -4890 9395 7035 4567 -279 -3108 878 -1448
6395 -3535 1984 -640 8821 -122 -5290 -1012 5751 -211 -466 453 -6856 5410 2765 -374 -4630 3118 -6423 3293 -3966 -5457 1253 -6625 -3075 1528 -1041 -4882 -769 877 -1298 4524 6633 694 -1399 -2468 -2449 -357 -3426 -4413 3385 885 4786 2198 -3096 3566 -4977 -2934 -3568 3952 2291 -2188 -4197 -6013 2651 8789 -4890 9395 7035 4567 -279 -3108 878 -1448
5338 -3056 3819 -580 7767 238 -3354 -759 5316 -1195 1380 -113 -7915 3779 -21 414 -4525 5185 -4982 5999 -3256 -5913 710 -7672 -4500 1820 -2787 -1625 2253 1073 -1681 2752 3288 -687 -276 -3392 -4789 -132 -3825 -4569 759 -244 4074 2985 -1548 3999 -4074 -4955 -4007 6210 454 -111 -3241 -6890 4792 9497 -2466 7731 5179 6805 1452 -3852 2517 -4597
7660 -5869 303 -315 6543 -586 -1231 -325 5002 -1131 -206 689 -7418 3521 -180 1583 -3970 3438 -9349 4155 -4046 -4483 4261 -8159 -1239 5505 -2281 -2849 -498 1137 -3621 3615 4480 -131 2675 58 -4174 -2454 -4849 -1893 1522 -228 4078 3946 -3251 1070 -2533 -3203 -540 3118 1496 -3042 -2447 -7112 6154 9461 -6926 7557 6265 3595 505 -1502 1006 -2355
6395 -3535 1984 -640 8821 -122 -5290 -1012 5751 -211 -466 453 -6856 5410 2765 -374 -4630 3118 -6423 3293 -3966 -5457 1253 -6625 -3075 1528 -1041 -4882 -769 877 -1298 4524 6633 694 -1399 -2468 -2449 -357 -3426 -4413 3385 885 4786 2198 -3096 3566 -4977 -2934 -3568 3952 2291 -2188 -4197 -6013 2651 8789 -4890 9395 7035 4567 -279 -3108 878 -1448
6395 -3535 1984 -640 8821 -122 -5290 -1012 5751 -211 -466 453 -6856 5410 2765 -374 -4630 3118 -6423 3293 -3966 -5457 1253 -6625 -3075 1528 -1041 -4882 -769 877 -1298 4524 6633 694 -1399 -2468 -2449 -357 -3426 -4413 3385 885 4786 2198 -3096 3566 -4977 -2934 -3568 3952 2291 -2188 -4197 -6013 2651 8789 -4890 9395 7035 4567 -279 -3108 878 -1448
6395 -3535 1984 -640 8821 -122 -5290 -1012 5751 -211 -466 453 -6856 5410 2765 -374 -4630 3118 -6423 3293 -3966 -5457 1253 -6625 -3075 1528 -1041 -4882 -769 877 -1298 4524 6633 694 -1399 -2468 -2449 -357 -3426 -4413 3385 885 4786 2198 -3096 3566 -4977 -2934 -3568 3952 2291 -2188 -4197 -6013 2651 8789 -4890 9395 7035 4567 -279 -3108 878 -1448
6395 -3535 1984 -640 8821 -122 -5290 -1012 5751 -211 -466 453 -6856 5410 2765 -374 -4630 3118 -6423 3293 -3966 -5457 1253 -6625 -3075 1528 -1041 -4882 -769 877 -1298 4524 6633 694 -1399 -2468 -2449 -357 -3426 -4413 3385 885 4786 2198 -3096 3566 -4977 -2934 -3568 3952 2291 -2188 -4197 -6013 2651 8789 -4890 9395 7035 4567 -279 -3108 878 -1448
6395 -3535 1984 -640 8821 -122 -5290 -1012 5751 -211 -466 453 -6856 5410 2765 -374 -4630 3118 -6423 3293 -3966 -5457 1253 -6625 -3075 1528 -1041 -4882 -769 877 -1298 4524 6633 694 -1399 -2468 -2449 -357 -3426 -4413 3385 885 4786 2198 -3096 3566 -4977 -2934 -3568 3952 2291 -2188 -4197 -6013 2651 8789 -4890 9395 7035 4567 -279 -3108 878 -1448
4848 7 -410 477 6406 -328 -7629 -5003 1708 397 -1431 1945 -9354 3925 5032 -2141 -3692 3874 -282 3628 941 -7409 -3512 -4818 -430 -3466 -3192 -3190 -873 2766 4642 1918 10595 -2594 -5356 -5679 -849 1909 -2014 -2648 1696 5566 128 3218 -1894 5239 -4713 -1345 -4557 3382 3213 3366 -4266 -1435 -1756 8987 -2251 7136 3148 482 -1699 -6235 4751 1118
-2182 5313 1479 -714 2998 3281 -4106 -9556 265 -851 -524 486 -1422 7535 6976 -1650 -1959 1164 5076 -2252 1491 -1044 -1604 -556 682 -10347 -6052 -2177 -3704 934 6007 -2455 7553 -2609 -5192 -1003 2617 1806 2814 -3992 1404 2935 -1262 -4146 965 7242 -1650 8026 -5789 -4275 1237 6604 -3833 2761 -6313 2524 1871 1516 -2470 -878 -3753 -4654 1796 7616
-3271 5154 1596 -3936 3007 5761 -4963 -6911 -1733 287 -654 2340 3103 4891 5943 -1704 -2271 -311 2671 -3865 3120 -901 -1616 382 705 -10800 -1819 -1618 -983 240 2251 482 7625 -705 -9651 -109 3191 843 5625 -5036 2810 5325 -350 -6602 397 4486 1776 7457 -5625 -6386 3060 4014 -4695 2805 -6249 -2289 655 3523 -2807 588 -3653 -2461 2 7859
-7399 4302 5182 -2763 846 4879 -3120 -5741 -302 -1014 1761 -287 2670 1181 2750 513 -4322 760 7907 -829 7693 52 -4762 -1630 1238 -12186 -3007 4169 1153 2173 4379 -1015 286 -4613 -7842 1268 1419 3424 4812 -3352 -2961 3015 -2779 -3065 3001 3740 3433 4627 -5038 -3994 -2847 5414 -2666 -443 -729 -1509 6747 -190 -8727 3637 -1946 -4004 251 6399
2390 -1760 7226 -6218 4968 1648 -2354 -4359 2137 -186 1632 1643 2242 4872 2251 -3035 -3025 -1860 -11299 -790 -5866 -2377 791 -1390 69 4830 1220 -9301 -2643 -1476 -3250 1021 3824 1729 40 2097 -142 -3230 -4398 -2872 7337 2016 5938 -5366 -1299 4541 -2446 3260 4109 -4098 -454 -441 -7671 -4038 2751 3767 -6208 9403 4681 3810 1873 4180 -3144 2700
6395 -3535 1984 -640 8821 -122 -5290 -1012 5751 -211 -466 453 -6856 5410 2765 -374 -4630 3118 -6423 3293 -3966 -5457 1253 -6625 -3075 1528 -1041 -4882 -769 877 -1298 4524 6633 694 -1399 -2468 -2449 -357 -3426 -4413 3385 885 4786 2198 -3096 3566 -4977 -2934 -3568 3952 2291 -2188 -4197 -6013 2651 8789 -4890 9395 7035 4567 -279 -3108 878 -1448
6395 -3535 1984 -640 8821 -122 -5290 -1012 5751 -211 -466 453 -6856 5410 2765 -374 -4630 3118 -6423 3293 -3966 -5457 1253 -6625 -3075 1528 -1041 -4882 -769 877 -1298 4524 6633 694 -1399 -2468 -2449 -357 -3426 -4413 3385 885 4786 2198 -3096 3566 -4977 -2934 -3568 3952 2291 -2188 -4197 -6013 2651 8789 -4890 9395 7035 4567 -279 -3108 878 -1448
6395 -3535 1984 -640 8821 -122 -5290 -1012 5751 -211 -466 453 -6856 5410 2765 -374 -4630 3118 -6423 3293 -3966 -5457 1253 -6625 -3075 1528 -1041 -4882 -769 877 -1298 4524 6633 694 -1399 -2468 -2449 -357 -3426 -4413 3385 885 4786 2198 -3096 3566 -4977 -2934 -3568 3952 2291 -2188 -4197 -6013 2651 8789 -4890 9395 7035 4567 -279 -3108 878 -1448
6395 -3535 1984 -640 8821 -122 -5290 -1012 5751 -211 -466 453 -6856 5410 2765 -374 -4630 3118 -6423 3293 -3966 -5457 1253 -6625 -3075 1528 -1041 -4882 -769 877 -1298 4524 6633 694 -1399 -2468 -2449 -357 -3426 -4413 3385 885 4786 2198 -3096 3566 -4977 -2934 -3568 3952 2291 -2188 -4197 -6013 2651 8789 -4890 9395 7035 4567 -279 -3108 878 -1448
6395 -3535 1984 -640 8821 -122 -5290 -1012 5751 -211 -466 453 -6856 5410 2765 -374 -4630 3118 -6423 3293 -3966 -5457 1253 -6625 -3075 1528 -1041 -4882 -769 877 -1298 4524 6633 694 -1399 -2468 -2449 -357 -3426 -4413 3385 885 4786 2198 -3096 3566 -4977 -2934 -3568 3952 2291 -2188 -4197 -6013 2651 8789 -4890 9395 7035 4567 -279 -3108 878 -1448
4625 1649 -9719 4462 -1698 -1715 -2383 5207 -1395 -1746 -3418 4613 -664 -3633 6786 2056 2084 4177 -1848 -5532 2369 -3778 6471 -2835 4592 243 -1027 6538 2597 1545 -3358 -628 9016 2126 -2225 -8912 -3851 -2787 -1310 2986 -1421 6451 -2140 453 -65 -2011 4097 1437 -3862 3970 5206 -5229 5717 2462 -6932 -3239 -3377 -4097 2589 -2469 -7428 -2505 4527 -1814
5327 -2954 3159 -1353 9040 545 -5052 -2435 5301 -853 -611 469 -5932 6404 3569 -509 -4959 3079 -6255 3201 -3266 -4668 658 -5814 -3683 541 -1314 -5645 -1315 -121 -314 4612 6594 1669 -1048 -1461 -1370 -1503 -4049 -4653 3200 1093 4440 1113 -2700 4138 -5520 -1738 -4065 3000 2609 -1775 -5837 -5516 2927 9129 -4711 9795 6674 4994 -723 -3149 -152 -255
6395 -3535 1984 -640 8821 -122 -5290 -1012 5751 -211 -466 453 -6856 5410 2765 -374 -4630 3118 -6423 3293 -3966 -5457 1253 -6625 -3075 1528 -1041 -4882 -769 877 -1298 4524 6633 694 -1399 -2468 -2449 -357 -3426 -4413 3385 885 4786 2198 -3096 3566 -4977 -2934 -3568 3952 2291 -2188 -4197 -6013 2651 8789 -4890 9395 7035 4567 -279 -3108 878 -1448
6395 -3535 1984 -640 8821 -122 -5290 -1012 5751 -211 -466 453 -6856 5410 2765 -374 -4630 3118 -6423 3293 -3966 -5457 1253 -6625 -3075 1528 -1041 -4882 -769 877 -1298 4524 6633 694 -1399 -2468 -2449 -357 -3426 -4413 3385 885 4786 2198 -3096 3566 -4977 -2934 -3568 3952 2291 -2188 -4197 -6013 2651 8789 -4890 9395 7035 4567 -279 -3108 878 -1448
6395 -3535 1984 -640 8821 -122 -5290 -1012 5751 -211 -466 453 -6856 5410 2765 -374 -4630 3118 -6423 3293 -3966 -5457 1253 -6625 -3075 1528 -1041 -4882 -769 877 -1298 4524 6633 694 -1399 -2468 -2449 -357 -3426 -4413 3385 885 4786 2198 -3096 3566 -4977 -2934 -3568 3952 2291 -2188 -4197 -6013 2651 8789 -4890 9395 7035 4567 -279 -3108 878 -1448
6395 -3535 1984 -640 8821 -122 -5290 -1012 5751 -211 -466 453 -6856 5410 2765 -374 -4630 3118 -6423 3293 -3966 -5457 1253 -6625 -3075 1528 -1041 -4882 -769 877 -1298 4524 6633 694 -1399 -2468 -2449 -357 -3426 -4413 3385 885 4786 2198 -3096 3566 -4977 -2934 -3568 3952 2291 -2188 -4197 -6013 2651 8789 -4890 9395 7035 4567 -279 -3108 878 -1448
1846 -2254 3038 2816 5221 -2824 -3202 2005 6962 -3177 -943 -2486 -7178 454 -1886 3071 -7078 6856 -805 7455 -489 -3214 -1434 -7427 -444 -974 -494 4304 4392 2438 845 4128 -2497 -1523 -1501 -1089 -3562 201 -3507 235 -6056 -525 2812 4544 -1995 -286 -1131 -7651 -7082 4252 -1071 -302 -1620 -7889 7810 9005 1519 4770 3484 7917 1056 -5008 954 -3788
1092 720 7394 -4793 5815 2899 -2649 -6003 1645 149 544 2023 4661 6870 1852 -838 -2154 -2347 -8245 -3742 -7724 -1256 2093 264 -350 2339 -1565 -8877 -3842 158 -3531 -2356 3933 38 -922 3610 2018 -2640 -669 -3906 8488 -141 6128 -8431 -739 5477 -2166 6357 3985 -7418 -2162 2156 -5881 -1785 105 992 -4039 5988 2333 2238 2548 4886 -3973 3344
6395 -3535 1984 -640 8821 -122 -5290 -1012 5751 -211 -466 453 -6856 5410 2765 -374 -4630 3118 -6423 3293 -3966 -5457 1253 -6625 -3075 1528 -1041 -4882 -769 877 -1298 4524 6633 694 -1399 -2468 -2449 -357 -3426 -4413 3385 885 4786 2198 -3096 3566 -4977 -2934 -3568 3952 2291 -2188 -4197 -6013 2651 8789 -4890 9395 7035 4567 -279 -3108 878 -1448
6395 -3535 1984 -640 8821 -122 -5290 -1012 5751 -211 -466 453 -6856 5410 2765 -374 -4630 3118 -6423 3293 -3966 -5457 1253 -6625 -3075 1528 -1041 -4882 -769 877 -1298 4524 6633 694 -1399 -2468 -2449 -357 -3426 -4413 3385 885 4786 2198 -3096 3566 -4977 -2934 -3568 3952 2291 -2188 -4197 -6013 2651 8789 -4890 9395 7035 4567 -279 -3108 878 -1448
6395 -3535 1984 -640 8821 -122 -5290 -1012 5751 -211 -466 453 -6856 5410 2765 -374 -4630 3118 -6423 3293 -3966 -5457 1253 -6625 -3075 1528 -1041 -4882 -769 877 -1298 4524 6633 694 -1399 -2468 -2449 -357 -3426 -4413 3385 885 4786 2198 -3096 3566 -4977 -2934 -3568 3952 2291 -2188 -4197 -6013 2651 8789 -4890 9395 7035 4567 -279 -3108 878 -1448
6395 -3535 1984 -640 8821 -122 -5290 -1012 5751 -211 -466 453 -6856 5410 2765 -374 -4630 3118 -6423 3293 -3966 -5457 1253 -6625 -3075 1528 -1041 -4882 -769 877 -1298 4524 6633 694 -1399 -2468 -2449 -357 -3426 -4413 3385 885 4786 2198 -3096 3566 -4977 -2934 -3568 3952 2291 -2188 -4197 -6013 2651 8789 -4890 9395 7035 4567 -279 -3108 878 -1448
5815 -3933 3320 -789 8255 780 -4567 -988 5961 -582 925 69 -8057 4139 1392 79 -5551 4070 -5087 4716 -2587 -5637 255 -7556 -4002 986 -2099 -2915 663 1631 -1080 3764 4787 -918 -1232 -2026 -3702 336 -3485 -4862 1859 429 3479 3300 -2446 4390 -4010 -3858 -3493 5173 407 -1135 -3755 -7628 4419 9716 -2819 8761 5438 5443 1013 -4245 1913 -2637
6427 304 -3991 -340 -2562 701 95 1387 -2697 2449 68 4792 4024 -122 3064 985 3751 -4267 -5116 -9349 -2672 -4647 7860 -2099 4689 5247 -3054 366 -2935 3273 -7515 -5986 8356 -3515 933 -3900 -3216 -292 1584 -1004 8088 1230 -498 -1206 1111 3312 4501 6007 6973 -1371 -2588 -3508 6813 570 -4727 -6792 -4542 -4722 -459 -5867 -688 2653 3582 1050
6204 -3224 2343 -744 8717 -10 -5149 -1443 5715 -427 -487 260 -6667 5887 3168 -468 -4825 3066 -6287 3281 -3845 -5214 1163 -6415 -3292 1223 -1281 -5014 -1014 463 -886 4425 6636 955 -984 -2197 -2111 -727 -3787 -4502 3311 820 4548 1939 -2999 3995 -5175 -2556 -3865 3791 2264 -2065 -4635 -5888 2776 9013 -4834 9343 7059 4693 -430 -3288 701 -1021
6395 -3535 1984 -640 8821 -122 -5290 -1012 5751 -211 -466 453 -6856 5410 2765 -374 -4630 3118 -6423 3293 -3966 -5457 1253 -6625 -3075 1528 -1041 -4882 -769 877 -1298 4524 6633 694 -1399 -2468 -2449 -357 -3426 -4413 3385 885 4786 2198 -3096 3566 -4977 -2934 -3568 3952 2291 -2188 -4197 -6013 2651 8789 -4890 9395 7035 4567 -279 -3108 878 -1448
6395 -3535 1984 -640 8821 -122 -5290 -1012 5751 -211 -466 453 -6856 5410 2765 -374 -4630 3118 -6423 3293 -3966 -5457 1253 -6625 -3075 1528 -1041 -4882 -769 877 -1298 4524 6633 694 -1399 -2468 -2449 -357 -3426 -4413 3385 885 4786 2198 -3096 3566 -4977 -2934 -3568 3952 2291 -2188 -4197 -6013 2651 8789 -4890 9395 7035 4567 -279 -3108 878 -1448
6395 -3535 1984 -640 8821 -122 -5290 -1012 5751 -211 -466 453 -6856 5410 2765 -374 -4630 3118 -6423 3293 -3966 -5457 1253 -6625 -3075 1528 -1041 -4882 -769 877 -1298 4524 6633 694 -1399 -2468 -2449 -357 -3426 -4413 3385 885 4786 2198 -3096 3566 -4977 -2934 -3568 3952 2291 -2188 -4197 -6013 2651 8789 -4890 9395 7035 4567 -279 -3108 878 -1448
6395 -3535 1984 -640 8821 -122 -5290 -1012 5751 -211 -466 453 -6856 5410 2765 -374 -4630 3118 -6423 3293 -3966 -5457 1253 -6625 -3075 1528 -1041 -4882 -769 877 -1298 4524 6633 694 -1399 -2468 -2449 -357 -3426 -4413 3385 885 4786 2198 -3096 3566 -4977 -2934 -3568 3952 2291 -2188 -4197 -6013 2651 8789 -4890 9395 7035 4567 -279 -3108 878 -1448
1056 421 -1298 2280 2845 -2377 -9268 -2412 5301 -1748 -2853 -1236 -8660 1100 5103 -2767 -6829 3240 1883 2126 3147 -3483 -3502 -4416 4917 -6819 2127 1514 213 3668 5596 7143 5800 -1959 -8065 -567 232 4557 -1492 328 -2241 6143 -916 3323 -4446 634 -497 -3086 -8001 381 3146 -193 -3531 -4704 -763 6076 1125 6791 3941 222 -1799 -6140 2679 7013
116 2896 8016 -3431 7622 3182 -4128 -5851 177 -641 414 782 4823 9776 3733 -227 -3113 -1925 -4834 -4258 -5080 -2639 1415 894 -2971 -1146 -3037 -7237 -2672 -1703 -1546 -1897 4619 1729 -2459 2707 2795 -3135 1987 -6449 8481 713 5946 -10047 1005 6248 -2835 5030 252 -5763 -990 1557 -5720 175 -651 -1157 -3458 5565 1732 3952 837 2618 -4517 3721
6395 -3535 1984 -640 8821 -122 -5290 -1012 5751 -211 -466 453 -6856 5410 2765 -374 -4630 3118 -6423 3293 -3966 -5457 1253 -6625 -3075 1528 -1041 -4882 -769 877 -1298 4524 6633 694 -1399 -2468 -2449 -357 -3426 -4413 3385 885 4786 2198 -3096 3566 -4977 -2934 -3568 3952 2291 -2188 -4197 -6013 2651 8789 -4890 9395 7035 4567 -279 -3108 878 -1448
6395 -3535 1984 -640 8821 -122 -5290 -1012 5751 -211 -466 453 -6856 5410 2765 -374 -4630 3118 -6423 3293 -3966 -5457 1253 -6625 -3075 1528 -1041 -4882 -769 877 -1298 4524 6633 694 -1399 -2468 -2449 -357 -3426 -4413 3385 885 4786 2198 -3096 3566 -4977 -2934 -3568 3952 2291 -2188 -4197 -6013 2651 8789 -4890 9395 7035 4567 -279 -3108 878 -1448
6395 -3535 1984 -640 8821 -122 -5290 -1012 5751 -211 -466 453 -6856 5410 2765 -374 -4630 3118 -6423 3293 -3966 -5457 1253 -6625 -3075 1528 -1041 -4882 -769 877 -1298 4524 6633 694 -1399 -2468 -2449 -357 -3426 -4413 3385 885 4786 2198 -3096 3566 -4977 -2934 -3568 3952 2291 -2188 -4197 -6013 2651 8789 -4890 9395 7035 4567 -279 -3108 878 -1448
