-2974 -7315 -82 1334 3051 -2325 4657 -5902 -676 -191 -1027 -4260 -802 -4141 -3263 -5141 -987 -1251 -4944 -12292 -4564 2346 -3901 2759 -6976 4162 3536 -1819 6047 2994 -2245 -947 5153 2409 -1640 8934 -2301 4490 8259 2113 1466 908 -2693 2809 2781 2939 -3109 3107 682 486 -582 669 -695 -943 -2338 -5317 5668 -3824 -285 9262 -290 184 672 8166
3469 -7591 1620 362 9284 -1579 -1428 -4630 4333 -276 -1055 -2354 -6214 1875 200 -3579 -4466 1793 -8557 -5255 -6334 -2952 -1607 -3659 -7144 3999 1342 -5243 3281 2593 -2498 3026 8801 2258 -2137 3774 -3603 2676 2502 -2223 3794 1295 2230 3564 -859 4825 -6096 -378 -2443 3570 1508 -1421 -3905 -5591 659 3899 -435 5393 5630 9689 -451 -2414 1212 3921
3469 -7591 1620 362 9284 -1579 -1428 -4630 4333 -276 -1055 -2354 -6214 1875 200 -3579 -4466 1793 -8557 -5255 -6334 -2952 -1607 -3659 -7144 3999 1342 -5243 3281 2593 -2498 3026 8801 2258 -2137 3774 -3603 2676 2502 -2223 3794 1295 2230 3564 -859 4825 -6096 -378 -2443 3570 1508 -1421 -3905 -5591 659 3899 -435 5393 5630 9689 -451 -2414 1212 3921
3469 -7591 1620 362 9284 -1579 -1428 -4630 4333 -276 -1055 -2354 -6214 1875 200 -3579 -4466 1793 -8557 -5255 -6334 -2952 -1607 -3659 -7144 3999 1342 -5243 3281 2593 -2498 3026 8801 2258 -2137 3774 -3603 2676 2502 -2223 3794 1295 2230 3564 -859 4825 -6096 -378 -2443 3570 1508 -1421 -3905 -5591 659 3899 -435 5393 5630 9689 -451 -2414 1212 3921
3469 -7591 1620 362 9284 -1579 -1428 -4630 4333 -276 -1055 -2354 -6214 1875 200 -3579 -4466 1793 -8557 -5255 -6334 -2952 -1607 -3659 -7144 3999 1342 -5243 3281 2593 -2498 3026 8801 2258 -2137 3774 -3603 2676 2502 -2223 3794 1295 2230 3564 -859 4825 -6096 -378 -2443 3570 1508 -1421 -3905 -5591 659 3899 -435 5393 5630 9689 -451 -2414 1212 3921
3469 -7591 1620 362 9284 -1579 -1428 -4630 4333 -276 -1055 -2354 -6214 1875 200 -3579 -4466 1793 -8557 -5255 -6334 -2952 -1607 -3659 -7144 3999 1342 -5243 3281 2593 -2498 3026 8801 2258 -2137 3774 -3603 2676 2502 -2223 3794 1295 2230 3564 -859 4825 -6096 -378 -2443 3570 1508 -1421 -3905 -5591 659 3899 -435 5393 5630 9689 -451 -2414 1212 3921
3469 -7591 1620 362 9284 -1579 -1428 -4630 4333 -276 -1055 -2354 -6214 1875 200 -3579 -4466 1793 -8557 -5255 -6334 -2952 -1607 -3659 -7144 3999 1342 -5243 3281 2593 -2498 3026 8801 2258 -2137 3774 -3603 2676 2502 -2223 3794 1295 2230 3564 -859 4825 -6096 -378 -2443 3570 1508 -1421 -3905 -5591 659 3899 -435 5393 5630 9689 -451 -2414 1212 3921
3469 -7591 1620 362 9284 -1579 -1428 -4630 4333 -276 -1055 -2354 -6214 1875 200 -3579 -4466 1793 -8557 -5255 -6334 -2952 -1607 -3659 -7144 3999 1342 -5243 3281 2593 -2498 3026 8801 2258 -2137 3774 -3603 2676 2502 -2223 3794 1295 2230 3564 -859 4825 -6096 -378 -2443 3570 1508 -1421 -3905 -5591 659 3899 -435 5393 5630 9689 -451 -2414 1212 3921
3469 -7591 1620 362 9284 -1579 -1428 -4630 4333 -276 -1055 -2354 -6214 1875 200 -3579 -4466 1793 -8557 -5255 -6334 -2952 -1607 -3659 -7144 3999 1342 -5243 3281 2593 -2498 3026 8801 2258 -2137 3774 -3603 2676 2502 -2223 3794 1295 2230 3564 -859 4825 -6096 -378 -2443 3570 1508 -1421 -3905 -5591 659 3899 -435 5393 5630 9689 -451 -2414 1212 3921
2614 -7264 3191 415 8445 -1175 147 -4281 4023 -1122 431 -2813 -7095 567 -2111 -2860 -4481 3561 -7568 -3210 -5902 -3346 -2157 -4493 -8570 4327 -87 -2598 5962 2785 -2906 1497 6104 1080 -1265 3098 -5605 2901 2239 -2364 1631 364 1620 4268 449 5255 -5447 -2097 -2948 5466 -17 455 -3186 -6463 2438 4522 1602 3964 4142 11887 1070 -3192 2605 1497
4495 -9503 316 734 7325 -1761 2006 -3889 3596 -1084 -1031 -2182 -6534 377 -2282 -1807 -4020 2038 -11321 -5213 -6627 -1968 633 -4593 -6077 7501 473 -3670 3874 2914 -4603 2077 7108 1628 1180 6022 -5102 1008 1498 -119 2252 371 1549 5035 -929 2805 -4174 -517 -69 2949 813 -1946 -2505 -6596 3514 4241 -1950 3661 4960 9191 218 -1160 1364 3505
3469 -7591 1620 362 9284 -1579 -1428 -4630 4333 -276 -1055 -2354 -6214 1875 200 -3579 -4466 1793 -8557 -5255 -6334 -2952 -1607 -3659 -7144 3999 1342 -5243 3281 2593 -2498 3026 8801 2258 -2137 3774 -3603 2676 2502 -2223 3794 1295 2230 3564 -859 4825 -6096 -378 -2443 3570 1508 -1421 -3905 -5591 659 3899 -435 5393 5630 9689 -451 -2414 1212 3921
3469 -7591 1620 362 9284 -1579 -1428 -4630 4333 -276 -1055 -2354 -6214 1875 200 -3579 -4466 1793 -8557 -5255 -6334 -2952 -1607 -3659 -7144 3999 1342 -5243 3281 2593 -2498 3026 8801 2258 -2137 3774 -3603 2676 2502 -2223 3794 1295 2230 3564 -859 4825 -6096 -378 -2443 3570 1508 -1421 -3905 -5591 659 3899 -435 5393 5630 9689 -451 -2414 1212 3921
3469 -7591 1620 362 9284 -1579 -1428 -4630 4333 -276 -1055 -2354 -6214 1875 200 -3579 -4466 1793 -8557 -5255 -6334 -2952 -1607 -3659 -7144 3999 1342 -5243 3281 2593 -2498 3026 8801 2258 -2137 3774 -3603 2676 2502 -2223 3794 1295 2230 3564 -859 4825 -6096 -378 -2443 3570 1508 -1421 -3905 -5591 659 3899 -435 5393 5630 9689 -451 -2414 1212 3921
3469 -7591 1620 362 9284 -1579 -1428 -4630 4333 -276 -1055 -2354 -6214 1875 200 -3579 -4466 1793 -8557 -5255 -6334 -2952 -1607 -3659 -7144 3999 1342 -5243 3281 2593 -2498 3026 8801 2258 -2137 3774 -3603 2676 2502 -2223 3794 1295 2230 3564 -859 4825 -6096 -378 -2443 3570 1508 -1421 -3905 -5591 659 3899 -435 5393 5630 9689 -451 -2414 1212 3921
3469 -7591 1620 362 9284 -1579 -1428 -4630 4333 -276 -1055 -2354 -6214 1875 200 -3579 -4466 1793 -8557 -5255 -6334 -2952 -1607 -3659 -7144 3999 1342 -5243 3281 2593 -2498 3026 8801 2258 -2137 3774 -3603 2676 2502 -2223 3794 1295 2230 3564 -859 4825 -6096 -378 -2443 3570 1508 -1421 -3905 -5591 659 3899 -435 5393 5630 9689 -451 -2414 1212 3921
1764 -5302 -437 1392 7275 -2286 -2683 -8617 781 225 -1586 -1616 -8111 -57 1606 -5630 -3437 2114 -3617 -6035 -2775 -4039 -5798 -1839 -5338 274 -86 -3685 3650 4192 2274 752 12032 32 -5232 2001 -2582 4864 4416 -506 2448 4956 -1829 4459 339 6198 -5908 1378 -2897 2811 2154 3105 -3778 -1703 -3227 3231 2468 2801 2273 7393 -1468 -4764 4206 7005
-3638 -1050 933 313 4367 544 117 -11423 -181 -700 -788 -2533 -1742 2632 3005 -4956 -1852 -3 883 -9463 -1972 803 -3790 1190 -3784 -5033 -2306 -2604 1020 2512 3279 -2360 8961 -214 -4838 5095 373 4313 7517 -1589 2025 2746 -2631 -1210 2498 7290 -3205 8087 -3378 -3121 560 5043 -3151 1683 -6402 -1573 5193 -1336 -2101 5433 -2990 -3078 1707 10873
-4343 -1094 967 -2078 4279 2403 -592 -9199 -1567 215 -788 -1075 1631 670 2253 -4882 -2085 -1015 -882 -10351 -649 884 -3652 1928 -3652 -5359 813 -2135 2971 1950 469 -171 8825 1017 -8066 5508 918 3453 9326 -2430 2937 4475 -1855 -2928 2085 5145 -570 7422 -3327 -4432 1878 3095 -3754 1655 -6109 -4971 4085 317 -2296 6043 -2944 -1409 438 10602
-7374 -2002 3456 -1209 2730 1670 892 -8251 -440 -702 968 -3044 1305 -2193 -163 -3384 -3615 -221 2608 -8425 2527 1645 -5968 669 -3530 -6046 80 1942 4734 3424 1837 -1346 3497 -1772 -6666 6682 -389 5359 8832 -1096 -1261 2742 -3636 -217 4011 4574 546 5292 -2915 -2663 -2382 4205 -2262 -770 -2081 -4423 8502 -2517 -6462 8519 -1569 -2598 625 9720
-308 -6299 5150 -3763 5762 -348 1421 -7080 1320 -172 656 -1602 1125 720 -494 -5768 -2748 -2173 -11349 -8402 -7300 -197 -1950 698 -4341 6209 3140 -7922 1883 779 -3705 155 6182 2753 -1047 7461 -1496 613 2209 -698 6319 2123 2638 -1977 955 5277 -3733 4357 3593 -2326 -855 255 -6130 -3644 648 -604 -1172 4710 3053 8002 938 3608 -1396 6288
3469 -7591 1620 362 9284 -1579 -1428 -4630 4333 -276 -1055 -2354 -6214 1875 200 -3579 -4466 1793 -8557 -5255 -6334 -2952 -1607 -3659 -7144 3999 1342 -5243 3281 2593 -2498 3026 8801 2258 -2137 3774 -3603 2676 2502 -2223 3794 1295 2230 3564 -859 4825 -6096 -378 -2443 3570 1508 -1421 -3905 -5591 659 3899 -435 5393 5630 9689 -451 -2414 1212 3921
3469 -7591 1620 362 9284 -1579 -1428 -4630 4333 -276 -1055 -2354 -6214 1875 200 -3579 -4466 1793 -8557 -5255 -6334 -2952 -1607 -3659 -7144 3999 1342 -5243 3281 2593 -2498 3026 8801 2258 -2137 3774 -3603 2676 2502 -2223 3794 1295 2230 3564 -859 4825 -6096 -378 -2443 3570 1508 -1421 -3905 -5591 659 3899 -435 5393 5630 9689 -451 -2414 1212 3921
3469 -7591 1620 362 9284 -1579 -1428 -4630 4333 -276 -1055 -2354 -6214 1875 200 -3579 -4466 1793 -8557 -5255 -6334 -2952 -1607 -3659 -7144 3999 1342 -5243 3281 2593 -2498 3026 8801 2258 -2137 3774 -3603 2676 2502 -2223 3794 1295 2230 3564 -859 4825 -6096 -378 -2443 3570 1508 -1421 -3905 -5591 659 3899 -435 5393 5630 9689 -451 -2414 1212 3921
3469 -7591 1620 362 9284 -1579 -1428 -4630 4333 -276 -1055 -2354 -6214 1875 200 -3579 -4466 1793 -8557 -5255 -6334 -2952 -1607 -3659 -7144 3999 1342 -5243 3281 2593 -2498 3026 8801 2258 -2137 3774 -3603 2676 2502 -2223 3794 1295 2230 3564 -859 4825 -6096 -378 -2443 3570 1508 -1421 -3905 -5591 659 3899 -435 5393 5630 9689 -451 -2414 1212 3921
3469 -7591 1620 362 9284 -1579 -1428 -4630 4333 -276 -1055 -2354 -6214 1875 200 -3579 -4466 1793 -8557 -5255 -6334 -2952 -1607 -3659 -7144 3999 1342 -5243 3281 2593 -2498 3026 8801 2258 -2137 3774 -3603 2676 2502 -2223 3794 1295 2230 3564 -859 4825 -6096 -378 -2443 3570 1508 -1421 -3905 -5591 659 3899 -435 5393 5630 9689 -451 -2414 1212 3921
1740 -3838 -6329 4737 799 -3024 1529 -1186 -2336 -1291 -3087 -318 -1194 -5409 1948 -2086 490 1798 -5596 -14229 -2207 -551 970 497 -2929 3757 2088 2790 6870 3537 -4338 -1455 10394 3597 -2805 1077 -4763 1755 5756 3726 249 5091 -3720 2460 2081 982 191 3614 -2317 3274 3091 -3105 3328 800 -6636 -6726 2520 -6100 1600 6150 -5345 -1714 3490 5852
2348 -7296 2477 -207 9391 -1176 -977 -5991 3887 -771 -1108 -2469 -5370 2386 709 -3909 -4623 1677 -8337 -5604 -5766 -2144 -2170 -2822 -7665 3240 1226 -5761 2964 1823 -1682 3011 8742 3067 -1855 4829 -2690 1848 2244 -2280 3602 1479 1811 2725 -389 5284 -6477 711 -2685 2707 1704 -1038 -5138 -5046 765 3893 -81 5469 5163 10080 -819 -2323 401 5008
3469 -7591 1620 362 9284 -1579 -1428 -4630 4333 -276 -1055 -2354 -6214 1875 200 -3579 -4466 1793 -8557 -5255 -6334 -2952 -1607 -3659 -7144 3999 1342 -5243 3281 2593 -2498 3026 8801 2258 -2137 3774 -3603 2676 2502 -2223 3794 1295 2230 3564 -859 4825 -6096 -378 -2443 3570 1508 -1421 -3905 -5591 659 3899 -435 5393 5630 9689 -451 -2414 1212 3921
3469 -7591 1620 362 9284 -1579 -1428 -4630 4333 -276 -1055 -2354 -6214 1875 200 -3579 -4466 1793 -8557 -5255 -6334 -2952 -1607 -3659 -7144 3999 1342 -5243 3281 2593 -2498 3026 8801 2258 -2137 3774 -3603 2676 2502 -2223 3794 1295 2230 3564 -859 4825 -6096 -378 -2443 3570 1508 -1421 -3905 -5591 659 3899 -435 5393 5630 9689 -451 -2414 1212 3921
3469 -7591 1620 362 9284 -1579 -1428 -4630 4333 -276 -1055 -2354 -6214 1875 200 -3579 -4466 1793 -8557 -5255 -6334 -2952 -1607 -3659 -7144 3999 1342 -5243 3281 2593 -2498 3026 8801 2258 -2137 3774 -3603 2676 2502 -2223 3794 1295 2230 3564 -859 4825 -6096 -378 -2443 3570 1508 -1421 -3905 -5591 659 3899 -435 5393 5630 9689 -451 -2414 1212 3921
3469 -7591 1620 362 9284 -1579 -1428 -4630 4333 -276 -1055 -2354 -6214 1875 200 -3579 -4466 1793 -8557 -5255 -6334 -2952 -1607 -3659 -7144 3999 1342 -5243 3281 2593 -2498 3026 8801 2258 -2137 3774 -3603 2676 2502 -2223 3794 1295 2230 3564 -859 4825 -6096 -378 -2443 3570 1508 -1421 -3905 -5591 659 3899 -435 5393 5630 9689 -451 -2414 1212 3921
-491 -7054 2446 3327 6422 -3856 506 -2164 5435 -2694 -1427 -5010 -6436 -2550 -3824 -946 -6681 4903 -4332 -2612 -3740 -901 -4194 -4050 -5550 2252 1965 2232 8070 4092 -928 2528 1430 536 -2342 5444 -4678 3384 2928 1749 -4068 133 460 5722 179 1748 -3087 -4184 -5482 3823 -1292 268 -1836 -7283 4880 3847 5239 1301 2740 13227 733 -4146 1268 2620
-1293 -4503 5102 -2598 6265 524 1290 -8130 930 74 -170 -1379 2784 2030 -839 -4127 -2026 -2495 -8788 -10289 -8371 613 -982 1796 -4502 4275 1068 -7375 981 1970 -3790 -2200 6159 1462 -1753 8411 75 1060 4919 -1410 6944 547 2652 -3994 1402 5833 -3472 6456 3512 -4611 -2075 2065 -4654 -1904 -1327 -2644 469 2103 1221 6654 1328 4101 -1858 6485
3469 -7591 1620 362 9284 -1579 -1428 -4630 4333 -276 -1055 -2354 -6214 1875 200 -3579 -4466 1793 -8557 -5255 -6334 -2952 -1607 -3659 -7144 3999 1342 -5243 3281 2593 -2498 3026 8801 2258 -2137 3774 -3603 2676 2502 -2223 3794 1295 2230 3564 -859 4825 -6096 -378 -2443 3570 1508 -1421 -3905 -5591 659 3899 -435 5393 5630 9689 -451 -2414 1212 3921
3469 -7591 1620 362 9284 -1579 -1428 -4630 4333 -276 -1055 -2354 -6214 1875 200 -3579 -4466 1793 -8557 -5255 -6334 -2952 -1607 -3659 -7144 3999 1342 -5243 3281 2593 -2498 3026 8801 2258 -2137 3774 -3603 2676 2502 -2223 3794 1295 2230 3564 -859 4825 -6096 -378 -2443 3570 1508 -1421 -3905 -5591 659 3899 -435 5393 5630 9689 -451 -2414 1212 3921
3469 -7591 1620 362 9284 -1579 -1428 -4630 4333 -276 -1055 -2354 -6214 1875 200 -3579 -4466 1793 -8557 -5255 -6334 -2952 -1607 -3659 -7144 3999 1342 -5243 3281 2593 -2498 3026 8801 2258 -2137 3774 -3603 2676 2502 -2223 3794 1295 2230 3564 -859 4825 -6096 -378 -2443 3570 1508 -1421 -3905 -5591 659 3899 -435 5393 5630 9689 -451 -2414 1212 3921
3469 -7591 1620 362 9284 -1579 -1428 -4630 4333 -276 -1055 -2354 -6214 1875 200 -3579 -4466 1793 -8557 -5255 -6334 -2952 -1607 -3659 -7144 3999 1342 -5243 3281 2593 -2498 3026 8801 2258 -2137 3774 -3603 2676 2502 -2223 3794 1295 2230 3564 -859 4825 -6096 -378 -2443 3570 1508 -1421 -3905 -5591 659 3899 -435 5393 5630 9689 -451 -2414 1212 3921
2881 -8012 2679 228 8783 -843 -748 -4609 4509 -566 110 -2697 -7135 721 -964 -3271 -5219 2567 -7514 -4296 -5254 -3010 -2511 -4277 -8023 3607 528 -3608 4592 3234 -2346 2314 7262 943 -2005 4228 -4634 3280 2548 -2547 2519 913 1101 4477 -287 5497 -5289 -1093 -2388 4514 -50 -456 -3521 -6903 2068 4572 1357 4738 4277 10565 668 -3388 2061 3121
2650 -4431 -2627 799 191 -772 3136 -2751 -2507 1507 -931 506 2340 -2570 -75 -2408 1874 -3814 -7093 -15098 -5052 -1577 2692 559 -1689 6570 280 -1057 2192 4327 -6850 -4945 9327 -845 -479 3195 -3837 2770 6572 657 6639 1472 -2176 1016 2637 4305 981 6276 5122 -345 -2240 -1939 4225 -381 -4754 -8368 692 -5902 -524 2079 -748 1981 2982 6237
3229 -7410 1889 281 9193 -1534 -1224 -5066 4283 -447 -1057 -2563 -6036 2173 484 -3739 -4600 1724 -8437 -5378 -6248 -2698 -1716 -3429 -7354 3773 1184 -5332 3133 2271 -2159 2917 8811 2492 -1796 4087 -3324 2412 2293 -2251 3729 1247 1989 3364 -734 5187 -6253 -20 -2636 3406 1469 -1309 -4240 -5448 719 3993 -312 5271 5602 9841 -577 -2529 1070 4337
3469 -7591 1620 362 9284 -1579 -1428 -4630 4333 -276 -1055 -2354 -6214 1875 200 -3579 -4466 1793 -8557 -5255 -6334 -2952 -1607 -3659 -7144 3999 1342 -5243 3281 2593 -2498 3026 8801 2258 -2137 3774 -3603 2676 2502 -2223 3794 1295 2230 3564 -859 4825 -6096 -378 -2443 3570 1508 -1421 -3905 -5591 659 3899 -435 5393 5630 9689 -451 -2414 1212 3921
3469 -7591 1620 362 9284 -1579 -1428 -4630 4333 -276 -1055 -2354 -6214 1875 200 -3579 -4466 1793 -8557 -5255 -6334 -2952 -1607 -3659 -7144 3999 1342 -5243 3281 2593 -2498 3026 8801 2258 -2137 3774 -3603 2676 2502 -2223 3794 1295 2230 3564 -859 4825 -6096 -378 -2443 3570 1508 -1421 -3905 -5591 659 3899 -435 5393 5630 9689 -451 -2414 1212 3921
3469 -7591 1620 362 9284 -1579 -1428 -4630 4333 -276 -1055 -2354 -6214 1875 200 -3579 -4466 1793 -8557 -5255 -6334 -2952 -1607 -3659 -7144 3999 1342 -5243 3281 2593 -2498 3026 8801 2258 -2137 3774 -3603 2676 2502 -2223 3794 1295 2230 3564 -859 4825 -6096 -378 -2443 3570 1508 -1421 -3905 -5591 659 3899 -435 5393 5630 9689 -451 -2414 1212 3921
3469 -7591 1620 362 9284 -1579 -1428 -4630 4333 -276 -1055 -2354 -6214 1875 200 -3579 -4466 1793 -8557 -5255 -6334 -2952 -1607 -3659 -7144 3999 1342 -5243 3281 2593 -2498 3026 8801 2258 -2137 3774 -3603 2676 2502 -2223 3794 1295 2230 3564 -859 4825 -6096 -378 -2443 3570 1508 -1421 -3905 -5591 659 3899 -435 5393 5630 9689 -451 -2414 1212 3921
-1204 -4921 -1155 2745 4427 -3801 -3880 -6372 3686 -1339 -2565 -4016 -7389 -2278 1648 -6034 -5819 1634 -1860 -6918 -833 -892 -5683 -1443 -1086 -2244 3936 -52 4382 4845 2949 4708 7927 587 -7130 5703 -1697 6732 4601 1710 -731 5230 -2471 4439 -1757 2413 -2430 -8 -5440 497 2108 77 -3084 -4094 -2267 1053 4968 2672 2918 6710 -1564 -4501 2461 11191
-2035 -3059 5525 -1686 7654 581 248 -8256 -70 -459 -132 -2304 2871 4021 499 -3874 -2658 -2221 -6286 -10591 -6562 -398 -1417 2170 -6267 1730 -5 -6176 1727 593 -2304 -1817 6711 2663 -2869 7829 676 705 6856 -3249 7011 1181 2572 -5182 2683 6453 -3961 5552 1017 -3639 -1212 1438 -4511 -393 -1954 -4191 954 1831 833 8017 138 2522 -2433 6910
3469 -7591 1620 362 9284 -1579 -1428 -4630 4333 -276 -1055 -2354 -6214 1875 200 -3579 -4466 1793 -8557 -5255 -6334 -2952 -1607 -3659 -7144 3999 1342 -5243 3281 2593 -2498 3026 8801 2258 -2137 3774 -3603 2676 2502 -2223 3794 1295 2230 3564 -859 4825 -6096 -378 -2443 3570 1508 -1421 -3905 -5591 659 3899 -435 5393 5630 9689 -451 -2414 1212 3921
3469 -7591 1620 362 9284 -1579 -1428 -4630 4333 -276 -1055 -2354 -6214 1875 200 -3579 -4466 1793 -8557 -5255 -6334 -2952 -1607 -3659 -7144 3999 1342 -5243 3281 2593 -2498 3026 8801 2258 -2137 3774 -3603 2676 2502 -2223 3794 1295 2230 3564 -859 4825 -6096 -378 -2443 3570 1508 -1421 -3905 -5591 659 3899 -435 5393 5630 9689 -451 -2414 1212 3921
3469 -7591 1620 362 9284 -1579 -1428 -4630 4333 -276 -1055 -2354 -6214 1875 200 -3579 -4466 1793 -8557 -5255 -6334 -2952 -1607 -3659 -7144 3999 1342 -5243 3281 2593 -2498 3026 8801 2258 -2137 3774 -3603 2676 2502 -2223 3794 1295 2230 3564 -859 4825 -6096 -378 -2443 3570 1508 -1421 -3905 -5591 659 3899 -435 5393 5630 9689 -451 -2414 1212 3921
