80 82 82 82 82 82 82 82 82 83 81 82 82 82 82 82 82 84 82 80 82 82 82 82 82 82 78 82 82 82 82 82 80 84 82 82 82 82 82 82 82 82 82 82 82 78 84 82 82 82
79 82 82 82 82 82 82 82 82 87 79 82 82 82 82 82 87 85 77 99 75 82 82 82 82 82 44 83 82 82 82 82 101 79 82 82 82 82 89 52 83 82 82 82 82 100 76 82 82 82
79 82 82 82 82 82 82 82 82 87 79 82 82 82 82 82 87 85 77 99 75 82 82 82 82 82 44 83 82 82 82 82 101 79 82 82 82 82 89 52 83 82 82 82 82 100 76 82 82 82
79 82 82 82 82 82 82 82 82 87 79 82 82 82 82 82 87 85 77 99 75 82 82 82 82 82 44 83 82 82 82 82 101 79 82 82 82 82 89 52 83 82 82 82 82 100 76 82 82 82
79 82 82 82 82 82 82 82 82 87 79 82 82 82 82 82 87 85 77 99 75 82 82 82 82 82 44 83 82 82 82 82 101 79 82 82 82 82 89 52 83 82 82 82 82 100 76 82 82 82
79 82 82 82 82 82 82 82 82 87 79 82 82 82 82 82 87 85 77 99 75 82 82 82 82 82 44 83 82 82 82 82 101 79 82 82 82 82 89 52 83 82 82 82 82 100 76 82 82 82
79 82 82 82 82 82 82 82 82 87 79 82 82 82 82 82 87 85 77 99 75 82 82 82 82 82 44 83 82 82 82 82 101 79 82 82 82 82 89 52 83 82 82 82 82 100 76 82 82 82
79 82 82 82 82 82 82 82 82 87 79 82 82 82 82 82 87 85 77 99 75 82 82 82 82 82 44 83 82 82 82 82 101 79 82 82 82 82 89 52 83 82 82 82 82 100 76 82 82 82
79 82 82 82 82 82 82 82 82 87 79 82 82 82 82 82 87 85 77 99 75 82 82 82 82 82 44 83 82 82 82 82 101 79 82 82 82 82 89 52 83 82 82 82 82 100 76 82 82 82
76 83 83 83 83 83 83 83 83 89 81 83 83 83 83 83 84 78 75 92 75 83 83 83 83 83 49 86 83 83 83 83 100 75 83 83 83 83 90 49 84 83 83 83 83 90 78 83 83 83
86 82 82 82 82 82 82 82 82 86 79 82 82 82 82 82 93 92 85 102 73 82 82 82 82 82 55 83 82 82 82 82 92 73 82 82 82 82 89 61 82 82 82 82 82 97 73 82 82 82
79 82 82 82 82 82 82 82 82 87 79 82 82 82 82 82 87 85 77 99 75 82 82 82 82 82 44 83 82 82 82 82 101 79 82 82 82 82 89 52 83 82 82 82 82 100 76 82 82 82
79 82 82 82 82 82 82 82 82 87 79 82 82 82 82 82 87 85 77 99 75 82 82 82 82 82 44 83 82 82 82 82 101 79 82 82 82 82 89 52 83 82 82 82 82 100 76 82 82 82
79 82 82 82 82 82 82 82 82 87 79 82 82 82 82 82 87 85 77 99 75 82 82 82 82 82 44 83 82 82 82 82 101 79 82 82 82 82 89 52 83 82 82 82 82 100 76 82 82 82
79 82 82 82 82 82 82 82 82 87 79 82 82 82 82 82 87 85 77 99 75 82 82 82 82 82 44 83 82 82 82 82 101 79 82 82 82 82 89 52 83 82 82 82 82 100 76 82 82 82
79 82 82 82 82 82 82 82 82 87 79 82 82 82 82 82 87 85 77 99 75 82 82 82 82 82 44 83 82 82 82 82 101 79 82 82 82 82 89 52 83 82 82 82 82 100 76 82 82 82
82 80 80 80 80 80 80 80 80 89 71 80 80 80 80 80 92 103 85 141 70 80 80 80 80 80 37 79 80 80 80 80 119 82 80 80 80 80 91 51 79 80 80 80 80 119 79 80 80 80
88 80 80 80 80 80 80 80 80 84 81 80 80 80 80 80 79 99 92 110 74 80 80 80 80 80 63 78 80 80 80 80 97 95 80 80 80 80 81 79 79 80 80 80 80 83 91 80 80 80
83 80 80 80 80 80 80 80 80 79 85 80 80 80 80 80 74 95 87 83 92 80 80 80 80 80 71 79 80 80 80 80 78 117 80 80 80 80 76 96 80 80 80 80 80 68 106 80 80 80
78 81 81 81 81 81 81 81 81 86 82 81 81 81 81 81 66 83 93 72 102 81 81 81 81 81 79 85 81 81 81 81 69 117 81 81 81 81 76 76 82 81 81 81 81 48 124 81 81 81
80 83 83 83 83 83 83 83 83 78 87 83 83 83 83 83 73 67 67 56 101 83 83 83 83 83 66 83 83 83 83 83 73 107 83 83 83 83 77 82 83 83 83 83 83 65 98 83 83 83
79 82 82 82 82 82 82 82 82 87 79 82 82 82 82 82 87 85 77 99 75 82 82 82 82 82 44 83 82 82 82 82 101 79 82 82 82 82 89 52 83 82 82 82 82 100 76 82 82 82
79 82 82 82 82 82 82 82 82 87 79 82 82 82 82 82 87 85 77 99 75 82 82 82 82 82 44 83 82 82 82 82 101 79 82 82 82 82 89 52 83 82 82 82 82 100 76 82 82 82
79 82 82 82 82 82 82 82 82 87 79 82 82 82 82 82 87 85 77 99 75 82 82 82 82 82 44 83 82 82 82 82 101 79 82 82 82 82 89 52 83 82 82 82 82 100 76 82 82 82
79 82 82 82 82 82 82 82 82 87 79 82 82 82 82 82 87 85 77 99 75 82 82 82 82 82 44 83 82 82 82 82 101 79 82 82 82 82 89 52 83 82 82 82 82 100 76 82 82 82
79 82 82 82 82 82 82 82 82 87 79 82 82 82 82 82 87 85 77 99 75 82 82 82 82 82 44 83 82 82 82 82 101 79 82 82 82 82 89 52 83 82 82 82 82 100 76 82 82 82
78 80 80 80 80 80 80 80 80 80 84 80 80 80 80 80 98 114 79 114 66 80 80 80 80 80 63 78 80 80 80 80 90 71 80 80 80 80 88 92 81 80 80 80 80 117 61 80 80 80
83 83 83 83 83 83 83 83 83 85 80 83 83 83 83 83 85 84 77 93 77 83 83 83 83 83 48 83 83 83 83 83 97 82 83 83 83 83 87 56 82 83 83 83 83 94 79 83 83 83
79 82 82 82 82 82 82 82 82 87 79 82 82 82 82 82 87 85 77 99 75 82 82 82 82 82 44 83 82 82 82 82 101 79 82 82 82 82 89 52 83 82 82 82 82 100 76 82 82 82
79 82 82 82 82 82 82 82 82 87 79 82 82 82 82 82 87 85 77 99 75 82 82 82 82 82 44 83 82 82 82 82 101 79 82 82 82 82 89 52 83 82 82 82 82 100 76 82 82 82
79 82 82 82 82 82 82 82 82 87 79 82 82 82 82 82 87 85 77 99 75 82 82 82 82 82 44 83 82 82 82 82 101 79 82 82 82 82 89 52 83 82 82 82 82 100 76 82 82 82
79 82 82 82 82 82 82 82 82 87 79 82 82 82 82 82 87 85 77 99 75 82 82 82 82 82 44 83 82 82 82 82 101 79 82 82 82 82 89 52 83 82 82 82 82 100 76 82 82 82
73 82 82 82 82 82 82 82 82 99 74 82 82 82 82 82 78 82 89 104 85 82 82 82 82 82 46 90 82 82 82 82 94 80 82 82 82 82 93 41 84 82 82 82 82 71 92 82 82 82
81 83 83 83 83 83 83 83 83 76 94 83 83 83 83 83 69 65 70 54 101 83 83 83 83 83 79 81 83 83 83 83 71 112 83 83 83 83 74 97 82 83 83 83 83 60 103 83 83 83
79 82 82 82 82 82 82 82 82 87 79 82 82 82 82 82 87 85 77 99 75 82 82 82 82 82 44 83 82 82 82 82 101 79 82 82 82 82 89 52 83 82 82 82 82 100 76 82 82 82
79 82 82 82 82 82 82 82 82 87 79 82 82 82 82 82 87 85 77 99 75 82 82 82 82 82 44 83 82 82 82 82 101 79 82 82 82 82 89 52 83 82 82 82 82 100 76 82 82 82
79 82 82 82 82 82 82 82 82 87 79 82 82 82 82 82 87 85 77 99 75 82 82 82 82 82 44 83 82 82 82 82 101 79 82 82 82 82 89 52 83 82 82 82 82 100 76 82 82 82
79 82 82 82 82 82 82 82 82 87 79 82 82 82 82 82 87 85 77 99 75 82 82 82 82 82 44 83 82 82 82 82 101 79 82 82 82 82 89 52 83 82 82 82 82 100 76 82 82 82
80 82 82 82 82 82 82 82 82 89 79 82 82 82 82 82 85 83 80 101 76 82 82 82 82 82 46 85 82 82 82 82 102 78 82 82 82 82 89 48 83 82 82 82 82 93 80 82 82 82
80 81 81 81 81 81 81 81 81 75 91 81 81 81 81 81 95 92 80 85 72 81 81 81 81 81 87 76 81 81 81 81 77 77 81 81 81 81 81 114 80 81 81 81 81 97 69 81 81 81
81 82 82 82 82 82 82 82 82 86 79 82 82 82 82 82 86 85 77 99 75 82 82 82 82 82 45 83 82 82 82 82 101 79 82 82 82 82 88 53 82 82 82 82 82 99 76 82 82 82
79 82 82 82 82 82 82 82 82 87 79 82 82 82 82 82 87 85 77 99 75 82 82 82 82 82 44 83 82 82 82 82 101 79 82 82 82 82 89 52 83 82 82 82 82 100 76 82 82 82
79 82 82 82 82 82 82 82 82 87 79 82 82 82 82 82 87 85 77 99 75 82 82 82 82 82 44 83 82 82 82 82 101 79 82 82 82 82 89 52 83 82 82 82 82 100 76 82 82 82
79 82 82 82 82 82 82 82 82 87 79 82 82 82 82 82 87 85 77 99 75 82 82 82 82 82 44 83 82 82 82 82 101 79 82 82 82 82 89 52 83 82 82 82 82 100 76 82 82 82
79 82 82 82 82 82 82 82 82 87 79 82 82 82 82 82 87 85 77 99 75 82 82 82 82 82 44 83 82 82 82 82 101 79 82 82 82 82 89 52 83 82 82 82 82 100 76 82 82 82
79 78 78 78 78 78 78 78 78 100 61 78 78 78 78 78 85 117 103 174 80 78 78 78 78 78 30 82 78 78 78 78 116 91 78 78 78 78 94 38 79 78 78 78 78 100 96 78 78 78
79 83 83 83 83 83 83 83 83 74 97 83 83 83 83 83 66 61 70 51 107 83 83 83 83 83 82 82 83 83 83 83 67 113 83 83 83 83 73 99 82 83 83 83 83 56 101 83 83 83
79 82 82 82 82 82 82 82 82 87 79 82 82 82 82 82 87 85 77 99 75 82 82 82 82 82 44 83 82 82 82 82 101 79 82 82 82 82 89 52 83 82 82 82 82 100 76 82 82 82
79 82 82 82 82 82 82 82 82 87 79 82 82 82 82 82 87 85 77 99 75 82 82 82 82 82 44 83 82 82 82 82 101 79 82 82 82 82 89 52 83 82 82 82 82 100 76 82 82 82
79 82 82 82 82 82 82 82 82 87 79 82 82 82 82 82 87 85 77 99 75 82 82 82 82 82 44 83 82 82 82 82 101 79 82 82 82 82 89 52 83 82 82 82 82 100 76 82 82 82
