77 83 83 83 83 83 83 83 83 86 84 83 83 83 83 83 79 75 73 77 81 83 83 83 83 83 71 84 83 83 83 83 87 79 83 83 83 83 85 69 83 83 83 83 83 80 78 83 83 83
74 84 84 84 84 84 84 84 84 69 74 84 84 84 84 84 79 74 83 73 64 84 84 84 84 84 102 84 84 84 84 84 75 68 84 84 84 84 77 76 83 84 84 84 84 97 75 84 84 84
74 84 84 84 84 84 84 84 84 69 74 84 84 84 84 84 79 74 83 73 64 84 84 84 84 84 102 84 84 84 84 84 75 68 84 84 84 84 77 76 83 84 84 84 84 97 75 84 84 84
74 84 84 84 84 84 84 84 84 69 74 84 84 84 84 84 79 74 83 73 64 84 84 84 84 84 102 84 84 84 84 84 75 68 84 84 84 84 77 76 83 84 84 84 84 97 75 84 84 84
74 84 84 84 84 84 84 84 84 69 74 84 84 84 84 84 79 74 83 73 64 84 84 84 84 84 102 84 84 84 84 84 75 68 84 84 84 84 77 76 83 84 84 84 84 97 75 84 84 84
74 84 84 84 84 84 84 84 84 69 74 84 84 84 84 84 79 74 83 73 64 84 84 84 84 84 102 84 84 84 84 84 75 68 84 84 84 84 77 76 83 84 84 84 84 97 75 84 84 84
74 84 84 84 84 84 84 84 84 69 74 84 84 84 84 84 79 74 83 73 64 84 84 84 84 84 102 84 84 84 84 84 75 68 84 84 84 84 77 76 83 84 84 84 84 97 75 84 84 84
74 84 84 84 84 84 84 84 84 69 74 84 84 84 84 84 79 74 83 73 64 84 84 84 84 84 102 84 84 84 84 84 75 68 84 84 84 84 77 76 83 84 84 84 84 97 75 84 84 84
74 84 84 84 84 84 84 84 84 69 74 84 84 84 84 84 79 74 83 73 64 84 84 84 84 84 102 84 84 84 84 84 75 68 84 84 84 84 77 76 83 84 84 84 84 97 75 84 84 84
68 86 86 86 86 86 86 86 86 78 79 86 86 86 86 86 72 65 67 60 66 86 86 86 86 86 79 87 86 86 86 86 80 67 86 86 86 86 81 58 86 86 86 86 86 80 72 86 86 86
68 86 86 86 86 86 86 86 86 78 81 86 86 86 86 86 66 64 68 58 74 86 86 86 86 86 82 85 86 86 86 86 69 81 86 86 86 86 81 81 85 86 86 86 86 62 82 86 86 86
74 84 84 84 84 84 84 84 84 69 74 84 84 84 84 84 79 74 83 73 64 84 84 84 84 84 102 84 84 84 84 84 75 68 84 84 84 84 77 76 83 84 84 84 84 97 75 84 84 84
74 84 84 84 84 84 84 84 84 69 74 84 84 84 84 84 79 74 83 73 64 84 84 84 84 84 102 84 84 84 84 84 75 68 84 84 84 84 77 76 83 84 84 84 84 97 75 84 84 84
74 84 84 84 84 84 84 84 84 69 74 84 84 84 84 84 79 74 83 73 64 84 84 84 84 84 102 84 84 84 84 84 75 68 84 84 84 84 77 76 83 84 84 84 84 97 75 84 84 84
74 84 84 84 84 84 84 84 84 69 74 84 84 84 84 84 79 74 83 73 64 84 84 84 84 84 102 84 84 84 84 84 75 68 84 84 84 84 77 76 83 84 84 84 84 97 75 84 84 84
74 84 84 84 84 84 84 84 84 69 74 84 84 84 84 84 79 74 83 73 64 84 84 84 84 84 102 84 84 84 84 84 75 68 84 84 84 84 77 76 83 84 84 84 84 97 75 84 84 84
68 85 85 85 85 85 85 85 85 71 65 85 85 85 85 85 83 72 81 75 59 85 85 85 85 85 75 89 85 85 85 85 93 52 85 85 85 85 77 33 85 85 85 85 85 136 64 85 85 85
78 79 79 79 79 79 79 79 79 63 70 79 79 79 79 79 116 88 99 96 52 79 79 79 79 79 117 78 79 79 79 79 97 47 79 79 79 79 74 55 78 79 79 79 79 216 51 79 79 79
82 79 79 79 79 79 79 79 79 61 71 79 79 79 79 79 112 88 107 96 64 79 79 79 79 79 132 77 79 79 79 79 79 61 79 79 79 79 73 90 77 79 79 79 79 168 64 79 79 79
81 81 81 81 81 81 81 81 81 73 79 81 81 81 81 81 98 80 89 88 67 81 81 81 81 81 103 79 81 81 81 81 96 61 81 81 81 81 80 66 80 81 81 81 81 142 60 81 81 81
79 77 77 77 77 77 77 77 77 64 86 77 77 77 77 77 81 73 78 69 62 77 77 77 77 77 177 69 77 77 77 77 54 81 77 77 77 77 76 296 74 77 77 77 77 69 74 77 77 77
74 84 84 84 84 84 84 84 84 69 74 84 84 84 84 84 79 74 83 73 64 84 84 84 84 84 102 84 84 84 84 84 75 68 84 84 84 84 77 76 83 84 84 84 84 97 75 84 84 84
74 84 84 84 84 84 84 84 84 69 74 84 84 84 84 84 79 74 83 73 64 84 84 84 84 84 102 84 84 84 84 84 75 68 84 84 84 84 77 76 83 84 84 84 84 97 75 84 84 84
74 84 84 84 84 84 84 84 84 69 74 84 84 84 84 84 79 74 83 73 64 84 84 84 84 84 102 84 84 84 84 84 75 68 84 84 84 84 77 76 83 84 84 84 84 97 75 84 84 84
74 84 84 84 84 84 84 84 84 69 74 84 84 84 84 84 79 74 83 73 64 84 84 84 84 84 102 84 84 84 84 84 75 68 84 84 84 84 77 76 83 84 84 84 84 97 75 84 84 84
74 84 84 84 84 84 84 84 84 69 74 84 84 84 84 84 79 74 83 73 64 84 84 84 84 84 102 84 84 84 84 84 75 68 84 84 84 84 77 76 83 84 84 84 84 97 75 84 84 84
56 86 86 86 86 86 86 86 86 85 69 86 86 86 86 86 80 69 68 62 116 86 86 86 86 86 32 93 86 86 86 86 69 98 86 86 86 86 83 38 88 86 86 86 86 62 103 86 86 86
75 83 83 83 83 83 83 83 83 67 75 83 83 83 83 83 86 77 86 75 58 83 83 83 83 83 117 82 83 83 83 83 74 64 83 83 83 83 76 84 82 83 83 83 83 107 70 83 83 83
74 84 84 84 84 84 84 84 84 69 74 84 84 84 84 84 79 74 83 73 64 84 84 84 84 84 102 84 84 84 84 84 75 68 84 84 84 84 77 76 83 84 84 84 84 97 75 84 84 84
74 84 84 84 84 84 84 84 84 69 74 84 84 84 84 84 79 74 83 73 64 84 84 84 84 84 102 84 84 84 84 84 75 68 84 84 84 84 77 76 83 84 84 84 84 97 75 84 84 84
74 84 84 84 84 84 84 84 84 69 74 84 84 84 84 84 79 74 83 73 64 84 84 84 84 84 102 84 84 84 84 84 75 68 84 84 84 84 77 76 83 84 84 84 84 97 75 84 84 84
74 84 84 84 84 84 84 84 84 69 74 84 84 84 84 84 79 74 83 73 64 84 84 84 84 84 102 84 84 84 84 84 75 68 84 84 84 84 77 76 83 84 84 84 84 97 75 84 84 84
74 86 86 86 86 86 86 86 86 85 77 86 86 86 86 86 68 70 73 70 71 86 86 86 86 86 69 88 86 86 86 86 92 70 86 86 86 86 83 45 86 86 86 86 86 77 76 86 86 86
85 75 75 75 75 75 75 75 75 59 87 75 75 75 75 75 90 76 83 75 57 75 75 75 75 75 209 66 75 75 75 75 56 73 75 75 75 75 73 319 72 75 75 75 75 91 66 75 75 75
74 84 84 84 84 84 84 84 84 69 74 84 84 84 84 84 79 74 83 73 64 84 84 84 84 84 102 84 84 84 84 84 75 68 84 84 84 84 77 76 83 84 84 84 84 97 75 84 84 84
74 84 84 84 84 84 84 84 84 69 74 84 84 84 84 84 79 74 83 73 64 84 84 84 84 84 102 84 84 84 84 84 75 68 84 84 84 84 77 76 83 84 84 84 84 97 75 84 84 84
74 84 84 84 84 84 84 84 84 69 74 84 84 84 84 84 79 74 83 73 64 84 84 84 84 84 102 84 84 84 84 84 75 68 84 84 84 84 77 76 83 84 84 84 84 97 75 84 84 84
74 84 84 84 84 84 84 84 84 69 74 84 84 84 84 84 79 74 83 73 64 84 84 84 84 84 102 84 84 84 84 84 75 68 84 84 84 84 77 76 83 84 84 84 84 97 75 84 84 84
71 85 85 85 85 85 85 85 85 74 77 85 85 85 85 85 75 69 76 67 64 85 85 85 85 85 89 86 85 85 85 85 80 66 85 85 85 85 79 61 85 85 85 85 85 92 72 85 85 85
65 83 83 83 83 83 83 83 83 81 85 83 83 83 83 83 71 64 63 61 114 83 83 83 83 83 55 82 83 83 83 83 60 112 83 83 83 83 85 117 84 83 83 83 83 54 98 83 83 83
74 84 84 84 84 84 84 84 84 68 74 84 84 84 84 84 82 75 84 74 62 84 84 84 84 84 105 83 84 84 84 84 75 66 84 84 84 84 77 77 83 84 84 84 84 102 73 84 84 84
74 84 84 84 84 84 84 84 84 69 74 84 84 84 84 84 79 74 83 73 64 84 84 84 84 84 102 84 84 84 84 84 75 68 84 84 84 84 77 76 83 84 84 84 84 97 75 84 84 84
74 84 84 84 84 84 84 84 84 69 74 84 84 84 84 84 79 74 83 73 64 84 84 84 84 84 102 84 84 84 84 84 75 68 84 84 84 84 77 76 83 84 84 84 84 97 75 84 84 84
74 84 84 84 84 84 84 84 84 69 74 84 84 84 84 84 79 74 83 73 64 84 84 84 84 84 102 84 84 84 84 84 75 68 84 84 84 84 77 76 83 84 84 84 84 97 75 84 84 84
74 84 84 84 84 84 84 84 84 69 74 84 84 84 84 84 79 74 83 73 64 84 84 84 84 84 102 84 84 84 84 84 75 68 84 84 84 84 77 76 83 84 84 84 84 97 75 84 84 84
85 82 82 82 82 82 82 82 82 71 60 82 82 82 82 82 79 84 100 101 64 82 82 82 82 82 83 87 82 82 82 82 102 59 82 82 82 82 75 34 82 82 82 82 82 144 71 82 82 82
87 74 74 74 74 74 74 74 74 55 80 74 74 74 74 74 110 87 98 89 52 74 74 74 74 74 214 66 74 74 74 74 63 64 74 74 74 74 71 253 71 74 74 74 74 138 61 74 74 74
74 84 84 84 84 84 84 84 84 69 74 84 84 84 84 84 79 74 83 73 64 84 84 84 84 84 102 84 84 84 84 84 75 68 84 84 84 84 77 76 83 84 84 84 84 97 75 84 84 84
74 84 84 84 84 84 84 84 84 69 74 84 84 84 84 84 79 74 83 73 64 84 84 84 84 84 102 84 84 84 84 84 75 68 84 84 84 84 77 76 83 84 84 84 84 97 75 84 84 84
74 84 84 84 84 84 84 84 84 69 74 84 84 84 84 84 79 74 83 73 64 84 84 84 84 84 102 84 84 84 84 84 75 68 84 84 84 84 77 76 83 84 84 84 84 97 75 84 84 84
