380 -421 -305 -363 -3 301 389 -152 206 -58 -328 -85 -432 479 -276 419 -238 479 -506 224 66 260 -199 -194 313 224 -487 65 170 -56 336 77 281 -211 -188 84 -86 363 -325 336 -283 -408 -331 497 -431 -119 53 -266 167 171 203 -374 -451 -23 25 418 71 469 -263 394 -477 -345 -90 153
203 -2306 1891 -2877 -4735 2757 -295 -1483 2194 -482 -297 1447 -1016 768 -1940 3620 -2102 -1927 1328 -672 -4191 -583 -613 -2639 -1660 -2146 -271 -184 3216 -1910 -4895 227 589 1080 850 2434 473 -1980 -3333 2079 -2895 1605 773 1313 -458 -3388 -121 -1976 81 -2973 6427 -7 2051 -1464 -966 1621 -1545 3516 1761 2750 2205 -2189 1320 3254
203 -2306 1891 -2877 -4735 2757 -295 -1483 2194 -482 -297 1447 -1016 768 -1940 3620 -2102 -1927 1328 -672 -4191 -583 -613 -2639 -1660 -2146 -271 -184 3216 -1910 -4895 227 589 1080 850 2434 473 -1980 -3333 2079 -2895 1605 773 1313 -458 -3388 -121 -1976 81 -2973 6427 -7 2051 -1464 -966 1621 -1545 3516 1761 2750 2205 -2189 1320 3254
203 -2306 1891 -2877 -4735 2757 -295 -1483 2194 -482 -297 1447 -1016 768 -1940 3620 -2102 -1927 1328 -672 -4191 -583 -613 -2639 -1660 -2146 -271 -184 3216 -1910 -4895 227 589 1080 850 2434 473 -1980 -3333 2079 -2895 1605 773 1313 -458 -3388 -121 -1976 81 -2973 6427 -7 2051 -1464 -966 1621 -1545 3516 1761 2750 2205 -2189 1320 3254
203 -2306 1891 -2877 -4735 2757 -295 -1483 2194 -482 -297 1447 -1016 768 -1940 3620 -2102 -1927 1328 -672 -4191 -583 -613 -2639 -1660 -2146 -271 -184 3216 -1910 -4895 227 589 1080 850 2434 473 -1980 -3333 2079 -2895 1605 773 1313 -458 -3388 -121 -1976 81 -2973 6427 -7 2051 -1464 -966 1621 -1545 3516 1761 2750 2205 -2189 1320 3254
203 -2306 1891 -2877 -4735 2757 -295 -1483 2194 -482 -297 1447 -1016 768 -1940 3620 -2102 -1927 1328 -672 -4191 -583 -613 -2639 -1660 -2146 -271 -184 3216 -1910 -4895 227 589 1080 850 2434 473 -1980 -3333 2079 -2895 1605 773 1313 -458 -3388 -121 -1976 81 -2973 6427 -7 2051 -1464 -966 1621 -1545 3516 1761 2750 2205 -2189 1320 3254
203 -2306 1891 -2877 -4735 2757 -295 -1483 2194 -482 -297 1447 -1016 768 -1940 3620 -2102 -1927 1328 -672 -4191 -583 -613 -2639 -1660 -2146 -271 -184 3216 -1910 -4895 227 589 1080 850 2434 473 -1980 -3333 2079 -2895 1605 773 1313 -458 -3388 -121 -1976 81 -2973 6427 -7 2051 -1464 -966 1621 -1545 3516 1761 2750 2205 -2189 1320 3254
203 -2306 1891 -2877 -4735 2757 -295 -1483 2194 -482 -297 1447 -1016 768 -1940 3620 -2102 -1927 1328 -672 -4191 -583 -613 -2639 -1660 -2146 -271 -184 3216 -1910 -4895 227 589 1080 850 2434 473 -1980 -3333 2079 -2895 1605 773 1313 -458 -3388 -121 -1976 81 -2973 6427 -7 2051 -1464 -966 1621 -1545 3516 1761 2750 2205 -2189 1320 3254
203 -2306 1891 -2877 -4735 2757 -295 -1483 2194 -482 -297 1447 -1016 768 -1940 3620 -2102 -1927 1328 -672 -4191 -583 -613 -2639 -1660 -2146 -271 -184 3216 -1910 -4895 227 589 1080 850 2434 473 -1980 -3333 2079 -2895 1605 773 1313 -458 -3388 -121 -1976 81 -2973 6427 -7 2051 -1464 -966 1621 -1545 3516 1761 2750 2205 -2189 1320 3254
1211 -3765 1841 -1651 -5099 3196 -1146 -1403 1543 241 586 817 310 1175 -2094 2683 -2999 -1868 2035 -977 -4820 -1270 438 -4007 -2643 -1358 -1415 -1659 4207 -1049 -4668 1027 1633 -318 445 1979 241 -1792 -2596 723 -3123 1323 1304 479 610 -1894 540 -1280 209 -2741 4862 -1867 1973 -1718 -448 1894 -991 4466 1486 2934 1869 -2113 989 1560
2036 -2985 1044 -1929 -5072 1982 516 -802 1142 285 -103 347 -1024 1192 -2274 4279 -1344 -458 1419 -1391 -3683 -1656 1054 -4122 -2002 -2895 140 -3126 2015 -1853 -4703 2372 -161 413 1499 3507 -659 -2087 -2217 -217 -2246 1851 402 617 -2604 -3457 1307 -908 704 -3802 3629 -544 2571 -2874 858 1556 -1590 5943 1892 3636 1477 -2164 754 2813
203 -2306 1891 -2877 -4735 2757 -295 -1483 2194 -482 -297 1447 -1016 768 -1940 3620 -2102 -1927 1328 -672 -4191 -583 -613 -2639 -1660 -2146 -271 -184 3216 -1910 -4895 227 589 1080 850 2434 473 -1980 -3333 2079 -2895 1605 773 1313 -458 -3388 -121 -1976 81 -2973 6427 -7 2051 -1464 -966 1621 -1545 3516 1761 2750 2205 -2189 1320 3254
203 -2306 1891 -2877 -4735 2757 -295 -1483 2194 -482 -297 1447 -1016 768 -1940 3620 -2102 -1927 1328 -672 -4191 -583 -613 -2639 -1660 -2146 -271 -184 3216 -1910 -4895 227 589 1080 850 2434 473 -1980 -3333 2079 -2895 1605 773 1313 -458 -3388 -121 -1976 81 -2973 6427 -7 2051 -1464 -966 1621 -1545 3516 1761 2750 2205 -2189 1320 3254
203 -2306 1891 -2877 -4735 2757 -295 -1483 2194 -482 -297 1447 -1016 768 -1940 3620 -2102 -1927 1328 -672 -4191 -583 -613 -2639 -1660 -2146 -271 -184 3216 -1910 -4895 227 589 1080 850 2434 473 -1980 -3333 2079 -2895 1605 773 1313 -458 -3388 -121 -1976 81 -2973 6427 -7 2051 -1464 -966 1621 -1545 3516 1761 2750 2205 -2189 1320 3254
203 -2306 1891 -2877 -4735 2757 -295 -1483 2194 -482 -297 1447 -1016 768 -1940 3620 -2102 -1927 1328 -672 -4191 -583 -613 -2639 -1660 -2146 -271 -184 3216 -1910 -4895 227 589 1080 850 2434 473 -1980 -3333 2079 -2895 1605 773 1313 -458 -3388 -121 -1976 81 -2973 6427 -7 2051 -1464 -966 1621 -1545 3516 1761 2750 2205 -2189 1320 3254
203 -2306 1891 -2877 -4735 2757 -295 -1483 2194 -482 -297 1447 -1016 768 -1940 3620 -2102 -1927 1328 -672 -4191 -583 -613 -2639 -1660 -2146 -271 -184 3216 -1910 -4895 227 589 1080 850 2434 473 -1980 -3333 2079 -2895 1605 773 1313 -458 -3388 -121 -1976 81 -2973 6427 -7 2051 -1464 -966 1621 -1545 3516 1761 2750 2205 -2189 1320 3254
-2697 -26 -237 -998 -947 4443 -2617 961 1133 -1499 -1153 3386 -42 39 1064 1706 -789 -2167 918 1876 -3355 823 -1779 -1791 -1906 325 -2359 2701 3835 -4866 -2536 -2046 1588 2424 -501 2224 1740 -1468 -3448 3551 -478 1655 2176 2109 -653 -3212 -458 -2488 1653 -709 7335 -811 1478 -1706 -4337 2397 -26 784 -841 3083 2521 -1053 4266 1814
-4074 1769 575 -698 3451 2486 -2178 -564 -604 -2282 -792 1652 -189 -1128 1706 -1067 768 -1382 -1675 4857 -1602 3321 -2451 1755 -260 2630 -1578 4030 638 -3385 555 -3527 2313 2615 -1779 -504 2752 2999 1185 5639 -1507 736 -596 4116 2240 -2241 -3230 -3951 125 -68 5429 -112 -2994 4041 -5561 1005 3353 -5257 -220 -980 43 -1264 3703 3580
-4500 2235 -233 -1770 2307 1659 -3174 -1946 1567 -3399 -779 694 548 469 2426 -1642 -87 -1409 -3412 5039 732 2956 -1915 3964 86 2300 -1286 3738 -561 -2969 1029 -3489 515 1446 -1384 -1100 3958 3304 940 4709 -955 -785 -1670 3394 1186 -1042 -3857 -3728 -2944 -278 4486 894 -3483 3322 -3202 -330 1354 -4267 33 -808 2477 -44 3919 4609
-5039 1146 -550 -995 2172 3002 -2651 -232 -1803 -3917 1815 -456 2200 1590 2576 -3871 317 -1693 -3630 4701 1153 3655 -720 1260 -877 3608 -4387 1074 988 -1879 2950 -2446 1594 -1509 -6 -1202 4354 3024 4001 2639 -683 -2937 -852 2906 2726 1146 -938 -3770 -2511 965 2916 -2236 -4409 2785 -2898 -1238 2328 -2935 973 -1697 836 809 1749 1925
-829 -3432 2965 -897 -1715 173 1699 -3509 207 -106 -729 -1392 -2870 1527 -2132 879 -1469 -582 1585 1069 -1701 1375 2264 331 -896 -2827 2417 1173 -1244 1647 -4442 -1443 -368 -831 338 -380 1530 -1410 -1728 2032 -3992 987 -2855 -623 -1234 -2939 -2818 -3454 -3762 -4488 3078 3731 2301 1240 4802 -93 -2193 -453 4171 2039 -1712 -3947 -1187 5390
203 -2306 1891 -2877 -4735 2757 -295 -1483 2194 -482 -297 1447 -1016 768 -1940 3620 -2102 -1927 1328 -672 -4191 -583 -613 -2639 -1660 -2146 -271 -184 3216 -1910 -4895 227 589 1080 850 2434 473 -1980 -3333 2079 -2895 1605 773 1313 -458 -3388 -121 -1976 81 -2973 6427 -7 2051 -1464 -966 1621 -1545 3516 1761 2750 2205 -2189 1320 3254
203 -2306 1891 -2877 -4735 2757 -295 -1483 2194 -482 -297 1447 -1016 768 -1940 3620 -2102 -1927 1328 -672 -4191 -583 -613 -2639 -1660 -2146 -271 -184 3216 -1910 -4895 227 589 1080 850 2434 473 -1980 -3333 2079 -2895 1605 773 1313 -458 -3388 -121 -1976 81 -2973 6427 -7 2051 -1464 -966 1621 -1545 3516 1761 2750 2205 -2189 1320 3254
203 -2306 1891 -2877 -4735 2757 -295 -1483 2194 -482 -297 1447 -1016 768 -1940 3620 -2102 -1927 1328 -672 -4191 -583 -613 -2639 -1660 -2146 -271 -184 3216 -1910 -4895 227 589 1080 850 2434 473 -1980 -3333 2079 -2895 1605 773 1313 -458 -3388 -121 -1976 81 -2973 6427 -7 2051 -1464 -966 1621 -1545 3516 1761 2750 2205 -2189 1320 3254
203 -2306 1891 -2877 -4735 2757 -295 -1483 2194 -482 -297 1447 -1016 768 -1940 3620 -2102 -1927 1328 -672 -4191 -583 -613 -2639 -1660 -2146 -271 -184 3216 -1910 -4895 227 589 1080 850 2434 473 -1980 -3333 2079 -2895 1605 773 1313 -458 -3388 -121 -1976 81 -2973 6427 -7 2051 -1464 -966 1621 -1545 3516 1761 2750 2205 -2189 1320 3254
203 -2306 1891 -2877 -4735 2757 -295 -1483 2194 -482 -297 1447 -1016 768 -1940 3620 -2102 -1927 1328 -672 -4191 -583 -613 -2639 -1660 -2146 -271 -184 3216 -1910 -4895 227 589 1080 850 2434 473 -1980 -3333 2079 -2895 1605 773 1313 -458 -3388 -121 -1976 81 -2973 6427 -7 2051 -1464 -966 1621 -1545 3516 1761 2750 2205 -2189 1320 3254
3420 2919 -4217 -1282 -1810 965 -3711 -5 6126 -1881 1218 382 605 -721 3514 2683 141 -856 -2616 -159 -2612 -2613 -2130 915 1254 -1074 687 -596 -1363 -5262 3249 -37 -2443 3203 -328 837 -2180 3012 -4157 2048 1287 2392 1051 4102 -1038 926 52 725 1564 530 -3033 310 -1662 -803 -3105 1222 -274 1189 -4934 4480 4557 2468 3550 -95
-621 -2396 1986 -3088 -4201 2651 -456 -2154 2384 -589 -86 1569 -1332 270 -1819 3298 -2280 -1683 895 -231 -3922 43 -819 -2216 -1687 -2094 -536 519 2867 -1423 -5111 -168 891 1104 987 1890 838 -1917 -2727 2626 -3561 2000 -225 1649 -320 -3626 -249 -2441 -692 -3317 6786 -104 1666 -333 -1409 1474 -1107 3067 2388 2301 1645 -2842 1220 3529
203 -2306 1891 -2877 -4735 2757 -295 -1483 2194 -482 -297 1447 -1016 768 -1940 3620 -2102 -1927 1328 -672 -4191 -583 -613 -2639 -1660 -2146 -271 -184 3216 -1910 -4895 227 589 1080 850 2434 473 -1980 -3333 2079 -2895 1605 773 1313 -458 -3388 -121 -1976 81 -2973 6427 -7 2051 -1464 -966 1621 -1545 3516 1761 2750 2205 -2189 1320 3254
203 -2306 1891 -2877 -4735 2757 -295 -1483 2194 -482 -297 1447 -1016 768 -1940 3620 -2102 -1927 1328 -672 -4191 -583 -613 -2639 -1660 -2146 -271 -184 3216 -1910 -4895 227 589 1080 850 2434 473 -1980 -3333 2079 -2895 1605 773 1313 -458 -3388 -121 -1976 81 -2973 6427 -7 2051 -1464 -966 1621 -1545 3516 1761 2750 2205 -2189 1320 3254
203 -2306 1891 -2877 -4735 2757 -295 -1483 2194 -482 -297 1447 -1016 768 -1940 3620 -2102 -1927 1328 -672 -4191 -583 -613 -2639 -1660 -2146 -271 -184 3216 -1910 -4895 227 589 1080 850 2434 473 -1980 -3333 2079 -2895 1605 773 1313 -458 -3388 -121 -1976 81 -2973 6427 -7 2051 -1464 -966 1621 -1545 3516 1761 2750 2205 -2189 1320 3254
203 -2306 1891 -2877 -4735 2757 -295 -1483 2194 -482 -297 1447 -1016 768 -1940 3620 -2102 -1927 1328 -672 -4191 -583 -613 -2639 -1660 -2146 -271 -184 3216 -1910 -4895 227 589 1080 850 2434 473 -1980 -3333 2079 -2895 1605 773 1313 -458 -3388 -121 -1976 81 -2973 6427 -7 2051 -1464 -966 1621 -1545 3516 1761 2750 2205 -2189 1320 3254
78 -2704 150 -2322 -5012 4314 -346 -618 527 -296 2994 -308 1060 2965 -1113 3299 -1210 -1673 -234 -2307 -3393 -713 1261 -4918 -3026 -480 -2136 -3759 4855 -1177 -1349 1661 1680 -3052 1080 3079 153 -1222 -947 384 -1349 -368 2519 1352 818 479 4160 -1124 -570 -197 4299 -3889 1539 -3106 -2406 309 -844 7205 1941 1250 1741 -447 -666 -518
-743 -1862 4192 -1017 215 145 3386 -4551 -926 713 -1289 -1502 -2197 1585 -2776 59 254 -412 1474 1635 -2007 1250 2154 1353 -332 -1415 3041 1106 -1966 1314 -3393 -2229 -878 -1060 -1321 -879 2048 437 -78 2400 -3770 799 -3151 -401 316 -2544 -4562 -4005 -3107 -4542 3510 3965 885 2920 4074 414 -1189 -3377 3959 385 -1820 -3828 -1153 6510
203 -2306 1891 -2877 -4735 2757 -295 -1483 2194 -482 -297 1447 -1016 768 -1940 3620 -2102 -1927 1328 -672 -4191 -583 -613 -2639 -1660 -2146 -271 -184 3216 -1910 -4895 227 589 1080 850 2434 473 -1980 -3333 2079 -2895 1605 773 1313 -458 -3388 -121 -1976 81 -2973 6427 -7 2051 -1464 -966 1621 -1545 3516 1761 2750 2205 -2189 1320 3254
203 -2306 1891 -2877 -4735 2757 -295 -1483 2194 -482 -297 1447 -1016 768 -1940 3620 -2102 -1927 1328 -672 -4191 -583 -613 -2639 -1660 -2146 -271 -184 3216 -1910 -4895 227 589 1080 850 2434 473 -1980 -3333 2079 -2895 1605 773 1313 -458 -3388 -121 -1976 81 -2973 6427 -7 2051 -1464 -966 1621 -1545 3516 1761 2750 2205 -2189 1320 3254
203 -2306 1891 -2877 -4735 2757 -295 -1483 2194 -482 -297 1447 -1016 768 -1940 3620 -2102 -1927 1328 -672 -4191 -583 -613 -2639 -1660 -2146 -271 -184 3216 -1910 -4895 227 589 1080 850 2434 473 -1980 -3333 2079 -2895 1605 773 1313 -458 -3388 -121 -1976 81 -2973 6427 -7 2051 -1464 -966 1621 -1545 3516 1761 2750 2205 -2189 1320 3254
203 -2306 1891 -2877 -4735 2757 -295 -1483 2194 -482 -297 1447 -1016 768 -1940 3620 -2102 -1927 1328 -672 -4191 -583 -613 -2639 -1660 -2146 -271 -184 3216 -1910 -4895 227 589 1080 850 2434 473 -1980 -3333 2079 -2895 1605 773 1313 -458 -3388 -121 -1976 81 -2973 6427 -7 2051 -1464 -966 1621 -1545 3516 1761 2750 2205 -2189 1320 3254
156 -2980 2079 -2391 -4914 3452 -719 -1018 1200 -446 489 1415 -174 1185 -1926 2530 -2426 -2240 1642 -475 -4381 -495 -330 -3897 -2561 -1737 -1774 -1322 3597 -1682 -4738 644 1343 457 1217 2633 944 -2060 -2210 1351 -2907 1272 1266 938 -26 -3022 406 -2010 303 -2866 6243 -1443 1681 -1872 -999 1661 -1431 4211 1883 2707 2032 -1867 1066 2325
4082 1772 -370 1018 340 -371 1701 476 155 -948 -1218 -332 -1263 792 -328 -1068 1619 -192 1008 1322 -1737 -988 305 790 1597 -1358 2035 -1213 -4912 -3404 1345 609 -3795 2528 -677 418 -749 2138 -1030 -123 1322 906 -340 1066 -855 -1785 -3267 -1210 2378 -1833 -3266 3713 -819 -608 3251 1078 -705 -3534 -2882 4137 1611 1726 939 3439
-6 -2351 1951 -2915 -4555 2743 -321 -1663 2229 -493 -187 1558 -1220 559 -1982 3470 -2156 -1881 1256 -567 -4257 -303 -705 -2625 -1701 -2176 -369 20 3031 -1738 -4982 128 761 1133 934 2287 535 -1974 -3128 2349 -3067 1834 478 1495 -280 -3543 -112 -2193 -56 -3037 6579 -70 1933 -1060 -1294 1624 -1329 3331 1914 2626 1971 -2380 1261 3286
203 -2306 1891 -2877 -4735 2757 -295 -1483 2194 -482 -297 1447 -1016 768 -1940 3620 -2102 -1927 1328 -672 -4191 -583 -613 -2639 -1660 -2146 -271 -184 3216 -1910 -4895 227 589 1080 850 2434 473 -1980 -3333 2079 -2895 1605 773 1313 -458 -3388 -121 -1976 81 -2973 6427 -7 2051 -1464 -966 1621 -1545 3516 1761 2750 2205 -2189 1320 3254
203 -2306 1891 -2877 -4735 2757 -295 -1483 2194 -482 -297 1447 -1016 768 -1940 3620 -2102 -1927 1328 -672 -4191 -583 -613 -2639 -1660 -2146 -271 -184 3216 -1910 -4895 227 589 1080 850 2434 473 -1980 -3333 2079 -2895 1605 773 1313 -458 -3388 -121 -1976 81 -2973 6427 -7 2051 -1464 -966 1621 -1545 3516 1761 2750 2205 -2189 1320 3254
203 -2306 1891 -2877 -4735 2757 -295 -1483 2194 -482 -297 1447 -1016 768 -1940 3620 -2102 -1927 1328 -672 -4191 -583 -613 -2639 -1660 -2146 -271 -184 3216 -1910 -4895 227 589 1080 850 2434 473 -1980 -3333 2079 -2895 1605 773 1313 -458 -3388 -121 -1976 81 -2973 6427 -7 2051 -1464 -966 1621 -1545 3516 1761 2750 2205 -2189 1320 3254
203 -2306 1891 -2877 -4735 2757 -295 -1483 2194 -482 -297 1447 -1016 768 -1940 3620 -2102 -1927 1328 -672 -4191 -583 -613 -2639 -1660 -2146 -271 -184 3216 -1910 -4895 227 589 1080 850 2434 473 -1980 -3333 2079 -2895 1605 773 1313 -458 -3388 -121 -1976 81 -2973 6427 -7 2051 -1464 -966 1621 -1545 3516 1761 2750 2205 -2189 1320 3254
-4406 1564 -1078 -2343 -1489 4067 -1746 1791 611 -3960 504 1853 -1149 1812 1741 2675 1001 -2857 -2572 1757 -1224 2697 -2312 -2513 -2386 -414 -1504 1108 2994 -4393 921 -1481 2058 690 1619 4036 2117 -803 -2193 5121 1600 -745 3482 4045 -955 -2068 2796 -2886 -41 3033 7984 -1326 656 -3061 -5748 29 -104 3186 514 983 2698 836 2486 1190
-2578 -1585 3701 -1915 -506 433 2349 -5531 863 640 -1385 -18 -1438 1153 -3037 -324 -276 -870 897 2450 -2065 981 568 2380 -309 -802 1549 2809 -1049 1020 -3390 -2516 -1656 -1294 -1836 -1237 1842 860 156 3036 -3873 623 -3878 253 2428 -1723 -3838 -4268 -3893 -3806 5078 3757 -743 4727 1438 859 334 -4037 3273 -245 -201 -3288 -356 6232
203 -2306 1891 -2877 -4735 2757 -295 -1483 2194 -482 -297 1447 -1016 768 -1940 3620 -2102 -1927 1328 -672 -4191 -583 -613 -2639 -1660 -2146 -271 -184 3216 -1910 -4895 227 589 1080 850 2434 473 -1980 -3333 2079 -2895 1605 773 1313 -458 -3388 -121 -1976 81 -2973 6427 -7 2051 -1464 -966 1621 -1545 3516 1761 2750 2205 -2189 1320 3254
203 -2306 1891 -2877 -4735 2757 -295 -1483 2194 -482 -297 1447 -1016 768 -1940 3620 -2102 -1927 1328 -672 -4191 -583 -613 -2639 -1660 -2146 -271 -184 3216 -1910 -4895 227 589 1080 850 2434 473 -1980 -3333 2079 -2895 1605 773 1313 -458 -3388 -121 -1976 81 -2973 6427 -7 2051 -1464 -966 1621 -1545 3516 1761 2750 2205 -2189 1320 3254
203 -2306 1891 -2877 -4735 2757 -295 -1483 2194 -482 -297 1447 -1016 768 -1940 3620 -2102 -1927 1328 -672 -4191 -583 -613 -2639 -1660 -2146 -271 -184 3216 -1910 -4895 227 589 1080 850 2434 473 -1980 -3333 2079 -2895 1605 773 1313 -458 -3388 -121 -1976 81 -2973 6427 -7 2051 -1464 -966 1621 -1545 3516 1761 2750 2205 -2189 1320 3254
