-5 213 213 213 213 213 213 213 213 181 165 213 213 213 213 213 206 207 145 149 107 213 213 213 213 213 -241 240 213 213 213 213 148 107 213 213 213 213 234 -205 225 213 213 213 213 234 118 213 213 213
106 695 695 695 695 695 695 695 695 886 871 695 695 695 695 695 581 -57 -180 -697 -238 695 695 695 695 695 721 439 695 695 695 695 884 -234 695 695 695 695 594 184 620 695 695 695 695 194 -351 695 695 695
106 695 695 695 695 695 695 695 695 886 871 695 695 695 695 695 581 -57 -180 -697 -238 695 695 695 695 695 721 439 695 695 695 695 884 -234 695 695 695 695 594 184 620 695 695 695 695 194 -351 695 695 695
106 695 695 695 695 695 695 695 695 886 871 695 695 695 695 695 581 -57 -180 -697 -238 695 695 695 695 695 721 439 695 695 695 695 884 -234 695 695 695 695 594 184 620 695 695 695 695 194 -351 695 695 695
106 695 695 695 695 695 695 695 695 886 871 695 695 695 695 695 581 -57 -180 -697 -238 695 695 695 695 695 721 439 695 695 695 695 884 -234 695 695 695 695 594 184 620 695 695 695 695 194 -351 695 695 695
106 695 695 695 695 695 695 695 695 886 871 695 695 695 695 695 581 -57 -180 -697 -238 695 695 695 695 695 721 439 695 695 695 695 884 -234 695 695 695 695 594 184 620 695 695 695 695 194 -351 695 695 695
106 695 695 695 695 695 695 695 695 886 871 695 695 695 695 695 581 -57 -180 -697 -238 695 695 695 695 695 721 439 695 695 695 695 884 -234 695 695 695 695 594 184 620 695 695 695 695 194 -351 695 695 695
106 695 695 695 695 695 695 695 695 886 871 695 695 695 695 695 581 -57 -180 -697 -238 695 695 695 695 695 721 439 695 695 695 695 884 -234 695 695 695 695 594 184 620 695 695 695 695 194 -351 695 695 695
106 695 695 695 695 695 695 695 695 886 871 695 695 695 695 695 581 -57 -180 -697 -238 695 695 695 695 695 721 439 695 695 695 695 884 -234 695 695 695 695 594 184 620 695 695 695 695 194 -351 695 695 695
98 1088 1088 1088 1088 1088 1088 1088 1088 1164 1325 1088 1088 1088 1088 1088 689 -296 -383 -1070 -1 1088 1088 1088 1088 1088 314 890 1088 1088 1088 1088 1311 -251 1088 1088 1088 1088 870 -662 1034 1088 1088 1088 1088 454 -308 1088 1088 1088
31 2020 2020 2020 2020 2020 2020 2020 2020 2123 1874 2020 2020 2020 2020 2020 1472 6 -43 -745 201 2020 2020 2020 2020 2020 78 1968 2020 2020 2020 2020 2480 -426 2020 2020 2020 2020 1807 -2309 2001 2020 2020 2020 2020 1226 -80 2020 2020 2020
106 695 695 695 695 695 695 695 695 886 871 695 695 695 695 695 581 -57 -180 -697 -238 695 695 695 695 695 721 439 695 695 695 695 884 -234 695 695 695 695 594 184 620 695 695 695 695 194 -351 695 695 695
106 695 695 695 695 695 695 695 695 886 871 695 695 695 695 695 581 -57 -180 -697 -238 695 695 695 695 695 721 439 695 695 695 695 884 -234 695 695 695 695 594 184 620 695 695 695 695 194 -351 695 695 695
106 695 695 695 695 695 695 695 695 886 871 695 695 695 695 695 581 -57 -180 -697 -238 695 695 695 695 695 721 439 695 695 695 695 884 -234 695 695 695 695 594 184 620 695 695 695 695 194 -351 695 695 695
106 695 695 695 695 695 695 695 695 886 871 695 695 695 695 695 581 -57 -180 -697 -238 695 695 695 695 695 721 439 695 695 695 695 884 -234 695 695 695 695 594 184 620 695 695 695 695 194 -351 695 695 695
106 695 695 695 695 695 695 695 695 886 871 695 695 695 695 695 581 -57 -180 -697 -238 695 695 695 695 695 721 439 695 695 695 695 884 -234 695 695 695 695 594 184 620 695 695 695 695 194 -351 695 695 695
67 -161 -161 -161 -161 -161 -161 -161 -161 -52 328 -161 -161 -161 -161 -161 -865 -1161 -1013 -1351 -131 -161 -161 -161 -161 -161 1612 -558 -161 -161 -161 -161 -278 -119 -161 -161 -161 -161 -309 2210 -274 -161 -161 -161 -161 -971 -649 -161 -161 -161
49 -757 -757 -757 -757 -757 -757 -757 -757 -625 -431 -757 -757 -757 -757 -757 -1127 -818 -790 -608 -212 -757 -757 -757 -757 -757 1343 -1115 -757 -757 -757 -757 -1170 18 -757 -757 -757 -757 -649 3014 -857 -757 -757 -757 -757 -1056 -708 -757 -757 -757
-19 -682 -682 -682 -682 -682 -682 -682 -682 -368 -251 -682 -682 -682 -682 -682 -1192 -1206 -1218 -591 -208 -682 -682 -682 -682 -682 650 -951 -682 -682 -682 -682 -923 -235 -682 -682 -682 -682 -379 2346 -751 -682 -682 -682 -682 -1381 -821 -682 -682 -682
-99 -243 -243 -243 -243 -243 -243 -243 -243 -152 -35 -243 -243 -243 -243 -243 -950 -1370 -1233 -776 -232 -243 -243 -243 -243 -243 214 -414 -243 -243 -243 -243 -251 -480 -243 -243 -243 -243 -125 839 -279 -243 -243 -243 -243 -601 -802 -243 -243 -243
-49 -375 -375 -375 -375 -375 -375 -375 -375 -216 70 -375 -375 -375 -375 -375 -95 -259 -654 -878 -428 -375 -375 -375 -375 -375 -23 -661 -375 -375 -375 -375 -769 -211 -375 -375 -375 -375 -372 1283 -467 -375 -375 -375 -375 -888 -580 -375 -375 -375
106 695 695 695 695 695 695 695 695 886 871 695 695 695 695 695 581 -57 -180 -697 -238 695 695 695 695 695 721 439 695 695 695 695 884 -234 695 695 695 695 594 184 620 695 695 695 695 194 -351 695 695 695
106 695 695 695 695 695 695 695 695 886 871 695 695 695 695 695 581 -57 -180 -697 -238 695 695 695 695 695 721 439 695 695 695 695 884 -234 695 695 695 695 594 184 620 695 695 695 695 194 -351 695 695 695
106 695 695 695 695 695 695 695 695 886 871 695 695 695 695 695 581 -57 -180 -697 -238 695 695 695 695 695 721 439 695 695 695 695 884 -234 695 695 695 695 594 184 620 695 695 695 695 194 -351 695 695 695
106 695 695 695 695 695 695 695 695 886 871 695 695 695 695 695 581 -57 -180 -697 -238 695 695 695 695 695 721 439 695 695 695 695 884 -234 695 695 695 695 594 184 620 695 695 695 695 194 -351 695 695 695
106 695 695 695 695 695 695 695 695 886 871 695 695 695 695 695 581 -57 -180 -697 -238 695 695 695 695 695 721 439 695 695 695 695 884 -234 695 695 695 695 594 184 620 695 695 695 695 194 -351 695 695 695
95 1376 1376 1376 1376 1376 1376 1376 1376 1716 842 1376 1376 1376 1376 1376 1245 213 665 961 -256 1376 1376 1376 1376 1376 925 1447 1376 1376 1376 1376 2141 -1036 1376 1376 1376 1376 1628 -1677 1388 1376 1376 1376 1376 1656 -423 1376 1376 1376
76 527 527 527 527 527 527 527 527 711 822 527 527 527 527 527 459 -18 -286 -785 -233 527 527 527 527 527 609 242 527 527 527 527 551 -114 527 527 527 527 452 586 447 527 527 527 527 -35 -398 527 527 527
106 695 695 695 695 695 695 695 695 886 871 695 695 695 695 695 581 -57 -180 -697 -238 695 695 695 695 695 721 439 695 695 695 695 884 -234 695 695 695 695 594 184 620 695 695 695 695 194 -351 695 695 695
106 695 695 695 695 695 695 695 695 886 871 695 695 695 695 695 581 -57 -180 -697 -238 695 695 695 695 695 721 439 695 695 695 695 884 -234 695 695 695 695 594 184 620 695 695 695 695 194 -351 695 695 695
106 695 695 695 695 695 695 695 695 886 871 695 695 695 695 695 581 -57 -180 -697 -238 695 695 695 695 695 721 439 695 695 695 695 884 -234 695 695 695 695 594 184 620 695 695 695 695 194 -351 695 695 695
106 695 695 695 695 695 695 695 695 886 871 695 695 695 695 695 581 -57 -180 -697 -238 695 695 695 695 695 721 439 695 695 695 695 884 -234 695 695 695 695 594 184 620 695 695 695 695 194 -351 695 695 695
18 1334 1334 1334 1334 1334 1334 1334 1334 1324 1139 1334 1334 1334 1334 1334 909 -567 -420 -880 -594 1334 1334 1334 1334 1334 594 1224 1334 1334 1334 1334 2075 -1221 1334 1334 1334 1334 1080 -2108 1313 1334 1334 1334 1334 1362 -739 1334 1334 1334
-2 -881 -881 -881 -881 -881 -881 -881 -881 -681 -594 -881 -881 -881 -881 -881 -553 -371 -593 -446 -742 -881 -881 -881 -881 -881 341 -1169 -881 -881 -881 -881 -928 -473 -881 -881 -881 -881 -813 1508 -976 -881 -881 -881 -881 -857 -804 -881 -881 -881
106 695 695 695 695 695 695 695 695 886 871 695 695 695 695 695 581 -57 -180 -697 -238 695 695 695 695 695 721 439 695 695 695 695 884 -234 695 695 695 695 594 184 620 695 695 695 695 194 -351 695 695 695
106 695 695 695 695 695 695 695 695 886 871 695 695 695 695 695 581 -57 -180 -697 -238 695 695 695 695 695 721 439 695 695 695 695 884 -234 695 695 695 695 594 184 620 695 695 695 695 194 -351 695 695 695
106 695 695 695 695 695 695 695 695 886 871 695 695 695 695 695 581 -57 -180 -697 -238 695 695 695 695 695 721 439 695 695 695 695 884 -234 695 695 695 695 594 184 620 695 695 695 695 194 -351 695 695 695
106 695 695 695 695 695 695 695 695 886 871 695 695 695 695 695 581 -57 -180 -697 -238 695 695 695 695 695 721 439 695 695 695 695 884 -234 695 695 695 695 594 184 620 695 695 695 695 194 -351 695 695 695
68 1029 1029 1029 1029 1029 1029 1029 1029 1122 1212 1029 1029 1029 1029 1029 681 -241 -327 -1047 -53 1029 1029 1029 1029 1029 541 805 1029 1029 1029 1029 1228 -207 1029 1029 1029 1029 810 -421 962 1029 1029 1029 1029 384 -320 1029 1029 1029
28 1340 1340 1340 1340 1340 1340 1340 1340 1442 879 1340 1340 1340 1340 1340 1110 332 730 455 667 1340 1340 1340 1340 1340 123 1485 1340 1340 1340 1340 1449 49 1340 1340 1340 1340 1376 -1518 1350 1340 1340 1340 1340 1147 351 1340 1340 1340
96 672 672 672 672 672 672 672 672 846 878 672 672 672 672 672 594 4 -174 -736 -223 672 672 672 672 672 707 404 672 672 672 672 779 -173 672 672 672 672 566 314 593 672 672 672 672 171 -356 672 672 672
106 695 695 695 695 695 695 695 695 886 871 695 695 695 695 695 581 -57 -180 -697 -238 695 695 695 695 695 721 439 695 695 695 695 884 -234 695 695 695 695 594 184 620 695 695 695 695 194 -351 695 695 695
106 695 695 695 695 695 695 695 695 886 871 695 695 695 695 695 581 -57 -180 -697 -238 695 695 695 695 695 721 439 695 695 695 695 884 -234 695 695 695 695 594 184 620 695 695 695 695 194 -351 695 695 695
106 695 695 695 695 695 695 695 695 886 871 695 695 695 695 695 581 -57 -180 -697 -238 695 695 695 695 695 721 439 695 695 695 695 884 -234 695 695 695 695 594 184 620 695 695 695 695 194 -351 695 695 695
106 695 695 695 695 695 695 695 695 886 871 695 695 695 695 695 581 -57 -180 -697 -238 695 695 695 695 695 721 439 695 695 695 695 884 -234 695 695 695 695 594 184 620 695 695 695 695 194 -351 695 695 695
-33 380 380 380 380 380 380 380 380 481 185 380 380 380 380 380 93 -911 -647 -1006 -926 380 380 380 380 380 2498 9 380 380 380 380 398 -1221 380 380 380 380 231 1131 270 380 380 380 380 113 -1135 380 380 380
22 -1197 -1197 -1197 -1197 -1197 -1197 -1197 -1197 -899 -610 -1197 -1197 -1197 -1197 -1197 -1011 -495 -781 -506 -552 -1197 -1197 -1197 -1197 -1197 403 -1532 -1197 -1197 -1197 -1197 -1352 -119 -1197 -1197 -1197 -1197 -1035 2443 -1297 -1197 -1197 -1197 -1197 -1438 -758 -1197 -1197 -1197
106 695 695 695 695 695 695 695 695 886 871 695 695 695 695 695 581 -57 -180 -697 -238 695 695 695 695 695 721 439 695 695 695 695 884 -234 695 695 695 695 594 184 620 695 695 695 695 194 -351 695 695 695
106 695 695 695 695 695 695 695 695 886 871 695 695 695 695 695 581 -57 -180 -697 -238 695 695 695 695 695 721 439 695 695 695 695 884 -234 695 695 695 695 594 184 620 695 695 695 695 194 -351 695 695 695
106 695 695 695 695 695 695 695 695 886 871 695 695 695 695 695 581 -57 -180 -697 -238 695 695 695 695 695 721 439 695 695 695 695 884 -234 695 695 695 695 594 184 620 695 695 695 695 194 -351 695 695 695
