3 108 108 108 108 108 108 108 108 146 74 108 108 108 108 108 78 191 83 24 113 108 108 108 108 108 -80 116 108 108 108 108 -21 206 108 108 108 108 118 81 115 108 108 108 108 -112 190 108 108 108
-113 53 53 53 53 53 53 53 53 252 -100 53 53 53 53 53 268 157 -241 814 -322 53 53 53 53 53 -2489 103 53 53 53 53 885 -134 53 53 53 53 363 -1813 57 53 53 53 53 840 -274 53 53 53
-113 53 53 53 53 53 53 53 53 252 -100 53 53 53 53 53 268 157 -241 814 -322 53 53 53 53 53 -2489 103 53 53 53 53 885 -134 53 53 53 53 363 -1813 57 53 53 53 53 840 -274 53 53 53
-113 53 53 53 53 53 53 53 53 252 -100 53 53 53 53 53 268 157 -241 814 -322 53 53 53 53 53 -2489 103 53 53 53 53 885 -134 53 53 53 53 363 -1813 57 53 53 53 53 840 -274 53 53 53
-113 53 53 53 53 53 53 53 53 252 -100 53 53 53 53 53 268 157 -241 814 -322 53 53 53 53 53 -2489 103 53 53 53 53 885 -134 53 53 53 53 363 -1813 57 53 53 53 53 840 -274 53 53 53
-113 53 53 53 53 53 53 53 53 252 -100 53 53 53 53 53 268 157 -241 814 -322 53 53 53 53 53 -2489 103 53 53 53 53 885 -134 53 53 53 53 363 -1813 57 53 53 53 53 840 -274 53 53 53
-113 53 53 53 53 53 53 53 53 252 -100 53 53 53 53 53 268 157 -241 814 -322 53 53 53 53 53 -2489 103 53 53 53 53 885 -134 53 53 53 53 363 -1813 57 53 53 53 53 840 -274 53 53 53
-113 53 53 53 53 53 53 53 53 252 -100 53 53 53 53 53 268 157 -241 814 -322 53 53 53 53 53 -2489 103 53 53 53 53 885 -134 53 53 53 53 363 -1813 57 53 53 53 53 840 -274 53 53 53
-113 53 53 53 53 53 53 53 53 252 -100 53 53 53 53 53 268 157 -241 814 -322 53 53 53 53 53 -2489 103 53 53 53 53 885 -134 53 53 53 53 363 -1813 57 53 53 53 53 840 -274 53 53 53
-1 368 368 368 368 368 368 368 368 632 269 368 368 368 368 368 396 82 -44 793 -63 368 368 368 368 368 -1813 515 368 368 368 368 1123 -49 368 368 368 368 681 -1783 399 368 368 368 368 668 90 368 368 368
-154 -348 -348 -348 -348 -348 -348 -348 -348 -120 -498 -348 -348 -348 -348 -348 163 143 -197 571 -834 -348 -348 -348 -348 -348 -1978 -306 -348 -348 -348 -348 125 -789 -348 -348 -348 -348 5 -1537 -338 -348 -348 -348 -348 368 -786 -348 -348 -348
-113 53 53 53 53 53 53 53 53 252 -100 53 53 53 53 53 268 157 -241 814 -322 53 53 53 53 53 -2489 103 53 53 53 53 885 -134 53 53 53 53 363 -1813 57 53 53 53 53 840 -274 53 53 53
-113 53 53 53 53 53 53 53 53 252 -100 53 53 53 53 53 268 157 -241 814 -322 53 53 53 53 53 -2489 103 53 53 53 53 885 -134 53 53 53 53 363 -1813 57 53 53 53 53 840 -274 53 53 53
-113 53 53 53 53 53 53 53 53 252 -100 53 53 53 53 53 268 157 -241 814 -322 53 53 53 53 53 -2489 103 53 53 53 53 885 -134 53 53 53 53 363 -1813 57 53 53 53 53 840 -274 53 53 53
-113 53 53 53 53 53 53 53 53 252 -100 53 53 53 53 53 268 157 -241 814 -322 53 53 53 53 53 -2489 103 53 53 53 53 885 -134 53 53 53 53 363 -1813 57 53 53 53 53 840 -274 53 53 53
-113 53 53 53 53 53 53 53 53 252 -100 53 53 53 53 53 268 157 -241 814 -322 53 53 53 53 53 -2489 103 53 53 53 53 885 -134 53 53 53 53 363 -1813 57 53 53 53 53 840 -274 53 53 53
-181 -287 -287 -287 -287 -287 -287 -287 -287 189 -759 -287 -287 -287 -287 -287 303 773 -38 2042 -828 -287 -287 -287 -287 -287 -3409 -313 -287 -287 -287 -287 1373 -169 -287 -287 -287 -287 257 -2124 -301 -287 -287 -287 -287 1359 -311 -287 -287 -287
112 -267 -267 -267 -267 -267 -267 -267 -267 -95 -242 -267 -267 -267 -267 -267 -346 581 282 1017 -598 -267 -267 -267 -267 -267 -1244 -357 -267 -267 -267 -267 536 445 -267 -267 -267 -267 -220 -301 -316 -267 -267 -267 -267 -139 268 -267 -267 -267
112 -38 -38 -38 -38 -38 -38 -38 -38 -112 207 -38 -38 -38 -38 -38 -398 637 274 77 515 -38 -38 -38 -38 -38 -531 -91 -38 -38 -38 -38 -141 1507 -38 -38 -38 -38 -283 679 -65 -38 -38 -38 -38 -743 1095 -38 -38 -38
473 658 658 658 658 658 658 658 658 885 697 658 658 658 658 658 -182 758 1209 139 1578 658 658 658 658 658 561 867 658 658 658 658 19 2152 658 658 658 658 368 384 694 658 658 658 658 -1532 2392 658 658 658
-31 121 121 121 121 121 121 121 121 -130 305 121 121 121 121 121 -441 -768 -796 -1545 907 121 121 121 121 121 -852 96 121 121 121 121 -414 1138 121 121 121 121 -198 40 105 121 121 121 121 -878 801 121 121 121
-113 53 53 53 53 53 53 53 53 252 -100 53 53 53 53 53 268 157 -241 814 -322 53 53 53 53 53 -2489 103 53 53 53 53 885 -134 53 53 53 53 363 -1813 57 53 53 53 53 840 -274 53 53 53
-113 53 53 53 53 53 53 53 53 252 -100 53 53 53 53 53 268 157 -241 814 -322 53 53 53 53 53 -2489 103 53 53 53 53 885 -134 53 53 53 53 363 -1813 57 53 53 53 53 840 -274 53 53 53
-113 53 53 53 53 53 53 53 53 252 -100 53 53 53 53 53 268 157 -241 814 -322 53 53 53 53 53 -2489 103 53 53 53 53 885 -134 53 53 53 53 363 -1813 57 53 53 53 53 840 -274 53 53 53
-113 53 53 53 53 53 53 53 53 252 -100 53 53 53 53 53 268 157 -241 814 -322 53 53 53 53 53 -2489 103 53 53 53 53 885 -134 53 53 53 53 363 -1813 57 53 53 53 53 840 -274 53 53 53
-113 53 53 53 53 53 53 53 53 252 -100 53 53 53 53 53 268 157 -241 814 -322 53 53 53 53 53 -2489 103 53 53 53 53 885 -134 53 53 53 53 363 -1813 57 53 53 53 53 840 -274 53 53 53
-300 -167 -167 -167 -167 -167 -167 -167 -167 -153 39 -167 -167 -167 -167 -167 669 1278 -226 1264 -952 -167 -167 -167 -167 -167 -1141 -280 -167 -167 -167 -167 306 -689 -167 -167 -167 -167 229 391 -144 -167 -167 -167 -167 1391 -1260 -167 -167 -167
-75 -95 -95 -95 -95 -95 -95 -95 -95 42 -230 -95 -95 -95 -95 -95 3 -23 -377 415 -370 -95 -95 -95 -95 -95 -2355 -58 -95 -95 -95 -95 580 -105 -95 -95 -95 -95 107 -1656 -97 -95 -95 -95 -95 443 -294 -95 -95 -95
-113 53 53 53 53 53 53 53 53 252 -100 53 53 53 53 53 268 157 -241 814 -322 53 53 53 53 53 -2489 103 53 53 53 53 885 -134 53 53 53 53 363 -1813 57 53 53 53 53 840 -274 53 53 53
-113 53 53 53 53 53 53 53 53 252 -100 53 53 53 53 53 268 157 -241 814 -322 53 53 53 53 53 -2489 103 53 53 53 53 885 -134 53 53 53 53 363 -1813 57 53 53 53 53 840 -274 53 53 53
-113 53 53 53 53 53 53 53 53 252 -100 53 53 53 53 53 268 157 -241 814 -322 53 53 53 53 53 -2489 103 53 53 53 53 885 -134 53 53 53 53 363 -1813 57 53 53 53 53 840 -274 53 53 53
-113 53 53 53 53 53 53 53 53 252 -100 53 53 53 53 53 268 157 -241 814 -322 53 53 53 53 53 -2489 103 53 53 53 53 885 -134 53 53 53 53 363 -1813 57 53 53 53 53 840 -274 53 53 53
216 700 700 700 700 700 700 700 700 1440 254 700 700 700 700 700 492 700 1036 1662 814 700 700 700 700 700 -1661 1076 700 700 700 700 1223 585 700 700 700 700 1189 -2136 801 700 700 700 700 115 1172 700 700 700
39 108 108 108 108 108 108 108 108 -240 624 108 108 108 108 108 -617 -864 -557 -1604 946 108 108 108 108 108 -84 35 108 108 108 108 -533 1339 108 108 108 108 -323 775 63 108 108 108 108 -1227 993 108 108 108
-113 53 53 53 53 53 53 53 53 252 -100 53 53 53 53 53 268 157 -241 814 -322 53 53 53 53 53 -2489 103 53 53 53 53 885 -134 53 53 53 53 363 -1813 57 53 53 53 53 840 -274 53 53 53
-113 53 53 53 53 53 53 53 53 252 -100 53 53 53 53 53 268 157 -241 814 -322 53 53 53 53 53 -2489 103 53 53 53 53 885 -134 53 53 53 53 363 -1813 57 53 53 53 53 840 -274 53 53 53
-113 53 53 53 53 53 53 53 53 252 -100 53 53 53 53 53 268 157 -241 814 -322 53 53 53 53 53 -2489 103 53 53 53 53 885 -134 53 53 53 53 363 -1813 57 53 53 53 53 840 -274 53 53 53
-113 53 53 53 53 53 53 53 53 252 -100 53 53 53 53 53 268 157 -241 814 -322 53 53 53 53 53 -2489 103 53 53 53 53 885 -134 53 53 53 53 363 -1813 57 53 53 53 53 840 -274 53 53 53
-12 129 129 129 129 129 129 129 129 434 -65 129 129 129 129 129 272 176 2 953 -227 129 129 129 129 129 -2299 256 129 129 129 129 987 -89 129 129 129 129 454 -2070 147 129 129 129 129 636 0 129 129 129
-218 -193 -193 -193 -193 -193 -193 -193 -193 -487 315 -193 -193 -193 -193 -193 466 358 -246 17 -655 -193 -193 -193 -193 -193 124 -445 -193 -193 -193 -193 -370 -399 -193 -193 -193 -193 -196 1214 -259 -193 -193 -193 -193 558 -849 -193 -193 -193
-97 -4 -4 -4 -4 -4 -4 -4 -4 191 -169 -4 -4 -4 -4 -4 193 99 -278 744 -385 -4 -4 -4 -4 -4 -2489 40 -4 -4 -4 -4 823 -178 -4 -4 -4 -4 285 -1818 -3 -4 -4 -4 -4 745 -322 -4 -4 -4
-113 53 53 53 53 53 53 53 53 252 -100 53 53 53 53 53 268 157 -241 814 -322 53 53 53 53 53 -2489 103 53 53 53 53 885 -134 53 53 53 53 363 -1813 57 53 53 53 53 840 -274 53 53 53
-113 53 53 53 53 53 53 53 53 252 -100 53 53 53 53 53 268 157 -241 814 -322 53 53 53 53 53 -2489 103 53 53 53 53 885 -134 53 53 53 53 363 -1813 57 53 53 53 53 840 -274 53 53 53
-113 53 53 53 53 53 53 53 53 252 -100 53 53 53 53 53 268 157 -241 814 -322 53 53 53 53 53 -2489 103 53 53 53 53 885 -134 53 53 53 53 363 -1813 57 53 53 53 53 840 -274 53 53 53
-113 53 53 53 53 53 53 53 53 252 -100 53 53 53 53 53 268 157 -241 814 -322 53 53 53 53 53 -2489 103 53 53 53 53 885 -134 53 53 53 53 363 -1813 57 53 53 53 53 840 -274 53 53 53
31 -2 -2 -2 -2 -2 -2 -2 -2 1027 -1035 -2 -2 -2 -2 -2 372 1664 1153 3293 118 -2 -2 -2 -2 -2 -3980 208 -2 -2 -2 -2 1619 626 -2 -2 -2 -2 748 -2977 57 -2 -2 -2 -2 1035 854 -2 -2 -2
116 296 296 296 296 296 296 296 296 -145 920 296 296 296 296 296 -644 -981 -379 -1736 1324 296 296 296 296 296 230 254 296 296 296 296 -594 1564 296 296 296 296 -226 1012 251 296 296 296 296 -1343 1102 296 296 296
-113 53 53 53 53 53 53 53 53 252 -100 53 53 53 53 53 268 157 -241 814 -322 53 53 53 53 53 -2489 103 53 53 53 53 885 -134 53 53 53 53 363 -1813 57 53 53 53 53 840 -274 53 53 53
-113 53 53 53 53 53 53 53 53 252 -100 53 53 53 53 53 268 157 -241 814 -322 53 53 53 53 53 -2489 103 53 53 53 53 885 -134 53 53 53 53 363 -1813 57 53 53 53 53 840 -274 53 53 53
-113 53 53 53 53 53 53 53 53 252 -100 53 53 53 53 53 268 157 -241 814 -322 53 53 53 53 53 -2489 103 53 53 53 53 885 -134 53 53 53 53 363 -1813 57 53 53 53 53 840 -274 53 53 53
