1 319 319 319 319 319 319 319 319 432 343 319 319 319 319 319 87 -124 -203 -7 225 319 319 319 319 319 -326 334 319 319 319 319 508 88 319 319 319 319 393 -461 325 319 319 319 319 145 50 319 319 319
372 862 862 862 862 862 862 862 862 72 359 862 862 862 862 862 620 367 824 273 -273 862 862 862 862 862 1667 855 862 862 862 862 376 -13 862 862 862 862 513 477 824 862 862 862 862 1463 393 862 862 862
372 862 862 862 862 862 862 862 862 72 359 862 862 862 862 862 620 367 824 273 -273 862 862 862 862 862 1667 855 862 862 862 862 376 -13 862 862 862 862 513 477 824 862 862 862 862 1463 393 862 862 862
372 862 862 862 862 862 862 862 862 72 359 862 862 862 862 862 620 367 824 273 -273 862 862 862 862 862 1667 855 862 862 862 862 376 -13 862 862 862 862 513 477 824 862 862 862 862 1463 393 862 862 862
372 862 862 862 862 862 862 862 862 72 359 862 862 862 862 862 620 367 824 273 -273 862 862 862 862 862 1667 855 862 862 862 862 376 -13 862 862 862 862 513 477 824 862 862 862 862 1463 393 862 862 862
372 862 862 862 862 862 862 862 862 72 359 862 862 862 862 862 620 367 824 273 -273 862 862 862 862 862 1667 855 862 862 862 862 376 -13 862 862 862 862 513 477 824 862 862 862 862 1463 393 862 862 862
372 862 862 862 862 862 862 862 862 72 359 862 862 862 862 862 620 367 824 273 -273 862 862 862 862 862 1667 855 862 862 862 862 376 -13 862 862 862 862 513 477 824 862 862 862 862 1463 393 862 862 862
372 862 862 862 862 862 862 862 862 72 359 862 862 862 862 862 620 367 824 273 -273 862 862 862 862 862 1667 855 862 862 862 862 376 -13 862 862 862 862 513 477 824 862 862 862 862 1463 393 862 862 862
372 862 862 862 862 862 862 862 862 72 359 862 862 862 862 862 620 367 824 273 -273 862 862 862 862 862 1667 855 862 862 862 862 376 -13 862 862 862 862 513 477 824 862 862 862 862 1463 393 862 862 862
271 1281 1281 1281 1281 1281 1281 1281 1281 852 940 1281 1281 1281 1281 1281 531 102 260 -195 149 1281 1281 1281 1281 1281 916 1289 1281 1281 1281 1281 976 231 1281 1281 1281 1281 1023 -316 1261 1281 1281 1281 1281 980 540 1281 1281 1281
295 1233 1233 1233 1233 1233 1233 1233 1233 821 1022 1233 1233 1233 1233 1233 134 60 274 -343 608 1233 1233 1233 1233 1233 1044 1214 1233 1233 1233 1233 332 1001 1233 1233 1233 1233 996 998 1211 1233 1233 1233 1233 -120 1032 1233 1233 1233
372 862 862 862 862 862 862 862 862 72 359 862 862 862 862 862 620 367 824 273 -273 862 862 862 862 862 1667 855 862 862 862 862 376 -13 862 862 862 862 513 477 824 862 862 862 862 1463 393 862 862 862
372 862 862 862 862 862 862 862 862 72 359 862 862 862 862 862 620 367 824 273 -273 862 862 862 862 862 1667 855 862 862 862 862 376 -13 862 862 862 862 513 477 824 862 862 862 862 1463 393 862 862 862
372 862 862 862 862 862 862 862 862 72 359 862 862 862 862 862 620 367 824 273 -273 862 862 862 862 862 1667 855 862 862 862 862 376 -13 862 862 862 862 513 477 824 862 862 862 862 1463 393 862 862 862
372 862 862 862 862 862 862 862 862 72 359 862 862 862 862 862 620 367 824 273 -273 862 862 862 862 862 1667 855 862 862 862 862 376 -13 862 862 862 862 513 477 824 862 862 862 862 1463 393 862 862 862
372 862 862 862 862 862 862 862 862 72 359 862 862 862 862 862 620 367 824 273 -273 862 862 862 862 862 1667 855 862 862 862 862 376 -13 862 862 862 862 513 477 824 862 862 862 862 1463 393 862 862 862
388 1340 1340 1340 1340 1340 1340 1340 1340 558 214 1340 1340 1340 1340 1340 1229 660 1108 820 -182 1340 1340 1340 1340 1340 826 1508 1340 1340 1340 1340 1709 -656 1340 1340 1340 1340 894 -2561 1339 1340 1340 1340 1340 3247 149 1340 1340 1340
248 303 303 303 303 303 303 303 303 -655 -236 303 303 303 303 303 1873 704 1198 1095 -1414 303 303 303 303 303 1888 234 303 303 303 303 1131 -1804 303 303 303 303 30 -1231 222 303 303 303 303 4409 -1523 303 303 303
225 32 32 32 32 32 32 32 32 -1019 -410 32 32 32 32 32 1477 512 1278 845 -820 32 32 32 32 32 2159 -63 32 32 32 32 76 -986 32 32 32 32 -269 581 -42 32 32 32 32 3144 -810 32 32 32
138 162 162 162 162 162 162 162 162 -264 72 162 162 162 162 162 958 102 563 482 -622 162 162 162 162 162 1124 52 162 162 162 162 849 -984 162 162 162 162 87 -652 95 162 162 162 162 2467 -1081 162 162 162
-32 -161 -161 -161 -161 -161 -161 -161 -161 -932 312 -161 -161 -161 -161 -161 53 -391 -118 -580 -1065 -161 -161 -161 -161 -161 3267 -607 -161 -161 -161 -161 -1635 43 -161 -161 -161 -161 -210 5357 -296 -161 -161 -161 -161 -624 -304 -161 -161 -161
372 862 862 862 862 862 862 862 862 72 359 862 862 862 862 862 620 367 824 273 -273 862 862 862 862 862 1667 855 862 862 862 862 376 -13 862 862 862 862 513 477 824 862 862 862 862 1463 393 862 862 862
372 862 862 862 862 862 862 862 862 72 359 862 862 862 862 862 620 367 824 273 -273 862 862 862 862 862 1667 855 862 862 862 862 376 -13 862 862 862 862 513 477 824 862 862 862 862 1463 393 862 862 862
372 862 862 862 862 862 862 862 862 72 359 862 862 862 862 862 620 367 824 273 -273 862 862 862 862 862 1667 855 862 862 862 862 376 -13 862 862 862 862 513 477 824 862 862 862 862 1463 393 862 862 862
372 862 862 862 862 862 862 862 862 72 359 862 862 862 862 862 620 367 824 273 -273 862 862 862 862 862 1667 855 862 862 862 862 376 -13 862 862 862 862 513 477 824 862 862 862 862 1463 393 862 862 862
372 862 862 862 862 862 862 862 862 72 359 862 862 862 862 862 620 367 824 273 -273 862 862 862 862 862 1667 855 862 862 862 862 376 -13 862 862 862 862 513 477 824 862 862 862 862 1463 393 862 862 862
42 1781 1781 1781 1781 1781 1781 1781 1781 1765 905 1781 1781 1781 1781 1781 1493 923 844 478 3045 1781 1781 1781 1781 1781 -2202 2138 1781 1781 1781 1781 907 2346 1781 1781 1781 1781 1659 -1549 1897 1781 1781 1781 1781 451 2525 1781 1781 1781
364 786 786 786 786 786 786 786 786 -106 342 786 786 786 786 786 911 463 929 342 -657 786 786 786 786 786 2172 719 786 786 786 786 331 -310 786 786 786 786 437 807 722 786 786 786 786 1839 67 786 786 786
372 862 862 862 862 862 862 862 862 72 359 862 862 862 862 862 620 367 824 273 -273 862 862 862 862 862 1667 855 862 862 862 862 376 -13 862 862 862 862 513 477 824 862 862 862 862 1463 393 862 862 862
372 862 862 862 862 862 862 862 862 72 359 862 862 862 862 862 620 367 824 273 -273 862 862 862 862 862 1667 855 862 862 862 862 376 -13 862 862 862 862 513 477 824 862 862 862 862 1463 393 862 862 862
372 862 862 862 862 862 862 862 862 72 359 862 862 862 862 862 620 367 824 273 -273 862 862 862 862 862 1667 855 862 862 862 862 376 -13 862 862 862 862 513 477 824 862 862 862 862 1463 393 862 862 862
372 862 862 862 862 862 862 862 862 72 359 862 862 862 862 862 620 367 824 273 -273 862 862 862 862 862 1667 855 862 862 862 862 376 -13 862 862 862 862 513 477 824 862 862 862 862 1463 393 862 862 862
350 916 916 916 916 916 916 916 916 910 500 916 916 916 916 916 -21 92 262 116 138 916 916 916 916 916 50 1026 916 916 916 916 1202 105 916 916 916 916 771 -1715 915 916 916 916 916 487 431 916 916 916
-16 -535 -535 -535 -535 -535 -535 -535 -535 -1490 120 -535 -535 -535 -535 -535 237 -464 -84 -496 -1631 -535 -535 -535 -535 -535 3695 -1037 -535 -535 -535 -535 -1673 -645 -535 -535 -535 -535 -604 5418 -693 -535 -535 -535 -535 273 -1051 -535 -535 -535
372 862 862 862 862 862 862 862 862 72 359 862 862 862 862 862 620 367 824 273 -273 862 862 862 862 862 1667 855 862 862 862 862 376 -13 862 862 862 862 513 477 824 862 862 862 862 1463 393 862 862 862
372 862 862 862 862 862 862 862 862 72 359 862 862 862 862 862 620 367 824 273 -273 862 862 862 862 862 1667 855 862 862 862 862 376 -13 862 862 862 862 513 477 824 862 862 862 862 1463 393 862 862 862
372 862 862 862 862 862 862 862 862 72 359 862 862 862 862 862 620 367 824 273 -273 862 862 862 862 862 1667 855 862 862 862 862 376 -13 862 862 862 862 513 477 824 862 862 862 862 1463 393 862 862 862
372 862 862 862 862 862 862 862 862 72 359 862 862 862 862 862 620 367 824 273 -273 862 862 862 862 862 1667 855 862 862 862 862 376 -13 862 862 862 862 513 477 824 862 862 862 862 1463 393 862 862 862
358 1102 1102 1102 1102 1102 1102 1102 1102 505 676 1102 1102 1102 1102 1102 557 244 621 138 -63 1102 1102 1102 1102 1102 1277 1116 1102 1102 1102 1102 862 36 1102 1102 1102 1102 794 -238 1072 1102 1102 1102 1102 1412 402 1102 1102 1102
-142 874 874 874 874 874 874 874 874 753 967 874 874 874 874 874 216 -208 -236 -411 2176 874 874 874 874 874 -821 821 874 874 874 874 -458 2078 874 874 874 874 943 2266 900 874 874 874 874 -894 1562 874 874 874
372 852 852 852 852 852 852 852 852 31 351 852 852 852 852 852 750 426 876 331 -402 852 852 852 852 852 1793 830 852 852 852 852 408 -128 852 852 852 852 504 490 806 852 852 852 852 1657 278 852 852 852
372 862 862 862 862 862 862 862 862 72 359 862 862 862 862 862 620 367 824 273 -273 862 862 862 862 862 1667 855 862 862 862 862 376 -13 862 862 862 862 513 477 824 862 862 862 862 1463 393 862 862 862
372 862 862 862 862 862 862 862 862 72 359 862 862 862 862 862 620 367 824 273 -273 862 862 862 862 862 1667 855 862 862 862 862 376 -13 862 862 862 862 513 477 824 862 862 862 862 1463 393 862 862 862
372 862 862 862 862 862 862 862 862 72 359 862 862 862 862 862 620 367 824 273 -273 862 862 862 862 862 1667 855 862 862 862 862 376 -13 862 862 862 862 513 477 824 862 862 862 862 1463 393 862 862 862
372 862 862 862 862 862 862 862 862 72 359 862 862 862 862 862 620 367 824 273 -273 862 862 862 862 862 1667 855 862 862 862 862 376 -13 862 862 862 862 513 477 824 862 862 862 862 1463 393 862 862 862
565 454 454 454 454 454 454 454 454 -140 -814 454 454 454 454 454 266 558 1273 1312 -561 454 454 454 454 454 480 680 454 454 454 454 1319 -937 454 454 454 454 90 -3145 453 454 454 454 454 2735 -160 454 454 454
103 -590 -590 -590 -590 -590 -590 -590 -590 -1819 -283 -590 -590 -590 -590 -590 1029 79 562 177 -1988 -590 -590 -590 -590 -590 3763 -1042 -590 -590 -590 -590 -1255 -1172 -590 -590 -590 -590 -753 4460 -752 -590 -590 -590 -590 1974 -1346 -590 -590 -590
372 862 862 862 862 862 862 862 862 72 359 862 862 862 862 862 620 367 824 273 -273 862 862 862 862 862 1667 855 862 862 862 862 376 -13 862 862 862 862 513 477 824 862 862 862 862 1463 393 862 862 862
372 862 862 862 862 862 862 862 862 72 359 862 862 862 862 862 620 367 824 273 -273 862 862 862 862 862 1667 855 862 862 862 862 376 -13 862 862 862 862 513 477 824 862 862 862 862 1463 393 862 862 862
372 862 862 862 862 862 862 862 862 72 359 862 862 862 862 862 620 367 824 273 -273 862 862 862 862 862 1667 855 862 862 862 862 376 -13 862 862 862 862 513 477 824 862 862 862 862 1463 393 862 862 862
