-4 -56 -56 -56 -56 -56 -56 -56 -56 -56 -177 -56 -56 -56 -56 -56 249 314 382 405 -134 -56 -56 -56 -56 -56 57 -64 -56 -56 -56 -56 -130 -113 -56 -56 -56 -56 -24 63 -65 -56 -56 -56 -56 197 -26 -56 -56 -56
-92 -19 -19 -19 -19 -19 -19 -19 -19 -88 -450 -19 -19 -19 -19 -19 17 -9 1033 767 -231 -19 -19 -19 -19 -19 829 50 -19 -19 -19 -19 -626 -528 -19 -19 -19 -19 38 177 -31 -19 -19 -19 -19 20 289 -19 -19 -19
-92 -19 -19 -19 -19 -19 -19 -19 -19 -88 -450 -19 -19 -19 -19 -19 17 -9 1033 767 -231 -19 -19 -19 -19 -19 829 50 -19 -19 -19 -19 -626 -528 -19 -19 -19 -19 38 177 -31 -19 -19 -19 -19 20 289 -19 -19 -19
-92 -19 -19 -19 -19 -19 -19 -19 -19 -88 -450 -19 -19 -19 -19 -19 17 -9 1033 767 -231 -19 -19 -19 -19 -19 829 50 -19 -19 -19 -19 -626 -528 -19 -19 -19 -19 38 177 -31 -19 -19 -19 -19 20 289 -19 -19 -19
-92 -19 -19 -19 -19 -19 -19 -19 -19 -88 -450 -19 -19 -19 -19 -19 17 -9 1033 767 -231 -19 -19 -19 -19 -19 829 50 -19 -19 -19 -19 -626 -528 -19 -19 -19 -19 38 177 -31 -19 -19 -19 -19 20 289 -19 -19 -19
-92 -19 -19 -19 -19 -19 -19 -19 -19 -88 -450 -19 -19 -19 -19 -19 17 -9 1033 767 -231 -19 -19 -19 -19 -19 829 50 -19 -19 -19 -19 -626 -528 -19 -19 -19 -19 38 177 -31 -19 -19 -19 -19 20 289 -19 -19 -19
-92 -19 -19 -19 -19 -19 -19 -19 -19 -88 -450 -19 -19 -19 -19 -19 17 -9 1033 767 -231 -19 -19 -19 -19 -19 829 50 -19 -19 -19 -19 -626 -528 -19 -19 -19 -19 38 177 -31 -19 -19 -19 -19 20 289 -19 -19 -19
-92 -19 -19 -19 -19 -19 -19 -19 -19 -88 -450 -19 -19 -19 -19 -19 17 -9 1033 767 -231 -19 -19 -19 -19 -19 829 50 -19 -19 -19 -19 -626 -528 -19 -19 -19 -19 38 177 -31 -19 -19 -19 -19 20 289 -19 -19 -19
-92 -19 -19 -19 -19 -19 -19 -19 -19 -88 -450 -19 -19 -19 -19 -19 17 -9 1033 767 -231 -19 -19 -19 -19 -19 829 50 -19 -19 -19 -19 -626 -528 -19 -19 -19 -19 38 177 -31 -19 -19 -19 -19 20 289 -19 -19 -19
-37 -756 -756 -756 -756 -756 -756 -756 -756 -465 -1038 -756 -756 -756 -756 -756 -303 -3 979 1510 -770 -756 -756 -756 -756 -756 0 -647 -756 -756 -756 -756 -180 -847 -756 -756 -756 -756 -443 -795 -768 -756 -756 -756 -756 121 -117 -756 -756 -756
-85 -1250 -1250 -1250 -1250 -1250 -1250 -1250 -1250 -1055 -1591 -1250 -1250 -1250 -1250 -1250 -488 348 1435 1789 -862 -1250 -1250 -1250 -1250 -1250 195 -1171 -1250 -1250 -1250 -1250 -1132 -805 -1250 -1250 -1250 -1250 -1027 -13 -1276 -1250 -1250 -1250 -1250 -326 10 -1250 -1250 -1250
-92 -19 -19 -19 -19 -19 -19 -19 -19 -88 -450 -19 -19 -19 -19 -19 17 -9 1033 767 -231 -19 -19 -19 -19 -19 829 50 -19 -19 -19 -19 -626 -528 -19 -19 -19 -19 38 177 -31 -19 -19 -19 -19 20 289 -19 -19 -19
-92 -19 -19 -19 -19 -19 -19 -19 -19 -88 -450 -19 -19 -19 -19 -19 17 -9 1033 767 -231 -19 -19 -19 -19 -19 829 50 -19 -19 -19 -19 -626 -528 -19 -19 -19 -19 38 177 -31 -19 -19 -19 -19 20 289 -19 -19 -19
-92 -19 -19 -19 -19 -19 -19 -19 -19 -88 -450 -19 -19 -19 -19 -19 17 -9 1033 767 -231 -19 -19 -19 -19 -19 829 50 -19 -19 -19 -19 -626 -528 -19 -19 -19 -19 38 177 -31 -19 -19 -19 -19 20 289 -19 -19 -19
-92 -19 -19 -19 -19 -19 -19 -19 -19 -88 -450 -19 -19 -19 -19 -19 17 -9 1033 767 -231 -19 -19 -19 -19 -19 829 50 -19 -19 -19 -19 -626 -528 -19 -19 -19 -19 38 177 -31 -19 -19 -19 -19 20 289 -19 -19 -19
-92 -19 -19 -19 -19 -19 -19 -19 -19 -88 -450 -19 -19 -19 -19 -19 17 -9 1033 767 -231 -19 -19 -19 -19 -19 829 50 -19 -19 -19 -19 -626 -528 -19 -19 -19 -19 38 177 -31 -19 -19 -19 -19 20 289 -19 -19 -19
-55 55 55 55 55 55 55 55 55 104 790 55 55 55 55 55 -1492 -2554 -1809 -2210 -117 55 55 55 55 55 1814 -239 55 55 55 55 -214 -800 55 55 55 55 -4 1435 -28 55 55 55 55 -1169 -1227 55 55 55
-39 1610 1610 1610 1610 1610 1610 1610 1610 1213 2111 1610 1610 1610 1610 1610 60 -1530 -1907 -2778 952 1610 1610 1610 1610 1610 1352 1385 1610 1610 1610 1610 469 276 1610 1610 1610 1610 1306 1435 1587 1610 1610 1610 1610 -210 -514 1610 1610 1610
13 2622 2622 2622 2622 2622 2622 2622 2622 2384 2841 2622 2622 2622 2622 2622 1334 -797 -1432 -2417 807 2622 2622 2622 2622 2622 2178 2437 2622 2622 2622 2622 1468 -10 2622 2622 2622 2622 2411 954 2618 2622 2622 2622 2622 697 -391 2622 2622 2622
63 2701 2701 2701 2701 2701 2701 2701 2701 2577 2902 2701 2701 2701 2701 2701 1866 -648 -1460 -1787 565 2701 2701 2701 2701 2701 442 2653 2701 2701 2701 2701 2588 -388 2701 2701 2701 2701 2695 -1344 2728 2701 2701 2701 2701 1875 -910 2701 2701 2701
-33 2207 2207 2207 2207 2207 2207 2207 2207 2230 1474 2207 2207 2207 2207 2207 3068 1779 1354 1633 877 2207 2207 2207 2207 2207 -972 2408 2207 2207 2207 2207 1627 432 2207 2207 2207 2207 2538 -1500 2258 2207 2207 2207 2207 2103 870 2207 2207 2207
-92 -19 -19 -19 -19 -19 -19 -19 -19 -88 -450 -19 -19 -19 -19 -19 17 -9 1033 767 -231 -19 -19 -19 -19 -19 829 50 -19 -19 -19 -19 -626 -528 -19 -19 -19 -19 38 177 -31 -19 -19 -19 -19 20 289 -19 -19 -19
-92 -19 -19 -19 -19 -19 -19 -19 -19 -88 -450 -19 -19 -19 -19 -19 17 -9 1033 767 -231 -19 -19 -19 -19 -19 829 50 -19 -19 -19 -19 -626 -528 -19 -19 -19 -19 38 177 -31 -19 -19 -19 -19 20 289 -19 -19 -19
-92 -19 -19 -19 -19 -19 -19 -19 -19 -88 -450 -19 -19 -19 -19 -19 17 -9 1033 767 -231 -19 -19 -19 -19 -19 829 50 -19 -19 -19 -19 -626 -528 -19 -19 -19 -19 38 177 -31 -19 -19 -19 -19 20 289 -19 -19 -19
-92 -19 -19 -19 -19 -19 -19 -19 -19 -88 -450 -19 -19 -19 -19 -19 17 -9 1033 767 -231 -19 -19 -19 -19 -19 829 50 -19 -19 -19 -19 -626 -528 -19 -19 -19 -19 38 177 -31 -19 -19 -19 -19 20 289 -19 -19 -19
-92 -19 -19 -19 -19 -19 -19 -19 -19 -88 -450 -19 -19 -19 -19 -19 17 -9 1033 767 -231 -19 -19 -19 -19 -19 829 50 -19 -19 -19 -19 -626 -528 -19 -19 -19 -19 38 177 -31 -19 -19 -19 -19 20 289 -19 -19 -19
-91 -2253 -2253 -2253 -2253 -2253 -2253 -2253 -2253 -1998 -2066 -2253 -2253 -2253 -2253 -2253 -2477 -735 415 -506 -1898 -2253 -2253 -2253 -2253 -2253 4289 -2581 -2253 -2253 -2253 -2253 -2304 -1278 -2253 -2253 -2253 -2253 -2594 3083 -2382 -2253 -2253 -2253 -2253 -2263 -654 -2253 -2253 -2253
-76 703 703 703 703 703 703 703 703 581 245 703 703 703 703 703 510 30 829 463 93 703 703 703 703 703 900 764 703 703 703 703 -115 -322 703 703 703 703 735 129 697 703 703 703 703 321 442 703 703 703
-92 -19 -19 -19 -19 -19 -19 -19 -19 -88 -450 -19 -19 -19 -19 -19 17 -9 1033 767 -231 -19 -19 -19 -19 -19 829 50 -19 -19 -19 -19 -626 -528 -19 -19 -19 -19 38 177 -31 -19 -19 -19 -19 20 289 -19 -19 -19
-92 -19 -19 -19 -19 -19 -19 -19 -19 -88 -450 -19 -19 -19 -19 -19 17 -9 1033 767 -231 -19 -19 -19 -19 -19 829 50 -19 -19 -19 -19 -626 -528 -19 -19 -19 -19 38 177 -31 -19 -19 -19 -19 20 289 -19 -19 -19
-92 -19 -19 -19 -19 -19 -19 -19 -19 -88 -450 -19 -19 -19 -19 -19 17 -9 1033 767 -231 -19 -19 -19 -19 -19 829 50 -19 -19 -19 -19 -626 -528 -19 -19 -19 -19 38 177 -31 -19 -19 -19 -19 20 289 -19 -19 -19
-92 -19 -19 -19 -19 -19 -19 -19 -19 -88 -450 -19 -19 -19 -19 -19 17 -9 1033 767 -231 -19 -19 -19 -19 -19 829 50 -19 -19 -19 -19 -626 -528 -19 -19 -19 -19 38 177 -31 -19 -19 -19 -19 20 289 -19 -19 -19
-48 -365 -365 -365 -365 -365 -365 -365 -365 86 -629 -365 -365 -365 -365 -365 277 -44 966 1866 -1349 -365 -365 -365 -365 -365 -182 -281 -365 -365 -365 -365 764 -1710 -365 -365 -365 -365 111 -1856 -395 -365 -365 -365 -365 1096 -774 -365 -365 -365
-92 2400 2400 2400 2400 2400 2400 2400 2400 2088 1587 2400 2400 2400 2400 2400 3495 2166 1432 1601 1097 2400 2400 2400 2400 2400 -1750 2665 2400 2400 2400 2400 1433 690 2400 2400 2400 2400 2651 -1554 2485 2400 2400 2400 2400 2577 1075 2400 2400 2400
-92 -19 -19 -19 -19 -19 -19 -19 -19 -88 -450 -19 -19 -19 -19 -19 17 -9 1033 767 -231 -19 -19 -19 -19 -19 829 50 -19 -19 -19 -19 -626 -528 -19 -19 -19 -19 38 177 -31 -19 -19 -19 -19 20 289 -19 -19 -19
-92 -19 -19 -19 -19 -19 -19 -19 -19 -88 -450 -19 -19 -19 -19 -19 17 -9 1033 767 -231 -19 -19 -19 -19 -19 829 50 -19 -19 -19 -19 -626 -528 -19 -19 -19 -19 38 177 -31 -19 -19 -19 -19 20 289 -19 -19 -19
-92 -19 -19 -19 -19 -19 -19 -19 -19 -88 -450 -19 -19 -19 -19 -19 17 -9 1033 767 -231 -19 -19 -19 -19 -19 829 50 -19 -19 -19 -19 -626 -528 -19 -19 -19 -19 38 177 -31 -19 -19 -19 -19 20 289 -19 -19 -19
-92 -19 -19 -19 -19 -19 -19 -19 -19 -88 -450 -19 -19 -19 -19 -19 17 -9 1033 767 -231 -19 -19 -19 -19 -19 829 50 -19 -19 -19 -19 -626 -528 -19 -19 -19 -19 38 177 -31 -19 -19 -19 -19 20 289 -19 -19 -19
-63 -59 -59 -59 -59 -59 -59 -59 -59 -33 -431 -59 -59 -59 -59 -59 49 -149 866 908 -333 -59 -59 -59 -59 -59 187 55 -59 -59 -59 -59 -112 -693 -59 -59 -59 -59 99 -744 -61 -59 -59 -59 -59 395 22 -59 -59 -59
-127 -1334 -1334 -1334 -1334 -1334 -1334 -1334 -1334 -1658 -1741 -1334 -1334 -1334 -1334 -1334 -101 1218 1576 791 -514 -1334 -1334 -1334 -1334 -1334 412 -1315 -1334 -1334 -1334 -1334 -1942 19 -1334 -1334 -1334 -1334 -1598 731 -1346 -1334 -1334 -1334 -1334 -197 151 -1334 -1334 -1334
-88 215 215 215 215 215 215 215 215 116 -242 215 215 215 215 215 182 17 997 673 -114 215 215 215 215 215 837 283 215 215 215 215 -474 -446 215 215 215 215 254 137 205 215 215 215 215 135 355 215 215 215
-92 -19 -19 -19 -19 -19 -19 -19 -19 -88 -450 -19 -19 -19 -19 -19 17 -9 1033 767 -231 -19 -19 -19 -19 -19 829 50 -19 -19 -19 -19 -626 -528 -19 -19 -19 -19 38 177 -31 -19 -19 -19 -19 20 289 -19 -19 -19
-92 -19 -19 -19 -19 -19 -19 -19 -19 -88 -450 -19 -19 -19 -19 -19 17 -9 1033 767 -231 -19 -19 -19 -19 -19 829 50 -19 -19 -19 -19 -626 -528 -19 -19 -19 -19 38 177 -31 -19 -19 -19 -19 20 289 -19 -19 -19
-92 -19 -19 -19 -19 -19 -19 -19 -19 -88 -450 -19 -19 -19 -19 -19 17 -9 1033 767 -231 -19 -19 -19 -19 -19 829 50 -19 -19 -19 -19 -626 -528 -19 -19 -19 -19 38 177 -31 -19 -19 -19 -19 20 289 -19 -19 -19
-92 -19 -19 -19 -19 -19 -19 -19 -19 -88 -450 -19 -19 -19 -19 -19 17 -9 1033 767 -231 -19 -19 -19 -19 -19 829 50 -19 -19 -19 -19 -626 -528 -19 -19 -19 -19 38 177 -31 -19 -19 -19 -19 20 289 -19 -19 -19
-92 1269 1269 1269 1269 1269 1269 1269 1269 1163 1571 1269 1269 1269 1269 1269 -168 -1912 -1078 -2012 87 1269 1269 1269 1269 1269 2417 1015 1269 1269 1269 1269 309 -1006 1269 1269 1269 1269 1125 944 1195 1269 1269 1269 1269 -130 -1042 1269 1269 1269
-24 3443 3443 3443 3443 3443 3443 3443 3443 3179 2728 3443 3443 3443 3443 3443 3859 1665 739 741 1240 3443 3443 3443 3443 3443 -1087 3661 3443 3443 3443 3443 2386 587 3443 3443 3443 3443 3705 -1591 3533 3443 3443 3443 3443 2791 1046 3443 3443 3443
-92 -19 -19 -19 -19 -19 -19 -19 -19 -88 -450 -19 -19 -19 -19 -19 17 -9 1033 767 -231 -19 -19 -19 -19 -19 829 50 -19 -19 -19 -19 -626 -528 -19 -19 -19 -19 38 177 -31 -19 -19 -19 -19 20 289 -19 -19 -19
-92 -19 -19 -19 -19 -19 -19 -19 -19 -88 -450 -19 -19 -19 -19 -19 17 -9 1033 767 -231 -19 -19 -19 -19 -19 829 50 -19 -19 -19 -19 -626 -528 -19 -19 -19 -19 38 177 -31 -19 -19 -19 -19 20 289 -19 -19 -19
-92 -19 -19 -19 -19 -19 -19 -19 -19 -88 -450 -19 -19 -19 -19 -19 17 -9 1033 767 -231 -19 -19 -19 -19 -19 829 50 -19 -19 -19 -19 -626 -528 -19 -19 -19 -19 38 177 -31 -19 -19 -19 -19 20 289 -19 -19 -19
