495 6 286 89 -52 -45 127 -151 -128 -23 -405 58 254 -509 219 271 138 -479 -496 -506 254 -382 366 472 249 -95 -74 -264 -354 -468 -45 -102 123 440 -504 390 -282 207 20 -352 63 113 220 341 -414 165 -414 271 224 -197 -409 244 -384 -336 -505 -107 15 -477 341 -69 -57 506 369 -77
-1871 -4254 -491 317 1642 -1816 2376 -3855 -262 -120 -403 -2527 -873 -2722 -1983 -3355 -612 -599 -3051 -7102 -3087 1312 -2643 1780 -4263 2278 1798 -1055 3451 1312 -1296 -1108 2715 911 -977 5260 -909 2559 4574 1587 928 627 -1703 1241 1643 1599 -1709 1304 32 -122 -433 1008 -431 -767 -1472 -2722 2739 -2304 -314 5228 74 -412 459 4478
-1871 -4254 -491 317 1642 -1816 2376 -3855 -262 -120 -403 -2527 -873 -2722 -1983 -3355 -612 -599 -3051 -7102 -3087 1312 -2643 1780 -4263 2278 1798 -1055 3451 1312 -1296 -1108 2715 911 -977 5260 -909 2559 4574 1587 928 627 -1703 1241 1643 1599 -1709 1304 32 -122 -433 1008 -431 -767 -1472 -2722 2739 -2304 -314 5228 74 -412 459 4478
-1871 -4254 -491 317 1642 -1816 2376 -3855 -262 -120 -403 -2527 -873 -2722 -1983 -3355 -612 -599 -3051 -7102 -3087 1312 -2643 1780 -4263 2278 1798 -1055 3451 1312 -1296 -1108 2715 911 -977 5260 -909 2559 4574 1587 928 627 -1703 1241 1643 1599 -1709 1304 32 -122 -433 1008 -431 -767 -1472 -2722 2739 -2304 -314 5228 74 -412 459 4478
-1871 -4254 -491 317 1642 -1816 2376 -3855 -262 -120 -403 -2527 -873 -2722 -1983 -3355 -612 -599 -3051 -7102 -3087 1312 -2643 1780 -4263 2278 1798 -1055 3451 1312 -1296 -1108 2715 911 -977 5260 -909 2559 4574 1587 928 627 -1703 1241 1643 1599 -1709 1304 32 -122 -433 1008 -431 -767 -1472 -2722 2739 -2304 -314 5228 74 -412 459 4478
-1871 -4254 -491 317 1642 -1816 2376 -3855 -262 -120 -403 -2527 -873 -2722 -1983 -3355 -612 -599 -3051 -7102 -3087 1312 -2643 1780 -4263 2278 1798 -1055 3451 1312 -1296 -1108 2715 911 -977 5260 -909 2559 4574 1587 928 627 -1703 1241 1643 1599 -1709 1304 32 -122 -433 1008 -431 -767 -1472 -2722 2739 -2304 -314 5228 74 -412 459 4478
-1871 -4254 -491 317 1642 -1816 2376 -3855 -262 -120 -403 -2527 -873 -2722 -1983 -3355 -612 -599 -3051 -7102 -3087 1312 -2643 1780 -4263 2278 1798 -1055 3451 1312 -1296 -1108 2715 911 -977 5260 -909 2559 4574 1587 928 627 -1703 1241 1643 1599 -1709 1304 32 -122 -433 1008 -431 -767 -1472 -2722 2739 -2304 -314 5228 74 -412 459 4478
-1871 -4254 -491 317 1642 -1816 2376 -3855 -262 -120 -403 -2527 -873 -2722 -1983 -3355 -612 -599 -3051 -7102 -3087 1312 -2643 1780 -4263 2278 1798 -1055 3451 1312 -1296 -1108 2715 911 -977 5260 -909 2559 4574 1587 928 627 -1703 1241 1643 1599 -1709 1304 32 -122 -433 1008 -431 -767 -1472 -2722 2739 -2304 -314 5228 74 -412 459 4478
-1871 -4254 -491 317 1642 -1816 2376 -3855 -262 -120 -403 -2527 -873 -2722 -1983 -3355 -612 -599 -3051 -7102 -3087 1312 -2643 1780 -4263 2278 1798 -1055 3451 1312 -1296 -1108 2715 911 -977 5260 -909 2559 4574 1587 928 627 -1703 1241 1643 1599 -1709 1304 32 -122 -433 1008 -431 -767 -1472 -2722 2739 -2304 -314 5228 74 -412 459 4478
-3430 -5359 -1728 281 1379 -2122 2855 -1839 889 -321 991 -1288 177 -3729 -1076 -3787 -1611 -715 -3299 -6152 -1828 2069 -1958 2130 -4609 1457 843 -904 2002 1469 -3026 -342 2524 992 -1383 6188 -43 1920 5283 2738 2588 1174 -1754 508 544 793 -1957 3807 -353 -940 -140 2403 -2284 -264 -891 -3310 771 -1982 375 5351 907 -1153 1063 4864
-1351 -3843 -1233 52 532 -3489 971 -3570 -723 -1078 1616 -1563 -895 -2956 -476 -3849 -167 -1135 -2089 -6428 -3276 3020 -2869 2892 -3629 1032 979 283 2853 -1416 226 -2285 2989 -302 -2846 5024 217 1802 3943 1331 1497 1493 -1932 2171 1887 1750 -1282 2062 -572 -342 -538 3792 -635 -1931 -2058 -1033 826 -2607 -1378 4686 374 -632 1409 3303
-1871 -4254 -491 317 1642 -1816 2376 -3855 -262 -120 -403 -2527 -873 -2722 -1983 -3355 -612 -599 -3051 -7102 -3087 1312 -2643 1780 -4263 2278 1798 -1055 3451 1312 -1296 -1108 2715 911 -977 5260 -909 2559 4574 1587 928 627 -1703 1241 1643 1599 -1709 1304 32 -122 -433 1008 -431 -767 -1472 -2722 2739 -2304 -314 5228 74 -412 459 4478
-1871 -4254 -491 317 1642 -1816 2376 -3855 -262 -120 -403 -2527 -873 -2722 -1983 -3355 -612 -599 -3051 -7102 -3087 1312 -2643 1780 -4263 2278 1798 -1055 3451 1312 -1296 -1108 2715 911 -977 5260 -909 2559 4574 1587 928 627 -1703 1241 1643 1599 -1709 1304 32 -122 -433 1008 -431 -767 -1472 -2722 2739 -2304 -314 5228 74 -412 459 4478
-1871 -4254 -491 317 1642 -1816 2376 -3855 -262 -120 -403 -2527 -873 -2722 -1983 -3355 -612 -599 -3051 -7102 -3087 1312 -2643 1780 -4263 2278 1798 -1055 3451 1312 -1296 -1108 2715 911 -977 5260 -909 2559 4574 1587 928 627 -1703 1241 1643 1599 -1709 1304 32 -122 -433 1008 -431 -767 -1472 -2722 2739 -2304 -314 5228 74 -412 459 4478
-1871 -4254 -491 317 1642 -1816 2376 -3855 -262 -120 -403 -2527 -873 -2722 -1983 -3355 -612 -599 -3051 -7102 -3087 1312 -2643 1780 -4263 2278 1798 -1055 3451 1312 -1296 -1108 2715 911 -977 5260 -909 2559 4574 1587 928 627 -1703 1241 1643 1599 -1709 1304 32 -122 -433 1008 -431 -767 -1472 -2722 2739 -2304 -314 5228 74 -412 459 4478
-1871 -4254 -491 317 1642 -1816 2376 -3855 -262 -120 -403 -2527 -873 -2722 -1983 -3355 -612 -599 -3051 -7102 -3087 1312 -2643 1780 -4263 2278 1798 -1055 3451 1312 -1296 -1108 2715 911 -977 5260 -909 2559 4574 1587 928 627 -1703 1241 1643 1599 -1709 1304 32 -122 -433 1008 -431 -767 -1472 -2722 2739 -2304 -314 5228 74 -412 459 4478
-464 -4986 515 1770 2194 2130 2403 1122 -82 908 311 -3362 -590 -1782 -2439 -1692 -313 -1602 -1661 -6338 -494 1293 -2497 -1955 -4920 3327 789 -4682 -456 2433 -1530 -2077 4816 3501 242 2650 -2293 2933 2217 695 477 1672 -960 -723 814 2078 -2502 2881 3502 -558 -1077 -1841 -603 1363 -2594 -4774 2765 -2658 -2200 4008 -1206 1876 -1089 2536
-1068 -2575 1897 1717 2357 4090 2338 3068 -564 -545 -4385 -2407 797 195 -3379 2459 -1571 -1346 -1405 -2156 1933 -2127 1512 -3505 -371 1054 2399 -4177 -1241 2373 -2177 1778 1067 4519 1183 -417 -4744 361 977 -2134 -976 -1915 -333 774 -1866 -472 -2872 2125 2376 2174 -491 -6661 109 346 -355 -5291 4285 1319 -59 -171 -2907 2525 -2205 346
664 -1570 2055 2804 826 2916 2434 -367 -1260 80 -4968 -1742 1137 1248 -2034 971 -1358 -1705 -187 -1206 2958 -2328 1967 -4143 792 1416 2072 -835 414 4130 -1885 2634 -107 4151 605 -2050 -3582 -898 536 -3751 -2384 -2334 1236 -524 -642 -196 -1836 807 2284 2711 -1900 -9176 391 1355 -396 -4121 5334 -143 357 -970 -3932 1359 -3190 1712
-855 -1358 -372 1167 -1091 3497 1186 4435 312 -261 -987 538 3296 171 697 1539 -2708 -1595 -1155 1683 5305 -1069 3694 -2628 1495 -434 838 -1789 -1520 4267 -5434 5240 -1704 4405 1185 -2271 -5075 -480 157 -2219 -316 -3050 226 -2034 -4240 -1468 -1177 3137 3183 -1069 -244 -8122 -858 2981 251 -2464 2685 607 1068 -1103 -2920 1675 -3623 1044
-2915 -1372 1327 -227 955 -2166 2222 -4317 -765 -2254 -2802 -1008 -699 1623 692 -2490 961 19 -669 -5537 -2030 268 984 2694 -1714 -519 4165 2550 4721 471 1661 2017 2509 -265 -829 3197 -1912 3032 4101 -1383 -3804 -416 -753 4973 1423 892 425 -798 -2388 3907 -239 -1527 -484 -1937 789 -1472 2609 -2374 410 1996 -994 -95 -2676 5143
-1871 -4254 -491 317 1642 -1816 2376 -3855 -262 -120 -403 -2527 -873 -2722 -1983 -3355 -612 -599 -3051 -7102 -3087 1312 -2643 1780 -4263 2278 1798 -1055 3451 1312 -1296 -1108 2715 911 -977 5260 -909 2559 4574 1587 928 627 -1703 1241 1643 1599 -1709 1304 32 -122 -433 1008 -431 -767 -1472 -2722 2739 -2304 -314 5228 74 -412 459 4478
-1871 -4254 -491 317 1642 -1816 2376 -3855 -262 -120 -403 -2527 -873 -2722 -1983 -3355 -612 -599 -3051 -7102 -3087 1312 -2643 1780 -4263 2278 1798 -1055 3451 1312 -1296 -1108 2715 911 -977 5260 -909 2559 4574 1587 928 627 -1703 1241 1643 1599 -1709 1304 32 -122 -433 1008 -431 -767 -1472 -2722 2739 -2304 -314 5228 74 -412 459 4478
-1871 -4254 -491 317 1642 -1816 2376 -3855 -262 -120 -403 -2527 -873 -2722 -1983 -3355 -612 -599 -3051 -7102 -3087 1312 -2643 1780 -4263 2278 1798 -1055 3451 1312 -1296 -1108 2715 911 -977 5260 -909 2559 4574 1587 928 627 -1703 1241 1643 1599 -1709 1304 32 -122 -433 1008 -431 -767 -1472 -2722 2739 -2304 -314 5228 74 -412 459 4478
-1871 -4254 -491 317 1642 -1816 2376 -3855 -262 -120 -403 -2527 -873 -2722 -1983 -3355 -612 -599 -3051 -7102 -3087 1312 -2643 1780 -4263 2278 1798 -1055 3451 1312 -1296 -1108 2715 911 -977 5260 -909 2559 4574 1587 928 627 -1703 1241 1643 1599 -1709 1304 32 -122 -433 1008 -431 -767 -1472 -2722 2739 -2304 -314 5228 74 -412 459 4478
-1871 -4254 -491 317 1642 -1816 2376 -3855 -262 -120 -403 -2527 -873 -2722 -1983 -3355 -612 -599 -3051 -7102 -3087 1312 -2643 1780 -4263 2278 1798 -1055 3451 1312 -1296 -1108 2715 911 -977 5260 -909 2559 4574 1587 928 627 -1703 1241 1643 1599 -1709 1304 32 -122 -433 1008 -431 -767 -1472 -2722 2739 -2304 -314 5228 74 -412 459 4478
4930 318 1773 4733 -1985 -2461 -2057 -2900 -4192 2974 2337 -2881 -532 -1305 -2745 -236 1908 -2976 2467 -1124 -1124 646 -6145 -2732 -1185 1384 -5118 -927 -1583 -1672 2728 -3290 3155 -1259 -3182 -3285 1464 -4035 -524 -1709 1491 987 -564 -695 1246 2319 -3554 1670 2762 -1348 -1066 694 16 -820 -3012 -2494 -326 478 -1710 -591 -2012 1911 4319 -3913
-1874 -4279 -198 273 1796 -1545 2409 -3333 251 35 -1103 -2538 -527 -1985 -2058 -3253 -775 -447 -3231 -6969 -2291 957 -2073 2050 -3851 1872 2334 -856 3665 1414 -1231 -673 2296 1545 -778 5150 -1295 2642 5094 1404 4 52 -1710 1616 939 1460 -1682 1540 -82 -168 -304 -266 41 -896 -1610 -2815 3092 -1842 -25 4996 -285 -780 -565 4772
-1871 -4254 -491 317 1642 -1816 2376 -3855 -262 -120 -403 -2527 -873 -2722 -1983 -3355 -612 -599 -3051 -7102 -3087 1312 -2643 1780 -4263 2278 1798 -1055 3451 1312 -1296 -1108 2715 911 -977 5260 -909 2559 4574 1587 928 627 -1703 1241 1643 1599 -1709 1304 32 -122 -433 1008 -431 -767 -1472 -2722 2739 -2304 -314 5228 74 -412 459 4478
-1871 -4254 -491 317 1642 -1816 2376 -3855 -262 -120 -403 -2527 -873 -2722 -1983 -3355 -612 -599 -3051 -7102 -3087 1312 -2643 1780 -4263 2278 1798 -1055 3451 1312 -1296 -1108 2715 911 -977 5260 -909 2559 4574 1587 928 627 -1703 1241 1643 1599 -1709 1304 32 -122 -433 1008 -431 -767 -1472 -2722 2739 -2304 -314 5228 74 -412 459 4478
-1871 -4254 -491 317 1642 -1816 2376 -3855 -262 -120 -403 -2527 -873 -2722 -1983 -3355 -612 -599 -3051 -7102 -3087 1312 -2643 1780 -4263 2278 1798 -1055 3451 1312 -1296 -1108 2715 911 -977 5260 -909 2559 4574 1587 928 627 -1703 1241 1643 1599 -1709 1304 32 -122 -433 1008 -431 -767 -1472 -2722 2739 -2304 -314 5228 74 -412 459 4478
-1871 -4254 -491 317 1642 -1816 2376 -3855 -262 -120 -403 -2527 -873 -2722 -1983 -3355 -612 -599 -3051 -7102 -3087 1312 -2643 1780 -4263 2278 1798 -1055 3451 1312 -1296 -1108 2715 911 -977 5260 -909 2559 4574 1587 928 627 -1703 1241 1643 1599 -1709 1304 32 -122 -433 1008 -431 -767 -1472 -2722 2739 -2304 -314 5228 74 -412 459 4478
-2420 -4282 -1618 -232 -889 -1878 519 904 859 731 2986 312 2534 -4231 884 -2393 -2472 -614 -3192 -2176 959 1895 -642 3557 -2359 796 -1505 -1574 2022 760 -3177 -201 709 1500 -1184 4324 -1951 753 3385 2684 3329 9 -2223 -1036 -1046 -136 -543 4378 395 -4418 1997 1694 -1225 1020 -1677 -841 277 -1850 1074 6142 1929 -782 818 3812
-3647 -371 2260 -1018 1974 -607 3516 -3805 -1365 -3996 -5622 -409 -721 1755 -278 -255 184 185 -432 -4552 -2965 -747 2395 582 -152 -1203 5170 2120 4314 1323 1027 2951 1370 -325 -1599 2639 -2730 1547 2846 -2902 -3167 -1126 -439 5151 1692 -302 31 -765 -3367 6052 263 -2809 -804 -1818 2374 -2199 3998 -1062 1075 677 -1578 1182 -1477 3419
-1871 -4254 -491 317 1642 -1816 2376 -3855 -262 -120 -403 -2527 -873 -2722 -1983 -3355 -612 -599 -3051 -7102 -3087 1312 -2643 1780 -4263 2278 1798 -1055 3451 1312 -1296 -1108 2715 911 -977 5260 -909 2559 4574 1587 928 627 -1703 1241 1643 1599 -1709 1304 32 -122 -433 1008 -431 -767 -1472 -2722 2739 -2304 -314 5228 74 -412 459 4478
-1871 -4254 -491 317 1642 -1816 2376 -3855 -262 -120 -403 -2527 -873 -2722 -1983 -3355 -612 -599 -3051 -7102 -3087 1312 -2643 1780 -4263 2278 1798 -1055 3451 1312 -1296 -1108 2715 911 -977 5260 -909 2559 4574 1587 928 627 -1703 1241 1643 1599 -1709 1304 32 -122 -433 1008 -431 -767 -1472 -2722 2739 -2304 -314 5228 74 -412 459 4478
-1871 -4254 -491 317 1642 -1816 2376 -3855 -262 -120 -403 -2527 -873 -2722 -1983 -3355 -612 -599 -3051 -7102 -3087 1312 -2643 1780 -4263 2278 1798 -1055 3451 1312 -1296 -1108 2715 911 -977 5260 -909 2559 4574 1587 928 627 -1703 1241 1643 1599 -1709 1304 32 -122 -433 1008 -431 -767 -1472 -2722 2739 -2304 -314 5228 74 -412 459 4478
-1871 -4254 -491 317 1642 -1816 2376 -3855 -262 -120 -403 -2527 -873 -2722 -1983 -3355 -612 -599 -3051 -7102 -3087 1312 -2643 1780 -4263 2278 1798 -1055 3451 1312 -1296 -1108 2715 911 -977 5260 -909 2559 4574 1587 928 627 -1703 1241 1643 1599 -1709 1304 32 -122 -433 1008 -431 -767 -1472 -2722 2739 -2304 -314 5228 74 -412 459 4478
-2578 -4989 -1594 143 1329 -1672 2466 -2341 356 -346 1021 -1625 -124 -3145 -1226 -3575 -1478 -942 -3372 -6784 -2235 1997 -1947 1791 -4463 2097 1229 -1136 2714 1757 -2852 -200 2516 1000 -902 5613 -1012 2613 4858 2130 1893 679 -1659 877 870 869 -1671 2910 150 -907 -575 1607 -1389 -69 -1303 -2717 1670 -2458 -423 5190 521 -558 282 4727
2088 2300 1004 1672 -295 -848 -504 -3626 -4941 -2668 518 -1698 -2489 682 -561 791 2610 -2018 2112 -2919 -5675 1197 -3204 -3260 328 -160 -733 1368 -1650 -1750 2140 458 2029 -4590 -2620 -1911 316 -1653 -1489 -3755 475 922 51 3240 2400 1531 -2140 -1083 210 4501 -2027 2216 -1863 -1657 797 -2243 -155 -327 -2423 -2845 -2561 3773 4269 -4807
-1866 -4320 -421 320 1715 -1664 2332 -3553 -59 -44 -562 -2556 -701 -2503 -2063 -3321 -717 -547 -3198 -7065 -2915 1166 -2523 1923 -4108 2152 1879 -1110 3428 1220 -1299 -932 2479 1012 -857 5300 -1050 2582 4808 1641 673 386 -1738 1494 1317 1510 -1761 1428 -57 -155 -314 705 -251 -845 -1507 -2870 2805 -2028 -214 5183 27 -537 236 4447
-1871 -4254 -491 317 1642 -1816 2376 -3855 -262 -120 -403 -2527 -873 -2722 -1983 -3355 -612 -599 -3051 -7102 -3087 1312 -2643 1780 -4263 2278 1798 -1055 3451 1312 -1296 -1108 2715 911 -977 5260 -909 2559 4574 1587 928 627 -1703 1241 1643 1599 -1709 1304 32 -122 -433 1008 -431 -767 -1472 -2722 2739 -2304 -314 5228 74 -412 459 4478
-1871 -4254 -491 317 1642 -1816 2376 -3855 -262 -120 -403 -2527 -873 -2722 -1983 -3355 -612 -599 -3051 -7102 -3087 1312 -2643 1780 -4263 2278 1798 -1055 3451 1312 -1296 -1108 2715 911 -977 5260 -909 2559 4574 1587 928 627 -1703 1241 1643 1599 -1709 1304 32 -122 -433 1008 -431 -767 -1472 -2722 2739 -2304 -314 5228 74 -412 459 4478
-1871 -4254 -491 317 1642 -1816 2376 -3855 -262 -120 -403 -2527 -873 -2722 -1983 -3355 -612 -599 -3051 -7102 -3087 1312 -2643 1780 -4263 2278 1798 -1055 3451 1312 -1296 -1108 2715 911 -977 5260 -909 2559 4574 1587 928 627 -1703 1241 1643 1599 -1709 1304 32 -122 -433 1008 -431 -767 -1472 -2722 2739 -2304 -314 5228 74 -412 459 4478
-1871 -4254 -491 317 1642 -1816 2376 -3855 -262 -120 -403 -2527 -873 -2722 -1983 -3355 -612 -599 -3051 -7102 -3087 1312 -2643 1780 -4263 2278 1798 -1055 3451 1312 -1296 -1108 2715 911 -977 5260 -909 2559 4574 1587 928 627 -1703 1241 1643 1599 -1709 1304 32 -122 -433 1008 -431 -767 -1472 -2722 2739 -2304 -314 5228 74 -412 459 4478
653 -4217 854 1305 -611 1875 -281 1276 -1534 2166 1144 -2363 1481 -1762 -1357 -969 -917 -826 -1350 -2480 2221 88 -1282 429 -2544 4199 -1576 -4724 1222 1982 -588 -1358 1929 4170 1643 142 -5367 2381 -86 -312 -371 -1220 -1556 -377 86 1165 -262 744 4244 -3225 -158 -3923 1212 1379 -3592 -1297 3364 -2987 -1759 4816 -174 2669 -2385 3082
-2992 -740 2580 -409 2870 -34 4221 -3583 -515 -2531 -6944 -410 184 1767 -1600 -491 -755 12 -1442 -3844 -2195 -1593 1903 -241 -269 -802 4530 2232 2956 3194 -869 4302 -1261 949 -1362 2583 -2018 705 3742 -2220 -3004 -2605 -535 3827 880 -570 -1022 111 -2466 5192 759 -5589 555 -969 2467 -3890 4880 284 2497 1203 -2755 809 -925 3103
-1871 -4254 -491 317 1642 -1816 2376 -3855 -262 -120 -403 -2527 -873 -2722 -1983 -3355 -612 -599 -3051 -7102 -3087 1312 -2643 1780 -4263 2278 1798 -1055 3451 1312 -1296 -1108 2715 911 -977 5260 -909 2559 4574 1587 928 627 -1703 1241 1643 1599 -1709 1304 32 -122 -433 1008 -431 -767 -1472 -2722 2739 -2304 -314 5228 74 -412 459 4478
-1871 -4254 -491 317 1642 -1816 2376 -3855 -262 -120 -403 -2527 -873 -2722 -1983 -3355 -612 -599 -3051 -7102 -3087 1312 -2643 1780 -4263 2278 1798 -1055 3451 1312 -1296 -1108 2715 911 -977 5260 -909 2559 4574 1587 928 627 -1703 1241 1643 1599 -1709 1304 32 -122 -433 1008 -431 -767 -1472 -2722 2739 -2304 -314 5228 74 -412 459 4478
-1871 -4254 -491 317 1642 -1816 2376 -3855 -262 -120 -403 -2527 -873 -2722 -1983 -3355 -612 -599 -3051 -7102 -3087 1312 -2643 1780 -4263 2278 1798 -1055 3451 1312 -1296 -1108 2715 911 -977 5260 -909 2559 4574 1587 928 627 -1703 1241 1643 1599 -1709 1304 32 -122 -433 1008 -431 -767 -1472 -2722 2739 -2304 -314 5228 74 -412 459 4478
