-0.08519813418388367
0.107799232006073
-0.03883454203605652
0.06315717101097107
0.00641942024230957
0.0562732070684433
-0.1027434766292572
-0.10577276349067688
0.08271783590316772
0.019607484340667725
0.06234730780124664
0.004312857985496521
0.10355807840824127
0.026951730251312256
0.044765129685401917
-0.06272800266742706
-0.04855944216251373
-0.03438177704811096
-0.0270068496465683
-0.027787715196609497
-0.10609762370586395
-0.0345182865858078
0.11359690129756927
0.08874218165874481
-0.05194944143295288
0.08954095840454102
-0.11307451128959656
-0.08340694010257721
0.09319038689136505
-0.09032952785491943
0.05405241250991821
0.08798396587371826
-0.1034012883901596
-0.1124567836523056
0.022577986121177673
-0.08453431725502014
-0.038647234439849854
-0.037301018834114075
0.0953761637210846
-0.06549999117851257
-0.056156888604164124
-0.05176536738872528
-0.06820951402187347
-0.02355910837650299
0.00941397249698639
-0.09780584275722504
-0.049636900424957275
-0.11269789934158325
-0.09930674731731415
-0.03385043144226074
0.08157584071159363
-0.09375466406345367
0.015168175101280212
0.05134275555610657
0.09172786772251129
0.07141987979412079
0.020411908626556396
0.04608571529388428
0.10171893239021301
0.062398672103881836
0.10319401323795319
-0.07232959568500519
-0.053312018513679504
0.02260775864124298
0.09223546087741852
-0.08486336469650269
-0.03761202096939087
-0.03411540389060974
0.04562261700630188
-0.07521849870681763
0.04433046281337738
-0.01628100872039795
-0.07601721584796906
0.06215360760688782
-0.062199145555496216
0.0156916081905365
-0.037167519330978394
-0.05325561761856079
0.03631407022476196
-0.1022561639547348
-0.0564306378364563
0.07904152572154999
0.08663740754127502
0.11110831797122955
0.10432174801826477
0.06561115384101868
-0.05010983347892761
-0.06654493510723114
-0.04330261051654816
-0.0736071914434433
0.09383614361286163
-0.0339401513338089
0.1192876398563385
0.07655392587184906
-0.04280625283718109
0.054305389523506165
0.026086226105690002
-0.024055778980255127
0.012406229972839355
0.10215994715690613
-0.06672084331512451
-0.03659874200820923
-0.003729492425918579
-0.022512003779411316
-0.050570517778396606
-0.07723742723464966
-0.12430129945278168
0.030297398567199707
-0.004605039954185486
0.11702026426792145
-0.049474239349365234
-0.03609614074230194
-0.05193959176540375
0.09643577039241791
0.03530038893222809
-0.02358551323413849
0.11799900233745575
0.059167683124542236
-0.09455963969230652
-0.09641629457473755
0.10937830805778503
0.03428389132022858
-0.05045171082019806
-0.10966189205646515
0.049163609743118286
-0.0522538423538208
0.07001745700836182
-0.031969934701919556
