0.05964498221874237
0.06433497369289398
-0.010575741529464722
-0.11636866629123688
-0.0541996955871582
0.05058470368385315
0.027155771851539612
0.04338681697845459
-0.054338812828063965
0.048217207193374634
-0.00206582248210907
0.12085771560668945
0.02101100981235504
-0.08812099695205688
0.06313680112361908
0.08488897979259491
0.03192944824695587
0.10435035824775696
0.04376634955406189
-0.10341143608093262
0.09064213931560516
0.023174792528152466
0.07683791220188141
0.025976791977882385
-0.0029308944940567017
-0.04800586402416229
0.03384728729724884
-0.022383004426956177
-0.016691476106643677
-0.031071215867996216
0.03716208040714264
0.025111138820648193
0.09241713583469391
0.026977598667144775
0.011061146855354309
-0.1115206927061081
-0.11035574972629547
-0.07293044030666351
0.10281595587730408
-0.021149173378944397
0.019995853304862976
0.0797947347164154
0.09990762174129486
0.08051428198814392
-0.03617861866950989
-0.10157075524330139
-0.09015259146690369
-0.030930176377296448
-0.006409943103790283
-0.05021315813064575
-0.10648980736732483
0.08780519664287567
-0.021540001034736633
0.05058911442756653
-0.1061776727437973
0.08934508264064789
-0.04327201843261719
0.0973212718963623
-0.04106806218624115
0.07602092623710632
0.08087129890918732
0.09542359411716461
-0.11248977482318878
-0.02182970941066742
