0 0 0 0 0 0 0 0 0 0 0 0 0 0 0 0 0 0 0 0 0 0 0 0 0 0 0 0 0 0 0 0 0 0 0 0 0 0 0 0 0 0 0 0 0 0 0 0 0 0 0 0 0 0 0 0 0 0 0 0 0 0 0 0
1202 -712 -43 -1913 1673 2751 -1600 731 -720 -4473 -980 2047 -4483 1563 427 2905 1633 -3506 -2933 -3691 -2969 -2256 2239 -1604 -1845 -1136 469 3012 1052 -83 1341 -4417 -3109 2694 471 270 -192 2713 1288 -439 2278 1234 1765 1127 644 2191 1830 3941 1791 1477 3898 -374 2038 -2831 -3983 -2499 926 1017 4265 1964 -677 -1816 -126 -4342
1202 -712 -43 -1913 1673 2751 -1600 731 -720 -4473 -980 2047 -4483 1563 427 2905 1633 -3506 -2933 -3691 -2969 -2256 2239 -1604 -1845 -1136 469 3012 1052 -83 1341 -4417 -3109 2694 471 270 -192 2713 1288 -439 2278 1234 1765 1127 644 2191 1830 3941 1791 1477 3898 -374 2038 -2831 -3983 -2499 926 1017 4265 1964 -677 -1816 -126 -4342
1202 -712 -43 -1913 1673 2751 -1600 731 -720 -4473 -980 2047 -4483 1563 427 2905 1633 -3506 -2933 -3691 -2969 -2256 2239 -1604 -1845 -1136 469 3012 1052 -83 1341 -4417 -3109 2694 471 270 -192 2713 1288 -439 2278 1234 1765 1127 644 2191 1830 3941 1791 1477 3898 -374 2038 -2831 -3983 -2499 926 1017 4265 1964 -677 -1816 -126 -4342
1202 -712 -43 -1913 1673 2751 -1600 731 -720 -4473 -980 2047 -4483 1563 427 2905 1633 -3506 -2933 -3691 -2969 -2256 2239 -1604 -1845 -1136 469 3012 1052 -83 1341 -4417 -3109 2694 471 270 -192 2713 1288 -439 2278 1234 1765 1127 644 2191 1830 3941 1791 1477 3898 -374 2038 -2831 -3983 -2499 926 1017 4265 1964 -677 -1816 -126 -4342
1202 -712 -43 -1913 1673 2751 -1600 731 -720 -4473 -980 2047 -4483 1563 427 2905 1633 -3506 -2933 -3691 -2969 -2256 2239 -1604 -1845 -1136 469 3012 1052 -83 1341 -4417 -3109 2694 471 270 -192 2713 1288 -439 2278 1234 1765 1127 644 2191 1830 3941 1791 1477 3898 -374 2038 -2831 -3983 -2499 926 1017 4265 1964 -677 -1816 -126 -4342
1202 -712 -43 -1913 1673 2751 -1600 731 -720 -4473 -980 2047 -4483 1563 427 2905 1633 -3506 -2933 -3691 -2969 -2256 2239 -1604 -1845 -1136 469 3012 1052 -83 1341 -4417 -3109 2694 471 270 -192 2713 1288 -439 2278 1234 1765 1127 644 2191 1830 3941 1791 1477 3898 -374 2038 -2831 -3983 -2499 926 1017 4265 1964 -677 -1816 -126 -4342
1202 -712 -43 -1913 1673 2751 -1600 731 -720 -4473 -980 2047 -4483 1563 427 2905 1633 -3506 -2933 -3691 -2969 -2256 2239 -1604 -1845 -1136 469 3012 1052 -83 1341 -4417 -3109 2694 471 270 -192 2713 1288 -439 2278 1234 1765 1127 644 2191 1830 3941 1791 1477 3898 -374 2038 -2831 -3983 -2499 926 1017 4265 1964 -677 -1816 -126 -4342
1202 -712 -43 -1913 1673 2751 -1600 731 -720 -4473 -980 2047 -4483 1563 427 2905 1633 -3506 -2933 -3691 -2969 -2256 2239 -1604 -1845 -1136 469 3012 1052 -83 1341 -4417 -3109 2694 471 270 -192 2713 1288 -439 2278 1234 1765 1127 644 2191 1830 3941 1791 1477 3898 -374 2038 -2831 -3983 -2499 926 1017 4265 1964 -677 -1816 -126 -4342
1444 -980 -1443 -2796 991 1924 -2165 -1091 -1225 -3024 812 1248 -3543 2659 56 2846 2518 -2904 -1668 -3097 -4231 -1790 552 -2397 -2284 -1843 -64 1791 1413 -649 1551 -3996 -1775 1415 79 -1290 11 2008 -242 -1008 1414 1685 2519 361 -458 1571 96 3229 1181 3124 2993 -1306 1404 -3248 -3012 -4147 620 -358 4623 686 600 -2444 568 -3580
2574 -765 -386 -1286 985 1055 -4015 78 -1264 -3426 1704 2652 -1995 726 1298 4666 1008 -3279 -2283 -2703 -2989 -3149 973 -2679 -2850 -1555 -78 1219 1856 -360 1412 -3703 -2560 2793 618 211 -855 1674 634 -795 1446 1562 2158 2232 177 2187 1331 4348 2571 2450 3995 -542 855 -1637 -4370 -2358 1881 -1146 4965 2003 447 -1496 -2265 -4177
1202 -712 -43 -1913 1673 2751 -1600 731 -720 -4473 -980 2047 -4483 1563 427 2905 1633 -3506 -2933 -3691 -2969 -2256 2239 -1604 -1845 -1136 469 3012 1052 -83 1341 -4417 -3109 2694 471 270 -192 2713 1288 -439 2278 1234 1765 1127 644 2191 1830 3941 1791 1477 3898 -374 2038 -2831 -3983 -2499 926 1017 4265 1964 -677 -1816 -126 -4342
1202 -712 -43 -1913 1673 2751 -1600 731 -720 -4473 -980 2047 -4483 1563 427 2905 1633 -3506 -2933 -3691 -2969 -2256 2239 -1604 -1845 -1136 469 3012 1052 -83 1341 -4417 -3109 2694 471 270 -192 2713 1288 -439 2278 1234 1765 1127 644 2191 1830 3941 1791 1477 3898 -374 2038 -2831 -3983 -2499 926 1017 4265 1964 -677 -1816 -126 -4342
1202 -712 -43 -1913 1673 2751 -1600 731 -720 -4473 -980 2047 -4483 1563 427 2905 1633 -3506 -2933 -3691 -2969 -2256 2239 -1604 -1845 -1136 469 3012 1052 -83 1341 -4417 -3109 2694 471 270 -192 2713 1288 -439 2278 1234 1765 1127 644 2191 1830 3941 1791 1477 3898 -374 2038 -2831 -3983 -2499 926 1017 4265 1964 -677 -1816 -126 -4342
1202 -712 -43 -1913 1673 2751 -1600 731 -720 -4473 -980 2047 -4483 1563 427 2905 1633 -3506 -2933 -3691 -2969 -2256 2239 -1604 -1845 -1136 469 3012 1052 -83 1341 -4417 -3109 2694 471 270 -192 2713 1288 -439 2278 1234 1765 1127 644 2191 1830 3941 1791 1477 3898 -374 2038 -2831 -3983 -2499 926 1017 4265 1964 -677 -1816 -126 -4342
1202 -712 -43 -1913 1673 2751 -1600 731 -720 -4473 -980 2047 -4483 1563 427 2905 1633 -3506 -2933 -3691 -2969 -2256 2239 -1604 -1845 -1136 469 3012 1052 -83 1341 -4417 -3109 2694 471 270 -192 2713 1288 -439 2278 1234 1765 1127 644 2191 1830 3941 1791 1477 3898 -374 2038 -2831 -3983 -2499 926 1017 4265 1964 -677 -1816 -126 -4342
-739 -727 450 877 1656 817 -860 4539 991 -2188 -1513 1374 -1708 312 2205 465 536 -903 -4709 -3698 -2886 -2065 2038 1140 689 -201 1364 2399 5 351 2509 -1602 -2983 1126 3417 -550 -3454 480 -434 -139 435 -1550 2887 -122 2855 3385 -1298 2632 1913 2528 2856 929 1801 -1922 -2795 -593 -446 2056 4151 3072 -1482 -4280 579 -4755
-4032 -1544 1118 4889 -116 772 -87 3747 2002 -2594 -1541 -370 -1769 -1422 613 -3522 274 2604 -3729 -2523 156 3247 1648 2067 4605 -704 468 4486 -1570 -580 327 1277 786 188 -918 188 -2868 1092 -897 -1105 -1697 -3660 169 -320 1320 2530 -1828 -285 3119 -1731 350 -654 1966 -3469 564 -399 -62 2754 -864 1501 -1161 -555 -860 -3404
-4312 -1294 2188 4753 -1340 884 818 2833 1866 -2442 -4991 -394 -1727 -1678 -2592 -3146 -179 1658 -2499 -2136 760 4032 1751 1605 3555 539 906 5356 -600 -433 -1934 545 1087 -513 -114 1526 -1051 969 -939 -89 15 -2504 -1799 -1281 1659 2288 19 -2423 1512 -3032 273 -327 2048 -451 -240 152 -2206 3521 -2617 1623 -2151 1208 -1885 103
-3765 -1575 94 3121 -2924 178 -250 -926 2054 148 -3520 -1874 987 491 -4788 -4568 394 2544 -75 51 -665 4408 106 2104 3193 1075 1175 2347 -74 51 -367 1668 3116 -1546 -1261 -493 324 -9 -2399 -164 -361 -1579 -580 -3150 -640 1808 -2180 -4752 1155 -240 -2310 -1646 1321 -279 1805 -2091 -2527 1372 -3260 271 -1155 190 140 1674
-80 1967 2 -1198 -2149 -361 174 -2195 -789 -2179 379 482 -2457 311 -3032 1067 2003 -3609 -2012 -65 -821 1080 525 -23 -1278 300 -1316 2585 -171 -272 1151 -3038 -2323 -772 -767 916 1759 2568 2992 -2440 2894 2029 -2189 255 1499 2106 1047 4117 -1462 -982 4074 1090 1209 334 -2623 -1350 -1055 -666 1398 3785 -2035 1581 -3243 -3399
1202 -712 -43 -1913 1673 2751 -1600 731 -720 -4473 -980 2047 -4483 1563 427 2905 1633 -3506 -2933 -3691 -2969 -2256 2239 -1604 -1845 -1136 469 3012 1052 -83 1341 -4417 -3109 2694 471 270 -192 2713 1288 -439 2278 1234 1765 1127 644 2191 1830 3941 1791 1477 3898 -374 2038 -2831 -3983 -2499 926 1017 4265 1964 -677 -1816 -126 -4342
1202 -712 -43 -1913 1673 2751 -1600 731 -720 -4473 -980 2047 -4483 1563 427 2905 1633 -3506 -2933 -3691 -2969 -2256 2239 -1604 -1845 -1136 469 3012 1052 -83 1341 -4417 -3109 2694 471 270 -192 2713 1288 -439 2278 1234 1765 1127 644 2191 1830 3941 1791 1477 3898 -374 2038 -2831 -3983 -2499 926 1017 4265 1964 -677 -1816 -126 -4342
1202 -712 -43 -1913 1673 2751 -1600 731 -720 -4473 -980 2047 -4483 1563 427 2905 1633 -3506 -2933 -3691 -2969 -2256 2239 -1604 -1845 -1136 469 3012 1052 -83 1341 -4417 -3109 2694 471 270 -192 2713 1288 -439 2278 1234 1765 1127 644 2191 1830 3941 1791 1477 3898 -374 2038 -2831 -3983 -2499 926 1017 4265 1964 -677 -1816 -126 -4342
1202 -712 -43 -1913 1673 2751 -1600 731 -720 -4473 -980 2047 -4483 1563 427 2905 1633 -3506 -2933 -3691 -2969 -2256 2239 -1604 -1845 -1136 469 3012 1052 -83 1341 -4417 -3109 2694 471 270 -192 2713 1288 -439 2278 1234 1765 1127 644 2191 1830 3941 1791 1477 3898 -374 2038 -2831 -3983 -2499 926 1017 4265 1964 -677 -1816 -126 -4342
1202 -712 -43 -1913 1673 2751 -1600 731 -720 -4473 -980 2047 -4483 1563 427 2905 1633 -3506 -2933 -3691 -2969 -2256 2239 -1604 -1845 -1136 469 3012 1052 -83 1341 -4417 -3109 2694 471 270 -192 2713 1288 -439 2278 1234 1765 1127 644 2191 1830 3941 1791 1477 3898 -374 2038 -2831 -3983 -2499 926 1017 4265 1964 -677 -1816 -126 -4342
146 -743 -862 2568 3271 1059 -632 5657 813 63 -636 2758 2764 -3022 3607 298 -3721 3499 -629 -3174 305 -4091 343 -1348 -2517 -914 2284 -1509 -1227 1712 -1570 1230 -2716 1263 5103 1519 -1471 -2874 -2485 3853 45 690 3251 17 2925 -76 2527 -20 1547 45 -636 1057 970 1245 184 2182 562 3046 1607 -392 1002 -3565 -20 -448
262 -929 586 -1272 1325 2233 -1637 530 -136 -4028 -832 1380 -4475 1299 -297 2247 2169 -3478 -2679 -3618 -2584 -1320 2285 -1070 -1304 -825 0 3172 522 -242 1278 -4064 -2366 2188 -21 744 -287 2641 1864 -1075 2055 465 1433 818 202 2475 1570 3743 1252 995 3481 -853 1513 -2912 -3660 -3038 717 363 3378 1546 -379 -1365 90 -4399
1202 -712 -43 -1913 1673 2751 -1600 731 -720 -4473 -980 2047 -4483 1563 427 2905 1633 -3506 -2933 -3691 -2969 -2256 2239 -1604 -1845 -1136 469 3012 1052 -83 1341 -4417 -3109 2694 471 270 -192 2713 1288 -439 2278 1234 1765 1127 644 2191 1830 3941 1791 1477 3898 -374 2038 -2831 -3983 -2499 926 1017 4265 1964 -677 -1816 -126 -4342
1202 -712 -43 -1913 1673 2751 -1600 731 -720 -4473 -980 2047 -4483 1563 427 2905 1633 -3506 -2933 -3691 -2969 -2256 2239 -1604 -1845 -1136 469 3012 1052 -83 1341 -4417 -3109 2694 471 270 -192 2713 1288 -439 2278 1234 1765 1127 644 2191 1830 3941 1791 1477 3898 -374 2038 -2831 -3983 -2499 926 1017 4265 1964 -677 -1816 -126 -4342
1202 -712 -43 -1913 1673 2751 -1600 731 -720 -4473 -980 2047 -4483 1563 427 2905 1633 -3506 -2933 -3691 -2969 -2256 2239 -1604 -1845 -1136 469 3012 1052 -83 1341 -4417 -3109 2694 471 270 -192 2713 1288 -439 2278 1234 1765 1127 644 2191 1830 3941 1791 1477 3898 -374 2038 -2831 -3983 -2499 926 1017 4265 1964 -677 -1816 -126 -4342
1202 -712 -43 -1913 1673 2751 -1600 731 -720 -4473 -980 2047 -4483 1563 427 2905 1633 -3506 -2933 -3691 -2969 -2256 2239 -1604 -1845 -1136 469 3012 1052 -83 1341 -4417 -3109 2694 471 270 -192 2713 1288 -439 2278 1234 1765 1127 644 2191 1830 3941 1791 1477 3898 -374 2038 -2831 -3983 -2499 926 1017 4265 1964 -677 -1816 -126 -4342
1770 -765 -2250 -3213 317 1543 -3395 -3462 721 -608 -377 1172 -363 2464 -1900 1683 1473 -2064 1317 -2108 -4654 -2894 368 -1434 -1821 168 1428 -189 1086 1087 349 -2013 1145 1799 575 -1478 931 -106 -1368 755 1186 3005 1746 -892 -2722 -320 -947 586 2789 3717 1015 -2128 217 -2559 -1584 -4786 652 -793 2701 -262 2281 -2471 2276 -567
-931 1573 69 604 -2405 487 1173 -2126 -817 -3944 552 -727 -3438 745 -2358 -449 1790 -1706 -2052 708 495 2825 5 723 694 -614 -1346 4298 111 -856 118 -1778 -1051 -765 -2232 -83 2749 3995 2180 -3162 912 1601 -3252 50 2198 2205 607 3049 199 -2323 3664 944 1682 -1221 -1539 181 -347 648 436 4343 -2928 2914 -4109 -2340
1202 -712 -43 -1913 1673 2751 -1600 731 -720 -4473 -980 2047 -4483 1563 427 2905 1633 -3506 -2933 -3691 -2969 -2256 2239 -1604 -1845 -1136 469 3012 1052 -83 1341 -4417 -3109 2694 471 270 -192 2713 1288 -439 2278 1234 1765 1127 644 2191 1830 3941 1791 1477 3898 -374 2038 -2831 -3983 -2499 926 1017 4265 1964 -677 -1816 -126 -4342
1202 -712 -43 -1913 1673 2751 -1600 731 -720 -4473 -980 2047 -4483 1563 427 2905 1633 -3506 -2933 -3691 -2969 -2256 2239 -1604 -1845 -1136 469 3012 1052 -83 1341 -4417 -3109 2694 471 270 -192 2713 1288 -439 2278 1234 1765 1127 644 2191 1830 3941 1791 1477 3898 -374 2038 -2831 -3983 -2499 926 1017 4265 1964 -677 -1816 -126 -4342
1202 -712 -43 -1913 1673 2751 -1600 731 -720 -4473 -980 2047 -4483 1563 427 2905 1633 -3506 -2933 -3691 -2969 -2256 2239 -1604 -1845 -1136 469 3012 1052 -83 1341 -4417 -3109 2694 471 270 -192 2713 1288 -439 2278 1234 1765 1127 644 2191 1830 3941 1791 1477 3898 -374 2038 -2831 -3983 -2499 926 1017 4265 1964 -677 -1816 -126 -4342
1202 -712 -43 -1913 1673 2751 -1600 731 -720 -4473 -980 2047 -4483 1563 427 2905 1633 -3506 -2933 -3691 -2969 -2256 2239 -1604 -1845 -1136 469 3012 1052 -83 1341 -4417 -3109 2694 471 270 -192 2713 1288 -439 2278 1234 1765 1127 644 2191 1830 3941 1791 1477 3898 -374 2038 -2831 -3983 -2499 926 1017 4265 1964 -677 -1816 -126 -4342
1621 -1078 -901 -2731 789 2002 -2118 -381 -747 -3810 -112 1254 -3880 2341 -427 2872 2346 -3192 -2276 -3107 -3862 -1695 1319 -1793 -1656 -1406 -174 1878 1229 -206 1994 -4188 -2248 1795 -260 -821 114 2618 742 -411 2039 1317 2673 577 -118 2175 973 2790 1258 2420 2789 -788 1838 -2634 -3539 -3443 567 -78 4170 1508 -169 -2330 477 -3980
800 408 -991 3068 340 1313 871 3885 -1493 -2466 1589 1577 1355 -2152 3346 -237 -3791 3363 -2247 202 1830 -1506 -783 -1222 -1655 -2207 1322 -527 119 1 -66 521 -4845 785 2612 -761 484 -355 -1499 1220 -316 1205 1779 57 5119 1316 2803 1183 1360 -831 169 3085 2913 1530 925 4564 738 3401 2353 2508 -2516 -1810 -3681 -1086
937 -834 120 -1698 1589 2645 -1659 660 -510 -4339 -786 1897 -4516 1425 258 2637 1788 -3432 -2819 -3720 -2884 -1985 2294 -1525 -1623 -1060 306 2937 798 -108 1375 -4245 -2875 2558 213 397 -294 2605 1554 -665 2147 968 1734 1088 410 2178 1724 3965 1661 1265 3638 -562 1922 -3012 -3758 -2743 935 806 3997 1686 -475 -1747 44 -4505
1202 -712 -43 -1913 1673 2751 -1600 731 -720 -4473 -980 2047 -4483 1563 427 2905 1633 -3506 -2933 -3691 -2969 -2256 2239 -1604 -1845 -1136 469 3012 1052 -83 1341 -4417 -3109 2694 471 270 -192 2713 1288 -439 2278 1234 1765 1127 644 2191 1830 3941 1791 1477 3898 -374 2038 -2831 -3983 -2499 926 1017 4265 1964 -677 -1816 -126 -4342
1202 -712 -43 -1913 1673 2751 -1600 731 -720 -4473 -980 2047 -4483 1563 427 2905 1633 -3506 -2933 -3691 -2969 -2256 2239 -1604 -1845 -1136 469 3012 1052 -83 1341 -4417 -3109 2694 471 270 -192 2713 1288 -439 2278 1234 1765 1127 644 2191 1830 3941 1791 1477 3898 -374 2038 -2831 -3983 -2499 926 1017 4265 1964 -677 -1816 -126 -4342
1202 -712 -43 -1913 1673 2751 -1600 731 -720 -4473 -980 2047 -4483 1563 427 2905 1633 -3506 -2933 -3691 -2969 -2256 2239 -1604 -1845 -1136 469 3012 1052 -83 1341 -4417 -3109 2694 471 270 -192 2713 1288 -439 2278 1234 1765 1127 644 2191 1830 3941 1791 1477 3898 -374 2038 -2831 -3983 -2499 926 1017 4265 1964 -677 -1816 -126 -4342
1202 -712 -43 -1913 1673 2751 -1600 731 -720 -4473 -980 2047 -4483 1563 427 2905 1633 -3506 -2933 -3691 -2969 -2256 2239 -1604 -1845 -1136 469 3012 1052 -83 1341 -4417 -3109 2694 471 270 -192 2713 1288 -439 2278 1234 1765 1127 644 2191 1830 3941 1791 1477 3898 -374 2038 -2831 -3983 -2499 926 1017 4265 1964 -677 -1816 -126 -4342
256 -211 458 -74 68 1451 -2337 2659 2559 -1330 -4869 2276 -314 -1273 -497 -89 181 -1594 -2032 -4013 -3177 -1945 3495 854 1670 1587 1710 1444 -402 2147 675 -1131 -31 2326 2256 -208 -1609 -508 -303 3301 2287 182 2002 24 -63 1319 353 -1230 2808 325 795 -61 1049 277 -1837 -1121 124 2616 543 1826 -491 -2951 2123 -2296
-2176 14 1426 1706 -1881 1964 1833 -1772 302 -4520 -1161 -1773 -5119 850 -3640 -1592 2291 -784 -1648 -53 476 4218 1134 1184 1346 -535 -922 5836 82 -1547 -1476 -2132 -401 -375 -2696 427 3429 3684 1680 -3293 464 298 -3407 -353 2581 2471 1229 1592 145 -3731 2309 -625 2028 -1964 -825 -226 -516 1834 122 2284 -2877 2972 -2901 -1255
1202 -712 -43 -1913 1673 2751 -1600 731 -720 -4473 -980 2047 -4483 1563 427 2905 1633 -3506 -2933 -3691 -2969 -2256 2239 -1604 -1845 -1136 469 3012 1052 -83 1341 -4417 -3109 2694 471 270 -192 2713 1288 -439 2278 1234 1765 1127 644 2191 1830 3941 1791 1477 3898 -374 2038 -2831 -3983 -2499 926 1017 4265 1964 -677 -1816 -126 -4342
1202 -712 -43 -1913 1673 2751 -1600 731 -720 -4473 -980 2047 -4483 1563 427 2905 1633 -3506 -2933 -3691 -2969 -2256 2239 -1604 -1845 -1136 469 3012 1052 -83 1341 -4417 -3109 2694 471 270 -192 2713 1288 -439 2278 1234 1765 1127 644 2191 1830 3941 1791 1477 3898 -374 2038 -2831 -3983 -2499 926 1017 4265 1964 -677 -1816 -126 -4342
1202 -712 -43 -1913 1673 2751 -1600 731 -720 -4473 -980 2047 -4483 1563 427 2905 1633 -3506 -2933 -3691 -2969 -2256 2239 -1604 -1845 -1136 469 3012 1052 -83 1341 -4417 -3109 2694 471 270 -192 2713 1288 -439 2278 1234 1765 1127 644 2191 1830 3941 1791 1477 3898 -374 2038 -2831 -3983 -2499 926 1017 4265 1964 -677 -1816 -126 -4342
