-18 96 -288 -79 -191 60 -247 287 -23 -241 130 -86 -168 -63 -201 332 351 -301 134 -343 -92 335 230 -14 -224 -96 -263 203 219 -196 -67 -173 -121 -92 27 -54 304 -330 -120 -15 11 39 5 341 -349 41 182 -180 -252 357 -288 -198 -137 302 -333 -72 -353 -49 97 47 204 204 129 -86 -160 -87 97 9 229 -347 -349 -189 27 102 -201 112 -68 31 186 -300 -182 64 -153 191 -39 96 -253 -265 -349 -261 293 231 -301 263 266 275 -151 32 169 203 -88 260 -350 -25 -159 -9 253 -139 -273 268 250 -306 -114 140 -294 -100 128 109 -97 261 -168 -335 226 155 252 -249 255 -182
354 -338 -73 22 30 -30 91 161 -76 272 -284 -133 -210 -29 -72 -197 184 105 338 -124 353 -131 -354 57 222 -337 -124 -45 -67 -290 -211 -1 -203 -70 -107 -225 -245 282 289 277 -33 284 -211 -186 -99 325 -218 -162 146 204 -275 -45 105 -183 -197 272 362 32 254 -247 -180 -135 -83 48 -114 -33 327 -19 13 -348 37 23 -121 -217 258 220 147 -358 69 -45 262 174 -273 285 358 308 -264 -158 -172 166 288 80 38 120 -323 -262 188 -209 10 -107 -75 -194 67 -154 -328 -352 87 -144 202 89 -271 -205 103 34 206 -232 -75 107 10 70 -23 -165 68 -135 271 -139 152 229
361 -88 10 -290 108 10 78 224 48 -227 -59 -179 -50 -144 -118 87 205 131 342 -137 -173 -240 37 160 247 -115 233 -218 -298 -175 -182 -59 299 -247 -320 109 -181 -359 -93 -213 283 -140 178 123 -247 -301 115 66 355 -240 -89 -262 -326 -344 -275 33 359 -232 217 36 94 -2 177 -249 -132 -58 -132 -304 -144 -3 -348 315 -290 -311 -250 -277 -256 286 197 -108 93 -2 -91 167 250 -66 251 -165 -350 -266 26 -301 72 60 102 -348 -160 192 289 -162 -60 235 239 -244 -241 38 -273 300 312 -47 276 -287 236 -18 184 -190 -14 -115 58 -59 243 -318 196 188 99 -257 -202 94
177 340 -189 -267 -24 353 48 -19 -347 -207 -16 -182 -341 12 38 -56 184 323 -292 331 -25 -92 -247 339 42 121 243 246 -200 -294 -99 -72 -57 214 -170 -85 -63 -191 60 328 359 337 -188 252 -289 250 -171 -77 -287 165 137 130 -180 288 -30 5 325 -185 223 309 -174 46 -349 -355 -360 -10 344 17 351 227 -188 56 73 137 239 -178 -62 177 -204 -267 34 201 243 -161 -311 232 -115 195 124 215 -222 -103 245 -133 192 81 91 -276 118 -261 4 -252 251 -225 -144 -113 247 -216 316 -343 31 -95 17 -41 -184 -50 -78 120 126 337 -194 230 48 74 360 321 331 -311
186 288 214 21 -235 -62 -297 249 277 264 353 -41 51 300 267 340 119 215 -102 77 -267 -23 -116 328 -110 45 -254 -347 99 308 248 -71 -262 -34 301 291 121 270 -32 -171 320 -56 103 335 -352 -51 191 -321 -240 214 263 -3 -298 -320 71 -221 332 -359 -141 -48 19 -250 19 -262 243 313 50 105 297 245 -99 -244 237 -221 -145 337 154 -74 -344 -79 -229 15 -192 -90 31 315 27 -134 -69 -246 103 33 -50 -21 214 -134 112 126 -9 -215 10 249 198 -329 -308 40 93 2 -107 251 -75 89 -247 -151 -187 200 161 -204 -185 57 243 100 -42 -324 94 255 -198 -122
359 100 -136 -137 -253 -113 -308 -48 227 107 11 -196 86 -18 -63 -282 91 349 362 310 342 -213 210 -242 188 -203 225 89 -269 54 -333 22 -45 232 -208 -148 66 -95 206 284 -79 19 116 168 -159 -57 137 -102 -111 -85 212 -2 174 235 -118 -136 36 -6 -191 241 57 293 86 -28 -321 209 339 38 -301 212 -300 -263 -287 -315 -335 201 -216 216 143 -148 229 -147 122 -60 -228 -6 -181 -338 14 285 140 -65 7 85 265 349 120 120 350 217 43 183 -313 237 198 120 204 -204 -75 246 -27 255 51 297 242 159 -55 317 106 -170 -94 -215 -150 309 -154 147 -171 84
-58 -241 -41 208 295 -97 125 -301 -289 355 -140 273 47 -107 201 -8 -155 -233 -177 84 289 16 262 179 196 333 169 -57 -129 96 -358 342 -9 -143 139 -244 215 -257 -27 -227 -185 -22 71 224 -181 -67 147 -288 221 -334 -224 185 222 -232 236 -216 -68 -133 -21 -87 -181 58 117 16 -213 59 -66 99 280 331 50 349 200 -86 -273 152 181 -146 -356 -134 3 54 304 244 -252 -253 -349 311 210 359 -186 -154 -317 -299 -78 -275 88 103 270 172 -221 -328 357 -138 -206 -315 -239 -13 -13 211 336 -232 -76 278 299 -245 297 -237 -236 269 359 110 -193 -263 -36 292 -11 258
318 242 -122 -185 216 -358 -12 65 -189 36 254 -256 -255 94 -218 -232 65 270 -225 237 215 -65 32 221 95 314 185 -248 -14 -192 9 -285 285 188 83 158 -229 -206 -155 283 196 -221 -162 -141 275 190 -357 -62 -66 -238 -117 -15 -307 205 -237 71 -288 227 -143 -121 30 -202 -44 96 45 -74 272 -248 1 160 -274 -5 -87 358 -53 -113 296 349 107 -240 -337 -264 -201 -150 72 253 -300 144 196 162 -239 301 114 -162 323 54 -7 211 257 123 147 -24 342 -245 -172 -246 -118 -56 360 -339 -158 -45 -200 -277 48 278 -334 -147 66 130 -205 191 -262 -71 -258 145 -24 133
-5 46 15 -334 159 -269 -288 283 271 -245 -65 -262 348 -299 154 -141 -16 31 -60 -211 346 159 -147 275 -120 352 103 18 -238 86 35 -26 97 350 27 -100 242 140 329 221 -11 -185 157 267 75 139 136 186 121 98 -348 -61 353 294 -123 230 228 335 159 -182 225 259 296 310 190 332 168 216 -231 147 -66 119 -336 28 -324 54 -287 272 -72 216 -132 328 186 -229 247 -102 -16 -253 -189 -176 36 -81 -4 -137 42 5 78 -186 -289 2 15 -254 160 -322 -291 11 37 30 -7 -277 -31 -210 328 187 -283 -25 -230 -85 -163 -58 -118 224 -270 -181 82 46 86 303
174 52 166 136 -157 175 -206 -81 83 -72 72 -180 211 121 -93 213 141 -325 -272 253 -10 259 201 259 -285 39 194 -335 -100 306 111 -142 -305 18 -101 -51 -73 -247 311 -160 148 80 280 -218 -80 127 -20 -174 -316 84 -218 -53 -336 -37 344 169 205 298 284 86 -6 -251 1 -61 97 -332 53 -263 119 -210 -325 145 310 155 -213 357 -217 360 -288 -65 171 -213 115 267 -19 216 118 -220 230 323 348 -346 303 266 40 35 25 -47 -82 -241 351 231 299 -144 115 -86 -202 278 308 -58 -334 -269 -15 189 326 81 -114 234 -314 -255 -188 -102 -88 -100 -222 312 37 -254
-288 -337 -242 305 87 -25 324 -79 -148 141 -167 160 -320 -27 259 332 172 302 315 36 196 -15 88 -349 141 -301 284 296 -210 196 327 -54 -56 -307 -245 288 -348 5 -130 -79 33 -12 328 -318 155 343 -222 52 -84 -272 299 321 -175 337 125 215 -243 -77 -146 70 -223 85 236 239 -325 168 -344 154 -291 -67 -39 -339 -114 209 346 59 36 -362 160 -201 -81 239 85 -342 -275 99 -285 256 57 83 296 -5 204 -53 360 236 -44 -302 -322 -181 -157 -244 -330 46 -146 -317 155 -309 -13 346 -140 -136 -174 -220 212 -23 -248 -266 -276 -231 171 115 344 -234 61 -340 234 13
262 347 343 -204 354 25 -45 -355 -133 -198 147 -235 -187 102 353 94 289 -211 -216 -230 -73 -241 -253 -68 60 212 288 -31 9 -62 240 235 -200 -150 -146 230 -139 177 -229 357 218 265 -38 -153 -121 274 74 353 -183 -315 176 200 -97 -361 -18 -355 -89 -84 -20 7 357 158 104 -224 195 -184 -97 75 -293 135 -357 222 -261 209 179 113 -115 207 -344 188 -225 14 80 283 21 132 -47 178 235 33 84 -9 -65 27 -147 -288 -18 -300 273 -232 236 320 181 57 -138 23 125 -267 -91 -343 133 -265 258 -114 -214 137 179 247 123 57 329 139 -347 -268 -20 -202 159 -97
-67 357 201 -99 -96 -352 25 -15 246 94 128 -326 111 11 212 341 255 -351 283 34 -233 -208 -88 -247 278 138 -159 -342 -358 62 33 302 356 159 -22 -289 146 194 41 -56 238 292 2 -252 221 338 116 38 -52 310 144 292 161 92 -179 -149 -201 112 177 252 126 109 -261 87 220 307 -52 -311 -148 -61 150 -249 99 191 -38 330 -30 -76 -321 -3 220 15 203 90 -170 62 -22 207 217 -219 271 110 201 -31 315 -170 157 45 -6 161 -8 -75 336 270 128 -245 115 -287 -19 303 -29 -306 220 -200 -299 -361 -329 355 189 339 -186 280 -178 274 -222 -329 -121 192
45 -226 -307 200 326 -31 -134 254 77 297 -268 -87 67 -336 -156 261 266 80 -345 190 272 -32 127 -71 -32 -351 247 -346 -265 353 262 -14 122 -88 280 261 -181 157 122 54 -180 144 324 85 -96 256 -9 101 -192 4 311 -72 335 -167 108 -341 77 -113 -87 -311 78 -51 -256 353 -28 -309 -15 -159 257 -55 -321 207 -158 -110 71 -67 241 -109 -221 -27 -177 264 301 184 -187 -205 -21 -305 247 277 -333 -90 -83 1 203 -219 -112 -23 -59 -44 -317 -348 284 -334 2 37 -316 -54 -321 54 146 -19 106 275 -188 -205 -108 72 114 322 357 -224 18 -100 224 -102 33 -265
-146 267 122 -160 156 34 -6 -75 -133 -172 173 -266 99 -252 -241 259 236 191 150 -177 -258 132 82 -321 -179 114 -137 146 -300 173 256 -100 173 -198 352 -217 -358 -314 149 -274 -269 281 359 242 134 64 108 -161 -329 139 -89 30 139 86 -184 -108 242 -110 -178 -184 173 57 197 -65 -222 131 -338 316 94 59 -8 132 144 -32 -9 104 -182 124 219 -127 63 -251 -135 -351 -11 -11 -207 -20 -146 -278 43 172 -351 -214 -327 136 156 283 190 -167 -310 234 -177 -154 -103 316 57 -94 -294 26 230 75 274 338 252 106 262 303 -329 -171 -326 330 302 110 -177 350 -174 -185
-5 270 -92 -57 28 36 53 312 26 186 -354 -16 -141 359 231 -277 -15 174 314 -153 -329 -288 -202 -63 -153 48 -271 187 107 28 198 -333 -96 -312 -109 -302 340 37 -67 21 -11 -231 -268 -212 -189 163 358 201 -196 176 175 -344 -182 93 95 256 5 287 180 -149 -10 -325 154 135 -28 -81 348 158 -12 -111 105 -41 -16 -104 -279 218 -46 50 -4 54 272 -203 -197 -144 -271 -179 137 182 -186 6 -202 -240 271 216 288 37 313 -127 242 -187 -276 245 352 104 -356 -223 -252 -259 -346 -318 -331 -139 -115 -159 61 -149 -262 88 -287 131 -121 -179 320 139 -73 71 -304 -196
12 177 -46 -289 218 90 321 -221 333 -211 -28 248 -322 76 305 -336 -203 -260 -103 71 -178 -37 -103 290 312 118 -203 -4 -107 1 83 90 129 -265 236 197 -358 172 -304 -271 65 -250 83 252 -179 -148 179 268 -297 -247 213 -98 333 180 -68 -276 355 158 340 -69 -166 -70 355 346 -51 255 -64 41 94 173 21 114 178 -294 158 -109 -254 -89 -220 309 276 -111 280 95 233 -272 -38 -95 -140 89 192 137 24 -244 88 180 196 276 240 46 -45 153 -294 297 -203 19 288 -291 349 -263 23 -309 -351 343 48 351 62 107 317 -179 14 332 300 239 81 324 -204 256
-63 77 -51 58 -302 10 -25 -275 189 -64 312 329 175 -138 79 348 173 290 156 -232 -315 -18 289 75 155 -241 9 -333 -292 0 -115 -184 -357 19 124 -288 308 252 -322 -91 250 -3 -156 123 343 -353 -72 350 -37 29 -349 -226 -258 49 297 161 322 336 -137 -308 77 300 250 255 356 -211 199 -3 -85 190 328 124 -11 119 326 26 -34 -352 -68 244 43 -340 -93 -139 -296 46 61 194 257 -359 -207 203 247 127 76 -293 267 194 232 -114 149 84 -31 2 20 332 120 126 -186 -140 23 211 166 240 -320 -169 -60 -270 284 288 25 -167 226 191 -228 -12 -232 -340
151 -311 51 -42 348 19 261 170 161 -353 -260 309 115 -166 -68 273 104 169 -20 221 -94 354 132 -272 -88 -286 16 -230 317 -305 294 181 25 -345 -170 -153 92 200 52 24 -115 70 335 1 -89 312 244 152 58 -131 152 -341 -256 -187 -101 93 -128 -105 -42 160 -204 44 -25 -269 108 292 -348 -191 -337 -148 -311 317 -307 -134 98 2 340 31 62 236 -80 61 310 -112 249 -207 5 95 -102 72 29 22 256 109 326 -276 218 5 -66 275 -358 -182 162 43 162 -202 150 -152 -212 165 -163 111 358 -110 22 -180 273 233 -269 -188 -251 -44 -164 -232 184 -283 307 -353
209 97 -110 221 237 -347 57 304 122 -31 -160 298 -18 150 20 258 125 238 174 -337 -13 158 97 -61 93 102 166 -64 357 -66 -105 9 -270 134 -56 24 -333 50 69 94 123 111 -31 -289 26 -259 318 -138 -81 -358 183 -30 -57 -151 229 -281 74 -323 144 -22 36 352 256 -332 338 -136 9 -293 203 -126 196 307 311 -317 269 -245 286 339 -268 -88 282 39 -310 335 -96 62 -38 -131 -282 -252 -74 -193 -174 240 -137 251 -110 17 286 315 198 -263 290 295 78 -357 137 293 -75 -200 -225 -8 131 -243 93 144 -94 -225 -219 255 162 88 -347 -165 196 33 261 32
-113 -14 -122 177 -106 -326 16 -307 25 248 137 -255 -91 38 -181 160 -275 -221 -204 324 -6 256 190 101 -334 354 262 263 -59 223 -263 -48 263 286 118 26 25 -24 137 13 -238 -32 125 286 -60 336 -293 264 49 208 196 148 55 178 358 -32 177 -24 -243 283 29 192 -225 -151 157 68 354 -323 163 -330 190 -284 83 -171 -276 231 -211 -319 -254 95 -88 -55 -262 180 -297 143 147 -262 -195 285 -182 -279 102 -177 295 -82 114 346 -300 182 -87 212 82 -267 199 -18 -20 1 357 -72 227 -63 -95 123 -347 285 162 -94 38 20 -346 -328 116 -5 216 -316 320 29
47 -281 345 264 272 237 147 -167 108 25 -295 61 -264 189 -315 -338 329 -172 -6 25 205 217 32 -107 -225 -228 191 137 194 -5 52 -77 -299 -136 -122 143 -183 -47 -10 -16 -112 -172 218 -344 336 -304 -144 -67 -40 -268 -110 -108 63 159 164 -124 -339 47 -343 80 232 -67 -67 -100 58 -355 -9 171 54 193 25 -341 -54 -15 -80 52 69 328 -41 -7 -334 -174 -141 -286 -191 -85 -43 -106 -190 167 -214 -299 -190 160 -354 -154 -341 193 -227 307 37 -168 60 -145 -30 -323 289 286 -201 321 -286 265 -298 60 -283 -117 -120 -219 310 -89 -120 -330 -209 -360 -83 286 355 -64
77 333 248 -260 -66 208 274 309 160 -206 -318 255 237 2 65 -21 -274 -225 76 310 -279 179 226 -99 -6 3 117 150 180 220 252 -278 -50 98 79 -353 -126 -173 -99 -206 -17 -78 -240 78 339 349 -145 -55 -204 -292 217 -301 -26 -254 98 360 64 7 354 188 -5 135 -78 -173 -10 6 7 93 20 -285 330 255 246 -266 111 -19 299 225 -47 -26 26 -24 128 -52 -237 11 189 -204 57 -303 -23 342 310 -35 138 124 325 -214 281 121 -290 -355 24 -165 -190 31 -345 -181 90 308 -55 -147 11 33 -257 157 168 -309 -123 -334 174 -197 93 170 -239 245 224 120
269 30 -263 -76 -144 241 92 -188 74 128 34 72 62 -163 -170 112 -34 -224 -344 -353 94 214 305 -141 -247 -227 164 -34 62 -278 -189 5 -228 326 -219 58 -283 242 125 -20 -25 -199 136 17 -118 68 314 -257 -95 -302 -214 88 154 -189 -50 -66 124 140 90 362 362 59 -309 203 53 -144 324 -49 -227 -27 104 315 116 -270 272 192 186 -247 301 -153 -235 -360 -323 122 -85 230 143 -275 -111 120 -174 310 299 111 206 -23 298 -200 -38 -89 -66 -27 171 -347 -39 -225 356 60 272 315 -204 -263 -87 -293 -197 -125 212 -6 235 -34 14 -79 -297 18 286 48 -5 148
-31 -157 -30 189 170 27 -308 -319 188 292 -202 -187 235 -288 -275 -347 287 339 297 32 303 80 34 106 126 91 257 188 -262 124 -339 298 -133 -102 71 -102 229 -72 -120 215 252 225 183 98 -91 92 337 127 -169 76 -185 180 204 -253 -110 -99 -166 -176 -32 -225 25 331 -168 189 110 175 -57 -8 156 -64 -22 -62 271 239 -29 326 174 265 -148 206 -270 307 157 -285 -285 -249 -320 -272 242 223 -86 264 -310 90 -243 -224 -112 -331 43 -32 17 47 264 1 83 12 -341 -45 -327 55 268 133 -76 190 180 -315 -230 230 208 201 359 -211 -282 340 56 276 342 351
158 35 0 -21 -309 -279 322 261 144 -249 40 -348 -185 -141 325 -323 292 -103 -35 331 327 234 32 -206 -237 -336 -67 -301 58 -355 170 -340 184 -281 -146 -293 -325 -349 340 -210 234 89 -14 -25 185 204 324 -193 -28 -202 -197 -117 18 -40 -286 -54 -157 217 79 153 269 160 111 -331 -336 -339 -17 4 -88 163 -254 -77 57 -333 39 -118 152 201 254 341 357 22 -155 -201 -192 -43 -87 57 18 -309 -230 -155 -310 157 -134 -157 30 -229 -353 82 -235 -338 181 -356 44 -281 -245 -192 -13 106 -54 -333 192 134 -43 20 -253 9 -187 -19 -72 -6 215 205 30 -238 94 315
-90 271 253 241 204 -188 -328 137 295 345 164 160 233 -118 193 252 -131 -302 -92 -233 83 153 107 -60 -79 -166 -235 -204 304 224 -84 4 128 97 225 2 9 9 -165 -123 272 -188 -292 -329 -93 56 -217 -291 123 344 -219 53 -43 -281 -274 -344 154 -68 20 -215 -127 6 90 -209 236 -69 104 91 264 -344 135 -308 -361 -176 -141 -166 -19 -343 29 61 235 24 163 334 -73 -1 151 -362 96 -358 -357 -323 101 -76 11 -37 185 226 327 110 -112 96 -339 -277 144 -100 -286 37 -329 -40 348 239 11 -155 -135 21 -178 -149 79 -316 -336 149 210 172 -357 -358 272 125
269 123 -245 -108 -179 -32 -80 -214 351 98 339 -25 -235 -233 260 112 -77 -71 -320 -285 225 -264 -14 -335 51 -42 321 -262 -322 -63 333 161 192 257 321 169 174 -310 176 152 -26 151 -45 -115 336 131 335 -40 -126 -66 35 171 22 -168 -279 314 224 60 230 82 199 301 287 -14 196 -228 167 -113 168 63 -307 74 -100 321 253 -228 151 -176 280 -84 142 285 -237 -348 29 -182 42 44 -311 278 -329 -49 -57 -245 173 56 12 -192 352 98 309 -214 -82 29 -199 123 -101 -47 -278 162 -211 221 339 -43 230 -243 -162 -216 183 73 -161 76 -49 -304 261 -43 73 -80
-133 357 -60 303 -258 179 -179 -208 -110 165 -299 340 -158 -259 -90 270 -221 213 80 -342 308 -260 70 348 -115 -141 -244 -174 292 212 -347 -24 -139 330 -336 -207 -282 302 -259 346 95 -292 -214 327 -293 -164 -207 -101 -78 273 -8 143 -304 -340 319 351 -23 137 -185 -153 -165 61 -218 -89 119 -133 75 262 133 -241 -343 -237 291 -173 -78 -131 31 18 -361 -18 -162 -100 -35 7 -284 128 -127 276 -307 -162 176 196 297 -77 -18 59 186 -325 -156 -45 41 314 176 -45 -298 -43 166 -247 -85 -302 -165 146 -279 -288 334 -304 -212 -35 89 -332 55 41 -153 -131 -351 39 -172 258
78 60 47 143 279 79 -45 -178 -144 -131 129 41 -53 130 1 -82 -362 273 130 193 67 -63 -111 -224 73 353 110 206 -299 79 -56 33 -101 -275 167 -334 -16 -69 -257 23 75 69 -68 -88 -344 -157 282 -119 157 -352 217 -85 340 -11 -73 -26 261 71 180 -105 233 -124 -67 -314 266 -288 306 52 -229 -321 -13 -195 77 -19 -156 -124 257 -199 57 72 316 -294 319 -83 -46 -115 165 -232 283 72 -236 35 124 301 157 -345 -39 344 221 -143 100 -289 -324 -88 -60 278 162 -252 -8 256 65 -208 -242 2 -357 139 30 158 -331 -125 -99 -265 322 131 336 231 98 264
205 122 -359 98 16 81 -2 13 -13 128 -161 296 -31 -107 77 -334 -289 93 -126 134 281 -226 -218 2 -174 -353 -77 -120 -201 5 211 -48 -276 -134 -96 -105 -348 77 233 -26 133 244 175 100 317 86 -4 41 91 -213 105 137 308 -259 358 -70 -208 312 -156 -147 328 -229 342 -314 315 17 -178 336 95 -337 -155 178 -130 19 310 -246 234 -134 -56 280 -68 240 -349 -199 -149 264 -120 60 -26 243 -241 -43 92 13 179 -231 -34 -122 -308 253 -114 -350 -28 268 -320 -289 106 -277 148 68 -212 190 346 -168 62 -117 -63 10 -206 113 -174 177 -6 129 186 -290 157 -317
140 15 -114 294 -286 -80 220 239 -64 177 -194 354 -173 124 -309 -320 -215 263 319 -324 139 -217 299 -113 -273 227 34 334 298 359 -254 220 -103 45 34 328 131 -225 21 -332 24 277 143 -13 358 63 -55 15 112 -52 317 -358 137 -183 -138 -106 -95 -265 -231 74 230 168 -241 352 128 251 165 -179 -322 306 -50 216 -186 166 -327 319 -126 -37 -297 81 247 152 -91 -214 -150 -339 -236 151 -119 150 69 -149 -255 -128 291 -172 260 -148 -79 213 -152 321 -277 -258 81 284 -339 175 126 1 -109 51 -111 210 270 -67 -158 -194 252 -218 252 89 -31 -213 -116 44 -156 248
-128 29 -190 362 -161 -172 -324 79 -295 210 274 158 197 -316 -89 -304 293 180 255 -39 -241 158 132 174 121 -275 206 92 355 -287 286 286 285 -190 57 290 268 -58 -231 -280 12 -26 -333 -72 -214 -45 -350 -226 108 -329 -249 352 39 -339 154 -149 -344 -177 6 -214 273 40 25 1 124 47 184 56 14 136 -170 -334 -309 -40 -108 -288 164 327 -269 148 -164 345 -97 41 -230 -37 203 144 331 -299 -200 184 -337 -107 175 185 96 51 -11 346 -348 316 238 -14 -152 -170 148 73 -261 342 219 -106 335 -267 -106 276 215 309 -202 260 358 32 -199 192 -80 -296 331 -25
-275 214 148 -107 32 -264 59 8 174 63 -229 123 159 -348 -112 165 54 -351 -58 -21 -14 -258 44 -169 360 -344 113 -114 -35 -281 -33 251 42 352 208 43 241 346 -222 273 -258 -247 67 220 -5 -136 -163 -134 349 246 -281 -27 -67 101 166 86 10 -131 280 -23 -159 226 -352 -266 -176 310 -167 -126 21 345 -362 -56 288 -343 -74 108 217 -156 -303 -315 63 209 66 -202 -152 -32 -198 71 -315 -134 -310 -201 -19 322 20 -139 -76 59 -186 -150 135 293 -97 262 86 -216 158 -242 159 60 350 142 221 70 -25 73 361 -205 -57 28 257 335 149 -39 -315 156 355 59
288 71 214 -35 -46 248 78 -319 -323 154 -215 -351 67 -264 326 -332 241 305 -1 -303 -358 -23 201 -230 186 -13 -9 16 -290 -106 -216 278 -289 151 205 121 65 -208 -159 142 190 -281 -47 -15 -52 30 -145 189 -347 -271 -344 212 35 237 -72 155 267 70 -273 -155 -30 142 4 -54 170 -177 -324 261 -161 -46 153 -54 -18 88 58 -292 108 56 -41 196 -215 51 -164 81 -334 -78 242 -115 247 133 -259 253 219 121 55 -57 -359 -242 162 -204 -48 345 152 -140 -109 -246 -192 -54 137 299 111 -16 305 -289 -154 67 -281 27 83 185 -272 204 -340 334 -10 21 125 155
199 251 -307 -305 271 101 -285 261 -124 -63 343 13 -194 -173 -360 -358 -117 -144 -332 10 202 134 5 311 360 -292 150 -187 349 176 285 -37 -226 -273 122 201 1 -307 -261 7 -347 -188 57 168 317 -225 -289 172 -201 -90 362 160 165 298 311 143 246 200 88 227 -211 -69 -212 -32 -81 126 223 -108 -274 -165 -224 -155 -87 -145 -235 178 120 225 -283 1 302 -28 249 -236 -244 86 104 -36 -122 -42 62 -162 -86 -116 -152 117 176 200 -193 132 194 -105 267 255 -338 149 354 -172 -158 112 -152 -159 30 273 162 142 299 40 339 -64 271 -153 312 -298 -286 -345 20 -277
-120 87 232 -288 -237 282 -114 254 151 68 67 -295 31 -199 -290 218 -55 -141 -314 -306 -79 -291 -245 253 143 35 361 -153 -53 349 -34 -150 -140 -124 -39 205 -141 -72 319 -69 -92 40 226 53 240 -223 -203 169 259 -297 -207 68 62 -41 -114 200 -51 -82 149 -146 297 -256 -7 347 225 57 343 -292 -149 -194 88 26 68 118 107 193 -207 258 -169 -167 -255 84 -123 60 3 -149 194 111 -332 -74 -210 -347 -324 -353 52 201 -211 -183 -129 -234 -33 217 -37 139 -259 182 71 30 -360 144 104 -333 165 291 6 -206 -113 -306 -332 65 -69 102 -169 329 -355 317 130 49
-40 -2 -121 4 -229 95 130 -291 42 52 32 157 -302 -275 59 -165 38 123 -143 -319 258 -25 23 -232 -168 218 270 -334 -294 209 203 298 129 40 -117 -20 -114 259 308 -93 -259 -213 173 97 -315 269 -311 -80 -246 -204 -261 -134 12 -230 -335 -281 -98 -90 -361 29 154 333 -178 166 -291 -339 146 -248 -121 311 -317 -145 140 340 137 -143 190 123 -96 134 -69 316 130 -149 74 -152 21 138 259 -352 227 -18 -36 -269 -196 -67 321 165 361 39 125 -29 -291 -196 332 -197 205 -180 -128 183 -126 276 -201 243 14 -76 -149 -229 -180 -38 71 -265 158 -25 1 271 -90 -12
-2 -84 332 82 13 259 18 88 317 -45 189 -356 -264 94 -129 215 -222 -100 -339 -295 -17 178 304 60 -166 -45 47 -256 349 -230 -1 127 -203 28 -262 -305 29 247 -159 15 86 -203 -190 6 -247 41 104 221 -37 -353 -253 -74 127 41 323 52 342 25 -11 -13 82 235 205 34 161 95 -222 -293 -219 10 -316 206 141 -37 213 -318 -172 -301 -200 -205 206 -163 -228 -54 -307 169 152 -295 129 276 308 -106 -328 265 -100 84 29 -94 -321 87 -127 137 223 46 -147 -240 293 71 -296 283 257 -73 229 -4 -113 -295 6 226 170 -278 341 316 -273 -124 128 351 108 -203
-66 -215 271 -353 305 -68 56 -53 298 -86 103 -244 17 -185 269 -264 30 302 -104 193 133 27 119 -274 -221 22 -90 -280 165 58 220 -322 -172 -232 -77 102 -247 24 -58 64 358 296 314 173 219 178 -209 -1 -5 -33 -32 -192 -238 -262 -322 -1 315 244 -281 -303 -153 178 -288 -293 268 259 14 -20 42 109 -192 -47 79 -257 345 -353 157 -305 -159 54 -81 6 -253 154 -351 -214 304 -44 78 -151 182 78 -134 175 -49 4 3 48 -99 302 286 -334 123 279 -49 280 261 -104 85 -48 -242 -189 -87 -113 249 247 -316 198 215 -171 136 129 -352 -192 155 77 225 -220
285 -226 164 162 -143 302 270 127 311 -58 -266 -18 116 -137 -28 -121 27 258 176 299 -163 -300 -157 -104 -54 261 -125 360 34 3 -205 163 156 -54 -344 -220 -1 -249 -258 105 -269 108 29 243 -123 -170 -307 247 16 146 -100 -253 -32 316 357 -235 -248 -51 -343 359 27 -27 -108 51 71 65 52 192 154 -194 -179 -196 -61 183 204 6 -36 122 -47 203 223 272 -198 -308 -269 98 92 -137 277 82 333 202 301 -189 -54 155 69 -100 134 -127 218 250 -331 -301 343 -239 -295 238 265 307 145 -56 -353 331 -25 -177 186 -121 349 329 -13 -196 336 -33 36 200 257 195
-96 -92 -348 231 -136 -236 62 89 -38 -92 -27 335 224 -106 -167 -120 17 -17 154 357 146 -210 303 -100 313 120 -98 -146 167 182 -193 -355 -233 -302 -68 75 -214 244 -331 -89 -172 194 -254 182 109 -336 -15 15 -35 311 90 -288 88 -283 -319 8 -230 248 -60 284 -255 107 229 255 291 -190 157 -234 105 21 342 269 184 218 258 -179 -213 214 130 184 237 65 -331 86 274 189 77 307 -146 -125 -331 276 318 -334 206 -353 -120 -188 53 -120 287 96 -269 256 8 297 -344 355 130 -101 -250 -138 -239 -74 209 -53 37 360 30 193 273 111 -259 103 13 -112 -255 174
304 -281 359 -167 178 10 -151 -218 159 -169 -304 3 -39 -138 22 112 -95 -181 -226 74 -309 -312 -258 65 265 148 -234 295 247 172 -134 -24 -169 -307 -142 -308 -36 46 -349 283 348 73 168 62 -46 26 -312 336 110 -221 47 -156 -255 -211 77 -64 72 306 205 -189 -2 150 13 -144 231 195 191 -46 -339 243 -70 195 161 86 -345 -351 356 179 234 -206 -217 59 286 175 -302 -154 119 63 111 -162 -329 6 -238 302 -168 343 242 -77 226 136 183 257 -296 29 311 -273 -155 -255 266 -155 102 -322 358 206 281 -260 357 69 298 -157 -62 9 -63 78 215 145 118 -347
99 281 -13 -286 -362 -228 119 207 102 -273 -334 -7 -248 -48 71 41 88 145 -33 -356 52 -215 46 258 -344 -24 -252 -341 329 -1 -29 -126 -22 -352 -104 -320 127 -50 -183 120 163 169 -127 102 -194 -16 175 -133 305 -256 -306 332 -64 -103 328 -260 -254 103 189 177 -32 330 55 148 216 109 134 -64 -196 -355 -336 -159 127 251 62 347 -285 -37 152 204 30 -85 -354 271 201 176 -12 -85 50 213 -69 -255 343 -158 304 20 0 302 -181 -3 313 -270 -114 -260 171 45 49 306 23 5 -9 154 340 56 -230 265 47 25 36 311 -114 319 43 -182 95 -253 312 221
-233 202 13 -254 68 -39 -218 -5 267 -86 280 -17 256 -76 -44 -29 -35 13 -165 -147 -252 136 332 35 -189 132 -91 110 -82 234 186 275 180 -298 -165 -27 163 312 65 225 196 48 -78 -116 181 199 324 46 211 297 -74 123 77 1 337 356 331 -214 -14 -83 -253 199 204 12 -296 323 297 282 94 102 -158 113 -49 -87 311 -209 -321 259 49 -167 -323 130 180 -317 -185 -41 -200 183 -41 338 132 -40 144 -67 -350 -69 159 313 -264 -186 352 280 29 -232 95 -256 244 89 -256 172 -250 -122 254 86 -252 176 -113 -105 -297 -229 257 -104 203 338 -93 -322 31 -31
280 -38 -186 -291 -236 51 -94 86 -278 195 118 -78 -227 122 66 238 283 160 207 -151 69 345 -283 -362 -85 233 -252 271 -295 262 -206 -83 -120 -93 178 -267 237 304 48 191 -69 256 309 -27 -297 -360 35 -89 -50 241 296 -291 292 -265 -344 189 6 142 108 -198 297 27 87 120 -12 -60 -38 1 -89 248 250 101 -140 11 -41 80 344 210 -154 -308 274 -144 135 137 -321 -164 88 238 -231 -334 -294 -362 124 307 -176 321 183 159 -181 -41 -3 256 -86 -282 -97 317 65 -266 -3 248 209 -61 244 -69 -298 231 359 72 107 226 259 164 -195 165 99 -188 -292 -329
-282 223 -81 126 290 203 -333 269 -279 191 63 -57 193 138 50 -137 33 275 247 -307 -352 -38 88 109 -295 -246 -222 332 -115 210 216 283 -203 183 290 72 -137 -288 297 210 127 357 58 -257 -321 -357 -303 132 232 292 -32 349 -137 -297 -266 109 -68 -84 131 235 107 -340 295 88 -57 -141 -159 151 -202 278 61 -8 -13 -222 -260 213 38 -334 9 -98 -251 194 -333 160 -99 -204 -8 -187 326 -206 -199 10 -23 162 -315 -151 -53 -72 -100 113 278 297 155 180 -45 308 -126 -22 139 -121 -13 -274 251 -158 212 -314 320 -70 135 -113 351 335 -233 343 -47 -171 96 -115
-5 296 -9 331 184 -252 129 -325 273 -184 311 -342 -275 189 14 297 194 -335 -147 196 229 -166 269 247 -208 -57 227 191 -24 294 -197 -13 -68 245 -140 250 -328 299 255 -255 -276 -84 303 182 -94 5 106 -352 -245 34 -154 -314 -361 155 191 -125 -282 -247 57 -84 324 -241 -208 -323 157 -4 19 26 241 111 -91 -57 292 -143 219 -266 -253 265 -30 225 -334 326 -327 33 140 -102 -119 306 -156 40 115 75 23 -206 -199 -102 215 -5 20 179 -143 -241 71 -237 164 -160 -310 -257 -256 130 -146 341 316 44 -323 275 -280 217 -227 -111 -271 133 -182 -251 135 40 33 170
-349 189 228 295 48 84 316 -67 34 267 332 -26 11 179 -330 58 317 -8 -195 -113 -51 22 -68 -93 213 206 -33 -309 -221 285 205 134 212 -26 -76 -284 -66 -79 297 -76 -127 147 283 278 69 -155 142 -297 12 -215 310 182 -132 23 -38 -289 207 -197 200 217 284 104 -325 -298 -192 88 15 -338 282 127 255 -191 92 -46 -39 43 146 8 -333 -163 160 -263 -197 -150 329 287 288 260 -79 -340 -12 -338 -147 -110 -198 264 -257 153 -149 323 -230 317 73 -195 298 261 -85 -331 265 -346 -41 -300 215 -101 -228 353 -124 265 -3 349 126 -91 63 219 -355 -53 -262 -221
-286 -218 -71 -179 -109 -158 -130 211 -19 -236 -170 241 23 -232 -23 -13 340 311 -74 120 105 -223 209 200 -109 306 -335 -313 157 -201 233 108 -200 -196 210 -188 98 161 -3 -22 190 -166 62 135 -5 51 84 -83 324 -167 -98 -223 -49 -325 36 -40 112 -123 141 -155 263 100 -143 -230 -64 330 314 -280 360 -277 -258 -9 -183 -180 -186 360 332 222 -312 114 -169 299 -41 23 208 242 138 360 -150 266 265 -336 181 329 254 -282 148 -333 -60 134 -343 -183 336 -38 -358 180 -256 -120 -175 106 -151 -102 230 -354 -219 47 -189 131 255 289 159 -35 -274 -359 292 17 -102 59
54 211 -351 331 -304 38 138 155 135 -323 -121 -328 5 188 18 8 271 -7 360 180 -278 -144 199 96 131 -144 92 -205 -266 -114 159 273 -329 297 255 -232 360 305 165 348 71 116 136 311 -274 123 88 315 -163 -71 -260 78 -243 274 317 357 291 -314 -15 -211 222 -331 -98 -286 20 162 319 150 165 268 230 -162 -17 -198 -184 -3 -123 120 199 218 -72 170 55 323 305 -80 -268 -128 176 237 102 301 344 97 -94 -22 -201 -178 -137 352 -288 125 -342 -18 6 -336 88 60 317 -221 60 73 -154 117 -246 -36 307 -96 177 336 310 190 -317 319 57 -246 -220 -131
-3 203 -275 -83 0 -44 133 167 -297 -138 308 11 -276 -356 -237 -299 -219 -216 43 -197 198 -180 -352 -263 57 306 233 -258 -73 208 -107 -225 -237 -5 316 233 349 -116 -254 -111 300 -39 132 94 -49 -270 127 -126 -37 326 -136 -185 -64 -136 -16 -59 -315 -300 169 -93 235 14 319 173 304 -259 -271 262 268 -159 -268 144 72 280 -54 -139 -320 -229 51 -44 210 129 43 261 227 -101 -204 -240 -154 89 -126 129 18 -349 -214 267 284 217 -120 250 255 197 228 185 -196 -275 -234 -172 150 -117 360 -260 159 -193 -49 194 -119 -356 238 180 -52 121 -203 -181 -76 135 36 -22
-328 -74 338 -277 -51 336 227 175 -292 -320 -346 -127 -222 336 -251 -92 -109 353 -137 -301 -66 -283 -86 -59 -296 -6 -331 237 -276 -193 232 -237 303 250 -190 -164 -76 339 -254 358 -104 196 207 -200 32 -243 171 16 221 -326 -323 53 -270 -293 -194 -256 -123 339 246 -8 119 -281 -43 -329 -166 -10 143 282 -42 114 104 154 -333 319 330 139 -31 255 113 345 -220 -149 330 209 -115 -30 -263 281 -16 -305 -221 330 -189 55 229 -191 123 -68 200 220 10 92 -44 -327 -218 239 -38 29 210 134 231 196 -102 48 -145 -188 240 -120 -321 14 297 353 82 137 -40 -173 -360 -280
67 -197 52 261 242 249 -95 -202 317 232 47 -80 -182 -63 196 45 62 246 188 160 38 2 5 305 -29 -23 -82 -317 -153 124 81 239 306 -150 186 58 -48 -111 63 -336 241 -49 -212 55 106 -238 -216 -28 194 179 -78 -63 -354 145 -251 -168 121 -309 -77 339 -293 331 -250 340 -81 265 187 203 130 113 -164 126 -238 -127 -75 36 188 -133 -114 -5 -331 -123 254 -217 -348 86 118 112 288 -88 -9 92 -139 156 21 -305 31 -316 96 -343 -236 232 -263 -55 144 180 254 -17 -202 -124 340 -242 -216 -15 -94 70 143 212 243 -306 131 -171 179 214 102 -45 -64 283
195 -162 22 -239 75 71 -52 82 176 46 343 -256 37 70 -291 -300 -277 97 -28 -151 250 315 -47 -298 -333 279 192 268 -348 -320 342 -95 79 83 340 -49 -207 -318 -177 -162 167 -199 -33 242 -10 164 210 -176 -330 174 -236 -83 -127 -65 -200 61 247 -268 -157 275 17 -251 94 332 -193 -255 -189 160 80 -288 269 319 -189 277 64 145 289 -326 -187 -280 58 -53 -69 -223 314 -11 -71 314 -37 229 223 308 -361 191 12 136 31 -18 -235 113 -334 46 168 -134 125 243 108 279 199 -294 -113 213 -69 -19 -5 117 112 -233 -130 182 45 -216 -311 -174 -34 34 93 280
260 -30 345 -335 136 133 220 -168 -82 -177 99 -95 82 -157 255 56 131 69 -260 234 -227 -293 195 257 -211 3 -148 -78 169 -11 -256 -173 -163 -225 255 -122 -341 344 161 75 41 -34 -109 -339 336 175 -92 2 -224 232 43 -291 44 278 181 132 60 -93 114 264 -347 226 -338 183 341 143 118 -252 -199 -334 -268 -95 354 249 190 -245 -285 -243 154 -290 -11 -296 323 349 -3 -41 312 -141 -294 52 -176 -32 352 -123 126 51 47 215 238 -186 81 -30 -323 -157 -337 -20 347 -15 226 43 10 -315 192 73 172 -39 319 287 -108 61 273 249 -166 229 -36 321 -51 314
246 256 127 -1 141 361 356 38 293 -118 -256 -97 168 -320 119 241 147 -232 82 68 129 -72 -42 255 265 196 -143 116 -156 -152 -145 -213 18 355 197 -71 -293 -213 74 51 336 -205 197 86 -265 -282 343 228 -182 64 -92 10 254 -24 80 -38 -241 -101 -259 339 -234 338 209 -130 -147 103 342 -6 66 -333 111 60 -349 -30 -232 171 205 -105 -29 -103 -146 -81 104 -294 -202 130 -169 -191 267 29 -269 148 -197 -114 215 259 -245 -234 111 47 206 -230 14 317 -167 -312 197 43 93 -280 -83 -259 -56 361 282 305 -34 141 354 -311 222 286 259 338 14 -71 112 64
-300 -150 66 -265 -60 74 -89 -134 101 -35 -219 -308 313 145 231 22 175 -73 347 -42 16 -90 -200 -236 -180 -202 -312 -65 -254 -85 -239 258 11 -49 -160 -222 -362 197 67 157 261 -256 281 153 330 306 -204 -336 46 -211 303 203 -134 -176 295 220 112 -123 -174 198 234 222 59 -287 -306 -255 134 -161 -112 -153 -133 -40 -188 332 26 -282 338 -330 335 348 -333 277 -163 137 -121 128 -294 -358 -227 141 331 3 210 121 192 40 -102 94 260 -7 251 -37 -66 174 311 -130 149 -16 -29 -75 -169 -169 330 -338 281 267 192 -168 302 -338 -91 353 259 -4 -302 69 114 357
-252 133 -199 183 247 -214 64 -325 -218 281 325 357 80 63 342 80 43 -67 222 -345 27 -262 -315 -306 130 -139 -65 -166 272 316 88 182 -119 -182 279 134 -49 -325 152 204 102 1 328 209 -284 181 -73 -361 103 71 361 -202 -254 -331 -243 60 -233 28 -56 -5 40 -114 -163 -344 260 316 -265 -32 -28 172 345 179 24 -160 148 -321 -283 -190 -288 -276 -305 136 329 342 262 357 -105 89 -61 -202 75 176 -58 -313 355 -166 -340 -55 -81 285 -70 -92 257 241 -259 362 -193 226 -172 57 189 162 -198 164 91 149 258 -105 -273 -141 65 -251 -139 258 2 271 348 70
187 -83 -153 -32 -62 145 -82 210 -133 12 -221 264 -196 240 47 -93 -135 105 -31 1 -204 -88 -166 -159 7 -180 294 -57 354 359 126 -332 271 -341 -241 13 181 -353 -358 117 27 25 -100 219 -215 232 -119 -224 -354 -311 -28 102 -358 239 51 -307 -7 212 151 -85 -194 351 -176 132 -210 -39 232 -132 253 -10 -339 -313 -79 45 238 168 90 37 294 -132 111 -54 -7 -46 18 200 -334 151 -85 -16 -133 31 -134 -8 -61 -302 74 -175 17 -166 248 -233 6 268 257 -243 118 349 -180 217 -175 -169 107 142 19 254 -156 -103 86 350 181 -154 -260 -326 -106 -196 -144 -32
-253 48 58 -119 234 -26 225 278 -308 -26 -67 -202 -13 -235 288 -333 -23 -244 -288 310 -254 336 294 197 -38 -332 -145 -301 -328 123 -75 -50 -9 141 190 344 96 -328 -205 -258 170 296 -73 286 -51 -156 235 173 296 -298 227 160 299 -69 -8 -354 238 -165 -116 310 -23 292 -72 -291 231 338 43 346 -253 -336 -77 62 53 286 211 105 145 -240 195 -288 -150 -290 360 107 72 -77 323 -357 -281 324 -343 -132 201 175 287 -168 206 -190 41 94 125 -333 -12 58 321 -342 311 303 -223 -132 329 -151 -84 127 -48 73 -194 105 -11 -270 -180 -243 177 144 360 -51 -348 -245
-211 -200 225 -28 137 -296 337 207 40 -241 -347 221 141 116 188 -6 189 -260 -78 196 -338 309 47 123 48 211 -238 -291 176 -114 -92 -8 -96 -263 -152 -334 -92 -34 -142 353 -173 -205 -273 152 -270 243 -247 -326 -203 100 -165 -8 100 78 11 116 -356 -138 122 22 -74 -166 -340 -168 -8 295 -63 332 213 -204 61 140 -332 -132 -311 -117 -296 64 -295 -168 -89 283 217 57 -39 -343 -151 341 102 -33 -244 233 238 -58 -253 136 220 150 -279 245 268 -303 -9 -337 -223 19 230 219 309 -316 -216 -264 253 233 -308 -167 100 3 -241 -266 -272 -105 353 -319 67 -116 264 63
148 172 -80 -40 -201 313 -62 -84 351 32 -291 -229 -313 -49 126 241 -60 -270 259 -212 -197 -12 21 327 2 -294 -137 -340 176 -140 -248 256 -311 -149 201 -275 -327 54 258 186 -32 -313 182 -162 -93 223 -127 -161 -127 282 157 -268 302 258 261 253 20 137 -85 79 260 265 200 -351 33 -161 102 -168 300 -217 -271 5 -173 -266 271 61 -58 359 232 154 174 340 -187 159 -336 -158 200 39 232 163 -301 -298 85 -324 106 -33 136 193 -238 140 2 -175 83 10 -167 -341 -23 -215 -113 188 -56 -4 -15 0 13 61 -50 219 -130 27 -40 -33 -184 -69 -203 -280 -355 -247
-30 27 -47 291 126 117 3 -356 137 -72 -230 -223 -144 -239 287 34 122 320 360 -341 13 -234 126 -9 -228 21 41 355 -25 271 42 -263 -214 186 -134 -269 329 96 322 -361 47 -168 -25 -137 -169 -83 -278 216 284 185 33 -12 -282 -138 330 -150 -334 -175 -287 197 -230 286 188 132 239 44 -180 -354 290 339 176 275 111 250 -360 -18 161 -279 -139 285 351 -26 -230 -193 216 56 -158 202 167 99 -270 -337 12 -227 -316 -106 -93 141 -202 -106 -122 -41 340 37 -338 223 -101 187 -226 -283 -74 228 -331 -277 331 102 98 238 -83 -93 -154 -141 -351 -85 58 -348 133 235
