-322 58 -213 -472 238 -204 -202 -65 368 79 256 262 272 -109 -280 -169 -120 415 434 102 2 -268 98 6 111 8 98 -318 -212 -434 227 414 456 -323 291 476 -120 -190 -15 348 237 -378 49 310 -427 -487 283 -193 -38 -443 82 -351 287 -263 -110 -386 -90 -35 -463 232 -431 -445 193 54
222 410 472 -398 -284 425 394 -97 -340 20 79 -289 -502 192 277 -508 369 -364 408 498 -301 143 333 88 231 495 85 159 350 511 187 90 476 -41 359 130 171 332 294 304 81 441 407 -367 74 156 196 -26 -470 -478 291 -482 4 -496 -181 -13 -157 413 495 362 -435 229 -434 -372
369 -396 -148 -452 -384 -104 -327 -447 -89 -35 172 233 -61 115 200 -126 422 -148 -501 -44 -45 178 -80 -130 -176 435 -237 233 99 432 278 -84 224 -142 167 135 -358 -256 394 -314 112 99 -478 -94 16 -171 20 141 430 153 391 -171 -406 369 234 -497 107 478 200 510 149 -329 374 359
-170 7 -327 -123 -319 -59 151 -302 -232 389 159 -284 -225 -452 65 -198 -239 -182 -483 224 400 262 -350 198 234 -223 221 190 -178 394 -508 290 63 -283 -50 -457 -261 146 56 -410 80 -367 100 -261 332 342 -231 110 182 -248 -13 -131 -468 64 -275 -437 -467 -50 -10 215 -357 -11 460 -374
-337 -374 -399 350 -341 361 -336 396 432 -483 484 112 -97 -511 -172 -194 -14 -283 -358 126 357 -206 322 -15 -372 -437 -309 -478 189 307 47 259 377 -414 183 -269 60 -91 -377 37 87 176 213 -414 110 199 -267 289 192 455 -129 -471 433 -246 346 -457 -494 212 -83 436 260 436 195 287
-241 -313 -464 389 -495 100 -284 412 167 47 7 -448 -415 85 171 470 -430 173 409 -413 -347 432 157 -162 -23 -53 481 -148 -345 -337 17 332 -333 -374 -409 -52 -350 -187 -97 -286 30 404 -80 -472 195 141 -201 -383 -452 198 279 -32 -306 383 -416 194 -402 -478 -473 304 504 174 -365 -441
415 -71 -322 -333 90 -254 350 163 293 39 113 298 212 133 387 404 -380 -267 311 455 -150 -180 210 -215 -323 275 143 -111 419 -421 202 -167 -310 -24 -430 259 -137 -455 -129 -242 181 401 484 384 -477 -262 -188 -363 113 321 190 -135 -86 -134 429 -10 -84 -112 -466 359 138 -358 383 -265
-191 -337 -480 -377 27 458 476 420 411 395 143 319 73 -284 -401 -143 3 332 -153 396 471 405 127 -314 319 7 -428 80 471 -417 -385 -82 -212 -287 417 370 -194 282 -446 -294 235 67 -310 -511 -374 -400 -384 228 146 -29 250 291 -272 61 445 161 494 505 167 332 390 73 -51 400
-288 62 -443 325 -149 -28 302 -124 180 -477 14 -415 389 131 224 -261 -240 -293 -450 -25 -107 -461 474 484 -315 313 -116 -58 154 -469 -435 450 193 -460 -257 140 194 -210 333 60 -325 64 -220 301 443 235 185 -87 355 426 180 360 -301 470 375 -304 182 229 -219 -287 -200 461 -310 320
328 -203 -391 -119 -47 -296 -388 -146 -332 403 -204 -458 197 -508 -24 -191 418 -406 375 -18 -202 -483 -24 315 339 184 256 -416 258 396 228 205 -270 -28 219 489 230 -110 -393 -502 376 -340 -240 -380 -272 -238 326 110 396 -298 391 -260 205 -1 401 -270 -212 462 348 367 -80 -272 -160 -58
382 -87 202 -52 213 -173 108 277 -488 -264 356 400 87 -127 322 -444 -27 422 233 454 12 -176 -289 -193 140 -370 -464 -152 444 -76 -504 -38 491 -35 -107 255 -268 203 -327 318 214 58 -320 -88 392 61 -445 -505 -71 -79 201 -332 -264 -90 -112 330 -475 -77 -386 15 -105 -106 -153 235
159 304 -139 435 -285 168 -111 -76 346 267 -390 -355 477 434 431 473 -102 -471 327 -252 -44 -299 -211 491 53 353 -133 257 429 96 -113 -147 -409 329 405 36 402 -291 -41 333 -47 -247 -272 -23 359 -270 230 -373 -162 -108 -339 -124 -157 311 143 185 113 -296 -215 -217 -194 3 440 -6
-324 -287 48 -411 -222 -33 -124 273 -463 159 -200 134 -176 -293 323 -1 -214 -173 406 62 -422 433 189 -326 -467 483 448 -326 -405 294 -306 -211 -192 -47 -191 -286 170 365 -330 -82 -124 -162 -203 -37 276 -17 -192 128 381 202 -480 457 -407 198 145 -192 -473 -167 471 144 -287 399 -348 357
-151 -198 -333 266 -217 486 347 199 275 -472 407 -299 331 312 109 -36 408 -328 -415 -470 194 -84 -128 -67 52 337 -11 111 -299 -295 -357 231 -409 67 128 -324 -305 359 67 -291 -309 394 -295 277 85 250 507 -122 164 73 -92 155 468 -385 -251 333 -312 310 -233 233 -21 -11 -383 136
-463 499 -212 182 -413 63 297 456 -323 -100 -435 201 -316 -178 -356 -373 -46 -247 483 -304 435 4 -480 239 443 346 301 46 -197 -217 -132 -175 61 5 4 20 288 386 454 1 -118 -256 -249 -116 472 -122 167 -436 -284 -423 -184 436 178 344 -431 -399 11 -24 -108 472 -175 -188 -343 454
-214 -455 -511 -153 -284 175 -509 -267 374 74 -251 6 -403 262 32 -245 163 -445 -243 -73 155 261 119 450 255 -304 -11 66 -295 355 174 200 131 277 -167 205 -246 -293 235 -166 209 -324 333 147 -71 243 232 164 401 248 -279 -152 -422 348 34 -34 367 110 323 -51 400 301 -155 -247
64 225 51 -294 -343 128 63 229 -315 139 206 -213 -262 493 140 210 -181 26 -245 -466 -507 89 219 284 400 6 30 396 -210 31 -132 -244 -29 275 127 -374 -420 369 4 -113 -401 61 -136 511 358 -498 -456 -286 365 34 -128 -165 -432 -160 1 -29 93 56 1 -126 -390 136 9 325
399 -87 -234 209 392 147 314 248 -84 -475 -437 50 425 182 -473 460 293 14 -156 152 -488 8 397 430 55 -213 -350 -200 -375 -102 -468 77 -95 412 -98 -465 351 334 -343 297 -431 -421 -131 -284 325 -416 -438 101 -18 494 241 -211 454 71 -490 170 343 -160 495 246 390 97 -397 101
139 -17 -147 -150 272 -274 354 152 94 -171 -425 -353 -479 -289 -452 231 -453 -310 -454 370 176 39 -165 -15 433 130 266 85 -165 -123 -301 295 -360 -152 -177 247 -47 377 338 366 -158 -340 81 211 -286 -454 211 388 70 140 -169 -505 -351 -434 -503 -309 -338 -16 237 119 289 254 41 274
257 -508 363 241 36 -301 -234 166 -231 -279 -411 176 72 389 21 342 311 -461 255 -250 327 -183 -1 500 -432 212 494 -379 102 -164 228 -288 233 184 171 426 -346 498 501 481 -201 369 160 511 130 -459 -40 174 200 -429 -306 200 -173 392 351 449 -497 70 -437 -284 -322 432 -86 -138
-252 -461 183 9 -488 -194 143 -144 348 452 480 -448 -323 330 -48 -409 -70 -174 -346 285 -304 -7 -19 -193 74 441 237 -306 184 70 -158 -76 -493 -243 -348 284 166 -453 -292 -165 39 -219 -55 -292 -352 -269 -162 -73 154 -305 453 258 481 330 -328 134 325 414 157 -486 361 449 275 -261
109 -238 228 -297 -126 -131 133 236 -168 225 -242 -5 -401 191 414 -411 190 449 -154 0 -122 -453 181 -374 244 155 505 416 -26 -35 -274 -28 482 -101 -386 138 256 -382 281 -362 298 432 -337 -461 -103 -320 280 -182 343 510 -38 -408 199 364 432 -447 -403 -284 -106 160 507 -85 -430 -67
-505 319 -459 -410 -424 416 -273 86 -213 0 -26 59 159 61 -487 -129 200 229 -235 -418 -38 274 162 442 -81 -493 296 57 -498 440 24 -411 -21 -167 -340 385 206 -213 -349 -61 -224 -350 -471 -502 -270 300 247 -35 -37 422 103 -313 224 171 370 90 247 131 135 -213 449 32 15 395
-130 108 211 16 148 -54 310 -309 460 351 458 -128 -204 14 66 306 -287 -37 431 -116 344 -475 168 -447 345 277 405 -23 -493 262 -89 -90 70 265 -179 -267 48 121 420 266 -97 -362 -139 499 -452 -112 -229 25 121 62 54 -383 88 105 445 -418 -18 303 -422 -475 -345 170 401 315
-314 446 -398 -234 -462 -250 -25 -396 -441 282 327 378 -70 122 -51 -127 131 374 130 459 -277 309 -102 146 -34 -155 92 -51 -246 282 485 236 -119 384 -272 -149 240 316 -53 94 261 -20 17 -236 -83 442 -138 458 40 257 237 -359 498 498 407 -283 -222 -492 341 376 -76 -422 409 -501
-168 -188 468 171 289 -277 71 27 63 117 248 -415 -390 -135 -172 2 -478 422 -120 199 -483 -18 452 386 -35 -321 346 351 -158 492 268 411 -353 -431 252 -98 284 -457 -378 -305 -360 392 330 -46 155 40 342 9 -494 60 -257 -95 -132 68 56 -98 -74 -361 -479 217 48 69 -280 -157
21 17 11 -22 511 74 100 416 434 418 -349 322 376 -127 199 -400 -98 128 76 295 -304 -220 171 -489 -258 413 503 56 34 427 200 -110 113 118 -77 21 -305 59 -87 -330 0 -4 19 180 -152 -14 213 378 201 400 -276 -315 -305 308 -94 462 -232 -284 -503 -183 -154 463 -244 202
478 173 -20 -107 301 18 203 433 455 -66 476 481 -110 114 -453 -306 21 -377 197 126 143 23 451 -195 483 96 -237 -19 -395 -52 -112 -250 209 360 508 146 126 -82 -313 96 166 -39 -119 -301 -160 22 -209 -316 203 202 -412 297 -394 -231 394 -124 -372 -169 474 -369 -355 -309 363 242
-400 0 88 118 61 369 239 -47 218 181 59 499 -193 314 -479 -277 379 -203 316 302 428 312 -105 3 13 36 449 -212 500 509 113 -354 296 -24 336 -86 408 304 -226 416 -239 -337 -493 58 -466 390 -93 402 409 -141 -218 -355 -25 -495 232 -142 312 200 -322 410 324 -400 -166 356
-346 -395 -75 409 278 -364 177 -103 -50 -26 -257 208 -364 -210 -370 191 225 432 -291 463 121 -445 308 -198 18 -209 -184 312 66 374 -471 58 350 167 -38 203 323 -492 -318 -141 -440 -437 454 71 47 372 207 382 380 317 39 443 403 380 278 -325 -368 -511 91 -417 -49 221 349 259
265 286 289 183 -134 378 153 161 -388 174 -440 -68 263 420 211 396 236 203 -187 76 -133 232 -177 241 425 -280 195 -423 -239 337 -414 -359 -279 319 3 76 130 182 -221 267 -67 -461 -456 -458 447 239 423 -469 6 271 246 327 277 273 11 -314 -444 -490 316 -199 257 -505 414 142
-51 -78 -106 -211 -444 111 -376 -198 -33 -101 -46 311 114 -228 440 328 444 -324 -395 -423 -13 124 226 -100 278 260 -90 179 107 34 392 -401 473 150 -339 427 -352 379 -287 -151 -92 267 192 -268 215 -205 5 73 348 -155 125 500 -272 -247 506 295 -324 159 -214 -259 -264 71 420 47
-28 245 -94 329 232 -372 28 414 -214 -58 -505 -213 -67 4 -305 -94 502 -452 302 -179 -335 2 235 -178 280 -185 406 168 -275 -299 -371 195 -247 -358 500 -386 453 424 -362 52 488 -184 -181 36 -388 -378 320 -233 470 120 89 -325 301 14 218 76 -484 -148 100 -54 16 -416 -141 348
-18 -8 78 -135 -293 272 -414 -96 225 453 78 -349 -263 -112 -184 489 209 -171 -283 351 355 -220 -500 424 -329 318 -198 487 360 32 24 303 60 500 -217 77 152 150 164 -297 -71 -336 -136 395 196 -72 -319 115 409 235 -392 -323 470 -49 458 499 -282 201 305 -53 193 504 -14 83
311 216 64 56 173 306 432 -276 -228 -400 -70 -18 -60 99 -200 -173 -232 43 -349 -175 -487 -192 -315 91 -34 -500 424 -100 -172 -12 -304 461 328 350 -321 -283 144 -383 -254 2 -14 164 -77 -244 208 274 -163 83 203 -320 -109 -72 -475 -472 460 97 -324 -98 11 -248 -40 -477 -377 252
-328 463 -190 127 336 -204 192 -104 344 92 -134 185 -483 480 -363 -317 -330 -103 106 306 -127 -145 306 -378 -378 -156 470 95 -127 -384 -428 -121 447 -289 263 14 360 340 -476 -226 -170 328 293 -151 -491 138 -348 -510 374 446 509 445 -322 -411 4 -150 -423 91 399 -305 -92 434 -395 259
-470 -207 -403 -390 -288 378 467 -145 -149 -31 -310 -1 61 -163 -268 256 -446 44 -507 450 47 406 150 43 -483 -433 -134 150 2 4 -392 -10 144 -7 -498 210 41 398 265 65 202 161 -141 439 -419 452 -43 323 144 -196 -451 -205 -97 156 -268 -464 -216 -276 -157 101 -135 471 -245 -473
-87 -89 -324 362 -14 118 -157 -205 65 -98 -328 -191 409 -258 -48 -437 217 -92 -303 5 -88 -351 54 -438 391 -283 -17 -186 -333 0 -161 -307 418 -442 -307 -490 8 144 -379 306 92 389 -484 156 349 -78 173 -142 252 -69 -89 -477 405 35 361 -63 52 254 16 -232 -463 92 380 496
-479 -491 -62 147 -497 -351 -192 -360 -473 -194 -460 -304 -451 -127 -26 442 332 3 -283 -127 439 188 278 476 -136 -335 140 155 252 219 -278 -292 -399 -58 266 -186 -374 -28 -504 -289 -376 -312 134 145 457 -150 -405 342 -94 -413 -356 41 -151 -442 -173 -220 218 56 -356 -331 26 -17 246 302
225 -175 -111 -232 414 165 257 456 -491 66 35 -36 -242 162 -270 502 -15 117 407 94 298 -145 307 30 423 -434 -3 323 218 303 98 402 401 -399 109 -235 251 -309 -438 -65 -98 -297 119 43 385 -328 -160 106 6 378 184 2 -397 -284 309 -390 -359 -327 318 -235 155 -117 73 -427
-152 -491 -352 395 -257 343 403 -66 -412 -69 -283 -361 286 -376 -201 72 -70 428 -130 316 426 -469 -230 -405 475 -218 -130 270 311 -329 -56 -152 -82 -481 201 -342 38 -386 -430 300 403 -299 -349 -405 466 243 -404 166 -435 328 -143 153 -320 59 496 -306 -283 -172 -253 -65 50 -466 -193 367
-303 112 215 118 437 410 16 -461 -94 -439 -379 -55 124 -471 -102 156 4 143 -305 -433 -378 351 -176 -146 28 219 -368 424 -84 -322 -165 335 -98 -143 -433 -396 84 149 -166 367 38 -379 305 -276 -450 -194 -138 -479 374 232 264 -291 -165 -195 -199 -394 -8 -32 446 -491 414 -35 484 317
282 -300 420 193 4 388 -500 160 300 -484 -228 -51 211 60 -396 499 202 -139 -134 295 -297 -406 307 -91 194 -224 29 332 449 400 -167 -78 -29 -330 -398 151 180 329 -254 -330 -239 -324 27 129 -294 -116 -36 -25 258 247 507 -203 499 -425 17 -470 -248 -353 306 176 -331 500 341 92
471 -387 -299 -438 482 -248 -197 -459 101 384 230 -317 -162 446 431 -75 -5 443 104 -452 390 -342 19 -348 13 447 173 -338 48 249 34 -51 463 322 400 497 -363 -78 -449 -497 234 -40 265 312 235 56 -339 286 -505 482 -411 -42 379 -376 22 -107 38 -463 123 288 -221 66 79 -231
96 -55 408 -71 76 -451 241 3 434 140 370 -279 423 -301 104 -460 -264 11 460 461 424 -492 -16 -217 -163 207 -40 -25 344 384 -468 484 -155 -257 119 301 -171 -246 -197 203 367 414 -137 -48 -354 -40 153 -171 383 417 349 157 -436 138 -387 107 -345 281 -178 124 -499 -320 233 -226
-270 -123 -490 -441 -277 145 -251 511 -392 -356 -200 195 -192 -146 40 266 161 181 -13 284 481 473 175 -286 -244 -419 226 293 26 312 20 -204 246 381 280 32 -63 417 268 94 446 -481 199 -488 -331 -261 288 -281 113 -496 35 -59 -206 -82 326 -446 -170 424 127 -227 190 -285 -466 -150
356 226 240 35 221 -505 42 191 364 42 93 -223 156 393 481 -247 192 128 -248 -250 -38 -274 214 -363 363 -298 175 -500 -372 -1 -131 484 70 133 107 187 189 320 71 499 -287 417 -381 -400 -302 -96 422 -369 -431 8 -134 495 342 -246 119 -325 193 61 -188 162 236 271 -14 -505
382 282 294 259 504 280 -463 72 -187 486 -276 -285 -235 -218 423 460 -113 77 226 265 173 -73 -337 462 272 361 238 400 477 314 70 -235 -47 -240 155 -474 -300 110 -362 -88 -374 -33 162 -503 -253 -176 -336 85 -419 405 -468 -14 452 -72 344 53 -305 -98 -57 -50 238 465 239 160
22 -104 429 339 199 437 -180 25 -347 -351 137 438 -347 -291 401 -156 313 -179 17 249 379 -132 109 -464 317 445 -361 212 -11 -124 -383 -214 -158 65 330 -55 -508 351 47 -329 -377 -149 -443 -253 212 128 -108 415 -291 161 -464 478 18 -315 502 427 -113 -482 49 456 156 92 -116 50
-123 -135 472 10 -36 -245 -219 442 304 476 -370 -232 -286 -177 -466 163 -28 84 68 71 -17 -447 -341 205 214 -385 -110 423 -42 -53 -164 362 390 -419 407 -252 174 -31 -299 -506 -297 441 261 69 -507 112 -22 -2 -311 329 178 177 72 -454 -384 -101 -87 5 248 -335 -159 -333 117 -376
-491 64 -72 -399 -193 -341 -309 19 313 -441 448 -179 -194 -227 -111 280 -483 63 -444 159 109 -504 50 50 -151 345 400 76 172 -207 -172 -13 -376 382 -462 487 277 313 17 320 -337 261 391 418 444 33 -44 -271 -88 -458 -142 371 -77 -170 -194 -150 241 -430 1 231 133 231 -191 -17
-207 234 -145 107 -160 470 -283 118 -326 -129 -499 -135 507 -418 164 -192 289 -118 -493 -265 -360 -61 348 90 -13 116 302 -60 302 -191 4 -148 77 -41 -210 -164 -468 428 -183 259 265 -407 187 6 36 191 -259 24 -287 95 281 -116 -215 478 -382 -87 -55 183 453 -251 163 -427 -457 217
151 189 467 -384 99 -257 40 286 40 392 -266 276 491 -253 -480 174 -419 -160 -177 -82 201 -363 -6 -429 -298 471 -157 -210 467 272 -114 203 148 -175 42 426 -126 266 195 -472 455 -443 29 -149 435 499 -389 382 -225 -463 -169 125 416 -134 79 -125 -216 -436 -473 432 -24 390 497 -212
-85 245 366 -309 -135 499 199 395 62 507 41 197 -259 -163 -136 -207 347 292 78 433 294 -51 274 138 470 -388 -152 197 -456 -229 209 344 -85 -19 52 506 471 349 -243 193 -55 -38 42 321 -259 -311 96 468 14 -170 -425 509 75 184 314 -212 -498 410 429 220 -430 38 -72 241
-496 471 -203 -150 -257 435 358 -502 317 -499 -458 401 143 316 382 249 -264 -171 124 157 -403 341 -129 -77 91 400 -100 343 121 -492 -49 151 62 -145 469 218 150 -29 -340 -244 84 407 156 468 -182 358 -323 -86 -30 -69 -222 207 -210 286 -333 -229 -371 -344 348 -437 122 -152 475 229
153 -511 372 -247 -465 95 407 55 -135 57 466 -439 374 299 228 254 224 227 -300 -316 -290 264 7 439 -72 -419 271 -216 452 -490 185 -459 -76 333 14 -308 -43 -23 -231 -343 342 453 -310 -403 -407 180 -40 -68 418 -220 -81 -148 495 -87 404 339 -486 52 23 -253 -52 -370 -250 451
-378 -6 193 221 488 479 299 -223 88 30 -507 478 -182 307 -445 -449 146 295 -231 148 -135 -86 -66 -245 130 487 250 -446 453 70 -215 465 391 185 460 18 256 497 311 -156 24 -107 -388 80 293 -203 -360 434 328 -186 -397 -419 -511 -212 303 228 -357 114 470 -2 115 -55 394 196
-165 -104 370 -199 -432 0 23 -413 140 -416 -87 241 -196 -232 494 -6 -118 477 -194 -489 188 232 77 -232 312 -43 211 -151 443 -376 -434 96 187 27 256 -164 435 376 -434 111 389 -4 489 -133 -329 323 -90 -35 353 -194 482 -431 328 352 164 420 -46 480 -148 390 409 490 -178 246
485 315 -187 -206 510 458 311 392 -101 161 143 127 -391 281 487 -89 -291 195 103 -228 -144 388 445 464 -174 -19 83 87 -153 486 -318 -504 348 -332 -129 354 57 303 -399 75 389 385 -412 240 441 324 302 428 -146 172 410 -63 220 16 141 -323 -12 -342 413 -464 421 -295 250 90
-334 244 496 404 511 18 373 -304 380 -173 341 345 -332 -273 -371 303 114 141 6 -341 -393 -319 -354 -398 145 424 -6 -195 380 -360 280 421 368 -308 479 -372 401 -495 472 -104 -162 -453 -12 127 383 8 363 -493 189 -417 268 199 -419 292 -464 -44 9 -117 405 -453 -54 -376 133 -191
112 -29 -15 -492 14 493 206 22 343 445 -305 317 271 81 275 -12 110 -270 12 155 483 25 41 48 194 334 -376 509 454 1 -327 509 -344 275 -58 -239 428 -412 497 297 -7 -319 -324 508 241 37 -270 -393 -338 21 -125 29 488 139 -102 490 -254 -173 7 -470 154 364 338 -508
-362 278 38 470 38 15 -229 -205 -492 419 -97 -182 -272 279 -371 -372 239 451 -149 66 -332 -103 -377 -304 -21 -381 -483 438 24 38 -197 -420 -224 343 92 452 342 -466 -41 395 -98 -431 365 -277 -367 -1 -189 -447 471 67 116 305 32 -55 17 -230 -44 229 -23 197 -186 21 329 -151
-482 67 -457 176 -306 -448 -292 257 43 192 -296 389 98 -178 316 361 482 -454 134 333 -287 -463 197 139 -331 439 -25 95 119 -129 -468 -449 -181 -306 -276 209 -291 482 -41 268 -29 -490 -392 305 413 373 44 -462 96 445 249 24 138 281 -430 -200 -282 -236 -235 -324 209 -146 -216 463
-43 331 284 -443 245 -127 326 -255 -383 -260 -467 141 417 190 -414 -427 150 -309 183 -369 374 208 -472 126 -155 441 426 234 -300 -287 443 -436 113 144 332 327 316 -466 246 -34 -508 -512 -263 -464 -14 -281 -489 37 162 -259 385 -284 -135 20 125 54 -151 -457 16 -493 -218 -483 187 462
