-40 -427 410 429 -370 -133 -313 -280 470 -244 231 274 68 -321 -37 -101 510 353 58 273 -401 294 240 506 -145 -340 426 500 40 112 498 -434 -157 -377 244 342 -441 -83 -464 378 409 167 -4 -5 342 176 -391 102 409 333 -362 -400 321 414 -257 -320 119 -259 264 192 404 -103 -151 -400
456 262 57 -312 428 470 -127 -296 -222 335 -442 -232 -14 333 -69 -377 -347 166 -5 -127 322 195 35 -151 -337 -505 246 7 423 -183 -494 -281 -350 -102 -451 206 369 15 -510 178 -108 134 -153 -391 -414 151 -162 460 -66 67 337 478 186 431 411 507 -427 208 -234 -369 59 375 443 -8
212 -37 75 -129 -236 -322 -468 -60 482 186 27 -435 -59 -479 82 -187 408 324 -437 289 -132 -501 -176 63 281 29 388 -458 -223 -508 -57 -366 296 310 -213 475 -355 -388 -100 112 460 -348 401 206 -250 -335 170 -41 410 61 -472 -161 -198 -294 -68 217 -319 -95 -222 321 395 422 501 -244
-358 367 222 84 -287 -408 -170 423 -258 -326 189 435 36 135 332 -150 -461 43 -288 204 -269 479 -50 406 -363 -438 -243 -127 389 -398 -198 153 40 -224 338 -290 243 123 -288 75 160 -51 -158 249 -220 -115 -70 37 77 104 -435 -322 132 424 -334 -146 -326 -399 -453 151 -38 -263 500 -61
72 512 -365 -171 -408 164 -118 -503 10 6 468 105 -375 293 293 207 -209 303 -169 24 175 -215 452 459 38 -78 -272 350 -198 444 84 403 263 372 -137 -71 -456 297 -80 -339 -151 -450 414 -65 -113 56 36 317 -299 410 -260 54 -99 56 -23 208 -305 -315 330 -419 384 -498 -81 208
229 81 -13 493 -401 -106 322 475 -114 461 203 97 386 281 -457 -15 -475 -333 78 111 500 -140 411 482 -65 476 25 187 101 305 189 -101 -370 315 24 493 -344 -353 -181 364 -187 72 5 -165 59 -356 -256 240 -350 393 491 164 -462 162 79 -373 -209 496 260 396 -138 85 -263 82
463 504 343 -333 70 81 101 -127 -147 -376 -44 -390 -107 -463 395 -396 180 508 350 511 -202 -410 -437 -92 -360 -195 -245 500 167 88 -245 -137 460 215 231 -50 -487 103 395 365 156 -394 246 -336 396 306 379 -392 103 -263 399 311 502 26 -175 415 355 13 218 -223 294 331 333 -269
188 -100 499 -137 -315 -436 456 -470 -113 -207 -292 -114 -125 -443 -224 227 200 458 -107 -434 275 -175 -148 242 510 438 102 -99 110 -143 365 120 326 -17 64 342 -231 450 -299 381 -342 -416 -425 -24 198 92 -374 -181 -347 172 120 212 421 -212 -331 -335 -262 369 392 -177 -47 -272 -120 -459
237 242 -370 -27 -137 274 362 70 -421 -404 464 -111 -43 -230 -287 255 -13 88 -419 417 333 509 397 220 60 -432 -372 6 301 12 254 32 -88 97 -1 -271 -184 402 357 -76 -375 410 -299 22 164 -10 -147 420 296 -494 -280 14 209 209 -132 -371 482 -378 -382 502 192 227 -304 -318
149 -86 403 -172 498 194 -225 -408 309 -243 -410 72 261 -114 53 -225 394 469 334 -495 -468 284 444 273 51 -102 -384 -71 483 -53 -491 74 -465 363 -30 62 93 -70 107 -375 80 196 -364 -489 9 138 -144 -323 -33 250 -298 -478 495 -483 -79 240 -318 -46 -20 71 120 -245 349 64
506 35 -252 17 484 -337 -44 -294 -259 386 451 292 -344 -266 -431 -172 153 359 -226 -291 171 417 43 369 435 -89 476 374 137 -444 -158 -110 0 -448 389 350 76 -415 -335 -508 -181 313 -390 344 -90 -49 -174 111 -181 -255 81 -416 182 -376 392 357 -36 25 44 175 -79 81 -47 -333
197 -414 -88 482 -7 -33 235 472 203 -157 346 -33 64 304 -73 198 -30 263 367 109 -38 -408 -279 -110 455 21 180 -287 117 -354 -255 -469 346 -338 -297 328 383 273 439 -334 130 -254 -461 -285 -192 -71 -104 -23 -467 391 484 281 502 -140 -47 -436 57 -374 -474 -18 -236 -405 21 -65
466 -28 117 416 -127 361 480 -216 -415 283 -251 -431 -466 482 488 -391 -225 136 50 -34 -77 -123 -366 0 57 476 -101 215 342 -491 -48 508 -181 147 -51 -53 317 -50 -333 248 -166 14 251 -185 -394 -338 478 -175 297 -341 361 428 38 -169 331 197 -182 -420 318 -235 205 -488 -469 299
-164 444 -36 354 -110 459 -403 -177 -52 -432 -54 -371 128 90 -473 -456 -502 56 106 -106 366 -469 191 379 -454 -65 420 229 -38 -63 348 -51 -441 -142 312 234 -63 164 -218 -299 321 -393 -381 341 -315 -335 420 314 -451 -91 -503 -276 -337 -74 -184 -271 307 -324 -212 14 133 427 -145 -140
87 -47 172 35 498 -309 445 -305 222 261 75 -234 204 352 -333 -141 188 -201 -269 210 436 274 -253 -70 239 22 -263 153 401 155 434 -104 -53 371 -157 -104 -109 398 -51 308 190 234 -93 -499 493 -121 147 -478 55 25 431 340 -345 138 386 327 -398 492 82 322 39 133 381 66
306 359 302 267 -43 91 127 -93 -413 187 152 -42 -480 439 158 -252 477 -313 -16 83 -109 -198 -244 295 -16 94 434 -352 -70 -371 -128 -292 116 13 258 317 -328 391 112 205 253 326 340 -464 -506 391 -112 -410 351 -371 431 -17 -343 146 67 -358 -421 -333 -271 -11 417 172 33 -289
-490 131 -485 391 -254 120 16 -427 -311 111 87 -250 32 -397 270 -268 255 -386 265 378 260 394 456 359 32 390 -101 114 169 206 -327 98 -184 266 -52 -37 291 320 -194 301 12 -332 -9 453 338 418 -77 398 402 283 -57 -344 -97 63 -245 323 -494 -231 -286 -208 71 -99 162 215
356 -461 -252 418 499 313 -499 -17 285 -80 401 439 -106 173 -7 41 446 114 424 182 -90 454 -339 -388 213 366 -355 55 -307 238 -352 -427 -69 474 -184 -441 -140 186 247 460 124 292 -10 -148 -20 449 113 165 54 -281 -54 -174 492 -42 109 446 -162 262 -257 -260 253 50 356 65
20 372 -49 -297 433 -182 -441 464 -418 -136 407 -343 384 476 266 -38 -130 359 -368 -23 -447 -198 36 -144 199 -195 -393 413 146 -105 14 -364 -64 406 -265 -424 217 -309 -236 499 -465 -298 281 37 162 443 40 -388 49 -483 82 -14 -316 303 148 39 314 302 185 114 75 67 281 -342
141 442 129 -170 292 -58 -230 -371 180 -4 -502 314 419 -218 -384 -47 -160 103 -416 -426 -236 -394 158 418 27 242 126 -172 -326 159 -63 -462 497 -367 255 92 442 -203 138 -388 -395 -10 476 -17 -28 283 -59 16 -264 -295 500 -311 -436 168 0 137 -370 287 272 -158 -261 198 155 -269
-32 104 -253 40 116 289 -392 383 0 -32 203 42 -457 -449 -97 496 -398 483 -230 286 72 -426 388 -369 -124 -130 416 -410 -476 58 -152 -315 -331 -466 425 -402 164 278 47 156 212 -468 367 122 483 -264 -254 457 -509 -307 353 211 -372 -301 374 192 -120 -412 -460 389 71 269 54 491
166 122 291 -274 -510 355 132 42 62 -100 -140 -389 92 -46 385 -293 196 -495 -477 281 326 7 85 488 -412 -111 -385 -103 -248 186 194 22 51 -27 -41 153 450 257 82 -218 358 -347 475 -287 267 258 266 -460 -166 -137 70 506 -126 -93 -30 465 45 206 224 463 342 489 481 -278
418 -179 505 -320 357 142 -41 511 -509 268 5 -328 484 379 -475 352 362 317 -383 -393 -209 51 503 93 472 -324 26 -95 -77 182 -508 -231 206 -396 -489 -296 -125 -249 347 -35 46 -83 -306 162 -164 -427 7 221 -454 -307 -269 353 -399 -76 36 -166 280 -228 385 -129 -233 -136 134 458
-52 -108 175 -181 61 -155 -212 138 -301 412 -24 155 94 -413 -320 30 350 379 257 313 -259 218 116 -232 444 206 -227 367 -114 -83 -317 -281 53 -346 415 -282 172 159 -406 446 -145 191 -431 -442 173 352 156 80 -330 -69 168 364 -172 316 -265 -238 382 -208 -285 249 -206 -174 -128 412
428 -352 -442 -495 -493 312 -439 382 340 -23 -96 -289 241 279 238 -322 194 210 342 314 139 -3 502 -257 82 -470 -511 -340 477 28 -156 -174 -27 -77 -429 170 -244 -20 -83 330 69 -472 498 -505 333 394 -280 -92 178 293 439 -254 401 69 -259 296 510 -348 -262 -158 -276 -336 242 -362
-224 204 85 153 -109 181 -71 465 9 383 270 304 -337 242 33 -85 -367 457 160 -350 -362 162 -166 117 180 -491 -77 423 327 404 -77 398 -163 187 -201 -412 -128 -499 -501 98 -34 228 443 -196 318 368 -397 399 460 -15 -207 269 343 267 44 28 -107 277 48 -255 -379 123 61 476
57 511 -202 -360 -67 -187 -85 -157 468 227 83 -8 489 227 -128 -490 -490 -193 89 87 242 233 -219 247 279 136 413 -369 81 -111 462 -401 168 -367 -344 -466 107 467 -258 37 -418 -368 202 -73 -83 -290 318 -392 -236 333 225 -471 -497 -296 -492 359 -249 204 -416 126 477 332 459 -110
-69 -424 -217 -311 -19 27 -130 -212 499 63 -464 -182 283 -481 476 -56 197 -121 -333 275 155 -275 210 -268 -376 -505 377 415 353 354 469 6 -475 -324 305 -405 -65 -39 -15 -465 424 -84 -111 -186 -91 -82 -287 424 83 61 -362 507 -158 328 -280 -67 21 29 -62 -115 -297 -159 -391 398
-195 8 -429 -379 -335 194 477 4 396 -476 -508 197 -280 -264 405 -9 328 -187 62 491 40 293 460 410 427 -260 188 -16 -233 -285 223 256 53 430 165 416 264 -81 -188 -426 511 -142 204 289 -355 248 313 -265 -194 101 435 471 -103 -245 243 -85 82 -415 59 130 -181 83 416 -472
456 -328 -452 97 490 -356 -470 416 -238 -445 -457 -144 -495 -448 214 -67 160 269 94 430 -287 328 -27 400 313 -381 -285 -160 56 294 212 330 -14 -486 152 -392 -316 104 -141 -457 -412 285 -54 439 332 467 266 -504 -168 298 -45 -231 -123 337 -163 -267 -328 197 92 -23 120 431 313 390
462 80 350 -327 -297 -40 172 204 -377 -170 316 -298 480 -477 -30 -78 -147 15 -156 191 450 -82 300 -181 342 75 -12 -489 423 -30 -56 -191 -48 -15 112 -392 -169 283 479 58 -267 -259 -295 -406 -337 510 -290 -308 -314 408 6 293 -1 238 436 474 -95 -444 -36 -115 -454 -273 218 180
237 -440 10 -476 -3 296 210 264 -445 57 -384 462 -95 -352 -313 -169 -244 -314 -286 -310 323 -309 417 363 -40 214 -322 -485 -462 153 180 213 319 -393 456 201 123 235 -286 100 468 493 -243 -469 -102 -174 -359 134 299 -295 463 355 -248 -197 -15 -154 431 207 -491 -73 -160 -431 24 -31
318 -108 -207 260 -230 271 -121 161 -268 -1 -422 -120 68 -326 512 -31 -497 155 455 -335 -356 240 -457 -242 -325 100 118 -171 325 497 332 -369 453 44 68 379 -446 441 -5 -198 91 -466 -31 76 -347 -63 -325 269 463 31 338 -460 136 404 -118 484 -498 -105 443 0 52 176 35 511
-360 112 278 -377 -485 85 276 -229 -102 -193 352 132 -371 444 128 -450 147 -272 -243 -393 -443 320 172 329 -16 -214 -365 -123 66 -391 337 -9 348 214 183 328 -337 79 -235 -323 -171 71 -207 -101 309 329 113 -178 -426 -55 460 -22 -219 441 158 -107 4 375 -294 276 85 -314 -357 -374
-114 -300 -290 -469 305 -463 135 -98 -8 280 -285 137 -495 44 -420 154 -235 390 259 136 -464 471 477 -268 8 488 12 162 -87 384 -57 -247 165 117 -101 -220 -365 -389 -395 -45 -106 18 235 -69 379 105 354 -271 176 30 -467 -320 -501 305 -41 -308 76 240 142 -470 -33 -84 -353 361
-276 -75 459 230 -38 -340 -129 -465 -167 81 228 -474 -468 425 -348 -432 476 255 460 -79 428 469 -280 136 16 -229 47 -369 135 -331 -48 139 3 323 64 169 -466 -4 -175 -402 -466 376 -474 303 32 -26 240 -448 -78 453 -438 -26 448 166 464 502 132 146 -62 503 -28 -210 284 -298
-7 -377 -114 -165 461 226 190 267 -307 -505 243 249 337 217 -177 -360 101 270 505 -83 -378 299 -456 -367 -218 -27 -294 95 -40 -250 -171 164 -367 -176 -284 -469 -236 269 316 -130 -319 -197 -14 387 345 -378 -178 301 465 -357 208 224 -380 117 346 24 -318 199 -70 -456 401 -372 -94 -453
-118 197 -266 261 95 -247 423 106 225 -432 36 -447 -34 45 -468 -212 363 -167 -18 409 -417 494 89 -218 216 -46 -81 228 311 319 -88 -326 -351 -132 -155 -330 435 304 109 -12 308 55 -216 -76 201 -491 -182 -345 115 459 -270 296 -260 -9 -510 -450 353 -162 334 385 -506 226 337 67
410 -226 -477 -387 -73 -139 -211 -75 -51 155 -311 -98 219 -365 -492 153 -39 -198 -400 268 465 69 59 445 463 -179 159 -425 279 50 -50 30 -79 95 74 -341 -253 196 -488 279 154 -61 498 424 -55 -440 4 270 240 475 181 -210 -136 262 -46 281 396 -243 -454 -234 -126 133 46 -468
324 -84 158 272 69 419 -275 317 -63 -428 -296 -9 475 -422 456 -501 -242 -237 486 376 -73 -230 480 129 -259 -146 223 -88 280 -222 277 379 -408 91 -417 56 -408 -405 -410 -179 141 305 219 -222 -306 216 128 -79 -438 433 -298 -493 -38 -112 -417 23 456 287 271 -23 -367 -180 -107 8
-419 387 329 -257 287 6 137 282 95 423 -273 106 -379 220 -149 395 -50 -509 42 -104 -235 -153 -506 -222 -21 -445 -399 -281 66 -189 -253 -126 509 -130 -329 -406 61 -288 250 -209 89 -499 -41 273 160 -95 327 91 337 -297 -430 52 403 217 328 -478 118 241 504 -135 -427 -343 -143 498
-212 -6 -291 101 -66 144 -370 108 -431 279 455 -124 510 -13 -411 -94 304 377 152 -234 325 -387 482 -363 502 405 238 -312 -26 343 298 511 270 459 -6 -349 -129 -138 55 262 455 306 -156 89 -77 128 -468 36 -385 462 -17 57 282 503 -36 195 -439 388 496 160 -349 364 -244 -510
-473 -357 -244 262 -480 25 211 456 -236 305 -148 414 -185 323 342 226 -105 76 277 -324 -115 410 -281 362 -438 56 215 21 286 45 -94 -209 -241 203 -388 112 -321 -144 58 342 152 -453 79 -316 -240 -299 154 10 -245 -482 -270 -97 -306 300 114 314 399 -312 252 370 278 177 -94 483
-102 435 410 32 -444 -483 488 -173 -167 39 -339 80 -75 165 -263 -400 -165 334 275 271 -477 505 440 -359 -360 -362 -111 -406 392 -486 -395 -92 -303 396 72 -502 -419 -29 -236 222 -239 473 -14 239 95 -263 -439 -426 -30 -478 -244 446 -100 12 444 337 -464 -362 -475 150 -171 -386 -405 -384
67 197 -382 172 232 418 471 260 -10 435 293 470 23 156 412 -82 67 367 -415 187 -378 252 503 -261 171 -297 -473 -351 -46 360 -399 -14 -200 188 248 329 -94 -432 151 -281 -231 -205 491 22 505 -133 -168 511 -480 303 -298 -476 118 48 267 43 -444 -347 -50 -71 -457 -498 140 -83
-104 -442 -324 173 284 36 34 445 -501 -53 -428 -104 301 -161 -18 72 429 -298 -160 278 337 -238 332 1 -213 386 115 211 -226 165 -339 -38 191 169 -218 -503 436 491 8 -189 412 313 103 380 -145 -199 -434 40 91 360 53 331 -313 506 450 235 -30 -469 5 475 59 -79 394 409
-428 86 171 385 79 15 -323 -86 165 119 -159 -2 -286 -492 183 -56 63 -351 -342 -120 61 -208 -164 17 -264 132 139 -69 -92 86 48 365 -213 481 -301 280 78 213 79 359 289 -192 414 -378 -486 -13 -347 -455 -118 99 -52 24 508 316 416 51 -361 -10 200 -304 299 428 267 36
31 505 -420 -484 77 -63 -117 -464 -202 116 172 96 -61 140 354 384 -120 -92 -149 184 -198 61 -505 -406 -340 -152 379 -102 451 -387 278 476 291 84 28 -388 -151 98 -99 -234 135 -131 -124 -87 456 -369 -202 -446 36 -222 -511 -306 242 -249 -336 333 279 -229 157 -113 -293 -333 121 286
510 481 109 -431 -151 8 -499 502 -242 -323 264 -187 440 -75 477 -150 136 375 -373 3 -340 -463 -512 -446 191 368 -123 -171 350 -147 -319 -322 -308 192 -362 497 269 -351 239 434 -238 225 165 40 53 418 -92 -399 -269 -83 168 378 -471 -365 -479 -349 -455 313 -47 417 -249 -219 147 -345
68 -83 -77 62 -30 -438 493 -30 205 177 49 -496 494 -228 473 506 257 343 -39 384 359 -170 297 -384 249 441 -441 -428 53 127 417 -441 -159 -2 485 -168 299 -467 439 107 -364 33 86 -404 -229 383 -65 -145 25 431 -220 471 -90 383 -392 -427 -206 59 -36 -232 -138 -347 -410 293
-180 -370 285 -208 165 178 -290 -262 35 208 25 -208 -132 458 76 15 181 -258 123 -511 175 203 -280 324 273 370 325 -368 -461 -172 -297 105 -42 217 435 461 -214 -430 97 105 -434 -448 444 -300 -489 -123 281 254 35 399 -411 -238 -302 290 142 -299 23 -350 182 -245 21 -306 -119 -220
-305 126 -155 -20 -213 109 -344 360 -324 -59 -271 174 71 -65 238 431 -500 278 176 236 -120 90 -385 273 -324 339 -510 -106 356 -190 -400 240 20 -37 -142 367 213 110 -118 -482 454 269 -331 -34 270 -149 507 -140 512 204 -243 63 -85 -341 -47 20 -305 -154 -402 -84 -481 -361 -360 28
-247 262 -499 -386 -45 29 -172 -290 -389 -7 -371 -440 -286 -317 92 331 199 232 466 -78 -141 55 135 -272 33 -333 318 -495 220 79 -138 -235 372 146 -113 -123 -5 -164 -84 -263 23 -442 -147 -86 -311 132 70 266 -301 189 413 -502 49 268 342 295 101 -316 302 -413 -41 41 426 -201
-216 169 -362 280 326 -24 257 308 -4 460 -393 284 -183 -365 17 -374 277 140 60 13 -336 383 -361 -265 415 -177 -98 -461 -359 -100 -331 -48 492 -83 94 206 450 -53 -438 -448 -396 163 315 307 -199 -26 117 -179 52 128 -397 194 -73 -169 -264 -314 -422 256 -32 372 -422 -344 141 -321
381 344 -505 348 -277 386 92 220 83 406 45 -402 508 62 -168 113 -372 82 63 -80 430 -153 -28 177 286 -218 431 54 -458 215 -315 -16 240 -103 18 57 473 -305 61 -327 54 -274 -197 370 414 373 -137 75 -410 286 458 -179 31 -14 -510 -337 -415 270 -323 154 -227 -273 -168 36
495 -413 323 495 -253 -356 181 -343 -165 125 -180 387 510 -197 482 71 -284 -325 465 -6 -302 69 -111 -372 -226 405 196 369 -293 304 -501 159 400 -25 -217 -21 216 -91 -256 215 475 451 139 24 -66 7 -493 -207 324 95 179 289 -415 -434 157 56 396 -432 344 500 -103 199 -449 -2
-267 227 253 -429 162 -6 -480 -473 -40 53 58 -281 -333 483 -324 -247 -452 -165 -260 403 -278 -445 -12 -408 413 -111 -332 36 -48 456 -438 329 -68 -379 -452 114 161 390 -398 -270 138 234 -137 -124 300 340 -451 159 138 372 50 -53 324 -184 -259 -224 251 229 -250 372 137 -112 368 -165
-103 172 -105 425 396 -452 -316 236 71 280 141 -394 -105 -50 -242 -164 -140 186 -481 -495 383 -239 234 248 -269 439 -272 -40 135 -95 153 -205 27 85 80 13 90 472 26 -511 94 121 -380 443 191 243 227 -198 134 -197 237 25 -345 106 -193 -427 72 260 -474 -120 398 85 26 213
-411 -407 216 -129 435 -98 -32 -291 30 -111 -438 166 447 454 240 -509 214 -126 83 437 -26 -27 -368 -422 -244 -148 -185 151 -129 -429 162 -130 53 362 -224 325 -143 488 102 -224 -53 -119 -171 -483 328 -209 -52 316 409 -455 445 368 -427 -102 327 -308 -86 -119 115 -435 112 -449 -25 494
189 -16 48 -226 449 322 -6 96 407 -455 288 109 -346 -150 -186 -174 -4 312 22 -169 431 -370 108 -512 278 183 6 156 25 52 442 -415 103 -75 -300 -206 -484 152 188 153 220 108 206 493 -84 -144 406 256 -118 -375 162 -351 420 -171 233 209 -216 -203 -148 176 213 -426 -230 450
211 -38 -325 -116 -66 206 35 -226 -245 -69 324 213 139 75 -426 -254 -249 -455 142 133 -501 132 -203 -354 -274 -173 485 -467 -3 -419 -138 216 381 299 -373 -50 115 -248 452 473 -333 -44 -38 276 -49 505 -116 -298 -344 447 -79 119 -338 386 255 272 164 -373 -175 139 -320 -278 245 -297
500 -110 185 62 -318 132 -311 -477 100 -232 -261 -263 -365 -29 250 145 145 510 36 -421 456 -332 205 315 409 317 -378 -247 288 477 103 186 -370 308 -275 471 -478 -375 95 -4 191 -421 136 365 -283 -116 430 410 461 -41 478 161 107 460 508 -157 -143 -383 418 -196 -143 -238 -270 -74
423 -74 -46 -291 -360 -104 -352 500 -269 332 334 18 113 -53 -176 -59 28 -227 -327 -364 415 246 15 55 -398 -483 -509 -23 98 -199 -284 -41 41 -95 -77 438 -206 343 181 121 -55 134 439 -121 -19 113 -468 180 185 -362 -481 -343 367 282 -333 344 -100 212 -430 -272 -247 160 141 -232
-371 -503 -488 401 -288 -402 -361 -118 -292 351 -343 186 483 -431 -358 298 -362 -79 -358 -411 403 -434 41 175 -477 33 -13 -147 368 77 -97 -15 -106 -238 499 96 342 -193 -377 231 3 511 -466 200 425 -371 -247 371 -405 463 -218 -441 311 339 -165 134 499 35 114 236 41 184 -264 -326
