353 -177 159 -45 61 118 -398 -260 80 -136 -287 507 248 -278 253 -423 96 -195 34 -332 154 -221 423 298 406 474 356 252 16 117 -195 -122 -98 -52 461 363 295 335 227 256 -70 -53 -290 26 457 132 263 21 -508 -359 -360 206 -297 200 399 421 125 -257 -238 184 155 85 256 -214
165 -506 496 -347 31 198 -327 202 -143 -425 -285 -225 -260 364 86 177 134 -386 319 -263 333 -317 464 -79 -213 -58 -20 -479 -463 -207 413 -336 210 -366 -87 395 -460 68 -82 494 -93 -372 -324 79 69 -377 387 -449 -334 -274 -472 -406 193 166 -331 -250 184 -112 -63 329 -399 -191 68 109
-244 -190 -281 -183 -330 132 320 467 -344 173 490 -281 167 362 84 -389 207 419 281 132 62 458 366 -330 418 86 -296 -198 -455 -143 380 -209 -89 -247 -465 379 58 99 -269 477 498 -383 271 -261 284 411 -48 -36 -428 -297 -60 -412 -257 -66 -118 62 137 -143 -41 -373 -344 272 -495 469
35 -154 350 -481 396 45 431 341 403 -296 -41 -491 437 476 23 380 148 407 174 -201 -500 -122 -421 -415 480 350 340 -198 86 -338 480 111 321 282 448 282 5 -275 442 -431 -337 417 -102 -3 -459 -194 247 -477 5 -108 -101 -299 470 -217 447 -473 -201 -462 -355 410 -185 -458 -157 -395
141 339 -93 -4 133 -262 -277 112 240 169 -456 -463 218 447 -379 10 -166 -403 -352 -194 84 -113 -35 483 118 -337 -288 -419 282 393 -158 -48 482 46 -37 -350 -139 156 306 259 342 450 -494 -325 510 421 495 -84 -31 253 -69 -138 -510 -103 329 195 -22 86 -13 400 -30 -281 -337 -104
20 -235 -361 -440 494 492 111 50 -272 148 180 115 -345 -403 481 -85 39 -170 132 -239 -210 220 367 -66 -132 465 -474 212 -371 -169 -497 107 -210 -169 -243 -394 -402 -64 460 408 -506 256 18 -366 -130 199 464 -146 292 -368 482 -152 275 376 -126 -475 374 -145 -214 -77 -379 325 220 -359
168 -275 104 -75 225 409 -390 -418 275 214 166 343 -27 207 -161 -149 282 -84 237 359 -258 -306 214 -62 -387 -316 236 -60 323 -347 -498 -237 -154 411 -29 478 94 245 -236 230 -37 -277 219 -415 161 295 -55 119 173 -25 -258 126 280 472 46 260 -10 -380 414 -276 -44 437 251 -244
-25 -307 -319 147 -223 -470 -360 86 358 465 181 189 -218 395 203 52 15 -331 449 -495 286 -404 -289 379 -413 101 -469 -141 325 175 -92 298 -444 373 -332 391 28 -92 423 -424 36 -154 -136 -237 167 267 494 285 407 168 -374 -59 -424 -442 -333 -210 -165 156 16 -13 274 -229 -219 -459
-431 -164 298 26 505 -442 -266 -393 -34 226 190 331 169 211 147 -494 -368 281 -174 -107 92 51 221 28 465 -139 220 -131 -435 420 -433 -279 -171 367 -303 -475 -264 361 182 -51 -33 507 -350 450 31 -494 -208 268 81 -127 164 140 -266 -493 -20 460 -50 -46 202 66 235 -185 -454 481
-223 12 -275 0 23 216 314 117 371 249 357 -61 -400 -207 -127 -296 88 -151 430 507 17 473 247 122 405 174 224 467 102 245 253 22 -164 185 497 91 115 337 -408 -374 294 472 -83 -134 461 -306 304 45 220 -246 -470 -54 161 -34 -103 426 423 -186 -417 316 -202 93 -479 111
372 -158 -198 -409 -355 -263 -306 44 80 -315 270 -333 198 133 256 343 -86 -138 -182 -182 -263 -440 5 -438 457 -185 -399 457 -110 408 -466 -20 490 30 345 -39 423 270 -407 -78 -447 127 371 -217 -202 -386 -407 -269 -103 -328 -75 53 253 -464 237 50 -462 -36 -22 207 203 71 497 482
288 -448 -280 35 -283 -341 222 86 113 155 -211 -337 146 499 91 -496 444 328 -229 414 74 -184 29 0 184 -459 380 407 -166 175 55 -4 -479 -262 -209 382 -229 21 290 -258 80 51 -75 116 248 -255 361 -427 -412 226 -152 346 312 -463 154 151 -343 -500 -470 -168 414 -371 431 -346
-124 -3 138 -232 317 -44 265 37 -263 440 493 -92 -257 461 462 -85 87 130 75 55 -294 -11 -62 214 -407 -54 439 59 -335 -216 -417 -508 69 -327 -20 -82 438 -189 423 -430 -31 -53 -456 -267 -430 -439 406 -26 101 -377 68 -467 297 434 106 2 -307 414 -343 -247 -142 -464 240 196
-47 -146 -370 -376 -202 -333 -354 -353 141 163 -359 67 -273 509 -77 -244 142 -227 -492 -495 324 -495 16 -332 -274 50 259 228 158 388 160 427 430 -483 -100 99 358 -126 405 244 -384 378 223 -9 -268 -149 357 -283 -458 -494 33 -469 482 -225 220 -439 -356 -102 -266 -25 -104 73 -363 455
362 202 321 -40 465 17 -218 -93 167 -415 -442 -497 377 -256 -131 478 -65 -106 193 -363 509 403 -256 -176 438 -266 296 189 62 -415 104 141 405 224 462 466 -286 380 362 -484 -446 121 -418 -50 -362 279 -272 366 108 -318 -24 189 -471 10 232 54 -483 -126 -459 423 -88 327 497 -245
-412 -71 493 -332 -67 427 170 -366 -354 -411 183 179 1 16 -4 106 55 -459 -30 181 -76 379 -255 -378 -390 -32 344 -414 480 466 197 -279 -192 -380 -294 -235 -146 46 101 453 408 -114 290 248 153 -457 305 -269 -334 60 -391 60 329 497 55 469 308 -395 484 -377 -377 85 243 -363
437 -240 477 -225 122 -361 -146 463 76 449 14 209 -272 460 258 -246 296 -402 141 -250 73 175 -410 481 94 95 -61 -124 -316 -392 -367 243 146 20 -320 131 170 -104 386 438 -319 -379 191 -451 232 238 -363 383 -458 168 255 231 -276 -10 249 -218 -325 413 -36 282 496 107 -209 388
-338 467 424 -251 -197 233 34 295 281 449 307 87 -249 -425 509 -415 454 -244 29 361 355 -288 238 387 45 367 -413 -451 325 44 -370 -424 -395 -177 394 200 -319 389 113 170 -437 99 -46 -215 -160 66 -242 107 -498 -325 -512 -75 -183 399 -224 74 -477 -177 316 14 -64 -304 -340 -10
-129 -107 -479 77 447 366 -222 431 -253 -407 -55 392 -427 10 432 -42 77 145 88 124 438 219 -504 -334 14 128 -101 210 355 503 -172 406 256 -289 -298 456 -180 -204 -149 -312 -86 -227 -173 -217 -344 -127 -335 -495 -63 -189 -271 432 211 -327 -252 -417 -486 -369 -341 38 4 328 176 -392
-441 309 128 367 -282 197 -496 -1 -243 337 -49 -492 -495 63 74 -25 164 -111 -9 502 499 -229 77 287 17 269 237 -277 322 125 -56 139 -310 429 -505 -330 -469 -298 307 -416 -273 -383 -220 352 -175 198 -505 164 380 -171 322 399 452 -473 496 22 -298 -351 411 -303 134 -338 149 380
-76 189 -89 125 -119 -356 -377 39 -205 -19 -472 -245 -5 -415 63 -371 -21 -316 475 -363 -305 101 450 -411 260 55 -406 -256 -224 -233 474 292 439 248 470 -94 208 156 298 -216 -449 -34 -146 -26 -483 -328 487 -76 -40 474 -164 79 403 403 143 280 452 281 421 283 35 -7 -72 -214
29 -100 127 382 433 15 -70 -272 -229 84 -439 344 -37 281 419 -181 210 111 246 507 429 -212 0 509 -282 32 -487 -170 442 181 -135 395 0 -305 304 -417 316 -273 315 -434 426 266 -408 -305 133 -144 -120 -114 37 -121 438 480 411 229 -390 125 -281 -456 97 81 -341 -364 -69 -93
-483 106 213 -464 247 294 456 211 338 70 11 -173 -95 81 108 309 17 446 -299 122 136 -424 215 -40 46 -111 -161 231 -151 235 -411 -449 -144 -327 97 -349 -358 235 239 388 119 -39 -325 110 132 432 -342 44 -66 -280 -76 277 -497 74 -375 -11 -60 -82 277 -276 -128 -453 45 421
-133 -466 -32 271 -93 268 286 474 -472 222 245 -222 225 -466 473 15 64 -67 -61 182 388 -460 316 -313 -106 -68 127 425 505 -237 -466 269 -134 30 -188 -259 6 -28 -419 -408 -207 -81 -361 -40 -244 23 394 389 186 35 249 -184 -318 423 397 -469 251 188 -151 -389 79 212 -31 -315
-207 -141 457 -198 -441 376 -32 -389 346 344 95 468 449 3 -15 13 193 -471 246 415 60 222 -395 -283 286 285 -311 -482 216 104 25 159 -219 -199 284 -56 38 414 -243 -14 368 -175 -51 5 -22 -101 -341 -29 -318 -490 -450 -308 332 -338 91 -133 327 -216 209 -137 -220 162 -34 479
305 -153 72 -132 121 6 -87 -290 395 -307 -485 -381 303 333 494 -233 -87 -445 -306 318 336 -477 -87 -327 -87 410 -174 -78 -376 -35 204 84 -409 -414 -315 408 -21 505 -410 220 42 39 -344 -439 -298 472 437 361 -140 409 -306 510 -320 56 148 228 509 235 -84 -433 -165 319 -222 -426
-200 214 -108 -108 298 384 -185 15 386 -292 193 -265 453 -413 85 343 -393 175 -228 423 -499 -230 -40 101 253 -125 -309 378 333 414 -484 148 236 92 -478 330 -298 -296 -153 -407 -315 -338 -117 22 -492 189 -205 -387 64 -338 -88 209 167 410 316 -363 -111 -165 -73 434 -315 -46 162 246
-195 233 167 488 236 161 -142 499 -196 363 -371 -157 97 135 -451 16 117 -103 -103 434 281 276 306 -161 -69 290 431 259 -393 414 -274 328 -31 -303 418 -222 141 500 -70 477 -30 211 -333 147 124 190 309 28 -107 250 105 143 465 13 209 511 128 430 286 -401 368 504 -47 -319
-499 -35 343 80 30 315 -467 402 -509 -389 406 -352 453 131 282 175 220 482 -275 0 125 -129 440 105 -68 291 -180 -254 204 382 -97 -374 43 -157 16 10 505 -3 -170 -257 -262 503 236 -293 276 -197 -24 -44 245 -485 -54 -199 -332 292 -376 235 242 -184 -468 -361 -271 -205 457 413
-94 81 356 59 435 -409 -17 -60 370 381 406 381 305 236 -120 483 335 469 247 -155 -65 -282 -32 -461 -270 -217 -330 438 224 -380 124 -116 292 342 459 -448 -497 -321 -115 104 275 -220 -294 197 35 -76 -448 295 259 312 -271 -350 41 -14 390 228 -482 350 306 -228 -51 -384 137 -501
137 -359 -330 390 -488 -223 332 413 -67 -349 431 -214 -27 274 193 93 185 -166 397 -45 -411 23 -126 -479 -407 -110 194 -140 419 70 146 471 -173 -285 -239 -93 -494 218 59 476 367 72 63 165 24 257 -380 -343 60 136 -245 -309 -417 3 502 -428 230 156 -44 146 371 -131 465 -481
29 259 -15 -499 183 159 -241 457 466 113 -198 -487 -322 394 496 -377 240 -228 10 -236 187 -226 -9 -315 503 -31 441 78 -448 255 12 340 -451 466 -207 136 -377 117 -407 -303 -217 214 479 -104 399 143 352 264 43 -42 421 387 490 93 11 -17 -395 288 159 136 -450 510 39 272
124 -404 293 -360 101 -167 -215 43 -492 -267 65 -125 -83 -424 -280 -304 -349 -131 -52 -344 -128 295 -238 -32 481 494 -126 -163 139 442 -196 202 133 -96 -213 -173 -483 -43 325 -510 37 219 294 326 423 -195 288 -238 161 -510 -135 37 465 468 -148 416 -68 -36 189 385 -137 -45 -489 -470
29 -181 -143 -262 358 -350 -67 3 455 -413 46 -106 414 135 126 370 -168 -443 -200 256 -419 339 208 199 -300 362 -289 -359 -51 430 -340 -439 443 148 80 -178 243 -58 201 -410 9 226 40 -396 -254 163 483 -209 61 167 -440 442 464 92 488 -159 -433 297 99 165 205 -238 -119 81
-398 -504 420 -418 -15 415 -379 208 442 -377 -285 -33 -347 206 -25 153 -150 348 -221 -288 449 2 93 420 -319 -18 -210 290 -332 -329 366 -308 -68 282 -85 -222 7 -81 -378 -34 446 3 271 -184 -480 318 -501 -433 -400 -355 211 232 -127 375 -295 -505 218 -449 -426 -252 441 -28 16 482
-155 451 404 219 469 -260 364 463 370 88 413 148 174 113 -88 145 -331 -145 226 90 290 -140 -24 313 175 -155 2 206 26 -461 399 462 60 481 -117 -340 -32 -221 -198 -4 504 283 -65 104 95 123 -295 475 -332 -510 382 -270 -352 -287 102 510 -92 102 202 -381 -410 -253 -136 -489
-241 478 -296 -41 192 70 -199 280 91 -326 396 -81 47 443 110 -188 -171 -188 453 -357 -389 447 -169 -374 275 -507 -453 -19 410 110 95 -408 49 -46 -69 -208 -245 389 -122 158 -296 406 191 -11 243 483 -301 -339 -338 -388 -56 -383 -392 20 -39 -1 -48 339 256 377 80 -288 388 -323
257 -349 -89 -335 464 -30 -448 -288 91 -409 212 266 109 138 459 283 -143 9 -174 21 409 326 -394 124 -425 468 226 353 281 424 447 -223 277 -414 377 -255 186 370 -502 431 82 372 194 -349 -182 488 6 217 462 346 439 304 352 296 -199 -478 -366 72 453 281 407 -342 196 -159
196 -214 219 -111 250 -132 38 -288 422 408 509 -302 -394 -184 -144 101 -310 249 390 -240 332 -510 94 150 -341 177 -161 412 -24 -507 41 177 302 -432 283 -94 86 -246 356 -360 402 378 90 454 -254 -266 38 258 488 -502 -170 70 -423 -313 -310 -246 -79 493 418 61 495 86 -256 308
-45 -61 -217 420 -9 -449 432 152 -455 175 -81 -160 -350 -256 -21 230 -490 -270 -383 59 314 -127 388 91 379 -325 310 -276 -342 -366 -68 -376 -232 36 62 -353 53 338 -147 -470 -292 174 -508 -42 -409 -73 -418 209 -212 487 -105 58 -440 -390 -225 148 -55 415 263 64 438 -318 397 460
-22 -320 274 354 -287 91 -51 360 -214 -356 -267 175 -49 -55 -306 215 459 169 290 407 216 378 -291 -101 -29 -508 -250 -35 292 -16 -79 -455 26 166 80 385 274 -233 -482 -103 320 -78 80 12 -341 216 19 293 -379 0 -264 213 394 160 -283 -485 -180 -127 -397 -285 300 463 -285 203
-98 -418 312 -312 -316 -240 380 -512 391 238 -315 21 172 -509 -101 391 -231 -206 -154 -412 -217 444 -115 -313 -371 -303 451 315 -226 150 -137 -391 -423 205 -46 150 -173 270 389 293 -452 334 2 -9 -97 74 -302 95 -71 343 264 -92 184 490 410 225 149 -385 -177 101 446 -36 -340 405
263 -110 -377 491 280 210 -113 -242 -397 -448 127 177 -313 145 512 -466 142 -306 -70 -93 397 509 -298 289 -77 135 -449 361 404 -228 -474 227 298 225 -4 132 212 196 -382 -180 482 -234 -81 475 -15 110 215 182 172 -503 -143 466 -454 304 -37 -447 -155 3 388 39 -368 -228 -364 294
-174 -210 184 -121 -85 449 434 463 -205 114 -379 -420 422 -260 -464 63 -255 -413 82 66 454 407 -339 46 100 140 23 -61 230 123 -394 111 506 80 175 387 -322 -36 -476 -54 -306 -16 -176 273 231 -106 -190 -341 -42 -489 285 104 -355 -253 -21 84 -319 -169 -456 -54 -327 345 204 -104
-403 491 -73 -407 -332 -131 -71 -455 -468 -383 245 379 -385 321 380 -136 -430 -504 -432 260 -324 -197 -244 162 309 464 -105 245 -450 306 477 -321 439 510 -265 375 -202 71 248 203 218 -450 -496 90 -374 41 22 478 146 -481 201 457 130 -436 468 298 188 -242 219 487 510 -147 353 87
-43 -237 152 343 197 182 -417 -169 225 428 -260 -267 371 405 -498 -281 343 234 335 386 -283 -276 -68 -386 -342 -223 116 36 338 -264 -415 -378 -31 -305 368 314 -269 406 -270 -379 37 366 347 336 -236 30 193 173 -507 157 -135 168 152 -152 452 -160 -375 -237 118 -223 -398 -193 -495 -313
-205 -77 154 -75 -183 -278 83 353 -465 21 26 198 -33 -353 38 -476 77 -428 -142 10 175 -425 459 -235 -492 302 -485 39 -26 -441 -34 450 431 274 -456 -135 -10 434 -16 464 356 61 189 178 291 75 -52 372 277 378 277 334 -33 350 -449 312 -455 47 -269 -435 -461 -396 -30 258
-428 -443 -10 332 -453 -420 151 37 -422 -6 -439 -445 -12 450 245 -422 -503 -281 150 107 206 -338 39 244 -475 149 131 238 58 -100 272 -358 -407 419 56 -233 274 -488 232 -504 -407 401 -65 21 283 197 -203 281 379 281 430 -242 -153 -217 -239 136 146 -313 -294 -221 327 -253 248 -267
96 -386 -444 76 -152 -326 441 281 -7 -12 -247 -419 404 429 233 87 -428 121 -468 -262 -250 87 -166 -417 -306 -382 486 324 -358 -442 -123 140 158 -404 -285 341 -177 96 432 416 -380 -174 205 -354 68 -69 442 191 479 274 352 -456 -89 -497 254 -213 500 -99 473 167 85 -70 84 -214
-117 -418 -335 281 -118 -500 285 201 306 -308 -193 353 -333 -420 -350 -449 -406 -63 336 -88 -214 -180 42 -57 -76 -82 -86 486 345 -409 10 -374 -417 -170 449 208 -485 -6 190 -156 112 -67 47 -202 377 121 -73 134 -302 -324 427 484 325 -4 372 300 164 -510 -227 -267 108 479 64 -459
-248 -455 -370 -445 42 -120 14 -137 -236 356 431 481 -232 412 -332 268 222 421 -6 192 -222 -55 417 348 226 -73 380 55 -12 -492 -363 316 -110 -132 -82 306 -9 109 463 309 -66 -75 492 218 274 -409 380 -381 -337 184 -256 426 -186 274 491 -225 304 -512 404 -112 401 323 -23 185
60 178 280 238 238 301 61 132 311 245 -70 -197 81 181 -471 272 418 -12 -177 241 -220 390 -130 -481 383 379 254 146 481 -494 -404 485 -242 -447 71 -456 429 173 -45 223 475 70 -417 130 -304 297 -266 212 445 -417 170 -369 380 -236 -370 152 7 123 -124 114 298 -351 -318 64
-104 -441 -211 212 257 230 502 345 -428 70 112 149 411 198 -231 37 -330 44 210 -275 -115 -460 -196 -284 30 -325 500 460 220 -413 -282 -303 -12 -64 13 185 335 498 149 -96 -68 -463 -14 -49 25 245 253 -268 171 -392 340 285 -471 400 193 -180 508 430 143 449 -446 173 -394 -390
493 168 -102 -33 -451 152 -390 90 -233 -381 11 432 -228 -330 -243 291 89 162 352 -195 -219 -227 -75 155 -490 -344 147 -362 434 -277 304 39 -105 257 143 130 76 -28 467 -45 299 -350 275 220 223 414 -268 -379 -424 180 341 246 332 -9 -379 -296 295 405 -214 331 -421 100 128 -311
-88 151 -270 70 300 -417 -504 -79 -149 423 -170 -75 445 -160 -433 -154 -358 -19 90 -430 298 161 -413 492 -314 -390 -502 71 -338 489 -419 -487 455 408 -409 223 105 -249 17 231 424 56 284 -125 -264 -82 481 469 31 -434 -436 373 511 -295 45 58 -209 -404 -407 183 -472 333 -315 65
-483 21 -211 -221 341 243 -8 466 341 -259 -39 -174 -507 -440 -441 -338 200 409 464 30 -185 171 418 -441 371 419 -327 -167 305 392 -264 239 317 40 64 -329 189 -412 346 392 -424 -27 156 -309 390 497 -139 510 -250 -281 127 -346 287 381 75 56 66 -55 270 -318 19 329 54 -49
-280 -175 -87 -142 -3 -102 139 -21 -188 -129 -140 8 -217 437 171 -123 217 337 407 -238 240 -479 -260 -257 -195 316 -492 202 -174 394 -146 126 -111 81 387 -157 141 0 -456 294 -265 -354 -79 480 265 -132 -164 302 -142 459 -468 355 -498 -47 -345 -402 -96 -299 -344 370 -392 -375 -222 249
-385 256 -219 153 70 -359 -365 -466 -59 90 109 81 19 -12 -312 377 16 -384 -486 490 -52 43 380 426 -251 365 378 120 235 121 502 275 -223 319 -83 451 -124 460 -424 480 42 -60 -179 -25 -437 -17 7 -435 -401 412 284 363 150 -161 -233 -97 288 -31 -352 -86 170 -318 -502 12
184 -172 -242 -275 -329 206 63 -201 -10 -40 176 249 255 206 -30 -313 -456 51 -414 -378 -205 153 31 -20 379 216 30 3 321 -110 -457 31 15 -154 329 462 -110 -245 -413 280 -464 22 113 156 191 487 509 474 220 -403 -299 -307 -379 -292 190 210 247 -124 -184 233 -99 -447 -448 9
-432 -213 -53 -189 318 -205 308 363 208 373 -323 430 -269 -109 -11 417 -19 149 -461 479 404 322 25 341 254 -282 -475 -30 -417 -179 -232 116 -60 68 -268 27 -293 365 371 -269 -132 -373 -118 -373 -383 -357 -63 -157 438 454 -13 292 -320 -301 -85 -42 -280 -178 428 419 252 -150 25 -182
-76 -306 -64 -204 36 -454 -72 -195 -171 22 -298 -57 -440 324 -52 296 88 196 89 -8 -358 -141 -166 -504 -248 505 3 -367 -91 150 111 -85 -504 -353 -360 293 -268 -504 -27 -33 -488 475 -417 -492 168 -207 -10 337 319 232 15 -84 341 -163 369 -18 -292 97 206 -424 496 350 302 -218
-166 -248 396 -382 336 -32 451 441 71 -445 -175 122 -109 396 -59 -485 330 410 -159 153 -306 -485 -456 -459 -259 76 269 -240 -415 409 -187 -463 -448 353 206 -356 -444 423 -331 260 135 -16 -282 288 200 -367 -308 489 275 -509 94 -130 477 409 489 462 367 -476 -415 211 -463 130 -429 283
86 -205 -301 -116 -326 -99 345 489 398 289 -112 322 -489 -407 426 201 318 -493 -143 -12 435 280 136 -13 319 -60 54 500 213 -442 -103 -286 444 183 -324 498 -305 404 -184 436 208 -226 -9 -491 -126 -387 295 -18 -131 147 -475 491 405 318 -331 19 37 321 -446 -428 -181 489 -413 355
149 512 -97 477 50 364 167 299 397 418 382 -13 -279 189 452 461 467 300 252 -158 -345 -490 -276 182 -366 172 131 44 -481 -18 155 -300 30 497 -103 -225 -215 420 -177 -191 -168 399 -168 -255 -201 39 -211 63 316 36 495 -168 -460 200 236 -473 357 -83 101 -259 -356 -10 18 -169
