-542 1466 -3754 182 395 3055 1810 2828 -729 -1241 -934 -1866 -1928 -19 -1248 913 -2015 -1720 -686 -551 199 -1272 1020 -134 -3804 411 -1922 -574 -1894 310 425 2819 296 137 1356 150 2681 4753 383 119 -719 -203 1551 -4202 2385 563 1263 1934 2225 1177 -1691 1402 2482 4289 -1877 -65 -674 1189 64 -322 357 752 -1009 2149
643 810 -3926 -1640 2041 5795 285 3613 -1459 -5897 -1804 156 -6432 1542 -957 3831 -413 -5287 -3710 -4238 -2820 -3487 3258 -1800 -5667 -645 -1646 2311 -974 147 1715 -1561 -2521 2693 1661 570 2253 6728 1500 -383 1699 974 3467 -2375 2702 2647 3039 5689 4026 2712 2178 1021 4575 1428 -5840 -2544 251 2164 4367 1662 -358 -1012 -1100 -2232
643 810 -3926 -1640 2041 5795 285 3613 -1459 -5897 -1804 156 -6432 1542 -957 3831 -413 -5287 -3710 -4238 -2820 -3487 3258 -1800 -5667 -645 -1646 2311 -974 147 1715 -1561 -2521 2693 1661 570 2253 6728 1500 -383 1699 974 3467 -2375 2702 2647 3039 5689 4026 2712 2178 1021 4575 1428 -5840 -2544 251 2164 4367 1662 -358 -1012 -1100 -2232
643 810 -3926 -1640 2041 5795 285 3613 -1459 -5897 -1804 156 -6432 1542 -957 3831 -413 -5287 -3710 -4238 -2820 -3487 3258 -1800 -5667 -645 -1646 2311 -974 147 1715 -1561 -2521 2693 1661 570 2253 6728 1500 -383 1699 974 3467 -2375 2702 2647 3039 5689 4026 2712 2178 1021 4575 1428 -5840 -2544 251 2164 4367 1662 -358 -1012 -1100 -2232
643 810 -3926 -1640 2041 5795 285 3613 -1459 -5897 -1804 156 -6432 1542 -957 3831 -413 -5287 -3710 -4238 -2820 -3487 3258 -1800 -5667 -645 -1646 2311 -974 147 1715 -1561 -2521 2693 1661 570 2253 6728 1500 -383 1699 974 3467 -2375 2702 2647 3039 5689 4026 2712 2178 1021 4575 1428 -5840 -2544 251 2164 4367 1662 -358 -1012 -1100 -2232
643 810 -3926 -1640 2041 5795 285 3613 -1459 -5897 -1804 156 -6432 1542 -957 3831 -413 -5287 -3710 -4238 -2820 -3487 3258 -1800 -5667 -645 -1646 2311 -974 147 1715 -1561 -2521 2693 1661 570 2253 6728 1500 -383 1699 974 3467 -2375 2702 2647 3039 5689 4026 2712 2178 1021 4575 1428 -5840 -2544 251 2164 4367 1662 -358 -1012 -1100 -2232
643 810 -3926 -1640 2041 5795 285 3613 -1459 -5897 -1804 156 -6432 1542 -957 3831 -413 -5287 -3710 -4238 -2820 -3487 3258 -1800 -5667 -645 -1646 2311 -974 147 1715 -1561 -2521 2693 1661 570 2253 6728 1500 -383 1699 974 3467 -2375 2702 2647 3039 5689 4026 2712 2178 1021 4575 1428 -5840 -2544 251 2164 4367 1662 -358 -1012 -1100 -2232
643 810 -3926 -1640 2041 5795 285 3613 -1459 -5897 -1804 156 -6432 1542 -957 3831 -413 -5287 -3710 -4238 -2820 -3487 3258 -1800 -5667 -645 -1646 2311 -974 147 1715 -1561 -2521 2693 1661 570 2253 6728 1500 -383 1699 974 3467 -2375 2702 2647 3039 5689 4026 2712 2178 1021 4575 1428 -5840 -2544 251 2164 4367 1662 -358 -1012 -1100 -2232
643 810 -3926 -1640 2041 5795 285 3613 -1459 -5897 -1804 156 -6432 1542 -957 3831 -413 -5287 -3710 -4238 -2820 -3487 3258 -1800 -5667 -645 -1646 2311 -974 147 1715 -1561 -2521 2693 1661 570 2253 6728 1500 -383 1699 974 3467 -2375 2702 2647 3039 5689 4026 2712 2178 1021 4575 1428 -5840 -2544 251 2164 4367 1662 -358 -1012 -1100 -2232
890 531 -5333 -2468 1376 4924 -284 1761 -1974 -4473 51 -631 -5496 2679 -1339 3724 465 -4662 -2454 -3653 -4080 -3007 1576 -2575 -6114 -1343 -2178 1092 -597 -399 1932 -1139 -1158 1387 1282 -1007 2363 5738 -120 -990 885 1383 4195 -2807 1366 2002 1234 4871 3385 4377 1275 106 3948 995 -4844 -4188 -67 789 4713 383 909 -1637 -392 -1491
2003 747 -4288 -978 1342 4069 -2121 2965 -1997 -4900 924 764 -3954 699 -126 5570 -1058 -5039 -3092 -3271 -2838 -4371 2016 -2860 -6712 -1035 -2235 491 -167 -88 1803 -820 -2065 2822 1913 460 1677 5914 883 -715 826 1307 3812 -1464 2358 2657 2556 6154 4788 3677 2272 888 3365 2578 -6225 -2376 1193 12 5057 1723 745 -728 -3212 -2093
643 810 -3926 -1640 2041 5795 285 3613 -1459 -5897 -1804 156 -6432 1542 -957 3831 -413 -5287 -3710 -4238 -2820 -3487 3258 -1800 -5667 -645 -1646 2311 -974 147 1715 -1561 -2521 2693 1661 570 2253 6728 1500 -383 1699 974 3467 -2375 2702 2647 3039 5689 4026 2712 2178 1021 4575 1428 -5840 -2544 251 2164 4367 1662 -358 -1012 -1100 -2232
643 810 -3926 -1640 2041 5795 285 3613 -1459 -5897 -1804 156 -6432 1542 -957 3831 -413 -5287 -3710 -4238 -2820 -3487 3258 -1800 -5667 -645 -1646 2311 -974 147 1715 -1561 -2521 2693 1661 570 2253 6728 1500 -383 1699 974 3467 -2375 2702 2647 3039 5689 4026 2712 2178 1021 4575 1428 -5840 -2544 251 2164 4367 1662 -358 -1012 -1100 -2232
643 810 -3926 -1640 2041 5795 285 3613 -1459 -5897 -1804 156 -6432 1542 -957 3831 -413 -5287 -3710 -4238 -2820 -3487 3258 -1800 -5667 -645 -1646 2311 -974 147 1715 -1561 -2521 2693 1661 570 2253 6728 1500 -383 1699 974 3467 -2375 2702 2647 3039 5689 4026 2712 2178 1021 4575 1428 -5840 -2544 251 2164 4367 1662 -358 -1012 -1100 -2232
643 810 -3926 -1640 2041 5795 285 3613 -1459 -5897 -1804 156 -6432 1542 -957 3831 -413 -5287 -3710 -4238 -2820 -3487 3258 -1800 -5667 -645 -1646 2311 -974 147 1715 -1561 -2521 2693 1661 570 2253 6728 1500 -383 1699 974 3467 -2375 2702 2647 3039 5689 4026 2712 2178 1021 4575 1428 -5840 -2544 251 2164 4367 1662 -358 -1012 -1100 -2232
643 810 -3926 -1640 2041 5795 285 3613 -1459 -5897 -1804 156 -6432 1542 -957 3831 -413 -5287 -3710 -4238 -2820 -3487 3258 -1800 -5667 -645 -1646 2311 -974 147 1715 -1561 -2521 2693 1661 570 2253 6728 1500 -383 1699 974 3467 -2375 2702 2647 3039 5689 4026 2712 2178 1021 4575 1428 -5840 -2544 251 2164 4367 1662 -358 -1012 -1100 -2232
-1138 555 -3062 1179 2057 3528 726 7059 344 -3376 -2277 -313 -3641 293 897 1009 -1454 -2646 -5393 -4213 -2719 -3304 3028 959 -3060 217 -584 1824 -1954 548 2867 1199 -2558 1206 4689 -328 -907 4869 -141 -54 -256 -1783 4448 -3968 5017 3889 -55 4460 4099 3785 1127 2385 4341 2246 -4605 -594 -1153 3191 4251 2793 -1214 -3493 -341 -2716
-4274 -475 -2004 5079 321 3254 1229 5947 1453 -3434 -2382 -1905 -3646 -1466 -572 -3209 -1701 896 -4352 -3005 316 2018 2639 1949 851 -304 -1404 3990 -3481 -408 656 4088 1122 330 382 353 -177 5884 -436 -1001 -2330 -3802 1850 -4616 3912 3128 -550 1686 5347 -537 -1342 740 4489 786 -1281 -457 -733 3902 -763 1158 -823 241 -1862 -1291
-4588 -178 -948 4834 -870 3535 2161 5113 1283 -3152 -5980 -1989 -3595 -1696 -3607 -2716 -2143 -44 -3076 -2628 953 2756 2743 1506 -193 893 -877 4909 -2453 -212 -1569 3335 1350 -341 1231 1655 1700 5933 -462 38 -682 -2654 -184 -5733 4263 2898 1309 -414 3745 -1909 -1393 1072 4501 3811 -2117 91 -2870 4706 -2541 1272 -1778 1939 -2918 2254
-4027 -450 -3016 3258 -2403 2822 1061 1305 1422 -514 -4486 -3446 -899 566 -5691 -4224 -1596 892 -684 -496 -438 3130 1122 2044 -594 1434 -592 1891 -1856 397 71 4454 3261 -1332 158 -457 3067 4946 -1950 -52 -1103 -1766 893 -7515 1790 2429 -967 -2795 3323 887 -3971 -202 3753 3908 -20 -2118 -3214 2559 -3199 -77 -813 896 -854 3764
-214 2899 -2766 -1192 -1683 2109 1229 -220 -1271 -2561 -672 -950 -4321 238 -3872 1181 -19 -5405 -2721 -618 -622 -225 1525 -218 -5058 705 -3285 1946 -2119 24 1588 -238 -1852 -710 508 1134 4322 6910 3317 -2375 2329 1823 -467 -3576 3841 2625 2266 5959 704 114 2406 2563 3576 4420 -4454 -1317 -1744 526 1471 3479 -1726 2222 -4197 -1351
643 810 -3926 -1640 2041 5795 285 3613 -1459 -5897 -1804 156 -6432 1542 -957 3831 -413 -5287 -3710 -4238 -2820 -3487 3258 -1800 -5667 -645 -1646 2311 -974 147 1715 -1561 -2521 2693 1661 570 2253 6728 1500 -383 1699 974 3467 -2375 2702 2647 3039 5689 4026 2712 2178 1021 4575 1428 -5840 -2544 251 2164 4367 1662 -358 -1012 -1100 -2232
643 810 -3926 -1640 2041 5795 285 3613 -1459 -5897 -1804 156 -6432 1542 -957 3831 -413 -5287 -3710 -4238 -2820 -3487 3258 -1800 -5667 -645 -1646 2311 -974 147 1715 -1561 -2521 2693 1661 570 2253 6728 1500 -383 1699 974 3467 -2375 2702 2647 3039 5689 4026 2712 2178 1021 4575 1428 -5840 -2544 251 2164 4367 1662 -358 -1012 -1100 -2232
643 810 -3926 -1640 2041 5795 285 3613 -1459 -5897 -1804 156 -6432 1542 -957 3831 -413 -5287 -3710 -4238 -2820 -3487 3258 -1800 -5667 -645 -1646 2311 -974 147 1715 -1561 -2521 2693 1661 570 2253 6728 1500 -383 1699 974 3467 -2375 2702 2647 3039 5689 4026 2712 2178 1021 4575 1428 -5840 -2544 251 2164 4367 1662 -358 -1012 -1100 -2232
643 810 -3926 -1640 2041 5795 285 3613 -1459 -5897 -1804 156 -6432 1542 -957 3831 -413 -5287 -3710 -4238 -2820 -3487 3258 -1800 -5667 -645 -1646 2311 -974 147 1715 -1561 -2521 2693 1661 570 2253 6728 1500 -383 1699 974 3467 -2375 2702 2647 3039 5689 4026 2712 2178 1021 4575 1428 -5840 -2544 251 2164 4367 1662 -358 -1012 -1100 -2232
643 810 -3926 -1640 2041 5795 285 3613 -1459 -5897 -1804 156 -6432 1542 -957 3831 -413 -5287 -3710 -4238 -2820 -3487 3258 -1800 -5667 -645 -1646 2311 -974 147 1715 -1561 -2521 2693 1661 570 2253 6728 1500 -383 1699 974 3467 -2375 2702 2647 3039 5689 4026 2712 2178 1021 4575 1428 -5840 -2544 251 2164 4367 1662 -358 -1012 -1100 -2232
-595 940 -5024 2846 3592 4333 1504 8839 -9 -1583 -1486 721 802 -3045 2141 1527 -5751 1832 -1354 -3724 476 -5300 1396 -1460 -6368 -435 282 -2089 -3154 1968 -1214 4107 -2507 1450 6473 1668 1313 2257 -2025 4024 -810 517 4706 -4576 5437 516 3880 2025 3753 1284 -2365 2493 3488 5499 -1676 2147 -131 4221 1681 -673 1306 -2794 -974 1649
-262 564 -3250 -988 1700 5226 200 3355 -860 -5425 -1640 -482 -6428 1277 -1673 3106 121 -5266 -3456 -4165 -2437 -2553 3301 -1268 -5123 -335 -2118 2468 -1507 -15 1651 -1210 -1731 2174 1129 1065 2135 6584 2081 -1030 1518 216 3194 -2633 2285 2931 2776 5482 3497 2228 1765 532 4059 1375 -5523 -3099 45 1512 3478 1232 -46 -552 -897 -2269
643 810 -3926 -1640 2041 5795 285 3613 -1459 -5897 -1804 156 -6432 1542 -957 3831 -413 -5287 -3710 -4238 -2820 -3487 3258 -1800 -5667 -645 -1646 2311 -974 147 1715 -1561 -2521 2693 1661 570 2253 6728 1500 -383 1699 974 3467 -2375 2702 2647 3039 5689 4026 2712 2178 1021 4575 1428 -5840 -2544 251 2164 4367 1662 -358 -1012 -1100 -2232
643 810 -3926 -1640 2041 5795 285 3613 -1459 -5897 -1804 156 -6432 1542 -957 3831 -413 -5287 -3710 -4238 -2820 -3487 3258 -1800 -5667 -645 -1646 2311 -974 147 1715 -1561 -2521 2693 1661 570 2253 6728 1500 -383 1699 974 3467 -2375 2702 2647 3039 5689 4026 2712 2178 1021 4575 1428 -5840 -2544 251 2164 4367 1662 -358 -1012 -1100 -2232
643 810 -3926 -1640 2041 5795 285 3613 -1459 -5897 -1804 156 -6432 1542 -957 3831 -413 -5287 -3710 -4238 -2820 -3487 3258 -1800 -5667 -645 -1646 2311 -974 147 1715 -1561 -2521 2693 1661 570 2253 6728 1500 -383 1699 974 3467 -2375 2702 2647 3039 5689 4026 2712 2178 1021 4575 1428 -5840 -2544 251 2164 4367 1662 -358 -1012 -1100 -2232
643 810 -3926 -1640 2041 5795 285 3613 -1459 -5897 -1804 156 -6432 1542 -957 3831 -413 -5287 -3710 -4238 -2820 -3487 3258 -1800 -5667 -645 -1646 2311 -974 147 1715 -1561 -2521 2693 1661 570 2253 6728 1500 -383 1699 974 3467 -2375 2702 2647 3039 5689 4026 2712 2178 1021 4575 1428 -5840 -2544 251 2164 4367 1662 -358 -1012 -1100 -2232
1082 901 -6416 -2834 689 4735 -1296 -371 -111 -2266 -1109 -837 -2339 2528 -3358 2780 -619 -3789 495 -2708 -4477 -4130 1440 -1575 -5737 698 -719 -916 -892 1439 778 896 1655 1802 1874 -1229 3365 3862 -1247 814 514 2671 3270 -4254 -922 94 223 2273 4929 4966 -695 -659 2744 1595 -3364 -4787 -62 350 2778 -564 2556 -1693 1357 1453
-974 2335 -2442 490 -1904 2797 2075 -364 -1222 -4063 -561 -2085 -5236 653 -3161 -419 -209 -3481 -2712 185 686 1529 997 560 -3068 -231 -3252 3721 -1809 -590 531 1015 -604 -681 -966 114 5343 8425 2569 -3102 400 1433 -1467 -3887 4680 2769 1819 4926 2397 -1259 2016 2384 4043 2919 -3401 180 -1018 1845 506 4011 -2576 3559 -5115 -237
643 810 -3926 -1640 2041 5795 285 3613 -1459 -5897 -1804 156 -6432 1542 -957 3831 -413 -5287 -3710 -4238 -2820 -3487 3258 -1800 -5667 -645 -1646 2311 -974 147 1715 -1561 -2521 2693 1661 570 2253 6728 1500 -383 1699 974 3467 -2375 2702 2647 3039 5689 4026 2712 2178 1021 4575 1428 -5840 -2544 251 2164 4367 1662 -358 -1012 -1100 -2232
643 810 -3926 -1640 2041 5795 285 3613 -1459 -5897 -1804 156 -6432 1542 -957 3831 -413 -5287 -3710 -4238 -2820 -3487 3258 -1800 -5667 -645 -1646 2311 -974 147 1715 -1561 -2521 2693 1661 570 2253 6728 1500 -383 1699 974 3467 -2375 2702 2647 3039 5689 4026 2712 2178 1021 4575 1428 -5840 -2544 251 2164 4367 1662 -358 -1012 -1100 -2232
643 810 -3926 -1640 2041 5795 285 3613 -1459 -5897 -1804 156 -6432 1542 -957 3831 -413 -5287 -3710 -4238 -2820 -3487 3258 -1800 -5667 -645 -1646 2311 -974 147 1715 -1561 -2521 2693 1661 570 2253 6728 1500 -383 1699 974 3467 -2375 2702 2647 3039 5689 4026 2712 2178 1021 4575 1428 -5840 -2544 251 2164 4367 1662 -358 -1012 -1100 -2232
643 810 -3926 -1640 2041 5795 285 3613 -1459 -5897 -1804 156 -6432 1542 -957 3831 -413 -5287 -3710 -4238 -2820 -3487 3258 -1800 -5667 -645 -1646 2311 -974 147 1715 -1561 -2521 2693 1661 570 2253 6728 1500 -383 1699 974 3467 -2375 2702 2647 3039 5689 4026 2712 2178 1021 4575 1428 -5840 -2544 251 2164 4367 1662 -358 -1012 -1100 -2232
1077 431 -4778 -2412 1176 5003 -249 2462 -1492 -5243 -885 -621 -5834 2356 -1810 3743 297 -4977 -3062 -3660 -3710 -2929 2333 -1994 -5472 -918 -2293 1162 -796 47 2389 -1343 -1634 1767 944 -529 2490 6405 878 -381 1494 1017 4355 -2659 1753 2604 2126 4455 3466 3678 1061 620 4381 1579 -5364 -3467 -117 1057 4280 1215 121 -1519 -468 -1912
301 1760 -4594 3140 729 4284 2592 6620 -2148 -3566 581 -251 -536 -2249 2076 668 -5784 1676 -2919 -320 2007 -2739 237 -1347 -5444 -1789 -591 -1065 -1780 258 315 3347 -4713 1009 4011 -683 3295 4848 -991 1376 -1116 1054 3246 -4593 7707 1963 4103 3235 3583 330 -1541 4507 5336 5729 -969 4555 66 4591 2435 2236 -2202 -1109 -4657 1017
381 685 -3765 -1416 1956 5678 224 3537 -1247 -5771 -1598 8 -6467 1405 -1134 3553 -260 -5214 -3600 -4268 -2738 -3213 3313 -1721 -5445 -566 -1816 2232 -1232 118 1745 -1387 -2270 2553 1386 705 2141 6594 1768 -613 1581 712 3454 -2395 2472 2635 2933 5709 3899 2503 1919 828 4464 1255 -5615 -2793 262 1951 4100 1380 -153 -936 -933 -2390
643 810 -3926 -1640 2041 5795 285 3613 -1459 -5897 -1804 156 -6432 1542 -957 3831 -413 -5287 -3710 -4238 -2820 -3487 3258 -1800 -5667 -645 -1646 2311 -974 147 1715 -1561 -2521 2693 1661 570 2253 6728 1500 -383 1699 974 3467 -2375 2702 2647 3039 5689 4026 2712 2178 1021 4575 1428 -5840 -2544 251 2164 4367 1662 -358 -1012 -1100 -2232
643 810 -3926 -1640 2041 5795 285 3613 -1459 -5897 -1804 156 -6432 1542 -957 3831 -413 -5287 -3710 -4238 -2820 -3487 3258 -1800 -5667 -645 -1646 2311 -974 147 1715 -1561 -2521 2693 1661 570 2253 6728 1500 -383 1699 974 3467 -2375 2702 2647 3039 5689 4026 2712 2178 1021 4575 1428 -5840 -2544 251 2164 4367 1662 -358 -1012 -1100 -2232
643 810 -3926 -1640 2041 5795 285 3613 -1459 -5897 -1804 156 -6432 1542 -957 3831 -413 -5287 -3710 -4238 -2820 -3487 3258 -1800 -5667 -645 -1646 2311 -974 147 1715 -1561 -2521 2693 1661 570 2253 6728 1500 -383 1699 974 3467 -2375 2702 2647 3039 5689 4026 2712 2178 1021 4575 1428 -5840 -2544 251 2164 4367 1662 -358 -1012 -1100 -2232
643 810 -3926 -1640 2041 5795 285 3613 -1459 -5897 -1804 156 -6432 1542 -957 3831 -413 -5287 -3710 -4238 -2820 -3487 3258 -1800 -5667 -645 -1646 2311 -974 147 1715 -1561 -2521 2693 1661 570 2253 6728 1500 -383 1699 974 3467 -2375 2702 2647 3039 5689 4026 2712 2178 1021 4575 1428 -5840 -2544 251 2164 4367 1662 -358 -1012 -1100 -2232
-413 1401 -3623 282 436 4595 -301 5699 1752 -2926 -5627 306 -2285 -1234 -1923 951 -1853 -3376 -2774 -4565 -2995 -3230 4527 655 -2164 2039 -340 773 -2398 2427 1085 1728 333 2413 3589 19 1036 4118 -1 3441 1472 -82 3485 -4052 2145 1802 1645 670 4896 1628 -959 1445 3595 4235 -3527 -1025 -606 3697 702 1564 -342 -2153 1309 -444
-2347 982 -1460 1656 -1402 4489 3012 305 -189 -4971 -2229 -3294 -6939 772 -4613 -1264 298 -2550 -2291 -559 651 2940 2122 1037 -2410 -146 -2820 5286 -1838 -1325 -1098 665 98 -303 -1512 654 5971 7991 2054 -3247 -26 132 -1592 -4189 4994 3037 2429 3439 2393 -2649 662 754 4441 2315 -2724 -297 -1165 3035 187 1920 -2470 3677 -3965 934
643 810 -3926 -1640 2041 5795 285 3613 -1459 -5897 -1804 156 -6432 1542 -957 3831 -413 -5287 -3710 -4238 -2820 -3487 3258 -1800 -5667 -645 -1646 2311 -974 147 1715 -1561 -2521 2693 1661 570 2253 6728 1500 -383 1699 974 3467 -2375 2702 2647 3039 5689 4026 2712 2178 1021 4575 1428 -5840 -2544 251 2164 4367 1662 -358 -1012 -1100 -2232
643 810 -3926 -1640 2041 5795 285 3613 -1459 -5897 -1804 156 -6432 1542 -957 3831 -413 -5287 -3710 -4238 -2820 -3487 3258 -1800 -5667 -645 -1646 2311 -974 147 1715 -1561 -2521 2693 1661 570 2253 6728 1500 -383 1699 974 3467 -2375 2702 2647 3039 5689 4026 2712 2178 1021 4575 1428 -5840 -2544 251 2164 4367 1662 -358 -1012 -1100 -2232
643 810 -3926 -1640 2041 5795 285 3613 -1459 -5897 -1804 156 -6432 1542 -957 3831 -413 -5287 -3710 -4238 -2820 -3487 3258 -1800 -5667 -645 -1646 2311 -974 147 1715 -1561 -2521 2693 1661 570 2253 6728 1500 -383 1699 974 3467 -2375 2702 2647 3039 5689 4026 2712 2178 1021 4575 1428 -5840 -2544 251 2164 4367 1662 -358 -1012 -1100 -2232
