-542 1466 -3754 182 395 3055 1810 2828 -729 -1241 -934 -1866 -1928 -19 -1248 913 -2015 -1720 -686 -551 199 -1272 1020 -134 -3804 411 -1922 -574 -1894 310 425 2819 296 137 1356 150 2681 4753 383 119 -719 -203 1551 -4202 2385 563 1263 1934 2225 1177 -1691 1402 2482 4289 -1877 -65 -674 1189 64 -322 357 752 -1009 2149
-559 1522 -3883 273 368 3044 1885 2883 -739 -1425 -824 -1891 -1950 -21 -1383 926 -2046 -1782 -777 -548 149 -1232 1019 -196 -3822 491 -2116 -701 -2027 230 374 2857 588 -1 1190 300 2445 4016 213 56 -579 -260 1701 -3502 2058 457 1209 1748 2235 1235 -1719 1394 2536 4258 -1857 -45 -675 1147 102 -302 319 804 -974 2111
-559 1522 -3883 273 368 3044 1885 2883 -739 -1425 -824 -1891 -1950 -21 -1383 926 -2046 -1782 -777 -548 149 -1232 1019 -196 -3822 491 -2116 -701 -2027 230 374 2857 588 -1 1190 300 2445 4016 213 56 -579 -260 1701 -3502 2058 457 1209 1748 2235 1235 -1719 1394 2536 4258 -1857 -45 -675 1147 102 -302 319 804 -974 2111
-559 1522 -3883 273 368 3044 1885 2883 -739 -1425 -824 -1891 -1950 -21 -1383 926 -2046 -1782 -777 -548 149 -1232 1019 -196 -3822 491 -2116 -701 -2027 230 374 2857 588 -1 1190 300 2445 4016 213 56 -579 -260 1701 -3502 2058 457 1209 1748 2235 1235 -1719 1394 2536 4258 -1857 -45 -675 1147 102 -302 319 804 -974 2111
-559 1522 -3883 273 368 3044 1885 2883 -739 -1425 -824 -1891 -1950 -21 -1383 926 -2046 -1782 -777 -548 149 -1232 1019 -196 -3822 491 -2116 -701 -2027 230 374 2857 588 -1 1190 300 2445 4016 213 56 -579 -260 1701 -3502 2058 457 1209 1748 2235 1235 -1719 1394 2536 4258 -1857 -45 -675 1147 102 -302 319 804 -974 2111
-559 1522 -3883 273 368 3044 1885 2883 -739 -1425 -824 -1891 -1950 -21 -1383 926 -2046 -1782 -777 -548 149 -1232 1019 -196 -3822 491 -2116 -701 -2027 230 374 2857 588 -1 1190 300 2445 4016 213 56 -579 -260 1701 -3502 2058 457 1209 1748 2235 1235 -1719 1394 2536 4258 -1857 -45 -675 1147 102 -302 319 804 -974 2111
-559 1522 -3883 273 368 3044 1885 2883 -739 -1425 -824 -1891 -1950 -21 -1383 926 -2046 -1782 -777 -548 149 -1232 1019 -196 -3822 491 -2116 -701 -2027 230 374 2857 588 -1 1190 300 2445 4016 213 56 -579 -260 1701 -3502 2058 457 1209 1748 2235 1235 -1719 1394 2536 4258 -1857 -45 -675 1147 102 -302 319 804 -974 2111
-559 1522 -3883 273 368 3044 1885 2883 -739 -1425 -824 -1891 -1950 -21 -1383 926 -2046 -1782 -777 -548 149 -1232 1019 -196 -3822 491 -2116 -701 -2027 230 374 2857 588 -1 1190 300 2445 4016 213 56 -579 -260 1701 -3502 2058 457 1209 1748 2235 1235 -1719 1394 2536 4258 -1857 -45 -675 1147 102 -302 319 804 -974 2111
-559 1522 -3883 273 368 3044 1885 2883 -739 -1425 -824 -1891 -1950 -21 -1383 926 -2046 -1782 -777 -548 149 -1232 1019 -196 -3822 491 -2116 -701 -2027 230 374 2857 588 -1 1190 300 2445 4016 213 56 -579 -260 1701 -3502 2058 457 1209 1748 2235 1235 -1719 1394 2536 4258 -1857 -45 -675 1147 102 -302 319 804 -974 2111
-554 1511 -3890 328 385 3000 1881 2852 -749 -1449 -761 -1879 -1954 20 -1395 878 -2053 -1758 -786 -556 151 -1217 1023 -178 -3830 500 -2114 -699 -2010 249 381 2857 617 -27 1202 283 2352 3730 122 18 -528 -302 1676 -3168 1824 431 1138 1642 2204 1252 -1718 1412 2544 4243 -1831 -41 -687 1147 90 -303 309 807 -960 2089
-571 1512 -3903 308 357 3014 1894 2887 -733 -1475 -780 -1888 -1959 -27 -1423 904 -2067 -1760 -810 -569 151 -1222 1042 -181 -3861 520 -2157 -728 -2023 272 391 2883 494 29 1296 249 2532 4240 249 80 -619 -255 1654 -3696 2181 469 1224 1806 2217 1227 -1724 1430 2511 4215 -1855 -18 -688 1157 92 -280 299 768 -946 2084
-559 1522 -3883 273 368 3044 1885 2883 -739 -1425 -824 -1891 -1950 -21 -1383 926 -2046 -1782 -777 -548 149 -1232 1019 -196 -3822 491 -2116 -701 -2027 230 374 2857 588 -1 1190 300 2445 4016 213 56 -579 -260 1701 -3502 2058 457 1209 1748 2235 1235 -1719 1394 2536 4258 -1857 -45 -675 1147 102 -302 319 804 -974 2111
-559 1522 -3883 273 368 3044 1885 2883 -739 -1425 -824 -1891 -1950 -21 -1383 926 -2046 -1782 -777 -548 149 -1232 1019 -196 -3822 491 -2116 -701 -2027 230 374 2857 588 -1 1190 300 2445 4016 213 56 -579 -260 1701 -3502 2058 457 1209 1748 2235 1235 -1719 1394 2536 4258 -1857 -45 -675 1147 102 -302 319 804 -974 2111
-559 1522 -3883 273 368 3044 1885 2883 -739 -1425 -824 -1891 -1950 -21 -1383 926 -2046 -1782 -777 -548 149 -1232 1019 -196 -3822 491 -2116 -701 -2027 230 374 2857 588 -1 1190 300 2445 4016 213 56 -579 -260 1701 -3502 2058 457 1209 1748 2235 1235 -1719 1394 2536 4258 -1857 -45 -675 1147 102 -302 319 804 -974 2111
-559 1522 -3883 273 368 3044 1885 2883 -739 -1425 -824 -1891 -1950 -21 -1383 926 -2046 -1782 -777 -548 149 -1232 1019 -196 -3822 491 -2116 -701 -2027 230 374 2857 588 -1 1190 300 2445 4016 213 56 -579 -260 1701 -3502 2058 457 1209 1748 2235 1235 -1719 1394 2536 4258 -1857 -45 -675 1147 102 -302 319 804 -974 2111
-559 1522 -3883 273 368 3044 1885 2883 -739 -1425 -824 -1891 -1950 -21 -1383 926 -2046 -1782 -777 -548 149 -1232 1019 -196 -3822 491 -2116 -701 -2027 230 374 2857 588 -1 1190 300 2445 4016 213 56 -579 -260 1701 -3502 2058 457 1209 1748 2235 1235 -1719 1394 2536 4258 -1857 -45 -675 1147 102 -302 319 804 -974 2111
-399 1282 -3512 302 402 2711 1586 2521 -647 -1188 -763 -1688 -1933 -19 -1308 544 -1990 -1742 -683 -515 167 -1239 990 -180 -3750 418 -1949 -575 -1959 197 358 2801 425 81 1272 222 2547 4390 293 85 -691 -233 1561 -3846 2162 504 1244 1828 2186 1257 -1730 1456 2540 4168 -1810 -1 -706 1134 100 -279 269 788 -919 2039
-241 1069 -3121 190 437 2482 1316 2200 -549 -841 -841 -1535 -1877 -44 -1186 313 -1976 -1708 -623 -482 160 -1229 991 -118 -3754 401 -1872 -496 -1911 172 328 2810 336 142 1300 166 2691 4792 461 103 -633 -142 1681 -4296 2592 599 1277 1971 2227 1194 -1692 1394 2523 4255 -1845 -57 -671 1148 102 -343 338 796 -1002 2113
-276 1116 -3136 81 470 2651 1342 2280 -583 -710 -989 -1595 -1869 -19 -1015 429 -1964 -1703 -577 -492 193 -1276 992 -99 -3748 354 -1783 -448 -1853 221 365 2789 263 172 1345 129 2751 4964 478 127 -697 -150 1615 -4452 2604 611 1290 2009 2233 1124 -1667 1399 2453 4262 -1877 -61 -664 1185 76 -352 373 731 -1033 2151
-262 1124 -3110 136 521 2644 1311 2231 -632 -662 -965 -1572 -1886 75 -903 345 -1990 -1652 -609 -548 227 -1279 1015 -61 -3787 359 -1767 -456 -1782 346 438 2787 145 213 1418 37 2743 4955 449 112 -742 -187 1473 -4365 2430 621 1213 1957 2168 1127 -1661 1444 2432 4187 -1825 -27 -687 1187 61 -348 342 706 -994 2090
-134 933 -2768 6 467 2470 1055 1975 -482 -382 -1052 -1432 -1864 -73 -840 115 -2022 -1796 -710 -553 200 -1306 1000 -195 -3780 405 -1969 -638 -1947 296 437 2800 471 62 1275 218 2563 4342 326 65 -565 -206 1723 -3830 2342 519 1219 1842 2165 1096 -1667 1473 2368 4086 -1831 33 -690 1191 73 -306 309 641 -955 2048
-559 1522 -3883 273 368 3044 1885 2883 -739 -1425 -824 -1891 -1950 -21 -1383 926 -2046 -1782 -777 -548 149 -1232 1019 -196 -3822 491 -2116 -701 -2027 230 374 2857 588 -1 1190 300 2445 4016 213 56 -579 -260 1701 -3502 2058 457 1209 1748 2235 1235 -1719 1394 2536 4258 -1857 -45 -675 1147 102 -302 319 804 -974 2111
-559 1522 -3883 273 368 3044 1885 2883 -739 -1425 -824 -1891 -1950 -21 -1383 926 -2046 -1782 -777 -548 149 -1232 1019 -196 -3822 491 -2116 -701 -2027 230 374 2857 588 -1 1190 300 2445 4016 213 56 -579 -260 1701 -3502 2058 457 1209 1748 2235 1235 -1719 1394 2536 4258 -1857 -45 -675 1147 102 -302 319 804 -974 2111
-559 1522 -3883 273 368 3044 1885 2883 -739 -1425 -824 -1891 -1950 -21 -1383 926 -2046 -1782 -777 -548 149 -1232 1019 -196 -3822 491 -2116 -701 -2027 230 374 2857 588 -1 1190 300 2445 4016 213 56 -579 -260 1701 -3502 2058 457 1209 1748 2235 1235 -1719 1394 2536 4258 -1857 -45 -675 1147 102 -302 319 804 -974 2111
-559 1522 -3883 273 368 3044 1885 2883 -739 -1425 -824 -1891 -1950 -21 -1383 926 -2046 -1782 -777 -548 149 -1232 1019 -196 -3822 491 -2116 -701 -2027 230 374 2857 588 -1 1190 300 2445 4016 213 56 -579 -260 1701 -3502 2058 457 1209 1748 2235 1235 -1719 1394 2536 4258 -1857 -45 -675 1147 102 -302 319 804 -974 2111
-559 1522 -3883 273 368 3044 1885 2883 -739 -1425 -824 -1891 -1950 -21 -1383 926 -2046 -1782 -777 -548 149 -1232 1019 -196 -3822 491 -2116 -701 -2027 230 374 2857 588 -1 1190 300 2445 4016 213 56 -579 -260 1701 -3502 2058 457 1209 1748 2235 1235 -1719 1394 2536 4258 -1857 -45 -675 1147 102 -302 319 804 -974 2111
-740 1683 -4162 278 321 3274 2137 3182 -822 -1646 -850 -2037 -1962 -23 -1466 1228 -2030 -1667 -725 -551 171 -1210 1054 -112 -3851 479 -2002 -580 -1927 255 357 2878 209 188 1371 149 2784 5131 460 172 -855 -174 1455 -4593 2512 592 1353 2045 2206 1239 -1729 1435 2518 4254 -1860 -35 -693 1175 74 -281 304 771 -954 2096
-524 1493 -3836 283 375 2994 1837 2825 -724 -1397 -808 -1862 -1953 -22 -1376 859 -2048 -1789 -777 -547 147 -1233 1016 -198 -3819 491 -2117 -704 -2029 226 373 2854 635 -14 1150 321 2423 3943 217 44 -537 -249 1762 -3451 2083 455 1206 1739 2245 1233 -1716 1385 2546 4287 -1863 -61 -672 1149 100 -314 333 814 -987 2130
-559 1522 -3883 273 368 3044 1885 2883 -739 -1425 -824 -1891 -1950 -21 -1383 926 -2046 -1782 -777 -548 149 -1232 1019 -196 -3822 491 -2116 -701 -2027 230 374 2857 588 -1 1190 300 2445 4016 213 56 -579 -260 1701 -3502 2058 457 1209 1748 2235 1235 -1719 1394 2536 4258 -1857 -45 -675 1147 102 -302 319 804 -974 2111
-559 1522 -3883 273 368 3044 1885 2883 -739 -1425 -824 -1891 -1950 -21 -1383 926 -2046 -1782 -777 -548 149 -1232 1019 -196 -3822 491 -2116 -701 -2027 230 374 2857 588 -1 1190 300 2445 4016 213 56 -579 -260 1701 -3502 2058 457 1209 1748 2235 1235 -1719 1394 2536 4258 -1857 -45 -675 1147 102 -302 319 804 -974 2111
-559 1522 -3883 273 368 3044 1885 2883 -739 -1425 -824 -1891 -1950 -21 -1383 926 -2046 -1782 -777 -548 149 -1232 1019 -196 -3822 491 -2116 -701 -2027 230 374 2857 588 -1 1190 300 2445 4016 213 56 -579 -260 1701 -3502 2058 457 1209 1748 2235 1235 -1719 1394 2536 4258 -1857 -45 -675 1147 102 -302 319 804 -974 2111
-559 1522 -3883 273 368 3044 1885 2883 -739 -1425 -824 -1891 -1950 -21 -1383 926 -2046 -1782 -777 -548 149 -1232 1019 -196 -3822 491 -2116 -701 -2027 230 374 2857 588 -1 1190 300 2445 4016 213 56 -579 -260 1701 -3502 2058 457 1209 1748 2235 1235 -1719 1394 2536 4258 -1857 -45 -675 1147 102 -302 319 804 -974 2111
-687 1666 -4167 379 372 3192 2099 3091 -832 -1658 -732 -2009 -1976 64 -1458 1096 -2092 -1726 -823 -600 178 -1236 1072 -142 -3916 530 -2146 -728 -1979 352 429 2909 511 3 1299 249 2434 3968 121 59 -672 -334 1525 -3363 1800 414 1170 1688 2140 1249 -1710 1469 2527 4154 -1780 -1 -714 1143 78 -302 274 778 -919 2020
-43 762 -2511 -113 501 2311 902 1762 -404 -119 -1113 -1358 -1798 -93 -803 30 -1999 -1775 -660 -523 191 -1296 991 -163 -3762 384 -1907 -577 -1920 265 413 2792 447 84 1266 196 2594 4430 389 59 -512 -168 1785 -3937 2482 564 1212 1877 2198 1064 -1649 1439 2360 4140 -1862 -1 -671 1197 70 -332 352 645 -1006 2103
-559 1522 -3883 273 368 3044 1885 2883 -739 -1425 -824 -1891 -1950 -21 -1383 926 -2046 -1782 -777 -548 149 -1232 1019 -196 -3822 491 -2116 -701 -2027 230 374 2857 588 -1 1190 300 2445 4016 213 56 -579 -260 1701 -3502 2058 457 1209 1748 2235 1235 -1719 1394 2536 4258 -1857 -45 -675 1147 102 -302 319 804 -974 2111
-559 1522 -3883 273 368 3044 1885 2883 -739 -1425 -824 -1891 -1950 -21 -1383 926 -2046 -1782 -777 -548 149 -1232 1019 -196 -3822 491 -2116 -701 -2027 230 374 2857 588 -1 1190 300 2445 4016 213 56 -579 -260 1701 -3502 2058 457 1209 1748 2235 1235 -1719 1394 2536 4258 -1857 -45 -675 1147 102 -302 319 804 -974 2111
-559 1522 -3883 273 368 3044 1885 2883 -739 -1425 -824 -1891 -1950 -21 -1383 926 -2046 -1782 -777 -548 149 -1232 1019 -196 -3822 491 -2116 -701 -2027 230 374 2857 588 -1 1190 300 2445 4016 213 56 -579 -260 1701 -3502 2058 457 1209 1748 2235 1235 -1719 1394 2536 4258 -1857 -45 -675 1147 102 -302 319 804 -974 2111
-559 1522 -3883 273 368 3044 1885 2883 -739 -1425 -824 -1891 -1950 -21 -1383 926 -2046 -1782 -777 -548 149 -1232 1019 -196 -3822 491 -2116 -701 -2027 230 374 2857 588 -1 1190 300 2445 4016 213 56 -579 -260 1701 -3502 2058 457 1209 1748 2235 1235 -1719 1394 2536 4258 -1857 -45 -675 1147 102 -302 319 804 -974 2111
-544 1509 -3877 318 387 3001 1869 2844 -745 -1433 -773 -1875 -1954 15 -1383 871 -2049 -1786 -786 -553 152 -1234 1013 -201 -3816 488 -2119 -716 -2024 253 395 2845 614 -28 1204 292 2375 3787 137 30 -545 -301 1682 -3235 1871 428 1153 1665 2208 1258 -1728 1408 2543 4213 -1826 -24 -684 1135 110 -293 290 810 -946 2068
-498 1353 -3604 71 389 2971 1721 2736 -656 -1100 -1008 -1828 -1891 -97 -1270 905 -1993 -1686 -672 -521 177 -1233 1020 -125 -3789 418 -1913 -538 -1900 256 380 2826 131 224 1399 78 2811 5203 508 157 -800 -151 1468 -4650 2587 647 1301 2051 2223 1160 -1710 1423 2424 4198 -1894 -8 -672 1190 81 -272 314 701 -977 2104
-556 1519 -3885 282 368 3033 1883 2877 -737 -1432 -812 -1889 -1951 -20 -1392 916 -2048 -1782 -780 -548 146 -1228 1019 -197 -3823 495 -2122 -704 -2030 226 371 2858 605 -5 1174 308 2435 3988 214 52 -566 -256 1720 -3483 2063 456 1209 1744 2238 1238 -1719 1389 2543 4267 -1857 -50 -673 1146 103 -306 322 811 -977 2115
-559 1522 -3883 273 368 3044 1885 2883 -739 -1425 -824 -1891 -1950 -21 -1383 926 -2046 -1782 -777 -548 149 -1232 1019 -196 -3822 491 -2116 -701 -2027 230 374 2857 588 -1 1190 300 2445 4016 213 56 -579 -260 1701 -3502 2058 457 1209 1748 2235 1235 -1719 1394 2536 4258 -1857 -45 -675 1147 102 -302 319 804 -974 2111
-559 1522 -3883 273 368 3044 1885 2883 -739 -1425 -824 -1891 -1950 -21 -1383 926 -2046 -1782 -777 -548 149 -1232 1019 -196 -3822 491 -2116 -701 -2027 230 374 2857 588 -1 1190 300 2445 4016 213 56 -579 -260 1701 -3502 2058 457 1209 1748 2235 1235 -1719 1394 2536 4258 -1857 -45 -675 1147 102 -302 319 804 -974 2111
-559 1522 -3883 273 368 3044 1885 2883 -739 -1425 -824 -1891 -1950 -21 -1383 926 -2046 -1782 -777 -548 149 -1232 1019 -196 -3822 491 -2116 -701 -2027 230 374 2857 588 -1 1190 300 2445 4016 213 56 -579 -260 1701 -3502 2058 457 1209 1748 2235 1235 -1719 1394 2536 4258 -1857 -45 -675 1147 102 -302 319 804 -974 2111
-559 1522 -3883 273 368 3044 1885 2883 -739 -1425 -824 -1891 -1950 -21 -1383 926 -2046 -1782 -777 -548 149 -1232 1019 -196 -3822 491 -2116 -701 -2027 230 374 2857 588 -1 1190 300 2445 4016 213 56 -579 -260 1701 -3502 2058 457 1209 1748 2235 1235 -1719 1394 2536 4258 -1857 -45 -675 1147 102 -302 319 804 -974 2111
-668 1612 -4081 356 368 3144 2036 3040 -807 -1596 -757 -1971 -1971 39 -1427 1041 -2034 -1782 -742 -553 182 -1285 1032 -200 -3835 452 -2050 -671 -1997 279 409 2859 364 87 1334 227 2645 4626 302 140 -815 -264 1483 -4075 2208 483 1292 1901 2089 1304 -1754 1506 2546 3958 -1689 96 -731 1081 159 -262 149 798 -815 1852
-171 968 -2886 -50 480 2525 1179 2077 -491 -451 -1067 -1521 -1819 -77 -972 328 -1993 -1766 -643 -506 176 -1278 988 -147 -3756 388 -1898 -550 -1920 222 378 2797 500 72 1184 227 2542 4307 374 46 -490 -166 1814 -3836 2413 566 1200 1847 2247 1082 -1647 1379 2412 4279 -1899 -71 -649 1201 66 -364 407 705 -1064 2189
-559 1522 -3883 273 368 3044 1885 2883 -739 -1425 -824 -1891 -1950 -21 -1383 926 -2046 -1782 -777 -548 149 -1232 1019 -196 -3822 491 -2116 -701 -2027 230 374 2857 588 -1 1190 300 2445 4016 213 56 -579 -260 1701 -3502 2058 457 1209 1748 2235 1235 -1719 1394 2536 4258 -1857 -45 -675 1147 102 -302 319 804 -974 2111
-559 1522 -3883 273 368 3044 1885 2883 -739 -1425 -824 -1891 -1950 -21 -1383 926 -2046 -1782 -777 -548 149 -1232 1019 -196 -3822 491 -2116 -701 -2027 230 374 2857 588 -1 1190 300 2445 4016 213 56 -579 -260 1701 -3502 2058 457 1209 1748 2235 1235 -1719 1394 2536 4258 -1857 -45 -675 1147 102 -302 319 804 -974 2111
-559 1522 -3883 273 368 3044 1885 2883 -739 -1425 -824 -1891 -1950 -21 -1383 926 -2046 -1782 -777 -548 149 -1232 1019 -196 -3822 491 -2116 -701 -2027 230 374 2857 588 -1 1190 300 2445 4016 213 56 -579 -260 1701 -3502 2058 457 1209 1748 2235 1235 -1719 1394 2536 4258 -1857 -45 -675 1147 102 -302 319 804 -974 2111
