864 -478 2180 -677 2085 190 123 -608 -549 -659 -596 21 1414 -104 5142 -505 -66 -489 -573 -547 -297 3153 508 413 -346 724 532 -190 -669 1000 -688 -560 -498 -686 -511 -211 1652 4963 -696 3103 -623 -695 -9 -694 1266 -206 -460 842 -325 1626 -380 -637 603 3922 3178 -171 1912 -449 511 759 1708 14 330 -605 224 956 1863 1333 -162 -544 -448 3082 -576 1324 -176 2346 -696 -692 -359 -313 1858 386 1407 512 -696 -695 902 2854 -424 630 -148 1163 524 -584 -281 -319 1723 4773 -323 -550 561 -216 -643 -376 -504 3802 408 3016 2466 276 -595 -393 1206 517 18 -540 -227 1954 642 1398 -279 701 1315 -614 732 462 2957 -627
1212 -448 -694 -695 1784 -415 2217 -647 -648 -526 -632 313 320 -117 2838 -696 206 824 -604 -498 -628 2171 2416 -214 428 -310 851 -17 -405 355 -691 1585 -194 -677 59 -448 -214 3712 2472 4637 -696 -427 -263 -599 899 -225 -122 -445 -671 -1 -168 81 -446 1507 5104 -588 488 -643 1503 -352 524 1145 2158 -684 3014 3753 331 -549 -679 -685 1283 2020 -31 467 -491 5001 -287 -637 -243 -24 42 1402 1738 547 -563 -506 -690 3843 -669 -73 691 75 -17 -201 -685 -262 323 3533 -633 -66 1070 1755 -283 204 743 1947 -239 2250 1295 363 227 -632 -148 636 -500 -427 -426 6 -13 966 336 848 439 1192 949 330 2428 1015
1212 -448 -694 -695 1784 -415 2217 -647 -648 -526 -632 313 320 -117 2838 -696 206 824 -604 -498 -628 2171 2416 -214 428 -310 851 -17 -405 355 -691 1585 -194 -677 59 -448 -214 3712 2472 4637 -696 -427 -263 -599 899 -225 -122 -445 -671 -1 -168 81 -446 1507 5104 -588 488 -643 1503 -352 524 1145 2158 -684 3014 3753 331 -549 -679 -685 1283 2020 -31 467 -491 5001 -287 -637 -243 -24 42 1402 1738 547 -563 -506 -690 3843 -669 -73 691 75 -17 -201 -685 -262 323 3533 -633 -66 1070 1755 -283 204 743 1947 -239 2250 1295 363 227 -632 -148 636 -500 -427 -426 6 -13 966 336 848 439 1192 949 330 2428 1015
1212 -448 -694 -695 1784 -415 2217 -647 -648 -526 -632 313 320 -117 2838 -696 206 824 -604 -498 -628 2171 2416 -214 428 -310 851 -17 -405 355 -691 1585 -194 -677 59 -448 -214 3712 2472 4637 -696 -427 -263 -599 899 -225 -122 -445 -671 -1 -168 81 -446 1507 5104 -588 488 -643 1503 -352 524 1145 2158 -684 3014 3753 331 -549 -679 -685 1283 2020 -31 467 -491 5001 -287 -637 -243 -24 42 1402 1738 547 -563 -506 -690 3843 -669 -73 691 75 -17 -201 -685 -262 323 3533 -633 -66 1070 1755 -283 204 743 1947 -239 2250 1295 363 227 -632 -148 636 -500 -427 -426 6 -13 966 336 848 439 1192 949 330 2428 1015
1212 -448 -694 -695 1784 -415 2217 -647 -648 -526 -632 313 320 -117 2838 -696 206 824 -604 -498 -628 2171 2416 -214 428 -310 851 -17 -405 355 -691 1585 -194 -677 59 -448 -214 3712 2472 4637 -696 -427 -263 -599 899 -225 -122 -445 -671 -1 -168 81 -446 1507 5104 -588 488 -643 1503 -352 524 1145 2158 -684 3014 3753 331 -549 -679 -685 1283 2020 -31 467 -491 5001 -287 -637 -243 -24 42 1402 1738 547 -563 -506 -690 3843 -669 -73 691 75 -17 -201 -685 -262 323 3533 -633 -66 1070 1755 -283 204 743 1947 -239 2250 1295 363 227 -632 -148 636 -500 -427 -426 6 -13 966 336 848 439 1192 949 330 2428 1015
1212 -448 -694 -695 1784 -415 2217 -647 -648 -526 -632 313 320 -117 2838 -696 206 824 -604 -498 -628 2171 2416 -214 428 -310 851 -17 -405 355 -691 1585 -194 -677 59 -448 -214 3712 2472 4637 -696 -427 -263 -599 899 -225 -122 -445 -671 -1 -168 81 -446 1507 5104 -588 488 -643 1503 -352 524 1145 2158 -684 3014 3753 331 -549 -679 -685 1283 2020 -31 467 -491 5001 -287 -637 -243 -24 42 1402 1738 547 -563 -506 -690 3843 -669 -73 691 75 -17 -201 -685 -262 323 3533 -633 -66 1070 1755 -283 204 743 1947 -239 2250 1295 363 227 -632 -148 636 -500 -427 -426 6 -13 966 336 848 439 1192 949 330 2428 1015
1212 -448 -694 -695 1784 -415 2217 -647 -648 -526 -632 313 320 -117 2838 -696 206 824 -604 -498 -628 2171 2416 -214 428 -310 851 -17 -405 355 -691 1585 -194 -677 59 -448 -214 3712 2472 4637 -696 -427 -263 -599 899 -225 -122 -445 -671 -1 -168 81 -446 1507 5104 -588 488 -643 1503 -352 524 1145 2158 -684 3014 3753 331 -549 -679 -685 1283 2020 -31 467 -491 5001 -287 -637 -243 -24 42 1402 1738 547 -563 -506 -690 3843 -669 -73 691 75 -17 -201 -685 -262 323 3533 -633 -66 1070 1755 -283 204 743 1947 -239 2250 1295 363 227 -632 -148 636 -500 -427 -426 6 -13 966 336 848 439 1192 949 330 2428 1015
1212 -448 -694 -695 1784 -415 2217 -647 -648 -526 -632 313 320 -117 2838 -696 206 824 -604 -498 -628 2171 2416 -214 428 -310 851 -17 -405 355 -691 1585 -194 -677 59 -448 -214 3712 2472 4637 -696 -427 -263 -599 899 -225 -122 -445 -671 -1 -168 81 -446 1507 5104 -588 488 -643 1503 -352 524 1145 2158 -684 3014 3753 331 -549 -679 -685 1283 2020 -31 467 -491 5001 -287 -637 -243 -24 42 1402 1738 547 -563 -506 -690 3843 -669 -73 691 75 -17 -201 -685 -262 323 3533 -633 -66 1070 1755 -283 204 743 1947 -239 2250 1295 363 227 -632 -148 636 -500 -427 -426 6 -13 966 336 848 439 1192 949 330 2428 1015
1212 -448 -694 -695 1784 -415 2217 -647 -648 -526 -632 313 320 -117 2838 -696 206 824 -604 -498 -628 2171 2416 -214 428 -310 851 -17 -405 355 -691 1585 -194 -677 59 -448 -214 3712 2472 4637 -696 -427 -263 -599 899 -225 -122 -445 -671 -1 -168 81 -446 1507 5104 -588 488 -643 1503 -352 524 1145 2158 -684 3014 3753 331 -549 -679 -685 1283 2020 -31 467 -491 5001 -287 -637 -243 -24 42 1402 1738 547 -563 -506 -690 3843 -669 -73 691 75 -17 -201 -685 -262 323 3533 -633 -66 1070 1755 -283 204 743 1947 -239 2250 1295 363 227 -632 -148 636 -500 -427 -426 6 -13 966 336 848 439 1192 949 330 2428 1015
682 4 -685 -689 1545 -445 1168 -64 -665 -421 -666 -201 -45 -110 1675 -680 316 475 -612 -33 -667 2897 2543 -141 148 -429 947 126 -381 1160 -658 849 355 -694 -95 -77 -226 4307 2333 3944 -660 -592 -135 -515 1420 -238 -491 -320 -666 -211 -322 498 -258 2068 4078 -617 -81 -695 1598 -367 444 2201 1919 -695 2504 3785 54 -428 -601 -696 1439 1600 -199 548 -614 3751 -287 -696 -188 -103 465 2269 1317 810 -666 -439 -646 3490 -612 -240 1195 56 620 -408 -694 -87 -122 3013 -541 -583 1143 2122 -44 137 846 1232 250 1688 1422 -164 -631 -561 -86 972 -330 -516 73 -182 472 947 290 900 -167 223 642 -82 3713 1912
579 -287 -636 -638 1235 -377 1232 -567 -665 -295 -690 371 -14 756 2206 -638 -13 113 -343 369 -687 2038 2543 -481 1083 -176 1039 -511 121 831 -690 1495 -33 -673 449 -603 -65 3735 2867 4821 -553 -430 -75 -602 709 -140 -55 -563 -526 -462 -182 1546 -68 1305 4512 -538 295 -691 1022 -314 199 1066 3200 -551 1987 2336 16 -470 -669 -688 1072 2938 -137 560 -647 3768 -560 -688 -602 -428 -221 1440 950 847 -588 -595 -675 3989 -679 -216 428 -5 333 304 -514 67 -619 2498 -476 421 1242 2870 -154 -269 2487 1455 143 963 1918 -22 -229 -623 -87 283 -619 -479 -310 92 417 721 53 542 -148 1492 443 134 3643 1348
1212 -448 -694 -695 1784 -415 2217 -647 -648 -526 -632 313 320 -117 2838 -696 206 824 -604 -498 -628 2171 2416 -214 428 -310 851 -17 -405 355 -691 1585 -194 -677 59 -448 -214 3712 2472 4637 -696 -427 -263 -599 899 -225 -122 -445 -671 -1 -168 81 -446 1507 5104 -588 488 -643 1503 -352 524 1145 2158 -684 3014 3753 331 -549 -679 -685 1283 2020 -31 467 -491 5001 -287 -637 -243 -24 42 1402 1738 547 -563 -506 -690 3843 -669 -73 691 75 -17 -201 -685 -262 323 3533 -633 -66 1070 1755 -283 204 743 1947 -239 2250 1295 363 227 -632 -148 636 -500 -427 -426 6 -13 966 336 848 439 1192 949 330 2428 1015
1212 -448 -694 -695 1784 -415 2217 -647 -648 -526 -632 313 320 -117 2838 -696 206 824 -604 -498 -628 2171 2416 -214 428 -310 851 -17 -405 355 -691 1585 -194 -677 59 -448 -214 3712 2472 4637 -696 -427 -263 -599 899 -225 -122 -445 -671 -1 -168 81 -446 1507 5104 -588 488 -643 1503 -352 524 1145 2158 -684 3014 3753 331 -549 -679 -685 1283 2020 -31 467 -491 5001 -287 -637 -243 -24 42 1402 1738 547 -563 -506 -690 3843 -669 -73 691 75 -17 -201 -685 -262 323 3533 -633 -66 1070 1755 -283 204 743 1947 -239 2250 1295 363 227 -632 -148 636 -500 -427 -426 6 -13 966 336 848 439 1192 949 330 2428 1015
1212 -448 -694 -695 1784 -415 2217 -647 -648 -526 -632 313 320 -117 2838 -696 206 824 -604 -498 -628 2171 2416 -214 428 -310 851 -17 -405 355 -691 1585 -194 -677 59 -448 -214 3712 2472 4637 -696 -427 -263 -599 899 -225 -122 -445 -671 -1 -168 81 -446 1507 5104 -588 488 -643 1503 -352 524 1145 2158 -684 3014 3753 331 -549 -679 -685 1283 2020 -31 467 -491 5001 -287 -637 -243 -24 42 1402 1738 547 -563 -506 -690 3843 -669 -73 691 75 -17 -201 -685 -262 323 3533 -633 -66 1070 1755 -283 204 743 1947 -239 2250 1295 363 227 -632 -148 636 -500 -427 -426 6 -13 966 336 848 439 1192 949 330 2428 1015
1212 -448 -694 -695 1784 -415 2217 -647 -648 -526 -632 313 320 -117 2838 -696 206 824 -604 -498 -628 2171 2416 -214 428 -310 851 -17 -405 355 -691 1585 -194 -677 59 -448 -214 3712 2472 4637 -696 -427 -263 -599 899 -225 -122 -445 -671 -1 -168 81 -446 1507 5104 -588 488 -643 1503 -352 524 1145 2158 -684 3014 3753 331 -549 -679 -685 1283 2020 -31 467 -491 5001 -287 -637 -243 -24 42 1402 1738 547 -563 -506 -690 3843 -669 -73 691 75 -17 -201 -685 -262 323 3533 -633 -66 1070 1755 -283 204 743 1947 -239 2250 1295 363 227 -632 -148 636 -500 -427 -426 6 -13 966 336 848 439 1192 949 330 2428 1015
1212 -448 -694 -695 1784 -415 2217 -647 -648 -526 -632 313 320 -117 2838 -696 206 824 -604 -498 -628 2171 2416 -214 428 -310 851 -17 -405 355 -691 1585 -194 -677 59 -448 -214 3712 2472 4637 -696 -427 -263 -599 899 -225 -122 -445 -671 -1 -168 81 -446 1507 5104 -588 488 -643 1503 -352 524 1145 2158 -684 3014 3753 331 -549 -679 -685 1283 2020 -31 467 -491 5001 -287 -637 -243 -24 42 1402 1738 547 -563 -506 -690 3843 -669 -73 691 75 -17 -201 -685 -262 323 3533 -633 -66 1070 1755 -283 204 743 1947 -239 2250 1295 363 227 -632 -148 636 -500 -427 -426 6 -13 966 336 848 439 1192 949 330 2428 1015
283 -682 79 -666 1295 -612 2188 -672 -695 -674 -496 654 2055 -544 3363 -684 -403 -207 -682 -174 387 1761 1294 -536 2002 -2 1884 1357 -678 -113 -676 1873 -678 -673 302 1135 -326 3820 -62 3172 -324 -115 507 -366 313 -391 -53 163 -625 189 349 -646 -247 2973 4474 -695 52 -679 -36 -502 2855 -164 1437 -696 3662 3785 -116 109 -515 71 1690 2967 -561 916 -405 4254 404 -694 2022 -314 72 2954 2334 305 -468 -471 -203 2601 -602 -208 -16 -329 -324 -388 -671 552 1843 2342 -618 124 757 1061 -405 943 -555 3010 42 4678 1739 946 -82 129 364 466 -194 -350 -686 -254 -271 676 -490 696 152 4645 546 -44 1606 -649
-290 -619 2349 -662 3257 -679 631 -695 -670 -517 -671 -303 1801 -331 4729 -471 -448 36 262 -544 1425 1295 -536 119 698 190 2071 1505 -690 -623 -650 12 -535 -243 -542 918 -638 3250 -693 1795 1608 -314 173 623 157 -509 88 779 -694 1811 -496 -457 1110 3713 4826 -680 1251 94 -651 -313 2300 -641 -568 -658 2232 706 2731 -392 2854 2108 36 835 -140 722 38 94 1449 -67 628 -457 1053 1655 2679 432 -453 -696 1584 798 -501 422 754 -151 38 -623 -509 1023 4392 4129 -670 -457 1312 -188 -620 -42 -354 2784 -8 5201 242 853 122 83 1608 -515 2521 -622 -657 -230 102 151 -25 -161 1505 1231 199 1208 183 -537
471 -624 2400 -663 3738 -468 914 -642 -385 -561 -694 -92 2665 -586 5054 -434 -251 1025 502 -696 490 407 -335 587 565 1106 1920 724 -624 -694 -696 33 -627 -336 -577 388 -367 3124 -687 714 236 -681 11 354 4 -561 231 618 -695 3097 75 -537 881 3872 4995 -678 1443 773 -597 -338 3212 -693 -477 -695 926 447 2151 194 1826 1399 -183 668 -331 316 431 1531 2044 473 -330 14 3140 179 2234 682 -640 -684 857 940 -634 1345 -319 -45 -157 -456 -604 -13 5091 4094 158 458 2292 -575 -642 -367 -338 3066 -574 4701 148 945 1454 44 1698 228 1730 -567 -640 505 -206 1456 1395 -350 1484 -139 556 1215 -296 -464
-256 -542 4951 -645 3122 -201 -308 -306 487 -293 -473 -695 1684 -688 3977 -686 -303 295 1522 -629 652 1117 -529 1000 -476 1102 1467 1476 -628 -424 -242 -667 -584 484 -670 1689 -387 3179 -488 -104 -286 -695 565 722 819 -696 -561 1753 -635 3587 -208 -590 1540 5694 1298 -682 1382 1050 -595 -93 3215 -635 -657 -686 -3 -381 1348 1704 1199 1890 -343 -297 -386 175 126 261 2470 -147 -461 567 5867 1102 816 563 -573 -664 1701 511 -105 1261 483 871 540 -153 -488 104 5065 2632 268 -612 1594 -527 -486 -527 -330 3632 -506 4189 431 75 -632 635 2330 1235 2512 796 161 1078 181 1706 2288 -427 360 -667 555 420 824 -540
1361 -640 -600 -617 4077 -477 2655 -578 -406 -607 -693 -467 526 1079 3525 -695 849 1465 -678 -696 -693 2022 1208 1360 232 293 2391 -520 -670 1253 -690 1546 -303 -695 -491 -572 -119 2360 492 3683 -686 488 -302 -661 893 -172 -144 -677 -636 -334 407 -181 145 1606 5400 -408 2035 -150 -521 176 1469 -663 2025 314 1005 448 -342 -640 -662 -567 112 390 -206 131 -682 4217 -436 -411 -696 565 1452 -689 821 1371 -488 -605 -628 4708 -690 651 -55 454 80 -532 -694 1280 217 2978 1641 -54 -173 194 -469 146 2629 524 -398 1633 1942 84 752 -532 1202 9 -591 -669 -695 1711 183 3063 720 911 658 -539 859 1192 1846 -419
1212 -448 -694 -695 1784 -415 2217 -647 -648 -526 -632 313 320 -117 2838 -696 206 824 -604 -498 -628 2171 2416 -214 428 -310 851 -17 -405 355 -691 1585 -194 -677 59 -448 -214 3712 2472 4637 -696 -427 -263 -599 899 -225 -122 -445 -671 -1 -168 81 -446 1507 5104 -588 488 -643 1503 -352 524 1145 2158 -684 3014 3753 331 -549 -679 -685 1283 2020 -31 467 -491 5001 -287 -637 -243 -24 42 1402 1738 547 -563 -506 -690 3843 -669 -73 691 75 -17 -201 -685 -262 323 3533 -633 -66 1070 1755 -283 204 743 1947 -239 2250 1295 363 227 -632 -148 636 -500 -427 -426 6 -13 966 336 848 439 1192 949 330 2428 1015
1212 -448 -694 -695 1784 -415 2217 -647 -648 -526 -632 313 320 -117 2838 -696 206 824 -604 -498 -628 2171 2416 -214 428 -310 851 -17 -405 355 -691 1585 -194 -677 59 -448 -214 3712 2472 4637 -696 -427 -263 -599 899 -225 -122 -445 -671 -1 -168 81 -446 1507 5104 -588 488 -643 1503 -352 524 1145 2158 -684 3014 3753 331 -549 -679 -685 1283 2020 -31 467 -491 5001 -287 -637 -243 -24 42 1402 1738 547 -563 -506 -690 3843 -669 -73 691 75 -17 -201 -685 -262 323 3533 -633 -66 1070 1755 -283 204 743 1947 -239 2250 1295 363 227 -632 -148 636 -500 -427 -426 6 -13 966 336 848 439 1192 949 330 2428 1015
1212 -448 -694 -695 1784 -415 2217 -647 -648 -526 -632 313 320 -117 2838 -696 206 824 -604 -498 -628 2171 2416 -214 428 -310 851 -17 -405 355 -691 1585 -194 -677 59 -448 -214 3712 2472 4637 -696 -427 -263 -599 899 -225 -122 -445 -671 -1 -168 81 -446 1507 5104 -588 488 -643 1503 -352 524 1145 2158 -684 3014 3753 331 -549 -679 -685 1283 2020 -31 467 -491 5001 -287 -637 -243 -24 42 1402 1738 547 -563 -506 -690 3843 -669 -73 691 75 -17 -201 -685 -262 323 3533 -633 -66 1070 1755 -283 204 743 1947 -239 2250 1295 363 227 -632 -148 636 -500 -427 -426 6 -13 966 336 848 439 1192 949 330 2428 1015
1212 -448 -694 -695 1784 -415 2217 -647 -648 -526 -632 313 320 -117 2838 -696 206 824 -604 -498 -628 2171 2416 -214 428 -310 851 -17 -405 355 -691 1585 -194 -677 59 -448 -214 3712 2472 4637 -696 -427 -263 -599 899 -225 -122 -445 -671 -1 -168 81 -446 1507 5104 -588 488 -643 1503 -352 524 1145 2158 -684 3014 3753 331 -549 -679 -685 1283 2020 -31 467 -491 5001 -287 -637 -243 -24 42 1402 1738 547 -563 -506 -690 3843 -669 -73 691 75 -17 -201 -685 -262 323 3533 -633 -66 1070 1755 -283 204 743 1947 -239 2250 1295 363 227 -632 -148 636 -500 -427 -426 6 -13 966 336 848 439 1192 949 330 2428 1015
1212 -448 -694 -695 1784 -415 2217 -647 -648 -526 -632 313 320 -117 2838 -696 206 824 -604 -498 -628 2171 2416 -214 428 -310 851 -17 -405 355 -691 1585 -194 -677 59 -448 -214 3712 2472 4637 -696 -427 -263 -599 899 -225 -122 -445 -671 -1 -168 81 -446 1507 5104 -588 488 -643 1503 -352 524 1145 2158 -684 3014 3753 331 -549 -679 -685 1283 2020 -31 467 -491 5001 -287 -637 -243 -24 42 1402 1738 547 -563 -506 -690 3843 -669 -73 691 75 -17 -201 -685 -262 323 3533 -633 -66 1070 1755 -283 204 743 1947 -239 2250 1295 363 227 -632 -148 636 -500 -427 -426 6 -13 966 336 848 439 1192 949 330 2428 1015
463 -686 2364 -581 224 159 -177 -658 1482 -509 -690 2519 4367 -604 3204 -695 -451 -694 -248 712 1771 1516 1134 -442 1999 980 227 719 -673 1530 -682 -514 -687 -647 992 1095 2070 4183 -651 1887 576 -618 1122 32 -251 -557 66 794 -289 1963 488 -214 293 1908 957 -233 623 -675 579 -87 2345 -183 853 -696 403 1459 1104 1387 799 363 -435 7015 -515 1661 -381 3100 -691 -663 2019 -661 -108 2252 1555 -295 -695 -579 428 1163 -542 346 -658 -17 -171 -181 -522 -642 1640 2411 -487 1535 1060 156 -688 -45 -611 5634 331 2692 2483 406 605 -75 -195 -16 -292 -187 -513 702 104 -310 -664 711 1233 3165 -324 831 859 -442
949 -417 -683 -693 2186 -340 2476 -642 -595 -550 -650 -22 220 -36 2664 -689 458 956 -615 -593 -639 1712 1772 -59 282 -421 1015 209 -459 8 -695 1255 -349 -666 -98 -473 -339 3592 2147 4454 -694 -445 -240 -579 1308 -193 -216 -506 -693 -17 -316 -297 -215 1705 5474 -605 615 -574 1442 -432 561 1075 2182 -694 3231 3824 586 -577 -693 -670 1167 1685 90 307 -394 4332 -175 -569 -332 -166 358 1346 1900 685 -559 -573 -674 3493 -674 26 1181 -13 -65 -347 -693 -172 601 3902 -555 -146 979 1345 -211 173 403 2101 -206 1918 1148 571 343 -620 -158 528 -389 -439 -436 87 83 889 776 720 531 621 675 223 2449 793
1212 -448 -694 -695 1784 -415 2217 -647 -648 -526 -632 313 320 -117 2838 -696 206 824 -604 -498 -628 2171 2416 -214 428 -310 851 -17 -405 355 -691 1585 -194 -677 59 -448 -214 3712 2472 4637 -696 -427 -263 -599 899 -225 -122 -445 -671 -1 -168 81 -446 1507 5104 -588 488 -643 1503 -352 524 1145 2158 -684 3014 3753 331 -549 -679 -685 1283 2020 -31 467 -491 5001 -287 -637 -243 -24 42 1402 1738 547 -563 -506 -690 3843 -669 -73 691 75 -17 -201 -685 -262 323 3533 -633 -66 1070 1755 -283 204 743 1947 -239 2250 1295 363 227 -632 -148 636 -500 -427 -426 6 -13 966 336 848 439 1192 949 330 2428 1015
1212 -448 -694 -695 1784 -415 2217 -647 -648 -526 -632 313 320 -117 2838 -696 206 824 -604 -498 -628 2171 2416 -214 428 -310 851 -17 -405 355 -691 1585 -194 -677 59 -448 -214 3712 2472 4637 -696 -427 -263 -599 899 -225 -122 -445 -671 -1 -168 81 -446 1507 5104 -588 488 -643 1503 -352 524 1145 2158 -684 3014 3753 331 -549 -679 -685 1283 2020 -31 467 -491 5001 -287 -637 -243 -24 42 1402 1738 547 -563 -506 -690 3843 -669 -73 691 75 -17 -201 -685 -262 323 3533 -633 -66 1070 1755 -283 204 743 1947 -239 2250 1295 363 227 -632 -148 636 -500 -427 -426 6 -13 966 336 848 439 1192 949 330 2428 1015
1212 -448 -694 -695 1784 -415 2217 -647 -648 -526 -632 313 320 -117 2838 -696 206 824 -604 -498 -628 2171 2416 -214 428 -310 851 -17 -405 355 -691 1585 -194 -677 59 -448 -214 3712 2472 4637 -696 -427 -263 -599 899 -225 -122 -445 -671 -1 -168 81 -446 1507 5104 -588 488 -643 1503 -352 524 1145 2158 -684 3014 3753 331 -549 -679 -685 1283 2020 -31 467 -491 5001 -287 -637 -243 -24 42 1402 1738 547 -563 -506 -690 3843 -669 -73 691 75 -17 -201 -685 -262 323 3533 -633 -66 1070 1755 -283 204 743 1947 -239 2250 1295 363 227 -632 -148 636 -500 -427 -426 6 -13 966 336 848 439 1192 949 330 2428 1015
1212 -448 -694 -695 1784 -415 2217 -647 -648 -526 -632 313 320 -117 2838 -696 206 824 -604 -498 -628 2171 2416 -214 428 -310 851 -17 -405 355 -691 1585 -194 -677 59 -448 -214 3712 2472 4637 -696 -427 -263 -599 899 -225 -122 -445 -671 -1 -168 81 -446 1507 5104 -588 488 -643 1503 -352 524 1145 2158 -684 3014 3753 331 -549 -679 -685 1283 2020 -31 467 -491 5001 -287 -637 -243 -24 42 1402 1738 547 -563 -506 -690 3843 -669 -73 691 75 -17 -201 -685 -262 323 3533 -633 -66 1070 1755 -283 204 743 1947 -239 2250 1295 363 227 -632 -148 636 -500 -427 -426 6 -13 966 336 848 439 1192 949 330 2428 1015
952 868 130 -570 1836 526 -355 2109 -49 -218 -653 -660 230 -604 1664 -609 541 -207 -671 180 -662 3988 1434 214 -411 -95 -67 569 -359 3303 -162 -407 1371 -585 -455 -235 612 4076 1510 2523 -599 -692 1038 -569 1539 -457 -687 293 -686 1011 -543 241 -147 2962 1751 -521 -279 -692 2286 -358 589 2715 1410 -665 867 1902 -79 720 -588 -687 624 1695 23 217 -592 2759 -318 -677 -431 -125 2353 2602 574 55 -221 -481 -550 3221 -405 115 1066 439 915 -693 -661 -675 128 1421 -539 -689 1260 2129 1206 -350 88 2508 -333 1110 1794 -14 -695 -523 -160 2652 -242 -693 1873 753 739 611 1642 906 -470 -675 204 -352 4290 1208
1122 -689 -295 -656 5209 -689 1187 -590 -348 -512 -696 -421 335 1573 5755 -684 214 2203 -695 -696 -673 3180 525 2224 -29 540 2479 -605 -693 -313 -693 1463 -528 -497 -669 -609 -328 2732 -150 3641 -696 543 -587 -696 410 -221 -27 -602 -633 -140 -299 -534 -18 1622 5954 -318 2605 141 -684 601 1364 -692 137 106 653 -88 582 -687 -197 -454 -291 368 78 349 -693 2172 -117 89 -690 787 1656 -695 966 1564 -325 -693 -511 4154 -676 1108 -280 788 495 -696 -639 1919 752 4420 2268 -505 95 404 -629 168 450 -48 -136 2993 1323 -421 308 -571 2804 -472 -13 -502 -687 1406 264 3328 398 270 1385 -589 1167 2224 1052 -540
1212 -448 -694 -695 1784 -415 2217 -647 -648 -526 -632 313 320 -117 2838 -696 206 824 -604 -498 -628 2171 2416 -214 428 -310 851 -17 -405 355 -691 1585 -194 -677 59 -448 -214 3712 2472 4637 -696 -427 -263 -599 899 -225 -122 -445 -671 -1 -168 81 -446 1507 5104 -588 488 -643 1503 -352 524 1145 2158 -684 3014 3753 331 -549 -679 -685 1283 2020 -31 467 -491 5001 -287 -637 -243 -24 42 1402 1738 547 -563 -506 -690 3843 -669 -73 691 75 -17 -201 -685 -262 323 3533 -633 -66 1070 1755 -283 204 743 1947 -239 2250 1295 363 227 -632 -148 636 -500 -427 -426 6 -13 966 336 848 439 1192 949 330 2428 1015
1212 -448 -694 -695 1784 -415 2217 -647 -648 -526 -632 313 320 -117 2838 -696 206 824 -604 -498 -628 2171 2416 -214 428 -310 851 -17 -405 355 -691 1585 -194 -677 59 -448 -214 3712 2472 4637 -696 -427 -263 -599 899 -225 -122 -445 -671 -1 -168 81 -446 1507 5104 -588 488 -643 1503 -352 524 1145 2158 -684 3014 3753 331 -549 -679 -685 1283 2020 -31 467 -491 5001 -287 -637 -243 -24 42 1402 1738 547 -563 -506 -690 3843 -669 -73 691 75 -17 -201 -685 -262 323 3533 -633 -66 1070 1755 -283 204 743 1947 -239 2250 1295 363 227 -632 -148 636 -500 -427 -426 6 -13 966 336 848 439 1192 949 330 2428 1015
1212 -448 -694 -695 1784 -415 2217 -647 -648 -526 -632 313 320 -117 2838 -696 206 824 -604 -498 -628 2171 2416 -214 428 -310 851 -17 -405 355 -691 1585 -194 -677 59 -448 -214 3712 2472 4637 -696 -427 -263 -599 899 -225 -122 -445 -671 -1 -168 81 -446 1507 5104 -588 488 -643 1503 -352 524 1145 2158 -684 3014 3753 331 -549 -679 -685 1283 2020 -31 467 -491 5001 -287 -637 -243 -24 42 1402 1738 547 -563 -506 -690 3843 -669 -73 691 75 -17 -201 -685 -262 323 3533 -633 -66 1070 1755 -283 204 743 1947 -239 2250 1295 363 227 -632 -148 636 -500 -427 -426 6 -13 966 336 848 439 1192 949 330 2428 1015
1212 -448 -694 -695 1784 -415 2217 -647 -648 -526 -632 313 320 -117 2838 -696 206 824 -604 -498 -628 2171 2416 -214 428 -310 851 -17 -405 355 -691 1585 -194 -677 59 -448 -214 3712 2472 4637 -696 -427 -263 -599 899 -225 -122 -445 -671 -1 -168 81 -446 1507 5104 -588 488 -643 1503 -352 524 1145 2158 -684 3014 3753 331 -549 -679 -685 1283 2020 -31 467 -491 5001 -287 -637 -243 -24 42 1402 1738 547 -563 -506 -690 3843 -669 -73 691 75 -17 -201 -685 -262 323 3533 -633 -66 1070 1755 -283 204 743 1947 -239 2250 1295 363 227 -632 -148 636 -500 -427 -426 6 -13 966 336 848 439 1192 949 330 2428 1015
736 -112 -683 -690 1654 -417 1811 -419 -661 -556 -671 -134 -94 -104 2565 -645 181 645 -622 -256 -635 2578 2307 -203 48 -396 779 1 -398 740 -678 895 435 -672 -190 -235 -338 4148 1739 4151 -688 -527 -222 -559 1469 -224 -286 -266 -669 -215 -206 350 -315 1880 4273 -648 468 -653 2077 -346 436 1825 2214 -695 2864 3511 180 -364 -628 -683 1578 1193 -161 475 -477 4377 -150 -679 -333 74 385 2015 1436 525 -633 -495 -695 3739 -597 -195 1346 251 342 -480 -688 -131 244 3200 -603 -443 1129 1942 -199 153 1044 2212 -120 1812 1474 233 -501 -562 -194 1079 -491 -514 -120 -97 212 1063 283 789 -50 604 1039 -8 3661 1734
234 -659 1358 -692 561 -637 -42 -553 -393 -294 -693 2915 3257 203 5552 -655 -638 -604 -559 435 1494 2461 1712 -136 1883 1274 1151 -416 -694 525 -639 282 -576 -695 123 664 1016 4251 -695 3059 290 -652 -258 152 -393 -337 667 805 -176 656 715 535 -129 1656 1364 -154 2412 -589 -536 587 2449 -639 222 -314 300 305 826 137 825 779 -554 5735 -591 2016 -670 3153 -694 -695 898 -191 -202 296 829 513 -381 -654 205 2143 -555 411 -696 893 313 -351 -511 655 668 3982 -693 855 546 481 -627 391 49 3226 791 4433 3117 -586 109 -371 1244 -627 -355 -362 -687 542 91 875 -689 735 1616 3169 607 2287 907 -506
1115 -439 -693 -694 1856 -383 2279 -637 -636 -530 -637 194 281 -87 2740 -695 292 781 -612 -522 -617 2061 2142 -167 381 -378 847 71 -383 234 -690 1392 -225 -672 16 -453 -253 3633 2377 4606 -695 -439 -249 -587 1043 -210 -156 -450 -679 -15 -249 -56 -371 1539 5134 -587 512 -629 1552 -389 476 1202 2158 -691 3114 3776 461 -574 -687 -677 1203 1903 26 436 -455 4686 -291 -630 -231 -91 104 1477 1816 560 -563 -530 -685 3629 -668 -58 927 37 -29 -226 -691 -253 412 3692 -634 -128 1007 1617 -243 207 644 2034 -218 2110 1227 443 249 -637 -203 551 -464 -410 -416 -17 46 844 457 862 474 1003 825 315 2445 961
1212 -448 -694 -695 1784 -415 2217 -647 -648 -526 -632 313 320 -117 2838 -696 206 824 -604 -498 -628 2171 2416 -214 428 -310 851 -17 -405 355 -691 1585 -194 -677 59 -448 -214 3712 2472 4637 -696 -427 -263 -599 899 -225 -122 -445 -671 -1 -168 81 -446 1507 5104 -588 488 -643 1503 -352 524 1145 2158 -684 3014 3753 331 -549 -679 -685 1283 2020 -31 467 -491 5001 -287 -637 -243 -24 42 1402 1738 547 -563 -506 -690 3843 -669 -73 691 75 -17 -201 -685 -262 323 3533 -633 -66 1070 1755 -283 204 743 1947 -239 2250 1295 363 227 -632 -148 636 -500 -427 -426 6 -13 966 336 848 439 1192 949 330 2428 1015
1212 -448 -694 -695 1784 -415 2217 -647 -648 -526 -632 313 320 -117 2838 -696 206 824 -604 -498 -628 2171 2416 -214 428 -310 851 -17 -405 355 -691 1585 -194 -677 59 -448 -214 3712 2472 4637 -696 -427 -263 -599 899 -225 -122 -445 -671 -1 -168 81 -446 1507 5104 -588 488 -643 1503 -352 524 1145 2158 -684 3014 3753 331 -549 -679 -685 1283 2020 -31 467 -491 5001 -287 -637 -243 -24 42 1402 1738 547 -563 -506 -690 3843 -669 -73 691 75 -17 -201 -685 -262 323 3533 -633 -66 1070 1755 -283 204 743 1947 -239 2250 1295 363 227 -632 -148 636 -500 -427 -426 6 -13 966 336 848 439 1192 949 330 2428 1015
1212 -448 -694 -695 1784 -415 2217 -647 -648 -526 -632 313 320 -117 2838 -696 206 824 -604 -498 -628 2171 2416 -214 428 -310 851 -17 -405 355 -691 1585 -194 -677 59 -448 -214 3712 2472 4637 -696 -427 -263 -599 899 -225 -122 -445 -671 -1 -168 81 -446 1507 5104 -588 488 -643 1503 -352 524 1145 2158 -684 3014 3753 331 -549 -679 -685 1283 2020 -31 467 -491 5001 -287 -637 -243 -24 42 1402 1738 547 -563 -506 -690 3843 -669 -73 691 75 -17 -201 -685 -262 323 3533 -633 -66 1070 1755 -283 204 743 1947 -239 2250 1295 363 227 -632 -148 636 -500 -427 -426 6 -13 966 336 848 439 1192 949 330 2428 1015
1212 -448 -694 -695 1784 -415 2217 -647 -648 -526 -632 313 320 -117 2838 -696 206 824 -604 -498 -628 2171 2416 -214 428 -310 851 -17 -405 355 -691 1585 -194 -677 59 -448 -214 3712 2472 4637 -696 -427 -263 -599 899 -225 -122 -445 -671 -1 -168 81 -446 1507 5104 -588 488 -643 1503 -352 524 1145 2158 -684 3014 3753 331 -549 -679 -685 1283 2020 -31 467 -491 5001 -287 -637 -243 -24 42 1402 1738 547 -563 -506 -690 3843 -669 -73 691 75 -17 -201 -685 -262 323 3533 -633 -66 1070 1755 -283 204 743 1947 -239 2250 1295 363 227 -632 -148 636 -500 -427 -426 6 -13 966 336 848 439 1192 949 330 2428 1015
1295 -666 1525 -684 2540 659 1468 -673 560 -690 -695 59 1798 -696 4953 -647 -50 -263 -590 -608 206 1880 638 -356 613 392 -4 1523 -626 1129 -654 251 -491 -695 -121 -72 184 4163 -370 2111 -528 -641 816 -216 187 -510 83 1741 -682 2865 640 -689 16 2791 4145 -692 650 -372 2390 -452 2256 16 1430 -656 1915 1950 132 1382 -518 -88 1433 1680 -322 572 500 5628 394 -654 -5 -55 1456 2953 2644 -333 -668 -588 -561 3043 -611 88 609 -23 -313 -684 -640 -696 2850 1258 -659 888 1870 161 -115 -62 -655 5712 -691 3345 1605 2958 559 -24 -535 2303 -438 -512 48 721 -455 187 483 469 112 1851 860 -204 1819 -660
1094 -687 -276 -696 4791 -689 1470 -681 -432 -550 -670 -367 727 764 5748 -264 466 3051 -615 -682 -386 2183 69 2822 -260 14 1864 -396 -672 -680 -696 769 -621 -459 -689 -499 -325 2846 -356 2520 -692 -391 -621 -693 649 -321 -25 -260 -696 340 -376 -694 121 2029 6104 -380 2311 440 -456 10 1873 -628 -310 -450 968 607 1916 -692 202 -233 -490 499 449 220 -485 1560 387 334 -686 703 2675 -663 1526 1834 -431 -682 -425 2220 -684 1284 -85 195 869 -661 -581 716 2468 6249 1852 -506 961 -166 -638 398 -676 326 -177 3364 609 -459 601 -425 2447 -479 920 -488 -693 925 60 3042 1525 21 1926 -685 1004 1638 390 -610
1212 -448 -694 -695 1784 -415 2217 -647 -648 -526 -632 313 320 -117 2838 -696 206 824 -604 -498 -628 2171 2416 -214 428 -310 851 -17 -405 355 -691 1585 -194 -677 59 -448 -214 3712 2472 4637 -696 -427 -263 -599 899 -225 -122 -445 -671 -1 -168 81 -446 1507 5104 -588 488 -643 1503 -352 524 1145 2158 -684 3014 3753 331 -549 -679 -685 1283 2020 -31 467 -491 5001 -287 -637 -243 -24 42 1402 1738 547 -563 -506 -690 3843 -669 -73 691 75 -17 -201 -685 -262 323 3533 -633 -66 1070 1755 -283 204 743 1947 -239 2250 1295 363 227 -632 -148 636 -500 -427 -426 6 -13 966 336 848 439 1192 949 330 2428 1015
1212 -448 -694 -695 1784 -415 2217 -647 -648 -526 -632 313 320 -117 2838 -696 206 824 -604 -498 -628 2171 2416 -214 428 -310 851 -17 -405 355 -691 1585 -194 -677 59 -448 -214 3712 2472 4637 -696 -427 -263 -599 899 -225 -122 -445 -671 -1 -168 81 -446 1507 5104 -588 488 -643 1503 -352 524 1145 2158 -684 3014 3753 331 -549 -679 -685 1283 2020 -31 467 -491 5001 -287 -637 -243 -24 42 1402 1738 547 -563 -506 -690 3843 -669 -73 691 75 -17 -201 -685 -262 323 3533 -633 -66 1070 1755 -283 204 743 1947 -239 2250 1295 363 227 -632 -148 636 -500 -427 -426 6 -13 966 336 848 439 1192 949 330 2428 1015
1212 -448 -694 -695 1784 -415 2217 -647 -648 -526 -632 313 320 -117 2838 -696 206 824 -604 -498 -628 2171 2416 -214 428 -310 851 -17 -405 355 -691 1585 -194 -677 59 -448 -214 3712 2472 4637 -696 -427 -263 -599 899 -225 -122 -445 -671 -1 -168 81 -446 1507 5104 -588 488 -643 1503 -352 524 1145 2158 -684 3014 3753 331 -549 -679 -685 1283 2020 -31 467 -491 5001 -287 -637 -243 -24 42 1402 1738 547 -563 -506 -690 3843 -669 -73 691 75 -17 -201 -685 -262 323 3533 -633 -66 1070 1755 -283 204 743 1947 -239 2250 1295 363 227 -632 -148 636 -500 -427 -426 6 -13 966 336 848 439 1192 949 330 2428 1015
