-4096 -4096 -4096 -4096 -4096 -4096 -4096 -4096 -4096 -4096 -4096 -4096 -4096 -4096 -4096 -4096 -4096 -4096 -4096 -4096 -4096 -4096 -4096 -4096 -4096 -4096 -4096 -4096
-4096 -4096 -4096 -4096 -4096 -4096 -4096 -4096 -4096 -4096 -4096 -4096 -4096 -4096 -4096 -4096 -4096 -4096 -4096 -4096 -4096 -4096 -4096 -4096 -4096 -4096 -4096 -4096
-4096 -4096 -4096 -4096 -4096 -4096 -4096 -4096 -4096 -4096 -4096 -4096 -4096 -4096 -4096 -4096 -4096 -4096 -4096 -4096 -4096 -4096 -4096 -4096 -4096 -4096 -4096 -4096
-4096 -4096 -4096 -4096 -4096 -4096 -4096 -4096 -4096 -4096 -4096 -4096 -4096 -4096 -4096 -4096 -4096 -4096 -4096 -4096 -4096 -4096 -4096 -4096 -4096 -4096 -4096 -4096
-4096 -4096 -4096 -4096 -4096 -4096 -4096 -4096 -4096 -4096 -4096 -4096 -4096 -4096 -4096 -4096 -4096 -4096 -4096 -4096 -4096 -4096 -4096 -4096 -4096 -4096 -4096 -4096
-4096 -4096 -4096 -4096 -4096 -4096 -4096 -4096 -4096 -4096 -4096 -4096 -4096 -4096 -4096 -4096 -4096 -4096 -4096 -4096 -4096 -4096 -4096 -4096 -4096 -4096 -4096 -4096
-4096 -4096 -4096 -4096 -4096 -4096 -4096 -4096 -4096 -4096 -4096 -4096 -4096 -4096 -4096 -4096 -4096 -4096 -4096 -4096 -4096 -4096 -4096 -4096 -4096 -4096 -4096 -4096
-4096 -4096 -4096 -4096 -4096 -4096 -1397 1847 1012 755 -2168 -2939 -4096 -4096 -4096 -4096 -4096 -4096 -4096 -4096 -4096 -4096 -4096 -4096 -4096 -4096 -4096 -4096
-4096 -4096 -4096 -4096 -4096 -4096 3036 4064 4064 4064 4064 3646 2265 2265 2265 2265 2265 2265 2265 2265 1365 -2425 -4096 -4096 -4096 -4096 -4096 -4096
-4096 -4096 -4096 -4096 -4096 -4096 -1944 -434 -1783 -434 1140 3196 4064 3132 4064 4064 4064 3935 3261 4064 4064 402 -4096 -4096 -4096 -4096 -4096 -4096
-4096 -4096 -4096 -4096 -4096 -4096 -4096 -4096 -4096 -4096 -4096 -3550 -1976 -3646 -1944 -1944 -1944 -2201 -3421 3486 4064 -691 -4096 -4096 -4096 -4096 -4096 -4096
-4096 -4096 -4096 -4096 -4096 -4096 -4096 -4096 -4096 -4096 -4096 -4096 -4096 -4096 -4096 -4096 -4096 -4096 -1430 4032 2618 -3518 -4096 -4096 -4096 -4096 -4096 -4096
-4096 -4096 -4096 -4096 -4096 -4096 -4096 -4096 -4096 -4096 -4096 -4096 -4096 -4096 -4096 -4096 -4096 -3389 3389 4096 -1430 -4096 -4096 -4096 -4096 -4096 -4096 -4096
-4096 -4096 -4096 -4096 -4096 -4096 -4096 -4096 -4096 -4096 -4096 -4096 -4096 -4096 -4096 -4096 -4096 48 4064 3550 -2682 -4096 -4096 -4096 -4096 -4096 -4096 -4096
-4096 -4096 -4096 -4096 -4096 -4096 -4096 -4096 -4096 -4096 -4096 -4096 -4096 -4096 -4096 -4096 -2201 3903 4064 -2104 -4096 -4096 -4096 -4096 -4096 -4096 -4096 -4096
-4096 -4096 -4096 -4096 -4096 -4096 -4096 -4096 -4096 -4096 -4096 -4096 -4096 -4096 -4096 -4096 177 4064 1911 -3935 -4096 -4096 -4096 -4096 -4096 -4096 -4096 -4096
-4096 -4096 -4096 -4096 -4096 -4096 -4096 -4096 -4096 -4096 -4096 -4096 -4096 -4096 -4096 -3807 2490 3871 -2233 -4096 -4096 -4096 -4096 -4096 -4096 -4096 -4096 -4096
-4096 -4096 -4096 -4096 -4096 -4096 -4096 -4096 -4096 -4096 -4096 -4096 -4096 -4096 -4096 -48 4064 1751 -4096 -4096 -4096 -4096 -4096 -4096 -4096 -4096 -4096 -4096
-4096 -4096 -4096 -4096 -4096 -4096 -4096 -4096 -4096 -4096 -4096 -4096 -4096 -4096 -1687 3967 3614 -2265 -4096 -4096 -4096 -4096 -4096 -4096 -4096 -4096 -4096 -4096
-4096 -4096 -4096 -4096 -4096 -4096 -4096 -4096 -4096 -4096 -4096 -4096 -4096 -3486 3004 4064 1237 -4096 -4096 -4096 -4096 -4096 -4096 -4096 -4096 -4096 -4096 -4096
-4096 -4096 -4096 -4096 -4096 -4096 -4096 -4096 -4096 -4096 -4096 -4096 -4000 2425 4064 2939 -2972 -4096 -4096 -4096 -4096 -4096 -4096 -4096 -4096 -4096 -4096 -4096
-4096 -4096 -4096 -4096 -4096 -4096 -4096 -4096 -4096 -4096 -4096 -4096 -2875 4064 4064 -1622 -4096 -4096 -4096 -4096 -4096 -4096 -4096 -4096 -4096 -4096 -4096 -4096
-4096 -4096 -4096 -4096 -4096 -4096 -4096 -4096 -4096 -4096 -4096 -3100 3100 4064 -402 -4064 -4096 -4096 -4096 -4096 -4096 -4096 -4096 -4096 -4096 -4096 -4096 -4096
-4096 -4096 -4096 -4096 -4096 -4096 -4096 -4096 -4096 -4096 -4096 177 4064 4064 -2425 -4096 -4096 -4096 -4096 -4096 -4096 -4096 -4096 -4096 -4096 -4096 -4096 -4096
-4096 -4096 -4096 -4096 -4096 -4096 -4096 -4096 -4096 -4096 -2136 3678 4064 4064 -2425 -4096 -4096 -4096 -4096 -4096 -4096 -4096 -4096 -4096 -4096 -4096 -4096 -4096
-4096 -4096 -4096 -4096 -4096 -4096 -4096 -4096 -4096 -4096 -209 4064 4064 2939 -2811 -4096 -4096 -4096 -4096 -4096 -4096 -4096 -4096 -4096 -4096 -4096 -4096 -4096
-4096 -4096 -4096 -4096 -4096 -4096 -4096 -4096 -4096 -4096 -209 4064 2554 -3518 -4096 -4096 -4096 -4096 -4096 -4096 -4096 -4096 -4096 -4096 -4096 -4096 -4096 -4096
-4096 -4096 -4096 -4096 -4096 -4096 -4096 -4096 -4096 -4096 -4096 -4096 -4096 -4096 -4096 -4096 -4096 -4096 -4096 -4096 -4096 -4096 -4096 -4096 -4096 -4096 -4096 -4096
