-379 -38 -74 -319 158 -200 333 -121 475 112 -333 -276 -66 -397 440 272 -98 64 -479 143 31 -247 502 -4 371 476 -492 286 -230 -343 -393 -278 -444 -274 -470 -290 -214 306 -485 -69 351 -134 268 301 161 229 122 358 511 -184 -482 59 351 -69 -482 -58 203 9 -118 -35 -45 460 -506 -156
-4353 3851 2731 -2185 153 -1720 763 -3544 -2902 444 -4934 -3256 -823 2495 -1868 2476 1442 3257 1217 -28 -1626 -690 -348 -3111 1634 -2146 -3070 -690 -1084 -1219 -219 1932 279 -1243 -1325 161 1595 -2254 214 196 -4661 1434 6115 1427 -3967 3089 -1374 -2904 1481 505 1716 3394 -464 -1945 209 -60 -1183 464 4456 151 -2334 984 428 -2492
-4353 3851 2731 -2185 153 -1720 763 -3544 -2902 444 -4934 -3256 -823 2495 -1868 2476 1442 3257 1217 -28 -1626 -690 -348 -3111 1634 -2146 -3070 -690 -1084 -1219 -219 1932 279 -1243 -1325 161 1595 -2254 214 196 -4661 1434 6115 1427 -3967 3089 -1374 -2904 1481 505 1716 3394 -464 -1945 209 -60 -1183 464 4456 151 -2334 984 428 -2492
-4353 3851 2731 -2185 153 -1720 763 -3544 -2902 444 -4934 -3256 -823 2495 -1868 2476 1442 3257 1217 -28 -1626 -690 -348 -3111 1634 -2146 -3070 -690 -1084 -1219 -219 1932 279 -1243 -1325 161 1595 -2254 214 196 -4661 1434 6115 1427 -3967 3089 -1374 -2904 1481 505 1716 3394 -464 -1945 209 -60 -1183 464 4456 151 -2334 984 428 -2492
-4353 3851 2731 -2185 153 -1720 763 -3544 -2902 444 -4934 -3256 -823 2495 -1868 2476 1442 3257 1217 -28 -1626 -690 -348 -3111 1634 -2146 -3070 -690 -1084 -1219 -219 1932 279 -1243 -1325 161 1595 -2254 214 196 -4661 1434 6115 1427 -3967 3089 -1374 -2904 1481 505 1716 3394 -464 -1945 209 -60 -1183 464 4456 151 -2334 984 428 -2492
-4353 3851 2731 -2185 153 -1720 763 -3544 -2902 444 -4934 -3256 -823 2495 -1868 2476 1442 3257 1217 -28 -1626 -690 -348 -3111 1634 -2146 -3070 -690 -1084 -1219 -219 1932 279 -1243 -1325 161 1595 -2254 214 196 -4661 1434 6115 1427 -3967 3089 -1374 -2904 1481 505 1716 3394 -464 -1945 209 -60 -1183 464 4456 151 -2334 984 428 -2492
-4353 3851 2731 -2185 153 -1720 763 -3544 -2902 444 -4934 -3256 -823 2495 -1868 2476 1442 3257 1217 -28 -1626 -690 -348 -3111 1634 -2146 -3070 -690 -1084 -1219 -219 1932 279 -1243 -1325 161 1595 -2254 214 196 -4661 1434 6115 1427 -3967 3089 -1374 -2904 1481 505 1716 3394 -464 -1945 209 -60 -1183 464 4456 151 -2334 984 428 -2492
-4353 3851 2731 -2185 153 -1720 763 -3544 -2902 444 -4934 -3256 -823 2495 -1868 2476 1442 3257 1217 -28 -1626 -690 -348 -3111 1634 -2146 -3070 -690 -1084 -1219 -219 1932 279 -1243 -1325 161 1595 -2254 214 196 -4661 1434 6115 1427 -3967 3089 -1374 -2904 1481 505 1716 3394 -464 -1945 209 -60 -1183 464 4456 151 -2334 984 428 -2492
-4353 3851 2731 -2185 153 -1720 763 -3544 -2902 444 -4934 -3256 -823 2495 -1868 2476 1442 3257 1217 -28 -1626 -690 -348 -3111 1634 -2146 -3070 -690 -1084 -1219 -219 1932 279 -1243 -1325 161 1595 -2254 214 196 -4661 1434 6115 1427 -3967 3089 -1374 -2904 1481 505 1716 3394 -464 -1945 209 -60 -1183 464 4456 151 -2334 984 428 -2492
-4014 3332 3932 -2347 1410 -1548 2482 -3288 -3879 619 -4592 -3745 -771 813 -4702 2364 1509 3517 -301 -2232 -1315 157 400 -2786 4308 -2271 -3785 93 -399 -883 42 1663 267 -997 -814 1717 528 -1950 -482 2279 -3725 2766 6356 3653 -4406 2201 -1476 -1368 -18 1555 70 2805 -1915 -2911 1539 1405 -1255 -95 5029 14 -3365 1499 -49 -2471
-4219 1109 3262 -3042 550 -722 2449 -4132 -2541 900 -3589 -3199 -279 1210 -4511 2483 624 3444 -215 70 -1965 -1204 -1586 -3704 2252 -2204 -2101 -1665 -2259 -1049 -1231 1211 -1404 -572 -1797 -378 1011 -3341 -980 312 -4715 149 5841 2989 -2638 1732 -1658 -2781 1436 269 2744 3442 -332 -3892 -390 -102 -3237 128 2990 597 -3468 -36 1522 -4004
-4353 3851 2731 -2185 153 -1720 763 -3544 -2902 444 -4934 -3256 -823 2495 -1868 2476 1442 3257 1217 -28 -1626 -690 -348 -3111 1634 -2146 -3070 -690 -1084 -1219 -219 1932 279 -1243 -1325 161 1595 -2254 214 196 -4661 1434 6115 1427 -3967 3089 -1374 -2904 1481 505 1716 3394 -464 -1945 209 -60 -1183 464 4456 151 -2334 984 428 -2492
-4353 3851 2731 -2185 153 -1720 763 -3544 -2902 444 -4934 -3256 -823 2495 -1868 2476 1442 3257 1217 -28 -1626 -690 -348 -3111 1634 -2146 -3070 -690 -1084 -1219 -219 1932 279 -1243 -1325 161 1595 -2254 214 196 -4661 1434 6115 1427 -3967 3089 -1374 -2904 1481 505 1716 3394 -464 -1945 209 -60 -1183 464 4456 151 -2334 984 428 -2492
-4353 3851 2731 -2185 153 -1720 763 -3544 -2902 444 -4934 -3256 -823 2495 -1868 2476 1442 3257 1217 -28 -1626 -690 -348 -3111 1634 -2146 -3070 -690 -1084 -1219 -219 1932 279 -1243 -1325 161 1595 -2254 214 196 -4661 1434 6115 1427 -3967 3089 -1374 -2904 1481 505 1716 3394 -464 -1945 209 -60 -1183 464 4456 151 -2334 984 428 -2492
-4353 3851 2731 -2185 153 -1720 763 -3544 -2902 444 -4934 -3256 -823 2495 -1868 2476 1442 3257 1217 -28 -1626 -690 -348 -3111 1634 -2146 -3070 -690 -1084 -1219 -219 1932 279 -1243 -1325 161 1595 -2254 214 196 -4661 1434 6115 1427 -3967 3089 -1374 -2904 1481 505 1716 3394 -464 -1945 209 -60 -1183 464 4456 151 -2334 984 428 -2492
-4353 3851 2731 -2185 153 -1720 763 -3544 -2902 444 -4934 -3256 -823 2495 -1868 2476 1442 3257 1217 -28 -1626 -690 -348 -3111 1634 -2146 -3070 -690 -1084 -1219 -219 1932 279 -1243 -1325 161 1595 -2254 214 196 -4661 1434 6115 1427 -3967 3089 -1374 -2904 1481 505 1716 3394 -464 -1945 209 -60 -1183 464 4456 151 -2334 984 428 -2492
-3189 1059 1411 1078 1846 412 -363 -2568 -1750 1065 -3773 -2350 -944 2920 -1173 2175 2379 3227 -458 -1568 -1522 -1958 -787 -4758 1383 801 -1728 543 -2594 -420 1279 1447 391 -2336 -869 -1218 -2752 -2162 1414 1101 -803 456 3077 2123 -1662 880 -900 -600 2199 2906 -218 5801 507 -1365 -620 -138 -442 -571 1953 1356 -2380 1646 754 -1890
-777 -80 -1974 3625 3252 1423 -5270 1109 1111 -1367 -845 -4216 -2459 4173 2788 3425 2669 657 310 -2388 -50 -267 2006 -1455 -928 2022 -2008 -383 1506 1368 -1266 2095 435 13 668 -980 354 1853 3548 -149 955 2811 2632 -2609 -3217 2609 218 -411 3364 1686 -877 2380 -970 1753 -2604 -234 1745 3125 -1468 -390 -1334 3314 -2042 -1783
-697 1293 -2345 2585 1948 2037 -6952 2251 2683 -1071 250 -1546 -626 3910 7727 1290 1072 91 1160 140 114 987 2945 -1644 -3615 2028 -977 -563 2258 1939 212 1163 3128 -85 114 864 2031 3272 3349 -2374 2781 2360 2484 -5955 -1550 3323 -959 -679 2140 833 -1129 2574 986 2609 -750 -198 2687 4981 -2149 -66 114 3543 555 357
1926 519 -918 2799 4090 1887 -4004 2116 2494 577 243 -317 -385 58 5047 1874 -102 -734 -1516 -2392 1330 2620 5392 219 1510 2641 -643 1556 4938 2192 1015 121 2973 684 1146 2862 888 5072 1158 -1021 4773 3745 2099 -3241 -338 1178 -790 1968 -2284 1378 -3703 909 -66 1544 1015 2025 3898 3416 -3723 -1461 -559 4651 -757 2049
-4610 6683 3360 1490 -914 681 -2289 -1482 308 1117 -4335 -3655 108 2534 3823 818 -1264 708 571 -4 64 -920 237 -4386 5087 -392 -3932 -3128 -956 -2771 -2078 518 -950 322 -3163 -201 5464 -2660 -1257 -2841 -2776 -3909 3272 -2075 -2517 746 -2031 -4678 2148 -1122 1987 669 3457 663 -22 -870 -2236 -315 1694 -749 -1259 -614 814 -983
-4353 3851 2731 -2185 153 -1720 763 -3544 -2902 444 -4934 -3256 -823 2495 -1868 2476 1442 3257 1217 -28 -1626 -690 -348 -3111 1634 -2146 -3070 -690 -1084 -1219 -219 1932 279 -1243 -1325 161 1595 -2254 214 196 -4661 1434 6115 1427 -3967 3089 -1374 -2904 1481 505 1716 3394 -464 -1945 209 -60 -1183 464 4456 151 -2334 984 428 -2492
-4353 3851 2731 -2185 153 -1720 763 -3544 -2902 444 -4934 -3256 -823 2495 -1868 2476 1442 3257 1217 -28 -1626 -690 -348 -3111 1634 -2146 -3070 -690 -1084 -1219 -219 1932 279 -1243 -1325 161 1595 -2254 214 196 -4661 1434 6115 1427 -3967 3089 -1374 -2904 1481 505 1716 3394 -464 -1945 209 -60 -1183 464 4456 151 -2334 984 428 -2492
-4353 3851 2731 -2185 153 -1720 763 -3544 -2902 444 -4934 -3256 -823 2495 -1868 2476 1442 3257 1217 -28 -1626 -690 -348 -3111 1634 -2146 -3070 -690 -1084 -1219 -219 1932 279 -1243 -1325 161 1595 -2254 214 196 -4661 1434 6115 1427 -3967 3089 -1374 -2904 1481 505 1716 3394 -464 -1945 209 -60 -1183 464 4456 151 -2334 984 428 -2492
-4353 3851 2731 -2185 153 -1720 763 -3544 -2902 444 -4934 -3256 -823 2495 -1868 2476 1442 3257 1217 -28 -1626 -690 -348 -3111 1634 -2146 -3070 -690 -1084 -1219 -219 1932 279 -1243 -1325 161 1595 -2254 214 196 -4661 1434 6115 1427 -3967 3089 -1374 -2904 1481 505 1716 3394 -464 -1945 209 -60 -1183 464 4456 151 -2334 984 428 -2492
-4353 3851 2731 -2185 153 -1720 763 -3544 -2902 444 -4934 -3256 -823 2495 -1868 2476 1442 3257 1217 -28 -1626 -690 -348 -3111 1634 -2146 -3070 -690 -1084 -1219 -219 1932 279 -1243 -1325 161 1595 -2254 214 196 -4661 1434 6115 1427 -3967 3089 -1374 -2904 1481 505 1716 3394 -464 -1945 209 -60 -1183 464 4456 151 -2334 984 428 -2492
1562 -5752 -3417 -2919 2332 643 1165 -119 325 1015 955 1499 505 784 -1004 -1749 -2109 681 -2330 762 -2075 -1362 -127 -1895 -3852 2653 2287 1060 -3689 1092 1225 -2175 543 -4683 1390 -1949 -4772 1035 -1104 17 2465 -765 -3851 1489 3841 1759 2143 -470 -59 253 707 2720 -159 -968 -2416 -1621 -634 677 1292 1989 -1544 1131 -292 -2474
-4113 4213 2856 -1567 317 -1391 -112 -3719 -2894 205 -5593 -3617 -1455 2345 -1495 3377 1131 2574 1607 -114 -1319 -504 45 -2659 1779 -1832 -3296 -653 -502 -820 -567 2094 117 -949 -1962 -108 2172 -2698 625 75 -5091 1833 6599 1155 -4501 3132 -1438 -3119 1739 947 1522 3115 139 -1796 133 -500 -910 164 4311 465 -2343 1160 473 -2078
-4353 3851 2731 -2185 153 -1720 763 -3544 -2902 444 -4934 -3256 -823 2495 -1868 2476 1442 3257 1217 -28 -1626 -690 -348 -3111 1634 -2146 -3070 -690 -1084 -1219 -219 1932 279 -1243 -1325 161 1595 -2254 214 196 -4661 1434 6115 1427 -3967 3089 -1374 -2904 1481 505 1716 3394 -464 -1945 209 -60 -1183 464 4456 151 -2334 984 428 -2492
-4353 3851 2731 -2185 153 -1720 763 -3544 -2902 444 -4934 -3256 -823 2495 -1868 2476 1442 3257 1217 -28 -1626 -690 -348 -3111 1634 -2146 -3070 -690 -1084 -1219 -219 1932 279 -1243 -1325 161 1595 -2254 214 196 -4661 1434 6115 1427 -3967 3089 -1374 -2904 1481 505 1716 3394 -464 -1945 209 -60 -1183 464 4456 151 -2334 984 428 -2492
-4353 3851 2731 -2185 153 -1720 763 -3544 -2902 444 -4934 -3256 -823 2495 -1868 2476 1442 3257 1217 -28 -1626 -690 -348 -3111 1634 -2146 -3070 -690 -1084 -1219 -219 1932 279 -1243 -1325 161 1595 -2254 214 196 -4661 1434 6115 1427 -3967 3089 -1374 -2904 1481 505 1716 3394 -464 -1945 209 -60 -1183 464 4456 151 -2334 984 428 -2492
-4353 3851 2731 -2185 153 -1720 763 -3544 -2902 444 -4934 -3256 -823 2495 -1868 2476 1442 3257 1217 -28 -1626 -690 -348 -3111 1634 -2146 -3070 -690 -1084 -1219 -219 1932 279 -1243 -1325 161 1595 -2254 214 196 -4661 1434 6115 1427 -3967 3089 -1374 -2904 1481 505 1716 3394 -464 -1945 209 -60 -1183 464 4456 151 -2334 984 428 -2492
236 1273 5287 -3656 2637 -2422 4707 -2790 -3107 3367 -4315 -617 -224 -2682 -5760 2798 667 3059 -1052 -2391 -623 2574 2363 758 4332 -2520 -1392 2839 2606 -397 201 1030 1604 -879 827 4026 -1377 858 -2580 2109 -3235 4697 5897 4592 -777 556 -486 433 -4166 1997 -1358 1372 -2256 -4302 3088 1157 1450 -294 3284 -268 -3246 2131 -48 29
-5464 6945 1322 2847 -78 579 -5033 238 2115 -623 -1889 -4571 -180 5069 5577 442 782 1504 794 -1011 -45 -751 695 -4118 3147 82 -5041 -3874 950 -2312 -2856 807 -628 1780 -707 1027 5766 -182 701 -2687 -1427 -2721 3781 -4195 -3660 1192 -1765 -3989 3777 -1360 2131 -895 635 1748 -1010 407 -645 2439 165 -1648 -1393 200 -1303 -1499
-4353 3851 2731 -2185 153 -1720 763 -3544 -2902 444 -4934 -3256 -823 2495 -1868 2476 1442 3257 1217 -28 -1626 -690 -348 -3111 1634 -2146 -3070 -690 -1084 -1219 -219 1932 279 -1243 -1325 161 1595 -2254 214 196 -4661 1434 6115 1427 -3967 3089 -1374 -2904 1481 505 1716 3394 -464 -1945 209 -60 -1183 464 4456 151 -2334 984 428 -2492
-4353 3851 2731 -2185 153 -1720 763 -3544 -2902 444 -4934 -3256 -823 2495 -1868 2476 1442 3257 1217 -28 -1626 -690 -348 -3111 1634 -2146 -3070 -690 -1084 -1219 -219 1932 279 -1243 -1325 161 1595 -2254 214 196 -4661 1434 6115 1427 -3967 3089 -1374 -2904 1481 505 1716 3394 -464 -1945 209 -60 -1183 464 4456 151 -2334 984 428 -2492
-4353 3851 2731 -2185 153 -1720 763 -3544 -2902 444 -4934 -3256 -823 2495 -1868 2476 1442 3257 1217 -28 -1626 -690 -348 -3111 1634 -2146 -3070 -690 -1084 -1219 -219 1932 279 -1243 -1325 161 1595 -2254 214 196 -4661 1434 6115 1427 -3967 3089 -1374 -2904 1481 505 1716 3394 -464 -1945 209 -60 -1183 464 4456 151 -2334 984 428 -2492
-4353 3851 2731 -2185 153 -1720 763 -3544 -2902 444 -4934 -3256 -823 2495 -1868 2476 1442 3257 1217 -28 -1626 -690 -348 -3111 1634 -2146 -3070 -690 -1084 -1219 -219 1932 279 -1243 -1325 161 1595 -2254 214 196 -4661 1434 6115 1427 -3967 3089 -1374 -2904 1481 505 1716 3394 -464 -1945 209 -60 -1183 464 4456 151 -2334 984 428 -2492
-4022 3916 3481 -2260 906 -1470 1846 -4112 -3759 510 -5055 -3481 -973 1420 -3182 2879 1307 3548 430 -1080 -1506 -421 61 -3175 3769 -2232 -3873 -116 -842 -1187 279 1907 254 -1144 -1471 443 1313 -2087 -526 1083 -4419 2196 6613 2538 -4504 2691 -1274 -2290 30 984 1062 3162 -1059 -2486 863 866 -1716 39 4313 -27 -2854 1322 254 -2897
-3340 -2380 -4132 -563 1928 925 -1114 536 1990 -230 1580 -1100 1628 4763 1972 -3234 -1444 1450 -3423 -383 -1671 -3136 -1218 -5448 -697 2843 -1073 -2167 -4341 -767 333 -2258 -1114 -2345 2109 -2532 -1844 1103 -570 -1964 3909 -4671 -3600 -1557 1428 1673 531 -1887 3361 -2356 2632 1543 -1335 980 -3989 1458 -2756 2339 -1027 -57 -1984 320 -2492 -4586
-4176 3892 2775 -2065 273 -1698 611 -3642 -3023 363 -5235 -3495 -1101 2412 -1976 2841 1335 2957 1313 -94 -1478 -615 -259 -2809 1738 -2076 -3153 -606 -902 -1095 -438 2032 110 -1176 -1475 -66 1711 -2389 292 228 -4925 1604 6247 1467 -4221 3129 -1290 -2991 1600 607 1642 3201 -336 -1879 103 -226 -1056 284 4461 279 -2333 1006 226 -2468
-4353 3851 2731 -2185 153 -1720 763 -3544 -2902 444 -4934 -3256 -823 2495 -1868 2476 1442 3257 1217 -28 -1626 -690 -348 -3111 1634 -2146 -3070 -690 -1084 -1219 -219 1932 279 -1243 -1325 161 1595 -2254 214 196 -4661 1434 6115 1427 -3967 3089 -1374 -2904 1481 505 1716 3394 -464 -1945 209 -60 -1183 464 4456 151 -2334 984 428 -2492
-4353 3851 2731 -2185 153 -1720 763 -3544 -2902 444 -4934 -3256 -823 2495 -1868 2476 1442 3257 1217 -28 -1626 -690 -348 -3111 1634 -2146 -3070 -690 -1084 -1219 -219 1932 279 -1243 -1325 161 1595 -2254 214 196 -4661 1434 6115 1427 -3967 3089 -1374 -2904 1481 505 1716 3394 -464 -1945 209 -60 -1183 464 4456 151 -2334 984 428 -2492
-4353 3851 2731 -2185 153 -1720 763 -3544 -2902 444 -4934 -3256 -823 2495 -1868 2476 1442 3257 1217 -28 -1626 -690 -348 -3111 1634 -2146 -3070 -690 -1084 -1219 -219 1932 279 -1243 -1325 161 1595 -2254 214 196 -4661 1434 6115 1427 -3967 3089 -1374 -2904 1481 505 1716 3394 -464 -1945 209 -60 -1183 464 4456 151 -2334 984 428 -2492
-4353 3851 2731 -2185 153 -1720 763 -3544 -2902 444 -4934 -3256 -823 2495 -1868 2476 1442 3257 1217 -28 -1626 -690 -348 -3111 1634 -2146 -3070 -690 -1084 -1219 -219 1932 279 -1243 -1325 161 1595 -2254 214 196 -4661 1434 6115 1427 -3967 3089 -1374 -2904 1481 505 1716 3394 -464 -1945 209 -60 -1183 464 4456 151 -2334 984 428 -2492
953 1034 2245 -1468 1359 -888 517 -3346 -1635 2865 -4197 1476 -963 -60 1033 3719 1660 1919 -342 1226 -1689 180 961 -1036 -998 -1070 232 2775 -493 -999 1442 2987 3136 -3633 -864 -1604 -2178 2032 -684 -1750 -2658 3199 3118 -1193 204 2585 599 -1494 -2364 1475 -700 6151 881 -1570 502 -2014 655 1718 344 1126 -387 2477 1721 -1050
-4912 6809 -235 2323 -46 -148 -6809 829 2198 -1537 -2026 -3525 -672 4868 6243 1096 1273 1378 1505 -1028 805 157 2180 -2492 427 737 -5017 -2357 2476 -301 -1819 595 843 2312 292 1545 5352 1422 2684 -2205 -675 46 4534 -5239 -4913 2206 -2386 -3292 3343 -705 1152 -931 -492 2587 -398 1077 1850 3399 897 -521 -283 1537 -1782 -203
-4353 3851 2731 -2185 153 -1720 763 -3544 -2902 444 -4934 -3256 -823 2495 -1868 2476 1442 3257 1217 -28 -1626 -690 -348 -3111 1634 -2146 -3070 -690 -1084 -1219 -219 1932 279 -1243 -1325 161 1595 -2254 214 196 -4661 1434 6115 1427 -3967 3089 -1374 -2904 1481 505 1716 3394 -464 -1945 209 -60 -1183 464 4456 151 -2334 984 428 -2492
-4353 3851 2731 -2185 153 -1720 763 -3544 -2902 444 -4934 -3256 -823 2495 -1868 2476 1442 3257 1217 -28 -1626 -690 -348 -3111 1634 -2146 -3070 -690 -1084 -1219 -219 1932 279 -1243 -1325 161 1595 -2254 214 196 -4661 1434 6115 1427 -3967 3089 -1374 -2904 1481 505 1716 3394 -464 -1945 209 -60 -1183 464 4456 151 -2334 984 428 -2492
-4353 3851 2731 -2185 153 -1720 763 -3544 -2902 444 -4934 -3256 -823 2495 -1868 2476 1442 3257 1217 -28 -1626 -690 -348 -3111 1634 -2146 -3070 -690 -1084 -1219 -219 1932 279 -1243 -1325 161 1595 -2254 214 196 -4661 1434 6115 1427 -3967 3089 -1374 -2904 1481 505 1716 3394 -464 -1945 209 -60 -1183 464 4456 151 -2334 984 428 -2492
