-1157 1196 -5029 885 421 2665 1839 2134 799 -418 -1578 -1262 -1687 -218 -1347 811 -799 32 -132 -948 1645 -1631 639 40 -4649 -1556 -2449 -922 -2871 1364 -146 2402 -1049 520 1401 1150 1720 3832 523 419 -61 -353 1959 -3323 4416 1824 198 1774 1273 774 -1349 863 2988 4170 -2059 2122 -1303 1138 -705 -755 698 3877 -961 2385
-97 777 -5102 -1979 2161 5689 1202 2994 -539 -5532 -1364 694 -5800 1155 -1421 3115 525 -4198 -2754 -3071 -1268 -3872 2743 -1509 -5029 -2426 -2768 1672 -1445 261 1620 -1049 -3103 3792 1835 911 2044 6051 1449 -977 2019 738 3636 -1119 4884 3489 2837 5907 3723 2893 3591 248 4998 1255 -6550 -1162 -131 2087 5003 1293 -336 1190 -1165 -1640
-97 777 -5102 -1979 2161 5689 1202 2994 -539 -5532 -1364 694 -5800 1155 -1421 3115 525 -4198 -2754 -3071 -1268 -3872 2743 -1509 -5029 -2426 -2768 1672 -1445 261 1620 -1049 -3103 3792 1835 911 2044 6051 1449 -977 2019 738 3636 -1119 4884 3489 2837 5907 3723 2893 3591 248 4998 1255 -6550 -1162 -131 2087 5003 1293 -336 1190 -1165 -1640
-97 777 -5102 -1979 2161 5689 1202 2994 -539 -5532 -1364 694 -5800 1155 -1421 3115 525 -4198 -2754 -3071 -1268 -3872 2743 -1509 -5029 -2426 -2768 1672 -1445 261 1620 -1049 -3103 3792 1835 911 2044 6051 1449 -977 2019 738 3636 -1119 4884 3489 2837 5907 3723 2893 3591 248 4998 1255 -6550 -1162 -131 2087 5003 1293 -336 1190 -1165 -1640
-97 777 -5102 -1979 2161 5689 1202 2994 -539 -5532 -1364 694 -5800 1155 -1421 3115 525 -4198 -2754 -3071 -1268 -3872 2743 -1509 -5029 -2426 -2768 1672 -1445 261 1620 -1049 -3103 3792 1835 911 2044 6051 1449 -977 2019 738 3636 -1119 4884 3489 2837 5907 3723 2893 3591 248 4998 1255 -6550 -1162 -131 2087 5003 1293 -336 1190 -1165 -1640
-97 777 -5102 -1979 2161 5689 1202 2994 -539 -5532 -1364 694 -5800 1155 -1421 3115 525 -4198 -2754 -3071 -1268 -3872 2743 -1509 -5029 -2426 -2768 1672 -1445 261 1620 -1049 -3103 3792 1835 911 2044 6051 1449 -977 2019 738 3636 -1119 4884 3489 2837 5907 3723 2893 3591 248 4998 1255 -6550 -1162 -131 2087 5003 1293 -336 1190 -1165 -1640
-97 777 -5102 -1979 2161 5689 1202 2994 -539 -5532 -1364 694 -5800 1155 -1421 3115 525 -4198 -2754 -3071 -1268 -3872 2743 -1509 -5029 -2426 -2768 1672 -1445 261 1620 -1049 -3103 3792 1835 911 2044 6051 1449 -977 2019 738 3636 -1119 4884 3489 2837 5907 3723 2893 3591 248 4998 1255 -6550 -1162 -131 2087 5003 1293 -336 1190 -1165 -1640
-97 777 -5102 -1979 2161 5689 1202 2994 -539 -5532 -1364 694 -5800 1155 -1421 3115 525 -4198 -2754 -3071 -1268 -3872 2743 -1509 -5029 -2426 -2768 1672 -1445 261 1620 -1049 -3103 3792 1835 911 2044 6051 1449 -977 2019 738 3636 -1119 4884 3489 2837 5907 3723 2893 3591 248 4998 1255 -6550 -1162 -131 2087 5003 1293 -336 1190 -1165 -1640
-97 777 -5102 -1979 2161 5689 1202 2994 -539 -5532 -1364 694 -5800 1155 -1421 3115 525 -4198 -2754 -3071 -1268 -3872 2743 -1509 -5029 -2426 -2768 1672 -1445 261 1620 -1049 -3103 3792 1835 911 2044 6051 1449 -977 2019 738 3636 -1119 4884 3489 2837 5907 3723 2893 3591 248 4998 1255 -6550 -1162 -131 2087 5003 1293 -336 1190 -1165 -1640
442 539 -6684 -2703 1262 4797 220 1395 -710 -4142 871 -132 -4767 2302 -1951 2562 1226 -4089 -1623 -2412 -2260 -3130 1136 -2307 -5456 -2973 -3082 429 -890 -808 1675 -656 -1472 2661 1428 -376 2236 5209 -151 -1397 1277 1278 4240 -1530 3603 2600 992 5331 3011 4349 2517 -502 3856 839 -5510 -2900 -540 1120 4921 257 635 591 -672 -841
1374 512 -5578 -1276 1040 4171 -1334 2619 -1448 -4317 1399 1604 -3296 238 -968 4541 -358 -4404 -2330 -1925 -1119 -4643 1390 -2513 -6118 -2642 -3154 -95 -433 -250 1797 -620 -2399 4037 2437 410 1473 5309 887 -1506 895 1227 4275 -391 4575 3452 2835 6262 4950 3399 3806 231 3382 2330 -6777 -1637 746 496 5571 1227 399 1337 -3458 -1868
-97 777 -5102 -1979 2161 5689 1202 2994 -539 -5532 -1364 694 -5800 1155 -1421 3115 525 -4198 -2754 -3071 -1268 -3872 2743 -1509 -5029 -2426 -2768 1672 -1445 261 1620 -1049 -3103 3792 1835 911 2044 6051 1449 -977 2019 738 3636 -1119 4884 3489 2837 5907 3723 2893 3591 248 4998 1255 -6550 -1162 -131 2087 5003 1293 -336 1190 -1165 -1640
-97 777 -5102 -1979 2161 5689 1202 2994 -539 -5532 -1364 694 -5800 1155 -1421 3115 525 -4198 -2754 -3071 -1268 -3872 2743 -1509 -5029 -2426 -2768 1672 -1445 261 1620 -1049 -3103 3792 1835 911 2044 6051 1449 -977 2019 738 3636 -1119 4884 3489 2837 5907 3723 2893 3591 248 4998 1255 -6550 -1162 -131 2087 5003 1293 -336 1190 -1165 -1640
-97 777 -5102 -1979 2161 5689 1202 2994 -539 -5532 -1364 694 -5800 1155 -1421 3115 525 -4198 -2754 -3071 -1268 -3872 2743 -1509 -5029 -2426 -2768 1672 -1445 261 1620 -1049 -3103 3792 1835 911 2044 6051 1449 -977 2019 738 3636 -1119 4884 3489 2837 5907 3723 2893 3591 248 4998 1255 -6550 -1162 -131 2087 5003 1293 -336 1190 -1165 -1640
-97 777 -5102 -1979 2161 5689 1202 2994 -539 -5532 -1364 694 -5800 1155 -1421 3115 525 -4198 -2754 -3071 -1268 -3872 2743 -1509 -5029 -2426 -2768 1672 -1445 261 1620 -1049 -3103 3792 1835 911 2044 6051 1449 -977 2019 738 3636 -1119 4884 3489 2837 5907 3723 2893 3591 248 4998 1255 -6550 -1162 -131 2087 5003 1293 -336 1190 -1165 -1640
-97 777 -5102 -1979 2161 5689 1202 2994 -539 -5532 -1364 694 -5800 1155 -1421 3115 525 -4198 -2754 -3071 -1268 -3872 2743 -1509 -5029 -2426 -2768 1672 -1445 261 1620 -1049 -3103 3792 1835 911 2044 6051 1449 -977 2019 738 3636 -1119 4884 3489 2837 5907 3723 2893 3591 248 4998 1255 -6550 -1162 -131 2087 5003 1293 -336 1190 -1165 -1640
-2014 -441 -4039 532 1677 3580 1014 6087 1390 -3743 -1807 -174 -3305 -89 668 4 -440 -1320 -4638 -3611 -1753 -3809 2644 1229 -2387 -1998 -1519 1330 -3500 768 3287 1774 -2691 2002 5201 -272 -571 3835 -815 -771 169 -1542 5105 -4066 6724 4916 -235 4544 3144 3216 2707 2118 4928 1577 -5130 222 -1184 2962 5526 1981 -360 -1637 -634 -2524
-5663 -1147 -2657 5570 625 3335 1606 5455 2538 -2947 -2858 -2243 -4162 -1282 -703 -3593 -563 2174 -4821 -2456 1156 2028 1938 1702 907 -2140 -1402 3963 -3884 503 185 3804 652 653 117 977 -731 5703 -549 -329 -1430 -4327 2816 -5176 5646 3667 -1691 2143 4066 -1208 -1094 659 4404 495 -1761 1009 -940 4660 -765 995 -16 1892 -1730 -783
-6084 -679 -1463 5123 -321 3853 3286 4381 2270 -2578 -7076 -1983 -3803 -1120 -3430 -2462 -962 1732 -3436 -1983 1758 2493 2171 1117 -30 -778 -1094 4789 -3143 1265 -2179 3396 702 91 756 2691 629 5662 -635 357 739 -2938 392 -5924 5639 3993 88 -151 2695 -2051 -1269 1022 4786 3480 -2575 1679 -3246 4701 -3104 1477 -1031 3624 -2347 2817
-5328 -613 -3891 3404 -2144 3400 769 318 2972 -3 -5439 -3434 -1213 735 -5125 -4104 -303 2143 -1351 -510 178 2966 614 1342 -715 333 -791 1861 -2890 1363 -909 4893 2522 -1046 -42 856 1775 4765 -2152 1107 630 -1819 1049 -8343 2470 3672 -1552 -2378 2314 202 -4114 -602 3729 3770 394 -916 -3669 2386 -4606 -104 -771 2069 -511 4494
-1450 2735 -3646 -592 -1928 2141 2724 -71 -1188 -1773 -297 338 -3825 731 -4046 1142 1077 -4394 -2058 889 620 -178 568 -273 -4943 -852 -4745 1395 -3147 648 1467 -321 -2452 -734 1017 1685 3530 6445 3379 -2958 3110 1257 -156 -2455 4752 3453 1638 6573 1235 -115 3688 1957 3678 3849 -4748 -135 -2565 455 800 3883 -1602 3814 -4229 -1464
-97 777 -5102 -1979 2161 5689 1202 2994 -539 -5532 -1364 694 -5800 1155 -1421 3115 525 -4198 -2754 -3071 -1268 -3872 2743 -1509 -5029 -2426 -2768 1672 -1445 261 1620 -1049 -3103 3792 1835 911 2044 6051 1449 -977 2019 738 3636 -1119 4884 3489 2837 5907 3723 2893 3591 248 4998 1255 -6550 -1162 -131 2087 5003 1293 -336 1190 -1165 -1640
-97 777 -5102 -1979 2161 5689 1202 2994 -539 -5532 -1364 694 -5800 1155 -1421 3115 525 -4198 -2754 -3071 -1268 -3872 2743 -1509 -5029 -2426 -2768 1672 -1445 261 1620 -1049 -3103 3792 1835 911 2044 6051 1449 -977 2019 738 3636 -1119 4884 3489 2837 5907 3723 2893 3591 248 4998 1255 -6550 -1162 -131 2087 5003 1293 -336 1190 -1165 -1640
-97 777 -5102 -1979 2161 5689 1202 2994 -539 -5532 -1364 694 -5800 1155 -1421 3115 525 -4198 -2754 -3071 -1268 -3872 2743 -1509 -5029 -2426 -2768 1672 -1445 261 1620 -1049 -3103 3792 1835 911 2044 6051 1449 -977 2019 738 3636 -1119 4884 3489 2837 5907 3723 2893 3591 248 4998 1255 -6550 -1162 -131 2087 5003 1293 -336 1190 -1165 -1640
-97 777 -5102 -1979 2161 5689 1202 2994 -539 -5532 -1364 694 -5800 1155 -1421 3115 525 -4198 -2754 -3071 -1268 -3872 2743 -1509 -5029 -2426 -2768 1672 -1445 261 1620 -1049 -3103 3792 1835 911 2044 6051 1449 -977 2019 738 3636 -1119 4884 3489 2837 5907 3723 2893 3591 248 4998 1255 -6550 -1162 -131 2087 5003 1293 -336 1190 -1165 -1640
-97 777 -5102 -1979 2161 5689 1202 2994 -539 -5532 -1364 694 -5800 1155 -1421 3115 525 -4198 -2754 -3071 -1268 -3872 2743 -1509 -5029 -2426 -2768 1672 -1445 261 1620 -1049 -3103 3792 1835 911 2044 6051 1449 -977 2019 738 3636 -1119 4884 3489 2837 5907 3723 2893 3591 248 4998 1255 -6550 -1162 -131 2087 5003 1293 -336 1190 -1165 -1640
-1049 -425 -5539 2276 3898 4771 1773 7629 1650 -1327 -2733 415 425 -2955 2410 629 -4388 3451 -1013 -4610 854 -6486 1686 -1310 -5609 -2606 292 -2093 -4319 2725 -1447 4922 -3902 2171 5952 1359 1194 1320 -3142 4068 -845 1712 5478 -5218 7330 2002 3800 1407 2842 1062 -1972 2735 4322 5868 -1700 2722 200 4154 2564 -2089 1889 -698 -1687 1715
-1053 688 -4346 -1250 1796 5095 1077 2779 59 -5138 -1065 94 -5877 986 -2100 2478 1178 -4177 -2554 -2952 -988 -2769 2869 -1119 -4627 -2138 -3306 1802 -1951 236 1618 -781 -2316 3264 1128 1751 1926 5854 2248 -1365 1942 -218 3397 -1440 4387 3699 2322 5826 3139 2447 3065 -114 4517 1065 -6311 -1500 -408 1527 4044 868 -144 1565 -826 -1658
-97 777 -5102 -1979 2161 5689 1202 2994 -539 -5532 -1364 694 -5800 1155 -1421 3115 525 -4198 -2754 -3071 -1268 -3872 2743 -1509 -5029 -2426 -2768 1672 -1445 261 1620 -1049 -3103 3792 1835 911 2044 6051 1449 -977 2019 738 3636 -1119 4884 3489 2837 5907 3723 2893 3591 248 4998 1255 -6550 -1162 -131 2087 5003 1293 -336 1190 -1165 -1640
-97 777 -5102 -1979 2161 5689 1202 2994 -539 -5532 -1364 694 -5800 1155 -1421 3115 525 -4198 -2754 -3071 -1268 -3872 2743 -1509 -5029 -2426 -2768 1672 -1445 261 1620 -1049 -3103 3792 1835 911 2044 6051 1449 -977 2019 738 3636 -1119 4884 3489 2837 5907 3723 2893 3591 248 4998 1255 -6550 -1162 -131 2087 5003 1293 -336 1190 -1165 -1640
-97 777 -5102 -1979 2161 5689 1202 2994 -539 -5532 -1364 694 -5800 1155 -1421 3115 525 -4198 -2754 -3071 -1268 -3872 2743 -1509 -5029 -2426 -2768 1672 -1445 261 1620 -1049 -3103 3792 1835 911 2044 6051 1449 -977 2019 738 3636 -1119 4884 3489 2837 5907 3723 2893 3591 248 4998 1255 -6550 -1162 -131 2087 5003 1293 -336 1190 -1165 -1640
-97 777 -5102 -1979 2161 5689 1202 2994 -539 -5532 -1364 694 -5800 1155 -1421 3115 525 -4198 -2754 -3071 -1268 -3872 2743 -1509 -5029 -2426 -2768 1672 -1445 261 1620 -1049 -3103 3792 1835 911 2044 6051 1449 -977 2019 738 3636 -1119 4884 3489 2837 5907 3723 2893 3591 248 4998 1255 -6550 -1162 -131 2087 5003 1293 -336 1190 -1165 -1640
1282 853 -7431 -2825 912 4412 -1095 -1211 1774 -1413 -857 -314 -1828 2810 -3221 1980 96 -3654 1178 -2339 -3091 -4553 1680 -1769 -5021 -304 -1411 -1484 -1340 830 49 1560 1114 3004 1416 273 3297 3150 -1267 595 1315 2885 3222 -3466 1151 1462 730 2526 4622 4700 -27 -889 2863 1756 -3552 -3891 -329 -12 2621 -292 1876 434 965 2210
-2346 2383 -2990 1847 -1850 2630 3571 244 -938 -3119 -953 -821 -5391 985 -3535 51 1159 -2240 -2206 2088 1707 1440 -78 546 -3385 -2032 -4493 3400 -2533 450 288 -14 -956 -916 -254 804 4097 8039 2929 -3397 1061 496 -920 -2831 5905 3357 811 5520 2280 -1426 3119 1648 4020 2380 -3787 2158 -1949 2234 -380 4420 -2296 5753 -4976 -395
-97 777 -5102 -1979 2161 5689 1202 2994 -539 -5532 -1364 694 -5800 1155 -1421 3115 525 -4198 -2754 -3071 -1268 -3872 2743 -1509 -5029 -2426 -2768 1672 -1445 261 1620 -1049 -3103 3792 1835 911 2044 6051 1449 -977 2019 738 3636 -1119 4884 3489 2837 5907 3723 2893 3591 248 4998 1255 -6550 -1162 -131 2087 5003 1293 -336 1190 -1165 -1640
-97 777 -5102 -1979 2161 5689 1202 2994 -539 -5532 -1364 694 -5800 1155 -1421 3115 525 -4198 -2754 -3071 -1268 -3872 2743 -1509 -5029 -2426 -2768 1672 -1445 261 1620 -1049 -3103 3792 1835 911 2044 6051 1449 -977 2019 738 3636 -1119 4884 3489 2837 5907 3723 2893 3591 248 4998 1255 -6550 -1162 -131 2087 5003 1293 -336 1190 -1165 -1640
-97 777 -5102 -1979 2161 5689 1202 2994 -539 -5532 -1364 694 -5800 1155 -1421 3115 525 -4198 -2754 -3071 -1268 -3872 2743 -1509 -5029 -2426 -2768 1672 -1445 261 1620 -1049 -3103 3792 1835 911 2044 6051 1449 -977 2019 738 3636 -1119 4884 3489 2837 5907 3723 2893 3591 248 4998 1255 -6550 -1162 -131 2087 5003 1293 -336 1190 -1165 -1640
-97 777 -5102 -1979 2161 5689 1202 2994 -539 -5532 -1364 694 -5800 1155 -1421 3115 525 -4198 -2754 -3071 -1268 -3872 2743 -1509 -5029 -2426 -2768 1672 -1445 261 1620 -1049 -3103 3792 1835 911 2044 6051 1449 -977 2019 738 3636 -1119 4884 3489 2837 5907 3723 2893 3591 248 4998 1255 -6550 -1162 -131 2087 5003 1293 -336 1190 -1165 -1640
507 447 -6151 -2678 1139 4789 257 1912 -358 -5024 -99 -57 -5050 1857 -2382 2751 1330 -4107 -2245 -2535 -1965 -3223 1998 -1797 -4839 -2489 -3272 622 -1193 37 2119 -885 -2116 2856 1076 -40 2254 5821 759 -722 1983 919 4405 -1263 3890 3275 1816 4849 3110 3739 2223 -145 4644 1426 -5928 -2217 -688 1206 4628 1069 -151 681 -839 -1354
-731 519 -5039 3327 951 4315 3274 6364 -1125 -3028 -665 -61 -871 -2485 1726 -102 -4198 3414 -2764 -146 2755 -3867 -209 -632 -5634 -3903 -1228 -1209 -2778 1025 -46 3342 -5842 1396 4176 -1283 2639 4276 -1575 1165 -1526 1981 3676 -4570 9414 3022 3697 2236 3178 -132 -691 4379 5707 5541 -804 5450 -88 4952 3023 1294 -1315 1372 -5770 556
-337 712 -4910 -1734 2064 5558 1079 2934 -308 -5431 -1116 534 -5876 1027 -1589 2842 726 -4160 -2665 -3110 -1231 -3543 2848 -1479 -4863 -2334 -2924 1595 -1682 266 1645 -913 -2865 3662 1479 1163 1941 5905 1804 -1096 1915 406 3646 -1161 4632 3438 2643 5960 3546 2680 3262 117 4886 1046 -6368 -1335 -137 1949 4728 1015 -176 1231 -963 -1816
-97 777 -5102 -1979 2161 5689 1202 2994 -539 -5532 -1364 694 -5800 1155 -1421 3115 525 -4198 -2754 -3071 -1268 -3872 2743 -1509 -5029 -2426 -2768 1672 -1445 261 1620 -1049 -3103 3792 1835 911 2044 6051 1449 -977 2019 738 3636 -1119 4884 3489 2837 5907 3723 2893 3591 248 4998 1255 -6550 -1162 -131 2087 5003 1293 -336 1190 -1165 -1640
-97 777 -5102 -1979 2161 5689 1202 2994 -539 -5532 -1364 694 -5800 1155 -1421 3115 525 -4198 -2754 -3071 -1268 -3872 2743 -1509 -5029 -2426 -2768 1672 -1445 261 1620 -1049 -3103 3792 1835 911 2044 6051 1449 -977 2019 738 3636 -1119 4884 3489 2837 5907 3723 2893 3591 248 4998 1255 -6550 -1162 -131 2087 5003 1293 -336 1190 -1165 -1640
-97 777 -5102 -1979 2161 5689 1202 2994 -539 -5532 -1364 694 -5800 1155 -1421 3115 525 -4198 -2754 -3071 -1268 -3872 2743 -1509 -5029 -2426 -2768 1672 -1445 261 1620 -1049 -3103 3792 1835 911 2044 6051 1449 -977 2019 738 3636 -1119 4884 3489 2837 5907 3723 2893 3591 248 4998 1255 -6550 -1162 -131 2087 5003 1293 -336 1190 -1165 -1640
-97 777 -5102 -1979 2161 5689 1202 2994 -539 -5532 -1364 694 -5800 1155 -1421 3115 525 -4198 -2754 -3071 -1268 -3872 2743 -1509 -5029 -2426 -2768 1672 -1445 261 1620 -1049 -3103 3792 1835 911 2044 6051 1449 -977 2019 738 3636 -1119 4884 3489 2837 5907 3723 2893 3591 248 4998 1255 -6550 -1162 -131 2087 5003 1293 -336 1190 -1165 -1640
-963 970 -5162 -223 987 4443 228 3305 3306 -2633 -5400 824 -1639 -1191 -1769 620 -350 -1912 -2112 -5103 -2114 -3820 4894 325 -1254 157 -1117 318 -3514 3224 815 2405 -1052 3008 3172 849 836 3118 -519 3255 2702 10 3960 -4043 3939 3731 1670 908 3584 1514 -402 791 4941 4136 -3767 -87 -667 2675 1509 1057 -123 -14 1357 205
-3857 1262 -1521 2758 -935 4449 4492 783 182 -3997 -2912 -2592 -7325 1349 -5048 -447 1922 -738 -1985 1355 1652 2634 1134 909 -2906 -1940 -3660 4901 -2265 115 -1224 -246 -262 -339 -1470 2024 4598 7659 2382 -3256 672 -731 -1159 -2956 6396 3606 1128 3851 1705 -2506 1630 220 4557 1705 -3815 2254 -1989 3490 -805 2353 -1931 5671 -3319 1245
-97 777 -5102 -1979 2161 5689 1202 2994 -539 -5532 -1364 694 -5800 1155 -1421 3115 525 -4198 -2754 -3071 -1268 -3872 2743 -1509 -5029 -2426 -2768 1672 -1445 261 1620 -1049 -3103 3792 1835 911 2044 6051 1449 -977 2019 738 3636 -1119 4884 3489 2837 5907 3723 2893 3591 248 4998 1255 -6550 -1162 -131 2087 5003 1293 -336 1190 -1165 -1640
-97 777 -5102 -1979 2161 5689 1202 2994 -539 -5532 -1364 694 -5800 1155 -1421 3115 525 -4198 -2754 -3071 -1268 -3872 2743 -1509 -5029 -2426 -2768 1672 -1445 261 1620 -1049 -3103 3792 1835 911 2044 6051 1449 -977 2019 738 3636 -1119 4884 3489 2837 5907 3723 2893 3591 248 4998 1255 -6550 -1162 -131 2087 5003 1293 -336 1190 -1165 -1640
-97 777 -5102 -1979 2161 5689 1202 2994 -539 -5532 -1364 694 -5800 1155 -1421 3115 525 -4198 -2754 -3071 -1268 -3872 2743 -1509 -5029 -2426 -2768 1672 -1445 261 1620 -1049 -3103 3792 1835 911 2044 6051 1449 -977 2019 738 3636 -1119 4884 3489 2837 5907 3723 2893 3591 248 4998 1255 -6550 -1162 -131 2087 5003 1293 -336 1190 -1165 -1640
