-1686 2966 -9127 -9 485 6647 3762 6122 -2120 -3306 -2595 -4752 -4897 -474 -3322 1685 -5099 -4415 -2021 -1707 30 -3378 1931 -742 -9242 521 -4884 -1760 -4818 288 554 6099 256 -114 2710 -83 5781 10581 457 -156 -2095 -901 3162 -10166 5095 873 2495 4050 4724 2297 -4347 2818 5319 9504 -4780 -581 -1991 2323 -281 -1177 397 1313 -2769 4548
589 816 -5622 -2514 2489 7591 103 4626 -2268 -8301 -2737 -74 -9028 1811 -1585 4922 -846 -7472 -5328 -6046 -4118 -5025 4143 -2732 -7987 -1161 -2523 2856 -1609 -85 2046 -2406 -3712 3376 1972 489 2777 8860 1754 -806 2024 1038 4427 -3513 3387 3313 3846 7448 5187 3401 2676 1102 5933 1655 -8223 -3743 56 2657 5650 1973 -772 -1660 -1780 -3318
589 816 -5622 -2514 2489 7591 103 4626 -2268 -8301 -2737 -74 -9028 1811 -1585 4922 -846 -7472 -5328 -6046 -4118 -5025 4143 -2732 -7987 -1161 -2523 2856 -1609 -85 2046 -2406 -3712 3376 1972 489 2777 8860 1754 -806 2024 1038 4427 -3513 3387 3313 3846 7448 5187 3401 2676 1102 5933 1655 -8223 -3743 56 2657 5650 1973 -772 -1660 -1780 -3318
589 816 -5622 -2514 2489 7591 103 4626 -2268 -8301 -2737 -74 -9028 1811 -1585 4922 -846 -7472 -5328 -6046 -4118 -5025 4143 -2732 -7987 -1161 -2523 2856 -1609 -85 2046 -2406 -3712 3376 1972 489 2777 8860 1754 -806 2024 1038 4427 -3513 3387 3313 3846 7448 5187 3401 2676 1102 5933 1655 -8223 -3743 56 2657 5650 1973 -772 -1660 -1780 -3318
589 816 -5622 -2514 2489 7591 103 4626 -2268 -8301 -2737 -74 -9028 1811 -1585 4922 -846 -7472 -5328 -6046 -4118 -5025 4143 -2732 -7987 -1161 -2523 2856 -1609 -85 2046 -2406 -3712 3376 1972 489 2777 8860 1754 -806 2024 1038 4427 -3513 3387 3313 3846 7448 5187 3401 2676 1102 5933 1655 -8223 -3743 56 2657 5650 1973 -772 -1660 -1780 -3318
589 816 -5622 -2514 2489 7591 103 4626 -2268 -8301 -2737 -74 -9028 1811 -1585 4922 -846 -7472 -5328 -6046 -4118 -5025 4143 -2732 -7987 -1161 -2523 2856 -1609 -85 2046 -2406 -3712 3376 1972 489 2777 8860 1754 -806 2024 1038 4427 -3513 3387 3313 3846 7448 5187 3401 2676 1102 5933 1655 -8223 -3743 56 2657 5650 1973 -772 -1660 -1780 -3318
589 816 -5622 -2514 2489 7591 103 4626 -2268 -8301 -2737 -74 -9028 1811 -1585 4922 -846 -7472 -5328 -6046 -4118 -5025 4143 -2732 -7987 -1161 -2523 2856 -1609 -85 2046 -2406 -3712 3376 1972 489 2777 8860 1754 -806 2024 1038 4427 -3513 3387 3313 3846 7448 5187 3401 2676 1102 5933 1655 -8223 -3743 56 2657 5650 1973 -772 -1660 -1780 -3318
589 816 -5622 -2514 2489 7591 103 4626 -2268 -8301 -2737 -74 -9028 1811 -1585 4922 -846 -7472 -5328 -6046 -4118 -5025 4143 -2732 -7987 -1161 -2523 2856 -1609 -85 2046 -2406 -3712 3376 1972 489 2777 8860 1754 -806 2024 1038 4427 -3513 3387 3313 3846 7448 5187 3401 2676 1102 5933 1655 -8223 -3743 56 2657 5650 1973 -772 -1660 -1780 -3318
589 816 -5622 -2514 2489 7591 103 4626 -2268 -8301 -2737 -74 -9028 1811 -1585 4922 -846 -7472 -5328 -6046 -4118 -5025 4143 -2732 -7987 -1161 -2523 2856 -1609 -85 2046 -2406 -3712 3376 1972 489 2777 8860 1754 -806 2024 1038 4427 -3513 3387 3313 3846 7448 5187 3401 2676 1102 5933 1655 -8223 -3743 56 2657 5650 1973 -772 -1660 -1780 -3318
1414 884 -7778 -3545 2132 7373 -319 2700 -2816 -6507 175 -833 -8018 4057 -1878 5600 786 -6786 -3525 -5296 -5927 -4342 2427 -3703 -8931 -1884 -3118 1712 -783 -490 2953 -1583 -1611 2149 1993 -1388 3589 8574 -78 -1362 1407 2142 6296 -4046 2117 3057 1923 7294 5099 6564 1982 257 5931 1569 -7055 -6086 1 1265 7060 665 1442 -2318 -479 -2102
2525 776 -6240 -1628 1605 5404 -3221 3865 -3048 -7093 1022 798 -5775 708 -440 7495 -1740 -7286 -4574 -4824 -4220 -6356 2543 -4250 -9617 -1708 -3380 418 -499 -388 2246 -1408 -3143 3666 2400 375 2072 7974 965 -1262 886 1555 5046 -2305 3020 3436 3295 8309 6406 4857 2899 971 4423 3326 -8939 -3576 1396 -249 6780 2135 773 -1280 -4740 -3182
589 816 -5622 -2514 2489 7591 103 4626 -2268 -8301 -2737 -74 -9028 1811 -1585 4922 -846 -7472 -5328 -6046 -4118 -5025 4143 -2732 -7987 -1161 -2523 2856 -1609 -85 2046 -2406 -3712 3376 1972 489 2777 8860 1754 -806 2024 1038 4427 -3513 3387 3313 3846 7448 5187 3401 2676 1102 5933 1655 -8223 -3743 56 2657 5650 1973 -772 -1660 -1780 -3318
589 816 -5622 -2514 2489 7591 103 4626 -2268 -8301 -2737 -74 -9028 1811 -1585 4922 -846 -7472 -5328 -6046 -4118 -5025 4143 -2732 -7987 -1161 -2523 2856 -1609 -85 2046 -2406 -3712 3376 1972 489 2777 8860 1754 -806 2024 1038 4427 -3513 3387 3313 3846 7448 5187 3401 2676 1102 5933 1655 -8223 -3743 56 2657 5650 1973 -772 -1660 -1780 -3318
589 816 -5622 -2514 2489 7591 103 4626 -2268 -8301 -2737 -74 -9028 1811 -1585 4922 -846 -7472 -5328 -6046 -4118 -5025 4143 -2732 -7987 -1161 -2523 2856 -1609 -85 2046 -2406 -3712 3376 1972 489 2777 8860 1754 -806 2024 1038 4427 -3513 3387 3313 3846 7448 5187 3401 2676 1102 5933 1655 -8223 -3743 56 2657 5650 1973 -772 -1660 -1780 -3318
589 816 -5622 -2514 2489 7591 103 4626 -2268 -8301 -2737 -74 -9028 1811 -1585 4922 -846 -7472 -5328 -6046 -4118 -5025 4143 -2732 -7987 -1161 -2523 2856 -1609 -85 2046 -2406 -3712 3376 1972 489 2777 8860 1754 -806 2024 1038 4427 -3513 3387 3313 3846 7448 5187 3401 2676 1102 5933 1655 -8223 -3743 56 2657 5650 1973 -772 -1660 -1780 -3318
589 816 -5622 -2514 2489 7591 103 4626 -2268 -8301 -2737 -74 -9028 1811 -1585 4922 -846 -7472 -5328 -6046 -4118 -5025 4143 -2732 -7987 -1161 -2523 2856 -1609 -85 2046 -2406 -3712 3376 1972 489 2777 8860 1754 -806 2024 1038 4427 -3513 3387 3313 3846 7448 5187 3401 2676 1102 5933 1655 -8223 -3743 56 2657 5650 1973 -772 -1660 -1780 -3318
-2144 311 -4932 1216 2489 4622 559 9741 5 -5388 -3794 -948 -5772 -69 807 970 -2602 -4329 -8312 -6601 -4436 -5284 3896 897 -4930 -179 -1340 2151 -3326 301 3664 1245 -4203 1255 6305 -969 -1808 6566 -698 -572 -865 -3079 5955 -6247 6780 5144 -573 5972 5449 4994 1140 2964 5799 2762 -7170 -1355 -2164 4132 5669 3555 -2253 -5557 -988 -4430
-7032 -1001 -3428 7816 262 4918 1703 9194 2059 -5699 -4029 -3271 -6036 -2574 -1156 -5341 -2948 1175 -7156 -5018 254 2956 3941 2847 1104 -729 -2476 6087 -5774 -895 793 6242 1534 276 359 314 -528 9093 -940 -1837 -3946 -6283 2689 -7576 5963 4719 -1121 2429 8240 -1099 -2378 927 6879 1000 -2281 -972 -1411 5947 -1458 1592 -1554 135 -3203 -2297
-6989 -476 -1614 6924 -1498 5005 2976 7335 1680 -4868 -9043 -3151 -5522 -2718 -5539 -4225 -3378 -280 -4756 -4095 1193 3855 3836 2010 -499 1105 -1508 7033 -3836 -527 -2530 4710 1779 -718 1603 2230 2297 8546 -895 -158 -1221 -4133 -486 -8679 6080 4065 1719 -825 5315 -3032 -2271 1369 6431 5413 -3339 -80 -4451 6735 -3965 1664 -2839 2649 -4522 3114
-6268 -561 -4656 5355 -3677 4661 1851 2239 2427 -663 -7000 -5341 -1277 1061 -8924 -6582 -2390 1581 -934 -634 -541 5151 1947 3418 -790 2446 -787 3175 -2804 791 271 7265 5361 -1968 409 -571 5052 8050 -2954 75 -1603 -2660 1582 -11834 3014 4033 -1386 -4302 5460 1573 -6178 -166 6146 6394 125 -3222 -4971 4241 -4947 35 -1140 1586 -1205 6163
-478 4372 -4454 -2003 -2767 3141 1771 -487 -2125 -4134 -1192 -1625 -6877 226 -6178 1696 -174 -8566 -4384 -1107 -1113 -496 2232 -485 -8025 954 -5263 2888 -3446 -107 2330 -516 -3029 -1250 647 1622 6589 10622 5024 -3845 3485 2695 -872 -5716 5840 3945 3387 9140 951 33 3605 3848 5428 6742 -7085 -2196 -2863 674 2147 5275 -2834 3317 -6684 -2250
589 816 -5622 -2514 2489 7591 103 4626 -2268 -8301 -2737 -74 -9028 1811 -1585 4922 -846 -7472 -5328 -6046 -4118 -5025 4143 -2732 -7987 -1161 -2523 2856 -1609 -85 2046 -2406 -3712 3376 1972 489 2777 8860 1754 -806 2024 1038 4427 -3513 3387 3313 3846 7448 5187 3401 2676 1102 5933 1655 -8223 -3743 56 2657 5650 1973 -772 -1660 -1780 -3318
589 816 -5622 -2514 2489 7591 103 4626 -2268 -8301 -2737 -74 -9028 1811 -1585 4922 -846 -7472 -5328 -6046 -4118 -5025 4143 -2732 -7987 -1161 -2523 2856 -1609 -85 2046 -2406 -3712 3376 1972 489 2777 8860 1754 -806 2024 1038 4427 -3513 3387 3313 3846 7448 5187 3401 2676 1102 5933 1655 -8223 -3743 56 2657 5650 1973 -772 -1660 -1780 -3318
589 816 -5622 -2514 2489 7591 103 4626 -2268 -8301 -2737 -74 -9028 1811 -1585 4922 -846 -7472 -5328 -6046 -4118 -5025 4143 -2732 -7987 -1161 -2523 2856 -1609 -85 2046 -2406 -3712 3376 1972 489 2777 8860 1754 -806 2024 1038 4427 -3513 3387 3313 3846 7448 5187 3401 2676 1102 5933 1655 -8223 -3743 56 2657 5650 1973 -772 -1660 -1780 -3318
589 816 -5622 -2514 2489 7591 103 4626 -2268 -8301 -2737 -74 -9028 1811 -1585 4922 -846 -7472 -5328 -6046 -4118 -5025 4143 -2732 -7987 -1161 -2523 2856 -1609 -85 2046 -2406 -3712 3376 1972 489 2777 8860 1754 -806 2024 1038 4427 -3513 3387 3313 3846 7448 5187 3401 2676 1102 5933 1655 -8223 -3743 56 2657 5650 1973 -772 -1660 -1780 -3318
589 816 -5622 -2514 2489 7591 103 4626 -2268 -8301 -2737 -74 -9028 1811 -1585 4922 -846 -7472 -5328 -6046 -4118 -5025 4143 -2732 -7987 -1161 -2523 2856 -1609 -85 2046 -2406 -3712 3376 1972 489 2777 8860 1754 -806 2024 1038 4427 -3513 3387 3313 3846 7448 5187 3401 2676 1102 5933 1655 -8223 -3743 56 2657 5650 1973 -772 -1660 -1780 -3318
-1599 466 -7559 3031 4036 5033 1226 11097 -810 -2929 -2798 171 280 -4896 2083 1256 -8537 1667 -2621 -5810 -158 -7931 1081 -2764 -9368 -1384 -420 -3610 -5043 1849 -2432 4729 -4173 1153 7912 1446 968 2239 -3523 4617 -1888 -103 5535 -6956 6518 -104 4423 1927 4252 930 -3981 2556 3895 6602 -3054 2090 -975 4882 1464 -1704 959 -4558 -2110 1420
-567 641 -4937 -1629 2303 7460 109 4723 -1441 -8117 -2582 -888 -9584 1685 -2630 4359 -6 -7885 -5238 -6275 -3747 -3918 4645 -2038 -7675 -673 -3280 3426 -2387 -205 2232 -1953 -2715 2997 1468 1374 2939 9445 2860 -1690 2036 133 4488 -4033 3158 4103 3876 7833 4930 3075 2398 595 5753 1828 -8261 -4715 -117 2028 4903 1619 -250 -990 -1495 -3502
589 816 -5622 -2514 2489 7591 103 4626 -2268 -8301 -2737 -74 -9028 1811 -1585 4922 -846 -7472 -5328 -6046 -4118 -5025 4143 -2732 -7987 -1161 -2523 2856 -1609 -85 2046 -2406 -3712 3376 1972 489 2777 8860 1754 -806 2024 1038 4427 -3513 3387 3313 3846 7448 5187 3401 2676 1102 5933 1655 -8223 -3743 56 2657 5650 1973 -772 -1660 -1780 -3318
589 816 -5622 -2514 2489 7591 103 4626 -2268 -8301 -2737 -74 -9028 1811 -1585 4922 -846 -7472 -5328 -6046 -4118 -5025 4143 -2732 -7987 -1161 -2523 2856 -1609 -85 2046 -2406 -3712 3376 1972 489 2777 8860 1754 -806 2024 1038 4427 -3513 3387 3313 3846 7448 5187 3401 2676 1102 5933 1655 -8223 -3743 56 2657 5650 1973 -772 -1660 -1780 -3318
589 816 -5622 -2514 2489 7591 103 4626 -2268 -8301 -2737 -74 -9028 1811 -1585 4922 -846 -7472 -5328 -6046 -4118 -5025 4143 -2732 -7987 -1161 -2523 2856 -1609 -85 2046 -2406 -3712 3376 1972 489 2777 8860 1754 -806 2024 1038 4427 -3513 3387 3313 3846 7448 5187 3401 2676 1102 5933 1655 -8223 -3743 56 2657 5650 1973 -772 -1660 -1780 -3318
589 816 -5622 -2514 2489 7591 103 4626 -2268 -8301 -2737 -74 -9028 1811 -1585 4922 -846 -7472 -5328 -6046 -4118 -5025 4143 -2732 -7987 -1161 -2523 2856 -1609 -85 2046 -2406 -3712 3376 1972 489 2777 8860 1754 -806 2024 1038 4427 -3513 3387 3313 3846 7448 5187 3401 2676 1102 5933 1655 -8223 -3743 56 2657 5650 1973 -772 -1660 -1780 -3318
1802 1511 -10271 -4504 1169 7684 -2028 -537 -120 -3589 -1726 -1287 -3706 4129 -5347 4535 -936 -6041 856 -4300 -7148 -6589 2378 -2477 -9177 1183 -1097 -1416 -1377 2376 1312 1503 2725 2961 3078 -1920 5477 6278 -1947 1370 887 4360 5325 -6790 -1425 211 419 3720 7995 8055 -1059 -1002 4477 2628 -5357 -7647 -40 623 4533 -849 4175 -2666 2244 2399
-1764 3273 -3997 466 -3178 3977 2878 -835 -2141 -6466 -1135 -3455 -8251 712 -5092 -919 -599 -5580 -4409 0 763 2046 1236 571 -4950 -632 -5231 5383 -3035 -1179 527 1264 -1200 -1318 -1751 -108 7852 12542 3629 -5003 328 1900 -2514 -6197 6843 3933 2487 7217 3368 -2197 2787 3347 5872 4162 -5458 -7 -1830 2527 489 5824 -4202 5136 -8066 -642
589 816 -5622 -2514 2489 7591 103 4626 -2268 -8301 -2737 -74 -9028 1811 -1585 4922 -846 -7472 -5328 -6046 -4118 -5025 4143 -2732 -7987 -1161 -2523 2856 -1609 -85 2046 -2406 -3712 3376 1972 489 2777 8860 1754 -806 2024 1038 4427 -3513 3387 3313 3846 7448 5187 3401 2676 1102 5933 1655 -8223 -3743 56 2657 5650 1973 -772 -1660 -1780 -3318
589 816 -5622 -2514 2489 7591 103 4626 -2268 -8301 -2737 -74 -9028 1811 -1585 4922 -846 -7472 -5328 -6046 -4118 -5025 4143 -2732 -7987 -1161 -2523 2856 -1609 -85 2046 -2406 -3712 3376 1972 489 2777 8860 1754 -806 2024 1038 4427 -3513 3387 3313 3846 7448 5187 3401 2676 1102 5933 1655 -8223 -3743 56 2657 5650 1973 -772 -1660 -1780 -3318
589 816 -5622 -2514 2489 7591 103 4626 -2268 -8301 -2737 -74 -9028 1811 -1585 4922 -846 -7472 -5328 -6046 -4118 -5025 4143 -2732 -7987 -1161 -2523 2856 -1609 -85 2046 -2406 -3712 3376 1972 489 2777 8860 1754 -806 2024 1038 4427 -3513 3387 3313 3846 7448 5187 3401 2676 1102 5933 1655 -8223 -3743 56 2657 5650 1973 -772 -1660 -1780 -3318
589 816 -5622 -2514 2489 7591 103 4626 -2268 -8301 -2737 -74 -9028 1811 -1585 4922 -846 -7472 -5328 -6046 -4118 -5025 4143 -2732 -7987 -1161 -2523 2856 -1609 -85 2046 -2406 -3712 3376 1972 489 2777 8860 1754 -806 2024 1038 4427 -3513 3387 3313 3846 7448 5187 3401 2676 1102 5933 1655 -8223 -3743 56 2657 5650 1973 -772 -1660 -1780 -3318
1524 587 -6968 -3537 1667 7218 -399 3533 -2202 -7642 -1322 -939 -8499 3378 -2664 5391 393 -7257 -4479 -5347 -5419 -4286 3345 -2930 -7975 -1369 -3363 1647 -1192 30 3426 -1986 -2408 2524 1331 -806 3573 9250 1236 -591 2129 1436 6278 -3894 2504 3738 3045 6424 4988 5296 1501 861 6315 2251 -7819 -5066 -208 1495 6169 1724 137 -2242 -718 -2812
-459 1504 -7046 3360 116 4899 2622 8042 -3755 -5662 -83 -1202 -1586 -3891 1929 35 -8647 1391 -4792 -1295 1836 -4550 -546 -2677 -8190 -3272 -1659 -2297 -3260 -518 -441 3638 -7206 493 4532 -1783 3569 5658 -2198 987 -2366 553 3503 -7044 9505 1776 4656 3487 3957 -421 -2938 5200 6315 6843 -2168 5264 -776 5313 2411 2144 -3827 -2357 -7131 504
291 715 -5498 -2218 2490 7685 71 4696 -1983 -8299 -2473 -230 -9270 1720 -1825 4718 -605 -7521 -5267 -6201 -4065 -4727 4383 -2645 -7844 -1031 -2777 2875 -1962 -77 2195 -2178 -3411 3322 1693 743 2748 8963 2226 -1098 1966 752 4581 -3585 3210 3437 3852 7729 5202 3253 2437 914 5991 1510 -8081 -4142 124 2483 5483 1685 -455 -1548 -1544 -3579
589 816 -5622 -2514 2489 7591 103 4626 -2268 -8301 -2737 -74 -9028 1811 -1585 4922 -846 -7472 -5328 -6046 -4118 -5025 4143 -2732 -7987 -1161 -2523 2856 -1609 -85 2046 -2406 -3712 3376 1972 489 2777 8860 1754 -806 2024 1038 4427 -3513 3387 3313 3846 7448 5187 3401 2676 1102 5933 1655 -8223 -3743 56 2657 5650 1973 -772 -1660 -1780 -3318
589 816 -5622 -2514 2489 7591 103 4626 -2268 -8301 -2737 -74 -9028 1811 -1585 4922 -846 -7472 -5328 -6046 -4118 -5025 4143 -2732 -7987 -1161 -2523 2856 -1609 -85 2046 -2406 -3712 3376 1972 489 2777 8860 1754 -806 2024 1038 4427 -3513 3387 3313 3846 7448 5187 3401 2676 1102 5933 1655 -8223 -3743 56 2657 5650 1973 -772 -1660 -1780 -3318
589 816 -5622 -2514 2489 7591 103 4626 -2268 -8301 -2737 -74 -9028 1811 -1585 4922 -846 -7472 -5328 -6046 -4118 -5025 4143 -2732 -7987 -1161 -2523 2856 -1609 -85 2046 -2406 -3712 3376 1972 489 2777 8860 1754 -806 2024 1038 4427 -3513 3387 3313 3846 7448 5187 3401 2676 1102 5933 1655 -8223 -3743 56 2657 5650 1973 -772 -1660 -1780 -3318
589 816 -5622 -2514 2489 7591 103 4626 -2268 -8301 -2737 -74 -9028 1811 -1585 4922 -846 -7472 -5328 -6046 -4118 -5025 4143 -2732 -7987 -1161 -2523 2856 -1609 -85 2046 -2406 -3712 3376 1972 489 2777 8860 1754 -806 2024 1038 4427 -3513 3387 3313 3846 7448 5187 3401 2676 1102 5933 1655 -8223 -3743 56 2657 5650 1973 -772 -1660 -1780 -3318
-1237 1688 -6413 -117 132 6837 -1057 8617 2253 -5289 -9644 -78 -4255 -2561 -3673 963 -3559 -6015 -5044 -7932 -5400 -5779 6728 485 -4060 2716 -1120 675 -4438 3342 1177 2215 -34 3319 5216 -541 1099 6069 -573 4977 1803 -703 5048 -7104 2887 2334 2082 509 7323 2054 -2118 1759 5225 6257 -6257 -2224 -1549 5389 560 1951 -1123 -4043 1539 -1288
-3556 1250 -2276 2223 -2192 6313 4180 272 -441 -7344 -3385 -4923 -10185 947 -6828 -1992 262 -3850 -3475 -975 772 4077 2895 1330 -3647 -379 -4239 7463 -2821 -2081 -1752 792 -26 -606 -2351 776 8453 11368 2797 -4856 -206 22 -2467 -6215 7041 4216 3339 4797 3286 -3993 787 921 6243 3174 -4101 -597 -1850 4213 103 2604 -3734 5140 -5892 1180
589 816 -5622 -2514 2489 7591 103 4626 -2268 -8301 -2737 -74 -9028 1811 -1585 4922 -846 -7472 -5328 -6046 -4118 -5025 4143 -2732 -7987 -1161 -2523 2856 -1609 -85 2046 -2406 -3712 3376 1972 489 2777 8860 1754 -806 2024 1038 4427 -3513 3387 3313 3846 7448 5187 3401 2676 1102 5933 1655 -8223 -3743 56 2657 5650 1973 -772 -1660 -1780 -3318
589 816 -5622 -2514 2489 7591 103 4626 -2268 -8301 -2737 -74 -9028 1811 -1585 4922 -846 -7472 -5328 -6046 -4118 -5025 4143 -2732 -7987 -1161 -2523 2856 -1609 -85 2046 -2406 -3712 3376 1972 489 2777 8860 1754 -806 2024 1038 4427 -3513 3387 3313 3846 7448 5187 3401 2676 1102 5933 1655 -8223 -3743 56 2657 5650 1973 -772 -1660 -1780 -3318
589 816 -5622 -2514 2489 7591 103 4626 -2268 -8301 -2737 -74 -9028 1811 -1585 4922 -846 -7472 -5328 -6046 -4118 -5025 4143 -2732 -7987 -1161 -2523 2856 -1609 -85 2046 -2406 -3712 3376 1972 489 2777 8860 1754 -806 2024 1038 4427 -3513 3387 3313 3846 7448 5187 3401 2676 1102 5933 1655 -8223 -3743 56 2657 5650 1973 -772 -1660 -1780 -3318
