0 0 0 0 0 0 0 0 0 0 0 0 0 0 0 0 0 0 0 0 0 0 0 0 0 0 0 0 0 0 0 0 0 0 0 0 0 0 0 0 0 0 0 0 0 0 0 0 0 0 0 0 0 0 0 0 0 0 0 0 0 0 0 0
2067 -1364 -164 -3518 2912 4845 -2955 1222 -1378 -8106 -1844 3583 -8124 2716 678 5120 2841 -6372 -5345 -6704 -5409 -4132 3926 -2962 -3395 -2124 754 5314 1800 -236 2316 -8007 -5661 4742 757 396 -432 4776 2221 -875 3997 2125 3078 1934 1067 3840 3194 6978 3123 2561 6901 -757 3567 -5162 -7228 -4567 1572 1736 7559 3433 -1302 -3343 -314 -7872
2067 -1364 -164 -3518 2912 4845 -2955 1222 -1378 -8106 -1844 3583 -8124 2716 678 5120 2841 -6372 -5345 -6704 -5409 -4132 3926 -2962 -3395 -2124 754 5314 1800 -236 2316 -8007 -5661 4742 757 396 -432 4776 2221 -875 3997 2125 3078 1934 1067 3840 3194 6978 3123 2561 6901 -757 3567 -5162 -7228 -4567 1572 1736 7559 3433 -1302 -3343 -314 -7872
2067 -1364 -164 -3518 2912 4845 -2955 1222 -1378 -8106 -1844 3583 -8124 2716 678 5120 2841 -6372 -5345 -6704 -5409 -4132 3926 -2962 -3395 -2124 754 5314 1800 -236 2316 -8007 -5661 4742 757 396 -432 4776 2221 -875 3997 2125 3078 1934 1067 3840 3194 6978 3123 2561 6901 -757 3567 -5162 -7228 -4567 1572 1736 7559 3433 -1302 -3343 -314 -7872
2067 -1364 -164 -3518 2912 4845 -2955 1222 -1378 -8106 -1844 3583 -8124 2716 678 5120 2841 -6372 -5345 -6704 -5409 -4132 3926 -2962 -3395 -2124 754 5314 1800 -236 2316 -8007 -5661 4742 757 396 -432 4776 2221 -875 3997 2125 3078 1934 1067 3840 3194 6978 3123 2561 6901 -757 3567 -5162 -7228 -4567 1572 1736 7559 3433 -1302 -3343 -314 -7872
2067 -1364 -164 -3518 2912 4845 -2955 1222 -1378 -8106 -1844 3583 -8124 2716 678 5120 2841 -6372 -5345 -6704 -5409 -4132 3926 -2962 -3395 -2124 754 5314 1800 -236 2316 -8007 -5661 4742 757 396 -432 4776 2221 -875 3997 2125 3078 1934 1067 3840 3194 6978 3123 2561 6901 -757 3567 -5162 -7228 -4567 1572 1736 7559 3433 -1302 -3343 -314 -7872
2067 -1364 -164 -3518 2912 4845 -2955 1222 -1378 -8106 -1844 3583 -8124 2716 678 5120 2841 -6372 -5345 -6704 -5409 -4132 3926 -2962 -3395 -2124 754 5314 1800 -236 2316 -8007 -5661 4742 757 396 -432 4776 2221 -875 3997 2125 3078 1934 1067 3840 3194 6978 3123 2561 6901 -757 3567 -5162 -7228 -4567 1572 1736 7559 3433 -1302 -3343 -314 -7872
2067 -1364 -164 -3518 2912 4845 -2955 1222 -1378 -8106 -1844 3583 -8124 2716 678 5120 2841 -6372 -5345 -6704 -5409 -4132 3926 -2962 -3395 -2124 754 5314 1800 -236 2316 -8007 -5661 4742 757 396 -432 4776 2221 -875 3997 2125 3078 1934 1067 3840 3194 6978 3123 2561 6901 -757 3567 -5162 -7228 -4567 1572 1736 7559 3433 -1302 -3343 -314 -7872
2067 -1364 -164 -3518 2912 4845 -2955 1222 -1378 -8106 -1844 3583 -8124 2716 678 5120 2841 -6372 -5345 -6704 -5409 -4132 3926 -2962 -3395 -2124 754 5314 1800 -236 2316 -8007 -5661 4742 757 396 -432 4776 2221 -875 3997 2125 3078 1934 1067 3840 3194 6978 3123 2561 6901 -757 3567 -5162 -7228 -4567 1572 1736 7559 3433 -1302 -3343 -314 -7872
3219 -1471 -2368 -4985 2343 4149 -3764 -1686 -1945 -5426 1996 2841 -6430 5572 533 5934 5297 -5195 -2803 -5568 -7763 -3039 1494 -4213 -3995 -3141 302 3890 3159 -830 3427 -7308 -3009 3163 579 -2072 447 4310 -44 -1526 3161 3686 5300 1125 -462 3466 612 6674 2710 6471 6218 -2101 3142 -5861 -5404 -7599 1626 -268 9371 1752 1587 -4304 1524 -6503
4556 -1418 -740 -2351 1713 1838 -7233 89 -2310 -6178 2999 4694 -3619 1248 2272 8298 1754 -5915 -4133 -4885 -5398 -5684 1691 -4843 -5149 -2831 -190 2131 3271 -694 2476 -6674 -4630 4947 1056 327 -1579 2945 1084 -1471 2537 2745 3811 3943 267 3863 2332 7730 4550 4333 7098 -1019 1479 -2979 -7868 -4269 3315 -2099 8833 3535 749 -2726 -4103 -7523
2067 -1364 -164 -3518 2912 4845 -2955 1222 -1378 -8106 -1844 3583 -8124 2716 678 5120 2841 -6372 -5345 -6704 -5409 -4132 3926 -2962 -3395 -2124 754 5314 1800 -236 2316 -8007 -5661 4742 757 396 -432 4776 2221 -875 3997 2125 3078 1934 1067 3840 3194 6978 3123 2561 6901 -757 3567 -5162 -7228 -4567 1572 1736 7559 3433 -1302 -3343 -314 -7872
2067 -1364 -164 -3518 2912 4845 -2955 1222 -1378 -8106 -1844 3583 -8124 2716 678 5120 2841 -6372 -5345 -6704 -5409 -4132 3926 -2962 -3395 -2124 754 5314 1800 -236 2316 -8007 -5661 4742 757 396 -432 4776 2221 -875 3997 2125 3078 1934 1067 3840 3194 6978 3123 2561 6901 -757 3567 -5162 -7228 -4567 1572 1736 7559 3433 -1302 -3343 -314 -7872
2067 -1364 -164 -3518 2912 4845 -2955 1222 -1378 -8106 -1844 3583 -8124 2716 678 5120 2841 -6372 -5345 -6704 -5409 -4132 3926 -2962 -3395 -2124 754 5314 1800 -236 2316 -8007 -5661 4742 757 396 -432 4776 2221 -875 3997 2125 3078 1934 1067 3840 3194 6978 3123 2561 6901 -757 3567 -5162 -7228 -4567 1572 1736 7559 3433 -1302 -3343 -314 -7872
2067 -1364 -164 -3518 2912 4845 -2955 1222 -1378 -8106 -1844 3583 -8124 2716 678 5120 2841 -6372 -5345 -6704 -5409 -4132 3926 -2962 -3395 -2124 754 5314 1800 -236 2316 -8007 -5661 4742 757 396 -432 4776 2221 -875 3997 2125 3078 1934 1067 3840 3194 6978 3123 2561 6901 -757 3567 -5162 -7228 -4567 1572 1736 7559 3433 -1302 -3343 -314 -7872
2067 -1364 -164 -3518 2912 4845 -2955 1222 -1378 -8106 -1844 3583 -8124 2716 678 5120 2841 -6372 -5345 -6704 -5409 -4132 3926 -2962 -3395 -2124 754 5314 1800 -236 2316 -8007 -5661 4742 757 396 -432 4776 2221 -875 3997 2125 3078 1934 1067 3840 3194 6978 3123 2561 6901 -757 3567 -5162 -7228 -4567 1572 1736 7559 3433 -1302 -3343 -314 -7872
-1738 -1715 523 1334 2813 1220 -1968 8291 1551 -4490 -3209 2279 -3579 261 3858 551 685 -2050 -9281 -7359 -5816 -4258 3540 1833 977 -715 2260 4225 -323 335 4435 -3376 -6001 1806 6160 -1377 -6895 579 -1158 -597 494 -3278 5152 -565 5091 6099 -2800 4667 3301 4470 5094 1432 3088 -3985 -5644 -1460 -1181 3574 7554 5504 -3149 -8466 766 -9367
-7891 -2983 2266 9705 -167 1585 -110 7453 4011 -5054 -2977 -668 -3427 -2742 1271 -6884 603 5198 -7293 -4914 369 6466 3312 4139 9145 -1327 985 8911 -3035 -1082 707 2581 1612 433 -1749 432 -5594 2216 -1708 -2117 -3286 -7157 396 -569 2666 5051 -3543 -500 6215 -3352 752 -1228 3940 -6780 1175 -725 -60 5493 -1643 3023 -2228 -1032 -1635 -6652
-8300 -2420 4360 9358 -2510 1821 1693 5618 3734 -4657 -9622 -668 -3264 -3168 -4948 -6027 -250 3329 -4768 -4061 1580 7953 3509 3226 7024 1149 1864 10532 -1070 -744 -3667 1161 2216 -899 -123 3071 -1947 1987 -1730 -74 129 -4778 -3405 -2397 3330 4555 137 -4620 3044 -5807 631 -538 4089 -780 -367 395 -4197 6958 -4998 3261 -4091 2451 -3572 300
-7149 -2641 792 7022 -5419 965 85 -1307 4826 904 -6645 -3257 2631 1610 -9255 -8802 1409 5835 445 705 -770 9671 818 4930 7170 2811 3017 5429 447 704 -156 4031 7011 -2582 -1996 -416 1267 580 -4337 261 -145 -2651 -596 -5883 -718 4319 -3887 -9181 2976 105 -4154 -2789 3317 25 4314 -3705 -4601 3423 -6110 1158 -1778 989 887 4044
-14 4382 162 -2417 -4462 -618 531 -4559 -1538 -4524 972 1192 -5123 824 -6358 2448 4461 -7598 -4165 17 -1608 2478 1285 107 -2589 802 -2670 5710 -212 -427 2630 -6372 -4834 -1502 -1491 2125 3936 5675 6585 -5085 6376 4516 -4547 704 3378 4682 2407 9003 -2983 -1953 8910 2499 2754 875 -5479 -2744 -2109 -1273 3161 8289 -4216 3554 -6810 -7146
2067 -1364 -164 -3518 2912 4845 -2955 1222 -1378 -8106 -1844 3583 -8124 2716 678 5120 2841 -6372 -5345 -6704 -5409 -4132 3926 -2962 -3395 -2124 754 5314 1800 -236 2316 -8007 -5661 4742 757 396 -432 4776 2221 -875 3997 2125 3078 1934 1067 3840 3194 6978 3123 2561 6901 -757 3567 -5162 -7228 -4567 1572 1736 7559 3433 -1302 -3343 -314 -7872
2067 -1364 -164 -3518 2912 4845 -2955 1222 -1378 -8106 -1844 3583 -8124 2716 678 5120 2841 -6372 -5345 -6704 -5409 -4132 3926 -2962 -3395 -2124 754 5314 1800 -236 2316 -8007 -5661 4742 757 396 -432 4776 2221 -875 3997 2125 3078 1934 1067 3840 3194 6978 3123 2561 6901 -757 3567 -5162 -7228 -4567 1572 1736 7559 3433 -1302 -3343 -314 -7872
2067 -1364 -164 -3518 2912 4845 -2955 1222 -1378 -8106 -1844 3583 -8124 2716 678 5120 2841 -6372 -5345 -6704 -5409 -4132 3926 -2962 -3395 -2124 754 5314 1800 -236 2316 -8007 -5661 4742 757 396 -432 4776 2221 -875 3997 2125 3078 1934 1067 3840 3194 6978 3123 2561 6901 -757 3567 -5162 -7228 -4567 1572 1736 7559 3433 -1302 -3343 -314 -7872
2067 -1364 -164 -3518 2912 4845 -2955 1222 -1378 -8106 -1844 3583 -8124 2716 678 5120 2841 -6372 -5345 -6704 -5409 -4132 3926 -2962 -3395 -2124 754 5314 1800 -236 2316 -8007 -5661 4742 757 396 -432 4776 2221 -875 3997 2125 3078 1934 1067 3840 3194 6978 3123 2561 6901 -757 3567 -5162 -7228 -4567 1572 1736 7559 3433 -1302 -3343 -314 -7872
2067 -1364 -164 -3518 2912 4845 -2955 1222 -1378 -8106 -1844 3583 -8124 2716 678 5120 2841 -6372 -5345 -6704 -5409 -4132 3926 -2962 -3395 -2124 754 5314 1800 -236 2316 -8007 -5661 4742 757 396 -432 4776 2221 -875 3997 2125 3078 1934 1067 3840 3194 6978 3123 2561 6901 -757 3567 -5162 -7228 -4567 1572 1736 7559 3433 -1302 -3343 -314 -7872
-492 -2199 -2428 4160 5512 1263 -1987 10096 790 -652 -1993 4525 4538 -6577 6158 -199 -7920 5950 -1980 -6869 -186 -8631 -113 -3362 -5607 -2528 3615 -3671 -3129 2517 -3789 1590 -5990 1654 9030 2146 -3598 -6293 -5545 6629 -686 554 5474 -739 4847 -919 4082 -809 2199 -686 -1993 1259 1091 1621 -418 3420 308 5080 2315 -1525 1153 -7620 -811 -1632
586 -1754 1222 -2428 2675 4459 -3146 1113 -196 -7845 -1564 2784 -8724 2624 -513 4487 4334 -6763 -5193 -7038 -5007 -2523 4563 -2032 -2492 -1550 71 6305 1097 -403 2583 -7915 -4579 4371 30 1533 -493 5261 3735 -2040 4110 985 2887 1680 468 4936 3157 7427 2531 2026 6912 -1605 3045 -5651 -7121 -5899 1480 785 6710 3110 -673 -2612 249 -8573
2067 -1364 -164 -3518 2912 4845 -2955 1222 -1378 -8106 -1844 3583 -8124 2716 678 5120 2841 -6372 -5345 -6704 -5409 -4132 3926 -2962 -3395 -2124 754 5314 1800 -236 2316 -8007 -5661 4742 757 396 -432 4776 2221 -875 3997 2125 3078 1934 1067 3840 3194 6978 3123 2561 6901 -757 3567 -5162 -7228 -4567 1572 1736 7559 3433 -1302 -3343 -314 -7872
2067 -1364 -164 -3518 2912 4845 -2955 1222 -1378 -8106 -1844 3583 -8124 2716 678 5120 2841 -6372 -5345 -6704 -5409 -4132 3926 -2962 -3395 -2124 754 5314 1800 -236 2316 -8007 -5661 4742 757 396 -432 4776 2221 -875 3997 2125 3078 1934 1067 3840 3194 6978 3123 2561 6901 -757 3567 -5162 -7228 -4567 1572 1736 7559 3433 -1302 -3343 -314 -7872
2067 -1364 -164 -3518 2912 4845 -2955 1222 -1378 -8106 -1844 3583 -8124 2716 678 5120 2841 -6372 -5345 -6704 -5409 -4132 3926 -2962 -3395 -2124 754 5314 1800 -236 2316 -8007 -5661 4742 757 396 -432 4776 2221 -875 3997 2125 3078 1934 1067 3840 3194 6978 3123 2561 6901 -757 3567 -5162 -7228 -4567 1572 1736 7559 3433 -1302 -3343 -314 -7872
2067 -1364 -164 -3518 2912 4845 -2955 1222 -1378 -8106 -1844 3583 -8124 2716 678 5120 2841 -6372 -5345 -6704 -5409 -4132 3926 -2962 -3395 -2124 754 5314 1800 -236 2316 -8007 -5661 4742 757 396 -432 4776 2221 -875 3997 2125 3078 1934 1067 3840 3194 6978 3123 2561 6901 -757 3567 -5162 -7228 -4567 1572 1736 7559 3433 -1302 -3343 -314 -7872
4213 -1235 -4427 -6497 1090 3725 -6888 -7032 1958 -899 -402 2928 -372 5704 -3674 4027 3576 -4027 3240 -4122 -9595 -5811 1200 -2672 -3504 770 3477 3 2743 2744 1158 -3917 2869 4276 1645 -2768 2410 182 -2531 2031 2957 6868 4161 -1507 -5442 -280 -1628 1668 6403 8397 2591 -4166 875 -5091 -2996 -9877 1809 -1295 6213 -155 5312 -4903 5300 -810
-1914 3182 121 1209 -4915 970 2367 -4346 -1684 -8046 1103 -1500 -7018 1497 -4818 -934 3624 -3493 -4197 1421 987 5730 -9 1452 1393 -1271 -2758 8727 205 -1761 220 -3638 -2158 -1577 -4563 -189 5575 8111 4417 -6455 1836 3238 -6639 82 4453 4467 1215 6185 385 -4748 7438 1902 3404 -2505 -3152 348 -726 1298 867 8818 -5980 5910 -8383 -4781
2067 -1364 -164 -3518 2912 4845 -2955 1222 -1378 -8106 -1844 3583 -8124 2716 678 5120 2841 -6372 -5345 -6704 -5409 -4132 3926 -2962 -3395 -2124 754 5314 1800 -236 2316 -8007 -5661 4742 757 396 -432 4776 2221 -875 3997 2125 3078 1934 1067 3840 3194 6978 3123 2561 6901 -757 3567 -5162 -7228 -4567 1572 1736 7559 3433 -1302 -3343 -314 -7872
2067 -1364 -164 -3518 2912 4845 -2955 1222 -1378 -8106 -1844 3583 -8124 2716 678 5120 2841 -6372 -5345 -6704 -5409 -4132 3926 -2962 -3395 -2124 754 5314 1800 -236 2316 -8007 -5661 4742 757 396 -432 4776 2221 -875 3997 2125 3078 1934 1067 3840 3194 6978 3123 2561 6901 -757 3567 -5162 -7228 -4567 1572 1736 7559 3433 -1302 -3343 -314 -7872
2067 -1364 -164 -3518 2912 4845 -2955 1222 -1378 -8106 -1844 3583 -8124 2716 678 5120 2841 -6372 -5345 -6704 -5409 -4132 3926 -2962 -3395 -2124 754 5314 1800 -236 2316 -8007 -5661 4742 757 396 -432 4776 2221 -875 3997 2125 3078 1934 1067 3840 3194 6978 3123 2561 6901 -757 3567 -5162 -7228 -4567 1572 1736 7559 3433 -1302 -3343 -314 -7872
2067 -1364 -164 -3518 2912 4845 -2955 1222 -1378 -8106 -1844 3583 -8124 2716 678 5120 2841 -6372 -5345 -6704 -5409 -4132 3926 -2962 -3395 -2124 754 5314 1800 -236 2316 -8007 -5661 4742 757 396 -432 4776 2221 -875 3997 2125 3078 1934 1067 3840 3194 6978 3123 2561 6901 -757 3567 -5162 -7228 -4567 1572 1736 7559 3433 -1302 -3343 -314 -7872
3386 -1845 -1500 -5046 1772 4124 -3860 -495 -1203 -7137 27 2674 -7273 4779 -583 5809 4790 -5939 -4165 -5776 -7238 -3040 2801 -3230 -2964 -2479 -93 3884 2625 -155 4108 -7870 -4111 3721 -260 -1345 466 5317 1681 -552 4196 2797 5423 1362 16 4459 2129 5650 2681 4933 5649 -1282 3805 -4860 -6612 -6426 1342 94 8323 3166 -82 -4269 1169 -7467
698 -91 -2902 5259 -227 1730 840 6900 -3911 -5869 2285 2260 1815 -5237 5817 -1387 -8532 5851 -5428 -505 2769 -3938 -2484 -3368 -4238 -5348 1748 -1969 -670 -908 -1042 137 -10651 668 4341 -2440 63 -1624 -3925 1542 -1545 1512 2666 -796 9383 1735 4725 1469 1824 -2580 -570 5292 4946 2167 950 8265 573 5928 3821 4132 -5970 -4550 -8311 -3095
1710 -1565 199 -3162 2915 4869 -3090 1198 -966 -8048 -1477 3486 -8375 2613 454 4855 3285 -6370 -5237 -6903 -5357 -3693 4220 -2842 -3024 -1984 544 5409 1453 -222 2520 -7874 -5340 4708 370 712 -566 4796 2852 -1253 3948 1767 3185 1990 735 4006 3166 7311 3049 2317 6706 -1061 3531 -5593 -6973 -5096 1707 1468 7370 3096 -901 -3254 59 -8355
2067 -1364 -164 -3518 2912 4845 -2955 1222 -1378 -8106 -1844 3583 -8124 2716 678 5120 2841 -6372 -5345 -6704 -5409 -4132 3926 -2962 -3395 -2124 754 5314 1800 -236 2316 -8007 -5661 4742 757 396 -432 4776 2221 -875 3997 2125 3078 1934 1067 3840 3194 6978 3123 2561 6901 -757 3567 -5162 -7228 -4567 1572 1736 7559 3433 -1302 -3343 -314 -7872
2067 -1364 -164 -3518 2912 4845 -2955 1222 -1378 -8106 -1844 3583 -8124 2716 678 5120 2841 -6372 -5345 -6704 -5409 -4132 3926 -2962 -3395 -2124 754 5314 1800 -236 2316 -8007 -5661 4742 757 396 -432 4776 2221 -875 3997 2125 3078 1934 1067 3840 3194 6978 3123 2561 6901 -757 3567 -5162 -7228 -4567 1572 1736 7559 3433 -1302 -3343 -314 -7872
2067 -1364 -164 -3518 2912 4845 -2955 1222 -1378 -8106 -1844 3583 -8124 2716 678 5120 2841 -6372 -5345 -6704 -5409 -4132 3926 -2962 -3395 -2124 754 5314 1800 -236 2316 -8007 -5661 4742 757 396 -432 4776 2221 -875 3997 2125 3078 1934 1067 3840 3194 6978 3123 2561 6901 -757 3567 -5162 -7228 -4567 1572 1736 7559 3433 -1302 -3343 -314 -7872
2067 -1364 -164 -3518 2912 4845 -2955 1222 -1378 -8106 -1844 3583 -8124 2716 678 5120 2841 -6372 -5345 -6704 -5409 -4132 3926 -2962 -3395 -2124 754 5314 1800 -236 2316 -8007 -5661 4742 757 396 -432 4776 2221 -875 3997 2125 3078 1934 1067 3840 3194 6978 3123 2561 6901 -757 3567 -5162 -7228 -4567 1572 1736 7559 3433 -1302 -3343 -314 -7872
157 -926 626 -608 -278 2933 -5865 5739 5507 -3526 -11746 4851 -1166 -3394 -1590 -644 -15 -4140 -5157 -9756 -7815 -4954 7682 1548 3443 3249 3536 2918 -1370 4551 1132 -3063 -508 4966 4803 -919 -4173 -1616 -1139 7231 4875 -14 4213 -382 -582 2626 384 -3295 6084 317 1409 -579 2000 206 -4704 -3041 -148 5639 825 3805 -1576 -7292 4495 -5769
-3957 143 2786 3309 -3406 3792 3547 -3202 681 -8345 -2058 -3203 -9467 1706 -6699 -2864 4404 -1352 -2969 17 1007 8012 2240 2332 2635 -885 -1610 11041 270 -2780 -2646 -3876 -635 -586 -4930 916 6535 7012 3261 -6049 984 674 -6261 -545 4947 4742 2416 3097 388 -6868 4438 -1054 3913 -3560 -1429 -308 -849 3549 344 4392 -5269 5679 -5314 -2234
2067 -1364 -164 -3518 2912 4845 -2955 1222 -1378 -8106 -1844 3583 -8124 2716 678 5120 2841 -6372 -5345 -6704 -5409 -4132 3926 -2962 -3395 -2124 754 5314 1800 -236 2316 -8007 -5661 4742 757 396 -432 4776 2221 -875 3997 2125 3078 1934 1067 3840 3194 6978 3123 2561 6901 -757 3567 -5162 -7228 -4567 1572 1736 7559 3433 -1302 -3343 -314 -7872
2067 -1364 -164 -3518 2912 4845 -2955 1222 -1378 -8106 -1844 3583 -8124 2716 678 5120 2841 -6372 -5345 -6704 -5409 -4132 3926 -2962 -3395 -2124 754 5314 1800 -236 2316 -8007 -5661 4742 757 396 -432 4776 2221 -875 3997 2125 3078 1934 1067 3840 3194 6978 3123 2561 6901 -757 3567 -5162 -7228 -4567 1572 1736 7559 3433 -1302 -3343 -314 -7872
2067 -1364 -164 -3518 2912 4845 -2955 1222 -1378 -8106 -1844 3583 -8124 2716 678 5120 2841 -6372 -5345 -6704 -5409 -4132 3926 -2962 -3395 -2124 754 5314 1800 -236 2316 -8007 -5661 4742 757 396 -432 4776 2221 -875 3997 2125 3078 1934 1067 3840 3194 6978 3123 2561 6901 -757 3567 -5162 -7228 -4567 1572 1736 7559 3433 -1302 -3343 -314 -7872
