84 81 81 81 81 81 81 81 81 80 81 81 81 81 81 81 83 84 86 85 84 81 81 81 81 81 86 81 81 81 81 81 80 84 81 81 81 81 80 88 81 81 81 81 81 85 84 81 81 81
111 71 71 71 71 71 71 71 71 54 70 71 71 71 71 71 81 120 149 114 138 71 71 71 71 71 109 72 71 71 71 71 43 147 71 71 71 71 63 172 71 71 71 71 71 100 144 71 71 71
111 71 71 71 71 71 71 71 71 54 70 71 71 71 71 71 81 120 149 114 138 71 71 71 71 71 109 72 71 71 71 71 43 147 71 71 71 71 63 172 71 71 71 71 71 100 144 71 71 71
111 71 71 71 71 71 71 71 71 54 70 71 71 71 71 71 81 120 149 114 138 71 71 71 71 71 109 72 71 71 71 71 43 147 71 71 71 71 63 172 71 71 71 71 71 100 144 71 71 71
111 71 71 71 71 71 71 71 71 54 70 71 71 71 71 71 81 120 149 114 138 71 71 71 71 71 109 72 71 71 71 71 43 147 71 71 71 71 63 172 71 71 71 71 71 100 144 71 71 71
111 71 71 71 71 71 71 71 71 54 70 71 71 71 71 71 81 120 149 114 138 71 71 71 71 71 109 72 71 71 71 71 43 147 71 71 71 71 63 172 71 71 71 71 71 100 144 71 71 71
111 71 71 71 71 71 71 71 71 54 70 71 71 71 71 71 81 120 149 114 138 71 71 71 71 71 109 72 71 71 71 71 43 147 71 71 71 71 63 172 71 71 71 71 71 100 144 71 71 71
111 71 71 71 71 71 71 71 71 54 70 71 71 71 71 71 81 120 149 114 138 71 71 71 71 71 109 72 71 71 71 71 43 147 71 71 71 71 63 172 71 71 71 71 71 100 144 71 71 71
111 71 71 71 71 71 71 71 71 54 70 71 71 71 71 71 81 120 149 114 138 71 71 71 71 71 109 72 71 71 71 71 43 147 71 71 71 71 63 172 71 71 71 71 71 100 144 71 71 71
125 67 67 67 67 67 67 67 67 53 63 67 67 67 67 67 81 137 188 165 124 67 67 67 67 67 124 66 67 67 67 67 50 147 67 67 67 67 60 187 66 67 67 67 67 108 156 67 67 67
99 75 75 75 75 75 75 75 75 60 69 75 75 75 75 75 89 120 144 106 112 75 75 75 75 75 94 78 75 75 75 75 45 117 75 75 75 75 68 124 75 75 75 75 75 101 126 75 75 75
111 71 71 71 71 71 71 71 71 54 70 71 71 71 71 71 81 120 149 114 138 71 71 71 71 71 109 72 71 71 71 71 43 147 71 71 71 71 63 172 71 71 71 71 71 100 144 71 71 71
111 71 71 71 71 71 71 71 71 54 70 71 71 71 71 71 81 120 149 114 138 71 71 71 71 71 109 72 71 71 71 71 43 147 71 71 71 71 63 172 71 71 71 71 71 100 144 71 71 71
111 71 71 71 71 71 71 71 71 54 70 71 71 71 71 71 81 120 149 114 138 71 71 71 71 71 109 72 71 71 71 71 43 147 71 71 71 71 63 172 71 71 71 71 71 100 144 71 71 71
111 71 71 71 71 71 71 71 71 54 70 71 71 71 71 71 81 120 149 114 138 71 71 71 71 71 109 72 71 71 71 71 43 147 71 71 71 71 63 172 71 71 71 71 71 100 144 71 71 71
111 71 71 71 71 71 71 71 71 54 70 71 71 71 71 71 81 120 149 114 138 71 71 71 71 71 109 72 71 71 71 71 43 147 71 71 71 71 63 172 71 71 71 71 71 100 144 71 71 71
112 75 75 75 75 75 75 75 75 64 81 75 75 75 75 75 88 101 113 100 111 75 75 75 75 75 120 76 75 75 75 75 65 105 75 75 75 75 70 126 75 75 75 75 75 107 100 75 75 75
79 82 82 82 82 82 82 82 82 74 91 82 82 82 82 82 61 62 67 63 140 82 82 82 82 82 59 84 82 82 82 82 74 128 82 82 82 82 79 75 82 82 82 82 82 66 105 82 82 82
67 84 84 84 84 84 84 84 84 83 89 84 84 84 84 84 63 60 57 58 101 84 84 84 84 84 59 83 84 84 84 84 87 101 84 84 84 84 86 74 85 84 84 84 84 70 89 84 84 84
72 82 82 82 82 82 82 82 82 100 76 82 82 82 82 82 68 78 69 92 55 82 82 82 82 82 75 78 82 82 82 82 143 70 82 82 82 82 89 66 82 82 82 82 82 83 80 82 82 82
94 76 76 76 76 76 76 76 76 62 79 76 76 76 76 76 64 98 113 101 136 76 76 76 76 76 68 79 76 76 76 76 55 143 76 76 76 76 72 111 77 76 76 76 76 89 143 76 76 76
111 71 71 71 71 71 71 71 71 54 70 71 71 71 71 71 81 120 149 114 138 71 71 71 71 71 109 72 71 71 71 71 43 147 71 71 71 71 63 172 71 71 71 71 71 100 144 71 71 71
111 71 71 71 71 71 71 71 71 54 70 71 71 71 71 71 81 120 149 114 138 71 71 71 71 71 109 72 71 71 71 71 43 147 71 71 71 71 63 172 71 71 71 71 71 100 144 71 71 71
111 71 71 71 71 71 71 71 71 54 70 71 71 71 71 71 81 120 149 114 138 71 71 71 71 71 109 72 71 71 71 71 43 147 71 71 71 71 63 172 71 71 71 71 71 100 144 71 71 71
111 71 71 71 71 71 71 71 71 54 70 71 71 71 71 71 81 120 149 114 138 71 71 71 71 71 109 72 71 71 71 71 43 147 71 71 71 71 63 172 71 71 71 71 71 100 144 71 71 71
111 71 71 71 71 71 71 71 71 54 70 71 71 71 71 71 81 120 149 114 138 71 71 71 71 71 109 72 71 71 71 71 43 147 71 71 71 71 63 172 71 71 71 71 71 100 144 71 71 71
74 86 86 86 86 86 86 86 86 83 96 86 86 86 86 86 103 58 48 41 71 86 86 86 86 86 107 87 86 86 86 86 77 50 86 86 86 86 85 70 87 86 86 86 86 86 41 86 86 86
108 70 70 70 70 70 70 70 70 50 69 70 70 70 70 70 74 116 150 110 159 70 70 70 70 70 102 71 70 70 70 70 39 171 70 70 70 70 61 181 70 70 70 70 70 98 160 70 70 70
111 71 71 71 71 71 71 71 71 54 70 71 71 71 71 71 81 120 149 114 138 71 71 71 71 71 109 72 71 71 71 71 43 147 71 71 71 71 63 172 71 71 71 71 71 100 144 71 71 71
111 71 71 71 71 71 71 71 71 54 70 71 71 71 71 71 81 120 149 114 138 71 71 71 71 71 109 72 71 71 71 71 43 147 71 71 71 71 63 172 71 71 71 71 71 100 144 71 71 71
111 71 71 71 71 71 71 71 71 54 70 71 71 71 71 71 81 120 149 114 138 71 71 71 71 71 109 72 71 71 71 71 43 147 71 71 71 71 63 172 71 71 71 71 71 100 144 71 71 71
111 71 71 71 71 71 71 71 71 54 70 71 71 71 71 71 81 120 149 114 138 71 71 71 71 71 109 72 71 71 71 71 43 147 71 71 71 71 63 172 71 71 71 71 71 100 144 71 71 71
106 70 70 70 70 70 70 70 70 62 55 70 70 70 70 70 95 157 177 152 67 70 70 70 70 70 150 68 70 70 70 70 59 90 70 70 70 70 65 166 70 70 70 70 70 129 116 70 70 70
87 77 77 77 77 77 77 77 77 68 83 77 77 77 77 77 54 79 96 97 159 77 77 77 77 77 49 80 77 77 77 77 62 166 77 77 77 77 76 90 78 77 77 77 77 68 155 77 77 77
111 71 71 71 71 71 71 71 71 54 70 71 71 71 71 71 81 120 149 114 138 71 71 71 71 71 109 72 71 71 71 71 43 147 71 71 71 71 63 172 71 71 71 71 71 100 144 71 71 71
111 71 71 71 71 71 71 71 71 54 70 71 71 71 71 71 81 120 149 114 138 71 71 71 71 71 109 72 71 71 71 71 43 147 71 71 71 71 63 172 71 71 71 71 71 100 144 71 71 71
111 71 71 71 71 71 71 71 71 54 70 71 71 71 71 71 81 120 149 114 138 71 71 71 71 71 109 72 71 71 71 71 43 147 71 71 71 71 63 172 71 71 71 71 71 100 144 71 71 71
111 71 71 71 71 71 71 71 71 54 70 71 71 71 71 71 81 120 149 114 138 71 71 71 71 71 109 72 71 71 71 71 43 147 71 71 71 71 63 172 71 71 71 71 71 100 144 71 71 71
120 68 68 68 68 68 68 68 68 53 63 68 68 68 68 68 81 140 181 151 121 68 68 68 68 68 121 68 68 68 68 68 48 145 68 68 68 68 61 185 67 68 68 68 68 108 155 68 68 68
81 86 86 86 86 86 86 86 86 102 104 86 86 86 86 86 90 53 45 55 75 86 86 86 86 86 74 87 86 86 86 86 109 54 86 86 86 86 94 50 86 86 86 86 86 66 46 86 86 86
111 70 70 70 70 70 70 70 70 52 70 70 70 70 70 70 79 118 149 112 146 70 70 70 70 70 107 72 70 70 70 70 42 155 70 70 70 70 63 176 71 70 70 70 70 99 148 70 70 70
111 71 71 71 71 71 71 71 71 54 70 71 71 71 71 71 81 120 149 114 138 71 71 71 71 71 109 72 71 71 71 71 43 147 71 71 71 71 63 172 71 71 71 71 71 100 144 71 71 71
111 71 71 71 71 71 71 71 71 54 70 71 71 71 71 71 81 120 149 114 138 71 71 71 71 71 109 72 71 71 71 71 43 147 71 71 71 71 63 172 71 71 71 71 71 100 144 71 71 71
111 71 71 71 71 71 71 71 71 54 70 71 71 71 71 71 81 120 149 114 138 71 71 71 71 71 109 72 71 71 71 71 43 147 71 71 71 71 63 172 71 71 71 71 71 100 144 71 71 71
111 71 71 71 71 71 71 71 71 54 70 71 71 71 71 71 81 120 149 114 138 71 71 71 71 71 109 72 71 71 71 71 43 147 71 71 71 71 63 172 71 71 71 71 71 100 144 71 71 71
83 79 79 79 79 79 79 79 79 71 71 79 79 79 79 79 102 122 94 72 58 79 79 79 79 79 132 80 79 79 79 79 59 65 79 79 79 79 76 119 81 79 79 79 79 115 76 79 79 79
93 75 75 75 75 75 75 75 75 67 83 75 75 75 75 75 53 74 93 102 178 75 75 75 75 75 58 73 75 75 75 75 67 194 75 75 75 75 73 123 74 75 75 75 75 64 164 75 75 75
111 71 71 71 71 71 71 71 71 54 70 71 71 71 71 71 81 120 149 114 138 71 71 71 71 71 109 72 71 71 71 71 43 147 71 71 71 71 63 172 71 71 71 71 71 100 144 71 71 71
111 71 71 71 71 71 71 71 71 54 70 71 71 71 71 71 81 120 149 114 138 71 71 71 71 71 109 72 71 71 71 71 43 147 71 71 71 71 63 172 71 71 71 71 71 100 144 71 71 71
111 71 71 71 71 71 71 71 71 54 70 71 71 71 71 71 81 120 149 114 138 71 71 71 71 71 109 72 71 71 71 71 43 147 71 71 71 71 63 172 71 71 71 71 71 100 144 71 71 71
