76 84 84 84 84 84 84 84 84 85 85 84 84 84 84 84 80 76 72 71 80 84 84 84 84 84 73 84 84 84 84 84 80 79 84 84 84 84 85 75 84 84 84 84 84 76 78 84 84 84
83 83 83 83 83 83 83 83 83 91 96 83 83 83 83 83 80 76 56 71 52 83 83 83 83 83 114 83 83 83 83 83 123 45 83 83 83 83 87 71 85 83 83 83 83 97 47 83 83 83
83 83 83 83 83 83 83 83 83 91 96 83 83 83 83 83 80 76 56 71 52 83 83 83 83 83 114 83 83 83 83 83 123 45 83 83 83 83 87 71 85 83 83 83 83 97 47 83 83 83
83 83 83 83 83 83 83 83 83 91 96 83 83 83 83 83 80 76 56 71 52 83 83 83 83 83 114 83 83 83 83 83 123 45 83 83 83 83 87 71 85 83 83 83 83 97 47 83 83 83
83 83 83 83 83 83 83 83 83 91 96 83 83 83 83 83 80 76 56 71 52 83 83 83 83 83 114 83 83 83 83 83 123 45 83 83 83 83 87 71 85 83 83 83 83 97 47 83 83 83
83 83 83 83 83 83 83 83 83 91 96 83 83 83 83 83 80 76 56 71 52 83 83 83 83 83 114 83 83 83 83 83 123 45 83 83 83 83 87 71 85 83 83 83 83 97 47 83 83 83
83 83 83 83 83 83 83 83 83 91 96 83 83 83 83 83 80 76 56 71 52 83 83 83 83 83 114 83 83 83 83 83 123 45 83 83 83 83 87 71 85 83 83 83 83 97 47 83 83 83
83 83 83 83 83 83 83 83 83 91 96 83 83 83 83 83 80 76 56 71 52 83 83 83 83 83 114 83 83 83 83 83 123 45 83 83 83 83 87 71 85 83 83 83 83 97 47 83 83 83
83 83 83 83 83 83 83 83 83 91 96 83 83 83 83 83 80 76 56 71 52 83 83 83 83 83 114 83 83 83 83 83 123 45 83 83 83 83 87 71 85 83 83 83 83 97 47 83 83 83
87 81 81 81 81 81 81 81 81 95 95 81 81 81 81 81 81 78 56 85 48 81 81 81 81 81 119 83 81 81 81 81 156 39 81 81 81 81 90 62 84 81 81 81 81 117 42 81 81 81
86 81 81 81 81 81 81 81 81 99 107 81 81 81 81 81 86 84 51 73 43 81 81 81 81 81 132 83 81 81 81 81 143 37 81 81 81 81 91 70 84 81 81 81 81 98 38 81 81 81
83 83 83 83 83 83 83 83 83 91 96 83 83 83 83 83 80 76 56 71 52 83 83 83 83 83 114 83 83 83 83 83 123 45 83 83 83 83 87 71 85 83 83 83 83 97 47 83 83 83
83 83 83 83 83 83 83 83 83 91 96 83 83 83 83 83 80 76 56 71 52 83 83 83 83 83 114 83 83 83 83 83 123 45 83 83 83 83 87 71 85 83 83 83 83 97 47 83 83 83
83 83 83 83 83 83 83 83 83 91 96 83 83 83 83 83 80 76 56 71 52 83 83 83 83 83 114 83 83 83 83 83 123 45 83 83 83 83 87 71 85 83 83 83 83 97 47 83 83 83
83 83 83 83 83 83 83 83 83 91 96 83 83 83 83 83 80 76 56 71 52 83 83 83 83 83 114 83 83 83 83 83 123 45 83 83 83 83 87 71 85 83 83 83 83 97 47 83 83 83
83 83 83 83 83 83 83 83 83 91 96 83 83 83 83 83 80 76 56 71 52 83 83 83 83 83 114 83 83 83 83 83 123 45 83 83 83 83 87 71 85 83 83 83 83 97 47 83 83 83
124 72 72 72 72 72 72 72 72 91 93 72 72 72 72 72 98 130 96 148 54 72 72 72 72 72 206 73 72 72 72 72 151 46 72 72 72 72 80 97 74 72 72 72 72 118 47 72 72 72
159 65 65 65 65 65 65 65 65 73 82 65 65 65 65 65 90 144 150 195 68 65 65 65 65 65 250 62 65 65 65 65 122 74 65 65 65 65 64 159 64 65 65 65 65 111 76 65 65 65
129 70 70 70 70 70 70 70 70 63 68 70 70 70 70 70 83 127 168 150 101 70 70 70 70 70 144 68 70 70 70 70 70 116 70 70 70 70 63 139 69 70 70 70 70 94 120 70 70 70
112 70 70 70 70 70 70 70 70 62 60 70 70 70 70 70 85 131 184 183 112 70 70 70 70 70 105 73 70 70 70 70 79 118 70 70 70 70 65 91 70 70 70 70 70 123 128 70 70 70
125 64 64 64 64 64 64 64 64 49 62 64 64 64 64 64 83 197 241 180 81 64 64 64 64 64 166 67 64 64 64 64 45 128 64 64 64 64 54 183 64 64 64 64 64 87 158 64 64 64
83 83 83 83 83 83 83 83 83 91 96 83 83 83 83 83 80 76 56 71 52 83 83 83 83 83 114 83 83 83 83 83 123 45 83 83 83 83 87 71 85 83 83 83 83 97 47 83 83 83
83 83 83 83 83 83 83 83 83 91 96 83 83 83 83 83 80 76 56 71 52 83 83 83 83 83 114 83 83 83 83 83 123 45 83 83 83 83 87 71 85 83 83 83 83 97 47 83 83 83
83 83 83 83 83 83 83 83 83 91 96 83 83 83 83 83 80 76 56 71 52 83 83 83 83 83 114 83 83 83 83 83 123 45 83 83 83 83 87 71 85 83 83 83 83 97 47 83 83 83
83 83 83 83 83 83 83 83 83 91 96 83 83 83 83 83 80 76 56 71 52 83 83 83 83 83 114 83 83 83 83 83 123 45 83 83 83 83 87 71 85 83 83 83 83 97 47 83 83 83
83 83 83 83 83 83 83 83 83 91 96 83 83 83 83 83 80 76 56 71 52 83 83 83 83 83 114 83 83 83 83 83 123 45 83 83 83 83 87 71 85 83 83 83 83 97 47 83 83 83
50 91 91 91 91 91 91 91 91 121 108 91 91 91 91 91 74 37 23 26 57 91 91 91 91 91 51 87 91 91 91 91 102 39 91 91 91 91 109 43 92 91 91 91 91 52 30 91 91 91
88 81 81 81 81 81 81 81 81 89 95 81 81 81 81 81 83 86 63 80 49 81 81 81 81 81 131 81 81 81 81 81 130 43 81 81 81 81 85 74 83 81 81 81 81 108 47 81 81 81
83 83 83 83 83 83 83 83 83 91 96 83 83 83 83 83 80 76 56 71 52 83 83 83 83 83 114 83 83 83 83 83 123 45 83 83 83 83 87 71 85 83 83 83 83 97 47 83 83 83
83 83 83 83 83 83 83 83 83 91 96 83 83 83 83 83 80 76 56 71 52 83 83 83 83 83 114 83 83 83 83 83 123 45 83 83 83 83 87 71 85 83 83 83 83 97 47 83 83 83
83 83 83 83 83 83 83 83 83 91 96 83 83 83 83 83 80 76 56 71 52 83 83 83 83 83 114 83 83 83 83 83 123 45 83 83 83 83 87 71 85 83 83 83 83 97 47 83 83 83
83 83 83 83 83 83 83 83 83 91 96 83 83 83 83 83 80 76 56 71 52 83 83 83 83 83 114 83 83 83 83 83 123 45 83 83 83 83 87 71 85 83 83 83 83 97 47 83 83 83
53 87 87 87 87 87 87 87 87 109 97 87 87 87 87 87 73 47 30 47 46 87 87 87 87 87 57 93 87 87 87 87 173 29 87 87 87 87 105 27 92 87 87 87 87 112 29 87 87 87
143 59 59 59 59 59 59 59 59 42 56 59 59 59 59 59 73 174 276 195 91 59 59 59 59 59 188 57 59 59 59 59 39 161 59 59 59 59 46 265 57 59 59 59 59 77 197 59 59 59
83 83 83 83 83 83 83 83 83 91 96 83 83 83 83 83 80 76 56 71 52 83 83 83 83 83 114 83 83 83 83 83 123 45 83 83 83 83 87 71 85 83 83 83 83 97 47 83 83 83
83 83 83 83 83 83 83 83 83 91 96 83 83 83 83 83 80 76 56 71 52 83 83 83 83 83 114 83 83 83 83 83 123 45 83 83 83 83 87 71 85 83 83 83 83 97 47 83 83 83
83 83 83 83 83 83 83 83 83 91 96 83 83 83 83 83 80 76 56 71 52 83 83 83 83 83 114 83 83 83 83 83 123 45 83 83 83 83 87 71 85 83 83 83 83 97 47 83 83 83
83 83 83 83 83 83 83 83 83 91 96 83 83 83 83 83 80 76 56 71 52 83 83 83 83 83 114 83 83 83 83 83 123 45 83 83 83 83 87 71 85 83 83 83 83 97 47 83 83 83
87 81 81 81 81 81 81 81 81 92 93 81 81 81 81 81 81 79 58 84 50 81 81 81 81 81 119 83 81 81 81 81 150 40 81 81 81 81 88 62 84 81 81 81 81 118 44 81 81 81
93 81 81 81 81 81 81 81 81 81 86 81 81 81 81 81 79 72 75 65 91 81 81 81 81 81 101 74 81 81 81 81 58 101 81 81 81 81 79 147 78 81 81 81 81 51 90 81 81 81
84 83 83 83 83 83 83 83 83 92 97 83 83 83 83 83 81 77 56 72 50 83 83 83 83 83 119 82 83 83 83 83 129 43 83 83 83 83 87 72 84 83 83 83 83 100 45 83 83 83
83 83 83 83 83 83 83 83 83 91 96 83 83 83 83 83 80 76 56 71 52 83 83 83 83 83 114 83 83 83 83 83 123 45 83 83 83 83 87 71 85 83 83 83 83 97 47 83 83 83
83 83 83 83 83 83 83 83 83 91 96 83 83 83 83 83 80 76 56 71 52 83 83 83 83 83 114 83 83 83 83 83 123 45 83 83 83 83 87 71 85 83 83 83 83 97 47 83 83 83
83 83 83 83 83 83 83 83 83 91 96 83 83 83 83 83 80 76 56 71 52 83 83 83 83 83 114 83 83 83 83 83 123 45 83 83 83 83 87 71 85 83 83 83 83 97 47 83 83 83
83 83 83 83 83 83 83 83 83 91 96 83 83 83 83 83 80 76 56 71 52 83 83 83 83 83 114 83 83 83 83 83 123 45 83 83 83 83 87 71 85 83 83 83 83 97 47 83 83 83
65 85 85 85 85 85 85 85 85 111 100 85 85 85 85 85 82 62 37 53 56 85 85 85 85 85 70 91 85 85 85 85 161 34 85 85 85 85 101 32 91 85 85 85 85 99 30 85 85 85
134 66 66 66 66 66 66 66 66 49 61 66 66 66 66 66 72 127 204 153 93 66 66 66 66 66 171 61 66 66 66 66 50 142 66 66 66 66 53 224 63 66 66 66 66 84 165 66 66 66
83 83 83 83 83 83 83 83 83 91 96 83 83 83 83 83 80 76 56 71 52 83 83 83 83 83 114 83 83 83 83 83 123 45 83 83 83 83 87 71 85 83 83 83 83 97 47 83 83 83
83 83 83 83 83 83 83 83 83 91 96 83 83 83 83 83 80 76 56 71 52 83 83 83 83 83 114 83 83 83 83 83 123 45 83 83 83 83 87 71 85 83 83 83 83 97 47 83 83 83
83 83 83 83 83 83 83 83 83 91 96 83 83 83 83 83 80 76 56 71 52 83 83 83 83 83 114 83 83 83 83 83 123 45 83 83 83 83 87 71 85 83 83 83 83 97 47 83 83 83
