84 82 82 82 82 82 82 82 82 81 83 82 82 82 82 82 83 80 79 80 84 82 82 82 82 82 84 82 82 82 82 82 82 80 82 82 82 82 82 81 82 82 82 82 82 85 78 82 82 82
81 82 82 82 82 82 82 82 82 73 85 82 82 82 82 82 84 95 86 69 78 82 82 82 82 82 95 85 82 82 82 82 67 84 82 82 82 82 74 95 84 82 82 82 82 74 87 82 82 82
81 82 82 82 82 82 82 82 82 73 85 82 82 82 82 82 84 95 86 69 78 82 82 82 82 82 95 85 82 82 82 82 67 84 82 82 82 82 74 95 84 82 82 82 82 74 87 82 82 82
81 82 82 82 82 82 82 82 82 73 85 82 82 82 82 82 84 95 86 69 78 82 82 82 82 82 95 85 82 82 82 82 67 84 82 82 82 82 74 95 84 82 82 82 82 74 87 82 82 82
81 82 82 82 82 82 82 82 82 73 85 82 82 82 82 82 84 95 86 69 78 82 82 82 82 82 95 85 82 82 82 82 67 84 82 82 82 82 74 95 84 82 82 82 82 74 87 82 82 82
81 82 82 82 82 82 82 82 82 73 85 82 82 82 82 82 84 95 86 69 78 82 82 82 82 82 95 85 82 82 82 82 67 84 82 82 82 82 74 95 84 82 82 82 82 74 87 82 82 82
81 82 82 82 82 82 82 82 82 73 85 82 82 82 82 82 84 95 86 69 78 82 82 82 82 82 95 85 82 82 82 82 67 84 82 82 82 82 74 95 84 82 82 82 82 74 87 82 82 82
81 82 82 82 82 82 82 82 82 73 85 82 82 82 82 82 84 95 86 69 78 82 82 82 82 82 95 85 82 82 82 82 67 84 82 82 82 82 74 95 84 82 82 82 82 74 87 82 82 82
81 82 82 82 82 82 82 82 82 73 85 82 82 82 82 82 84 95 86 69 78 82 82 82 82 82 95 85 82 82 82 82 67 84 82 82 82 82 74 95 84 82 82 82 82 74 87 82 82 82
90 81 81 81 81 81 81 81 81 70 81 81 81 81 81 81 82 92 83 68 91 81 81 81 81 81 93 86 81 81 81 81 64 94 81 81 81 81 72 95 84 81 81 81 81 68 96 81 81 81
82 81 81 81 81 81 81 81 81 75 81 81 81 81 81 81 94 98 97 83 76 81 81 81 81 81 83 85 81 81 81 81 70 82 81 81 81 81 74 85 82 81 81 81 81 76 90 81 81 81
81 82 82 82 82 82 82 82 82 73 85 82 82 82 82 82 84 95 86 69 78 82 82 82 82 82 95 85 82 82 82 82 67 84 82 82 82 82 74 95 84 82 82 82 82 74 87 82 82 82
81 82 82 82 82 82 82 82 82 73 85 82 82 82 82 82 84 95 86 69 78 82 82 82 82 82 95 85 82 82 82 82 67 84 82 82 82 82 74 95 84 82 82 82 82 74 87 82 82 82
81 82 82 82 82 82 82 82 82 73 85 82 82 82 82 82 84 95 86 69 78 82 82 82 82 82 95 85 82 82 82 82 67 84 82 82 82 82 74 95 84 82 82 82 82 74 87 82 82 82
81 82 82 82 82 82 82 82 82 73 85 82 82 82 82 82 84 95 86 69 78 82 82 82 82 82 95 85 82 82 82 82 67 84 82 82 82 82 74 95 84 82 82 82 82 74 87 82 82 82
81 82 82 82 82 82 82 82 82 73 85 82 82 82 82 82 84 95 86 69 78 82 82 82 82 82 95 85 82 82 82 82 67 84 82 82 82 82 74 95 84 82 82 82 82 74 87 82 82 82
84 80 80 80 80 80 80 80 80 75 80 80 80 80 80 80 81 109 94 79 82 80 80 80 80 80 84 83 80 80 80 80 68 103 80 80 80 80 74 98 82 80 80 80 80 65 105 80 80 80
74 81 81 81 81 81 81 81 81 85 85 81 81 81 81 81 65 87 80 78 72 81 81 81 81 81 92 77 81 81 81 81 82 90 81 81 81 81 84 114 81 81 81 81 81 76 87 81 81 81
73 82 82 82 82 82 82 82 82 94 83 82 82 82 82 82 70 80 80 93 67 82 82 82 82 82 85 75 82 82 82 82 103 76 82 82 82 82 89 93 80 82 82 82 82 90 76 82 82 82
88 80 80 80 80 80 80 80 80 87 73 80 80 80 80 80 66 78 80 106 82 80 80 80 80 80 82 75 80 80 80 80 106 89 80 80 80 80 87 87 79 80 80 80 80 90 90 80 80 80
90 79 79 79 79 79 79 79 79 90 72 79 79 79 79 79 87 94 104 131 66 79 79 79 79 79 81 80 79 79 79 79 118 71 79 79 79 79 80 63 79 79 79 79 79 100 84 79 79 79
81 82 82 82 82 82 82 82 82 73 85 82 82 82 82 82 84 95 86 69 78 82 82 82 82 82 95 85 82 82 82 82 67 84 82 82 82 82 74 95 84 82 82 82 82 74 87 82 82 82
81 82 82 82 82 82 82 82 82 73 85 82 82 82 82 82 84 95 86 69 78 82 82 82 82 82 95 85 82 82 82 82 67 84 82 82 82 82 74 95 84 82 82 82 82 74 87 82 82 82
81 82 82 82 82 82 82 82 82 73 85 82 82 82 82 82 84 95 86 69 78 82 82 82 82 82 95 85 82 82 82 82 67 84 82 82 82 82 74 95 84 82 82 82 82 74 87 82 82 82
81 82 82 82 82 82 82 82 82 73 85 82 82 82 82 82 84 95 86 69 78 82 82 82 82 82 95 85 82 82 82 82 67 84 82 82 82 82 74 95 84 82 82 82 82 74 87 82 82 82
81 82 82 82 82 82 82 82 82 73 85 82 82 82 82 82 84 95 86 69 78 82 82 82 82 82 95 85 82 82 82 82 67 84 82 82 82 82 74 95 84 82 82 82 82 74 87 82 82 82
81 81 81 81 81 81 81 81 81 77 82 81 81 81 81 81 99 89 94 79 91 81 81 81 81 81 75 84 81 81 81 81 64 88 81 81 81 81 77 84 81 81 81 81 81 78 86 81 81 81
77 82 82 82 82 82 82 82 82 73 87 82 82 82 82 82 77 91 83 64 77 82 82 82 82 82 96 85 82 82 82 82 67 85 82 82 82 82 74 98 84 82 82 82 82 73 86 82 82 82
81 82 82 82 82 82 82 82 82 73 85 82 82 82 82 82 84 95 86 69 78 82 82 82 82 82 95 85 82 82 82 82 67 84 82 82 82 82 74 95 84 82 82 82 82 74 87 82 82 82
81 82 82 82 82 82 82 82 82 73 85 82 82 82 82 82 84 95 86 69 78 82 82 82 82 82 95 85 82 82 82 82 67 84 82 82 82 82 74 95 84 82 82 82 82 74 87 82 82 82
81 82 82 82 82 82 82 82 82 73 85 82 82 82 82 82 84 95 86 69 78 82 82 82 82 82 95 85 82 82 82 82 67 84 82 82 82 82 74 95 84 82 82 82 82 74 87 82 82 82
81 82 82 82 82 82 82 82 82 73 85 82 82 82 82 82 84 95 86 69 78 82 82 82 82 82 95 85 82 82 82 82 67 84 82 82 82 82 74 95 84 82 82 82 82 74 87 82 82 82
100 80 80 80 80 80 80 80 80 70 70 80 80 80 80 80 76 91 86 86 98 80 80 80 80 80 84 83 80 80 80 80 71 107 80 80 80 80 73 97 82 80 80 80 80 65 116 80 80 80
84 80 80 80 80 80 80 80 80 97 73 80 80 80 80 80 83 89 92 124 59 80 80 80 80 80 84 77 80 80 80 80 127 65 80 80 80 80 85 68 79 80 80 80 80 102 77 80 80 80
81 82 82 82 82 82 82 82 82 73 85 82 82 82 82 82 84 95 86 69 78 82 82 82 82 82 95 85 82 82 82 82 67 84 82 82 82 82 74 95 84 82 82 82 82 74 87 82 82 82
81 82 82 82 82 82 82 82 82 73 85 82 82 82 82 82 84 95 86 69 78 82 82 82 82 82 95 85 82 82 82 82 67 84 82 82 82 82 74 95 84 82 82 82 82 74 87 82 82 82
81 82 82 82 82 82 82 82 82 73 85 82 82 82 82 82 84 95 86 69 78 82 82 82 82 82 95 85 82 82 82 82 67 84 82 82 82 82 74 95 84 82 82 82 82 74 87 82 82 82
81 82 82 82 82 82 82 82 82 73 85 82 82 82 82 82 84 95 86 69 78 82 82 82 82 82 95 85 82 82 82 82 67 84 82 82 82 82 74 95 84 82 82 82 82 74 87 82 82 82
88 81 81 81 81 81 81 81 81 69 83 81 81 81 81 81 85 100 90 70 85 81 81 81 81 81 97 85 81 81 81 81 63 91 81 81 81 81 71 98 83 81 81 81 81 73 94 81 81 81
85 80 80 80 80 80 80 80 80 88 77 80 80 80 80 80 120 96 98 102 72 80 80 80 80 80 78 83 80 80 80 80 86 66 80 80 80 80 80 65 80 80 80 80 80 100 70 80 80 80
80 82 82 82 82 82 82 82 82 73 86 82 82 82 82 82 82 94 85 66 78 82 82 82 82 82 96 85 82 82 82 82 66 85 82 82 82 82 74 97 84 82 82 82 82 73 87 82 82 82
81 82 82 82 82 82 82 82 82 73 85 82 82 82 82 82 84 95 86 69 78 82 82 82 82 82 95 85 82 82 82 82 67 84 82 82 82 82 74 95 84 82 82 82 82 74 87 82 82 82
81 82 82 82 82 82 82 82 82 73 85 82 82 82 82 82 84 95 86 69 78 82 82 82 82 82 95 85 82 82 82 82 67 84 82 82 82 82 74 95 84 82 82 82 82 74 87 82 82 82
81 82 82 82 82 82 82 82 82 73 85 82 82 82 82 82 84 95 86 69 78 82 82 82 82 82 95 85 82 82 82 82 67 84 82 82 82 82 74 95 84 82 82 82 82 74 87 82 82 82
81 82 82 82 82 82 82 82 82 73 85 82 82 82 82 82 84 95 86 69 78 82 82 82 82 82 95 85 82 82 82 82 67 84 82 82 82 82 74 95 84 82 82 82 82 74 87 82 82 82
96 76 76 76 76 76 76 76 76 69 77 76 76 76 76 76 80 125 118 107 89 76 76 76 76 76 89 78 76 76 76 76 63 120 76 76 76 76 71 129 77 76 76 76 76 70 123 76 76 76
77 82 82 82 82 82 82 82 82 94 81 82 82 82 82 82 71 75 75 92 63 82 82 82 82 82 93 78 82 82 82 82 117 65 82 82 82 82 87 78 81 82 82 82 82 99 69 82 82 82
81 82 82 82 82 82 82 82 82 73 85 82 82 82 82 82 84 95 86 69 78 82 82 82 82 82 95 85 82 82 82 82 67 84 82 82 82 82 74 95 84 82 82 82 82 74 87 82 82 82
81 82 82 82 82 82 82 82 82 73 85 82 82 82 82 82 84 95 86 69 78 82 82 82 82 82 95 85 82 82 82 82 67 84 82 82 82 82 74 95 84 82 82 82 82 74 87 82 82 82
81 82 82 82 82 82 82 82 82 73 85 82 82 82 82 82 84 95 86 69 78 82 82 82 82 82 95 85 82 82 82 82 67 84 82 82 82 82 74 95 84 82 82 82 82 74 87 82 82 82
