85 81 81 81 81 81 81 81 81 80 81 81 81 81 81 81 83 87 89 89 82 81 81 81 81 81 87 81 81 81 81 81 81 84 81 81 81 81 80 86 81 81 81 81 81 83 86 81 81 81
59 85 85 85 85 85 85 85 85 87 82 85 85 85 85 85 62 67 61 59 111 85 85 85 85 85 36 88 85 85 85 85 75 121 85 85 85 85 89 53 86 85 85 85 85 56 104 85 85 85
59 85 85 85 85 85 85 85 85 87 82 85 85 85 85 85 62 67 61 59 111 85 85 85 85 85 36 88 85 85 85 85 75 121 85 85 85 85 89 53 86 85 85 85 85 56 104 85 85 85
59 85 85 85 85 85 85 85 85 87 82 85 85 85 85 85 62 67 61 59 111 85 85 85 85 85 36 88 85 85 85 85 75 121 85 85 85 85 89 53 86 85 85 85 85 56 104 85 85 85
59 85 85 85 85 85 85 85 85 87 82 85 85 85 85 85 62 67 61 59 111 85 85 85 85 85 36 88 85 85 85 85 75 121 85 85 85 85 89 53 86 85 85 85 85 56 104 85 85 85
59 85 85 85 85 85 85 85 85 87 82 85 85 85 85 85 62 67 61 59 111 85 85 85 85 85 36 88 85 85 85 85 75 121 85 85 85 85 89 53 86 85 85 85 85 56 104 85 85 85
59 85 85 85 85 85 85 85 85 87 82 85 85 85 85 85 62 67 61 59 111 85 85 85 85 85 36 88 85 85 85 85 75 121 85 85 85 85 89 53 86 85 85 85 85 56 104 85 85 85
59 85 85 85 85 85 85 85 85 87 82 85 85 85 85 85 62 67 61 59 111 85 85 85 85 85 36 88 85 85 85 85 75 121 85 85 85 85 89 53 86 85 85 85 85 56 104 85 85 85
59 85 85 85 85 85 85 85 85 87 82 85 85 85 85 85 62 67 61 59 111 85 85 85 85 85 36 88 85 85 85 85 75 121 85 85 85 85 89 53 86 85 85 85 85 56 104 85 85 85
62 84 84 84 84 84 84 84 84 88 88 84 84 84 84 84 68 66 57 58 116 84 84 84 84 84 45 87 84 84 84 84 73 119 84 84 84 84 90 68 85 84 84 84 84 52 96 84 84 84
60 85 85 85 85 85 85 85 85 88 86 85 85 85 85 85 69 60 52 49 116 85 85 85 85 85 43 87 85 85 85 85 67 112 85 85 85 85 91 66 86 85 85 85 85 52 92 85 85 85
59 85 85 85 85 85 85 85 85 87 82 85 85 85 85 85 62 67 61 59 111 85 85 85 85 85 36 88 85 85 85 85 75 121 85 85 85 85 89 53 86 85 85 85 85 56 104 85 85 85
59 85 85 85 85 85 85 85 85 87 82 85 85 85 85 85 62 67 61 59 111 85 85 85 85 85 36 88 85 85 85 85 75 121 85 85 85 85 89 53 86 85 85 85 85 56 104 85 85 85
59 85 85 85 85 85 85 85 85 87 82 85 85 85 85 85 62 67 61 59 111 85 85 85 85 85 36 88 85 85 85 85 75 121 85 85 85 85 89 53 86 85 85 85 85 56 104 85 85 85
59 85 85 85 85 85 85 85 85 87 82 85 85 85 85 85 62 67 61 59 111 85 85 85 85 85 36 88 85 85 85 85 75 121 85 85 85 85 89 53 86 85 85 85 85 56 104 85 85 85
59 85 85 85 85 85 85 85 85 87 82 85 85 85 85 85 62 67 61 59 111 85 85 85 85 85 36 88 85 85 85 85 75 121 85 85 85 85 89 53 86 85 85 85 85 56 104 85 85 85
77 81 81 81 81 81 81 81 81 81 73 81 81 81 81 81 74 87 88 95 110 81 81 81 81 81 54 89 81 81 81 81 77 108 81 81 81 81 85 62 84 81 81 81 81 69 109 81 81 81
77 79 79 79 79 79 79 79 79 78 79 79 79 79 79 79 84 111 102 93 93 79 79 79 79 79 67 83 79 79 79 79 66 117 79 79 79 79 77 84 80 79 79 79 79 60 120 79 79 79
92 78 78 78 78 78 78 78 78 73 77 78 78 78 78 78 79 123 121 103 70 78 78 78 78 78 92 81 78 78 78 78 75 94 78 78 78 78 72 86 80 78 78 78 78 83 110 78 78 78
101 77 77 77 77 77 77 77 77 74 87 77 77 77 77 77 97 111 107 104 65 77 77 77 77 77 139 76 77 77 77 77 81 74 77 77 77 77 72 117 76 77 77 77 77 95 78 77 77 77
84 83 83 83 83 83 83 83 83 81 77 83 83 83 83 83 57 79 87 85 74 83 83 83 83 83 59 84 83 83 83 83 104 87 83 83 83 83 79 53 84 83 83 83 83 93 95 83 83 83
59 85 85 85 85 85 85 85 85 87 82 85 85 85 85 85 62 67 61 59 111 85 85 85 85 85 36 88 85 85 85 85 75 121 85 85 85 85 89 53 86 85 85 85 85 56 104 85 85 85
59 85 85 85 85 85 85 85 85 87 82 85 85 85 85 85 62 67 61 59 111 85 85 85 85 85 36 88 85 85 85 85 75 121 85 85 85 85 89 53 86 85 85 85 85 56 104 85 85 85
59 85 85 85 85 85 85 85 85 87 82 85 85 85 85 85 62 67 61 59 111 85 85 85 85 85 36 88 85 85 85 85 75 121 85 85 85 85 89 53 86 85 85 85 85 56 104 85 85 85
59 85 85 85 85 85 85 85 85 87 82 85 85 85 85 85 62 67 61 59 111 85 85 85 85 85 36 88 85 85 85 85 75 121 85 85 85 85 89 53 86 85 85 85 85 56 104 85 85 85
59 85 85 85 85 85 85 85 85 87 82 85 85 85 85 85 62 67 61 59 111 85 85 85 85 85 36 88 85 85 85 85 75 121 85 85 85 85 89 53 86 85 85 85 85 56 104 85 85 85
80 82 82 82 82 82 82 82 82 72 80 82 82 82 82 82 92 84 77 59 112 82 82 82 82 82 78 86 82 82 82 82 49 100 82 82 82 82 80 99 84 82 82 82 82 67 95 82 82 82
58 85 85 85 85 85 85 85 85 88 83 85 85 85 85 85 58 67 61 59 109 85 85 85 85 85 35 88 85 85 85 85 77 123 85 85 85 85 89 51 86 85 85 85 85 55 106 85 85 85
59 85 85 85 85 85 85 85 85 87 82 85 85 85 85 85 62 67 61 59 111 85 85 85 85 85 36 88 85 85 85 85 75 121 85 85 85 85 89 53 86 85 85 85 85 56 104 85 85 85
59 85 85 85 85 85 85 85 85 87 82 85 85 85 85 85 62 67 61 59 111 85 85 85 85 85 36 88 85 85 85 85 75 121 85 85 85 85 89 53 86 85 85 85 85 56 104 85 85 85
59 85 85 85 85 85 85 85 85 87 82 85 85 85 85 85 62 67 61 59 111 85 85 85 85 85 36 88 85 85 85 85 75 121 85 85 85 85 89 53 86 85 85 85 85 56 104 85 85 85
59 85 85 85 85 85 85 85 85 87 82 85 85 85 85 85 62 67 61 59 111 85 85 85 85 85 36 88 85 85 85 85 75 121 85 85 85 85 89 53 86 85 85 85 85 56 104 85 85 85
65 86 86 86 86 86 86 86 86 79 101 86 86 86 86 86 78 59 50 41 103 86 86 86 86 86 65 83 86 86 86 86 61 96 86 86 86 86 84 89 85 86 86 86 86 66 68 86 86 86
84 81 81 81 81 81 81 81 81 82 77 81 81 81 81 81 65 95 99 94 70 81 81 81 81 81 66 82 81 81 81 81 97 91 81 81 81 81 77 62 82 81 81 81 81 83 104 81 81 81
59 85 85 85 85 85 85 85 85 87 82 85 85 85 85 85 62 67 61 59 111 85 85 85 85 85 36 88 85 85 85 85 75 121 85 85 85 85 89 53 86 85 85 85 85 56 104 85 85 85
59 85 85 85 85 85 85 85 85 87 82 85 85 85 85 85 62 67 61 59 111 85 85 85 85 85 36 88 85 85 85 85 75 121 85 85 85 85 89 53 86 85 85 85 85 56 104 85 85 85
59 85 85 85 85 85 85 85 85 87 82 85 85 85 85 85 62 67 61 59 111 85 85 85 85 85 36 88 85 85 85 85 75 121 85 85 85 85 89 53 86 85 85 85 85 56 104 85 85 85
59 85 85 85 85 85 85 85 85 87 82 85 85 85 85 85 62 67 61 59 111 85 85 85 85 85 36 88 85 85 85 85 75 121 85 85 85 85 89 53 86 85 85 85 85 56 104 85 85 85
60 85 85 85 85 85 85 85 85 92 84 85 85 85 85 85 64 64 57 63 113 85 85 85 85 85 38 88 85 85 85 85 82 116 85 85 85 85 92 55 86 85 85 85 85 54 97 85 85 85
86 80 80 80 80 80 80 80 80 83 71 80 80 80 80 80 101 94 87 88 99 80 80 80 80 80 81 84 80 80 80 80 67 93 80 80 80 80 85 94 82 80 80 80 80 68 103 80 80 80
57 85 85 85 85 85 85 85 85 88 82 85 85 85 85 85 61 66 60 58 112 85 85 85 85 85 35 88 85 85 85 85 75 123 85 85 85 85 89 53 86 85 85 85 85 54 105 85 85 85
59 85 85 85 85 85 85 85 85 87 82 85 85 85 85 85 62 67 61 59 111 85 85 85 85 85 36 88 85 85 85 85 75 121 85 85 85 85 89 53 86 85 85 85 85 56 104 85 85 85
59 85 85 85 85 85 85 85 85 87 82 85 85 85 85 85 62 67 61 59 111 85 85 85 85 85 36 88 85 85 85 85 75 121 85 85 85 85 89 53 86 85 85 85 85 56 104 85 85 85
59 85 85 85 85 85 85 85 85 87 82 85 85 85 85 85 62 67 61 59 111 85 85 85 85 85 36 88 85 85 85 85 75 121 85 85 85 85 89 53 86 85 85 85 85 56 104 85 85 85
59 85 85 85 85 85 85 85 85 87 82 85 85 85 85 85 62 67 61 59 111 85 85 85 85 85 36 88 85 85 85 85 75 121 85 85 85 85 89 53 86 85 85 85 85 56 104 85 85 85
68 85 85 85 85 85 85 85 85 76 78 85 85 85 85 85 65 76 77 71 94 85 85 85 85 85 45 91 85 85 85 85 76 94 85 85 85 85 83 47 87 85 85 85 85 82 89 85 85 85
79 81 81 81 81 81 81 81 81 81 79 81 81 81 81 81 64 101 102 92 72 81 81 81 81 81 64 82 81 81 81 81 89 103 81 81 81 81 76 66 81 81 81 81 81 73 117 81 81 81
59 85 85 85 85 85 85 85 85 87 82 85 85 85 85 85 62 67 61 59 111 85 85 85 85 85 36 88 85 85 85 85 75 121 85 85 85 85 89 53 86 85 85 85 85 56 104 85 85 85
59 85 85 85 85 85 85 85 85 87 82 85 85 85 85 85 62 67 61 59 111 85 85 85 85 85 36 88 85 85 85 85 75 121 85 85 85 85 89 53 86 85 85 85 85 56 104 85 85 85
59 85 85 85 85 85 85 85 85 87 82 85 85 85 85 85 62 67 61 59 111 85 85 85 85 85 36 88 85 85 85 85 75 121 85 85 85 85 89 53 86 85 85 85 85 56 104 85 85 85
