-6 403 403 403 403 403 403 403 403 467 456 403 403 403 403 403 240 -6 -186 -251 247 403 403 403 403 403 -175 416 403 403 403 403 225 179 403 403 403 403 465 -61 413 403 403 403 403 21 105 403 403 403
62 67 67 67 67 67 67 67 67 462 646 67 67 67 67 67 -91 -292 -1519 -601 -1853 67 67 67 67 67 1349 48 67 67 67 67 1690 -2435 67 67 67 67 282 -552 154 67 67 67 67 693 -2247 67 67 67
62 67 67 67 67 67 67 67 67 462 646 67 67 67 67 67 -91 -292 -1519 -601 -1853 67 67 67 67 67 1349 48 67 67 67 67 1690 -2435 67 67 67 67 282 -552 154 67 67 67 67 693 -2247 67 67 67
62 67 67 67 67 67 67 67 67 462 646 67 67 67 67 67 -91 -292 -1519 -601 -1853 67 67 67 67 67 1349 48 67 67 67 67 1690 -2435 67 67 67 67 282 -552 154 67 67 67 67 693 -2247 67 67 67
62 67 67 67 67 67 67 67 67 462 646 67 67 67 67 67 -91 -292 -1519 -601 -1853 67 67 67 67 67 1349 48 67 67 67 67 1690 -2435 67 67 67 67 282 -552 154 67 67 67 67 693 -2247 67 67 67
62 67 67 67 67 67 67 67 67 462 646 67 67 67 67 67 -91 -292 -1519 -601 -1853 67 67 67 67 67 1349 48 67 67 67 67 1690 -2435 67 67 67 67 282 -552 154 67 67 67 67 693 -2247 67 67 67
62 67 67 67 67 67 67 67 67 462 646 67 67 67 67 67 -91 -292 -1519 -601 -1853 67 67 67 67 67 1349 48 67 67 67 67 1690 -2435 67 67 67 67 282 -552 154 67 67 67 67 693 -2247 67 67 67
62 67 67 67 67 67 67 67 67 462 646 67 67 67 67 67 -91 -292 -1519 -601 -1853 67 67 67 67 67 1349 48 67 67 67 67 1690 -2435 67 67 67 67 282 -552 154 67 67 67 67 693 -2247 67 67 67
62 67 67 67 67 67 67 67 67 462 646 67 67 67 67 67 -91 -292 -1519 -601 -1853 67 67 67 67 67 1349 48 67 67 67 67 1690 -2435 67 67 67 67 282 -552 154 67 67 67 67 693 -2247 67 67 67
61 -222 -222 -222 -222 -222 -222 -222 -222 420 415 -222 -222 -222 -222 -222 -241 -402 -1739 -50 -2416 -222 -222 -222 -222 -222 1357 -154 -222 -222 -222 -222 2445 -3249 -222 -222 -222 -222 200 -1344 -93 -222 -222 -222 -222 1285 -2891 -222 -222 -222
-8 -250 -250 -250 -250 -250 -250 -250 -250 558 868 -250 -250 -250 -250 -250 -9 -135 -2157 -719 -2826 -250 -250 -250 -250 -250 1725 -196 -250 -250 -250 -250 2062 -3516 -250 -250 -250 -250 205 -877 -107 -250 -250 -250 -250 525 -3395 -250 -250 -250
62 67 67 67 67 67 67 67 67 462 646 67 67 67 67 67 -91 -292 -1519 -601 -1853 67 67 67 67 67 1349 48 67 67 67 67 1690 -2435 67 67 67 67 282 -552 154 67 67 67 67 693 -2247 67 67 67
62 67 67 67 67 67 67 67 67 462 646 67 67 67 67 67 -91 -292 -1519 -601 -1853 67 67 67 67 67 1349 48 67 67 67 67 1690 -2435 67 67 67 67 282 -552 154 67 67 67 67 693 -2247 67 67 67
62 67 67 67 67 67 67 67 67 462 646 67 67 67 67 67 -91 -292 -1519 -601 -1853 67 67 67 67 67 1349 48 67 67 67 67 1690 -2435 67 67 67 67 282 -552 154 67 67 67 67 693 -2247 67 67 67
62 67 67 67 67 67 67 67 67 462 646 67 67 67 67 67 -91 -292 -1519 -601 -1853 67 67 67 67 67 1349 48 67 67 67 67 1690 -2435 67 67 67 67 282 -552 154 67 67 67 67 693 -2247 67 67 67
62 67 67 67 67 67 67 67 67 462 646 67 67 67 67 67 -91 -292 -1519 -601 -1853 67 67 67 67 67 1349 48 67 67 67 67 1690 -2435 67 67 67 67 282 -552 154 67 67 67 67 693 -2247 67 67 67
-136 -2380 -2380 -2380 -2380 -2380 -2380 -2380 -2380 -1395 -1327 -2380 -2380 -2380 -2380 -2380 -1117 67 -1173 586 -3542 -2380 -2380 -2380 -2380 -2380 1939 -2298 -2380 -2380 -2380 -2380 672 -4202 -2380 -2380 -2380 -2380 -1937 -1154 -2255 -2380 -2380 -2380 -2380 -328 -4127 -2380 -2380 -2380
-158 -3807 -3807 -3807 -3807 -3807 -3807 -3807 -3807 -3354 -2887 -3807 -3807 -3807 -3807 -3807 -2481 -553 -409 680 -3654 -3807 -3807 -3807 -3807 -3807 1691 -4037 -3807 -3807 -3807 -3807 -1254 -3272 -3807 -3807 -3807 -3807 -3890 -158 -3865 -3807 -3807 -3807 -3807 -1632 -3201 -3807 -3807 -3807
-170 -2640 -2640 -2640 -2640 -2640 -2640 -2640 -2640 -3103 -2803 -2640 -2640 -2640 -2640 -2640 -1966 -227 916 465 -1175 -2640 -2640 -2640 -2640 -2640 293 -2769 -2640 -2640 -2640 -2640 -2645 -601 -2640 -2640 -2640 -2640 -3109 141 -2725 -2640 -2640 -2640 -2640 -1469 -458 -2640 -2640 -2640
-204 -2102 -2102 -2102 -2102 -2102 -2102 -2102 -2102 -2640 -2766 -2102 -2102 -2102 -2102 -2102 -1310 447 1841 1820 -173 -2102 -2102 -2102 -2102 -2102 -434 -1927 -2102 -2102 -2102 -2102 -1621 35 -2102 -2102 -2102 -2102 -2432 -1032 -2098 -2102 -2102 -2102 -2102 208 364 -2102 -2102 -2102
76 -2632 -2632 -2632 -2632 -2632 -2632 -2632 -2632 -3759 -2756 -2632 -2632 -2632 -2632 -2632 -1610 1948 2774 1588 -1687 -2632 -2632 -2632 -2632 -2632 1245 -2491 -2632 -2632 -2632 -2632 -4110 173 -2632 -2632 -2632 -2632 -3355 1646 -2641 -2632 -2632 -2632 -2632 -1389 1050 -2632 -2632 -2632
62 67 67 67 67 67 67 67 67 462 646 67 67 67 67 67 -91 -292 -1519 -601 -1853 67 67 67 67 67 1349 48 67 67 67 67 1690 -2435 67 67 67 67 282 -552 154 67 67 67 67 693 -2247 67 67 67
62 67 67 67 67 67 67 67 67 462 646 67 67 67 67 67 -91 -292 -1519 -601 -1853 67 67 67 67 67 1349 48 67 67 67 67 1690 -2435 67 67 67 67 282 -552 154 67 67 67 67 693 -2247 67 67 67
62 67 67 67 67 67 67 67 67 462 646 67 67 67 67 67 -91 -292 -1519 -601 -1853 67 67 67 67 67 1349 48 67 67 67 67 1690 -2435 67 67 67 67 282 -552 154 67 67 67 67 693 -2247 67 67 67
62 67 67 67 67 67 67 67 67 462 646 67 67 67 67 67 -91 -292 -1519 -601 -1853 67 67 67 67 67 1349 48 67 67 67 67 1690 -2435 67 67 67 67 282 -552 154 67 67 67 67 693 -2247 67 67 67
62 67 67 67 67 67 67 67 67 462 646 67 67 67 67 67 -91 -292 -1519 -601 -1853 67 67 67 67 67 1349 48 67 67 67 67 1690 -2435 67 67 67 67 282 -552 154 67 67 67 67 693 -2247 67 67 67
-240 2161 2161 2161 2161 2161 2161 2161 2161 3336 2870 2161 2161 2161 2161 2161 1351 -1568 -3520 -2952 239 2161 2161 2161 2161 2161 -188 2009 2161 2161 2161 2161 2659 -1348 2161 2161 2161 2161 2901 -898 2220 2161 2161 2161 2161 -127 -2307 2161 2161 2161
35 -308 -308 -308 -308 -308 -308 -308 -308 50 348 -308 -308 -308 -308 -308 -227 -73 -1347 -345 -2370 -308 -308 -308 -308 -308 1638 -298 -308 -308 -308 -308 1634 -2873 -308 -308 -308 -308 -133 -665 -209 -308 -308 -308 -308 868 -2569 -308 -308 -308
62 67 67 67 67 67 67 67 67 462 646 67 67 67 67 67 -91 -292 -1519 -601 -1853 67 67 67 67 67 1349 48 67 67 67 67 1690 -2435 67 67 67 67 282 -552 154 67 67 67 67 693 -2247 67 67 67
62 67 67 67 67 67 67 67 67 462 646 67 67 67 67 67 -91 -292 -1519 -601 -1853 67 67 67 67 67 1349 48 67 67 67 67 1690 -2435 67 67 67 67 282 -552 154 67 67 67 67 693 -2247 67 67 67
62 67 67 67 67 67 67 67 67 462 646 67 67 67 67 67 -91 -292 -1519 -601 -1853 67 67 67 67 67 1349 48 67 67 67 67 1690 -2435 67 67 67 67 282 -552 154 67 67 67 67 693 -2247 67 67 67
62 67 67 67 67 67 67 67 67 462 646 67 67 67 67 67 -91 -292 -1519 -601 -1853 67 67 67 67 67 1349 48 67 67 67 67 1690 -2435 67 67 67 67 282 -552 154 67 67 67 67 693 -2247 67 67 67
-41 2016 2016 2016 2016 2016 2016 2016 2016 2915 2445 2016 2016 2016 2016 2016 1295 -515 -2315 -505 -568 2016 2016 2016 2016 2016 287 2266 2016 2016 2016 2016 4834 -2474 2016 2016 2016 2016 2762 -2760 2231 2016 2016 2016 2016 3056 -2454 2016 2016 2016
177 -3432 -3432 -3432 -3432 -3432 -3432 -3432 -3432 -4835 -3650 -3432 -3432 -3432 -3432 -3432 -2554 983 2863 1449 -1681 -3432 -3432 -3432 -3432 -3432 1303 -3612 -3432 -3432 -3432 -3432 -5142 655 -3432 -3432 -3432 -3432 -4456 2706 -3597 -3432 -3432 -3432 -3432 -2342 1481 -3432 -3432 -3432
62 67 67 67 67 67 67 67 67 462 646 67 67 67 67 67 -91 -292 -1519 -601 -1853 67 67 67 67 67 1349 48 67 67 67 67 1690 -2435 67 67 67 67 282 -552 154 67 67 67 67 693 -2247 67 67 67
62 67 67 67 67 67 67 67 67 462 646 67 67 67 67 67 -91 -292 -1519 -601 -1853 67 67 67 67 67 1349 48 67 67 67 67 1690 -2435 67 67 67 67 282 -552 154 67 67 67 67 693 -2247 67 67 67
62 67 67 67 67 67 67 67 67 462 646 67 67 67 67 67 -91 -292 -1519 -601 -1853 67 67 67 67 67 1349 48 67 67 67 67 1690 -2435 67 67 67 67 282 -552 154 67 67 67 67 693 -2247 67 67 67
62 67 67 67 67 67 67 67 67 462 646 67 67 67 67 67 -91 -292 -1519 -601 -1853 67 67 67 67 67 1349 48 67 67 67 67 1690 -2435 67 67 67 67 282 -552 154 67 67 67 67 693 -2247 67 67 67
97 -203 -203 -203 -203 -203 -203 -203 -203 312 364 -203 -203 -203 -203 -203 -212 -310 -1578 -58 -2213 -203 -203 -203 -203 -203 1362 -120 -203 -203 -203 -203 2302 -3070 -203 -203 -203 -203 124 -1285 -72 -203 -203 -203 -203 1315 -2731 -203 -203 -203
-13 -562 -562 -562 -562 -562 -562 -562 -562 -556 -303 -562 -562 -562 -562 -562 -657 -1017 -850 -1454 -70 -562 -562 -562 -562 -562 345 -917 -562 -562 -562 -562 -1927 354 -562 -562 -562 -562 -668 1871 -692 -562 -562 -562 -562 -2469 -126 -562 -562 -562
53 -20 -20 -20 -20 -20 -20 -20 -20 413 634 -20 -20 -20 -20 -20 -123 -293 -1593 -586 -2085 -20 -20 -20 -20 -20 1483 -42 -20 -20 -20 -20 1812 -2676 -20 -20 -20 -20 205 -610 71 -20 -20 -20 -20 763 -2467 -20 -20 -20
62 67 67 67 67 67 67 67 67 462 646 67 67 67 67 67 -91 -292 -1519 -601 -1853 67 67 67 67 67 1349 48 67 67 67 67 1690 -2435 67 67 67 67 282 -552 154 67 67 67 67 693 -2247 67 67 67
62 67 67 67 67 67 67 67 67 462 646 67 67 67 67 67 -91 -292 -1519 -601 -1853 67 67 67 67 67 1349 48 67 67 67 67 1690 -2435 67 67 67 67 282 -552 154 67 67 67 67 693 -2247 67 67 67
62 67 67 67 67 67 67 67 67 462 646 67 67 67 67 67 -91 -292 -1519 -601 -1853 67 67 67 67 67 1349 48 67 67 67 67 1690 -2435 67 67 67 67 282 -552 154 67 67 67 67 693 -2247 67 67 67
62 67 67 67 67 67 67 67 67 462 646 67 67 67 67 67 -91 -292 -1519 -601 -1853 67 67 67 67 67 1349 48 67 67 67 67 1690 -2435 67 67 67 67 282 -552 154 67 67 67 67 693 -2247 67 67 67
-120 999 999 999 999 999 999 999 999 2085 1657 999 999 999 999 999 811 -317 -2441 -945 -747 999 999 999 999 999 169 1276 999 999 999 999 3598 -2820 999 999 999 999 1684 -3003 1238 999 999 999 999 1616 -3259 999 999 999
115 -2752 -2752 -2752 -2752 -2752 -2752 -2752 -2752 -3993 -3076 -2752 -2752 -2752 -2752 -2752 -2444 -105 1846 673 -1370 -2752 -2752 -2752 -2752 -2752 1112 -3106 -2752 -2752 -2752 -2752 -3876 370 -2752 -2752 -2752 -2752 -3695 2228 -2957 -2752 -2752 -2752 -2752 -1787 975 -2752 -2752 -2752
62 67 67 67 67 67 67 67 67 462 646 67 67 67 67 67 -91 -292 -1519 -601 -1853 67 67 67 67 67 1349 48 67 67 67 67 1690 -2435 67 67 67 67 282 -552 154 67 67 67 67 693 -2247 67 67 67
62 67 67 67 67 67 67 67 67 462 646 67 67 67 67 67 -91 -292 -1519 -601 -1853 67 67 67 67 67 1349 48 67 67 67 67 1690 -2435 67 67 67 67 282 -552 154 67 67 67 67 693 -2247 67 67 67
62 67 67 67 67 67 67 67 67 462 646 67 67 67 67 67 -91 -292 -1519 -601 -1853 67 67 67 67 67 1349 48 67 67 67 67 1690 -2435 67 67 67 67 282 -552 154 67 67 67 67 693 -2247 67 67 67
