4 -204 -204 -204 -204 -204 -204 -204 -204 -254 -199 -204 -204 -204 -204 -204 -115 83 197 182 -155 -204 -204 -204 -204 -204 103 -195 -204 -204 -204 -204 -205 -73 -204 -204 -204 -204 -261 56 -206 -204 -204 -204 -204 -114 42 -204 -204 -204
188 1687 1687 1687 1687 1687 1687 1687 1687 1806 1537 1687 1687 1687 1687 1687 371 730 326 232 2793 1687 1687 1687 1687 1687 -1800 1859 1687 1687 1687 1687 1199 3125 1687 1687 1687 1687 1894 -248 1754 1687 1687 1687 1687 -41 2532 1687 1687 1687
188 1687 1687 1687 1687 1687 1687 1687 1687 1806 1537 1687 1687 1687 1687 1687 371 730 326 232 2793 1687 1687 1687 1687 1687 -1800 1859 1687 1687 1687 1687 1199 3125 1687 1687 1687 1687 1894 -248 1754 1687 1687 1687 1687 -41 2532 1687 1687 1687
188 1687 1687 1687 1687 1687 1687 1687 1687 1806 1537 1687 1687 1687 1687 1687 371 730 326 232 2793 1687 1687 1687 1687 1687 -1800 1859 1687 1687 1687 1687 1199 3125 1687 1687 1687 1687 1894 -248 1754 1687 1687 1687 1687 -41 2532 1687 1687 1687
188 1687 1687 1687 1687 1687 1687 1687 1687 1806 1537 1687 1687 1687 1687 1687 371 730 326 232 2793 1687 1687 1687 1687 1687 -1800 1859 1687 1687 1687 1687 1199 3125 1687 1687 1687 1687 1894 -248 1754 1687 1687 1687 1687 -41 2532 1687 1687 1687
188 1687 1687 1687 1687 1687 1687 1687 1687 1806 1537 1687 1687 1687 1687 1687 371 730 326 232 2793 1687 1687 1687 1687 1687 -1800 1859 1687 1687 1687 1687 1199 3125 1687 1687 1687 1687 1894 -248 1754 1687 1687 1687 1687 -41 2532 1687 1687 1687
188 1687 1687 1687 1687 1687 1687 1687 1687 1806 1537 1687 1687 1687 1687 1687 371 730 326 232 2793 1687 1687 1687 1687 1687 -1800 1859 1687 1687 1687 1687 1199 3125 1687 1687 1687 1687 1894 -248 1754 1687 1687 1687 1687 -41 2532 1687 1687 1687
188 1687 1687 1687 1687 1687 1687 1687 1687 1806 1537 1687 1687 1687 1687 1687 371 730 326 232 2793 1687 1687 1687 1687 1687 -1800 1859 1687 1687 1687 1687 1199 3125 1687 1687 1687 1687 1894 -248 1754 1687 1687 1687 1687 -41 2532 1687 1687 1687
188 1687 1687 1687 1687 1687 1687 1687 1687 1806 1537 1687 1687 1687 1687 1687 371 730 326 232 2793 1687 1687 1687 1687 1687 -1800 1859 1687 1687 1687 1687 1199 3125 1687 1687 1687 1687 1894 -248 1754 1687 1687 1687 1687 -41 2532 1687 1687 1687
228 1495 1495 1495 1495 1495 1495 1495 1495 1679 1662 1495 1495 1495 1495 1495 637 482 -113 -59 2817 1495 1495 1495 1495 1495 -1046 1604 1495 1495 1495 1495 897 2894 1495 1495 1495 1495 1746 588 1531 1495 1495 1495 1495 -460 2043 1495 1495 1495
230 1654 1654 1654 1654 1654 1654 1654 1654 1769 1685 1654 1654 1654 1654 1654 787 201 -417 -644 2907 1654 1654 1654 1654 1654 -1180 1738 1654 1654 1654 1654 643 2778 1654 1654 1654 1654 1926 588 1691 1654 1654 1654 1654 -366 1938 1654 1654 1654
188 1687 1687 1687 1687 1687 1687 1687 1687 1806 1537 1687 1687 1687 1687 1687 371 730 326 232 2793 1687 1687 1687 1687 1687 -1800 1859 1687 1687 1687 1687 1199 3125 1687 1687 1687 1687 1894 -248 1754 1687 1687 1687 1687 -41 2532 1687 1687 1687
188 1687 1687 1687 1687 1687 1687 1687 1687 1806 1537 1687 1687 1687 1687 1687 371 730 326 232 2793 1687 1687 1687 1687 1687 -1800 1859 1687 1687 1687 1687 1199 3125 1687 1687 1687 1687 1894 -248 1754 1687 1687 1687 1687 -41 2532 1687 1687 1687
188 1687 1687 1687 1687 1687 1687 1687 1687 1806 1537 1687 1687 1687 1687 1687 371 730 326 232 2793 1687 1687 1687 1687 1687 -1800 1859 1687 1687 1687 1687 1199 3125 1687 1687 1687 1687 1894 -248 1754 1687 1687 1687 1687 -41 2532 1687 1687 1687
188 1687 1687 1687 1687 1687 1687 1687 1687 1806 1537 1687 1687 1687 1687 1687 371 730 326 232 2793 1687 1687 1687 1687 1687 -1800 1859 1687 1687 1687 1687 1199 3125 1687 1687 1687 1687 1894 -248 1754 1687 1687 1687 1687 -41 2532 1687 1687 1687
188 1687 1687 1687 1687 1687 1687 1687 1687 1806 1537 1687 1687 1687 1687 1687 371 730 326 232 2793 1687 1687 1687 1687 1687 -1800 1859 1687 1687 1687 1687 1199 3125 1687 1687 1687 1687 1894 -248 1754 1687 1687 1687 1687 -41 2532 1687 1687 1687
138 334 334 334 334 334 334 334 334 316 -104 334 334 334 334 334 -58 613 655 977 1598 334 334 334 334 334 -1306 724 334 334 334 334 97 1497 334 334 334 334 508 -772 475 334 334 334 334 -315 1537 334 334 334
31 183 183 183 183 183 183 183 183 104 178 183 183 183 183 183 409 1569 1223 848 806 183 183 183 183 183 -510 386 183 183 183 183 -547 1783 183 183 183 183 77 417 230 183 183 183 183 -942 1858 183 183 183
49 -611 -611 -611 -611 -611 -611 -611 -611 -912 -657 -611 -611 -611 -611 -611 -567 1222 1165 518 -1048 -611 -611 -611 -611 -611 29 -457 -611 -611 -611 -611 -802 120 -611 -611 -611 -611 -974 -241 -547 -611 -611 -611 -611 -374 792 -611 -611 -611
-36 -1158 -1158 -1158 -1158 -1158 -1158 -1158 -1158 -1319 -664 -1158 -1158 -1158 -1158 -1158 -199 347 171 60 -1863 -1158 -1158 -1158 -1158 -1158 1266 -1232 -1158 -1158 -1158 -1158 -948 -1314 -1158 -1158 -1158 -1158 -1444 541 -1190 -1158 -1158 -1158 -1158 -313 -1129 -1158 -1158 -1158
2 -37 -37 -37 -37 -37 -37 -37 -37 -106 -324 -37 -37 -37 -37 -37 -1591 -248 145 80 -476 -37 -37 -37 -37 -37 -1452 15 -37 -37 -37 -37 885 174 -37 -37 -37 -37 -211 -1845 22 -37 -37 -37 -37 459 534 -37 -37 -37
188 1687 1687 1687 1687 1687 1687 1687 1687 1806 1537 1687 1687 1687 1687 1687 371 730 326 232 2793 1687 1687 1687 1687 1687 -1800 1859 1687 1687 1687 1687 1199 3125 1687 1687 1687 1687 1894 -248 1754 1687 1687 1687 1687 -41 2532 1687 1687 1687
188 1687 1687 1687 1687 1687 1687 1687 1687 1806 1537 1687 1687 1687 1687 1687 371 730 326 232 2793 1687 1687 1687 1687 1687 -1800 1859 1687 1687 1687 1687 1199 3125 1687 1687 1687 1687 1894 -248 1754 1687 1687 1687 1687 -41 2532 1687 1687 1687
188 1687 1687 1687 1687 1687 1687 1687 1687 1806 1537 1687 1687 1687 1687 1687 371 730 326 232 2793 1687 1687 1687 1687 1687 -1800 1859 1687 1687 1687 1687 1199 3125 1687 1687 1687 1687 1894 -248 1754 1687 1687 1687 1687 -41 2532 1687 1687 1687
188 1687 1687 1687 1687 1687 1687 1687 1687 1806 1537 1687 1687 1687 1687 1687 371 730 326 232 2793 1687 1687 1687 1687 1687 -1800 1859 1687 1687 1687 1687 1199 3125 1687 1687 1687 1687 1894 -248 1754 1687 1687 1687 1687 -41 2532 1687 1687 1687
188 1687 1687 1687 1687 1687 1687 1687 1687 1806 1537 1687 1687 1687 1687 1687 371 730 326 232 2793 1687 1687 1687 1687 1687 -1800 1859 1687 1687 1687 1687 1199 3125 1687 1687 1687 1687 1894 -248 1754 1687 1687 1687 1687 -41 2532 1687 1687 1687
248 365 365 365 365 365 365 365 365 -167 289 365 365 365 365 365 856 452 112 -949 1644 365 365 365 365 365 171 574 365 365 365 365 -1706 1165 365 365 365 365 269 1139 455 365 365 365 365 -471 956 365 365 365
172 1740 1740 1740 1740 1740 1740 1740 1740 1862 1636 1740 1740 1740 1740 1740 208 740 395 279 2751 1740 1740 1740 1740 1740 -1924 1884 1740 1740 1740 1740 1359 3252 1740 1740 1740 1740 1910 -344 1794 1740 1740 1740 1740 -26 2642 1740 1740 1740
188 1687 1687 1687 1687 1687 1687 1687 1687 1806 1537 1687 1687 1687 1687 1687 371 730 326 232 2793 1687 1687 1687 1687 1687 -1800 1859 1687 1687 1687 1687 1199 3125 1687 1687 1687 1687 1894 -248 1754 1687 1687 1687 1687 -41 2532 1687 1687 1687
188 1687 1687 1687 1687 1687 1687 1687 1687 1806 1537 1687 1687 1687 1687 1687 371 730 326 232 2793 1687 1687 1687 1687 1687 -1800 1859 1687 1687 1687 1687 1199 3125 1687 1687 1687 1687 1894 -248 1754 1687 1687 1687 1687 -41 2532 1687 1687 1687
188 1687 1687 1687 1687 1687 1687 1687 1687 1806 1537 1687 1687 1687 1687 1687 371 730 326 232 2793 1687 1687 1687 1687 1687 -1800 1859 1687 1687 1687 1687 1199 3125 1687 1687 1687 1687 1894 -248 1754 1687 1687 1687 1687 -41 2532 1687 1687 1687
188 1687 1687 1687 1687 1687 1687 1687 1687 1806 1537 1687 1687 1687 1687 1687 371 730 326 232 2793 1687 1687 1687 1687 1687 -1800 1859 1687 1687 1687 1687 1199 3125 1687 1687 1687 1687 1894 -248 1754 1687 1687 1687 1687 -41 2532 1687 1687 1687
223 1359 1359 1359 1359 1359 1359 1359 1359 1007 2059 1359 1359 1359 1359 1359 972 -130 -831 -1611 2134 1359 1359 1359 1359 1359 251 1221 1359 1359 1359 1359 -44 1816 1359 1359 1359 1359 1274 1513 1313 1359 1359 1359 1359 278 420 1359 1359 1359
-71 -212 -212 -212 -212 -212 -212 -212 -212 -195 -413 -212 -212 -212 -212 -212 -1142 413 577 371 -806 -212 -212 -212 -212 -212 -1060 -162 -212 -212 -212 -212 510 270 -212 -212 -212 -212 -419 -1316 -172 -212 -212 -212 -212 -126 809 -212 -212 -212
188 1687 1687 1687 1687 1687 1687 1687 1687 1806 1537 1687 1687 1687 1687 1687 371 730 326 232 2793 1687 1687 1687 1687 1687 -1800 1859 1687 1687 1687 1687 1199 3125 1687 1687 1687 1687 1894 -248 1754 1687 1687 1687 1687 -41 2532 1687 1687 1687
188 1687 1687 1687 1687 1687 1687 1687 1687 1806 1537 1687 1687 1687 1687 1687 371 730 326 232 2793 1687 1687 1687 1687 1687 -1800 1859 1687 1687 1687 1687 1199 3125 1687 1687 1687 1687 1894 -248 1754 1687 1687 1687 1687 -41 2532 1687 1687 1687
188 1687 1687 1687 1687 1687 1687 1687 1687 1806 1537 1687 1687 1687 1687 1687 371 730 326 232 2793 1687 1687 1687 1687 1687 -1800 1859 1687 1687 1687 1687 1199 3125 1687 1687 1687 1687 1894 -248 1754 1687 1687 1687 1687 -41 2532 1687 1687 1687
188 1687 1687 1687 1687 1687 1687 1687 1687 1806 1537 1687 1687 1687 1687 1687 371 730 326 232 2793 1687 1687 1687 1687 1687 -1800 1859 1687 1687 1687 1687 1199 3125 1687 1687 1687 1687 1894 -248 1754 1687 1687 1687 1687 -41 2532 1687 1687 1687
168 1599 1599 1599 1599 1599 1599 1599 1599 1934 1596 1599 1599 1599 1599 1599 434 479 14 400 2796 1599 1599 1599 1599 1599 -1628 1747 1599 1599 1599 1599 1493 2908 1599 1599 1599 1599 1950 -146 1649 1599 1599 1599 1599 -268 2181 1599 1599 1599
119 -208 -208 -208 -208 -208 -208 -208 -208 -53 -676 -208 -208 -208 -208 -208 756 452 153 206 664 -208 -208 -208 -208 -208 -139 20 -208 -208 -208 -208 -893 416 -208 -208 -208 -208 56 468 -116 -208 -208 -208 -208 -873 835 -208 -208 -208
191 1790 1790 1790 1790 1790 1790 1790 1790 1917 1670 1790 1790 1790 1790 1790 418 771 358 241 2923 1790 1790 1790 1790 1790 -1829 1945 1790 1790 1790 1790 1263 3309 1790 1790 1790 1790 1997 -157 1847 1790 1790 1790 1790 -44 2659 1790 1790 1790
188 1687 1687 1687 1687 1687 1687 1687 1687 1806 1537 1687 1687 1687 1687 1687 371 730 326 232 2793 1687 1687 1687 1687 1687 -1800 1859 1687 1687 1687 1687 1199 3125 1687 1687 1687 1687 1894 -248 1754 1687 1687 1687 1687 -41 2532 1687 1687 1687
188 1687 1687 1687 1687 1687 1687 1687 1687 1806 1537 1687 1687 1687 1687 1687 371 730 326 232 2793 1687 1687 1687 1687 1687 -1800 1859 1687 1687 1687 1687 1199 3125 1687 1687 1687 1687 1894 -248 1754 1687 1687 1687 1687 -41 2532 1687 1687 1687
188 1687 1687 1687 1687 1687 1687 1687 1687 1806 1537 1687 1687 1687 1687 1687 371 730 326 232 2793 1687 1687 1687 1687 1687 -1800 1859 1687 1687 1687 1687 1199 3125 1687 1687 1687 1687 1894 -248 1754 1687 1687 1687 1687 -41 2532 1687 1687 1687
188 1687 1687 1687 1687 1687 1687 1687 1687 1806 1537 1687 1687 1687 1687 1687 371 730 326 232 2793 1687 1687 1687 1687 1687 -1800 1859 1687 1687 1687 1687 1199 3125 1687 1687 1687 1687 1894 -248 1754 1687 1687 1687 1687 -41 2532 1687 1687 1687
78 958 958 958 958 958 958 958 958 537 634 958 958 958 958 958 -158 537 573 241 1378 958 958 958 958 958 -1616 1230 958 958 958 958 532 1402 958 958 958 958 883 -1485 1066 958 958 958 958 817 1157 958 958 958
16 98 98 98 98 98 98 98 98 77 -9 98 98 98 98 98 -848 995 1053 613 -392 98 98 98 98 98 -882 144 98 98 98 98 482 1080 98 98 98 98 -157 -735 119 98 98 98 98 -335 1595 98 98 98
188 1687 1687 1687 1687 1687 1687 1687 1687 1806 1537 1687 1687 1687 1687 1687 371 730 326 232 2793 1687 1687 1687 1687 1687 -1800 1859 1687 1687 1687 1687 1199 3125 1687 1687 1687 1687 1894 -248 1754 1687 1687 1687 1687 -41 2532 1687 1687 1687
188 1687 1687 1687 1687 1687 1687 1687 1687 1806 1537 1687 1687 1687 1687 1687 371 730 326 232 2793 1687 1687 1687 1687 1687 -1800 1859 1687 1687 1687 1687 1199 3125 1687 1687 1687 1687 1894 -248 1754 1687 1687 1687 1687 -41 2532 1687 1687 1687
188 1687 1687 1687 1687 1687 1687 1687 1687 1806 1537 1687 1687 1687 1687 1687 371 730 326 232 2793 1687 1687 1687 1687 1687 -1800 1859 1687 1687 1687 1687 1199 3125 1687 1687 1687 1687 1894 -248 1754 1687 1687 1687 1687 -41 2532 1687 1687 1687
