7 -70 -70 -70 -70 -70 -70 -70 -70 -111 -8 -70 -70 -70 -70 -70 -8 -170 -214 -193 21 -70 -70 -70 -70 -70 19 -58 -70 -70 -70 -70 -79 -165 -70 -70 -70 -70 -73 -107 -65 -70 -70 -70 -70 59 -268 -70 -70 -70
343 388 388 388 388 388 388 388 388 -56 530 388 388 388 388 388 493 992 593 -327 169 388 388 388 388 388 984 539 388 388 388 388 -427 512 388 388 388 388 -47 1004 480 388 388 388 388 -43 658 388 388 388
343 388 388 388 388 388 388 388 388 -56 530 388 388 388 388 388 493 992 593 -327 169 388 388 388 388 388 984 539 388 388 388 388 -427 512 388 388 388 388 -47 1004 480 388 388 388 388 -43 658 388 388 388
343 388 388 388 388 388 388 388 388 -56 530 388 388 388 388 388 493 992 593 -327 169 388 388 388 388 388 984 539 388 388 388 388 -427 512 388 388 388 388 -47 1004 480 388 388 388 388 -43 658 388 388 388
343 388 388 388 388 388 388 388 388 -56 530 388 388 388 388 388 493 992 593 -327 169 388 388 388 388 388 984 539 388 388 388 388 -427 512 388 388 388 388 -47 1004 480 388 388 388 388 -43 658 388 388 388
343 388 388 388 388 388 388 388 388 -56 530 388 388 388 388 388 493 992 593 -327 169 388 388 388 388 388 984 539 388 388 388 388 -427 512 388 388 388 388 -47 1004 480 388 388 388 388 -43 658 388 388 388
343 388 388 388 388 388 388 388 388 -56 530 388 388 388 388 388 493 992 593 -327 169 388 388 388 388 388 984 539 388 388 388 388 -427 512 388 388 388 388 -47 1004 480 388 388 388 388 -43 658 388 388 388
343 388 388 388 388 388 388 388 388 -56 530 388 388 388 388 388 493 992 593 -327 169 388 388 388 388 388 984 539 388 388 388 388 -427 512 388 388 388 388 -47 1004 480 388 388 388 388 -43 658 388 388 388
343 388 388 388 388 388 388 388 388 -56 530 388 388 388 388 388 493 992 593 -327 169 388 388 388 388 388 984 539 388 388 388 388 -427 512 388 388 388 388 -47 1004 480 388 388 388 388 -43 658 388 388 388
320 -68 -68 -68 -68 -68 -68 -68 -68 -698 -114 -68 -68 -68 -68 -68 -63 420 9 -836 399 -68 -68 -68 -68 -68 477 144 -68 -68 -68 -68 -1046 532 -68 -68 -68 -68 -574 563 62 -68 -68 -68 -68 -793 604 -68 -68 -68
319 275 275 275 275 275 275 275 275 -44 281 275 275 275 275 275 849 1025 993 374 -8 275 275 275 275 275 376 453 275 275 275 275 -343 301 275 275 275 275 -113 448 329 275 275 275 275 -14 675 275 275 275
343 388 388 388 388 388 388 388 388 -56 530 388 388 388 388 388 493 992 593 -327 169 388 388 388 388 388 984 539 388 388 388 388 -427 512 388 388 388 388 -47 1004 480 388 388 388 388 -43 658 388 388 388
343 388 388 388 388 388 388 388 388 -56 530 388 388 388 388 388 493 992 593 -327 169 388 388 388 388 388 984 539 388 388 388 388 -427 512 388 388 388 388 -47 1004 480 388 388 388 388 -43 658 388 388 388
343 388 388 388 388 388 388 388 388 -56 530 388 388 388 388 388 493 992 593 -327 169 388 388 388 388 388 984 539 388 388 388 388 -427 512 388 388 388 388 -47 1004 480 388 388 388 388 -43 658 388 388 388
343 388 388 388 388 388 388 388 388 -56 530 388 388 388 388 388 493 992 593 -327 169 388 388 388 388 388 984 539 388 388 388 388 -427 512 388 388 388 388 -47 1004 480 388 388 388 388 -43 658 388 388 388
343 388 388 388 388 388 388 388 388 -56 530 388 388 388 388 388 493 992 593 -327 169 388 388 388 388 388 984 539 388 388 388 388 -427 512 388 388 388 388 -47 1004 480 388 388 388 388 -43 658 388 388 388
134 -30 -30 -30 -30 -30 -30 -30 -30 -295 -64 -30 -30 -30 -30 -30 12 1209 633 -82 70 -30 -30 -30 -30 -30 148 116 -30 -30 -30 -30 -686 1007 -30 -30 -30 -30 -378 802 48 -30 -30 -30 -30 -864 1053 -30 -30 -30
-34 384 384 384 384 384 384 384 384 550 574 384 384 384 384 384 -540 677 285 225 -108 384 384 384 384 384 866 148 384 384 384 384 422 785 384 384 384 384 532 1757 346 384 384 384 384 78 660 384 384 384
-127 347 347 347 347 347 347 347 347 910 439 347 347 347 347 347 -289 262 249 880 -483 347 347 347 347 347 528 32 347 347 347 347 1289 80 347 347 347 347 708 899 247 347 347 347 347 759 56 347 347 347
-233 -628 -628 -628 -628 -628 -628 -628 -628 -292 -1038 -628 -628 -628 -628 -628 -1400 -721 -618 504 -546 -628 -628 -628 -628 -628 -548 -889 -628 -628 -628 -628 526 -226 -628 -628 -628 -628 -303 -284 -686 -628 -628 -628 -628 -139 -163 -628 -628 -628
187 -336 -336 -336 -336 -336 -336 -336 -336 187 -697 -336 -336 -336 -336 -336 78 388 806 1729 -1078 -336 -336 -336 -336 -336 -225 -293 -336 -336 -336 -336 1323 -763 -336 -336 -336 -336 -283 -1236 -330 -336 -336 -336 -336 644 -65 -336 -336 -336
343 388 388 388 388 388 388 388 388 -56 530 388 388 388 388 388 493 992 593 -327 169 388 388 388 388 388 984 539 388 388 388 388 -427 512 388 388 388 388 -47 1004 480 388 388 388 388 -43 658 388 388 388
343 388 388 388 388 388 388 388 388 -56 530 388 388 388 388 388 493 992 593 -327 169 388 388 388 388 388 984 539 388 388 388 388 -427 512 388 388 388 388 -47 1004 480 388 388 388 388 -43 658 388 388 388
343 388 388 388 388 388 388 388 388 -56 530 388 388 388 388 388 493 992 593 -327 169 388 388 388 388 388 984 539 388 388 388 388 -427 512 388 388 388 388 -47 1004 480 388 388 388 388 -43 658 388 388 388
343 388 388 388 388 388 388 388 388 -56 530 388 388 388 388 388 493 992 593 -327 169 388 388 388 388 388 984 539 388 388 388 388 -427 512 388 388 388 388 -47 1004 480 388 388 388 388 -43 658 388 388 388
343 388 388 388 388 388 388 388 388 -56 530 388 388 388 388 388 493 992 593 -327 169 388 388 388 388 388 984 539 388 388 388 388 -427 512 388 388 388 388 -47 1004 480 388 388 388 388 -43 658 388 388 388
-110 -81 -81 -81 -81 -81 -81 -81 -81 -330 -32 -81 -81 -81 -81 -81 734 272 507 -219 363 -81 -81 -81 -81 -81 -440 38 -81 -81 -81 -81 -1064 248 -81 -81 -81 -81 -335 30 -108 -81 -81 -81 -81 -269 139 -81 -81 -81
304 575 575 575 575 575 575 575 575 86 822 575 575 575 575 575 318 970 583 -446 277 575 575 575 575 575 1202 680 575 575 575 575 -272 705 575 575 575 575 161 1280 655 575 575 575 575 68 774 575 575 575
343 388 388 388 388 388 388 388 388 -56 530 388 388 388 388 388 493 992 593 -327 169 388 388 388 388 388 984 539 388 388 388 388 -427 512 388 388 388 388 -47 1004 480 388 388 388 388 -43 658 388 388 388
343 388 388 388 388 388 388 388 388 -56 530 388 388 388 388 388 493 992 593 -327 169 388 388 388 388 388 984 539 388 388 388 388 -427 512 388 388 388 388 -47 1004 480 388 388 388 388 -43 658 388 388 388
343 388 388 388 388 388 388 388 388 -56 530 388 388 388 388 388 493 992 593 -327 169 388 388 388 388 388 984 539 388 388 388 388 -427 512 388 388 388 388 -47 1004 480 388 388 388 388 -43 658 388 388 388
343 388 388 388 388 388 388 388 388 -56 530 388 388 388 388 388 493 992 593 -327 169 388 388 388 388 388 984 539 388 388 388 388 -427 512 388 388 388 388 -47 1004 480 388 388 388 388 -43 658 388 388 388
226 -688 -688 -688 -688 -688 -688 -688 -688 -1241 -1219 -688 -688 -688 -688 -688 -888 -154 -399 -401 160 -688 -688 -688 -688 -688 -509 -539 -688 -688 -688 -688 -1155 497 -688 -688 -688 -688 -1082 115 -572 -688 -688 -688 -688 -1562 847 -688 -688 -688
194 -41 -41 -41 -41 -41 -41 -41 -41 760 -427 -41 -41 -41 -41 -41 102 395 561 1778 -1259 -41 -41 -41 -41 -41 190 -173 -41 -41 -41 -41 1874 -875 -41 -41 -41 -41 207 -673 -64 -41 -41 -41 -41 966 -194 -41 -41 -41
343 388 388 388 388 388 388 388 388 -56 530 388 388 388 388 388 493 992 593 -327 169 388 388 388 388 388 984 539 388 388 388 388 -427 512 388 388 388 388 -47 1004 480 388 388 388 388 -43 658 388 388 388
343 388 388 388 388 388 388 388 388 -56 530 388 388 388 388 388 493 992 593 -327 169 388 388 388 388 388 984 539 388 388 388 388 -427 512 388 388 388 388 -47 1004 480 388 388 388 388 -43 658 388 388 388
343 388 388 388 388 388 388 388 388 -56 530 388 388 388 388 388 493 992 593 -327 169 388 388 388 388 388 984 539 388 388 388 388 -427 512 388 388 388 388 -47 1004 480 388 388 388 388 -43 658 388 388 388
343 388 388 388 388 388 388 388 388 -56 530 388 388 388 388 388 493 992 593 -327 169 388 388 388 388 388 984 539 388 388 388 388 -427 512 388 388 388 388 -47 1004 480 388 388 388 388 -43 658 388 388 388
347 -2 -2 -2 -2 -2 -2 -2 -2 -639 82 -2 -2 -2 -2 -2 213 858 414 -607 202 -2 -2 -2 -2 -2 746 216 -2 -2 -2 -2 -1036 494 -2 -2 -2 -2 -522 776 124 -2 -2 -2 -2 -432 611 -2 -2 -2
36 -219 -219 -219 -219 -219 -219 -219 -219 177 -379 -219 -219 -219 -219 -219 1436 498 593 749 -684 -219 -219 -219 -219 -219 -358 -98 -219 -219 -219 -219 77 -1049 -219 -219 -219 -219 -224 -1077 -237 -219 -219 -219 -219 678 -772 -219 -219 -219
336 441 441 441 441 441 441 441 441 -46 635 441 441 441 441 441 426 990 576 -421 224 441 441 441 441 441 1095 583 441 441 441 441 -443 588 441 441 441 441 4 1148 533 441 441 441 441 -29 698 441 441 441
343 388 388 388 388 388 388 388 388 -56 530 388 388 388 388 388 493 992 593 -327 169 388 388 388 388 388 984 539 388 388 388 388 -427 512 388 388 388 388 -47 1004 480 388 388 388 388 -43 658 388 388 388
343 388 388 388 388 388 388 388 388 -56 530 388 388 388 388 388 493 992 593 -327 169 388 388 388 388 388 984 539 388 388 388 388 -427 512 388 388 388 388 -47 1004 480 388 388 388 388 -43 658 388 388 388
343 388 388 388 388 388 388 388 388 -56 530 388 388 388 388 388 493 992 593 -327 169 388 388 388 388 388 984 539 388 388 388 388 -427 512 388 388 388 388 -47 1004 480 388 388 388 388 -43 658 388 388 388
343 388 388 388 388 388 388 388 388 -56 530 388 388 388 388 388 493 992 593 -327 169 388 388 388 388 388 984 539 388 388 388 388 -427 512 388 388 388 388 -47 1004 480 388 388 388 388 -43 658 388 388 388
154 -810 -810 -810 -810 -810 -810 -810 -810 -1221 -779 -810 -810 -810 -810 -810 -585 1230 994 562 -175 -810 -810 -810 -810 -810 -187 -728 -810 -810 -810 -810 -1575 1045 -810 -810 -810 -810 -1110 1341 -764 -810 -810 -810 -810 -1149 1154 -810 -810 -810
125 354 354 354 354 354 354 354 354 922 315 354 354 354 354 354 -214 12 -7 829 -694 354 354 354 354 354 876 139 354 354 354 354 1805 -561 354 354 354 354 625 154 325 354 354 354 354 1138 -341 354 354 354
343 388 388 388 388 388 388 388 388 -56 530 388 388 388 388 388 493 992 593 -327 169 388 388 388 388 388 984 539 388 388 388 388 -427 512 388 388 388 388 -47 1004 480 388 388 388 388 -43 658 388 388 388
343 388 388 388 388 388 388 388 388 -56 530 388 388 388 388 388 493 992 593 -327 169 388 388 388 388 388 984 539 388 388 388 388 -427 512 388 388 388 388 -47 1004 480 388 388 388 388 -43 658 388 388 388
343 388 388 388 388 388 388 388 388 -56 530 388 388 388 388 388 493 992 593 -327 169 388 388 388 388 388 984 539 388 388 388 388 -427 512 388 388 388 388 -47 1004 480 388 388 388 388 -43 658 388 388 388
