0 -155 -155 -155 -155 -155 -155 -155 -155 -233 -183 -155 -155 -155 -155 -155 -63 -28 101 54 -24 -155 -155 -155 -155 -155 98 -175 -155 -155 -155 -155 -220 -12 -155 -155 -155 -155 -204 186 -166 -155 -155 -155 -155 42 -12 -155 -155 -155
-14 -1833 -1833 -1833 -1833 -1833 -1833 -1833 -1833 -2961 -1910 -1833 -1833 -1833 -1833 -1833 -1295 330 1203 112 896 -1833 -1833 -1833 -1833 -1833 -89 -1757 -1833 -1833 -1833 -1833 -3898 1159 -1833 -1833 -1833 -1833 -2286 1808 -1827 -1833 -1833 -1833 -1833 -405 1065 -1833 -1833 -1833
-14 -1833 -1833 -1833 -1833 -1833 -1833 -1833 -1833 -2961 -1910 -1833 -1833 -1833 -1833 -1833 -1295 330 1203 112 896 -1833 -1833 -1833 -1833 -1833 -89 -1757 -1833 -1833 -1833 -1833 -3898 1159 -1833 -1833 -1833 -1833 -2286 1808 -1827 -1833 -1833 -1833 -1833 -405 1065 -1833 -1833 -1833
-14 -1833 -1833 -1833 -1833 -1833 -1833 -1833 -1833 -2961 -1910 -1833 -1833 -1833 -1833 -1833 -1295 330 1203 112 896 -1833 -1833 -1833 -1833 -1833 -89 -1757 -1833 -1833 -1833 -1833 -3898 1159 -1833 -1833 -1833 -1833 -2286 1808 -1827 -1833 -1833 -1833 -1833 -405 1065 -1833 -1833 -1833
-14 -1833 -1833 -1833 -1833 -1833 -1833 -1833 -1833 -2961 -1910 -1833 -1833 -1833 -1833 -1833 -1295 330 1203 112 896 -1833 -1833 -1833 -1833 -1833 -89 -1757 -1833 -1833 -1833 -1833 -3898 1159 -1833 -1833 -1833 -1833 -2286 1808 -1827 -1833 -1833 -1833 -1833 -405 1065 -1833 -1833 -1833
-14 -1833 -1833 -1833 -1833 -1833 -1833 -1833 -1833 -2961 -1910 -1833 -1833 -1833 -1833 -1833 -1295 330 1203 112 896 -1833 -1833 -1833 -1833 -1833 -89 -1757 -1833 -1833 -1833 -1833 -3898 1159 -1833 -1833 -1833 -1833 -2286 1808 -1827 -1833 -1833 -1833 -1833 -405 1065 -1833 -1833 -1833
-14 -1833 -1833 -1833 -1833 -1833 -1833 -1833 -1833 -2961 -1910 -1833 -1833 -1833 -1833 -1833 -1295 330 1203 112 896 -1833 -1833 -1833 -1833 -1833 -89 -1757 -1833 -1833 -1833 -1833 -3898 1159 -1833 -1833 -1833 -1833 -2286 1808 -1827 -1833 -1833 -1833 -1833 -405 1065 -1833 -1833 -1833
-14 -1833 -1833 -1833 -1833 -1833 -1833 -1833 -1833 -2961 -1910 -1833 -1833 -1833 -1833 -1833 -1295 330 1203 112 896 -1833 -1833 -1833 -1833 -1833 -89 -1757 -1833 -1833 -1833 -1833 -3898 1159 -1833 -1833 -1833 -1833 -2286 1808 -1827 -1833 -1833 -1833 -1833 -405 1065 -1833 -1833 -1833
-14 -1833 -1833 -1833 -1833 -1833 -1833 -1833 -1833 -2961 -1910 -1833 -1833 -1833 -1833 -1833 -1295 330 1203 112 896 -1833 -1833 -1833 -1833 -1833 -89 -1757 -1833 -1833 -1833 -1833 -3898 1159 -1833 -1833 -1833 -1833 -2286 1808 -1827 -1833 -1833 -1833 -1833 -405 1065 -1833 -1833 -1833
-19 -2610 -2610 -2610 -2610 -2610 -2610 -2610 -2610 -3504 -2847 -2610 -2610 -2610 -2610 -2610 -1815 349 1642 1113 -52 -2610 -2610 -2610 -2610 -2610 -62 -2624 -2610 -2610 -2610 -2610 -3772 638 -2610 -2610 -2610 -2610 -3037 1621 -2653 -2610 -2610 -2610 -2610 -641 868 -2610 -2610 -2610
-90 -1249 -1249 -1249 -1249 -1249 -1249 -1249 -1249 -2186 -1580 -1249 -1249 -1249 -1249 -1249 -562 692 1430 181 402 -1249 -1249 -1249 -1249 -1249 -322 -1070 -1249 -1249 -1249 -1249 -3351 567 -1249 -1249 -1249 -1249 -1633 808 -1218 -1249 -1249 -1249 -1249 -10 873 -1249 -1249 -1249
-14 -1833 -1833 -1833 -1833 -1833 -1833 -1833 -1833 -2961 -1910 -1833 -1833 -1833 -1833 -1833 -1295 330 1203 112 896 -1833 -1833 -1833 -1833 -1833 -89 -1757 -1833 -1833 -1833 -1833 -3898 1159 -1833 -1833 -1833 -1833 -2286 1808 -1827 -1833 -1833 -1833 -1833 -405 1065 -1833 -1833 -1833
-14 -1833 -1833 -1833 -1833 -1833 -1833 -1833 -1833 -2961 -1910 -1833 -1833 -1833 -1833 -1833 -1295 330 1203 112 896 -1833 -1833 -1833 -1833 -1833 -89 -1757 -1833 -1833 -1833 -1833 -3898 1159 -1833 -1833 -1833 -1833 -2286 1808 -1827 -1833 -1833 -1833 -1833 -405 1065 -1833 -1833 -1833
-14 -1833 -1833 -1833 -1833 -1833 -1833 -1833 -1833 -2961 -1910 -1833 -1833 -1833 -1833 -1833 -1295 330 1203 112 896 -1833 -1833 -1833 -1833 -1833 -89 -1757 -1833 -1833 -1833 -1833 -3898 1159 -1833 -1833 -1833 -1833 -2286 1808 -1827 -1833 -1833 -1833 -1833 -405 1065 -1833 -1833 -1833
-14 -1833 -1833 -1833 -1833 -1833 -1833 -1833 -1833 -2961 -1910 -1833 -1833 -1833 -1833 -1833 -1295 330 1203 112 896 -1833 -1833 -1833 -1833 -1833 -89 -1757 -1833 -1833 -1833 -1833 -3898 1159 -1833 -1833 -1833 -1833 -2286 1808 -1827 -1833 -1833 -1833 -1833 -405 1065 -1833 -1833 -1833
-14 -1833 -1833 -1833 -1833 -1833 -1833 -1833 -1833 -2961 -1910 -1833 -1833 -1833 -1833 -1833 -1295 330 1203 112 896 -1833 -1833 -1833 -1833 -1833 -89 -1757 -1833 -1833 -1833 -1833 -3898 1159 -1833 -1833 -1833 -1833 -2286 1808 -1827 -1833 -1833 -1833 -1833 -405 1065 -1833 -1833 -1833
-102 -1734 -1734 -1734 -1734 -1734 -1734 -1734 -1734 -2403 -1450 -1734 -1734 -1734 -1734 -1734 -1107 -515 -83 -581 -155 -1734 -1734 -1734 -1734 -1734 191 -1666 -1734 -1734 -1734 -1734 -2331 -371 -1734 -1734 -1734 -1734 -2039 389 -1723 -1734 -1734 -1734 -1734 -306 -565 -1734 -1734 -1734
-165 -19 -19 -19 -19 -19 -19 -19 -19 -458 429 -19 -19 -19 -19 -19 -1233 -1170 -846 -1080 2183 -19 -19 -19 -19 -19 -1382 88 -19 -19 -19 -19 -421 1822 -19 -19 -19 -19 -168 -397 3 -19 -19 -19 -19 -879 990 -19 -19 -19
-83 888 888 888 888 888 888 888 888 813 1118 888 888 888 888 888 -339 -501 -734 -660 1632 888 888 888 888 888 -577 836 888 888 888 888 989 1607 888 888 888 888 965 323 903 888 888 888 888 96 1113 888 888 888
-121 449 449 449 449 449 449 449 449 1240 119 449 449 449 449 449 -327 208 -257 892 -1195 449 449 449 449 449 79 213 449 449 449 449 2719 -221 449 449 449 449 754 -476 417 449 449 449 449 496 308 449 449 449
97 -772 -772 -772 -772 -772 -772 -772 -772 -1628 -593 -772 -772 -772 -772 -772 -1463 253 856 383 1621 -772 -772 -772 -772 -772 -1220 -602 -772 -772 -772 -772 -2096 1823 -772 -772 -772 -772 -1007 764 -715 -772 -772 -772 -772 -109 1810 -772 -772 -772
-14 -1833 -1833 -1833 -1833 -1833 -1833 -1833 -1833 -2961 -1910 -1833 -1833 -1833 -1833 -1833 -1295 330 1203 112 896 -1833 -1833 -1833 -1833 -1833 -89 -1757 -1833 -1833 -1833 -1833 -3898 1159 -1833 -1833 -1833 -1833 -2286 1808 -1827 -1833 -1833 -1833 -1833 -405 1065 -1833 -1833 -1833
-14 -1833 -1833 -1833 -1833 -1833 -1833 -1833 -1833 -2961 -1910 -1833 -1833 -1833 -1833 -1833 -1295 330 1203 112 896 -1833 -1833 -1833 -1833 -1833 -89 -1757 -1833 -1833 -1833 -1833 -3898 1159 -1833 -1833 -1833 -1833 -2286 1808 -1827 -1833 -1833 -1833 -1833 -405 1065 -1833 -1833 -1833
-14 -1833 -1833 -1833 -1833 -1833 -1833 -1833 -1833 -2961 -1910 -1833 -1833 -1833 -1833 -1833 -1295 330 1203 112 896 -1833 -1833 -1833 -1833 -1833 -89 -1757 -1833 -1833 -1833 -1833 -3898 1159 -1833 -1833 -1833 -1833 -2286 1808 -1827 -1833 -1833 -1833 -1833 -405 1065 -1833 -1833 -1833
-14 -1833 -1833 -1833 -1833 -1833 -1833 -1833 -1833 -2961 -1910 -1833 -1833 -1833 -1833 -1833 -1295 330 1203 112 896 -1833 -1833 -1833 -1833 -1833 -89 -1757 -1833 -1833 -1833 -1833 -3898 1159 -1833 -1833 -1833 -1833 -2286 1808 -1827 -1833 -1833 -1833 -1833 -405 1065 -1833 -1833 -1833
-14 -1833 -1833 -1833 -1833 -1833 -1833 -1833 -1833 -2961 -1910 -1833 -1833 -1833 -1833 -1833 -1295 330 1203 112 896 -1833 -1833 -1833 -1833 -1833 -89 -1757 -1833 -1833 -1833 -1833 -3898 1159 -1833 -1833 -1833 -1833 -2286 1808 -1827 -1833 -1833 -1833 -1833 -405 1065 -1833 -1833 -1833
-90 514 514 514 514 514 514 514 514 393 965 514 514 514 514 514 1274 -1061 -1871 -2480 -258 514 514 514 514 514 1416 560 514 514 514 514 47 -1725 514 514 514 514 485 -295 554 514 514 514 514 517 -2498 514 514 514
-31 -1828 -1828 -1828 -1828 -1828 -1828 -1828 -1828 -3178 -1853 -1828 -1828 -1828 -1828 -1828 -1594 250 1295 15 1544 -1828 -1828 -1828 -1828 -1828 -293 -1737 -1828 -1828 -1828 -1828 -4172 1840 -1828 -1828 -1828 -1828 -2368 2074 -1819 -1828 -1828 -1828 -1828 -461 1569 -1828 -1828 -1828
-14 -1833 -1833 -1833 -1833 -1833 -1833 -1833 -1833 -2961 -1910 -1833 -1833 -1833 -1833 -1833 -1295 330 1203 112 896 -1833 -1833 -1833 -1833 -1833 -89 -1757 -1833 -1833 -1833 -1833 -3898 1159 -1833 -1833 -1833 -1833 -2286 1808 -1827 -1833 -1833 -1833 -1833 -405 1065 -1833 -1833 -1833
-14 -1833 -1833 -1833 -1833 -1833 -1833 -1833 -1833 -2961 -1910 -1833 -1833 -1833 -1833 -1833 -1295 330 1203 112 896 -1833 -1833 -1833 -1833 -1833 -89 -1757 -1833 -1833 -1833 -1833 -3898 1159 -1833 -1833 -1833 -1833 -2286 1808 -1827 -1833 -1833 -1833 -1833 -405 1065 -1833 -1833 -1833
-14 -1833 -1833 -1833 -1833 -1833 -1833 -1833 -1833 -2961 -1910 -1833 -1833 -1833 -1833 -1833 -1295 330 1203 112 896 -1833 -1833 -1833 -1833 -1833 -89 -1757 -1833 -1833 -1833 -1833 -3898 1159 -1833 -1833 -1833 -1833 -2286 1808 -1827 -1833 -1833 -1833 -1833 -405 1065 -1833 -1833 -1833
-14 -1833 -1833 -1833 -1833 -1833 -1833 -1833 -1833 -2961 -1910 -1833 -1833 -1833 -1833 -1833 -1295 330 1203 112 896 -1833 -1833 -1833 -1833 -1833 -89 -1757 -1833 -1833 -1833 -1833 -3898 1159 -1833 -1833 -1833 -1833 -2286 1808 -1827 -1833 -1833 -1833 -1833 -405 1065 -1833 -1833 -1833
-100 -1812 -1812 -1812 -1812 -1812 -1812 -1812 -1812 -2292 -2769 -1812 -1812 -1812 -1812 -1812 -555 1507 1990 1368 -1965 -1812 -1812 -1812 -1812 -1812 1319 -1931 -1812 -1812 -1812 -1812 -2527 -784 -1812 -1812 -1812 -1812 -2120 1725 -1840 -1812 -1812 -1812 -1812 694 249 -1812 -1812 -1812
123 -366 -366 -366 -366 -366 -366 -366 -366 -899 -96 -366 -366 -366 -366 -366 -1811 -298 529 560 2583 -366 -366 -366 -366 -366 -2245 -231 -366 -366 -366 -366 -1282 2763 -366 -366 -366 -366 -452 269 -340 -366 -366 -366 -366 -880 2489 -366 -366 -366
-14 -1833 -1833 -1833 -1833 -1833 -1833 -1833 -1833 -2961 -1910 -1833 -1833 -1833 -1833 -1833 -1295 330 1203 112 896 -1833 -1833 -1833 -1833 -1833 -89 -1757 -1833 -1833 -1833 -1833 -3898 1159 -1833 -1833 -1833 -1833 -2286 1808 -1827 -1833 -1833 -1833 -1833 -405 1065 -1833 -1833 -1833
-14 -1833 -1833 -1833 -1833 -1833 -1833 -1833 -1833 -2961 -1910 -1833 -1833 -1833 -1833 -1833 -1295 330 1203 112 896 -1833 -1833 -1833 -1833 -1833 -89 -1757 -1833 -1833 -1833 -1833 -3898 1159 -1833 -1833 -1833 -1833 -2286 1808 -1827 -1833 -1833 -1833 -1833 -405 1065 -1833 -1833 -1833
-14 -1833 -1833 -1833 -1833 -1833 -1833 -1833 -1833 -2961 -1910 -1833 -1833 -1833 -1833 -1833 -1295 330 1203 112 896 -1833 -1833 -1833 -1833 -1833 -89 -1757 -1833 -1833 -1833 -1833 -3898 1159 -1833 -1833 -1833 -1833 -2286 1808 -1827 -1833 -1833 -1833 -1833 -405 1065 -1833 -1833 -1833
-14 -1833 -1833 -1833 -1833 -1833 -1833 -1833 -1833 -2961 -1910 -1833 -1833 -1833 -1833 -1833 -1295 330 1203 112 896 -1833 -1833 -1833 -1833 -1833 -89 -1757 -1833 -1833 -1833 -1833 -3898 1159 -1833 -1833 -1833 -1833 -2286 1808 -1827 -1833 -1833 -1833 -1833 -405 1065 -1833 -1833 -1833
-18 -2360 -2360 -2360 -2360 -2360 -2360 -2360 -2360 -3316 -2627 -2360 -2360 -2360 -2360 -2360 -1606 621 1669 942 26 -2360 -2360 -2360 -2360 -2360 15 -2347 -2360 -2360 -2360 -2360 -3794 765 -2360 -2360 -2360 -2360 -2795 1760 -2380 -2360 -2360 -2360 -2360 -445 1045 -2360 -2360 -2360
70 286 286 286 286 286 286 286 286 1000 1085 286 286 286 286 286 500 -1648 -2388 -1559 -245 286 286 286 286 286 -316 360 286 286 286 286 1278 -1635 286 286 286 286 660 -1890 313 286 286 286 286 -780 -2290 286 286 286
-22 -1877 -1877 -1877 -1877 -1877 -1877 -1877 -1877 -3083 -1919 -1877 -1877 -1877 -1877 -1877 -1423 250 1191 40 1121 -1877 -1877 -1877 -1877 -1877 -152 -1793 -1877 -1877 -1877 -1877 -4035 1361 -1877 -1877 -1877 -1877 -2363 1878 -1870 -1877 -1877 -1877 -1877 -472 1176 -1877 -1877 -1877
-14 -1833 -1833 -1833 -1833 -1833 -1833 -1833 -1833 -2961 -1910 -1833 -1833 -1833 -1833 -1833 -1295 330 1203 112 896 -1833 -1833 -1833 -1833 -1833 -89 -1757 -1833 -1833 -1833 -1833 -3898 1159 -1833 -1833 -1833 -1833 -2286 1808 -1827 -1833 -1833 -1833 -1833 -405 1065 -1833 -1833 -1833
-14 -1833 -1833 -1833 -1833 -1833 -1833 -1833 -1833 -2961 -1910 -1833 -1833 -1833 -1833 -1833 -1295 330 1203 112 896 -1833 -1833 -1833 -1833 -1833 -89 -1757 -1833 -1833 -1833 -1833 -3898 1159 -1833 -1833 -1833 -1833 -2286 1808 -1827 -1833 -1833 -1833 -1833 -405 1065 -1833 -1833 -1833
-14 -1833 -1833 -1833 -1833 -1833 -1833 -1833 -1833 -2961 -1910 -1833 -1833 -1833 -1833 -1833 -1295 330 1203 112 896 -1833 -1833 -1833 -1833 -1833 -89 -1757 -1833 -1833 -1833 -1833 -3898 1159 -1833 -1833 -1833 -1833 -2286 1808 -1827 -1833 -1833 -1833 -1833 -405 1065 -1833 -1833 -1833
-14 -1833 -1833 -1833 -1833 -1833 -1833 -1833 -1833 -2961 -1910 -1833 -1833 -1833 -1833 -1833 -1295 330 1203 112 896 -1833 -1833 -1833 -1833 -1833 -89 -1757 -1833 -1833 -1833 -1833 -3898 1159 -1833 -1833 -1833 -1833 -2286 1808 -1827 -1833 -1833 -1833 -1833 -405 1065 -1833 -1833 -1833
-165 -342 -342 -342 -342 -342 -342 -342 -342 -816 -785 -342 -342 -342 -342 -342 700 1409 368 -760 -1610 -342 -342 -342 -342 -342 1745 -321 -342 -342 -342 -342 -1527 -1169 -342 -342 -342 -342 -541 1316 -256 -342 -342 -342 -342 1185 -540 -342 -342 -342
113 -772 -772 -772 -772 -772 -772 -772 -772 -1212 -323 -772 -772 -772 -772 -772 -2134 -808 119 498 2795 -772 -772 -772 -772 -772 -1770 -840 -772 -772 -772 -772 -1218 3151 -772 -772 -772 -772 -865 1280 -813 -772 -772 -772 -772 -1430 2459 -772 -772 -772
-14 -1833 -1833 -1833 -1833 -1833 -1833 -1833 -1833 -2961 -1910 -1833 -1833 -1833 -1833 -1833 -1295 330 1203 112 896 -1833 -1833 -1833 -1833 -1833 -89 -1757 -1833 -1833 -1833 -1833 -3898 1159 -1833 -1833 -1833 -1833 -2286 1808 -1827 -1833 -1833 -1833 -1833 -405 1065 -1833 -1833 -1833
-14 -1833 -1833 -1833 -1833 -1833 -1833 -1833 -1833 -2961 -1910 -1833 -1833 -1833 -1833 -1833 -1295 330 1203 112 896 -1833 -1833 -1833 -1833 -1833 -89 -1757 -1833 -1833 -1833 -1833 -3898 1159 -1833 -1833 -1833 -1833 -2286 1808 -1827 -1833 -1833 -1833 -1833 -405 1065 -1833 -1833 -1833
-14 -1833 -1833 -1833 -1833 -1833 -1833 -1833 -1833 -2961 -1910 -1833 -1833 -1833 -1833 -1833 -1295 330 1203 112 896 -1833 -1833 -1833 -1833 -1833 -89 -1757 -1833 -1833 -1833 -1833 -3898 1159 -1833 -1833 -1833 -1833 -2286 1808 -1827 -1833 -1833 -1833 -1833 -405 1065 -1833 -1833 -1833
