-2450 -4094 870 1262 -123 -1243 2313 -1893 11 236 1105 -2790 -696 -2255 -3625 -3775 -51 -1441 -1827 -5213 -4183 965 -2455 1649 -3253 2481 320 -675 2686 1878 -367 -475 1748 1876 -1006 3431 -1607 1398 4001 34 246 -1501 -2083 572 2048 -372 -3330 340 332 -1086 -1109 3729 -605 -468 -865 -1949 2980 -1362 -797 3834 -623 -2001 -224 3597
1380 -6021 1203 -47 6262 -2063 -1841 -2323 3879 -1822 -837 -1978 -3862 1544 -1759 -4089 -3981 361 -5729 -3860 -6930 -3474 -1857 -2534 -5760 2534 -120 -4040 2314 1327 -2449 2895 5718 1902 -1496 2930 -3742 1138 1440 -3132 1779 -1086 2023 1112 54 2803 -6198 -331 -1075 1178 1876 1547 -3707 -4197 -344 2348 448 3610 4295 7534 -1014 -4373 814 2676
1380 -6021 1203 -47 6262 -2063 -1841 -2323 3879 -1822 -837 -1978 -3862 1544 -1759 -4089 -3981 361 -5729 -3860 -6930 -3474 -1857 -2534 -5760 2534 -120 -4040 2314 1327 -2449 2895 5718 1902 -1496 2930 -3742 1138 1440 -3132 1779 -1086 2023 1112 54 2803 -6198 -331 -1075 1178 1876 1547 -3707 -4197 -344 2348 448 3610 4295 7534 -1014 -4373 814 2676
1380 -6021 1203 -47 6262 -2063 -1841 -2323 3879 -1822 -837 -1978 -3862 1544 -1759 -4089 -3981 361 -5729 -3860 -6930 -3474 -1857 -2534 -5760 2534 -120 -4040 2314 1327 -2449 2895 5718 1902 -1496 2930 -3742 1138 1440 -3132 1779 -1086 2023 1112 54 2803 -6198 -331 -1075 1178 1876 1547 -3707 -4197 -344 2348 448 3610 4295 7534 -1014 -4373 814 2676
1380 -6021 1203 -47 6262 -2063 -1841 -2323 3879 -1822 -837 -1978 -3862 1544 -1759 -4089 -3981 361 -5729 -3860 -6930 -3474 -1857 -2534 -5760 2534 -120 -4040 2314 1327 -2449 2895 5718 1902 -1496 2930 -3742 1138 1440 -3132 1779 -1086 2023 1112 54 2803 -6198 -331 -1075 1178 1876 1547 -3707 -4197 -344 2348 448 3610 4295 7534 -1014 -4373 814 2676
1380 -6021 1203 -47 6262 -2063 -1841 -2323 3879 -1822 -837 -1978 -3862 1544 -1759 -4089 -3981 361 -5729 -3860 -6930 -3474 -1857 -2534 -5760 2534 -120 -4040 2314 1327 -2449 2895 5718 1902 -1496 2930 -3742 1138 1440 -3132 1779 -1086 2023 1112 54 2803 -6198 -331 -1075 1178 1876 1547 -3707 -4197 -344 2348 448 3610 4295 7534 -1014 -4373 814 2676
1380 -6021 1203 -47 6262 -2063 -1841 -2323 3879 -1822 -837 -1978 -3862 1544 -1759 -4089 -3981 361 -5729 -3860 -6930 -3474 -1857 -2534 -5760 2534 -120 -4040 2314 1327 -2449 2895 5718 1902 -1496 2930 -3742 1138 1440 -3132 1779 -1086 2023 1112 54 2803 -6198 -331 -1075 1178 1876 1547 -3707 -4197 -344 2348 448 3610 4295 7534 -1014 -4373 814 2676
1380 -6021 1203 -47 6262 -2063 -1841 -2323 3879 -1822 -837 -1978 -3862 1544 -1759 -4089 -3981 361 -5729 -3860 -6930 -3474 -1857 -2534 -5760 2534 -120 -4040 2314 1327 -2449 2895 5718 1902 -1496 2930 -3742 1138 1440 -3132 1779 -1086 2023 1112 54 2803 -6198 -331 -1075 1178 1876 1547 -3707 -4197 -344 2348 448 3610 4295 7534 -1014 -4373 814 2676
1380 -6021 1203 -47 6262 -2063 -1841 -2323 3879 -1822 -837 -1978 -3862 1544 -1759 -4089 -3981 361 -5729 -3860 -6930 -3474 -1857 -2534 -5760 2534 -120 -4040 2314 1327 -2449 2895 5718 1902 -1496 2930 -3742 1138 1440 -3132 1779 -1086 2023 1112 54 2803 -6198 -331 -1075 1178 1876 1547 -3707 -4197 -344 2348 448 3610 4295 7534 -1014 -4373 814 2676
1207 -5776 2979 -65 5416 -1092 -939 -2219 3518 -2031 255 -2041 -3850 -4 -3660 -3734 -4383 1928 -5022 -1642 -6387 -3230 -2046 -2959 -6740 2708 -737 -1953 4265 1580 -2565 921 3397 1314 -1014 2216 -5056 1735 1035 -3097 -2 -2031 1461 2249 1192 3446 -5564 -1778 -1951 2499 704 2393 -3034 -4740 1240 2772 2021 2773 3414 9358 667 -4711 2228 615
2875 -7032 977 693 4981 -1220 172 -1249 3308 -1936 -609 -1716 -3720 215 -3633 -2978 -4014 920 -7316 -3160 -6358 -2158 330 -3106 -4462 5144 -877 -2868 2702 1128 -3877 2143 4349 1815 1304 4806 -4718 -220 724 -1578 686 -2647 1584 2610 332 1163 -4722 -188 1677 578 1353 1381 -2136 -4408 2001 2815 -472 2549 4346 7202 -235 -3382 1635 2498
1380 -6021 1203 -47 6262 -2063 -1841 -2323 3879 -1822 -837 -1978 -3862 1544 -1759 -4089 -3981 361 -5729 -3860 -6930 -3474 -1857 -2534 -5760 2534 -120 -4040 2314 1327 -2449 2895 5718 1902 -1496 2930 -3742 1138 1440 -3132 1779 -1086 2023 1112 54 2803 -6198 -331 -1075 1178 1876 1547 -3707 -4197 -344 2348 448 3610 4295 7534 -1014 -4373 814 2676
1380 -6021 1203 -47 6262 -2063 -1841 -2323 3879 -1822 -837 -1978 -3862 1544 -1759 -4089 -3981 361 -5729 -3860 -6930 -3474 -1857 -2534 -5760 2534 -120 -4040 2314 1327 -2449 2895 5718 1902 -1496 2930 -3742 1138 1440 -3132 1779 -1086 2023 1112 54 2803 -6198 -331 -1075 1178 1876 1547 -3707 -4197 -344 2348 448 3610 4295 7534 -1014 -4373 814 2676
1380 -6021 1203 -47 6262 -2063 -1841 -2323 3879 -1822 -837 -1978 -3862 1544 -1759 -4089 -3981 361 -5729 -3860 -6930 -3474 -1857 -2534 -5760 2534 -120 -4040 2314 1327 -2449 2895 5718 1902 -1496 2930 -3742 1138 1440 -3132 1779 -1086 2023 1112 54 2803 -6198 -331 -1075 1178 1876 1547 -3707 -4197 -344 2348 448 3610 4295 7534 -1014 -4373 814 2676
1380 -6021 1203 -47 6262 -2063 -1841 -2323 3879 -1822 -837 -1978 -3862 1544 -1759 -4089 -3981 361 -5729 -3860 -6930 -3474 -1857 -2534 -5760 2534 -120 -4040 2314 1327 -2449 2895 5718 1902 -1496 2930 -3742 1138 1440 -3132 1779 -1086 2023 1112 54 2803 -6198 -331 -1075 1178 1876 1547 -3707 -4197 -344 2348 448 3610 4295 7534 -1014 -4373 814 2676
1380 -6021 1203 -47 6262 -2063 -1841 -2323 3879 -1822 -837 -1978 -3862 1544 -1759 -4089 -3981 361 -5729 -3860 -6930 -3474 -1857 -2534 -5760 2534 -120 -4040 2314 1327 -2449 2895 5718 1902 -1496 2930 -3742 1138 1440 -3132 1779 -1086 2023 1112 54 2803 -6198 -331 -1075 1178 1876 1547 -3707 -4197 -344 2348 448 3610 4295 7534 -1014 -4373 814 2676
-926 -4213 -283 303 2884 -3498 -1607 -4594 582 -912 -418 -1649 -4599 379 -733 -4396 -1726 411 -2445 -3564 -4615 -3767 -4680 -1077 -4599 -288 -905 -2264 2372 2265 1419 564 6077 389 -4342 -12 -2718 2720 2599 -1914 284 1839 -1783 1967 845 2673 -5162 352 -2539 433 1202 4265 -3643 -1524 -2000 1508 2602 1432 652 5025 -1974 -5225 1652 3706
-4330 -2029 1456 -196 1599 -607 1468 -7516 -189 -682 900 -2457 -1069 2117 565 -3940 -516 -1343 882 -6341 -2742 -294 -3931 1032 -3108 -3345 -2248 -2238 1085 2595 3276 -1808 6153 783 -4169 2270 -122 3441 5296 -1860 266 1487 -2808 -2077 1495 3802 -3747 5348 -3268 -3174 -50 5772 -2116 1029 -4999 -1203 4239 -1014 -2229 4107 -2368 -4059 -262 7151
-4259 -1638 1505 -1434 2245 664 1322 -6439 -942 9 1606 -1101 1745 1145 74 -3954 -289 -1551 165 -7559 -1250 -311 -3774 1981 -2524 -3147 27 -2128 2595 2472 1527 146 6745 1518 -6333 3197 983 2546 7150 -1886 1924 2886 -1978 -2927 1404 3121 -1277 5074 -3273 -3991 1047 5101 -2550 985 -4660 -3024 3270 277 -2423 4961 -2513 -2458 -866 7936
-6299 -2680 3913 -1036 713 349 1807 -6188 -207 -879 2381 -2674 1289 -1414 -2204 -2809 -1719 -556 2770 -5503 651 527 -5605 444 -2743 -4106 -512 1097 3528 3701 2723 -1774 2180 287 -5075 3833 -118 4049 6118 -887 -1783 1247 -3781 -315 2472 2687 -458 3132 -3560 -2860 -2386 5099 -1780 -1223 -1415 -2575 6735 -1717 -5481 7056 -1206 -3140 -944 6689
-1403 -4943 4524 -1882 4272 -117 1232 -4162 1884 -1278 1807 -1352 884 678 -2097 -5297 -2882 -2112 -7376 -5888 -6416 -532 -2016 1727 -2820 4874 735 -6010 1759 578 -2523 1748 4558 2709 296 6145 -887 -376 1275 -1770 4864 -618 2369 -2563 1333 3206 -4216 2946 4625 -2657 -241 3733 -3839 -2373 -61 -13 -646 4062 1935 6018 673 305 -1152 5303
1380 -6021 1203 -47 6262 -2063 -1841 -2323 3879 -1822 -837 -1978 -3862 1544 -1759 -4089 -3981 361 -5729 -3860 -6930 -3474 -1857 -2534 -5760 2534 -120 -4040 2314 1327 -2449 2895 5718 1902 -1496 2930 -3742 1138 1440 -3132 1779 -1086 2023 1112 54 2803 -6198 -331 -1075 1178 1876 1547 -3707 -4197 -344 2348 448 3610 4295 7534 -1014 -4373 814 2676
1380 -6021 1203 -47 6262 -2063 -1841 -2323 3879 -1822 -837 -1978 -3862 1544 -1759 -4089 -3981 361 -5729 -3860 -6930 -3474 -1857 -2534 -5760 2534 -120 -4040 2314 1327 -2449 2895 5718 1902 -1496 2930 -3742 1138 1440 -3132 1779 -1086 2023 1112 54 2803 -6198 -331 -1075 1178 1876 1547 -3707 -4197 -344 2348 448 3610 4295 7534 -1014 -4373 814 2676
1380 -6021 1203 -47 6262 -2063 -1841 -2323 3879 -1822 -837 -1978 -3862 1544 -1759 -4089 -3981 361 -5729 -3860 -6930 -3474 -1857 -2534 -5760 2534 -120 -4040 2314 1327 -2449 2895 5718 1902 -1496 2930 -3742 1138 1440 -3132 1779 -1086 2023 1112 54 2803 -6198 -331 -1075 1178 1876 1547 -3707 -4197 -344 2348 448 3610 4295 7534 -1014 -4373 814 2676
1380 -6021 1203 -47 6262 -2063 -1841 -2323 3879 -1822 -837 -1978 -3862 1544 -1759 -4089 -3981 361 -5729 -3860 -6930 -3474 -1857 -2534 -5760 2534 -120 -4040 2314 1327 -2449 2895 5718 1902 -1496 2930 -3742 1138 1440 -3132 1779 -1086 2023 1112 54 2803 -6198 -331 -1075 1178 1876 1547 -3707 -4197 -344 2348 448 3610 4295 7534 -1014 -4373 814 2676
1380 -6021 1203 -47 6262 -2063 -1841 -2323 3879 -1822 -837 -1978 -3862 1544 -1759 -4089 -3981 361 -5729 -3860 -6930 -3474 -1857 -2534 -5760 2534 -120 -4040 2314 1327 -2449 2895 5718 1902 -1496 2930 -3742 1138 1440 -3132 1779 -1086 2023 1112 54 2803 -6198 -331 -1075 1178 1876 1547 -3707 -4197 -344 2348 448 3610 4295 7534 -1014 -4373 814 2676
2055 -2181 -3603 3773 -1508 -2514 2820 413 -365 -336 602 -353 24 -2269 -13 -2664 1478 340 -3070 -7281 -2497 -1097 240 -621 -481 3516 -76 1654 3885 2482 -1848 -519 5265 3192 -2442 163 -2934 -282 3785 1913 -382 899 -2972 1096 1630 -1412 -1340 1616 -1617 934 1252 640 655 434 -2890 -3260 2372 -3974 1022 3919 -4076 -2331 2775 3225
334 -5696 1905 -388 6123 -1570 -1288 -3193 3451 -2151 -561 -1963 -3056 1974 -1670 -4080 -3834 201 -5301 -3940 -6285 -2654 -2269 -1599 -5865 1946 -93 -4468 2318 917 -1652 2831 5563 2559 -1304 3476 -2885 661 1260 -3151 1720 -800 1692 394 315 3145 -6320 381 -1309 562 2118 1963 -4154 -3743 -191 2392 467 3654 3713 7472 -1057 -4291 1 3387
1380 -6021 1203 -47 6262 -2063 -1841 -2323 3879 -1822 -837 -1978 -3862 1544 -1759 -4089 -3981 361 -5729 -3860 -6930 -3474 -1857 -2534 -5760 2534 -120 -4040 2314 1327 -2449 2895 5718 1902 -1496 2930 -3742 1138 1440 -3132 1779 -1086 2023 1112 54 2803 -6198 -331 -1075 1178 1876 1547 -3707 -4197 -344 2348 448 3610 4295 7534 -1014 -4373 814 2676
1380 -6021 1203 -47 6262 -2063 -1841 -2323 3879 -1822 -837 -1978 -3862 1544 -1759 -4089 -3981 361 -5729 -3860 -6930 -3474 -1857 -2534 -5760 2534 -120 -4040 2314 1327 -2449 2895 5718 1902 -1496 2930 -3742 1138 1440 -3132 1779 -1086 2023 1112 54 2803 -6198 -331 -1075 1178 1876 1547 -3707 -4197 -344 2348 448 3610 4295 7534 -1014 -4373 814 2676
1380 -6021 1203 -47 6262 -2063 -1841 -2323 3879 -1822 -837 -1978 -3862 1544 -1759 -4089 -3981 361 -5729 -3860 -6930 -3474 -1857 -2534 -5760 2534 -120 -4040 2314 1327 -2449 2895 5718 1902 -1496 2930 -3742 1138 1440 -3132 1779 -1086 2023 1112 54 2803 -6198 -331 -1075 1178 1876 1547 -3707 -4197 -344 2348 448 3610 4295 7534 -1014 -4373 814 2676
1380 -6021 1203 -47 6262 -2063 -1841 -2323 3879 -1822 -837 -1978 -3862 1544 -1759 -4089 -3981 361 -5729 -3860 -6930 -3474 -1857 -2534 -5760 2534 -120 -4040 2314 1327 -2449 2895 5718 1902 -1496 2930 -3742 1138 1440 -3132 1779 -1086 2023 1112 54 2803 -6198 -331 -1075 1178 1876 1547 -3707 -4197 -344 2348 448 3610 4295 7534 -1014 -4373 814 2676
-951 -5458 2542 2327 3773 -2827 -1086 -1458 4540 -2921 -1284 -3531 -3082 -2053 -5230 -2644 -5924 2925 -2781 -740 -4655 -904 -3598 -2729 -4260 992 1031 1696 5376 2737 -820 1129 -642 843 -2315 3911 -4310 2400 1123 -95 -3956 -2258 -310 3366 469 957 -3777 -3669 -3775 996 -1276 1673 -2722 -5107 3280 2591 4431 1062 2416 10046 1127 -5218 1614 1097
-2083 -3732 4642 -1020 4277 1028 1422 -5051 1509 -262 1041 -1165 1984 1398 -1867 -4272 -2128 -2941 -5415 -7275 -6820 321 -1508 2606 -2932 3622 -300 -5152 1082 1906 -2537 -202 4996 1672 -456 6842 217 334 3527 -2129 5300 -1141 2016 -4020 1432 3374 -3840 4648 4184 -4137 -1659 4910 -2269 -899 -1803 -1627 496 2375 581 5156 1231 910 -1881 5107
1380 -6021 1203 -47 6262 -2063 -1841 -2323 3879 -1822 -837 -1978 -3862 1544 -1759 -4089 -3981 361 -5729 -3860 -6930 -3474 -1857 -2534 -5760 2534 -120 -4040 2314 1327 -2449 2895 5718 1902 -1496 2930 -3742 1138 1440 -3132 1779 -1086 2023 1112 54 2803 -6198 -331 -1075 1178 1876 1547 -3707 -4197 -344 2348 448 3610 4295 7534 -1014 -4373 814 2676
1380 -6021 1203 -47 6262 -2063 -1841 -2323 3879 -1822 -837 -1978 -3862 1544 -1759 -4089 -3981 361 -5729 -3860 -6930 -3474 -1857 -2534 -5760 2534 -120 -4040 2314 1327 -2449 2895 5718 1902 -1496 2930 -3742 1138 1440 -3132 1779 -1086 2023 1112 54 2803 -6198 -331 -1075 1178 1876 1547 -3707 -4197 -344 2348 448 3610 4295 7534 -1014 -4373 814 2676
1380 -6021 1203 -47 6262 -2063 -1841 -2323 3879 -1822 -837 -1978 -3862 1544 -1759 -4089 -3981 361 -5729 -3860 -6930 -3474 -1857 -2534 -5760 2534 -120 -4040 2314 1327 -2449 2895 5718 1902 -1496 2930 -3742 1138 1440 -3132 1779 -1086 2023 1112 54 2803 -6198 -331 -1075 1178 1876 1547 -3707 -4197 -344 2348 448 3610 4295 7534 -1014 -4373 814 2676
1380 -6021 1203 -47 6262 -2063 -1841 -2323 3879 -1822 -837 -1978 -3862 1544 -1759 -4089 -3981 361 -5729 -3860 -6930 -3474 -1857 -2534 -5760 2534 -120 -4040 2314 1327 -2449 2895 5718 1902 -1496 2930 -3742 1138 1440 -3132 1779 -1086 2023 1112 54 2803 -6198 -331 -1075 1178 1876 1547 -3707 -4197 -344 2348 448 3610 4295 7534 -1014 -4373 814 2676
1073 -6445 2298 -455 5744 -1290 -1689 -2525 3902 -2012 -46 -2228 -4152 397 -2897 -3923 -4733 1146 -5056 -2865 -6204 -3378 -2394 -2930 -6391 2201 -670 -2912 3137 1708 -2414 1641 4202 1071 -1478 3013 -4466 1852 1098 -3268 541 -1576 933 2074 398 3312 -5594 -1135 -1492 1751 627 1838 -3313 -5341 784 2779 1722 3206 3349 8195 17 -5069 1389 1727
2597 -3401 -1556 1478 -1437 -619 3159 -767 -1079 1518 1053 202 1186 -2266 -472 -3014 1087 -3179 -4547 -10177 -4525 -1804 1787 565 126 5768 -1861 -305 1387 3355 -4770 -2873 6300 360 216 2472 -2351 605 4678 121 4197 -1075 -2471 640 2630 789 -874 4046 4454 -1075 -1878 1776 3033 -47 -3079 -5331 1026 -3896 -142 1756 -1703 48 2105 4523
1127 -5862 1415 -94 6076 -1953 -1640 -2616 3784 -1948 -756 -2091 -3661 1746 -1656 -4137 -4028 263 -5563 -3858 -6804 -3207 -1956 -2275 -5814 2333 -212 -4111 2271 1093 -2169 2760 5643 2099 -1279 3064 -3498 1005 1253 -3178 1714 -1084 1813 891 109 3028 -6288 -84 -1250 1026 1877 1646 -3818 -4055 -293 2371 451 3496 4220 7514 -1020 -4456 651 2925
1380 -6021 1203 -47 6262 -2063 -1841 -2323 3879 -1822 -837 -1978 -3862 1544 -1759 -4089 -3981 361 -5729 -3860 -6930 -3474 -1857 -2534 -5760 2534 -120 -4040 2314 1327 -2449 2895 5718 1902 -1496 2930 -3742 1138 1440 -3132 1779 -1086 2023 1112 54 2803 -6198 -331 -1075 1178 1876 1547 -3707 -4197 -344 2348 448 3610 4295 7534 -1014 -4373 814 2676
1380 -6021 1203 -47 6262 -2063 -1841 -2323 3879 -1822 -837 -1978 -3862 1544 -1759 -4089 -3981 361 -5729 -3860 -6930 -3474 -1857 -2534 -5760 2534 -120 -4040 2314 1327 -2449 2895 5718 1902 -1496 2930 -3742 1138 1440 -3132 1779 -1086 2023 1112 54 2803 -6198 -331 -1075 1178 1876 1547 -3707 -4197 -344 2348 448 3610 4295 7534 -1014 -4373 814 2676
1380 -6021 1203 -47 6262 -2063 -1841 -2323 3879 -1822 -837 -1978 -3862 1544 -1759 -4089 -3981 361 -5729 -3860 -6930 -3474 -1857 -2534 -5760 2534 -120 -4040 2314 1327 -2449 2895 5718 1902 -1496 2930 -3742 1138 1440 -3132 1779 -1086 2023 1112 54 2803 -6198 -331 -1075 1178 1876 1547 -3707 -4197 -344 2348 448 3610 4295 7534 -1014 -4373 814 2676
1380 -6021 1203 -47 6262 -2063 -1841 -2323 3879 -1822 -837 -1978 -3862 1544 -1759 -4089 -3981 361 -5729 -3860 -6930 -3474 -1857 -2534 -5760 2534 -120 -4040 2314 1327 -2449 2895 5718 1902 -1496 2930 -3742 1138 1440 -3132 1779 -1086 2023 1112 54 2803 -6198 -331 -1075 1178 1876 1547 -3707 -4197 -344 2348 448 3610 4295 7534 -1014 -4373 814 2676
-2799 -4658 -874 1615 1593 -4914 -2418 -4116 2664 -2287 -1134 -3566 -4761 -626 -1377 -4931 -3675 499 -1479 -4624 -3106 -1922 -4817 -1390 -1335 -1678 2005 -173 2202 3026 2167 3517 3598 399 -6075 2937 -2149 4148 2830 -67 -1602 2331 -2792 1725 -1407 472 -3638 -640 -4298 -710 485 2237 -4260 -3351 -1430 765 4228 1265 1594 4781 -1974 -5186 943 7039
-2646 -2725 4710 -647 4977 734 730 -5097 539 -653 1098 -1862 2562 2902 -1110 -4111 -2069 -3139 -3251 -7505 -5539 -729 -2000 2912 -4204 1784 -700 -4524 1838 1364 -1441 -301 5441 2411 -1889 5881 520 123 5151 -3541 5129 -279 1729 -5028 2228 4088 -4030 3617 1555 -3508 -592 4417 -2216 146 -2235 -2758 637 1856 237 6217 432 -97 -2605 5346
1380 -6021 1203 -47 6262 -2063 -1841 -2323 3879 -1822 -837 -1978 -3862 1544 -1759 -4089 -3981 361 -5729 -3860 -6930 -3474 -1857 -2534 -5760 2534 -120 -4040 2314 1327 -2449 2895 5718 1902 -1496 2930 -3742 1138 1440 -3132 1779 -1086 2023 1112 54 2803 -6198 -331 -1075 1178 1876 1547 -3707 -4197 -344 2348 448 3610 4295 7534 -1014 -4373 814 2676
1380 -6021 1203 -47 6262 -2063 -1841 -2323 3879 -1822 -837 -1978 -3862 1544 -1759 -4089 -3981 361 -5729 -3860 -6930 -3474 -1857 -2534 -5760 2534 -120 -4040 2314 1327 -2449 2895 5718 1902 -1496 2930 -3742 1138 1440 -3132 1779 -1086 2023 1112 54 2803 -6198 -331 -1075 1178 1875 1547 -3707 -4197 -344 2348 448 3610 4295 7534 -1014 -4373 814 2676
1380 -6021 1203 -47 6262 -2063 -1841 -2323 3879 -1822 -837 -1978 -3862 1544 -1759 -4089 -3981 361 -5729 -3860 -6930 -3474 -1857 -2534 -5760 2534 -120 -4040 2314 1327 -2449 2895 5718 1902 -1496 2930 -3742 1138 1440 -3132 1779 -1086 2023 1112 54 2803 -6198 -331 -1075 1178 1875 1547 -3707 -4197 -344 2348 448 3610 4295 7534 -1014 -4373 814 2676
