248 -173 -176 318 -121 -275 301 28 -193 13 -121 -50 333 10 -206 -131 86 -206 107 -83 -259 -353 -93 -52 102 126 -63 -359 -24 -168 -71 -306 293 -86 -198 150 -116 -158 -171 -110 13 -167 0 335 -224 65 40 -333 269 -192 54 126 334 199 -59 208 354 -309 41 334 139 63 139 -307 -129 131 -351 207 116 6 -3 -104 -128 -119 281 285 155 230 -142 -81 56 -328 -53 48 68 29 -290 100 -192 261 51 -68 -245 130 44 358 -12 -313 -298 -81 360 203 -25 -91 -302 71 -138 228 126 -84 -183 284 -6 -119 -177 -65 -112 327 271 -219 346 -10 205 153 25 305 228 -80
49 -57 -79 -8 222 -250 47 -314 43 100 -8 92 -77 109 -134 -228 113 193 -60 -158 335 -171 29 228 -114 -36 210 -47 -124 -166 -245 117 278 264 51 -29 -101 -141 49 41 -271 -240 256 54 -189 55 -100 320 359 -224 -5 221 -201 -21 180 -167 -298 191 -183 -135 155 -155 -25 231 65 -217 240 -211 333 -12 198 -270 67 57 -270 -219 221 -254 263 118 -206 164 276 350 238 269 -45 36 235 354 96 232 105 57 -267 102 113 64 -325 -21 318 77 204 90 -74 -328 359 10 216 295 348 327 291 -206 -281 -241 113 43 -306 -291 -295 306 -259 246 -30 -90 292 -113
-356 195 246 -5 -40 92 64 21 215 298 -351 281 -28 -307 303 94 -228 -97 273 -9 -196 127 142 360 -161 106 -128 -163 -292 17 -78 54 -78 -100 -254 -16 -330 106 270 -251 -222 -307 267 -355 -111 266 -246 -319 -333 317 -1 -311 -33 0 -64 20 -267 -29 -94 333 -40 -100 -346 -137 83 -306 -55 131 -75 337 345 -324 241 228 268 139 233 168 -83 40 -188 343 -321 -180 161 -162 -258 -314 -40 -161 -41 272 84 307 23 295 237 145 23 245 -212 255 -251 -285 -245 -56 -267 330 -133 122 -64 152 145 -306 11 75 236 -310 188 -181 343 327 72 122 19 19 312 73
125 -168 204 -320 348 -48 -314 64 90 315 298 324 99 -2 -137 345 53 88 -121 -233 -289 -143 271 -336 -83 299 -185 79 247 189 -167 -290 -134 292 -118 149 -94 -143 117 69 129 228 57 -59 284 222 -98 66 -142 345 227 -122 -21 -356 -32 177 -346 -200 -84 227 -190 -281 -39 268 10 190 280 259 327 -43 -100 -351 26 343 278 284 204 -338 -307 -89 130 48 -174 255 -307 26 -186 88 212 -362 26 1 -298 117 -74 142 -217 -332 -39 -184 -298 -188 -90 -177 187 123 89 130 192 21 308 273 -121 178 -138 87 121 204 99 273 106 -180 360 303 11 -257 151 0
115 157 194 -69 -140 -8 -112 91 68 -293 -135 -24 78 88 333 275 -21 -51 251 119 53 192 300 -185 -76 -75 -186 38 207 -282 61 -186 -39 -14 196 -17 98 -272 228 -73 -213 131 -123 -297 181 -32 -242 317 72 -117 96 261 -217 170 -57 118 94 -17 284 -322 -195 1 -205 -4 -154 -349 265 -249 186 -315 -185 -319 167 -107 155 -126 361 118 -192 35 307 -361 130 -228 90 179 130 334 253 118 271 -2 -110 -325 -131 322 172 -51 54 -73 200 237 121 -17 305 43 -142 -331 89 187 271 -251 101 327 212 95 -118 289 -204 324 333 334 -336 -273 181 -252 37 337
268 69 178 -187 -112 314 -65 -70 -310 -97 200 -150 -337 303 -47 -337 22 12 -52 -308 -89 -351 283 230 305 -49 75 -61 -214 -341 218 21 -104 258 123 151 -325 -208 155 -250 -300 -94 -335 -160 -20 97 -136 214 320 -202 -255 116 228 354 -168 287 -40 232 -256 205 143 -208 -145 -306 336 226 271 267 -252 -28 307 -52 -108 81 -191 99 -271 -309 22 54 -359 346 117 -124 -244 246 -47 -191 191 -19 -225 104 291 -234 317 220 -106 151 -36 -127 -321 169 -182 276 67 -266 89 181 179 -60 261 57 48 -62 -199 222 310 30 -146 207 -306 -124 -208 -287 -185 -234 11 -118
125 264 25 -318 -22 -207 -91 191 123 -25 215 -23 -169 137 218 -168 -335 -142 -351 -205 -127 -200 -329 -356 336 148 -221 230 -261 35 163 150 -288 -232 -140 -188 317 -272 -45 85 -241 160 -78 -269 102 -46 95 -225 -160 228 273 238 -110 315 121 283 -11 247 -40 296 -280 82 -337 314 229 -7 -153 152 -64 -54 72 -209 18 -54 220 -55 103 -129 259 -34 272 96 127 268 -212 63 -157 81 -201 -161 -163 336 43 72 182 159 -181 343 -264 135 65 -109 347 245 265 -267 -52 335 -16 262 341 -313 -212 226 -8 160 306 249 -259 -215 -336 -299 -65 87 8 298 67 24
203 -80 276 346 36 -90 -207 -51 271 -253 -97 -65 89 -153 164 -9 202 188 43 -102 -235 109 227 -269 -319 -223 341 216 -60 -350 -285 -358 215 351 296 274 134 48 356 283 -263 -68 158 163 -256 203 355 68 -84 113 104 201 319 62 -101 -260 38 -106 -134 -97 272 320 -211 121 328 -216 -51 226 -277 -41 -226 -24 -157 142 57 -91 231 -287 -31 96 121 36 -235 -94 -173 -347 66 -111 59 -252 58 129 -62 -318 334 148 -36 -26 268 -353 -219 -13 -317 347 -148 189 -187 -73 150 -114 0 321 282 216 308 98 -81 -346 243 -259 203 -316 -142 197 84 -71 361 -247
226 77 -345 -248 -88 -88 -164 -309 -22 -329 107 -92 -307 -66 146 287 133 143 53 -238 -344 158 167 -239 218 -152 -11 260 299 -289 -187 -186 309 -143 -136 -258 -73 260 -191 56 21 -238 -156 -83 339 82 256 131 -57 357 -114 213 -11 -52 -54 9 -140 -117 321 273 -307 -303 -333 -99 323 335 -143 -92 282 -358 -359 -89 -94 330 149 115 319 -157 -68 -208 -357 -310 -263 218 266 136 114 248 328 -310 -91 241 -249 -126 -162 -223 344 -211 -29 64 -101 307 44 -237 303 -279 -180 153 -60 -158 -302 154 -215 -41 150 74 195 -136 -99 361 -71 -41 219 291 -218 19 241 216
39 -334 313 -145 3 -323 149 195 -109 334 -222 310 334 -313 161 191 -291 -271 92 34 88 -245 -16 -162 362 -72 -351 -283 262 223 -338 -299 -152 271 -179 -15 -19 -181 120 161 -210 104 318 94 -200 -125 353 -31 -325 23 338 28 -335 -107 -243 94 311 216 115 -192 -361 87 -26 -122 258 142 -70 -303 -167 -250 353 208 -102 104 355 -206 -315 -313 -279 -260 357 61 -312 203 43 -214 -329 -154 -205 -94 252 -28 -304 50 -294 333 -235 -342 -150 296 205 192 114 1 -303 -30 -140 -309 -360 -290 248 -298 -117 124 -272 294 -186 -312 278 20 71 -76 -118 -275 -350 294 -181 44
44 24 120 112 301 35 -237 234 -115 -137 -119 -312 233 -249 16 -65 -123 -186 -203 -13 -176 -56 -353 -359 185 -359 -191 -231 161 -213 287 248 315 -165 -325 227 30 211 14 33 300 225 205 -314 -326 -28 -321 -245 -113 -11 243 -197 115 45 314 -336 -355 290 343 -78 -359 -171 -113 329 -146 -7 -175 241 -24 265 -88 86 7 -57 256 -337 -122 30 -264 33 248 154 230 -194 296 -335 341 -69 -45 284 -234 -6 150 97 230 77 -347 -196 168 152 67 93 362 -253 -149 -132 -349 -302 -198 -111 91 -316 126 14 -81 180 -160 -318 -142 70 -270 67 -294 -330 344 -298 -85 -30
-333 -153 -145 36 -174 19 97 -59 -57 -180 286 350 -324 -22 139 359 -334 245 -147 139 -359 -11 346 4 -247 -228 -144 -222 -260 -298 -177 -188 22 204 265 7 -161 -60 -2 -21 166 112 -54 129 -34 99 -259 294 51 -339 262 156 -182 -119 276 45 227 139 10 299 27 78 -255 -45 127 121 -67 327 -192 315 237 -360 -305 -119 120 -243 -294 -117 -214 314 -332 -41 200 208 210 28 -314 295 196 -238 193 -319 -280 -37 -302 155 -252 -187 213 167 -288 -53 151 336 70 -64 225 -298 -335 128 -276 177 -101 -346 -219 -356 -106 360 -337 -92 147 -164 -315 -91 220 10 -179 95
305 -172 164 -136 -309 -182 -48 180 -130 -154 -341 216 -17 -260 76 -281 108 253 -59 16 -106 247 -130 -216 91 -160 -147 354 189 -291 -175 -77 -129 120 -310 57 253 216 -259 -232 -139 -95 -264 -103 253 -156 -309 -13 -44 -14 101 -71 327 -327 -124 -352 30 58 -141 -244 362 290 -332 -289 -304 88 -296 26 -253 -282 35 95 -71 104 147 -330 -24 135 -69 -71 -331 -252 340 -98 356 316 219 -95 317 90 -158 74 -133 -221 358 319 -47 68 243 -156 281 118 -201 274 -278 -353 251 -256 -96 113 144 331 215 314 -167 -142 -362 -115 287 253 -318 23 -83 -35 96 -36 -312 -45
-160 -186 166 -265 -209 -210 334 -299 -177 20 -269 -348 62 197 -46 291 -13 121 338 -232 -96 -355 2 -228 -60 167 -272 85 -218 167 34 248 232 243 302 -174 -338 -348 113 290 106 -119 -134 141 -267 100 22 87 -294 3 -292 4 125 -282 -255 65 -119 -100 -185 -63 -349 218 199 8 35 308 85 94 -99 70 -12 164 -342 -87 -186 -206 -136 78 324 62 182 -42 258 78 98 -79 112 -339 -222 -114 271 -35 -101 30 -75 65 201 -72 21 -333 -165 65 -68 106 346 139 -51 -53 84 138 -64 307 -296 195 326 -263 -34 248 -206 -161 151 -237 284 219 -330 -249 -331 310
306 216 -338 -327 -360 58 93 95 118 -54 -143 -52 -121 288 -321 -205 286 -111 -104 355 -216 342 73 -30 -69 -41 -45 -209 112 -194 64 -279 -113 239 -237 -275 350 -28 109 203 -181 -44 -308 25 3 26 151 265 -130 100 63 -73 -239 45 60 206 220 -145 -154 -287 241 -214 -306 -345 -249 -40 53 196 154 51 213 89 42 -307 -199 106 301 -196 -139 332 302 -226 105 -345 278 -8 -162 -194 -15 -131 256 -26 -248 301 273 100 -84 -33 -71 -62 -167 -74 9 -132 -90 -338 -216 357 114 -187 144 71 -150 201 -359 122 193 -122 75 328 -280 100 171 121 291 6 264 98
267 -153 -270 61 288 -298 50 -42 -314 -81 -109 -94 -144 343 -349 -214 352 20 139 340 -219 -256 200 117 -197 340 124 149 -269 187 -143 -122 194 -63 361 92 -334 356 -8 158 130 -55 196 319 58 297 -305 94 88 292 110 -20 -166 -47 -191 -295 253 -108 328 -338 -305 -218 334 255 -321 229 -58 -226 -26 46 314 104 -283 -115 318 261 -298 27 177 263 -357 175 70 115 -201 361 204 109 -143 40 20 -17 34 349 -165 -122 -148 123 231 34 -127 88 -132 174 -125 225 198 263 -114 131 -133 -290 -83 8 131 169 -145 22 15 234 121 164 150 -267 -147 13 -276 229
-255 -299 -336 -10 339 -61 -264 244 182 -59 -286 250 172 93 -17 -71 -282 -220 156 -317 -249 -126 -355 202 321 -100 -57 -130 49 -271 -360 300 -47 -141 -134 -268 -301 -132 181 -64 0 -212 212 -171 -145 -2 -77 21 -124 17 -229 107 233 -197 -120 -260 335 42 237 -51 -227 -281 -142 -56 -66 118 354 -357 -326 155 203 268 145 81 -283 -285 58 -69 -142 167 291 353 6 -312 -108 42 209 85 338 -296 -329 -34 32 99 -250 92 -328 44 11 -81 351 123 358 248 -6 217 -268 -31 114 -336 -63 7 -343 -241 -322 -257 239 49 -46 272 94 -322 -59 255 347 39 208 -184
-259 275 253 -248 198 -264 -191 -60 118 -226 237 52 -103 -216 -89 287 -209 204 65 -116 -328 -335 -91 -271 -239 17 -73 -207 213 -159 -336 -17 104 -143 110 -84 345 357 180 330 253 49 -352 -118 137 -115 16 89 315 -323 -310 -268 -339 -106 -192 208 3 340 -212 -225 215 31 -178 264 -341 97 -240 -82 62 -256 38 -37 47 -10 -180 56 -234 -296 203 56 106 124 -346 -35 355 -86 -221 -132 181 -171 -317 -30 226 178 -115 154 24 -63 -278 -305 129 26 -360 88 192 -318 101 201 -270 -31 -44 -246 -60 -291 -321 -58 294 44 -85 -327 359 276 118 228 -101 245 48 278
359 319 233 -316 -187 -182 172 -303 133 233 -263 -9 283 208 -184 332 188 -310 -89 -76 -356 201 190 97 62 -352 -316 -276 257 23 -327 322 67 159 -308 248 147 -147 -168 -216 -140 243 183 130 -101 -320 -29 349 -285 229 86 299 -218 -352 -355 -216 192 -76 25 238 308 126 -343 53 169 -113 -242 -262 340 -52 -230 255 -56 40 258 164 127 -218 362 -8 197 -136 -206 -306 50 74 -5 -220 150 -20 -354 142 230 -272 -234 242 -52 -86 -333 -328 -81 -18 -156 179 -333 247 -55 -82 282 -134 -232 270 83 276 267 -130 -340 -221 121 98 -145 247 -332 -106 267 -273 -230 140
-70 328 -4 -123 281 150 43 -82 -4 -357 184 139 -77 -254 162 220 79 -354 -176 -208 -13 -221 -248 37 271 51 307 -283 253 127 156 68 -229 310 103 96 -43 -94 -210 114 131 -186 -210 51 55 262 -46 75 -301 -52 342 -254 226 94 -245 -362 362 -159 176 -251 -84 154 320 -117 345 -296 -360 286 -208 -320 272 -8 -273 210 -44 -122 -131 75 -25 -277 -261 92 50 -270 67 183 -87 -227 304 298 354 -316 260 146 169 -168 -255 131 47 229 -37 -283 180 -274 -254 -14 122 -142 277 -140 0 171 105 240 51 -72 231 -299 244 -7 -197 -39 124 361 231 -218 107 -24
152 299 145 77 -266 -191 -67 -323 61 309 -272 -156 56 -54 -299 -134 -271 74 303 -6 340 32 -235 -137 205 -153 -90 350 221 302 288 -202 -182 276 -292 -102 191 138 288 281 -290 155 -279 -12 -240 123 -291 25 -146 -204 179 -20 86 -325 -205 -255 68 120 -268 -250 -360 165 -266 -15 -122 274 162 203 -306 -28 132 -239 -143 28 -361 304 -352 -301 12 -285 -334 -315 -170 -195 -21 97 -331 122 -221 -109 159 27 -62 91 -250 -47 137 -128 328 -249 202 215 53 275 -2 266 220 -30 345 -195 -76 -12 3 -194 -53 -100 255 -46 213 207 134 -100 216 -210 156 -231 -135 341
-264 -294 -164 -26 136 -81 -12 182 188 -209 183 -239 117 -313 22 -261 -29 -164 -164 219 -111 202 16 -133 339 74 213 -77 78 -30 -340 278 -258 -347 67 192 -59 -307 -25 -143 61 260 265 -97 167 300 89 -262 -239 19 340 314 97 -125 -176 172 -237 48 -176 356 261 65 206 150 104 57 -40 -272 -226 -158 280 218 -194 -299 -322 289 61 216 301 -110 -172 270 -224 47 -35 -188 -122 -43 -306 329 -67 250 -13 129 -81 231 314 -227 280 220 18 47 -167 -342 159 -319 85 -315 39 -165 152 286 15 -89 336 304 150 -134 -77 -41 -164 282 -312 245 288 60 121 -359
-313 278 -133 97 98 125 132 -75 80 -314 -331 199 -300 130 210 26 271 117 -6 280 -8 -319 -173 -272 193 -65 -341 311 127 -36 -77 -353 111 316 205 232 -294 -222 -168 -206 90 -164 -174 273 -68 12 73 -107 156 30 186 85 -223 -85 100 -167 313 -150 118 138 -147 -79 31 116 -73 326 -212 40 -49 -130 98 320 106 39 -217 -202 -74 157 -209 262 335 -99 257 270 -268 -312 -170 191 352 -245 -77 54 358 -156 30 135 330 333 195 101 -53 -65 276 261 324 -50 -193 288 -20 -253 349 -6 -83 -356 -353 -322 -113 -51 167 -179 -231 325 -211 -266 335 -264 31 231
-311 35 -243 -360 -313 -121 -193 -317 229 -303 336 -352 -12 -234 247 -273 -248 -157 -144 84 -210 67 -303 -281 -81 -87 205 -73 211 -203 -75 -111 175 -330 252 -149 30 -349 -341 -317 318 46 107 -117 229 -281 -296 260 -317 -252 -36 26 122 -355 -83 -75 -60 -241 -204 -162 97 -160 -293 58 10 -164 350 -9 295 -87 -218 -208 -258 310 -255 179 305 148 336 -76 212 223 144 -257 -70 39 -339 -9 360 -187 203 197 97 -291 123 218 -92 -231 -97 9 61 -259 -72 -167 -74 193 285 -27 -155 -52 226 204 -253 -115 -184 278 261 333 213 235 -40 152 -204 318 -24 -57 17 -333
-204 -100 235 -265 338 12 334 -312 -316 319 -156 87 16 -342 164 339 -71 -274 148 -333 -70 205 -41 -99 -232 -205 356 120 -247 178 -107 -157 -217 114 95 -172 171 -192 -205 -276 -217 339 101 -64 58 84 21 -306 -262 38 88 -105 -114 -296 -119 -265 -221 -291 -84 149 185 24 -272 -215 -42 -63 -275 -28 -302 -359 -32 106 -153 -231 -196 -216 -255 249 -65 -292 -59 -271 -221 118 -146 322 -356 -297 -308 184 -192 -94 -154 355 332 117 -204 17 182 293 -276 44 -156 115 289 -288 -219 -36 1 -301 -121 146 303 144 43 303 298 89 57 -29 -202 196 343 -230 262 235 -6 146
-196 -176 -150 -266 336 -212 20 -64 -241 -341 -294 331 -152 -311 100 -236 -46 -149 72 -278 -110 249 -90 -350 -23 -206 201 -328 -346 113 208 -231 -306 174 -212 246 226 -218 -297 -329 149 128 -90 259 31 -99 59 57 295 -43 -293 232 -243 144 312 88 234 -343 317 1 43 16 -67 -321 86 90 -351 -81 -53 -342 -346 -177 10 70 -266 -152 -334 316 -289 218 -177 -331 350 -94 -196 332 133 137 -27 6 -29 203 252 301 -134 142 -316 263 129 141 168 336 -42 230 123 -209 -91 -68 42 242 268 -336 -76 -213 -16 -306 -101 -336 -61 -194 235 77 -303 265 319 60 -283 -271
175 -79 153 190 328 -197 195 131 -153 -269 324 -275 237 -187 277 -54 -220 -130 74 -227 -150 47 -339 -352 349 -280 -18 203 -135 300 158 118 -142 -347 250 -201 -108 98 -284 -155 -323 -256 96 173 -247 180 -79 -218 -155 257 -359 -289 354 146 -340 98 -135 -115 -347 -191 -162 -253 53 321 329 -77 276 -276 344 -218 252 -347 270 193 -1 -116 206 322 168 176 289 75 239 163 -69 -27 -302 68 64 -271 -9 147 318 264 -197 281 -328 7 -67 73 -248 304 -149 -231 338 -302 -317 -120 65 -314 139 -168 -229 103 62 -279 115 284 93 157 -301 -247 -123 61 -234 -123 148 41
-334 45 356 267 0 10 -288 98 -43 -321 -167 -295 322 270 -296 222 42 275 -107 340 -194 -310 228 7 -331 113 162 -190 143 13 96 -227 118 -17 99 269 315 -143 -159 261 234 -126 -94 -343 111 135 -283 -183 27 -182 6 34 341 212 103 -98 -159 360 238 -59 255 -87 68 -177 -137 286 187 -198 225 -27 -324 268 -209 257 307 -325 -30 -73 154 -272 -10 172 315 294 60 -42 -236 -75 282 270 295 321 144 -70 329 48 -89 -98 -94 -221 -132 313 99 148 -135 288 -107 237 30 119 289 170 323 356 -62 206 46 173 146 -59 -183 -298 -129 -162 311 -124 292 303
315 -248 -251 133 45 -135 -254 -166 279 187 159 199 127 116 -157 -95 46 291 -13 -128 200 -159 300 252 -28 323 -354 -100 -140 -171 345 -345 239 241 168 -23 -235 351 202 360 304 -69 -272 -231 -234 -11 -27 311 -2 222 133 -271 227 -98 -2 98 18 -78 -123 -204 -18 -114 343 -185 -25 37 75 -29 -316 -53 -331 -199 13 -333 -328 6 -206 -296 48 -108 -156 350 -303 339 -249 206 -304 -206 76 -219 -39 273 -77 -112 -284 -58 -316 357 -352 -324 -217 250 97 -282 331 240 -51 42 306 337 -281 -111 51 -111 -269 41 108 -170 316 -51 230 321 -215 -303 -37 -285 120 186
-152 19 112 -219 85 16 195 -8 94 -245 107 -354 -81 -360 355 32 -214 -11 -17 -328 92 -312 -175 -114 97 -260 -131 -70 190 -176 37 -215 274 168 -308 335 -273 -275 -125 55 185 -54 228 179 -262 -231 -309 -299 157 -11 -190 -180 300 -187 -359 67 253 92 -26 103 -312 -309 -202 193 -143 -304 -358 -361 -184 -297 73 -69 153 343 -36 312 304 96 205 -95 239 -115 -65 -237 -214 65 -253 51 -342 -342 222 134 -299 347 322 24 -63 -352 98 349 128 334 -234 -125 -209 -103 195 -11 -352 -119 -107 -358 277 -126 255 -50 -193 -64 -143 43 -345 -341 134 154 82 261 -127 -289
-253 75 -106 -309 -26 314 41 -166 -79 -143 52 -40 -79 180 -187 30 18 347 -190 270 -278 315 111 73 198 -2 282 -201 -277 -100 362 164 292 316 26 150 272 348 59 69 -243 74 -111 64 -6 -14 336 125 19 15 243 -313 321 -55 -265 -306 297 -279 -134 -302 184 64 -59 176 -173 -205 335 -181 8 28 -69 37 -133 137 337 250 131 44 246 -297 250 -123 271 147 100 -2 -11 -300 -320 47 173 -76 -170 -288 -265 -264 -69 81 318 313 14 -265 -335 -96 -132 -114 -93 -151 -205 -353 346 -45 -314 -271 -140 26 -345 -19 264 -45 324 -276 -69 113 -162 -234 -360 -16
-301 12 51 16 -243 -79 211 -302 198 -337 -331 -77 -177 -239 -264 3 143 -141 -234 -21 303 -304 -52 -150 -303 -95 -210 -194 31 -334 145 -8 -13 -48 -114 220 -100 19 280 216 286 -1 -30 112 166 -250 -152 273 -256 -107 -362 -221 -18 -3 -212 268 -132 -41 -319 -119 264 259 -248 107 322 -283 252 45 -336 52 73 253 32 280 -96 315 -43 333 10 -9 -111 68 -162 -313 -13 226 -31 199 269 -122 -309 245 -166 290 -64 -109 -348 310 -107 -342 27 238 -200 -110 -295 73 88 -334 157 -88 179 -137 241 -229 -57 200 21 -35 26 -143 -234 123 -17 -214 272 -223 308 -348
-137 -185 280 317 -114 -114 -220 109 -71 329 296 66 -244 -149 -282 -91 263 301 -266 104 -111 220 -345 -288 -280 131 121 -130 -56 105 -317 -168 -184 -99 -278 -181 -219 -200 -193 -252 -245 324 -295 191 -283 157 207 -329 143 169 46 118 -48 -56 31 -281 310 -122 50 -345 87 205 -140 -273 211 -134 104 287 -228 168 -217 193 -262 53 233 -70 345 62 -4 37 195 18 27 10 246 47 -167 63 336 -249 -349 23 241 50 -131 261 52 6 -311 278 -120 -60 305 -107 -342 -182 -103 203 -204 -100 217 -182 -178 356 -145 57 -34 -35 -39 51 189 -295 -281 276 -298 -75 72 -332
-34 -308 -119 83 -61 -239 -112 202 -326 100 -198 92 153 -325 -164 298 -138 -188 -184 -169 276 -212 -225 -291 -114 137 273 -341 36 -141 -13 265 340 -24 249 3 -121 311 159 48 -73 5 -317 97 99 221 -113 294 -197 -160 151 -349 167 180 -183 -217 135 62 -7 -106 -207 -274 95 194 -197 94 267 -171 -45 -66 36 357 176 225 284 -260 112 -158 57 213 182 -66 -95 309 -192 308 -20 181 17 -176 -75 358 -222 -220 -138 47 -62 317 71 -226 136 293 293 357 -283 -243 36 351 74 151 -343 -229 60 175 282 -225 4 -237 -267 223 144 326 144 -40 -97 -303 322 209
-211 340 -58 -186 -344 -232 332 -181 177 -207 -144 229 171 210 2 64 201 -298 118 105 64 261 -283 209 12 -302 -40 -250 5 -215 8 -84 -119 237 -174 -238 45 -181 319 186 -121 11 -77 -264 95 -356 -343 95 29 -86 235 281 159 100 0 322 287 -158 -218 359 -30 -204 -91 36 200 -229 -44 316 158 -299 340 39 -15 111 -14 246 -194 43 -308 327 6 263 174 95 123 161 305 127 161 297 176 283 -132 339 170 245 250 361 101 -116 306 187 -235 -84 255 -66 223 78 -167 152 -324 -40 -83 85 17 314 -118 135 -345 -309 -351 -174 197 -155 -340 32 112 -109
271 -219 -94 -291 -199 158 -164 -138 293 -156 19 229 340 57 8 -156 146 -24 -26 314 29 219 151 98 260 120 -301 32 87 -152 -293 50 -342 -287 145 54 -203 -107 -206 346 -205 20 132 -274 241 181 -105 -6 198 351 267 221 -259 -139 345 -1 -199 300 -20 -46 246 14 -251 -108 226 -142 -74 -172 -204 -38 31 58 -310 327 -28 -271 -163 -241 -240 77 -158 -108 -204 157 -284 -326 66 109 69 -41 5 285 -306 -312 -339 41 -353 -94 -64 219 268 -312 -152 114 222 157 138 -226 -303 69 -103 -295 -195 119 -232 -170 118 -174 218 163 155 -115 -138 319 111 40 -108 121
191 -85 -184 146 -293 -190 -206 353 189 -107 -187 176 -90 234 -226 -296 -45 256 201 150 -303 182 -190 -42 152 203 90 -19 -141 -311 -31 -57 80 325 -290 -286 264 352 -282 337 184 -321 169 213 -102 149 27 -351 78 121 -107 315 190 -145 41 103 -314 66 -56 50 -112 18 -150 172 -175 -255 -228 -245 81 -224 132 152 133 15 71 159 -260 -79 276 82 202 -78 -194 355 214 -64 -232 109 117 -62 -341 27 67 287 29 220 214 -96 193 -247 282 -31 -289 -8 78 314 237 -51 -215 -257 -127 -312 4 -179 263 -159 -176 120 162 14 176 -243 186 -20 268 -224 198 -268
309 -205 -220 -265 -359 -323 -16 151 281 -224 271 12 101 -315 -307 179 33 -77 272 22 -269 159 1 -107 -354 -144 217 -155 -280 200 349 130 190 -223 58 -294 204 7 53 182 -131 173 -207 54 -201 333 3 98 -94 -263 320 -230 83 85 -103 -10 -31 176 -232 -92 57 -96 -3 275 -166 355 171 -93 -2 -357 -56 -13 39 353 -6 326 231 -200 198 -340 106 280 346 168 -340 257 341 -352 19 226 -113 63 -259 120 14 320 259 -271 -66 142 45 356 300 -262 -259 188 -218 -322 -48 -349 88 -95 26 -229 230 78 -318 154 -265 250 -265 -4 -75 -180 33 288 -45 -129
68 -222 -97 287 -220 113 -316 236 223 32 259 151 324 203 32 276 -100 -11 -26 108 -52 113 121 26 -332 -231 52 151 219 214 171 -31 -8 -359 249 -20 350 -201 185 77 -295 118 118 288 -213 -107 192 -127 -147 -229 158 -76 335 98 -215 -57 301 -14 -7 -353 99 -127 330 -346 42 -249 23 -82 -100 -214 76 -128 -310 -102 -127 -66 -59 -313 -74 161 -157 -112 13 -59 289 -295 27 -276 341 156 -328 -150 277 -282 298 75 -158 -311 -200 -143 14 304 -263 69 -178 307 -101 -207 106 5 224 -20 -209 -165 125 -347 -258 222 -81 26 203 -54 -2 70 331 -216 90 -344
39 -44 -210 -235 -270 142 -274 -223 -339 -222 262 50 -311 -85 43 215 -58 -343 53 -129 -170 -241 170 -257 -147 63 -178 -291 -59 15 -36 -108 -289 256 -316 -86 26 336 109 245 41 48 283 -215 -362 -329 -161 255 330 -131 -97 -60 27 274 -358 30 5 151 113 300 254 -315 -255 251 142 -92 -102 38 -95 150 -184 316 327 -200 354 -209 273 -335 -66 -199 219 -176 173 -359 -199 -6 219 -21 136 315 70 -224 273 -225 -266 -179 156 -136 356 209 -323 -360 -327 262 -71 -80 -355 27 285 342 286 178 260 -9 95 114 42 340 -74 -319 -121 -45 -224 -17 -107 176 237 -28
-351 195 345 248 118 -168 105 -42 -32 244 142 75 -254 32 359 184 -120 46 319 -29 219 297 12 -253 84 -174 -155 313 79 -321 109 21 -10 256 329 154 -164 -150 114 337 -178 108 239 198 -164 161 170 74 -256 237 -161 -25 32 275 141 32 77 182 238 -80 -359 220 332 144 85 326 -278 -346 92 -288 -102 133 237 -303 41 -304 137 69 -102 133 -303 -24 133 98 328 86 -199 324 130 36 238 262 -101 -267 -360 358 -20 46 -3 353 -23 332 -309 253 -185 -333 330 357 6 323 -137 -47 241 -6 -106 -183 51 153 -346 283 45 234 232 -234 -356 252 268 108
324 274 -124 -146 277 219 -12 -213 -349 215 362 26 -173 -317 -184 -106 325 175 -55 -194 -272 20 -245 159 344 -57 89 353 -258 -159 -256 160 -112 -31 157 -24 129 -27 -349 2 283 -267 187 286 101 -293 -172 -187 -182 17 153 7 -71 234 -189 -61 -1 -18 271 -255 236 207 -79 -245 23 34 39 240 3 -299 -326 -252 -50 -309 359 -71 -347 258 -39 -149 -33 352 241 -119 322 -131 -56 -160 129 149 -238 76 320 66 -152 7 359 333 -45 299 -65 100 -4 -133 243 -253 -228 -350 -66 196 -204 276 154 -280 -154 173 -303 -146 -39 322 -57 -347 283 -333 -26 -18 -213 176
18 -95 224 170 -167 -38 -207 -68 108 -119 12 130 133 162 -226 -175 -76 -308 81 -78 -242 253 263 -52 -95 -95 160 -213 178 -336 -302 -337 -267 -350 -344 -359 96 -3 -116 -134 -282 150 25 -20 -359 -348 263 -36 -358 -3 52 -235 146 59 -281 63 -243 -51 69 107 213 300 -68 161 99 160 -61 96 116 341 114 218 -179 -264 -120 -164 180 165 79 310 -55 -111 -98 24 186 -201 -77 12 33 260 44 -334 165 -320 -24 -236 235 -278 -139 150 343 329 -263 -323 273 -140 2 -135 -126 -65 -295 -209 85 96 -288 82 145 348 285 273 -133 81 32 355 118 326 199 -66
-203 310 12 340 -16 190 273 119 -23 -317 -136 56 186 319 31 213 -301 317 -70 -181 307 -148 130 268 41 212 3 -242 -210 -75 -295 -318 -286 281 -64 233 239 -73 -212 -22 -283 -116 241 88 88 71 30 174 -353 -178 258 -75 307 233 103 229 -125 353 188 -157 -42 -323 29 -186 -354 305 67 137 -60 -100 53 55 225 -99 -73 -87 152 322 149 294 -146 -332 5 163 292 234 -249 -2 300 -247 198 37 338 130 -27 137 170 -81 -11 212 58 32 313 -343 -52 265 -322 -70 -229 -355 79 -270 251 -58 207 -186 -118 120 86 51 333 -249 -184 -30 -182 -73 -102 -51
245 203 -8 -202 51 -152 97 28 207 -356 213 -40 175 -55 221 -56 -234 88 -340 47 347 -8 146 -214 -272 250 -154 79 -292 -227 360 353 -188 344 -197 145 320 -265 -123 234 295 304 160 -143 -55 47 -53 -346 -291 132 -18 266 10 -13 195 -170 -260 243 -183 -6 225 329 260 347 279 208 339 -16 -233 81 271 84 42 162 53 -66 -352 266 307 -11 95 -117 100 83 156 -326 -31 305 -278 -193 216 -245 -76 -8 234 -225 -190 -264 241 -141 345 288 92 325 260 -334 213 319 46 345 11 188 -23 -210 -172 291 -350 -314 31 243 -155 287 -193 -167 -162 -131 -259 28
302 -79 -166 340 258 259 -312 342 -19 -351 -257 -232 -125 108 -52 -174 39 293 325 -352 149 -162 -48 327 -221 -333 -50 315 -199 -360 159 -210 -206 -28 -340 227 79 -245 289 357 -332 156 260 139 -305 -307 152 31 32 141 326 142 350 -171 -322 -20 53 -271 -298 30 136 -89 -174 321 -322 87 124 -164 341 278 -3 27 -197 -49 -312 -221 -203 40 22 -156 -147 213 31 279 -272 59 257 -52 238 48 -9 -320 -97 325 127 124 262 190 -231 107 -71 -235 -186 -68 67 -89 272 346 53 -310 27 -169 289 100 147 267 -122 -151 -274 -199 -243 101 162 16 23 212 -131 -333
-5 -135 320 -34 -30 -195 -267 -224 247 347 -133 180 5 107 126 -348 353 -318 -220 -225 189 -289 156 164 -210 223 141 239 -330 -104 295 -297 -229 -313 -248 -17 19 347 -266 -350 207 -225 3 -26 295 123 -221 -163 227 -294 -112 -261 127 -61 48 -357 311 -143 37 -112 -129 314 51 341 249 -180 335 -281 172 -71 -168 235 -309 226 157 59 55 -155 149 -172 -215 -333 282 -129 -82 -25 305 -276 -1 -9 -62 305 -356 -322 -288 -307 -299 -27 -136 139 350 -17 334 357 -32 -158 170 -224 -113 -250 18 170 274 -143 -220 337 -354 -40 165 171 -291 266 -171 194 86 -157 -131 -109
-96 86 308 -359 106 -19 -98 -44 269 66 66 -58 -173 49 -299 127 10 280 -131 -116 -75 29 -175 -22 -23 114 278 145 -148 -147 333 334 -262 5 245 -341 281 -150 -30 85 -351 -58 263 357 124 181 88 -196 -183 171 -217 -278 -156 314 161 -307 -101 -326 300 113 228 -160 -119 171 -93 177 -15 -128 340 -9 -145 139 -43 -203 -307 -251 165 -358 64 130 46 262 -184 110 299 72 -329 193 -343 297 82 19 -246 335 -38 188 -349 77 194 -160 116 148 218 90 -17 -230 153 192 250 284 226 282 24 325 300 320 -123 -246 -191 251 233 -249 -139 -285 21 202 62 199
-253 353 -28 -92 -51 -54 -298 -134 -117 -256 212 -325 -90 -158 -155 -149 -292 76 188 94 1 -200 244 -318 302 294 253 241 -37 215 286 -56 40 7 -30 -277 123 -143 55 160 -55 -38 192 215 340 -178 356 -79 142 66 104 241 37 280 23 92 340 319 348 -324 64 78 274 -208 122 26 340 -214 123 111 80 -233 32 -325 116 303 168 245 -343 28 36 -211 170 -3 -46 270 55 -332 -146 -274 197 -341 -223 -339 361 71 130 21 -13 -356 43 -351 -147 -134 56 -29 -13 33 -100 -292 -246 168 -307 211 -92 -216 297 279 -331 -342 329 279 -141 -31 -253 -192 135 -2
164 -185 -278 259 220 -271 74 1 -255 1 178 -355 108 169 38 -175 206 298 -91 43 128 30 160 295 -253 -323 -278 -145 218 122 210 148 8 2 58 47 304 240 48 -172 -177 -88 -233 269 356 -47 39 -178 279 -85 227 -132 68 18 -299 -86 -161 349 34 -159 180 350 230 -338 -183 -6 77 131 -272 -164 -40 246 -308 237 353 75 -345 -72 -63 -339 142 -122 -137 76 270 228 -281 325 -318 -215 -347 106 -29 293 -289 -148 -156 81 252 -348 119 -86 303 -214 -287 -345 -110 106 319 125 -144 -9 16 -208 -315 280 125 -181 -63 125 347 92 -320 -115 -334 -212 340 -82
-76 -172 -217 -179 -40 -201 126 -58 346 -118 229 276 -101 129 -305 -288 286 57 13 -218 304 319 -334 -193 282 -344 245 334 -83 -157 186 132 340 -73 -144 -4 306 182 -69 -85 121 12 -293 315 286 77 142 75 352 328 -188 -65 27 67 -186 344 -89 -304 104 311 262 -42 -239 -101 176 201 -59 14 -328 -304 150 9 171 -115 -147 -221 -236 -191 -175 326 201 264 -115 251 -11 -73 229 -103 340 153 209 -31 320 90 345 -112 15 -35 169 324 81 -300 -321 294 318 -100 349 -54 -222 -194 -219 -199 -76 -85 -333 -76 -198 6 30 17 -138 223 -176 -81 -321 -31 92 -216
-78 -209 361 105 198 309 158 -236 29 -98 123 -163 -29 138 224 332 318 301 86 20 -184 -127 64 137 262 80 26 -224 255 -61 339 255 71 259 -310 -138 -175 -196 -126 181 -287 283 337 227 260 -336 303 -229 -161 106 -227 308 -192 31 57 -139 63 264 -230 62 10 -321 -246 -251 105 -103 167 105 -71 276 -58 -20 -348 28 329 106 95 206 206 152 -298 -278 -58 -354 -7 -261 348 -89 338 55 -90 269 125 -292 -139 314 -84 232 206 -309 -287 -168 26 359 217 247 -316 -333 70 -98 -112 64 288 -125 -242 -162 162 -263 177 -351 -105 -153 350 -56 -327 -218 17 -224
-12 55 -262 -300 325 -75 -99 -146 77 -98 -138 -296 332 197 333 307 -271 -328 -316 -25 27 329 -110 -271 31 -240 -263 86 273 -59 -300 -350 -59 220 118 342 298 21 89 254 -173 36 82 -151 29 188 220 135 9 164 211 -13 227 2 333 -76 282 174 -207 -138 105 -40 -279 17 -236 336 117 270 -323 273 149 323 -65 229 326 17 301 235 -48 -360 -43 177 -120 -187 -68 269 -66 -211 135 -97 122 235 223 347 -234 -297 -79 310 -270 10 -312 -193 -232 -6 -326 -325 -41 208 130 -4 161 -298 -148 -279 -351 174 13 256 299 285 -115 -324 16 275 -277 -104 -212 -35
345 -11 314 -180 308 -110 -304 127 54 -69 -348 -148 -142 62 295 -43 91 188 186 -84 -15 -287 15 -158 -234 297 145 -358 341 198 -28 3 37 347 -221 355 55 -206 -342 -309 181 -141 36 316 27 -150 -83 -145 179 -313 -63 -300 -104 161 -205 65 326 337 305 71 -34 -247 61 -357 82 170 -60 -203 23 -254 -280 122 -88 -98 38 -45 -17 50 254 165 -154 248 -249 -304 202 52 20 -209 297 30 127 208 141 249 -13 -136 1 27 -234 -208 -211 342 110 -253 -158 -204 205 334 297 -241 120 -44 36 51 -191 117 -327 186 138 -247 59 -336 265 84 311 96 342 -183
272 -207 360 -353 -83 -303 -353 -261 327 -122 218 -145 -221 -113 -232 -334 -218 -124 306 -207 -346 5 -53 -245 344 -185 -302 -214 -62 -182 90 109 244 162 268 -152 221 69 -244 218 278 -119 -39 45 280 339 -222 56 -210 -177 -300 -236 -316 -158 -254 -120 189 -141 271 -313 -332 -165 57 -342 -303 351 -134 37 -4 -268 90 128 100 -61 -277 16 -279 -249 39 337 -148 -7 -353 60 289 -323 103 -254 -119 18 95 -47 299 219 -157 0 -345 -170 36 77 -104 295 -97 11 -327 -85 -226 63 -157 -29 -153 348 360 7 213 203 -32 80 -246 323 -169 -68 332 326 -353 318 187 -65
6 -302 -314 350 -2 -95 -121 91 345 276 -21 -194 166 202 51 -54 313 296 214 31 -207 167 -151 74 153 -32 295 -115 -232 349 23 -196 -77 -266 -100 124 53 -32 -90 251 -357 -356 -10 279 138 270 38 15 76 53 -90 86 190 -51 212 19 -139 267 71 -220 -208 -120 104 93 185 245 172 64 46 -277 280 -30 59 -18 10 -244 344 354 -280 -2 -232 -58 -289 -45 327 251 -15 219 -25 -29 -169 -133 101 299 -206 -207 -121 88 233 -355 78 -248 -208 288 -300 10 -283 -65 330 329 -252 -234 -194 -73 -126 -102 174 87 -216 -283 -140 229 -184 265 -86 150 -178 -162
51 -236 -68 -70 -175 310 339 295 -190 -186 31 -209 146 301 316 89 251 -101 -167 -195 51 -234 -56 79 -77 -320 181 193 358 -90 -53 155 -297 -124 -242 268 105 66 213 94 -156 -121 216 -1 117 62 290 -232 324 140 -248 -230 -141 66 -92 -112 162 -165 118 231 238 0 -89 -119 -59 180 -217 -195 230 22 -130 113 80 -230 -61 23 228 -361 59 -78 208 63 122 -131 96 22 73 198 349 153 -3 -321 -282 304 -12 -224 -15 -160 355 183 -24 -298 -306 133 -326 -234 71 357 -235 -322 330 -152 -193 166 64 -320 168 263 254 207 -69 276 32 296 111 -318 -236 -240
332 92 264 -256 241 -154 51 -108 -6 309 0 169 -154 106 247 234 -212 231 -247 6 -210 -246 23 -286 189 138 -147 133 -11 -154 349 297 -360 85 -74 -307 82 -283 300 272 335 -42 -76 359 -255 177 33 -10 341 207 82 -26 196 -111 -230 -170 -136 -267 69 -97 -9 -111 -60 -62 4 -244 -152 27 -147 85 -199 212 40 356 -196 -353 -299 12 -246 246 318 147 288 -230 -132 -285 -354 77 96 232 -10 76 -326 261 -12 98 208 -263 -307 106 -328 345 300 328 15 -322 58 -48 -233 -124 -71 100 -149 -194 -1 -186 -321 246 -37 -303 -130 333 -215 -241 159 362 -295 5
100 -79 289 113 89 -274 -256 -108 -334 -128 169 -235 -54 309 286 72 -53 -343 315 -296 261 -329 240 -68 61 -298 -195 300 -286 -347 338 309 -7 -293 64 -338 -238 -102 123 -318 191 -199 159 188 351 265 -177 328 57 308 -1 -58 -45 76 12 -299 -115 -52 -191 -202 -11 -249 -115 42 78 2 184 -31 -358 3 -323 121 313 -92 -39 81 -223 176 225 156 287 -293 94 -174 -221 -355 -310 -90 205 163 -204 306 -105 107 156 289 -279 -97 359 -320 -241 -41 111 216 -238 169 -221 237 -244 -164 215 -129 14 259 282 -296 3 -61 -2 -100 -64 312 -181 -101 -218 218 -72 107
268 120 237 144 -204 -202 -293 -348 284 210 -283 325 290 174 -91 295 6 -345 -153 194 229 74 -320 -220 44 -256 -120 250 -6 -150 -183 12 -85 280 44 -314 335 61 49 -266 75 42 -60 162 -138 -331 18 -63 114 2 339 39 80 134 -315 204 83 -235 -79 -237 235 -78 -326 25 252 1 -248 118 225 332 -59 193 -299 -156 108 207 0 189 304 4 -94 -87 254 -246 -132 162 341 173 158 142 92 -109 -258 -241 -232 199 -206 80 -245 -19 -111 289 302 179 343 93 -116 -186 -135 -183 256 348 50 -69 221 -33 -242 -186 167 341 289 255 -279 9 -301 -343 -38 -53
-92 160 -10 -50 202 -128 -336 -16 -6 -133 -10 -327 275 40 -1 -207 -242 -191 222 301 283 40 175 176 215 -246 -244 112 -177 57 32 -236 109 -75 303 -345 -248 -188 230 362 86 153 222 -3 -77 -99 278 317 120 -169 197 -64 -194 -144 51 182 -245 -251 147 -265 -18 -149 -31 158 207 -126 -261 -52 20 248 -189 124 205 -161 235 -104 -57 -352 64 22 252 -79 -65 -164 46 240 125 311 184 -227 43 143 -10 141 -317 336 -51 115 354 147 -246 -250 -43 -352 166 232 -158 315 73 210 2 275 3 -107 248 -238 60 -310 -85 -323 354 312 -151 -144 278 -284 307 -153
49 -52 -177 41 -286 20 -198 -152 41 -231 -263 -301 -15 -299 -155 -93 337 -30 209 -218 360 33 -254 -127 -231 -72 313 -14 298 8 -201 14 -313 -85 134 97 113 333 86 285 210 112 112 -75 54 121 -271 175 -259 -71 -320 222 82 -226 356 36 -201 311 233 -269 177 -275 -33 -66 -130 -137 194 -73 53 -6 -255 109 256 -166 248 -44 -205 -287 -4 -302 257 -278 301 -122 65 -97 -122 39 221 243 294 223 229 167 157 20 -33 -71 152 250 325 -335 64 164 -359 -171 -226 266 -345 328 23 214 -18 143 -322 -114 325 245 90 169 -249 207 -348 -74 -157 -157 -67 4
-75 300 -19 10 -239 264 -218 47 -308 119 179 136 353 151 155 -162 306 10 159 -350 48 10 351 -8 -235 349 305 -348 -44 -80 -256 -137 165 -229 353 -308 -166 -60 -177 -284 -200 -220 -354 164 229 261 -78 292 63 -157 -222 -66 -161 122 259 200 -146 323 -303 -169 -12 -203 191 66 87 -56 -215 179 104 26 -158 -20 226 -214 316 -224 156 31 198 17 -184 266 -153 -284 231 249 328 170 209 -108 -258 3 -168 -111 135 65 -46 30 -296 130 337 169 347 -267 39 -72 6 308 168 -141 80 -170 -65 46 -241 -1 -263 -41 263 -103 -326 -319 -340 -125 -122 -304 -19 298
37 -120 276 15 -351 42 -137 124 9 -59 228 356 -257 -91 -146 89 -85 111 108 -44 -187 -273 -103 -20 212 18 188 -228 228 -189 -361 295 239 290 168 38 264 -97 285 208 86 179 361 191 -129 -15 -348 348 -140 -30 -152 -92 -91 56 293 361 102 -321 -253 -346 -179 337 -307 111 256 -59 -14 -326 316 195 186 245 237 -208 300 89 -263 362 78 -207 264 121 -169 10 131 313 31 -29 -222 -192 189 327 -131 73 118 275 241 -129 59 -160 -75 155 232 205 -302 218 258 344 -324 220 -279 -201 -159 209 345 241 -299 -146 -290 282 -330 127 191 -317 -43 85 132 -160
