506 -419 227 -457 342 -97 -175 -490 201 269 105 -403 212 17 414 122 141 66 269 -91 -375 -22 -191 -194 359 -304 361 506 170 -340 395 93 500 36 -416 473 27 -457 295 143 -34 128 220 194 -371 382 289 -53 -176 -248 471 -378 -257 75 13 44 -253 421 -426 -381 -436 -52 -402 403
299 -471 -43 -440 -151 136 -134 360 323 -453 373 385 -394 162 -280 400 102 -57 342 -309 152 483 -354 97 120 -143 -234 -403 210 -328 -163 -311 -301 -345 -251 366 261 -166 -360 -376 -249 -111 -344 193 218 -509 161 160 398 -261 -6 -411 94 -380 -136 -134 -368 -158 29 -152 485 486 -76 101
-137 -443 -483 159 -103 -405 489 425 149 478 -89 -196 216 78 -167 -74 -129 -86 -280 -394 -370 -470 495 324 -115 -112 -445 254 186 209 80 -466 -279 -31 -145 -342 33 -85 219 317 -367 370 87 -158 336 172 45 386 271 444 191 105 273 435 -181 342 220 -33 -486 438 -366 -447 -258 -441
-304 213 412 316 -132 482 278 -229 308 -426 -359 13 209 -378 -77 -233 -449 301 -264 -362 154 186 -411 -151 -85 -237 59 -56 243 142 44 408 -497 -204 325 164 -343 26 -446 -489 -59 -243 64 -371 -163 289 -319 -409 -398 156 -77 227 423 288 -30 -226 -376 498 -131 373 26 123 370 -173
153 194 4 354 -429 73 60 494 325 -466 312 292 -75 -462 -443 -502 -85 320 450 -396 -202 501 -443 405 81 399 -286 424 -283 241 210 509 -5 -408 -117 343 -345 178 -17 466 304 183 -232 -171 285 -272 -286 -216 24 387 -427 -75 399 62 211 150 102 305 -487 -146 -232 205 399 -48
410 -200 191 -304 -62 270 253 -217 -416 -129 -197 -438 35 -442 -329 303 411 -219 364 -437 -298 -361 -166 274 109 160 420 413 -176 -177 -40 -176 -93 -353 -261 157 -50 397 -441 -412 110 75 417 464 -458 20 182 -128 449 1 248 399 -123 303 44 -11 265 -247 -311 -492 119 -16 89 -111
-39 -280 -120 -262 -277 47 211 242 184 190 198 -441 -184 384 129 -102 370 -302 31 -46 -493 402 -420 -415 -505 -133 -202 216 -31 418 -20 -479 -251 -428 -193 27 -172 152 279 -271 -334 -447 -133 -158 474 464 -235 98 -310 -103 257 191 285 -367 -272 28 27 379 327 124 -231 -464 394 153
-372 72 360 24 -255 48 226 -348 475 -42 -138 -426 -131 -341 408 -214 74 -36 66 -359 -438 102 348 415 -274 -469 119 -196 -35 -505 459 320 -48 -313 320 135 -46 92 367 301 223 -159 -236 443 -262 -464 -453 134 -125 157 -19 178 -507 102 389 3 -449 -250 335 452 -119 -1 179 -431
509 479 -49 464 -106 -304 419 -250 -406 -86 -449 96 391 -388 296 -151 -319 67 258 -245 -267 -474 -264 404 -456 -144 -19 188 -498 360 -461 -361 355 273 295 383 427 -352 -449 152 502 -315 336 -340 -189 -184 502 -257 -320 121 82 187 380 -18 326 -126 -474 373 334 -195 275 -86 196 122
193 -212 -373 28 -58 -474 403 -147 -343 141 186 442 504 247 293 68 54 248 -141 70 49 197 464 -373 145 -57 142 -52 -347 45 161 86 225 -495 -424 -331 -204 296 182 -241 -197 364 -265 3 -292 -272 -192 -437 131 -143 60 423 -150 419 -73 -279 509 -110 111 93 -204 -212 435 278
141 -501 227 -203 482 -462 -257 -222 80 273 476 -345 279 -212 -345 -33 -452 381 -240 466 -384 279 -8 -293 446 262 -327 -386 -341 452 210 -170 -462 128 -338 74 -394 -302 -197 235 -206 481 -359 67 -403 -226 -337 -319 418 -146 48 355 -119 -441 155 -158 248 339 255 486 -361 111 84 45
-283 -135 -55 423 -87 139 -87 -203 293 144 76 -347 -174 -338 -432 -143 97 281 325 193 267 58 379 420 448 174 55 -418 -214 116 323 398 343 389 -49 -84 429 65 -178 370 -341 248 315 -96 422 -501 -320 -233 -54 -486 261 155 15 246 144 -242 330 -294 -415 -415 237 -333 -362 -394
-238 52 313 -154 -217 -214 -430 -349 -11 -79 206 -23 178 -106 115 -387 148 467 -44 -24 -249 -115 134 -259 -345 -292 165 -30 316 510 -425 411 78 -143 511 504 -410 -385 -332 320 -270 375 -40 138 105 392 53 -500 95 -282 80 256 -329 58 46 225 64 -75 -420 456 -311 204 -239 477
-60 -230 451 -59 207 207 -342 -192 -45 -238 394 151 456 -324 187 492 410 507 -87 123 229 337 391 -154 75 -60 500 -481 275 311 -327 208 -498 -136 267 -14 149 261 434 441 96 51 462 -204 -243 280 161 97 -300 -282 291 344 -63 -97 350 -456 -304 -368 -300 -129 152 343 -64 352
134 -34 263 268 51 55 290 396 -170 -330 -186 -123 -370 292 -286 -349 -50 -167 84 98 -223 -232 -306 -124 312 89 -191 112 -30 248 -17 -44 315 -308 0 -464 44 -401 -167 114 268 411 413 -391 447 155 -66 342 -463 -64 -192 499 -91 488 -383 -224 215 -77 -82 -137 301 507 17 -434
-452 303 -437 142 -458 492 114 201 -8 -40 485 493 -486 -461 -341 416 -130 -463 405 131 -419 508 -483 156 -21 46 22 -290 -494 302 -328 470 -71 -148 53 -274 460 115 -183 -372 -200 344 19 -167 -96 251 67 7 500 93 -232 287 -255 480 -303 -138 -474 172 327 18 319 297 -61 344
-425 445 48 109 -446 -461 172 -427 -419 206 187 -17 461 511 -368 299 -46 -410 -417 -94 -418 386 -217 -330 30 357 469 -444 456 163 -192 -422 125 301 408 -484 300 426 106 143 -448 -108 -259 154 96 -295 -22 -170 -231 -267 -497 400 16 -457 -164 483 451 -476 -96 97 176 -389 491 -382
-48 -46 -147 -464 -376 403 151 -412 457 198 -353 510 309 -214 -463 -110 -433 158 -176 262 -419 418 65 -342 -268 206 265 102 -168 21 -93 -37 -407 -506 434 -479 -58 284 437 233 -328 443 454 -99 259 -179 -235 -130 -55 -169 -74 126 478 346 -511 206 -435 -405 430 357 -206 399 -235 54
49 78 67 69 -26 -343 -484 241 264 -274 -314 482 186 5 285 -414 -278 -71 327 400 -392 -484 -384 -50 -429 185 -126 -347 -347 -471 467 48 307 -79 362 4 -218 -45 -366 -232 -216 453 -7 509 229 458 -103 144 -14 -468 215 -505 399 -345 314 45 -345 170 438 -80 131 -240 401 460
6 218 -251 -331 302 -315 -109 257 -447 86 -404 478 214 227 430 445 -144 490 -6 -494 270 229 380 473 -272 -500 -192 -143 114 253 92 -31 -84 44 -490 386 292 15 -332 157 -430 -357 -509 -505 -409 297 505 -223 -18 314 278 -17 241 -411 254 -433 433 219 94 -319 496 217 -206 211
-94 -474 298 353 214 165 -487 -128 117 -23 -481 -68 282 125 -502 -225 298 -131 409 -137 -66 237 496 -269 -341 443 -124 368 354 112 -341 -370 -270 -141 -245 316 -306 -134 -120 -428 194 -109 29 -492 -422 171 228 -391 -417 -245 -43 278 -210 288 232 25 -450 -101 382 -371 103 353 -321 -466
-42 174 -176 16 -22 -112 146 -276 -358 -314 330 35 226 397 -310 131 -411 -342 391 -470 65 -507 -126 182 462 -179 397 -37 436 339 -215 -223 502 217 -415 221 -367 -421 282 -146 11 352 -232 -365 160 -453 -177 -241 -61 123 -313 -367 -273 -56 -34 150 -157 -220 498 -470 -454 -466 -147 -211
-124 -58 487 -100 282 -237 -5 126 -385 -400 422 60 -10 368 -106 94 286 -117 208 -154 -366 368 340 -232 304 -325 -470 160 -160 -52 391 -9 -188 379 409 33 212 -72 343 -87 493 225 -184 429 -89 -397 -264 166 342 2 51 202 114 336 -193 140 -409 -406 504 151 -58 -365 332 -169
-512 -119 -460 -464 71 -365 328 -22 -192 -415 -355 421 -369 -161 239 -350 -427 -276 -279 -381 181 0 357 299 169 -161 -240 145 -470 -168 457 503 342 -306 -183 -131 -409 194 -197 145 75 -168 203 250 248 351 -67 -124 326 -82 159 -405 -399 -406 -411 -172 -114 -96 376 -238 324 403 44 199
207 270 -447 393 -511 379 230 471 364 210 -419 -89 -332 -370 470 -52 1 45 -429 -9 -308 459 -362 -462 158 -335 316 -174 -328 56 -175 327 -218 -312 -340 165 45 349 -445 270 -123 -86 67 196 485 -249 -170 466 15 -284 106 399 33 510 215 -317 438 -65 -387 -68 199 -255 240 375
162 464 1 -103 71 474 331 -427 27 -409 -21 -8 -489 -356 -344 -188 -35 -111 -61 20 -289 -487 1 147 -240 103 -259 -375 14 -210 29 20 120 -459 102 203 -134 232 -249 -203 418 -43 502 358 -194 -338 -479 263 452 -310 301 451 -239 -22 -8 -334 -347 220 354 -212 -324 135 120 481
47 -121 -132 260 -302 -496 85 -506 -212 453 222 218 -28 119 -468 -63 -317 235 -346 370 -190 308 -314 300 -505 -425 -154 -84 118 211 211 -497 -176 54 417 -213 116 -257 202 -401 -173 -196 107 -24 129 415 -246 386 -36 -38 -345 105 302 -405 -311 304 399 84 -160 -142 401 -238 -77 -330
320 34 384 502 0 229 82 435 57 -135 152 218 -388 -116 -384 251 -393 -210 -323 -369 236 319 165 -83 -499 -497 -392 215 -208 -337 -169 412 -49 -171 -389 286 414 423 443 -33 -203 57 -361 456 -40 -76 -334 -191 30 -411 446 97 -89 -479 -401 -304 324 -6 16 320 -451 316 -190 -156
267 -150 -309 411 -186 -242 181 -26 191 219 301 -458 291 131 337 398 215 -187 -84 -248 277 219 33 -221 146 473 -467 337 243 -152 -19 194 116 110 -462 -74 259 -382 456 50 277 305 177 210 62 -283 382 -180 484 305 302 -302 -302 -193 170 303 -386 -226 134 -159 415 344 499 329
65 86 -460 506 91 54 457 -431 -182 -445 -194 -349 232 -332 -193 25 -273 -21 167 264 171 -310 260 -102 286 390 -421 -266 -498 -28 272 195 339 -277 509 298 41 497 157 468 355 -468 358 -300 476 -268 -5 64 27 -29 -290 207 -290 120 -198 374 405 506 -275 -331 249 -508 -105 340
-51 216 170 -222 -284 140 -464 -393 81 -134 456 -468 232 -34 -109 -366 306 61 -250 -257 -169 131 -418 -464 -420 -508 258 146 -176 380 -249 302 315 281 216 369 359 130 192 -60 -275 311 63 -115 -140 489 16 -107 196 -236 -387 135 282 302 -480 483 -305 194 268 470 -62 -429 -385 118
-459 -238 -272 -355 86 445 -168 -84 -325 296 -232 -14 4 -412 -398 -442 352 -391 -128 -45 219 44 64 -16 -402 -412 173 99 94 29 -168 87 -452 227 -212 277 -397 -323 -284 -406 379 113 -453 190 -175 403 7 -262 -296 -91 394 487 424 -358 71 -136 -326 -315 255 -62 87 -295 427 282
371 86 -150 217 309 -38 -113 456 -185 -80 -323 507 393 -223 -298 -400 209 87 47 -147 316 509 -11 302 105 -374 332 -72 242 -253 -381 -494 479 304 -283 456 158 114 -305 -369 -94 296 -67 -450 -32 -462 453 -317 72 349 -166 -108 274 -127 88 -31 165 102 -283 285 -90 339 -414 -98
163 511 135 -278 55 -476 333 463 256 155 -269 367 441 -23 -294 161 -504 -23 -495 -109 -205 215 -387 125 -166 349 -363 -34 -89 347 469 -498 404 93 85 33 171 -225 350 189 -231 -265 -166 -78 -40 393 -8 -462 -303 -335 -437 -9 -464 -430 -377 -69 62 100 -50 -230 426 -323 -390 -462
-233 61 -503 -102 -157 -181 187 247 -477 -139 -60 -497 432 -146 218 133 97 268 219 -352 -257 2 415 174 -48 -349 211 468 -8 -111 497 -114 98 -388 205 30 -103 -414 -330 234 238 -109 386 354 240 508 74 -64 -498 -459 347 -21 443 264 60 -141 475 146 422 -59 -393 59 226 -174
265 -429 119 311 -361 99 -449 134 418 -98 -343 -392 271 414 -293 -484 65 77 166 -345 -109 -51 82 42 -507 -436 -278 488 464 165 148 135 -111 -7 -375 3 38 -59 287 -356 -233 286 -189 -300 383 400 65 -472 -140 -183 495 363 301 455 340 -246 -71 -362 103 -178 -125 309 -421 -248
266 226 -15 -279 147 424 249 -341 251 38 -32 -314 -165 62 -20 81 34 392 494 375 360 -420 299 297 -381 -154 35 -458 51 -430 -116 241 -65 -452 -225 -269 -46 267 -43 -193 454 289 94 -165 -345 414 398 470 -259 -191 282 99 -71 365 -402 65 -482 -65 -153 205 219 19 287 -202
49 -348 -186 -36 116 -41 398 423 51 -356 84 98 66 47 497 -360 400 234 438 411 97 -52 315 -404 -314 -302 -263 22 269 -165 393 -216 -452 256 96 250 421 424 -218 473 -346 -11 488 -283 -295 33 115 424 308 261 -325 464 -421 -58 -456 -113 -71 488 -508 453 -342 102 -453 -136
408 -286 -26 -142 -354 -85 317 -363 -103 86 -81 66 -80 288 -153 -199 195 -404 -312 -333 -227 -74 448 114 -236 -133 364 -435 -422 -287 -400 40 124 361 442 456 -440 64 312 -388 462 145 492 79 -291 -501 488 -221 272 491 13 -133 77 249 -364 -296 -436 -350 212 -394 278 -263 -35 -115
238 -95 221 -425 -111 502 440 -95 115 -183 264 -495 348 -16 -272 371 301 154 156 292 112 -337 -31 -146 -102 427 354 -343 -439 287 251 42 42 -333 345 -367 171 -212 -286 169 -290 129 218 273 -482 305 -15 -386 450 -294 133 74 122 -208 -93 -1 271 -459 365 -39 -118 77 -39 507
183 493 -387 -504 -96 -456 -269 298 297 -400 221 272 354 89 -140 273 -80 -148 -241 -476 -407 504 453 491 89 167 219 -87 184 320 229 -262 282 -377 -84 -278 -432 -153 249 240 317 390 -300 65 386 347 -106 -443 -46 66 -492 506 -266 -157 -187 -357 -169 -286 -441 -5 55 -459 210 493
-114 372 15 -381 157 -507 20 450 -268 -186 291 -217 -180 457 -396 478 195 42 -234 -49 53 182 72 503 502 224 -341 53 326 -475 303 -194 321 80 -421 281 105 -346 -331 -370 -83 496 47 99 -348 -163 -282 203 151 -357 -173 -275 -306 -123 -160 126 411 143 509 -53 164 -471 -130 -200
130 -110 351 81 -445 -27 -198 469 396 256 76 -303 -228 -493 -325 382 486 422 331 -344 -61 510 396 167 -143 38 137 126 -347 -384 -312 -139 500 -273 269 257 -361 -60 -99 -103 251 -440 -146 207 154 469 -161 -67 -366 -192 -501 400 -491 -64 -473 361 455 14 -212 194 -406 -351 442 -78
24 -455 315 -223 -110 327 -344 6 -97 372 -314 275 -14 2 454 -91 -24 476 -87 -323 349 349 376 -256 -393 -349 -212 -442 -290 -211 375 297 422 238 70 -250 -40 -87 -177 -488 -407 160 -342 -388 147 -450 -384 476 -334 -56 459 136 -486 237 103 16 -255 254 455 249 -367 -412 -495 -490
354 -417 -483 471 20 263 -195 472 -292 420 260 -321 207 -217 -39 83 -467 468 135 -73 263 164 -281 13 -443 -450 478 449 -39 313 224 -58 -56 -259 -347 -267 428 -196 -438 -436 -15 -129 -452 54 -486 489 464 129 -299 99 232 344 354 357 -190 -323 434 -310 22 -250 319 397 370 -231
-370 -135 267 -48 431 69 416 -129 -498 -459 487 349 67 -468 104 -111 -93 161 268 372 -131 -81 -487 149 217 -243 -460 -108 186 404 -330 456 390 -109 -194 392 394 -501 -237 -367 -352 -216 -186 -384 -476 359 -444 322 -271 -248 447 -89 114 -390 -282 129 -278 310 291 221 47 -406 298 -457
-98 108 -15 432 474 -461 -134 212 13 -131 -60 -81 241 177 -110 -334 -340 -452 234 -122 166 -408 39 485 -166 -307 -385 29 337 23 169 12 -435 -412 -276 -321 -423 394 -140 91 301 -249 393 -431 -185 -182 506 384 -150 258 67 -206 5 211 197 -325 57 385 312 81 -337 -71 -149 330
313 -47 268 -415 -296 333 82 159 225 -427 178 473 -397 217 -209 -195 -120 -132 -119 95 253 -494 75 5 127 67 171 -393 -220 -374 494 6 357 356 -252 148 -12 421 350 -102 -64 -269 236 333 36 -136 162 -82 -341 155 -90 -446 -468 -74 -362 -472 120 373 3 -251 8 -180 -141 -344
-321 99 -256 30 -219 -222 387 306 -229 485 -251 -208 -418 -1 -275 329 -299 414 -179 -342 277 -24 -35 -329 293 -423 -435 -478 -200 321 -71 136 245 -409 123 325 -285 138 269 -271 351 -494 322 -220 163 -204 506 97 286 -435 267 -376 418 -372 507 254 -60 418 -323 186 49 -110 121 -269
-231 170 -450 470 232 490 -7 10 87 319 -11 -302 31 477 -120 2 -509 478 189 46 -488 109 -157 -353 351 234 387 -237 -63 117 103 -336 183 -203 -168 300 -506 21 89 -97 -26 -169 -351 189 -234 389 -308 83 -189 214 363 80 380 -184 -150 -437 -11 483 126 -392 110 -167 264 124
151 146 259 -267 218 -3 -486 61 12 187 385 -190 -229 403 -238 -373 353 -124 420 284 175 470 -267 452 -492 394 -393 319 -222 354 318 -498 -57 363 -503 175 422 -401 204 -315 -286 138 -501 -205 -421 256 -464 354 -32 495 -227 470 -431 189 -446 -308 -2 -207 290 -471 345 -131 -503 468
483 193 -355 -449 326 -10 -294 -436 181 -259 121 177 -349 -184 213 486 197 247 -82 205 -451 383 239 20 -81 322 253 -35 -352 373 -302 337 493 373 -16 389 -226 -101 -11 53 -425 -406 -505 199 -14 67 -449 -229 134 63 347 381 -347 -1 279 25 293 413 382 -133 98 168 327 -292
41 -36 -414 -419 -178 -497 -83 -170 -298 77 63 260 -497 3 -54 -319 -107 -103 -69 -485 -416 7 58 461 304 444 -61 152 278 -480 -135 171 411 -182 167 52 -497 432 -248 -243 -254 -226 -272 -115 77 -429 403 -427 512 -332 -453 -391 116 345 151 69 -377 100 201 185 414 -270 346 -437
-478 209 -461 78 469 -396 203 -146 -278 195 171 -56 270 468 -316 169 -192 -468 505 -489 -88 445 -341 256 64 88 312 64 309 206 437 -83 139 -491 63 52 -239 -111 -173 37 216 365 151 -395 462 -241 208 247 238 200 -267 497 410 -384 52 -327 315 34 434 -53 340 -76 -234 -9
-144 217 -305 -13 -77 65 456 353 323 425 -58 490 183 84 -40 -471 -343 347 271 471 252 -216 370 -489 178 -294 -269 -422 -157 -213 -107 5 -388 18 301 343 277 507 -317 -424 396 393 426 -190 -38 -465 -24 502 -423 -284 486 342 -89 -496 -388 24 -453 161 -15 -252 -241 -440 467 -364
70 446 181 -501 -449 239 430 -340 183 203 -412 -103 -142 381 438 260 -238 -7 72 192 -4 -336 -490 -100 36 327 -173 92 -164 43 -457 -223 402 -17 25 -459 -487 214 281 67 -300 -36 -114 398 -477 328 28 -355 -255 400 131 3 367 -56 386 -366 -19 -362 -191 -41 232 148 -144 -192
374 114 263 -371 -338 -352 -96 219 -133 -226 -404 153 504 146 -281 125 372 392 131 426 99 -249 462 199 442 -352 420 -482 -366 -449 158 54 -143 -128 421 -211 64 -446 265 117 490 -364 349 354 454 204 268 -427 132 197 -408 277 -138 475 -219 371 -60 168 147 55 40 -268 47 -203
-188 478 -481 254 -93 187 285 -483 -91 -384 -217 -382 29 -430 160 162 -485 -431 -72 -247 -15 -501 487 -65 -380 301 -408 236 -116 -204 -424 -437 460 -269 -401 447 -26 -9 -52 415 -304 63 -67 175 22 -137 237 -336 -488 444 -222 75 125 -406 -325 -373 -105 -131 438 500 -220 -509 -17 105
-177 259 -153 -88 230 338 -384 191 -150 254 -225 41 406 38 129 -95 106 -35 16 496 -171 -328 -120 285 172 -169 279 -219 -261 -300 155 295 184 -342 -35 271 -269 474 -220 -99 -136 161 386 257 214 -342 -356 475 311 72 -295 47 473 110 507 -246 338 -174 376 173 -66 412 -366 -146
-72 44 -309 3 64 -299 137 65 -264 420 -71 -287 -55 252 -12 -357 -67 -397 -504 489 377 115 331 437 158 -188 413 139 59 357 460 -250 -318 82 -182 94 -461 58 333 241 -70 -229 -266 266 192 -289 -358 -186 266 -511 -203 -386 -318 297 78 70 -301 -334 503 145 -461 -385 -264 407
116 -384 10 164 -356 -51 88 241 397 -240 -25 -243 325 -436 258 126 135 334 -263 340 -112 506 435 -461 -340 389 -479 -349 -439 120 -240 62 254 -352 -62 -393 -38 140 -167 -399 68 411 -431 -2 -477 -391 -3 -29 213 98 -446 500 -202 163 -23 -315 -3 -428 396 503 15 180 28 -406
-259 -450 406 492 -462 -443 129 -58 411 -209 14 -403 -435 -482 68 -251 146 -207 -474 -25 38 192 146 -281 18 199 128 -8 -374 -252 130 -100 -256 266 -300 410 370 -490 -187 -369 -52 -386 -444 163 -198 -286 -127 57 -58 139 190 -447 -205 298 244 -37 59 65 465 459 430 463 333 158
419 470 -422 -420 246 321 502 15 -257 244 495 146 12 322 -155 163 -204 -253 235 315 -153 55 -456 -371 -2 -377 81 -159 -188 467 389 -83 419 189 224 337 -454 -455 -57 -352 43 -114 -425 54 -59 -432 24 -153 -378 -368 40 -473 -337 162 80 95 175 300 305 -81 10 213 154 -310
-311 281 -299 313 -157 -276 -62 495 113 323 17 -478 -470 -464 -310 -279 -185 151 -65 -460 -156 -349 -178 -164 465 420 -147 -128 -476 -271 373 -125 -101 -118 -480 -475 -324 -98 -58 415 -419 -89 21 476 326 -334 -290 198 -256 401 257 -362 -188 -264 -446 58 302 0 240 -66 158 -149 -147 -250
