489 -486 480 -228 378 280 321 260 98 414 -182 163 -344 -325 -306 280 481 33 48 -11 -93 -281 191 -507 -33 -79 408 -491 -90 314 283 -288 35 -398 -253 -254 -2 -385 464 145 98 -424 -385 276 -60 351 -3 230 412 -245 -88 307 -288 125 119 481 -59 -27 280 326 401 219 -66 -321
468 -355 -112 -470 -338 283 -229 174 -71 228 -157 -410 444 -475 -344 -108 -431 326 327 -394 -303 -410 283 -413 155 442 -171 55 231 342 466 -295 -62 -363 -385 475 -501 -268 -355 39 -379 -344 -148 -315 -11 97 291 -18 248 -125 14 -392 92 480 -201 -489 390 -11 113 -371 305 -48 -422 104
221 -371 -37 91 -294 288 182 408 500 68 -124 392 -26 -491 291 109 -66 188 285 424 -254 -448 -206 -241 -49 63 -155 346 -376 435 -183 297 -485 322 29 59 74 93 130 -293 -369 -307 -289 -162 161 -162 502 -48 269 -142 -174 326 199 450 -211 66 395 -12 264 32 402 426 460 84
-161 -35 -114 -414 96 -304 433 -92 279 291 296 -418 -117 119 -223 336 53 -117 319 347 376 307 487 -47 239 251 328 7 386 281 495 392 -402 -151 -468 -131 191 -30 150 159 39 -177 57 -456 -380 -7 115 49 210 364 -453 68 -335 194 -322 -409 425 -480 -428 297 -126 -127 -472 -87
327 -183 -258 194 -213 -98 172 -343 -163 -290 226 76 154 -379 328 87 -426 -378 -122 -287 1 470 -58 118 484 349 -199 -236 393 237 -376 -278 402 281 -441 -421 271 -285 -197 316 145 -414 29 178 -197 309 432 -367 -176 -40 384 6 -469 -279 -298 -72 329 -209 -213 -121 -356 327 256 -295
-323 -203 -400 4 156 -193 300 -399 476 -429 -306 329 31 348 84 282 -106 491 30 212 150 128 -301 -475 -509 -303 297 -198 -446 -450 359 509 -447 127 445 24 -358 165 -369 9 -366 -57 -241 -81 -49 -331 -118 -105 69 305 18 -391 -439 -36 187 -434 -220 473 -354 155 143 -122 444 37
433 -213 -503 160 511 221 399 -5 189 -237 459 -136 -20 -13 -444 465 -142 -500 -411 81 41 -185 -59 -321 285 -317 -464 167 415 56 -429 64 358 -365 245 -318 -10 358 -367 52 -501 -106 -17 -474 -350 503 15 -233 490 -354 -102 38 352 356 334 13 99 -395 277 -309 -498 -409 -254 446
342 4 177 -498 417 -131 -230 -72 -88 70 -381 -507 188 -400 206 201 -351 348 -382 374 -28 192 -358 1 269 -56 -369 -323 232 -186 -469 -485 -286 464 266 97 -404 -338 -148 -229 -383 198 -417 388 252 -62 244 -222 254 -87 -309 122 305 142 405 160 -296 319 -29 263 -330 -77 -419 -486
496 -42 88 467 -47 374 338 -66 -112 142 128 119 -240 443 -267 -13 458 30 480 96 -214 267 306 -354 4 351 -136 -358 465 -259 -37 -307 145 420 433 120 235 -452 -223 326 193 394 10 263 -413 28 160 -16 -485 -356 77 389 -279 171 127 -428 -504 371 -494 377 387 -253 130 10
-56 124 -319 -318 -409 -194 212 -146 57 -164 235 354 303 -448 -425 -134 -346 -230 -140 -146 -6 199 328 -345 -151 -57 202 -373 341 282 -42 -443 -341 96 413 254 -180 351 -80 -278 355 154 -238 280 -127 -500 447 -310 -75 -312 249 -364 -246 136 262 -59 52 391 278 -321 -369 -56 -339 247
-21 -24 427 -203 -430 -154 456 -253 -108 300 -111 360 -206 -76 143 -386 -10 188 -434 -92 263 483 176 108 -220 422 -263 -304 104 5 52 -233 280 125 -138 -475 415 -395 370 230 470 -26 -342 462 137 -211 -121 380 -473 -210 -175 382 320 -416 -309 102 44 506 378 -11 17 -32 -437 475
452 199 382 439 -263 -413 472 -114 -121 -55 -381 122 -62 69 -40 -42 50 226 -282 499 -478 -322 -170 -119 182 -86 478 -371 -189 59 -30 -58 -397 -128 -3 -299 126 497 220 -273 489 -342 -465 -289 -320 495 508 57 119 -429 81 -426 103 -236 143 -272 -478 136 423 108 -416 75 442 -433
-187 -356 411 -9 -333 -463 72 453 -260 416 16 132 -237 5 498 512 -21 259 18 341 -147 24 458 -475 -374 191 -85 405 -307 -112 454 97 -89 -304 -136 -376 493 -149 -392 139 -301 487 378 132 -189 460 296 84 472 -357 497 -278 -7 429 -205 -406 -171 331 -139 34 375 58 471 -497
-186 -287 273 -278 290 -216 236 -304 -63 135 -155 -411 -228 154 -232 -72 250 136 303 355 357 -136 -163 -184 -373 206 -184 -389 -502 -263 12 -108 86 -358 -260 -323 498 -374 320 -401 -454 -230 -224 221 -290 -251 343 -399 463 49 -393 356 -232 105 118 -74 16 -304 314 130 -340 94 466 324
220 378 -410 163 286 -137 340 259 -97 -89 308 -496 -132 -132 -287 -306 -194 269 223 70 -91 -312 141 311 300 461 119 6 -242 -385 -18 -222 402 -266 -183 440 -320 406 144 -479 -194 45 63 -258 -63 265 -402 -73 315 463 417 80 276 -107 76 59 281 284 317 248 6 425 -352 -51
-76 38 -295 -114 16 -434 474 -359 -1 -360 -230 -345 370 -416 215 -140 360 223 380 -69 167 376 45 333 489 438 -15 230 98 -364 -408 216 249 -165 -251 -396 -432 -183 -122 239 197 339 -392 374 116 314 -307 307 -311 -138 -49 134 42 71 7 109 -311 425 -310 -355 265 30 246 254
82 12 -508 132 62 -240 209 219 -342 -394 287 128 -177 -435 -297 -419 401 412 154 407 -117 87 385 314 472 353 -240 189 -152 270 -510 -82 -274 10 -217 483 -59 252 500 311 -66 282 -330 468 149 179 -247 -452 180 -451 -425 439 -270 52 184 -467 34 93 231 241 -269 82 -458 -137
296 -126 -356 242 -202 -309 -506 157 -401 40 -88 114 257 -454 -249 117 -273 433 417 -148 464 -422 -331 -165 -316 464 -204 113 -417 -353 -411 181 -89 -430 -147 -112 37 -389 509 -368 -113 158 393 183 -370 399 385 289 -302 -398 492 108 -307 298 -352 -102 -489 -491 113 399 -311 485 43 481
471 367 116 -39 -36 364 -399 335 -175 -424 27 -410 -332 -328 -77 -463 -135 257 -474 -72 392 73 392 -305 -209 318 325 448 -213 506 481 317 -140 -134 22 -461 -72 -269 -173 202 252 495 330 224 -371 147 235 241 91 -330 33 -449 -45 -246 355 -315 265 100 15 -406 263 252 105 405
158 -243 -243 149 465 -175 -40 -400 222 -257 8 31 -242 -274 491 285 -35 462 235 -285 120 -362 -202 -360 -29 432 149 355 -440 -307 -39 -72 -325 400 249 -280 -187 -419 -244 -285 -376 -183 150 -75 155 334 -367 -2 89 154 332 270 338 -98 439 -390 -301 -184 -507 -110 -86 303 413 -351
-332 291 -267 -398 237 197 -323 -278 -212 -167 480 -56 -317 3 292 164 -486 -377 -32 459 -460 -208 -512 -355 453 -258 402 -209 434 245 -464 152 387 246 -476 198 332 -79 -184 449 163 269 320 -482 218 -292 449 28 -352 358 -252 430 -412 203 140 99 27 100 -114 274 -341 -415 -101 423
-89 197 -135 -184 -314 246 -445 41 -362 -157 500 -253 75 -464 442 279 -402 -504 -452 -243 -230 -233 197 -390 130 14 -42 86 -26 393 116 -444 -84 -18 -244 -230 125 66 -343 192 -308 -379 286 475 220 -362 -492 196 66 129 52 234 356 487 302 339 -230 -236 453 24 88 125 -365 -357
23 60 -508 -172 -73 336 -509 420 213 438 113 -188 -29 -461 -450 455 207 -31 243 -391 382 -273 -423 298 -221 -173 269 108 -28 41 -471 28 -341 -160 422 -274 -65 -348 -356 410 437 403 -332 -253 512 -266 -168 -148 210 -282 -468 -418 -164 -226 -118 -235 -131 507 -227 117 -14 -449 -447 -466
209 240 218 34 38 76 -288 218 -395 104 68 -488 455 172 389 257 -252 -328 484 344 16 470 -436 -194 -189 -38 195 -493 -134 186 -307 -420 -124 134 236 -241 315 272 -18 -127 -259 339 57 496 268 -214 -56 24 160 11 -204 -292 308 177 66 326 -165 -15 -248 121 66 -223 -422 -245
-21 36 329 -38 -239 -254 -137 273 -212 94 -462 401 258 351 -107 87 376 384 -56 5 -332 368 -3 -6 502 54 247 455 -274 -24 -380 -382 46 -107 -166 -392 341 162 215 434 173 69 116 -179 -404 70 160 -396 -28 242 -492 32 -198 -461 379 -81 208 -41 313 -429 -107 -261 374 202
378 283 -164 -374 -466 -229 236 246 381 377 112 -359 -170 -507 313 -13 240 -423 -110 -181 -453 82 28 154 388 -288 -331 135 205 -358 -336 178 399 -472 -19 -93 -206 -63 -330 -445 -104 -452 -394 125 316 430 214 -126 -245 -332 458 -355 338 -27 -361 -370 -270 128 407 493 -393 -325 -352 402
-339 -381 -436 -101 51 -272 22 -149 482 -486 202 -328 139 -57 -278 479 -198 441 191 259 -407 -132 80 -372 -357 -164 145 244 119 338 -376 -413 -95 -235 -430 -328 495 267 37 -12 -126 -268 -324 481 176 -398 -217 258 192 -447 -108 178 508 496 342 259 -182 -58 -491 16 -347 420 -439 19
499 239 -413 -220 -290 -438 405 191 472 -231 -389 -410 -117 202 6 -95 -252 -175 -272 326 -329 205 64 -275 -244 289 -291 125 295 -298 328 172 -138 -302 78 253 -381 -119 -478 -428 -69 -175 89 -499 495 -28 0 -444 -479 -357 54 339 -236 406 136 -296 -185 29 -348 -86 -277 -274 173 -501
24 -197 -80 243 388 -462 -159 -469 -172 32 -361 -115 -243 89 106 509 303 393 -116 310 143 259 -179 290 141 356 -453 128 92 258 480 379 406 17 489 -140 418 369 -486 410 223 -420 216 461 -206 40 225 -452 -241 331 -371 368 70 121 324 506 -13 -191 -229 -335 -110 185 -344 60
457 46 -264 -446 -121 416 -340 -110 -492 -474 397 117 -80 -220 -471 442 -37 457 279 241 304 -107 205 -290 -346 35 -233 -185 298 -181 -126 -496 70 -259 -120 -295 418 134 411 -199 232 -37 260 -425 273 431 180 -187 296 349 -146 442 432 132 -292 -468 -152 154 -413 241 -436 -397 -359 -505
177 120 -44 -6 171 126 -134 401 -457 262 -426 377 -448 278 452 -190 208 -65 -374 66 292 -173 500 46 -89 503 147 -152 -471 441 -296 115 408 139 -35 -473 -466 365 363 334 -151 27 -27 -497 495 109 -91 501 -288 372 -60 485 200 119 -433 -366 31 -273 -412 -16 -108 -426 456 -43
-259 342 -20 33 222 -155 -343 177 102 184 1 -400 414 299 467 417 -373 4 -256 -304 -447 -286 -244 373 372 504 -270 -436 449 414 -16 153 262 219 169 64 365 20 -26 -270 319 292 68 393 -342 273 429 207 -229 -241 -488 342 -299 -144 -274 -150 174 -239 -464 -371 -314 -331 -29 249
230 240 416 -454 499 437 -410 -133 -59 307 375 -337 -19 161 -240 375 263 285 -345 392 -206 384 -228 -138 -290 184 -264 19 353 -207 476 213 -147 -418 -236 428 -317 120 483 394 271 -13 507 399 355 -20 -144 445 -250 -10 -80 284 -196 186 246 -497 -330 4 44 315 -214 -278 147 78
76 -368 36 31 -283 384 -7 -375 -56 -177 -380 -160 330 -179 -280 189 -439 444 -413 -331 -209 31 291 35 -443 463 -135 477 -215 -481 -380 264 -14 -117 -463 -402 490 140 85 -64 476 -46 493 -59 245 103 -12 316 -376 -268 280 343 -134 -504 35 -75 -225 -29 -386 422 436 -281 342 212
-181 257 216 -440 -391 -470 274 292 -162 187 476 473 37 -215 -400 232 66 149 -96 400 -152 -101 -215 512 -97 502 -360 -142 -472 -262 -148 318 88 161 418 86 98 -465 -140 121 -108 -84 467 -112 437 87 125 -48 32 -196 184 472 269 188 46 -507 360 -466 -458 -456 422 -467 -190 -19
144 -213 499 -96 46 -375 -394 -274 271 -460 -311 151 -123 -42 -357 223 -135 54 -307 -291 175 334 381 500 147 -401 -216 -99 78 464 -60 -486 -398 141 100 -115 -440 -461 272 -52 -398 179 158 -257 66 334 -38 -268 12 -105 204 315 250 -131 -53 -9 436 210 288 -408 116 -337 -171 -398
372 187 -143 -169 -388 132 368 497 -212 -44 -256 -359 -155 329 -443 -388 -110 -268 188 489 -316 302 -377 -184 462 -343 477 348 -172 -194 -355 391 -98 341 -185 204 -117 36 273 -291 475 -492 443 183 18 -104 10 37 -242 96 -21 -121 1 -501 -90 -120 466 147 -231 448 -83 440 -476 409
142 -214 202 -47 -19 -363 -206 -443 303 -19 -219 259 342 -99 23 -272 -393 343 401 284 181 38 159 120 56 76 -283 -358 -354 373 312 41 93 62 -170 195 218 -234 -347 -436 -80 -147 306 -326 275 -415 332 341 158 49 475 43 66 426 -149 118 126 102 66 5 446 -172 -111 30
405 329 -453 452 -379 222 173 47 37 505 65 289 -186 216 10 -91 -138 288 306 459 506 -404 361 -167 59 346 -135 -203 -321 -108 484 139 -132 377 316 -320 -407 262 422 -413 376 15 -23 200 -304 368 -164 -463 -382 -480 -291 -429 -342 -142 -16 -278 -145 233 485 90 -236 85 343 -118
391 -493 -168 -332 -89 -9 458 296 -304 234 -444 77 -346 -357 -428 173 47 -483 240 -225 -228 -236 363 503 -453 245 505 50 -431 -138 -458 378 290 62 430 -512 21 199 -508 144 347 -380 209 130 -361 191 -204 94 -461 56 142 -312 208 118 -467 -34 256 504 -453 89 -205 225 288 105
-25 -153 -304 43 384 226 203 411 219 171 39 285 324 328 -450 413 104 -307 23 4 232 387 395 408 -442 -339 -29 353 -14 -210 19 -73 -131 -158 -176 -454 397 -368 -274 150 -15 -418 -240 191 129 361 399 341 310 -485 -161 -269 23 117 -284 279 -92 -320 347 -346 -430 444 -346 -200
438 -23 -72 -105 404 -38 -494 109 -387 398 261 118 251 -329 -129 -326 -350 240 -372 375 191 -495 462 330 57 399 28 360 100 -158 15 -65 -41 158 -188 31 249 192 -220 -397 -364 93 -140 372 299 394 46 134 -19 -122 -428 372 -414 156 29 -176 -6 -144 171 501 -187 351 33 40
-392 -65 140 489 -450 218 206 255 493 -397 -137 -484 83 470 487 -110 -18 378 -426 425 -489 -174 252 413 29 -505 102 227 183 419 -366 -30 137 -219 -500 472 -244 294 -297 -118 -143 -488 85 136 -73 -145 -465 -259 -470 325 11 -305 123 215 37 -292 80 226 220 148 -301 -125 -415 96
494 -349 363 39 270 351 181 -30 16 205 320 89 -117 126 281 436 313 313 16 23 347 294 -276 -218 498 -188 -173 -299 304 -348 173 149 -10 -116 323 -330 28 -66 -182 -505 123 273 -40 274 -493 -391 -502 180 -46 121 -437 458 205 -428 459 160 118 67 293 -115 -17 451 256 16
303 -360 314 408 329 367 170 395 441 258 298 439 -204 1 16 -300 70 -47 288 2 -372 103 266 174 -197 87 244 44 -130 335 236 -400 132 259 125 -435 0 200 -122 196 -388 -511 -36 220 228 448 -69 -183 181 90 446 22 -333 -118 -45 -63 365 475 -433 -153 -219 -364 188 -427
247 140 -112 -434 -16 502 455 455 -256 -317 80 506 -306 16 147 -445 239 -478 -328 175 -140 -448 -366 315 -92 417 347 405 -187 97 -496 109 -166 493 -142 488 -123 264 154 -141 287 10 -160 -179 50 402 -195 441 -58 202 216 211 -474 115 -181 -232 -103 222 158 -206 -87 -303 -284 169
154 -222 103 -377 -506 230 168 443 113 -506 -285 47 125 -444 -100 444 126 -482 248 -105 -223 53 -254 104 -464 -160 -113 92 -56 -236 -183 28 -288 -50 21 -18 491 -144 -348 -68 71 401 318 -87 -411 342 -272 456 368 429 289 115 110 446 -487 404 -168 -68 488 231 41 446 486 51
124 422 412 94 -368 -278 -309 244 439 84 -447 -221 -143 -222 274 -196 -127 165 -485 446 -438 -16 61 -162 -485 109 427 451 -252 261 -117 222 -279 120 387 -323 399 -325 -164 300 -493 235 -59 196 -444 130 256 111 471 -287 -76 -206 91 -72 -443 439 -432 -471 344 56 467 -257 -176 241
-39 -92 305 -46 -85 -466 -157 -370 193 95 -216 -467 -353 -430 319 167 -261 390 157 167 -245 -31 283 -242 -497 -124 -469 64 471 489 -397 -504 14 315 173 405 160 -319 280 -301 -375 -202 -361 -408 -507 -127 -255 -80 170 -88 140 207 -484 33 368 121 -234 238 289 -124 180 81 -460 -46
-16 -339 -193 421 180 478 -438 -329 -273 315 -344 -373 -85 -279 -50 -12 -202 -22 -268 447 99 -181 -350 8 -469 -136 -446 -467 -323 -204 -441 -207 416 -326 -203 506 -42 -180 79 475 152 309 43 442 -329 -283 -100 -493 -295 363 -286 85 414 221 -329 130 -117 -135 281 2 155 319 -471 -279
-213 -320 350 -244 -330 104 -370 -369 -437 -44 -117 -152 -242 453 -215 458 59 9 467 -89 37 -436 -76 -368 -401 -37 97 -425 447 -76 -219 428 403 -271 49 -228 -454 373 -157 -72 50 -238 -70 98 240 442 85 451 -354 72 -487 -154 -210 -489 100 -381 414 350 -432 328 -332 -471 -200 -401
433 -419 423 -468 -273 433 -83 40 183 -366 -286 -173 450 142 -220 9 -453 332 472 18 -350 11 -390 210 -108 246 362 175 -141 201 -184 210 -64 -63 33 -426 -460 497 143 176 105 -320 273 172 -375 -47 -306 -228 6 492 -493 223 -295 192 303 310 -60 -105 111 193 -458 -394 440 329
-319 36 -131 -139 -175 246 161 344 -490 -230 -222 -228 465 213 -371 -390 209 439 8 389 -327 502 -210 -283 197 -434 -191 -275 330 -241 382 -455 266 345 -91 -149 -42 329 132 447 184 -494 -255 177 494 454 -118 -72 373 -182 -462 329 -417 -190 415 102 -472 214 -378 -446 -479 -295 406 -144
100 313 -383 -85 -81 442 113 -225 120 -324 -52 -93 -189 -218 1 -84 473 -309 -406 -79 -133 -305 419 -338 -159 -350 -71 16 -80 91 440 294 442 26 97 -55 -33 -436 -318 434 -219 -250 349 -219 -189 -340 -143 -149 -211 -133 -217 -328 -438 404 -119 -55 -489 -254 239 -362 136 414 61 17
152 -505 274 307 13 498 227 209 -85 -212 121 375 -183 240 -248 179 -127 -387 -358 102 170 -64 -482 147 -319 434 44 373 -217 -362 122 301 -4 489 -246 -359 310 149 478 -83 256 95 486 -48 383 -264 -267 -262 -400 -506 250 120 10 203 -1 -241 114 -49 -324 145 147 -477 -72 140
-448 -470 166 -282 91 -357 -430 223 -311 -38 365 377 480 28 -432 -17 -67 -262 123 -156 -98 154 11 -180 -276 -475 268 -83 -171 -235 -424 45 -38 65 386 -322 -48 42 124 -463 154 410 -70 497 493 -360 246 -468 270 -428 322 99 40 33 379 98 -179 351 -491 47 -446 470 389 114
-249 190 304 -392 -259 454 -165 13 150 346 504 453 127 439 471 -257 -444 -340 -105 75 241 253 289 348 -413 321 257 354 -198 -432 -280 -342 -263 478 -137 30 -361 -162 -34 -274 -419 -451 347 -162 283 -426 -492 500 -450 -275 152 224 -122 345 -105 -502 -2 -254 73 -478 343 -174 -58 -122
-137 -194 -108 178 29 -440 -296 -415 436 -256 -117 303 239 428 -392 286 199 -145 -5 -38 -189 216 -244 -121 371 -214 261 -131 -394 -409 -166 -418 -354 -427 -41 414 -434 460 -389 101 -223 218 -62 337 225 174 -395 -295 -357 -386 60 -382 -341 205 -193 389 -109 66 345 -297 502 13 194 243
-306 -119 -274 -368 -341 322 49 -475 -490 -435 -83 149 -59 448 -103 -83 44 -416 -7 383 325 243 490 141 -384 -433 116 -125 117 -458 355 355 222 -49 60 222 294 266 302 71 -508 -111 328 436 -107 506 138 434 -299 -361 27 -409 -496 -370 -507 313 412 -124 201 102 -444 499 -215 317
98 -293 366 464 -253 168 495 -326 -401 384 281 376 -106 -27 26 -178 125 178 354 -279 -394 395 -298 97 137 22 -406 76 -236 -118 233 -416 -259 -179 186 387 356 381 -270 278 155 -61 -204 246 -125 -30 -75 7 194 27 324 461 -222 -397 -504 -301 102 -30 512 4 -508 -74 -301 -411
383 -386 -23 -311 -47 -252 -148 4 306 191 277 13 147 -480 97 70 466 -282 -92 87 -445 -474 14 93 327 76 456 287 -171 85 230 144 260 -260 92 -343 -327 -264 405 20 316 448 -281 231 63 -369 246 218 -205 -218 113 390 -450 -324 60 488 198 -238 505 100 43 -492 365 403
359 31 -469 367 484 184 225 415 -353 225 5 397 -487 -385 205 -490 116 293 -236 -141 419 -438 -404 -493 -481 153 -407 54 -365 114 -270 -40 48 -280 -31 -372 -15 463 367 -430 200 235 60 -299 -224 426 506 78 433 460 321 -486 246 -19 -303 322 -81 113 44 197 279 78 235 265
-35 -414 443 343 419 176 -484 -308 -383 -424 203 -446 -124 -273 509 -187 43 -162 -190 -381 68 414 -476 154 478 20 165 350 -51 388 453 -276 -307 331 -47 -414 153 167 4 465 208 361 -295 -351 436 13 45 366 -283 131 3 350 -190 124 -258 -340 -105 68 168 253 201 323 474 230
-480 270 -6 247 -346 405 -379 76 -435 188 -442 -350 338 465 348 -51 363 -152 -59 377 -36 -220 417 2 -262 143 -435 -511 -175 502 324 272 -101 424 23 375 369 -123 494 87 -219 -496 29 -185 -376 -209 -253 23 -382 62 -348 -63 256 247 -453 -471 488 -311 179 235 40 -28 436 120
