-128 129 -407 382 -217 -192 -10 -429 -445 336 446 -232 -127 -156 8 0 151 373 -147 46 145 -178 393 -242 32 53 324 -395 -269 -305 -232 -61 425 395 151 493 -454 120 374 218 47 342 -152 -380 -397 -287 487 -341 -271 -186 -297 -222 151 -289 135 -328 -259 -321 382 -361 96 499 428 -266
-147 -200 -194 288 66 -493 230 169 123 209 -462 -294 -398 444 327 122 459 -191 -268 -443 -54 -76 -442 212 -270 171 -482 -270 14 71 -436 441 -73 259 424 -97 -407 207 42 256 371 -493 -315 297 501 179 -204 -504 -130 96 -413 -447 48 78 136 355 385 468 -367 125 -212 -113 -295 -250
50 -230 286 168 238 50 173 -89 -362 100 -384 464 -250 -172 -204 307 195 344 222 276 135 -49 -17 406 -347 -413 369 -245 506 -117 288 479 -462 490 -189 190 -299 -435 166 -208 -32 -339 479 -487 269 -105 -54 -414 -159 -483 219 461 -479 -214 172 487 -156 291 -66 94 104 155 -135 470
306 338 -34 -252 -313 237 46 -320 -382 -328 130 106 209 -398 -393 -383 -261 -246 -331 -87 -86 -166 -104 230 -55 -13 -332 -470 -20 339 -38 -357 353 169 317 -195 312 -121 454 317 -47 -207 395 -245 -99 25 -471 -451 -345 506 -134 394 -163 -380 -324 455 -17 254 -391 399 -133 -130 337 -1
256 374 423 61 -300 173 -27 81 333 -104 227 172 -385 -314 483 -55 -156 -46 -245 344 426 234 -292 -353 437 -260 268 -395 -372 -486 347 -139 62 427 -425 -181 -116 335 234 -408 122 -249 -326 -85 -229 -394 -437 505 207 40 -132 106 -441 317 -41 -224 183 159 185 493 354 -188 -496 -19
84 234 -123 -357 392 -192 -335 400 77 -77 -303 -152 -422 11 69 113 421 -312 -162 -76 -499 -28 108 154 -74 -489 371 -102 -317 -57 136 508 -105 -475 -486 -405 -278 88 288 286 336 143 -360 321 115 -386 -311 50 -30 -187 361 57 257 469 271 -238 236 192 -357 -119 126 -156 -124 95
17 302 246 -123 -476 -348 164 65 -221 299 -456 457 7 313 -428 189 -134 247 425 -275 323 -258 488 337 -267 349 -125 -408 -140 296 388 273 -318 104 65 -125 225 -455 465 399 -312 -155 -399 419 -311 -448 -372 316 -89 176 177 29 29 -62 436 440 224 -487 -337 -510 -217 213 352 299
243 -93 115 -194 369 -183 484 1 90 -115 -152 -47 114 -169 470 313 -394 -33 -229 -117 197 -351 -502 168 -385 -318 -183 93 -408 306 248 185 106 209 92 391 120 493 106 68 312 -75 -298 134 1 207 -502 -188 -138 53 -373 209 -360 121 249 274 -60 359 123 -21 -204 -216 160 -91
-383 11 131 -371 336 76 140 270 115 -255 471 -221 -175 30 -405 -429 -80 372 143 144 267 87 -458 497 461 -492 -51 -509 296 -200 470 -494 121 -193 -338 484 -249 130 109 -399 -69 -454 124 235 -360 -111 110 495 258 107 -277 100 127 42 379 157 124 -360 194 157 -350 143 469 54
296 52 470 360 245 -266 -205 474 -194 -113 148 -317 369 -218 -119 492 306 -245 377 -454 -183 161 -70 -38 -336 303 -85 255 -152 207 505 5 353 -148 36 327 430 -390 197 393 -378 256 235 131 116 341 -206 -333 81 462 -203 426 -73 -319 -365 -36 91 -110 291 444 288 -450 465 493
154 326 -512 -388 496 -484 13 -11 -167 150 504 -124 -457 -458 -212 -479 49 85 -377 330 402 98 -287 -287 226 -114 486 -475 184 216 -38 293 384 -406 -479 420 470 231 -411 41 442 -505 317 -420 314 383 433 277 395 -361 212 126 -331 183 315 -29 -506 -331 -102 36 -486 -451 261 -424
209 245 65 15 107 -169 102 232 -460 -217 185 -482 -291 102 200 -421 255 -266 -204 102 61 -227 -33 -223 509 12 -404 325 -173 15 -260 117 -470 -170 244 -183 -229 427 255 365 173 -428 135 247 -204 215 460 293 -285 496 285 438 -146 -330 -187 404 485 -324 5 -503 -67 -177 43 -331
85 301 186 13 -142 -425 169 268 -87 -366 -256 200 -269 114 -40 -246 436 473 -357 415 -110 -217 -229 381 -315 333 -75 471 404 -276 -129 363 307 147 28 -109 425 -281 450 239 -466 -187 -27 -12 288 -33 119 -25 -292 411 -460 -149 -447 391 460 507 210 39 304 338 -305 329 -143 -161
471 414 -61 -173 431 -274 -90 87 -87 143 -153 -100 492 -452 -407 473 88 51 -484 -161 459 332 -9 -426 191 277 -190 435 286 419 -439 200 -503 -439 403 -87 94 -473 -69 -171 224 503 -70 -85 -472 -485 -209 212 -192 103 -500 0 220 303 47 -378 -10 366 19 413 485 267 -217 -199
-466 -448 -379 119 211 156 -287 -397 -143 117 437 45 -294 478 -29 482 83 -97 254 495 -171 238 -142 356 65 55 465 -451 -16 -379 -84 -128 -378 -334 -228 393 253 377 -4 114 -151 -440 -301 377 280 92 387 -495 59 -299 365 -329 283 -111 -79 190 5 -42 367 -294 -111 -382 -309 357
-149 164 -38 441 -201 -133 -332 -427 321 19 231 -419 -500 -326 76 309 -447 -126 357 400 236 -138 -190 136 149 280 -487 362 -260 -30 297 255 -452 -132 38 202 -436 -444 -70 -134 310 386 -343 245 211 401 -81 216 -246 369 -138 189 227 355 -138 -118 -103 -126 -458 -424 -17 283 -460 -89
78 512 332 -297 -446 -208 63 92 -504 418 -474 443 -439 -214 168 70 335 230 -228 454 -45 -470 272 477 -26 488 85 187 287 -357 -6 -30 348 495 -151 -110 -411 -435 81 274 -486 406 14 -129 -359 -477 -41 -335 -490 171 -156 -399 -318 387 125 73 -127 -160 102 -123 369 -445 117 -73
-140 311 -122 162 -262 -321 483 -278 -256 91 14 -319 -75 -295 -464 -335 -402 14 212 -38 -479 -384 -111 -2 -439 -474 -57 -323 98 29 -417 8 70 -479 -487 437 -3 -193 -377 -437 -417 -73 -40 133 359 -36 -260 -362 400 -336 49 -495 450 250 -423 94 -212 480 -283 -393 -48 -33 -132 4
9 -180 225 -246 88 311 -36 -168 -281 371 506 394 358 -372 134 403 215 -400 -430 -184 -327 29 -186 -36 79 488 209 395 425 156 282 -119 10 299 343 -140 -190 -465 374 410 394 -455 359 -191 -375 -301 90 470 472 129 -129 465 -363 -251 -12 478 -150 -147 -265 293 -252 322 425 -452
466 204 -405 -414 -419 -89 -174 63 185 223 -72 127 -424 -53 -208 193 -6 151 -255 -440 13 -370 -301 196 310 -402 -144 320 -300 313 161 448 164 169 127 363 -162 413 -486 65 289 -198 92 -157 78 270 -489 -185 -88 213 89 -37 -56 225 -364 -315 -355 92 469 115 195 -490 410 -501
315 -64 -141 -234 106 -440 -174 178 -504 412 366 495 -19 -1 414 62 506 317 -399 111 -340 -438 -508 -221 52 -235 -413 486 80 230 460 -324 -160 -336 192 -412 -237 219 194 23 49 154 -474 -204 368 -271 430 -410 -412 -478 290 416 -501 -139 346 -351 77 -345 -281 -409 -190 479 -435 -146
177 462 -496 451 -482 -463 237 511 -333 314 -385 188 -86 -5 -277 -58 58 -109 -271 102 -405 362 457 171 468 -403 257 -50 74 416 -353 422 -61 141 142 8 -360 249 328 -368 -268 -406 -142 195 -312 -43 -189 -235 -169 -396 382 -371 360 -367 -152 305 314 498 -307 149 362 -496 394 -427
59 117 454 292 -361 143 26 463 -149 -196 243 90 -199 -329 438 304 500 -41 -476 172 382 190 143 93 -156 77 422 -114 74 478 421 -259 -454 240 218 114 -142 -301 217 442 106 -424 -68 361 -336 -309 -331 -286 89 114 -49 231 137 -299 -161 448 71 71 -31 -385 -47 6 186 268
244 4 -233 -250 230 -1 -306 -404 -48 -396 200 -175 -228 137 -187 -193 239 -491 -410 -436 182 299 -199 72 282 329 -103 -231 -157 -281 -176 -273 434 -140 -339 86 -185 144 135 339 364 -329 -167 -35 126 286 126 173 -409 -223 -105 305 -357 -319 364 481 -402 72 400 -274 336 260 -431 -24
-348 -289 411 -247 -53 322 470 142 -85 -99 149 27 -265 192 41 222 -233 -437 117 101 429 219 -48 -312 -324 363 -509 -100 -293 198 208 -85 -312 -441 -281 209 283 -245 464 337 -200 -241 -297 -411 46 -199 216 -481 -456 -264 -90 353 233 -412 6 -468 435 -465 -506 276 488 -454 -70 478
-465 -187 -459 -179 -138 437 346 -13 276 352 -213 436 74 134 24 345 -111 -86 118 -470 -234 -46 366 138 384 125 84 121 -302 177 -374 47 -497 -288 315 -455 -279 272 -222 146 49 -221 -183 398 334 -12 -351 -344 -180 314 -460 437 463 401 -202 93 -77 259 365 443 -302 -226 -111 -25
166 -377 231 -157 -233 -275 -322 379 -9 -326 -110 -204 -436 65 -103 -26 27 206 210 -429 342 397 -231 325 411 10 -164 -471 288 218 -192 -28 -125 -141 273 -321 441 -183 -424 229 -27 392 -69 -133 -356 398 -184 -265 -331 -401 -73 359 -127 177 -493 186 141 -240 -108 -441 -319 -299 -239 74
-478 -81 -72 490 -184 112 -505 -17 -63 388 377 19 -508 204 -352 -286 -368 289 -305 322 -229 270 77 -330 -88 252 -61 56 -123 424 170 353 375 87 73 73 384 -218 -18 -103 -66 448 161 -11 -500 229 -348 -392 -508 -377 257 486 78 136 135 96 -435 -361 252 444 19 -315 -456 -208
63 -82 -271 89 -299 287 -436 324 -204 103 -39 225 -72 -61 -265 238 235 506 -47 489 -361 -467 -47 -328 293 55 -108 -254 106 -175 -406 441 259 249 46 168 -53 -500 -86 -48 -308 478 -506 356 63 151 -426 -238 464 491 -225 423 -266 -311 -235 -313 -65 477 -55 -122 491 194 193 266
18 -450 -311 118 -222 164 496 11 307 490 406 338 -479 161 38 433 349 184 95 200 295 -13 238 93 -36 172 91 -321 306 -340 237 -405 101 398 -464 -411 -93 92 -147 491 -352 156 504 131 73 -147 99 18 164 -214 429 -276 -393 -247 -224 497 280 31 -506 -452 367 -343 226 -51
-122 -260 510 -289 432 379 -403 -73 15 481 -2 -352 121 122 120 -456 -348 -496 156 -103 361 -10 167 -268 137 499 -279 167 440 -290 457 -80 -209 -215 106 -235 367 463 -416 -483 -93 64 -179 279 32 -336 413 -397 364 -22 119 -245 -505 -511 223 -24 462 -47 -477 357 368 334 180 -302
474 -97 500 -243 -393 -423 -19 344 -108 26 159 373 -187 432 -74 -456 -226 -283 175 -468 298 -381 399 -69 308 431 272 62 -367 -145 -149 -467 263 -217 215 106 -220 -351 191 -267 246 392 -353 188 -217 -32 62 155 -251 -202 67 113 505 323 -109 -175 504 -25 -430 -109 467 -228 -347 383
0 -54 426 117 -261 -220 -138 -346 -391 193 326 -42 -219 -462 82 -291 -427 128 -99 267 -143 -453 89 -228 -17 -486 -60 -6 -438 196 87 -330 319 493 400 30 244 -123 -301 -33 196 -348 -5 -70 -325 -396 28 81 -195 -431 -281 507 -366 -232 268 -379 -369 -103 -485 84 -215 256 453 28
-290 376 427 -114 300 -117 -192 330 434 371 261 -371 -466 288 349 165 350 481 -215 180 -29 -430 -464 78 136 147 372 511 -449 190 156 175 -300 261 -138 483 -53 251 293 -205 -292 171 -271 401 -52 -375 -460 -363 -119 -458 381 -444 79 52 355 31 -392 196 -325 221 -452 245 442 -147
500 22 -196 -192 -208 297 -258 139 -136 318 -144 -259 -94 231 -64 278 -420 369 -133 63 312 332 -472 -374 -331 314 -86 10 353 192 280 134 409 -119 -170 -264 420 213 -61 -99 -290 81 -201 244 -355 -92 -293 -273 -318 -376 212 489 -194 298 -496 64 208 -35 -353 -459 -321 336 -333 277
-187 -326 493 -26 249 134 -444 17 -194 -307 -95 -318 230 -165 -215 36 -128 -256 -168 423 431 428 -337 318 310 -187 397 241 -510 -185 -223 415 -510 -497 -488 -413 148 -382 -410 -394 176 365 347 -67 -192 -123 -94 99 -213 226 -161 -339 -277 171 246 -174 -500 -49 -280 149 157 428 361 43
-146 446 91 270 -457 102 109 84 200 136 397 -439 209 36 -218 290 -477 -313 -373 337 -265 39 -244 -80 19 -141 244 -177 -12 382 107 -178 9 -366 -486 -46 -393 459 147 207 -372 -461 -98 248 -344 -138 -346 -237 -197 402 411 38 -317 234 502 359 495 -214 -267 -429 -1 257 480 -418
425 -74 14 -69 211 447 -188 -116 72 -33 -151 -489 -428 144 208 241 30 459 -273 118 321 -339 51 257 357 467 288 -83 -53 236 366 470 -246 -177 351 -83 20 -235 312 225 289 -414 478 143 -54 315 -98 -392 422 -44 129 -249 -162 420 343 59 220 -202 106 -384 -366 -57 -212 100
268 7 43 509 65 -264 431 -166 -252 467 -453 246 -285 -227 143 -414 -278 470 377 -465 129 260 53 -156 -297 270 -157 44 58 -478 385 -474 286 421 -208 343 -292 -44 352 51 26 100 -465 -12 -438 -363 -316 507 -104 -348 361 120 44 200 66 -477 307 53 503 -250 -367 -458 186 408
382 376 -108 -400 274 372 -105 -394 -378 -447 471 -179 410 493 -308 -299 440 -500 234 353 483 -12 112 118 234 -359 -48 -26 -200 383 -354 463 -261 329 227 339 170 -130 -130 130 -260 52 -228 -416 -248 443 486 -227 181 363 -243 -247 448 -89 408 -304 422 -491 453 110 -228 -221 505 -24
-444 221 -375 370 409 -173 368 -329 -69 177 -262 -309 -347 470 -465 35 493 -69 -13 496 -215 -373 225 233 -47 -310 120 336 -160 -281 229 -274 -54 54 265 288 -511 -494 -20 -24 -181 424 -458 113 65 -165 -331 133 -432 414 106 -285 222 303 491 295 24 412 207 92 261 -465 -168 280
-279 -358 489 -501 -445 485 -228 88 -34 261 -54 66 113 218 -21 -336 -9 295 361 -496 -462 -74 -20 19 382 -184 274 220 -35 -479 328 -435 197 -322 -217 -467 -280 -372 -497 487 457 -362 -188 129 -378 378 -148 227 323 82 -473 -160 59 490 -298 353 -327 298 305 -308 72 -4 269 -247
-100 -405 -113 -77 180 48 -20 -121 -83 436 -289 346 -156 -494 -114 -73 195 -431 461 1 214 428 -7 38 -224 40 102 250 462 218 190 -493 293 52 -157 -349 -475 206 56 -212 -24 508 316 -41 -347 245 -494 296 -203 346 -391 -170 -94 84 188 76 -192 -188 -254 -494 210 379 296 71
282 -420 -152 -107 -247 -27 145 441 -50 -477 -305 357 23 507 -233 -203 -395 28 229 -263 -348 -210 203 -453 -22 356 54 -417 437 512 -304 331 223 115 126 -396 -240 -22 -195 -301 149 205 -425 -313 300 -70 -71 266 -189 -378 113 41 -78 312 -465 -77 3 238 -57 -398 -58 -87 -301 -202
-412 4 -88 498 2 -165 -511 91 -379 270 321 471 -450 -414 -409 253 -356 -8 -475 77 471 -176 -245 376 -32 -164 332 491 -232 48 -275 349 61 265 -400 189 180 -419 25 -36 70 48 -355 337 11 -415 -210 -446 -138 9 -485 -504 -284 -355 499 -195 -423 498 -21 267 286 -266 40 361
394 -7 -124 33 394 398 255 -43 508 -197 -388 55 103 -29 197 -261 350 -393 -304 -66 -323 -317 -238 395 352 396 355 -491 -4 -168 -492 359 285 506 -106 126 115 179 232 -415 -317 364 393 170 -162 -355 506 -79 179 -451 -71 -435 24 160 -374 -15 421 -113 -422 491 -150 -326 -6 -418
-122 -98 509 308 3 361 -342 72 477 94 14 202 -359 -256 461 220 464 78 -318 208 -326 355 128 252 -424 -464 309 -508 -381 -165 -339 133 86 -448 384 455 -460 -100 -292 306 442 -358 226 458 -262 -402 12 284 -146 -372 156 -49 -196 358 510 346 444 500 -36 379 -150 -330 -485 -497
263 214 262 424 192 446 219 -389 -448 31 -318 -193 82 -380 280 -357 -457 423 -206 37 500 -17 -311 -367 -30 278 52 294 -44 -245 -88 -35 -249 -356 438 380 188 -294 -117 -38 92 -185 201 -417 -197 -17 -199 -173 -447 -151 -303 183 -70 -382 237 355 59 -443 381 -174 477 -201 239 -294
212 -426 -443 -377 -504 250 244 -202 443 -322 465 -203 346 102 230 -8 -377 503 -169 119 -138 -45 -306 -500 503 -367 78 371 108 13 -428 207 401 -334 -299 -28 179 -95 246 -239 72 -217 68 -225 -365 429 -507 346 -282 -178 116 -382 -5 -195 472 274 408 215 -359 -500 204 252 -360 429
406 15 186 71 -355 -500 303 92 411 259 364 89 242 477 305 302 -272 -486 -159 22 -250 501 368 329 186 -299 411 282 -142 116 -322 -90 168 -345 -482 65 -55 -247 -10 -87 363 -366 -40 -145 222 503 -239 -42 398 169 -290 -134 -408 322 131 -464 -439 406 4 236 79 504 -161 -333
231 383 118 309 39 466 -246 484 454 -469 369 328 371 -449 -136 506 -10 337 -21 372 11 10 -339 -492 168 326 -429 161 62 -247 508 58 53 209 -319 -50 506 49 5 412 -393 -162 20 -91 285 208 -452 -129 139 -460 -389 -379 95 188 -404 43 -227 429 -155 -89 187 301 -261 437
-49 73 -497 -320 -228 329 -27 -248 -319 414 317 -293 18 -273 108 111 -313 467 -283 500 277 115 -191 361 493 -275 449 -100 -436 -351 -279 354 151 -55 -185 43 -509 -469 -34 -143 -425 292 -282 -341 -379 -236 435 28 -258 325 -12 323 487 84 -331 -250 283 -41 491 -285 -37 -471 503 34
155 359 -475 484 -157 14 -41 -452 -391 -1 300 166 31 -445 231 225 2 -249 -1 -486 -504 60 346 402 -215 23 -464 -223 -131 -372 -399 398 -122 501 -499 418 -29 -216 -216 71 125 -168 446 -166 -356 324 -246 -441 -256 -226 -157 353 127 69 91 -433 254 -329 358 -10 273 -154 498 -147
-251 61 93 -304 279 218 31 402 -488 432 477 293 32 -1 -195 305 -6 -297 62 -28 -202 -100 -295 -341 -338 -295 204 -251 402 -77 -14 -437 32 -190 -107 256 -436 181 -360 -250 234 -381 -124 145 303 51 -186 331 -199 401 -104 305 -157 406 45 -294 -218 436 -161 208 -308 396 -115 155
324 501 343 60 490 -498 343 473 -155 -241 -142 308 371 -161 11 -10 -94 -126 -374 101 -132 -471 73 -211 427 -76 -169 279 131 473 333 -496 27 336 175 84 335 -167 -369 67 -493 -366 390 12 -268 3 -330 183 -301 -84 -301 -134 -262 315 137 355 313 -261 337 62 -294 99 259 282
335 283 -288 432 120 47 220 -254 -244 280 388 -117 -90 460 12 349 401 393 425 99 387 -41 -206 263 406 -488 -108 142 -385 -221 -451 454 -71 -153 250 -500 296 44 349 -195 -359 237 -309 -297 403 -276 15 -92 -287 73 -127 194 -139 -372 32 77 420 386 -365 -67 175 -237 331 -244
-11 -279 -132 156 180 505 214 -381 -497 -128 185 299 -147 70 -88 -400 -61 291 337 110 407 -395 -179 -88 267 508 195 -13 25 335 -278 405 -392 326 197 -27 196 15 -3 -268 -228 272 28 -212 -93 192 -80 360 -70 122 27 -304 -239 156 -7 -413 88 165 274 -166 -118 199 41 -79
-227 -290 -227 71 -180 -49 -200 -441 413 -271 -381 326 -279 288 370 -482 -26 -220 72 370 -308 -275 -147 -97 -464 -496 491 -179 -353 235 429 -20 478 47 -431 -143 399 381 -392 -431 -191 -48 105 330 76 26 448 -34 292 -262 -225 -25 228 345 447 481 -197 -403 -477 -266 -121 -414 434 174
446 -271 -358 -58 -265 -39 44 321 -417 -204 -504 204 202 -184 478 -481 -483 -60 284 288 392 70 422 -309 -482 343 -156 -186 -228 193 393 -475 -64 170 -250 -184 -371 -484 -108 440 -466 221 -1 -261 36 298 67 -159 286 407 492 135 216 -297 451 -468 -507 68 188 -257 -247 -234 463 452
376 -362 -284 -291 324 -410 147 -443 352 479 484 417 150 508 16 -354 -174 -455 -245 17 -217 352 334 -43 -161 284 -344 247 509 336 -361 -274 230 -8 94 -288 -391 -131 399 -180 287 116 -366 -172 -339 270 -275 -294 416 -293 150 -36 129 24 223 410 60 459 -296 -69 -137 -229 -422 241
361 36 408 55 345 385 146 210 -8 239 40 -225 -360 72 171 -184 -297 -221 -479 57 309 -29 511 60 475 -347 -231 55 -481 251 -64 -457 477 -338 -426 60 -374 -313 -500 281 191 -91 154 -352 -81 -70 213 -466 -91 507 -64 -221 -421 -272 391 158 -180 -185 182 129 7 -264 -473 -15
104 70 -150 127 -247 -408 187 320 405 355 -216 -158 158 -284 480 -269 -69 -11 50 -265 -116 -258 -386 -170 227 97 -184 378 25 -200 -194 -175 -153 18 258 313 -308 278 180 266 -400 190 -295 169 281 64 -440 113 -161 -293 39 -290 369 140 -134 -337 171 47 257 353 294 -445 118 -396
-265 300 54 162 -421 482 -146 53 -347 -189 122 257 -108 479 364 421 -489 476 -153 -400 -500 218 -36 -346 211 298 50 324 -357 -141 -452 -107 22 -179 22 127 -328 -338 112 440 -248 -93 -140 -108 -416 -372 -280 343 233 197 -68 -29 -354 217 -409 333 -256 -440 -409 41 134 129 233 253
-413 374 454 113 -297 171 -194 -365 27 -196 -70 495 182 -413 214 51 -260 28 370 347 113 -313 198 -187 -233 -91 448 433 -398 -500 -206 -386 -415 460 342 249 129 -491 -400 41 395 413 -434 -312 404 -426 131 -358 359 -462 -470 140 -122 231 425 49 -472 -84 187 277 260 -232 -492 -327
