2350 -186 3099 -2978 -2461 2006 1624 1951 -1387 -3212 -2828 1150 -409 -3510 -1657 2834 -2531 518 -3796 581 4667 1915 -1972 2140 -2083 3301 1590 -224 -664 1495 1461 -4137 1420 -659 936 -414 2596 1953 -378 -2689 17 469 3018 -393 -1879 1636 -412 4320 -3128 -559 -1391 -2535 1263 3120 -421 374 -649 -411 537 2024 -2462 2055 -267 1400
2345 -190 3101 -2978 -2457 2006 1628 1945 -1389 -3212 -2828 1156 -406 -3502 -1660 2832 -2547 521 -3793 589 4679 1896 -1963 2122 -2098 3320 1590 -214 -656 1489 1457 -4138 1441 -660 937 -409 2603 1949 -397 -2703 2 476 3010 -388 -1880 1643 -406 4320 -3158 -531 -1389 -2538 1269 3111 -408 363 -640 -413 553 2045 -2482 2068 -275 1406
2345 -190 3101 -2978 -2457 2006 1628 1945 -1389 -3212 -2828 1156 -406 -3502 -1660 2832 -2547 521 -3793 589 4679 1896 -1963 2122 -2098 3320 1590 -214 -656 1489 1457 -4138 1441 -660 937 -409 2603 1949 -397 -2703 2 476 3010 -388 -1880 1643 -406 4320 -3158 -531 -1389 -2538 1269 3111 -408 363 -640 -413 553 2045 -2482 2068 -275 1406
2345 -190 3101 -2978 -2457 2006 1628 1945 -1389 -3212 -2828 1156 -406 -3502 -1660 2832 -2547 521 -3793 589 4679 1896 -1963 2122 -2098 3320 1590 -214 -656 1489 1457 -4138 1441 -660 937 -409 2603 1949 -397 -2703 2 476 3010 -388 -1880 1643 -406 4320 -3158 -531 -1389 -2538 1269 3111 -408 363 -640 -413 553 2045 -2482 2068 -275 1406
2345 -190 3101 -2978 -2457 2006 1628 1945 -1389 -3212 -2828 1156 -406 -3502 -1660 2832 -2547 521 -3793 589 4679 1896 -1963 2122 -2098 3320 1590 -214 -656 1489 1457 -4138 1441 -660 937 -409 2603 1949 -397 -2703 2 476 3010 -388 -1880 1643 -406 4320 -3158 -531 -1389 -2538 1269 3111 -408 363 -640 -413 553 2045 -2482 2068 -275 1406
2345 -190 3101 -2978 -2457 2006 1628 1945 -1389 -3212 -2828 1156 -406 -3502 -1660 2832 -2547 521 -3793 589 4679 1896 -1963 2122 -2098 3320 1590 -214 -656 1489 1457 -4138 1441 -660 937 -409 2603 1949 -397 -2703 2 476 3010 -388 -1880 1643 -406 4320 -3158 -531 -1389 -2538 1269 3111 -408 363 -640 -413 553 2045 -2482 2068 -275 1406
2345 -190 3101 -2978 -2457 2006 1628 1945 -1389 -3212 -2828 1156 -406 -3502 -1660 2832 -2547 521 -3793 589 4679 1896 -1963 2122 -2098 3320 1590 -214 -656 1489 1457 -4138 1441 -660 937 -409 2603 1949 -397 -2703 2 476 3010 -388 -1880 1643 -406 4320 -3158 -531 -1389 -2538 1269 3111 -408 363 -640 -413 553 2045 -2482 2068 -275 1406
2345 -190 3101 -2978 -2457 2006 1628 1945 -1389 -3212 -2828 1156 -406 -3502 -1660 2832 -2547 521 -3793 589 4679 1896 -1963 2122 -2098 3320 1590 -214 -656 1489 1457 -4138 1441 -660 937 -409 2603 1949 -397 -2703 2 476 3010 -388 -1880 1643 -406 4320 -3158 -531 -1389 -2538 1269 3111 -408 363 -640 -413 553 2045 -2482 2068 -275 1406
2345 -190 3101 -2978 -2457 2006 1628 1945 -1389 -3212 -2828 1156 -406 -3502 -1660 2832 -2547 521 -3793 589 4679 1896 -1963 2122 -2098 3320 1590 -214 -656 1489 1457 -4138 1441 -660 937 -409 2603 1949 -397 -2703 2 476 3010 -388 -1880 1643 -406 4320 -3158 -531 -1389 -2538 1269 3111 -408 363 -640 -413 553 2045 -2482 2068 -275 1406
2350 -194 3099 -2979 -2464 2006 1621 1944 -1392 -3205 -2828 1158 -406 -3505 -1654 2837 -2544 525 -3790 587 4679 1895 -1967 2120 -2091 3315 1585 -216 -659 1490 1460 -4139 1439 -660 936 -403 2609 1944 -398 -2709 -5 476 3009 -382 -1877 1644 -406 4338 -3158 -529 -1390 -2538 1268 3111 -407 364 -641 -412 553 2046 -2483 2068 -274 1406
2351 -192 3099 -2979 -2463 2007 1623 1945 -1393 -3204 -2828 1160 -406 -3505 -1655 2838 -2538 518 -3797 586 4672 1907 -1969 2134 -2091 3311 1591 -220 -662 1492 1458 -4137 1438 -658 938 -399 2609 1940 -399 -2712 -11 478 3007 -380 -1873 1644 -404 4349 -3163 -526 -1387 -2538 1272 3111 -405 359 -638 -417 559 2046 -2485 2070 -276 1411
2345 -190 3101 -2978 -2457 2006 1628 1945 -1389 -3212 -2828 1156 -406 -3502 -1660 2832 -2547 521 -3793 589 4679 1896 -1963 2122 -2098 3320 1590 -214 -656 1489 1457 -4138 1441 -660 937 -409 2603 1949 -397 -2703 2 476 3010 -388 -1880 1643 -406 4320 -3158 -531 -1389 -2538 1269 3111 -408 363 -640 -413 553 2045 -2482 2068 -275 1406
2345 -190 3101 -2978 -2457 2006 1628 1945 -1389 -3212 -2828 1156 -406 -3502 -1660 2832 -2547 521 -3793 589 4679 1896 -1963 2122 -2098 3320 1590 -214 -656 1489 1457 -4138 1441 -660 937 -409 2603 1949 -397 -2703 2 476 3010 -388 -1880 1643 -406 4320 -3158 -531 -1389 -2538 1269 3111 -408 363 -640 -413 553 2045 -2482 2068 -275 1406
2345 -190 3101 -2978 -2457 2006 1628 1945 -1389 -3212 -2828 1156 -406 -3502 -1660 2832 -2547 521 -3793 589 4679 1896 -1963 2122 -2098 3320 1590 -214 -656 1489 1457 -4138 1441 -660 937 -409 2603 1949 -397 -2703 2 476 3010 -388 -1880 1643 -406 4320 -3158 -531 -1389 -2538 1269 3111 -408 363 -640 -413 553 2045 -2482 2068 -275 1406
2345 -190 3101 -2978 -2457 2006 1628 1945 -1389 -3212 -2828 1156 -406 -3502 -1660 2832 -2547 521 -3793 589 4679 1896 -1963 2122 -2098 3320 1590 -214 -656 1489 1457 -4138 1441 -660 937 -409 2603 1949 -397 -2703 2 476 3010 -388 -1880 1643 -406 4320 -3158 -531 -1389 -2538 1269 3111 -408 363 -640 -413 553 2045 -2482 2068 -275 1406
2345 -190 3101 -2978 -2457 2006 1628 1945 -1389 -3212 -2828 1156 -406 -3502 -1660 2832 -2547 521 -3793 589 4679 1896 -1963 2122 -2098 3320 1590 -214 -656 1489 1457 -4138 1441 -660 937 -409 2603 1949 -397 -2703 2 476 3010 -388 -1880 1643 -406 4320 -3158 -531 -1389 -2538 1269 3111 -408 363 -640 -413 553 2045 -2482 2068 -275 1406
2349 -192 3100 -2980 -2462 2006 1623 1944 -1391 -3205 -2827 1158 -405 -3503 -1657 2836 -2527 502 -3810 582 4657 1936 -1977 2162 -2081 3300 1599 -230 -672 1497 1454 -4131 1435 -663 937 -438 2581 1972 -382 -2674 43 468 3020 -413 -1895 1638 -414 4251 -3147 -540 -1392 -2535 1263 3116 -411 367 -647 -406 543 2040 -2477 2055 -271 1394
2352 -184 3099 -2980 -2465 2006 1621 1953 -1386 -3207 -2827 1149 -406 -3513 -1655 2834 -2514 503 -3809 575 4649 1945 -1983 2171 -2071 3284 1597 -237 -678 1500 1460 -4132 1426 -661 938 -440 2575 1970 -374 -2666 45 467 3020 -414 -1891 1634 -413 4257 -3109 -577 -1394 -2533 1256 3126 -429 383 -657 -404 521 2014 -2452 2042 -260 1385
2345 -187 3099 -2978 -2459 2004 1622 1948 -1385 -3214 -2827 1148 -408 -3507 -1659 2831 -2523 508 -3804 578 4656 1935 -1977 2157 -2077 3292 1595 -234 -671 1498 1457 -4133 1422 -661 938 -446 2569 1976 -368 -2658 57 464 3024 -420 -1895 1631 -416 4242 -3114 -571 -1392 -2536 1261 3123 -428 384 -651 -408 528 2015 -2453 2055 -262 1395
2346 -193 3097 -2979 -2465 2004 1615 1944 -1388 -3207 -2826 1151 -406 -3507 -1654 2834 -2516 508 -3803 573 4650 1947 -1984 2164 -2061 3280 1590 -242 -679 1502 1460 -4132 1422 -664 936 -439 2578 1973 -370 -2666 48 463 3025 -414 -1896 1634 -417 4256 -3122 -559 -1392 -2538 1266 3120 -422 381 -651 -410 534 2020 -2461 2059 -263 1397
2347 -194 3098 -2977 -2462 2005 1619 1941 -1391 -3209 -2827 1155 -408 -3504 -1656 2837 -2530 515 -3799 581 4665 1918 -1976 2145 -2080 3301 1590 -226 -669 1495 1460 -4135 1428 -659 937 -406 2603 1947 -388 -2700 3 473 3012 -387 -1876 1640 -407 4336 -3156 -535 -1387 -2537 1271 3111 -410 363 -639 -418 556 2041 -2480 2071 -275 1413
2345 -190 3101 -2978 -2457 2006 1628 1945 -1389 -3212 -2828 1156 -406 -3502 -1660 2832 -2547 521 -3793 589 4679 1896 -1963 2122 -2098 3320 1590 -214 -656 1489 1457 -4138 1441 -660 937 -409 2603 1949 -397 -2703 2 476 3010 -388 -1880 1643 -406 4320 -3158 -531 -1389 -2538 1269 3111 -408 363 -640 -413 553 2045 -2482 2068 -275 1406
2345 -190 3101 -2978 -2457 2006 1628 1945 -1389 -3212 -2828 1156 -406 -3502 -1660 2832 -2547 521 -3793 589 4679 1896 -1963 2122 -2098 3320 1590 -214 -656 1489 1457 -4138 1441 -660 937 -409 2603 1949 -397 -2703 2 476 3010 -388 -1880 1643 -406 4320 -3158 -531 -1389 -2538 1269 3111 -408 363 -640 -413 553 2045 -2482 2068 -275 1406
2345 -190 3101 -2978 -2457 2006 1628 1945 -1389 -3212 -2828 1156 -406 -3502 -1660 2832 -2547 521 -3793 589 4679 1896 -1963 2122 -2098 3320 1590 -214 -656 1489 1457 -4138 1441 -660 937 -409 2603 1949 -397 -2703 2 476 3010 -388 -1880 1643 -406 4320 -3158 -531 -1389 -2538 1269 3111 -408 363 -640 -413 553 2045 -2482 2068 -275 1406
2345 -190 3101 -2978 -2457 2006 1628 1945 -1389 -3212 -2828 1156 -406 -3502 -1660 2832 -2547 521 -3793 589 4679 1896 -1963 2122 -2098 3320 1590 -214 -656 1489 1457 -4138 1441 -660 937 -409 2603 1949 -397 -2703 2 476 3010 -388 -1880 1643 -406 4320 -3158 -531 -1389 -2538 1269 3111 -408 363 -640 -413 553 2045 -2482 2068 -275 1406
2345 -190 3101 -2978 -2457 2006 1628 1945 -1389 -3212 -2828 1156 -406 -3502 -1660 2832 -2547 521 -3793 589 4679 1896 -1963 2122 -2098 3320 1590 -214 -656 1489 1457 -4138 1441 -660 937 -409 2603 1949 -397 -2703 2 476 3010 -388 -1880 1643 -406 4320 -3158 -531 -1389 -2538 1269 3111 -408 363 -640 -413 553 2045 -2482 2068 -275 1406
2356 -190 3099 -2979 -2466 2007 1621 1949 -1392 -3204 -2828 1157 -407 -3511 -1653 2840 -2531 507 -3806 583 4661 1930 -1965 2155 -2095 3305 1602 -226 -661 1497 1455 -4134 1425 -662 937 -435 2581 1971 -373 -2672 46 466 3024 -410 -1892 1635 -418 4262 -3117 -561 -1393 -2534 1264 3127 -420 374 -655 -410 534 2017 -2459 2038 -263 1386
2346 -190 3100 -2978 -2458 2006 1626 1945 -1389 -3211 -2828 1155 -406 -3503 -1659 2832 -2545 522 -3793 588 4678 1897 -1965 2122 -2095 3318 1589 -215 -657 1489 1458 -4138 1439 -661 937 -410 2602 1949 -396 -2702 3 475 3010 -388 -1880 1643 -406 4322 -3157 -534 -1389 -2537 1266 3111 -409 363 -641 -412 551 2045 -2481 2067 -274 1406
2345 -190 3101 -2978 -2457 2006 1628 1945 -1389 -3212 -2828 1156 -406 -3502 -1660 2832 -2547 521 -3793 589 4679 1896 -1963 2122 -2098 3320 1590 -214 -656 1489 1457 -4138 1441 -660 937 -409 2603 1949 -397 -2703 2 476 3010 -388 -1880 1643 -406 4320 -3158 -531 -1389 -2538 1269 3111 -408 363 -640 -413 553 2045 -2482 2068 -275 1406
2345 -190 3101 -2978 -2457 2006 1628 1945 -1389 -3212 -2828 1156 -406 -3502 -1660 2832 -2547 521 -3793 589 4679 1896 -1963 2122 -2098 3320 1590 -214 -656 1489 1457 -4138 1441 -660 937 -409 2603 1949 -397 -2703 2 476 3010 -388 -1880 1643 -406 4320 -3158 -531 -1389 -2538 1269 3111 -408 363 -640 -413 553 2045 -2482 2068 -275 1406
2345 -190 3101 -2978 -2457 2006 1628 1945 -1389 -3212 -2828 1156 -406 -3502 -1660 2832 -2547 521 -3793 589 4679 1896 -1963 2122 -2098 3320 1590 -214 -656 1489 1457 -4138 1441 -660 937 -409 2603 1949 -397 -2703 2 476 3010 -388 -1880 1643 -406 4320 -3158 -531 -1389 -2538 1269 3111 -408 363 -640 -413 553 2045 -2482 2068 -275 1406
2345 -190 3101 -2978 -2457 2006 1628 1945 -1389 -3212 -2828 1156 -406 -3502 -1660 2832 -2547 521 -3793 589 4679 1896 -1963 2122 -2098 3320 1590 -214 -656 1489 1457 -4138 1441 -660 937 -409 2603 1949 -397 -2703 2 476 3010 -388 -1880 1643 -406 4320 -3158 -531 -1389 -2538 1269 3111 -408 363 -640 -413 553 2045 -2482 2068 -275 1406
2347 -195 3098 -2980 -2463 2005 1620 1941 -1392 -3205 -2827 1159 -405 -3503 -1655 2836 -2546 529 -3787 587 4681 1894 -1962 2116 -2092 3315 1583 -216 -656 1491 1461 -4140 1433 -661 935 -396 2615 1941 -395 -2713 -11 474 3011 -377 -1876 1644 -407 4355 -3172 -510 -1388 -2542 1277 3107 -399 359 -638 -416 565 2052 -2493 2077 -277 1412
2346 -190 3098 -2977 -2459 2005 1622 1946 -1388 -3213 -2828 1151 -409 -3506 -1658 2834 -2525 515 -3800 579 4662 1920 -1978 2149 -2078 3296 1589 -228 -671 1495 1462 -4136 1425 -657 938 -411 2597 1948 -385 -2694 9 473 3012 -391 -1876 1637 -407 4328 -3143 -549 -1388 -2535 1267 3115 -416 368 -643 -416 546 2032 -2471 2065 -271 1407
2345 -190 3101 -2978 -2457 2006 1628 1945 -1389 -3212 -2828 1156 -406 -3502 -1660 2832 -2547 521 -3793 589 4679 1896 -1963 2122 -2098 3320 1590 -214 -656 1489 1457 -4138 1441 -660 937 -409 2603 1949 -397 -2703 2 476 3010 -388 -1880 1643 -406 4320 -3158 -531 -1389 -2538 1269 3111 -408 363 -640 -413 553 2045 -2482 2068 -275 1406
2345 -190 3101 -2978 -2457 2006 1628 1945 -1389 -3212 -2828 1156 -406 -3502 -1660 2832 -2547 521 -3793 589 4679 1896 -1963 2122 -2098 3320 1590 -214 -656 1489 1457 -4138 1441 -660 937 -409 2603 1949 -397 -2703 2 476 3010 -388 -1880 1643 -406 4320 -3158 -531 -1389 -2538 1269 3111 -408 363 -640 -413 553 2045 -2482 2068 -275 1406
2345 -190 3101 -2978 -2457 2006 1628 1945 -1389 -3212 -2828 1156 -406 -3502 -1660 2832 -2547 521 -3793 589 4679 1896 -1963 2122 -2098 3320 1590 -214 -656 1489 1457 -4138 1441 -660 937 -409 2603 1949 -397 -2703 2 476 3010 -388 -1880 1643 -406 4320 -3158 -531 -1389 -2538 1269 3111 -408 363 -640 -413 553 2045 -2482 2068 -275 1406
2345 -190 3101 -2978 -2457 2006 1628 1945 -1389 -3212 -2828 1156 -406 -3502 -1660 2832 -2547 521 -3793 589 4679 1896 -1963 2122 -2098 3320 1590 -214 -656 1489 1457 -4138 1441 -660 937 -409 2603 1949 -397 -2703 2 476 3010 -388 -1880 1643 -406 4320 -3158 -531 -1389 -2538 1269 3111 -408 363 -640 -413 553 2045 -2482 2068 -275 1406
2348 -192 3100 -2979 -2461 2006 1624 1944 -1391 -3208 -2828 1158 -405 -3503 -1657 2835 -2545 522 -3792 588 4678 1898 -1965 2122 -2093 3317 1587 -216 -658 1490 1458 -4138 1440 -661 937 -407 2606 1948 -397 -2705 0 476 3010 -386 -1880 1644 -406 4326 -3155 -533 -1390 -2538 1268 3112 -409 365 -641 -412 551 2043 -2480 2068 -274 1405
2352 -187 3099 -2978 -2460 2007 1626 1950 -1390 -3210 -2829 1154 -409 -3510 -1657 2836 -2526 505 -3808 581 4657 1937 -1972 2162 -2086 3298 1600 -232 -668 1498 1455 -4133 1423 -660 937 -431 2582 1968 -374 -2674 41 467 3022 -408 -1888 1634 -417 4272 -3109 -572 -1393 -2533 1262 3129 -425 377 -658 -410 528 2010 -2454 2035 -261 1383
2346 -190 3100 -2978 -2457 2006 1627 1946 -1389 -3212 -2828 1156 -406 -3503 -1660 2832 -2547 522 -3793 589 4679 1896 -1963 2122 -2098 3320 1589 -214 -656 1489 1457 -4138 1440 -661 937 -409 2603 1948 -397 -2704 1 476 3009 -387 -1880 1644 -406 4323 -3158 -532 -1389 -2537 1268 3111 -408 363 -640 -413 553 2045 -2482 2067 -275 1406
2345 -190 3101 -2978 -2457 2006 1628 1945 -1389 -3212 -2828 1156 -406 -3502 -1660 2832 -2547 521 -3793 589 4679 1896 -1963 2122 -2098 3320 1590 -214 -656 1489 1457 -4138 1441 -660 937 -409 2603 1949 -397 -2703 2 476 3010 -388 -1880 1643 -406 4320 -3158 -531 -1389 -2538 1269 3111 -408 363 -640 -413 553 2045 -2482 2068 -275 1406
2345 -190 3101 -2978 -2457 2006 1628 1945 -1389 -3212 -2828 1156 -406 -3502 -1660 2832 -2547 521 -3793 589 4679 1896 -1963 2122 -2098 3320 1590 -214 -656 1489 1457 -4138 1441 -660 937 -409 2603 1949 -397 -2703 2 476 3010 -388 -1880 1643 -406 4320 -3158 -531 -1389 -2538 1269 3111 -408 363 -640 -413 553 2045 -2482 2068 -275 1406
2345 -190 3101 -2978 -2457 2006 1628 1945 -1389 -3212 -2828 1156 -406 -3502 -1660 2832 -2547 521 -3793 589 4679 1896 -1963 2122 -2098 3320 1590 -214 -656 1489 1457 -4138 1441 -660 937 -409 2603 1949 -397 -2703 2 476 3010 -388 -1880 1643 -406 4320 -3158 -531 -1389 -2538 1269 3111 -408 363 -640 -413 553 2045 -2482 2068 -275 1406
2345 -190 3101 -2978 -2457 2006 1628 1945 -1389 -3212 -2828 1156 -406 -3502 -1660 2832 -2547 521 -3793 589 4679 1896 -1963 2122 -2098 3320 1590 -214 -656 1489 1457 -4138 1441 -660 937 -409 2603 1949 -397 -2703 2 476 3010 -388 -1880 1643 -406 4320 -3158 -531 -1389 -2538 1269 3111 -408 363 -640 -413 553 2045 -2482 2068 -275 1406
2342 -188 3102 -2980 -2454 2006 1628 1945 -1387 -3212 -2826 1155 -404 -3498 -1663 2828 -2539 511 -3802 586 4668 1922 -1963 2142 -2094 3311 1598 -224 -659 1495 1453 -4133 1434 -664 936 -426 2591 1966 -383 -2685 31 468 3020 -403 -1893 1641 -415 4278 -3135 -543 -1392 -2540 1268 3120 -415 375 -647 -409 543 2030 -2470 2058 -268 1392
2343 -187 3099 -2976 -2456 2005 1625 1948 -1386 -3218 -2828 1148 -409 -3506 -1661 2830 -2532 519 -3795 581 4669 1909 -1974 2137 -2084 3303 1588 -223 -665 1492 1462 -4138 1426 -659 937 -418 2591 1954 -382 -2687 17 471 3014 -396 -1880 1636 -408 4310 -3131 -561 -1390 -2533 1261 3118 -421 373 -648 -411 535 2026 -2464 2056 -267 1400
2345 -190 3101 -2978 -2457 2006 1628 1945 -1389 -3212 -2828 1156 -406 -3502 -1660 2832 -2547 521 -3793 589 4679 1896 -1963 2122 -2098 3320 1590 -214 -656 1489 1457 -4138 1441 -660 937 -409 2603 1949 -397 -2703 2 476 3010 -388 -1880 1643 -406 4320 -3158 -531 -1389 -2538 1269 3111 -408 363 -640 -413 553 2045 -2482 2068 -275 1406
2345 -190 3101 -2978 -2457 2006 1628 1945 -1389 -3212 -2828 1156 -406 -3502 -1660 2832 -2547 521 -3793 589 4679 1896 -1963 2122 -2098 3320 1590 -214 -656 1489 1457 -4138 1441 -660 937 -409 2603 1949 -397 -2703 2 476 3010 -388 -1880 1643 -406 4320 -3158 -531 -1389 -2538 1269 3111 -408 363 -640 -413 553 2045 -2482 2068 -275 1406
2345 -190 3101 -2978 -2457 2006 1628 1945 -1389 -3212 -2828 1156 -406 -3502 -1660 2832 -2547 521 -3793 589 4679 1896 -1963 2122 -2098 3320 1590 -214 -656 1489 1457 -4138 1441 -660 937 -409 2603 1949 -397 -2703 2 476 3010 -388 -1880 1643 -406 4320 -3158 -531 -1389 -2538 1269 3111 -408 363 -640 -413 553 2045 -2482 2068 -275 1406
