1020 535 950 -83 -315 -143 -1122 283 1594 947 1063 -598 -391 331 -545 -518 437 909 -911 -613 -324 -995 -551 -1491 -870 -27 -433 1491 -262 936 -386 421 541 1755 200 292 -189 -257 284 -266 -636 -800 -613 -851 715 338 1890 850 864 745 -1306 869 421 -347 576 888 71 527 668 487 47 -87 -1092 -65
616 -150 983 142 78 -591 -858 233 1338 1409 964 140 -123 537 -254 -233 68 555 -1073 -359 258 -123 131 -1240 -397 473 -311 1515 -334 823 -447 1013 278 1126 403 -600 288 -9 257 -429 -225 -1026 -504 -347 495 683 1149 933 590 253 -1174 424 591 -411 366 733 349 -246 421 394 -2 -530 -786 263
616 -150 983 142 78 -591 -858 233 1338 1409 964 140 -123 537 -254 -233 68 555 -1073 -359 258 -123 131 -1240 -397 473 -311 1515 -334 823 -447 1013 278 1126 403 -600 288 -9 257 -429 -225 -1026 -504 -347 495 683 1149 933 590 253 -1174 424 591 -411 366 733 349 -246 421 394 -2 -530 -786 263
616 -150 983 142 78 -591 -858 233 1338 1409 964 140 -123 537 -254 -233 68 555 -1073 -359 258 -123 131 -1240 -397 473 -311 1515 -334 823 -447 1013 278 1126 403 -600 288 -9 257 -429 -225 -1026 -504 -347 495 683 1149 933 590 253 -1174 424 591 -411 366 733 349 -246 421 394 -2 -530 -786 263
616 -150 983 142 78 -591 -858 233 1338 1409 964 140 -123 537 -254 -233 68 555 -1073 -359 258 -123 131 -1240 -397 473 -311 1515 -334 823 -447 1013 278 1126 403 -600 288 -9 257 -429 -225 -1026 -504 -347 495 683 1149 933 590 253 -1174 424 591 -411 366 733 349 -246 421 394 -2 -530 -786 263
616 -150 983 142 78 -591 -858 233 1338 1409 964 140 -123 537 -254 -233 68 555 -1073 -359 258 -123 131 -1240 -397 473 -311 1515 -334 823 -447 1013 278 1126 403 -600 288 -9 257 -429 -225 -1026 -504 -347 495 683 1149 933 590 253 -1174 424 591 -411 366 733 349 -246 421 394 -2 -530 -786 263
616 -150 983 142 78 -591 -858 233 1338 1409 964 140 -123 537 -254 -233 68 555 -1073 -359 258 -123 131 -1240 -397 473 -311 1515 -334 823 -447 1013 278 1126 403 -600 288 -9 257 -429 -225 -1026 -504 -347 495 683 1149 933 590 253 -1174 424 591 -411 366 733 349 -246 421 394 -2 -530 -786 263
616 -150 983 142 78 -591 -858 233 1338 1409 964 140 -123 537 -254 -233 68 555 -1073 -359 258 -123 131 -1240 -397 473 -311 1515 -334 823 -447 1013 278 1126 403 -600 288 -9 257 -429 -225 -1026 -504 -347 495 683 1149 933 590 253 -1174 424 591 -411 366 733 349 -246 421 394 -2 -530 -786 263
616 -150 983 142 78 -591 -858 233 1338 1409 964 140 -123 537 -254 -233 68 555 -1073 -359 258 -123 131 -1240 -397 473 -311 1515 -334 823 -447 1013 278 1126 403 -600 288 -9 257 -429 -225 -1026 -504 -347 495 683 1149 933 590 253 -1174 424 591 -411 366 733 349 -246 421 394 -2 -530 -786 263
602 -3 926 24 -253 -414 -764 -120 1336 1247 813 103 9 493 -390 98 174 750 -1134 -306 289 -298 49 -1097 -497 472 -159 1461 -511 719 -155 1152 233 1253 192 -373 45 -72 464 -463 -436 -924 -410 -203 705 691 1192 1092 600 479 -1068 619 505 -321 282 420 203 -526 308 307 -11 -476 -604 -129
821 15 1175 316 22 -470 -1046 159 1204 1424 735 308 -259 548 52 -76 -119 848 -1016 -265 432 -394 252 -1201 -681 449 -308 1329 -434 630 -373 1076 256 1148 552 -353 -4 -71 211 -489 -221 -1186 -534 -354 436 635 1244 731 588 497 -1100 574 537 -238 360 574 249 -284 435 295 41 -682 -777 105
616 -150 983 142 78 -591 -858 233 1338 1409 964 140 -123 537 -254 -233 68 555 -1073 -359 258 -123 131 -1240 -397 473 -311 1515 -334 823 -447 1013 278 1126 403 -600 288 -9 257 -429 -225 -1026 -504 -347 495 683 1149 933 590 253 -1174 424 591 -411 366 733 349 -246 421 394 -2 -530 -786 263
616 -150 983 142 78 -591 -858 233 1338 1409 964 140 -123 537 -254 -233 68 555 -1073 -359 258 -123 131 -1240 -397 473 -311 1515 -334 823 -447 1013 278 1126 403 -600 288 -9 257 -429 -225 -1026 -504 -347 495 683 1149 933 590 253 -1174 424 591 -411 366 733 349 -246 421 394 -2 -530 -786 263
616 -150 983 142 78 -591 -858 233 1338 1409 964 140 -123 537 -254 -233 68 555 -1073 -359 258 -123 131 -1240 -397 473 -311 1515 -334 823 -447 1013 278 1126 403 -600 288 -9 257 -429 -225 -1026 -504 -347 495 683 1149 933 590 253 -1174 424 591 -411 366 733 349 -246 421 394 -2 -530 -786 263
616 -150 983 142 78 -591 -858 233 1338 1409 964 140 -123 537 -254 -233 68 555 -1073 -359 258 -123 131 -1240 -397 473 -311 1515 -334 823 -447 1013 278 1126 403 -600 288 -9 257 -429 -225 -1026 -504 -347 495 683 1149 933 590 253 -1174 424 591 -411 366 733 349 -246 421 394 -2 -530 -786 263
616 -150 983 142 78 -591 -858 233 1338 1409 964 140 -123 537 -254 -233 68 555 -1073 -359 258 -123 131 -1240 -397 473 -311 1515 -334 823 -447 1013 278 1126 403 -600 288 -9 257 -429 -225 -1026 -504 -347 495 683 1149 933 590 253 -1174 424 591 -411 366 733 349 -246 421 394 -2 -530 -786 263
436 14 1320 302 346 -244 -963 233 1029 1182 890 49 -428 130 -30 -78 -37 415 -848 -437 84 -387 137 -1352 -527 565 -882 1508 124 977 -653 994 155 1187 767 -675 -102 -111 -183 -506 -228 -961 -963 -593 440 81 1378 368 706 56 -1343 327 311 -297 556 749 418 -6 885 217 352 -950 -895 255
679 296 909 -27 -56 -211 -988 156 1143 443 766 -152 -1211 361 -767 -833 343 272 -927 -812 24 -860 -343 -1482 -457 11 -890 1840 131 1493 -587 490 354 1790 1094 -413 87 48 -14 -408 -807 -1062 -748 -863 364 22 1673 981 569 196 -1637 430 380 -674 21 1071 86 761 1238 805 -9 -471 -1314 241
698 314 655 -173 -186 -329 -627 419 1456 555 1249 -530 -863 292 -984 -1257 974 191 -796 -715 -358 -563 -742 -1684 -69 57 -782 1999 232 1564 -539 261 394 1998 754 -220 126 127 135 -103 -817 -878 -606 -923 492 232 1883 1084 728 514 -1485 533 206 -967 202 1311 15 951 1002 809 -327 -24 -1279 367
681 563 324 -53 -523 -262 -664 207 1388 612 1126 -635 -770 188 -1143 -1096 964 201 -548 -525 -449 -866 -1110 -1393 -167 -40 -421 1620 -21 1306 -396 11 360 2002 294 245 225 61 390 -255 -1009 -795 -282 -975 677 124 2043 1175 876 573 -1091 747 292 -658 155 1048 -223 1141 738 791 -469 194 -1102 -243
610 -80 819 159 8 -348 -920 124 1580 990 1247 -536 -452 300 -523 -659 90 599 -532 -527 -37 -660 -542 -1653 -440 360 -382 1704 -407 1007 -694 635 566 1477 532 -198 -248 226 175 -91 -445 -1033 -621 -663 614 657 1537 873 623 282 -1165 508 56 -457 715 833 89 458 709 572 56 -157 -1413 -52
616 -150 983 142 78 -591 -858 233 1338 1409 964 140 -123 537 -254 -233 68 555 -1073 -359 258 -123 131 -1240 -397 473 -311 1515 -334 823 -447 1013 278 1126 403 -600 288 -9 257 -429 -225 -1026 -504 -347 495 683 1149 933 590 253 -1174 424 591 -411 366 733 349 -246 421 394 -2 -530 -786 263
616 -150 983 142 78 -591 -858 233 1338 1409 964 140 -123 537 -254 -233 68 555 -1073 -359 258 -123 131 -1240 -397 473 -311 1515 -334 823 -447 1013 278 1126 403 -600 288 -9 257 -429 -225 -1026 -504 -347 495 683 1149 933 590 253 -1174 424 591 -411 366 733 349 -246 421 394 -2 -530 -786 263
616 -150 983 142 78 -591 -858 233 1338 1409 964 140 -123 537 -254 -233 68 555 -1073 -359 258 -123 131 -1240 -397 473 -311 1515 -334 823 -447 1013 278 1126 403 -600 288 -9 257 -429 -225 -1026 -504 -347 495 683 1149 933 590 253 -1174 424 591 -411 366 733 349 -246 421 394 -2 -530 -786 263
616 -150 983 142 78 -591 -858 233 1338 1409 964 140 -123 537 -254 -233 68 555 -1073 -359 258 -123 131 -1240 -397 473 -311 1515 -334 823 -447 1013 278 1126 403 -600 288 -9 257 -429 -225 -1026 -504 -347 495 683 1149 933 590 253 -1174 424 591 -411 366 733 349 -246 421 394 -2 -530 -786 263
616 -150 983 142 78 -591 -858 233 1338 1409 964 140 -123 537 -254 -233 68 555 -1073 -359 258 -123 131 -1240 -397 473 -311 1515 -334 823 -447 1013 278 1126 403 -600 288 -9 257 -429 -225 -1026 -504 -347 495 683 1149 933 590 253 -1174 424 591 -411 366 733 349 -246 421 394 -2 -530 -786 263
1337 792 1395 67 -79 -659 -1042 916 1570 1341 828 -203 -56 311 -28 -221 469 1063 -1112 -221 -285 -576 -154 -1528 -804 302 -828 1064 299 739 -166 667 191 1297 186 144 -130 -579 -5 -472 149 -698 -865 -755 448 112 1667 123 954 735 -1371 1110 762 -196 834 1122 328 195 373 8 304 -666 -668 594
582 -214 886 105 -2 -573 -894 129 1341 1336 1010 66 -255 595 -348 -350 103 531 -1036 -467 280 -243 -18 -1196 -378 353 -285 1529 -332 896 -493 921 383 1234 453 -582 258 75 193 -370 -330 -1052 -500 -366 490 647 1206 1029 555 213 -1179 395 520 -463 326 698 221 -104 474 473 -30 -446 -908 172
616 -150 983 142 78 -591 -858 233 1338 1409 964 140 -123 537 -254 -233 68 555 -1073 -359 258 -123 131 -1240 -397 473 -311 1515 -334 823 -447 1013 278 1126 403 -600 288 -9 257 -429 -225 -1026 -504 -347 495 683 1149 933 590 253 -1174 424 591 -411 366 733 349 -246 421 394 -2 -530 -786 263
616 -150 983 142 78 -591 -858 233 1338 1409 964 140 -123 537 -254 -233 68 555 -1073 -359 258 -123 131 -1240 -397 473 -311 1515 -334 823 -447 1013 278 1126 403 -600 288 -9 257 -429 -225 -1026 -504 -347 495 683 1149 933 590 253 -1174 424 591 -411 366 733 349 -246 421 394 -2 -530 -786 263
616 -150 983 142 78 -591 -858 233 1338 1409 964 140 -123 537 -254 -233 68 555 -1073 -359 258 -123 131 -1240 -397 473 -311 1515 -334 823 -447 1013 278 1126 403 -600 288 -9 257 -429 -225 -1026 -504 -347 495 683 1149 933 590 253 -1174 424 591 -411 366 733 349 -246 421 394 -2 -530 -786 263
616 -150 983 142 78 -591 -858 233 1338 1409 964 140 -123 537 -254 -233 68 555 -1073 -359 258 -123 131 -1240 -397 473 -311 1515 -334 823 -447 1013 278 1126 403 -600 288 -9 257 -429 -225 -1026 -504 -347 495 683 1149 933 590 253 -1174 424 591 -411 366 733 349 -246 421 394 -2 -530 -786 263
839 307 620 -8 -690 -300 -457 33 1496 1320 883 -243 185 645 -946 -47 431 439 -1222 -159 -54 -209 -299 -1331 -605 269 -50 1307 -514 870 -2 975 280 1374 -341 25 312 -249 584 -265 -584 -800 -306 -570 820 710 1375 1336 897 761 -898 741 829 -246 490 270 -49 -154 142 501 -101 -63 -470 -681
637 45 789 12 -35 -152 -842 97 1629 707 1189 -482 -668 405 -713 -765 180 579 -623 -679 -70 -639 -510 -1702 -518 137 -534 1970 -219 1263 -730 602 555 1727 786 -199 -93 236 239 -44 -654 -1105 -604 -685 656 589 1638 1019 648 311 -1409 438 87 -516 452 979 26 658 927 796 -119 -166 -1615 173
616 -150 983 142 78 -591 -858 233 1338 1409 964 140 -123 537 -254 -233 68 555 -1073 -359 258 -123 131 -1240 -397 473 -311 1515 -334 823 -447 1013 278 1126 403 -600 288 -9 257 -429 -225 -1026 -504 -347 495 683 1149 933 590 253 -1174 424 591 -411 366 733 349 -246 421 394 -2 -530 -786 263
616 -150 983 142 78 -591 -858 233 1338 1409 964 140 -123 537 -254 -233 68 555 -1073 -359 258 -123 131 -1240 -397 473 -311 1515 -334 823 -447 1013 278 1126 403 -600 288 -9 257 -429 -225 -1026 -504 -347 495 683 1149 933 590 253 -1174 424 591 -411 366 733 349 -246 421 394 -2 -530 -786 263
616 -150 983 142 78 -591 -858 233 1338 1409 964 140 -123 537 -254 -233 68 555 -1073 -359 258 -123 131 -1240 -397 473 -311 1515 -334 823 -447 1013 278 1126 403 -600 288 -9 257 -429 -225 -1026 -504 -347 495 683 1149 933 590 253 -1174 424 591 -411 366 733 349 -246 421 394 -2 -530 -786 263
616 -150 983 142 78 -591 -858 233 1338 1409 964 140 -123 537 -254 -233 68 555 -1073 -359 258 -123 131 -1240 -397 473 -311 1515 -334 823 -447 1013 278 1126 403 -600 288 -9 257 -429 -225 -1026 -504 -347 495 683 1149 933 590 253 -1174 424 591 -411 366 733 349 -246 421 394 -2 -530 -786 263
590 -136 897 146 -92 -562 -821 78 1441 1429 890 111 -93 498 -380 -118 121 653 -981 -326 248 -291 -24 -1172 -429 509 -226 1438 -497 817 -313 1004 300 1203 233 -461 135 -39 320 -428 -313 -968 -420 -299 613 630 1186 1100 676 323 -1067 527 473 -356 359 540 277 -323 327 324 -89 -427 -769 -39
1083 734 1560 130 244 -434 -1296 857 1816 946 845 -270 -318 220 2 -366 107 1189 -727 -428 -170 -711 -181 -1823 -760 379 -1076 1567 52 923 -460 608 260 1421 725 234 -424 -371 99 -466 76 -930 -917 -715 504 170 1827 38 883 526 -1592 1018 498 -140 845 1204 355 440 813 209 127 -674 -1082 713
622 -169 966 126 53 -595 -893 194 1334 1390 960 134 -184 576 -289 -261 64 570 -1082 -396 298 -179 99 -1216 -400 429 -285 1500 -331 845 -458 987 308 1147 433 -595 285 18 229 -430 -240 -1034 -488 -345 484 678 1156 974 578 231 -1195 416 598 -420 331 713 314 -206 427 416 -8 -519 -812 224
616 -150 983 142 78 -591 -858 233 1338 1409 964 140 -123 537 -254 -233 68 555 -1073 -359 258 -123 131 -1240 -397 473 -311 1515 -334 823 -447 1013 278 1126 403 -600 288 -9 257 -429 -225 -1026 -504 -347 495 683 1149 933 590 253 -1174 424 591 -411 366 733 349 -246 421 394 -2 -530 -786 263
616 -150 983 142 78 -591 -858 233 1338 1409 964 140 -123 537 -254 -233 68 555 -1073 -359 258 -123 131 -1240 -397 473 -311 1515 -334 823 -447 1013 278 1126 403 -600 288 -9 257 -429 -225 -1026 -504 -347 495 683 1149 933 590 253 -1174 424 591 -411 366 733 349 -246 421 394 -2 -530 -786 263
616 -150 983 142 78 -591 -858 233 1338 1409 964 140 -123 537 -254 -233 68 555 -1073 -359 258 -123 131 -1240 -397 473 -311 1515 -334 823 -447 1013 278 1126 403 -600 288 -9 257 -429 -225 -1026 -504 -347 495 683 1149 933 590 253 -1174 424 591 -411 366 733 349 -246 421 394 -2 -530 -786 263
616 -150 983 142 78 -591 -858 233 1338 1409 964 140 -123 537 -254 -233 68 555 -1073 -359 258 -123 131 -1240 -397 473 -311 1515 -334 823 -447 1013 278 1126 403 -600 288 -9 257 -429 -225 -1026 -504 -347 495 683 1149 933 590 253 -1174 424 591 -411 366 733 349 -246 421 394 -2 -530 -786 263
783 132 661 271 -214 -787 -554 649 1440 1625 1192 -372 -285 394 -722 -577 507 232 -996 -359 -312 -340 -352 -1405 -624 332 -419 1217 1 1317 -405 545 388 1340 44 -410 372 -181 -73 -152 -239 -747 -595 -819 475 357 1398 1067 924 360 -1149 638 444 -507 670 1090 392 441 464 451 3 -214 -981 -161
503 56 572 -118 -119 -151 -711 112 1594 619 1286 -489 -615 513 -860 -811 547 376 -728 -797 -146 -367 -635 -1619 -368 -33 -542 2022 -60 1340 -719 413 536 1856 720 -324 139 262 401 140 -788 -1067 -535 -635 598 614 1641 1305 642 367 -1349 393 236 -717 288 1072 -97 641 891 938 -339 -47 -1561 397
616 -150 983 142 78 -591 -858 233 1338 1409 964 140 -123 537 -254 -233 68 555 -1073 -359 258 -123 131 -1240 -397 473 -311 1515 -334 823 -447 1013 278 1126 403 -600 288 -9 257 -429 -225 -1026 -504 -347 495 683 1149 933 590 253 -1174 424 591 -411 366 733 349 -246 421 394 -2 -530 -786 263
616 -150 983 142 78 -591 -858 233 1338 1409 964 140 -123 537 -254 -233 68 555 -1073 -359 258 -123 131 -1240 -397 473 -311 1515 -334 823 -447 1013 278 1126 403 -600 288 -9 257 -429 -225 -1026 -504 -347 495 683 1149 933 590 253 -1174 424 591 -411 366 733 349 -246 421 394 -2 -530 -786 263
616 -150 983 142 78 -591 -858 233 1338 1409 964 140 -123 537 -254 -233 68 555 -1073 -359 258 -123 131 -1240 -397 473 -311 1515 -334 823 -447 1013 278 1126 403 -600 288 -9 257 -429 -225 -1026 -504 -347 495 683 1149 933 590 253 -1174 424 591 -411 366 733 349 -246 421 394 -2 -530 -786 263
