-692 -322 722 788 -341 -685 -489 -420 -694 1419 3752 -610 -694 2745 -122 -630 -631 74 -356 -221 -615 -473 -341 1085 -438 -558 1827 -695 698 -663 164 4049 -683 -348 -596 -635 2337 -254 277 -666 6 -689 -617 -615 2032 -696 -690 -273 -48 1137 -393 579 -329 -8 278 1027 739 1532 -221 335 1711 2376 272 1492 -696 1561 1740 -653 415 144 1396 -456 1885 -580 890 2482 779 2479 60 -32 300 1931 472 11 1707 124 652 -551 -67 -577 -614 38 1277 -108 -130 1633 192 -691 438 1496 3426 -161 -582 1479 2043 -120 -131 -463 -384 228 -88 184 -367 -645 1693 411 1732 4976 305 -610 -198 -695 1161 -151 -510 -348 417 -690
-549 -401 2337 -375 -449 -695 -566 -225 -545 2026 2284 -679 -136 1209 -677 -696 -314 584 735 -477 -572 -614 -648 615 -441 -174 1489 -500 728 -611 754 3922 -318 -546 -137 -557 3854 -46 53 -685 -441 -450 -694 -581 2118 -682 -693 -418 420 36 -226 -328 -500 388 856 -343 2932 941 -512 985 2950 461 -59 972 -557 233 485 -571 1307 -440 1392 -470 594 -683 1096 -48 -129 1421 -446 -350 203 1629 597 -195 2067 368 1490 -660 -633 -500 -593 -60 1359 -239 683 1371 215 -638 768 1063 2593 -222 -578 24 2045 -450 342 -520 -630 -395 97 340 -678 148 2037 370 1776 1977 457 -550 -123 -692 2206 -111 -539 35 822 -288
-549 -401 2337 -375 -449 -695 -566 -225 -545 2026 2284 -679 -136 1209 -677 -696 -314 584 735 -477 -572 -614 -648 615 -441 -174 1489 -500 728 -611 754 3922 -318 -546 -137 -557 3854 -46 53 -685 -441 -450 -694 -581 2118 -682 -693 -418 420 36 -226 -328 -500 388 856 -343 2932 941 -512 985 2950 461 -59 972 -557 233 485 -571 1307 -440 1392 -470 594 -683 1096 -48 -129 1421 -446 -350 203 1629 597 -195 2067 368 1490 -660 -633 -500 -593 -60 1359 -239 683 1371 215 -638 768 1063 2593 -222 -578 24 2045 -450 342 -520 -630 -395 97 340 -678 148 2037 370 1776 1977 457 -550 -123 -692 2206 -111 -539 35 822 -288
-549 -401 2337 -375 -449 -695 -566 -225 -545 2026 2284 -679 -136 1209 -677 -696 -314 584 735 -477 -572 -614 -648 615 -441 -174 1489 -500 728 -611 754 3922 -318 -546 -137 -557 3854 -46 53 -685 -441 -450 -694 -581 2118 -682 -693 -418 420 36 -226 -328 -500 388 856 -343 2932 941 -512 985 2950 461 -59 972 -557 233 485 -571 1307 -440 1392 -470 594 -683 1096 -48 -129 1421 -446 -350 203 1629 597 -195 2067 368 1490 -660 -633 -500 -593 -60 1359 -239 683 1371 215 -638 768 1063 2593 -222 -578 24 2045 -450 342 -520 -630 -395 97 340 -678 148 2037 370 1776 1977 457 -550 -123 -692 2206 -111 -539 35 822 -288
-549 -401 2337 -375 -449 -695 -566 -225 -545 2026 2284 -679 -136 1209 -677 -696 -314 584 735 -477 -572 -614 -648 615 -441 -174 1489 -500 728 -611 754 3922 -318 -546 -137 -557 3854 -46 53 -685 -441 -450 -694 -581 2118 -682 -693 -418 420 36 -226 -328 -500 388 856 -343 2932 941 -512 985 2950 461 -59 972 -557 233 485 -571 1307 -440 1392 -470 594 -683 1096 -48 -129 1421 -446 -350 203 1629 597 -195 2067 368 1490 -660 -633 -500 -593 -60 1359 -239 683 1371 215 -638 768 1063 2593 -222 -578 24 2045 -450 342 -520 -630 -395 97 340 -678 148 2037 370 1776 1977 457 -550 -123 -692 2206 -111 -539 35 822 -288
-549 -401 2337 -375 -449 -695 -566 -225 -545 2026 2284 -679 -136 1209 -677 -696 -314 584 735 -477 -572 -614 -648 615 -441 -174 1489 -500 728 -611 754 3922 -318 -546 -137 -557 3854 -46 53 -685 -441 -450 -694 -581 2118 -682 -693 -418 420 36 -226 -328 -500 388 856 -343 2932 941 -512 985 2950 461 -59 972 -557 233 485 -571 1307 -440 1392 -470 594 -683 1096 -48 -129 1421 -446 -350 203 1629 597 -195 2067 368 1490 -660 -633 -500 -593 -60 1359 -239 683 1371 215 -638 768 1063 2593 -222 -578 24 2045 -450 342 -520 -630 -395 97 340 -678 148 2037 370 1776 1977 457 -550 -123 -692 2206 -111 -539 35 822 -288
-549 -401 2337 -375 -449 -695 -566 -225 -545 2026 2284 -679 -136 1209 -677 -696 -314 584 735 -477 -572 -614 -648 615 -441 -174 1489 -500 728 -611 754 3922 -318 -546 -137 -557 3854 -46 53 -685 -441 -450 -694 -581 2118 -682 -693 -418 420 36 -226 -328 -500 388 856 -343 2932 941 -512 985 2950 461 -59 972 -557 233 485 -571 1307 -440 1392 -470 594 -683 1096 -48 -129 1421 -446 -350 203 1629 597 -195 2067 368 1490 -660 -633 -500 -593 -60 1359 -239 683 1371 215 -638 768 1063 2593 -222 -578 24 2045 -450 342 -520 -630 -395 97 340 -678 148 2037 370 1776 1977 457 -550 -123 -692 2206 -111 -539 35 822 -288
-549 -401 2337 -375 -449 -695 -566 -225 -545 2026 2284 -679 -136 1209 -677 -696 -314 584 735 -477 -572 -614 -648 615 -441 -174 1489 -500 728 -611 754 3922 -318 -546 -137 -557 3854 -46 53 -685 -441 -450 -694 -581 2118 -682 -693 -418 420 36 -226 -328 -500 388 856 -343 2932 941 -512 985 2950 461 -59 972 -557 233 485 -571 1307 -440 1392 -470 594 -683 1096 -48 -129 1421 -446 -350 203 1629 597 -195 2067 368 1490 -660 -633 -500 -593 -60 1359 -239 683 1371 215 -638 768 1063 2593 -222 -578 24 2045 -450 342 -520 -630 -395 97 340 -678 148 2037 370 1776 1977 457 -550 -123 -692 2206 -111 -539 35 822 -288
-549 -401 2337 -375 -449 -695 -566 -225 -545 2026 2284 -679 -136 1209 -677 -696 -314 584 735 -477 -572 -614 -648 615 -441 -174 1489 -500 728 -611 754 3922 -318 -546 -137 -557 3854 -46 53 -685 -441 -450 -694 -581 2118 -682 -693 -418 420 36 -226 -328 -500 388 856 -343 2932 941 -512 985 2950 461 -59 972 -557 233 485 -571 1307 -440 1392 -470 594 -683 1096 -48 -129 1421 -446 -350 203 1629 597 -195 2067 368 1490 -660 -633 -500 -593 -60 1359 -239 683 1371 215 -638 768 1063 2593 -222 -578 24 2045 -450 342 -520 -630 -395 97 340 -678 148 2037 370 1776 1977 457 -550 -123 -692 2206 -111 -539 35 822 -288
-663 -249 2196 -395 -474 -677 -599 -275 -606 1938 1827 -664 -182 1197 -657 -680 -333 756 456 -567 -668 -565 -605 75 -133 -249 1434 -497 1195 -661 374 3822 -329 -545 -48 -643 4063 -92 -86 -695 -188 -474 -694 -520 2101 -692 -695 -510 397 304 -51 -301 -392 -175 482 -221 2251 929 -530 1685 2582 661 -257 1695 -554 595 374 -488 1518 -548 1412 -423 1278 -695 500 231 -279 1278 -437 -361 535 1706 409 -356 2593 -192 1490 -667 -514 -556 -518 -119 838 -291 269 1442 -147 -622 503 821 1894 -188 -509 809 2002 -556 267 -208 -667 -261 594 -154 -669 216 1858 152 1372 1898 426 -593 -21 -676 1798 -190 -370 -16 1037 -285
-606 -348 2166 -487 -519 -667 -548 -31 -547 2053 1964 -606 -242 941 -647 -696 -277 518 790 -563 -626 -654 -567 437 -526 -138 1603 -606 1352 -675 974 3335 -391 -607 -241 -654 3900 -422 182 -696 -189 -554 -696 -468 2463 -692 -690 -427 687 112 -260 -453 -480 -208 571 -417 2402 1269 -579 720 1970 591 -35 1044 -544 151 314 -528 933 -487 1571 -329 622 -695 706 562 91 1391 -294 -428 433 1835 572 -256 2552 -58 1875 -622 -622 -299 -633 515 994 -226 281 1418 -87 -672 699 981 2390 -120 -588 302 1890 -501 320 -521 -676 -621 366 48 -656 -160 2543 431 1478 2657 224 -575 -228 -686 2027 -392 -421 -157 568 -144
-549 -401 2337 -375 -449 -695 -566 -225 -545 2026 2284 -679 -136 1209 -677 -696 -314 584 735 -477 -572 -614 -648 615 -441 -174 1489 -500 728 -611 754 3922 -318 -546 -137 -557 3854 -46 53 -685 -441 -450 -694 -581 2118 -682 -693 -418 420 36 -226 -328 -500 388 856 -343 2932 941 -512 985 2950 461 -59 972 -557 233 485 -571 1307 -440 1392 -470 594 -683 1096 -48 -129 1421 -446 -350 203 1629 597 -195 2067 368 1490 -660 -633 -500 -593 -60 1359 -239 683 1371 215 -638 768 1063 2593 -222 -578 24 2045 -450 342 -520 -630 -395 97 340 -678 148 2037 370 1776 1977 457 -550 -123 -692 2206 -111 -539 35 822 -288
-549 -401 2337 -375 -449 -695 -566 -225 -545 2026 2284 -679 -136 1209 -677 -696 -314 584 735 -477 -572 -614 -648 615 -441 -174 1489 -500 728 -611 754 3922 -318 -546 -137 -557 3854 -46 53 -685 -441 -450 -694 -581 2118 -682 -693 -418 420 36 -226 -328 -500 388 856 -343 2932 941 -512 985 2950 461 -59 972 -557 233 485 -571 1307 -440 1392 -470 594 -683 1096 -48 -129 1421 -446 -350 203 1629 597 -195 2067 368 1490 -660 -633 -500 -593 -60 1359 -239 683 1371 215 -638 768 1063 2593 -222 -578 24 2045 -450 342 -520 -630 -395 97 340 -678 148 2037 370 1776 1977 457 -550 -123 -692 2206 -111 -539 35 822 -288
-549 -401 2337 -375 -449 -695 -566 -225 -545 2026 2284 -679 -136 1209 -677 -696 -314 584 735 -477 -572 -614 -648 615 -441 -174 1489 -500 728 -611 754 3922 -318 -546 -137 -557 3854 -46 53 -685 -441 -450 -694 -581 2118 -682 -693 -418 420 36 -226 -328 -500 388 856 -343 2932 941 -512 985 2950 461 -59 972 -557 233 485 -571 1307 -440 1392 -470 594 -683 1096 -48 -129 1421 -446 -350 203 1629 597 -195 2067 368 1490 -660 -633 -500 -593 -60 1359 -239 683 1371 215 -638 768 1063 2593 -222 -578 24 2045 -450 342 -520 -630 -395 97 340 -678 148 2037 370 1776 1977 457 -550 -123 -692 2206 -111 -539 35 822 -288
-549 -401 2337 -375 -449 -695 -566 -225 -545 2026 2284 -679 -136 1209 -677 -696 -314 584 735 -477 -572 -614 -648 615 -441 -174 1489 -500 728 -611 754 3922 -318 -546 -137 -557 3854 -46 53 -685 -441 -450 -694 -581 2118 -682 -693 -418 420 36 -226 -328 -500 388 856 -343 2932 941 -512 985 2950 461 -59 972 -557 233 485 -571 1307 -440 1392 -470 594 -683 1096 -48 -129 1421 -446 -350 203 1629 597 -195 2067 368 1490 -660 -633 -500 -593 -60 1359 -239 683 1371 215 -638 768 1063 2593 -222 -578 24 2045 -450 342 -520 -630 -395 97 340 -678 148 2037 370 1776 1977 457 -550 -123 -692 2206 -111 -539 35 822 -288
-549 -401 2337 -375 -449 -695 -566 -225 -545 2026 2284 -679 -136 1209 -677 -696 -314 584 735 -477 -572 -614 -648 615 -441 -174 1489 -500 728 -611 754 3922 -318 -546 -137 -557 3854 -46 53 -685 -441 -450 -694 -581 2118 -682 -693 -418 420 36 -226 -328 -500 388 856 -343 2932 941 -512 985 2950 461 -59 972 -557 233 485 -571 1307 -440 1392 -470 594 -683 1096 -48 -129 1421 -446 -350 203 1629 597 -195 2067 368 1490 -660 -633 -500 -593 -60 1359 -239 683 1371 215 -638 768 1063 2593 -222 -578 24 2045 -450 342 -520 -630 -395 97 340 -678 148 2037 370 1776 1977 457 -550 -123 -692 2206 -111 -539 35 822 -288
-598 -247 2514 9 -559 -696 -481 -400 -687 2200 3552 -658 -542 589 -304 -531 -499 -175 -342 227 -537 -693 -665 748 -682 -65 2998 -615 1025 -656 485 3123 -393 -572 -570 -670 2966 -367 39 -696 -611 -511 -622 -639 1410 -685 -664 -48 -68 164 -129 -101 -565 372 697 -147 2383 2354 -115 424 2458 766 -100 77 -606 113 822 -695 1302 -246 1367 0 594 -668 1846 675 1800 2156 -616 61 598 1498 825 -602 2160 1000 2107 -627 -696 -607 -302 -83 1098 -221 909 1256 -59 -619 959 1930 2794 -245 -674 -170 1650 26 -30 -423 -401 -555 -399 -166 -693 -492 1959 1032 1346 2596 546 -593 -647 -645 2106 -2 -374 -128 210 -364
-665 -358 1190 772 -349 -614 -243 -690 -671 1592 5572 -646 -684 2231 692 -491 -573 -665 -469 1089 -618 -682 -621 2211 -691 -514 2410 -694 8 -659 -351 3826 -693 -382 -527 -625 1509 42 -30 -653 -350 -688 -600 -341 2620 -655 -696 1169 -81 39 -207 1380 -412 710 1051 390 538 872 -28 -98 2348 1696 -256 531 -546 1124 1940 -532 673 451 2295 -217 1084 -572 1901 1388 2133 1428 -584 -282 -18 1710 1609 -40 1240 2278 915 -660 -583 -566 -587 35 2403 -2 1260 895 2 -696 380 1114 4020 -553 -522 116 1585 136 -428 -507 225 750 -390 103 -642 -674 3117 1556 3879 4701 -60 -518 -558 -693 916 -388 -290 -458 9 -647
-688 -574 480 1645 -257 -562 -192 -681 -688 1104 6257 -696 -673 3120 642 -463 -631 -627 -632 1563 -468 -615 -554 2654 -619 -613 1503 -693 -312 -657 -306 5342 -685 -253 -516 -607 1572 70 175 -528 -483 -676 -670 -598 1797 -661 -694 568 -220 417 -398 1954 -313 1317 728 624 854 578 83 58 3620 1947 188 436 -379 1934 2413 -563 680 920 1680 -363 790 -182 1202 1445 1557 1514 -419 -508 -298 1622 1076 121 760 1549 264 -607 -122 -617 -526 -280 2442 -268 1313 686 1027 -687 -60 1187 4614 -479 -572 22 1598 -130 -349 -566 457 1120 -628 517 -635 -634 1828 889 3780 4434 270 -549 -495 -676 1010 -23 -464 -402 169 -690
-691 -575 78 2056 -294 -612 -248 -680 -504 934 5542 -696 -609 3272 1024 -235 -676 -539 -694 1300 -597 -505 -434 1417 -414 -663 1154 -696 -74 -689 -317 5281 -652 -242 -537 -573 1617 -58 757 -354 -80 -636 -640 -599 1380 -696 -680 227 -265 1147 -459 2663 -6 221 137 1056 449 920 231 197 2481 2333 -18 1595 -351 2339 3019 -606 1153 700 1473 -229 1553 -157 560 1969 784 1814 -405 -287 -49 1227 485 4 774 864 -184 -612 225 -669 -108 -386 1612 16 752 748 408 -693 -490 1059 4005 -476 -531 827 771 -209 -224 -414 617 1688 -422 222 -424 -618 1239 117 3203 4320 87 -605 -439 -696 555 -299 -144 -336 530 -677
-684 -642 1714 83 -247 -694 -401 -292 -681 688 4328 -570 -454 1388 -489 -694 -280 183 349 86 -608 -538 -609 627 -454 -183 1563 -694 980 -685 18 3562 -572 -485 -377 -674 2289 -543 857 -607 -244 -684 -696 -609 1606 -603 -620 -116 552 344 -531 202 -87 -63 503 23 2064 1573 -424 687 2598 965 227 1116 -629 726 851 -670 944 -110 1966 -457 659 -630 333 892 -148 1462 -123 -476 504 1331 520 -77 1800 -103 1173 -563 -334 -400 -618 -215 1798 -194 513 1968 817 -694 361 1513 3910 -322 -348 83 1494 -605 -55 -438 -614 -284 49 702 -671 -158 2203 624 2641 4102 296 -539 -176 -682 2343 -468 -480 624 1029 -694
-549 -401 2337 -375 -449 -695 -566 -225 -545 2026 2284 -679 -136 1209 -677 -696 -314 584 735 -477 -572 -614 -648 615 -441 -174 1489 -500 728 -611 754 3922 -318 -546 -137 -557 3854 -46 53 -685 -441 -450 -694 -581 2118 -682 -693 -418 420 36 -226 -328 -500 388 856 -343 2932 941 -512 985 2950 461 -59 972 -557 233 485 -571 1307 -440 1392 -470 594 -683 1096 -48 -129 1421 -446 -350 203 1629 597 -195 2067 368 1490 -660 -633 -500 -593 -60 1359 -239 683 1371 215 -638 768 1063 2593 -222 -578 24 2045 -450 342 -520 -630 -395 97 340 -678 148 2037 370 1776 1977 457 -550 -123 -692 2206 -111 -539 35 822 -288
-549 -401 2337 -375 -449 -695 -566 -225 -545 2026 2284 -679 -136 1209 -677 -696 -314 584 735 -477 -572 -614 -648 615 -441 -174 1489 -500 728 -611 754 3922 -318 -546 -137 -557 3854 -46 53 -685 -441 -450 -694 -581 2118 -682 -693 -418 420 36 -226 -328 -500 388 856 -343 2932 941 -512 985 2950 461 -59 972 -557 233 485 -571 1307 -440 1392 -470 594 -683 1096 -48 -129 1421 -446 -350 203 1629 597 -195 2067 368 1490 -660 -633 -500 -593 -60 1359 -239 683 1371 215 -638 768 1063 2593 -222 -578 24 2045 -450 342 -520 -630 -395 97 340 -678 148 2037 370 1776 1977 457 -550 -123 -692 2206 -111 -539 35 822 -288
-549 -401 2337 -375 -449 -695 -566 -225 -545 2026 2284 -679 -136 1209 -677 -696 -314 584 735 -477 -572 -614 -648 615 -441 -174 1489 -500 728 -611 754 3922 -318 -546 -137 -557 3854 -46 53 -685 -441 -450 -694 -581 2118 -682 -693 -418 420 36 -226 -328 -500 388 856 -343 2932 941 -512 985 2950 461 -59 972 -557 233 485 -571 1307 -440 1392 -470 594 -683 1096 -48 -129 1421 -446 -350 203 1629 597 -195 2067 368 1490 -660 -633 -500 -593 -60 1359 -239 683 1371 215 -638 768 1063 2593 -222 -578 24 2045 -450 342 -520 -630 -395 97 340 -678 148 2037 370 1776 1977 457 -550 -123 -692 2206 -111 -539 35 822 -288
-549 -401 2337 -375 -449 -695 -566 -225 -545 2026 2284 -679 -136 1209 -677 -696 -314 584 735 -477 -572 -614 -648 615 -441 -174 1489 -500 728 -611 754 3922 -318 -546 -137 -557 3854 -46 53 -685 -441 -450 -694 -581 2118 -682 -693 -418 420 36 -226 -328 -500 388 856 -343 2932 941 -512 985 2950 461 -59 972 -557 233 485 -571 1307 -440 1392 -470 594 -683 1096 -48 -129 1421 -446 -350 203 1629 597 -195 2067 368 1490 -660 -633 -500 -593 -60 1359 -239 683 1371 215 -638 768 1063 2593 -222 -578 24 2045 -450 342 -520 -630 -395 97 340 -678 148 2037 370 1776 1977 457 -550 -123 -692 2206 -111 -539 35 822 -288
-549 -401 2337 -375 -449 -695 -566 -225 -545 2026 2284 -679 -136 1209 -677 -696 -314 584 735 -477 -572 -614 -648 615 -441 -174 1489 -500 728 -611 754 3922 -318 -546 -137 -557 3854 -46 53 -685 -441 -450 -694 -581 2118 -682 -693 -418 420 36 -226 -328 -500 388 856 -343 2932 941 -512 985 2950 461 -59 972 -557 233 485 -571 1307 -440 1392 -470 594 -683 1096 -48 -129 1421 -446 -350 203 1629 597 -195 2067 368 1490 -660 -633 -500 -593 -60 1359 -239 683 1371 215 -638 768 1063 2593 -222 -578 24 2045 -450 342 -520 -630 -395 97 340 -678 148 2037 370 1776 1977 457 -550 -123 -692 2206 -111 -539 35 822 -288
-650 122 422 1137 -648 -695 -497 -380 -671 2016 2950 -688 -696 1869 157 -419 -631 -361 -568 -386 -341 -696 -139 2401 -694 -175 1648 -676 1159 -664 1502 4374 -579 -376 -687 -672 3583 -394 579 -680 -461 -638 -544 -684 1431 -612 -692 -581 -235 1010 80 -6 -620 936 197 991 1308 1740 21 -153 2465 2376 730 -79 -696 786 1772 -609 650 388 387 -302 1072 -665 1207 2612 3086 3052 -187 327 -28 2727 154 -284 1342 113 1111 -582 -466 -582 -179 441 726 -207 -163 841 65 -696 537 2216 2547 -118 -696 717 2527 1019 564 -623 -10 -340 -601 -422 -311 -683 1423 742 -118 4951 540 -685 -470 -696 402 1021 -611 -592 -481 -523
-604 -450 2215 -313 -401 -695 -478 -298 -597 1669 2490 -682 -281 1294 -609 -695 -355 281 761 -376 -619 -593 -668 598 -468 -265 1463 -561 652 -598 401 3948 -391 -535 -79 -571 3518 -92 44 -676 -462 -575 -696 -574 2327 -652 -684 -361 478 68 -253 -139 -359 289 842 -299 2581 946 -428 834 2768 490 -48 1053 -591 339 517 -642 1129 -431 1721 -468 724 -690 1078 114 -232 1466 -458 -317 233 1397 706 -176 1978 441 1437 -661 -626 -492 -624 -172 1424 -190 731 1495 119 -659 827 1166 2933 -323 -573 10 1892 -463 223 -516 -642 -212 138 437 -678 148 2230 446 2347 2117 406 -551 -75 -694 2297 -226 -523 150 825 -448
-549 -401 2337 -375 -449 -695 -566 -225 -545 2026 2284 -679 -136 1209 -677 -696 -314 584 735 -477 -572 -614 -648 615 -441 -174 1489 -500 728 -611 754 3922 -318 -546 -137 -557 3854 -46 53 -685 -441 -450 -694 -581 2118 -682 -693 -418 420 36 -226 -328 -500 388 856 -343 2932 941 -512 985 2950 461 -59 972 -557 233 485 -571 1307 -440 1392 -470 594 -683 1096 -48 -129 1421 -446 -350 203 1629 597 -195 2067 368 1490 -660 -633 -500 -593 -60 1359 -239 683 1371 215 -638 768 1063 2593 -222 -578 24 2045 -450 342 -520 -630 -395 97 340 -678 148 2037 370 1776 1977 457 -550 -123 -692 2206 -111 -539 35 822 -288
-549 -401 2337 -375 -449 -695 -566 -225 -545 2026 2284 -679 -136 1209 -677 -696 -314 584 735 -477 -572 -614 -648 615 -441 -174 1489 -500 728 -611 754 3922 -318 -546 -137 -557 3854 -46 53 -685 -441 -450 -694 -581 2118 -682 -693 -418 420 36 -226 -328 -500 388 856 -343 2932 941 -512 985 2950 461 -59 972 -557 233 485 -571 1307 -440 1392 -470 594 -683 1096 -48 -129 1421 -446 -350 203 1629 597 -195 2067 368 1490 -660 -633 -500 -593 -60 1359 -239 683 1371 215 -638 768 1063 2593 -222 -578 24 2045 -450 342 -520 -630 -395 97 340 -678 148 2037 370 1776 1977 457 -550 -123 -692 2206 -111 -539 35 822 -288
-549 -401 2337 -375 -449 -695 -566 -225 -545 2026 2284 -679 -136 1209 -677 -696 -314 584 735 -477 -572 -614 -648 615 -441 -174 1489 -500 728 -611 754 3922 -318 -546 -137 -557 3854 -46 53 -685 -441 -450 -694 -581 2118 -682 -693 -418 420 36 -226 -328 -500 388 856 -343 2932 941 -512 985 2950 461 -59 972 -557 233 485 -571 1307 -440 1392 -470 594 -683 1096 -48 -129 1421 -446 -350 203 1629 597 -195 2067 368 1490 -660 -633 -500 -593 -60 1359 -239 683 1371 215 -638 768 1063 2593 -222 -578 24 2045 -450 342 -520 -630 -395 97 340 -678 148 2037 370 1776 1977 457 -550 -123 -692 2206 -111 -539 35 822 -288
-549 -401 2337 -375 -449 -695 -566 -225 -545 2026 2284 -679 -136 1209 -677 -696 -314 584 735 -477 -572 -614 -648 615 -441 -174 1489 -500 728 -611 754 3922 -318 -546 -137 -557 3854 -46 53 -685 -441 -450 -694 -581 2118 -682 -693 -418 420 36 -226 -328 -500 388 856 -343 2932 941 -512 985 2950 461 -59 972 -557 233 485 -571 1307 -440 1392 -470 594 -683 1096 -48 -129 1421 -446 -350 203 1629 597 -195 2067 368 1490 -660 -633 -500 -593 -60 1359 -239 683 1371 215 -638 768 1063 2593 -222 -578 24 2045 -450 342 -520 -630 -395 97 340 -678 148 2037 370 1776 1977 457 -550 -123 -692 2206 -111 -539 35 822 -288
-696 -484 832 25 -491 -689 -518 -340 -638 1584 1819 -616 -586 2739 -356 -596 -545 1049 -222 -478 -680 -601 -456 -13 498 -326 989 -478 1014 -677 833 5394 -640 -449 -290 -624 4344 -224 346 -651 10 -681 -696 -594 1597 -692 -682 -650 85 1789 -287 119 36 -408 -67 -101 1112 885 -371 1850 2267 1105 -412 2305 -639 1376 1174 -572 2039 -571 691 -126 1675 -678 347 878 -416 1636 -263 -10 222 1310 -207 -400 2257 -347 443 -654 -165 -638 -204 -353 315 55 -161 1497 -176 -676 -136 456 1423 -150 -500 1423 1696 -407 977 -194 -550 -53 719 -77 -362 40 1090 -373 1058 1732 195 -513 -29 -673 1422 -262 -294 -259 1101 -557
-689 -667 1474 277 -217 -695 -506 -545 -677 1056 5262 -604 -567 2089 -498 -695 -325 -45 255 418 -590 -522 -510 1160 -466 -289 1687 -690 412 -686 -166 3730 -629 -402 -343 -657 2242 -234 455 -556 -101 -694 -691 -517 2025 -608 -677 524 311 158 -521 529 -194 267 777 316 1332 1067 -512 475 2922 1251 108 1067 -695 690 1295 -694 796 177 2443 -404 722 -516 584 943 198 1033 -116 -609 175 1785 866 251 1647 491 869 -568 -273 -374 -684 -154 2261 -294 695 1673 939 -694 250 1091 4047 -437 -315 207 1666 -650 -376 -410 -478 49 34 740 -654 -397 2409 858 3514 4793 72 -494 -314 -682 2164 -523 -458 66 974 -696
-549 -401 2337 -375 -449 -695 -566 -225 -545 2026 2284 -679 -136 1209 -677 -696 -314 584 735 -477 -572 -614 -648 615 -441 -174 1489 -500 728 -611 754 3922 -318 -546 -137 -557 3854 -46 53 -685 -441 -450 -694 -581 2118 -682 -693 -418 420 36 -226 -328 -500 388 856 -343 2932 941 -512 985 2950 461 -59 972 -557 233 485 -571 1307 -440 1392 -470 594 -683 1096 -48 -129 1421 -446 -350 203 1629 597 -195 2067 368 1490 -660 -633 -500 -593 -60 1359 -239 683 1371 215 -638 768 1063 2593 -222 -578 24 2045 -450 342 -520 -630 -395 97 340 -678 148 2037 370 1776 1977 457 -550 -123 -692 2206 -111 -539 35 822 -288
-549 -401 2337 -375 -449 -695 -566 -225 -545 2026 2284 -679 -136 1209 -677 -696 -314 584 735 -477 -572 -614 -648 615 -441 -174 1489 -500 728 -611 754 3922 -318 -546 -137 -557 3854 -46 53 -685 -441 -450 -694 -581 2118 -682 -693 -418 420 36 -226 -328 -500 388 856 -343 2932 941 -512 985 2950 461 -59 972 -557 233 485 -571 1307 -440 1392 -470 594 -683 1096 -48 -129 1421 -446 -350 203 1629 597 -195 2067 368 1490 -660 -633 -500 -593 -60 1359 -239 683 1371 215 -638 768 1063 2593 -222 -578 24 2045 -450 342 -520 -630 -395 97 340 -678 148 2037 370 1776 1977 457 -550 -123 -692 2206 -111 -539 35 822 -288
-549 -401 2337 -375 -449 -695 -566 -225 -545 2026 2284 -679 -136 1209 -677 -696 -314 584 735 -477 -572 -614 -648 615 -441 -174 1489 -500 728 -611 754 3922 -318 -546 -137 -557 3854 -46 53 -685 -441 -450 -694 -581 2118 -682 -693 -418 420 36 -226 -328 -500 388 856 -343 2932 941 -512 985 2950 461 -59 972 -557 233 485 -571 1307 -440 1392 -470 594 -683 1096 -48 -129 1421 -446 -350 203 1629 597 -195 2067 368 1490 -660 -633 -500 -593 -60 1359 -239 683 1371 215 -638 768 1063 2593 -222 -578 24 2045 -450 342 -520 -630 -395 97 340 -678 148 2037 370 1776 1977 457 -550 -123 -692 2206 -111 -539 35 822 -288
-549 -401 2337 -375 -449 -695 -566 -225 -545 2026 2284 -679 -136 1209 -677 -696 -314 584 735 -477 -572 -614 -648 615 -441 -174 1489 -500 728 -611 754 3922 -318 -546 -137 -557 3854 -46 53 -685 -441 -450 -694 -581 2118 -682 -693 -418 420 36 -226 -328 -500 388 856 -343 2932 941 -512 985 2950 461 -59 972 -557 233 485 -571 1307 -440 1392 -470 594 -683 1096 -48 -129 1421 -446 -350 203 1629 597 -195 2067 368 1490 -660 -633 -500 -593 -60 1359 -239 683 1371 215 -638 768 1063 2593 -222 -578 24 2045 -450 342 -520 -630 -395 97 340 -678 148 2037 370 1776 1977 457 -550 -123 -692 2206 -111 -539 35 822 -288
-610 -345 2512 -346 -435 -691 -567 -269 -618 1877 2062 -677 -168 1281 -665 -685 -324 522 576 -481 -632 -603 -632 174 -215 -193 1167 -543 981 -662 529 3965 -305 -534 -93 -593 3800 -81 145 -692 -296 -459 -692 -559 2038 -688 -692 -443 473 153 -189 -234 -467 -1 567 -324 2823 958 -532 1202 2816 557 -154 1506 -575 529 467 -508 1355 -514 1465 -438 1009 -689 568 76 -371 1541 -462 -306 490 1620 445 -321 2320 1 1312 -669 -616 -550 -531 -190 992 -234 658 1511 61 -608 622 1000 2415 -277 -563 474 1682 -457 293 -360 -642 -249 270 112 -677 152 1882 177 1764 1919 432 -587 15 -685 2067 -189 -467 113 933 -304
-688 -288 1017 828 -534 -696 -663 -370 -690 2122 4402 -646 -691 1440 -497 -607 -495 -249 -333 -319 -261 -682 96 2426 -686 -118 1913 -671 1243 -696 1135 3295 -508 -369 -675 -664 3207 -284 861 -696 -162 -669 -656 -653 1612 -680 -674 -70 14 405 -232 162 -672 654 558 1059 2033 1699 -361 -295 2443 1963 859 159 -695 254 1790 -661 499 707 1109 -296 1076 -658 1002 2046 3126 2240 -39 -258 201 3343 667 8 1494 225 1127 -509 -556 -444 -514 723 1162 -449 262 1099 262 -693 262 2348 3664 -203 -676 595 1950 75 -89 -560 -259 -484 -580 -175 -510 -684 2032 860 688 6302 390 -654 -474 -693 763 144 -594 -538 -176 -517
-565 -404 2345 -373 -437 -696 -543 -263 -563 1925 2288 -681 -188 1217 -660 -696 -334 480 803 -467 -592 -612 -655 639 -455 -205 1470 -518 733 -605 651 3887 -333 -551 -130 -561 3777 -57 43 -684 -449 -492 -696 -574 2212 -675 -690 -409 445 42 -231 -279 -457 335 878 -335 2811 931 -484 910 2806 462 -74 1027 -563 247 474 -601 1242 -449 1510 -481 661 -683 1105 0 -171 1443 -461 -321 211 1545 630 -180 2048 402 1495 -664 -640 -496 -605 -85 1383 -200 693 1450 128 -651 797 1104 2658 -259 -571 21 2025 -428 326 -515 -635 -339 139 353 -675 161 2176 399 1979 2047 418 -548 -83 -692 2191 -150 -535 65 806 -325
-549 -401 2337 -375 -449 -695 -566 -225 -545 2026 2284 -679 -136 1209 -677 -696 -314 584 735 -477 -572 -614 -648 615 -441 -174 1489 -500 728 -611 754 3922 -318 -546 -137 -557 3854 -46 53 -685 -441 -450 -694 -581 2118 -682 -693 -418 420 36 -226 -328 -500 388 856 -343 2932 941 -512 985 2950 461 -59 972 -557 233 485 -571 1307 -440 1392 -470 594 -683 1096 -48 -129 1421 -446 -350 203 1629 597 -195 2067 368 1490 -660 -633 -500 -593 -60 1359 -239 683 1371 215 -638 768 1063 2593 -222 -578 24 2045 -450 342 -520 -630 -395 97 340 -678 148 2037 370 1776 1977 457 -550 -123 -692 2206 -111 -539 35 822 -288
-549 -401 2337 -375 -449 -695 -566 -225 -545 2026 2284 -679 -136 1209 -677 -696 -314 584 735 -477 -572 -614 -648 615 -441 -174 1489 -500 728 -611 754 3922 -318 -546 -137 -557 3854 -46 53 -685 -441 -450 -694 -581 2118 -682 -693 -418 420 36 -226 -328 -500 388 856 -343 2932 941 -512 985 2950 461 -59 972 -557 233 485 -571 1307 -440 1392 -470 594 -683 1096 -48 -129 1421 -446 -350 203 1629 597 -195 2067 368 1490 -660 -633 -500 -593 -60 1359 -239 683 1371 215 -638 768 1063 2593 -222 -578 24 2045 -450 342 -520 -630 -395 97 340 -678 148 2037 370 1776 1977 457 -550 -123 -692 2206 -111 -539 35 822 -288
-549 -401 2337 -375 -449 -695 -566 -225 -545 2026 2284 -679 -136 1209 -677 -696 -314 584 735 -477 -572 -614 -648 615 -441 -174 1489 -500 728 -611 754 3922 -318 -546 -137 -557 3854 -46 53 -685 -441 -450 -694 -581 2118 -682 -693 -418 420 36 -226 -328 -500 388 856 -343 2932 941 -512 985 2950 461 -59 972 -557 233 485 -571 1307 -440 1392 -470 594 -683 1096 -48 -129 1421 -446 -350 203 1629 597 -195 2067 368 1490 -660 -633 -500 -593 -60 1359 -239 683 1371 215 -638 768 1063 2593 -222 -578 24 2045 -450 342 -520 -630 -395 97 340 -678 148 2037 370 1776 1977 457 -550 -123 -692 2206 -111 -539 35 822 -288
-549 -401 2337 -375 -449 -695 -566 -225 -545 2026 2284 -679 -136 1209 -677 -696 -314 584 735 -477 -572 -614 -648 615 -441 -174 1489 -500 728 -611 754 3922 -318 -546 -137 -557 3854 -46 53 -685 -441 -450 -694 -581 2118 -682 -693 -418 420 36 -226 -328 -500 388 856 -343 2932 941 -512 985 2950 461 -59 972 -557 233 485 -571 1307 -440 1392 -470 594 -683 1096 -48 -129 1421 -446 -350 203 1629 597 -195 2067 368 1490 -660 -633 -500 -593 -60 1359 -239 683 1371 215 -638 768 1063 2593 -222 -578 24 2045 -450 342 -520 -630 -395 97 340 -678 148 2037 370 1776 1977 457 -550 -123 -692 2206 -111 -539 35 822 -288
-572 -501 1744 488 -438 -670 -191 -459 -671 1721 3189 -687 -690 2937 156 -526 -654 -193 -478 342 -526 -696 -678 909 -460 -368 1250 -493 269 -663 1103 5529 -686 -408 -591 -587 2644 -371 983 -662 -582 -542 -660 -677 1130 -691 -695 -427 -131 822 -361 377 -446 585 500 -272 1759 1283 49 518 3117 1327 -82 876 -681 1557 1534 -696 1223 -19 693 -300 760 -688 1349 1085 421 2849 -537 369 -54 1160 284 -405 1389 780 634 -617 -644 -670 -46 -439 1021 305 910 1355 405 -632 220 1081 3028 -459 -677 70 1867 1050 816 -636 248 -240 -563 346 -545 -442 867 210 1598 2678 421 -484 -408 -693 1888 446 -592 -92 312 -651
-696 -674 948 697 -190 -661 -520 -619 -685 1051 5459 -659 -641 2859 -436 -696 -436 -179 264 567 -520 -443 -466 1555 -379 -502 1248 -696 -42 -642 -345 4409 -662 -341 -237 -577 2395 254 83 -450 -295 -688 -691 -547 2010 -621 -695 641 146 264 -481 1061 -238 860 869 638 1150 528 -408 715 3695 1196 204 1138 -571 606 1783 -694 689 189 2618 -458 817 -332 673 841 142 890 -180 -652 -176 1884 1106 519 1185 941 466 -602 -220 -459 -693 -393 2172 -407 653 1284 1151 -693 282 922 4158 -507 -448 71 1723 -644 -438 -475 -417 821 -254 670 -595 -297 2095 597 3908 4254 204 -516 -275 -650 2147 -388 -503 -49 893 -696
-549 -401 2337 -375 -449 -695 -566 -225 -545 2026 2284 -679 -136 1209 -677 -696 -314 584 735 -477 -572 -614 -648 615 -441 -174 1489 -500 728 -611 754 3922 -318 -546 -137 -557 3854 -46 53 -685 -441 -450 -694 -581 2118 -682 -693 -418 420 36 -226 -328 -500 388 856 -343 2932 941 -512 985 2950 461 -59 972 -557 233 485 -571 1307 -440 1392 -470 594 -683 1096 -48 -129 1421 -446 -350 203 1629 597 -195 2067 368 1490 -660 -633 -500 -593 -60 1359 -239 683 1371 215 -638 768 1063 2593 -222 -578 24 2045 -450 342 -520 -630 -395 97 340 -678 148 2037 370 1776 1977 457 -550 -123 -692 2206 -111 -539 35 822 -288
-549 -401 2337 -375 -449 -695 -566 -225 -545 2026 2284 -679 -136 1209 -677 -696 -314 584 735 -477 -572 -614 -648 615 -441 -174 1489 -500 728 -611 754 3922 -318 -546 -137 -557 3854 -46 53 -685 -441 -450 -694 -581 2118 -682 -693 -418 420 36 -226 -328 -500 388 856 -343 2932 941 -512 985 2950 461 -59 972 -557 233 485 -571 1307 -440 1392 -470 594 -683 1096 -48 -129 1421 -446 -350 203 1629 597 -195 2067 368 1490 -660 -633 -500 -593 -60 1359 -239 683 1371 215 -638 768 1063 2593 -222 -578 24 2045 -450 342 -520 -630 -395 97 340 -678 148 2037 370 1776 1977 457 -550 -123 -692 2206 -111 -539 35 822 -288
-549 -401 2337 -375 -449 -695 -566 -225 -545 2026 2284 -679 -136 1209 -677 -696 -314 584 735 -477 -572 -614 -648 615 -441 -174 1489 -500 728 -611 754 3922 -318 -546 -137 -557 3854 -46 53 -685 -441 -450 -694 -581 2118 -682 -693 -418 420 36 -226 -328 -500 388 856 -343 2932 941 -512 985 2950 461 -59 972 -557 233 485 -571 1307 -440 1392 -470 594 -683 1096 -48 -129 1421 -446 -350 203 1629 597 -195 2067 368 1490 -660 -633 -500 -593 -60 1359 -239 683 1371 215 -638 768 1063 2593 -222 -578 24 2045 -450 342 -520 -630 -395 97 340 -678 148 2037 370 1776 1977 457 -550 -123 -692 2206 -111 -539 35 822 -288
