3051 1079 -2932 1970 -124 -3334 -1702 -2069 -2371 2061 5333 2448 -1554 1480 -671 -340 3650 -1954 2091 -209 -1927 -242 3111 3117 505 -2691 -3061 902 91 -2323 1439 3169 2463 928 -3316 436 -1423 884 -102 1260 -1712 2235 1923 4515 1181 4875 949 1244 -3682 -1302 425 3751 -1311 -652 -966 1461 813 -735 -683 -1833 -2362 -2204 -2846 -2605
2238 864 -2811 995 414 -5009 -2613 -931 -1495 2810 3933 1415 -884 2113 -503 641 3685 -1244 990 -700 -450 1385 3777 1939 630 -4702 -2195 1207 -924 -3404 2230 2207 2824 3234 -1839 599 -1802 1086 1239 2552 -4129 3399 -36 2600 260 6133 329 852 -3236 -3160 -795 4015 -2978 36 547 1421 1010 216 80 -2963 -2260 -2308 -1028 -639
2238 864 -2811 995 414 -5009 -2613 -931 -1495 2810 3933 1415 -884 2113 -503 641 3685 -1244 990 -700 -450 1385 3777 1939 630 -4702 -2195 1207 -924 -3404 2230 2207 2824 3234 -1839 599 -1802 1086 1239 2552 -4129 3399 -36 2600 260 6133 329 852 -3236 -3160 -795 4015 -2978 36 547 1421 1010 216 80 -2963 -2260 -2308 -1028 -639
2238 864 -2811 995 414 -5009 -2613 -931 -1495 2810 3933 1415 -884 2113 -503 641 3685 -1244 990 -700 -450 1385 3777 1939 630 -4702 -2195 1207 -924 -3404 2230 2207 2824 3234 -1839 599 -1802 1086 1239 2552 -4129 3399 -36 2600 260 6133 329 852 -3236 -3160 -795 4015 -2978 36 547 1421 1010 216 80 -2963 -2260 -2308 -1028 -639
2238 864 -2811 995 414 -5009 -2613 -931 -1495 2810 3933 1415 -884 2113 -503 641 3685 -1244 990 -700 -450 1385 3777 1939 630 -4702 -2195 1207 -924 -3404 2230 2207 2824 3234 -1839 599 -1802 1086 1239 2552 -4129 3399 -36 2600 260 6133 329 852 -3236 -3160 -795 4015 -2978 36 547 1421 1010 216 80 -2963 -2260 -2308 -1028 -639
2238 864 -2811 995 414 -5009 -2613 -931 -1495 2810 3933 1415 -884 2113 -503 641 3685 -1244 990 -700 -450 1385 3777 1939 630 -4702 -2195 1207 -924 -3404 2230 2207 2824 3234 -1839 599 -1802 1086 1239 2552 -4129 3399 -36 2600 260 6133 329 852 -3236 -3160 -795 4015 -2978 36 547 1421 1010 216 80 -2963 -2260 -2308 -1028 -639
2238 864 -2811 995 414 -5009 -2613 -931 -1495 2810 3933 1415 -884 2113 -503 641 3685 -1244 990 -700 -450 1385 3777 1939 630 -4702 -2195 1207 -924 -3404 2230 2207 2824 3234 -1839 599 -1802 1086 1239 2552 -4129 3399 -36 2600 260 6133 329 852 -3236 -3160 -795 4015 -2978 36 547 1421 1010 216 80 -2963 -2260 -2308 -1028 -639
2238 864 -2811 995 414 -5009 -2613 -931 -1495 2810 3933 1415 -884 2113 -503 641 3685 -1244 990 -700 -450 1385 3777 1939 630 -4702 -2195 1207 -924 -3404 2230 2207 2824 3234 -1839 599 -1802 1086 1239 2552 -4129 3399 -36 2600 260 6133 329 852 -3236 -3160 -795 4015 -2978 36 547 1421 1010 216 80 -2963 -2260 -2308 -1028 -639
2238 864 -2811 995 414 -5009 -2613 -931 -1495 2810 3933 1415 -884 2113 -503 641 3685 -1244 990 -700 -450 1385 3777 1939 630 -4702 -2195 1207 -924 -3404 2230 2207 2824 3234 -1839 599 -1802 1086 1239 2552 -4129 3399 -36 2600 260 6133 329 852 -3236 -3160 -795 4015 -2978 36 547 1421 1010 216 80 -2963 -2260 -2308 -1028 -639
2888 1317 -2969 1044 72 -4731 -2673 -516 -1141 2054 4241 1830 -1308 1319 -579 -209 4288 -2247 870 -686 -1060 1125 3207 2682 655 -3980 -1628 1297 -386 -3327 2498 2790 2746 2699 -1674 472 -2184 588 1167 2612 -4548 3128 1030 4241 298 5710 -431 981 -2885 -3491 -334 4094 -2522 -412 522 693 1198 303 -700 -3110 -2650 -2282 -490 -1385
2509 1166 -2899 909 532 -5613 -2847 -983 -2217 3175 4500 2000 -694 1002 -391 -386 4380 -970 1544 -484 -522 1299 3996 2442 541 -4382 -2128 943 -566 -3291 1953 2404 2445 3188 -1783 720 -2555 1359 1107 1832 -4761 2400 600 3130 -155 6062 -279 582 -3212 -3615 -405 3721 -2744 254 619 392 1414 -541 -731 -1539 -1738 -2623 -567 -638
2238 864 -2811 995 414 -5009 -2613 -931 -1495 2810 3933 1415 -884 2113 -503 641 3685 -1244 990 -700 -450 1385 3777 1939 630 -4702 -2195 1207 -924 -3404 2230 2207 2824 3234 -1839 599 -1802 1086 1239 2552 -4129 3399 -36 2600 260 6133 329 852 -3236 -3160 -795 4015 -2978 36 547 1421 1010 216 80 -2963 -2260 -2308 -1028 -639
2238 864 -2811 995 414 -5009 -2613 -931 -1495 2810 3933 1415 -884 2113 -503 641 3685 -1244 990 -700 -450 1385 3777 1939 630 -4702 -2195 1207 -924 -3404 2230 2207 2824 3234 -1839 599 -1802 1086 1239 2552 -4129 3399 -36 2600 260 6133 329 852 -3236 -3160 -795 4015 -2978 36 547 1421 1010 216 80 -2963 -2260 -2308 -1028 -639
2238 864 -2811 995 414 -5009 -2613 -931 -1495 2810 3933 1415 -884 2113 -503 641 3685 -1244 990 -700 -450 1385 3777 1939 630 -4702 -2195 1207 -924 -3404 2230 2207 2824 3234 -1839 599 -1802 1086 1239 2552 -4129 3399 -36 2600 260 6133 329 852 -3236 -3160 -795 4015 -2978 36 547 1421 1010 216 80 -2963 -2260 -2308 -1028 -639
2238 864 -2811 995 414 -5009 -2613 -931 -1495 2810 3933 1415 -884 2113 -503 641 3685 -1244 990 -700 -450 1385 3777 1939 630 -4702 -2195 1207 -924 -3404 2230 2207 2824 3234 -1839 599 -1802 1086 1239 2552 -4129 3399 -36 2600 260 6133 329 852 -3236 -3160 -795 4015 -2978 36 547 1421 1010 216 80 -2963 -2260 -2308 -1028 -639
2238 864 -2811 995 414 -5009 -2613 -931 -1495 2810 3933 1415 -884 2113 -503 641 3685 -1244 990 -700 -450 1385 3777 1939 630 -4702 -2195 1207 -924 -3404 2230 2207 2824 3234 -1839 599 -1802 1086 1239 2552 -4129 3399 -36 2600 260 6133 329 852 -3236 -3160 -795 4015 -2978 36 547 1421 1010 216 80 -2963 -2260 -2308 -1028 -639
921 121 -3493 847 309 -3827 -2713 -1066 -1874 2861 4244 993 -1162 2541 -1586 1871 4169 -1403 1276 -190 1454 232 3628 1554 1306 -3182 -3245 88 -802 -3791 2192 2378 3001 2401 -2686 784 -1450 1549 -810 2242 -3279 2370 400 2134 1357 6646 186 243 -3297 -2024 -1476 3508 -2930 -187 -657 2199 347 147 -1128 -2539 -2084 -2823 -1836 -1932
422 180 -2620 1616 -627 -2778 -875 -1611 -1361 2178 4024 1296 -663 2272 -1505 2410 3052 -2201 1813 486 642 -482 3233 3425 34 -3443 -3101 -505 -417 -1381 1262 1396 2983 2211 -2692 -971 -915 1745 -1576 1431 -964 3214 478 1889 1817 6675 1763 451 -4240 -1317 -1168 3798 -2500 -270 -1014 2960 -755 -357 -68 -3015 -3907 -2733 -4247 -3710
1242 501 -2615 1746 -56 -2431 -1006 -1642 -1628 1968 4835 1701 -896 2821 -1845 1403 2598 -2393 2237 -462 -867 -1031 3062 2707 -16 -3467 -3674 204 -591 -930 1059 596 2953 1067 -3176 -451 -376 2064 -1524 1398 107 3298 118 2421 2481 5878 2592 960 -3590 -237 -858 3539 -2421 -1221 -1823 3430 -52 -250 459 -3020 -4121 -2030 -3700 -3239
2318 686 -2396 2054 -582 -888 84 -1454 -1291 891 5483 2251 -879 2692 -1825 291 2540 -3962 2160 -118 -1188 -1895 3014 3718 311 -1946 -2550 139 197 -1018 2061 1808 2523 -767 -2932 -123 -980 1527 -1625 866 89 2764 1601 3851 2812 4676 1763 1507 -3256 -757 -132 3291 -1445 -1811 -2619 2497 -342 -352 -1116 -3281 -4163 -1727 -2770 -3738
3008 1017 -3240 1674 1086 -4522 -1937 -1453 -3004 2757 5022 2408 -1081 1620 33 231 867 52 1157 -1115 -956 1286 3587 2384 146 -4578 -2260 1779 818 -2169 1635 2119 2766 1245 -1832 514 -1524 1396 1910 2065 -3113 2411 1437 3647 405 5535 981 668 -3825 -1579 39 3552 -1977 209 412 1281 1279 384 144 -2802 -2227 -1580 -578 -2667
2238 864 -2811 995 414 -5009 -2613 -931 -1495 2810 3933 1415 -884 2113 -503 641 3685 -1244 990 -700 -450 1385 3777 1939 630 -4702 -2195 1207 -924 -3404 2230 2207 2824 3234 -1839 599 -1802 1086 1239 2552 -4129 3399 -36 2600 260 6133 329 852 -3236 -3160 -795 4015 -2978 36 547 1421 1010 216 80 -2963 -2260 -2308 -1028 -639
2238 864 -2811 995 414 -5009 -2613 -931 -1495 2810 3933 1415 -884 2113 -503 641 3685 -1244 990 -700 -450 1385 3777 1939 630 -4702 -2195 1207 -924 -3404 2230 2207 2824 3234 -1839 599 -1802 1086 1239 2552 -4129 3399 -36 2600 260 6133 329 852 -3236 -3160 -795 4015 -2978 36 547 1421 1010 216 80 -2963 -2260 -2308 -1028 -639
2238 864 -2811 995 414 -5009 -2613 -931 -1495 2810 3933 1415 -884 2113 -503 641 3685 -1244 990 -700 -450 1385 3777 1939 630 -4702 -2195 1207 -924 -3404 2230 2207 2824 3234 -1839 599 -1802 1086 1239 2552 -4129 3399 -36 2600 260 6133 329 852 -3236 -3160 -795 4015 -2978 36 547 1421 1010 216 80 -2963 -2260 -2308 -1028 -639
2238 864 -2811 995 414 -5009 -2613 -931 -1495 2810 3933 1415 -884 2113 -503 641 3685 -1244 990 -700 -450 1385 3777 1939 630 -4702 -2195 1207 -924 -3404 2230 2207 2824 3234 -1839 599 -1802 1086 1239 2552 -4129 3399 -36 2600 260 6133 329 852 -3236 -3160 -795 4015 -2978 36 547 1421 1010 216 80 -2963 -2260 -2308 -1028 -639
2238 864 -2811 995 414 -5009 -2613 -931 -1495 2810 3933 1415 -884 2113 -503 641 3685 -1244 990 -700 -450 1385 3777 1939 630 -4702 -2195 1207 -924 -3404 2230 2207 2824 3234 -1839 599 -1802 1086 1239 2552 -4129 3399 -36 2600 260 6133 329 852 -3236 -3160 -795 4015 -2978 36 547 1421 1010 216 80 -2963 -2260 -2308 -1028 -639
1409 644 -2569 1463 -968 -3606 -1896 -1862 -2489 2248 5024 2358 -977 2695 -1453 -22 5994 -1822 2381 -120 -431 -1696 2391 733 828 -956 -4127 49 -415 -2623 934 3008 2270 538 -4527 2324 -752 1156 -2308 121 -1266 2122 562 2873 1123 4494 -263 1117 -2738 66 -688 2649 -1851 -1604 -2155 2382 713 -2155 -2473 -1262 -1096 -2961 -2939 -598
2166 957 -3034 995 489 -4819 -2545 -1054 -1368 2763 3926 1604 -974 2129 -338 937 3153 -1295 843 -588 -348 1191 3574 2523 802 -4810 -2025 1142 -635 -3261 2044 2395 2724 3266 -1865 162 -1666 931 1387 2647 -3891 3297 61 2723 208 6145 661 858 -3365 -2985 -544 4077 -2782 212 196 1497 831 503 89 -3147 -2418 -2142 -1331 -1310
2238 864 -2811 995 414 -5009 -2613 -931 -1495 2810 3933 1415 -884 2113 -503 641 3685 -1244 990 -700 -450 1385 3777 1939 630 -4702 -2195 1207 -924 -3404 2230 2207 2824 3234 -1839 599 -1802 1086 1239 2552 -4129 3399 -36 2600 260 6133 329 852 -3236 -3160 -795 4015 -2978 36 547 1421 1010 216 80 -2963 -2260 -2308 -1028 -639
2238 864 -2811 995 414 -5009 -2613 -931 -1495 2810 3933 1415 -884 2113 -503 641 3685 -1244 990 -700 -450 1385 3777 1939 630 -4702 -2195 1207 -924 -3404 2230 2207 2824 3234 -1839 599 -1802 1086 1239 2552 -4129 3399 -36 2600 260 6133 329 852 -3236 -3160 -795 4015 -2978 36 547 1421 1010 216 80 -2963 -2260 -2308 -1028 -639
2238 864 -2811 995 414 -5009 -2613 -931 -1495 2810 3933 1415 -884 2113 -503 641 3685 -1244 990 -700 -450 1385 3777 1939 630 -4702 -2195 1207 -924 -3404 2230 2207 2824 3234 -1839 599 -1802 1086 1239 2552 -4129 3399 -36 2600 260 6133 329 852 -3236 -3160 -795 4015 -2978 36 547 1421 1010 216 80 -2963 -2260 -2308 -1028 -639
2238 864 -2811 995 414 -5009 -2613 -931 -1495 2810 3933 1415 -884 2113 -503 641 3685 -1244 990 -700 -450 1385 3777 1939 630 -4702 -2195 1207 -924 -3404 2230 2207 2824 3234 -1839 599 -1802 1086 1239 2552 -4129 3399 -36 2600 260 6133 329 852 -3236 -3160 -795 4015 -2978 36 547 1421 1010 216 80 -2963 -2260 -2308 -1028 -639
2968 1931 -1752 1474 -292 -3343 -1769 -757 -1045 725 4680 2502 -1522 1754 -667 -1107 5318 -4404 979 -145 -2387 -352 2785 2611 1488 -2293 -1432 1614 201 -2614 2934 3747 2393 1355 -2632 1346 -2385 494 438 805 -3283 2420 1726 5344 196 4460 -910 1772 -2334 -3101 162 4439 -1884 -1808 -1614 569 226 89 -1880 -2789 -2888 -2110 -182 -1334
2840 839 -2833 2078 477 -4255 -1207 -1659 -2852 2256 4640 1997 -1068 1222 -254 444 1161 -219 1418 -498 -1049 1663 3712 2567 -828 -4681 -2107 1417 121 -1448 1246 1311 2880 1856 -1617 61 -1697 1353 1426 1993 -2657 3164 1542 3391 865 6008 1528 771 -4345 -1422 115 3692 -2079 62 708 1906 1244 26 989 -3029 -3496 -1902 -1583 -3258
2238 864 -2811 995 414 -5009 -2613 -931 -1495 2810 3933 1415 -884 2113 -503 641 3685 -1244 990 -700 -450 1385 3777 1939 630 -4702 -2195 1207 -924 -3404 2230 2207 2824 3234 -1839 599 -1802 1086 1239 2552 -4129 3399 -36 2600 260 6133 329 852 -3236 -3160 -795 4015 -2978 36 547 1421 1010 216 80 -2963 -2260 -2308 -1028 -639
2238 864 -2811 995 414 -5009 -2613 -931 -1495 2810 3933 1415 -884 2113 -503 641 3685 -1244 990 -700 -450 1385 3777 1939 630 -4702 -2195 1207 -924 -3404 2230 2207 2824 3234 -1839 599 -1802 1086 1239 2552 -4129 3399 -36 2600 260 6133 329 852 -3236 -3160 -795 4015 -2978 36 547 1421 1010 216 80 -2963 -2260 -2308 -1028 -639
2238 864 -2811 995 414 -5009 -2613 -931 -1495 2810 3933 1415 -884 2113 -503 641 3685 -1244 990 -700 -450 1385 3777 1939 630 -4702 -2195 1207 -924 -3404 2230 2207 2824 3234 -1839 599 -1802 1086 1239 2552 -4129 3399 -36 2600 260 6133 329 852 -3236 -3160 -795 4015 -2978 36 547 1421 1010 216 80 -2963 -2260 -2308 -1028 -639
2238 864 -2811 995 414 -5009 -2613 -931 -1495 2810 3933 1415 -884 2113 -503 641 3685 -1244 990 -700 -450 1385 3777 1939 630 -4702 -2195 1207 -924 -3404 2230 2207 2824 3234 -1839 599 -1802 1086 1239 2552 -4129 3399 -36 2600 260 6133 329 852 -3236 -3160 -795 4015 -2978 36 547 1421 1010 216 80 -2963 -2260 -2308 -1028 -639
2830 1052 -3144 1118 437 -4773 -2537 -738 -1195 2473 4240 1769 -931 1755 -593 272 3646 -1792 862 -869 -583 1032 3666 2529 633 -4466 -1644 1243 -595 -3747 2571 2536 2523 2648 -1515 531 -1984 794 1199 2653 -4457 3142 507 3659 264 6072 -2 1136 -2959 -3385 -513 3998 -2679 -229 579 1035 1142 172 -503 -3066 -2564 -2130 -424 -1088
2511 33 -3245 2165 -495 -4644 -1104 -2406 -3214 3117 5475 2329 -484 1993 -1083 -23 4209 -250 2410 -585 209 -478 3773 1293 -908 -2293 -3742 298 -892 -2526 1068 1960 2666 982 -3074 1938 -1310 1295 -1047 876 -2394 3109 1401 2740 1262 5207 -27 1184 -3894 -669 -513 2774 -2131 -1137 -29 2012 1492 -2470 -1099 -1363 -1771 -2876 -2230 -1375
2204 892 -2861 996 406 -4992 -2567 -986 -1406 2805 3879 1487 -884 2106 -412 776 3532 -1299 888 -626 -390 1294 3689 2196 702 -4738 -2105 1187 -837 -3378 2182 2330 2797 3314 -1847 425 -1775 988 1286 2560 -4073 3370 -14 2583 183 6132 374 877 -3306 -3159 -702 4090 -2899 140 470 1447 885 280 21 -3018 -2297 -2245 -1154 -845
2238 864 -2811 995 414 -5009 -2613 -931 -1495 2810 3933 1415 -884 2113 -503 641 3685 -1244 990 -700 -450 1385 3777 1939 630 -4702 -2195 1207 -924 -3404 2230 2207 2824 3234 -1839 599 -1802 1086 1239 2552 -4129 3399 -36 2600 260 6133 329 852 -3236 -3160 -795 4015 -2978 36 547 1421 1010 216 80 -2963 -2260 -2308 -1028 -639
2238 864 -2811 995 414 -5009 -2613 -931 -1495 2810 3933 1415 -884 2113 -503 641 3685 -1244 990 -700 -450 1385 3777 1939 630 -4702 -2195 1207 -924 -3404 2230 2207 2824 3234 -1839 599 -1802 1086 1239 2552 -4129 3399 -36 2600 260 6133 329 852 -3236 -3160 -795 4015 -2978 36 547 1421 1010 216 80 -2963 -2260 -2308 -1028 -639
2238 864 -2811 995 414 -5009 -2613 -931 -1495 2810 3933 1415 -884 2113 -503 641 3685 -1244 990 -700 -450 1385 3777 1939 630 -4702 -2195 1207 -924 -3404 2230 2207 2824 3234 -1839 599 -1802 1086 1239 2552 -4129 3399 -36 2600 260 6133 329 852 -3236 -3160 -795 4015 -2978 36 547 1421 1010 216 80 -2963 -2260 -2308 -1028 -639
2238 864 -2811 995 414 -5009 -2613 -931 -1495 2810 3933 1415 -884 2113 -503 641 3685 -1244 990 -700 -450 1385 3777 1939 630 -4702 -2195 1207 -924 -3404 2230 2207 2824 3234 -1839 599 -1802 1086 1239 2552 -4129 3399 -36 2600 260 6133 329 852 -3236 -3160 -795 4015 -2978 36 547 1421 1010 216 80 -2963 -2260 -2308 -1028 -639
1494 1109 -2738 1068 612 -3035 -1988 -1022 -1329 2628 4699 1657 -1150 3367 -1471 763 4103 -2911 1894 -476 -319 -1115 3761 1529 1503 -3282 -3499 832 -836 -3512 2538 2860 2298 814 -3435 1152 -946 1368 -1367 819 -1585 2286 -282 3119 969 6138 853 1048 -2985 -1546 -886 4224 -2455 -1244 -2396 2963 -316 -239 -1280 -2686 -2435 -2057 -1514 -983
2682 854 -2941 2019 172 -3928 -827 -1821 -1778 1870 4319 1730 -1216 1711 -388 980 1484 -1132 1386 -436 -1270 1282 3295 2773 -973 -4894 -1937 1219 -744 -1199 858 1110 2973 2307 -1760 -528 -1129 1038 1113 2254 -1972 3967 907 3157 1201 5713 1940 1227 -4004 -1137 163 3862 -2380 -414 132 2476 1049 246 1640 -3614 -4218 -1788 -2346 -3233
2238 864 -2811 995 414 -5009 -2613 -931 -1495 2810 3933 1415 -884 2113 -503 641 3685 -1244 990 -700 -450 1385 3777 1939 630 -4702 -2195 1207 -924 -3404 2230 2207 2824 3234 -1839 599 -1802 1086 1239 2552 -4129 3399 -36 2600 260 6133 329 852 -3236 -3160 -795 4015 -2978 36 547 1421 1010 216 80 -2963 -2260 -2308 -1028 -639
2238 864 -2811 995 414 -5009 -2613 -931 -1495 2810 3933 1415 -884 2113 -503 641 3685 -1244 990 -700 -450 1385 3777 1939 630 -4702 -2195 1207 -924 -3404 2230 2207 2824 3234 -1839 599 -1802 1086 1239 2552 -4129 3399 -36 2600 260 6133 329 852 -3236 -3160 -795 4015 -2978 36 547 1421 1010 216 80 -2963 -2260 -2308 -1028 -639
2238 864 -2811 995 414 -5009 -2613 -931 -1495 2810 3933 1415 -884 2113 -503 641 3685 -1244 990 -700 -450 1385 3777 1939 630 -4702 -2195 1207 -924 -3404 2230 2207 2824 3234 -1839 599 -1802 1086 1239 2552 -4129 3399 -36 2600 260 6133 329 852 -3236 -3160 -795 4015 -2978 36 547 1421 1010 216 80 -2963 -2260 -2308 -1028 -639
