4941 -42 -2615 1488 -11717 4590 934 121 -3119 5024 1483 -5522 -3276 -7778 -7928 -3974 -4336 6988 -13714 6335 8681 4875 -1485 787 189 -1453 -2265 -8164 -6002 6307 -1745 -345 -1228 -220 4621 954 5476 5104 -320 -6398 10101 4981 148 -3395 9833 141 -4594 6346 -4497 -7628 -3165 7733 6387 2114 -2912 3940 -7894 -2312 313 4589 -241 14283 171 10298
4029 -384 -2790 -722 -10940 7856 -313 545 -4179 -509 412 -3698 -8647 -5343 -8375 -265 -2639 2476 -15401 3987 5744 3311 1558 -428 994 -1986 -1845 -5101 -5614 4132 773 -2444 -4104 3290 4584 1252 6232 6295 1211 -5734 12769 5501 2398 -856 9746 2396 -1386 9588 -2549 -5579 1246 6266 8807 -1158 -7602 1046 -7697 -2624 5626 6764 -1217 10895 -1083 5303
4029 -384 -2790 -722 -10940 7856 -313 545 -4179 -509 412 -3698 -8647 -5343 -8375 -265 -2639 2476 -15401 3987 5744 3311 1558 -428 994 -1986 -1845 -5101 -5614 4132 773 -2444 -4104 3290 4584 1252 6232 6295 1211 -5734 12769 5501 2398 -856 9746 2396 -1386 9588 -2549 -5579 1246 6266 8807 -1158 -7602 1046 -7697 -2624 5626 6764 -1217 10895 -1083 5303
4029 -384 -2790 -722 -10940 7856 -313 545 -4179 -509 412 -3698 -8647 -5343 -8375 -265 -2639 2476 -15401 3987 5744 3311 1558 -428 994 -1986 -1845 -5101 -5614 4132 773 -2444 -4104 3290 4584 1252 6232 6295 1211 -5734 12769 5501 2398 -856 9746 2396 -1386 9588 -2549 -5579 1246 6266 8807 -1158 -7602 1046 -7697 -2624 5626 6764 -1217 10895 -1083 5303
4029 -384 -2790 -722 -10940 7856 -313 545 -4179 -509 412 -3698 -8647 -5343 -8375 -265 -2639 2476 -15401 3987 5744 3311 1558 -428 994 -1986 -1845 -5101 -5614 4132 773 -2444 -4104 3290 4584 1252 6232 6295 1211 -5734 12769 5501 2398 -856 9746 2396 -1386 9588 -2549 -5579 1246 6266 8807 -1158 -7602 1046 -7697 -2624 5626 6764 -1217 10895 -1083 5303
4029 -384 -2790 -722 -10940 7856 -313 545 -4179 -509 412 -3698 -8647 -5343 -8375 -265 -2639 2476 -15401 3987 5744 3311 1558 -428 994 -1986 -1845 -5101 -5614 4132 773 -2444 -4104 3290 4584 1252 6232 6295 1211 -5734 12769 5501 2398 -856 9746 2396 -1386 9588 -2549 -5579 1246 6266 8807 -1158 -7602 1046 -7697 -2624 5626 6764 -1217 10895 -1083 5303
4029 -384 -2790 -722 -10940 7856 -313 545 -4179 -509 412 -3698 -8647 -5343 -8375 -265 -2639 2476 -15401 3987 5744 3311 1558 -428 994 -1986 -1845 -5101 -5614 4132 773 -2444 -4104 3290 4584 1252 6232 6295 1211 -5734 12769 5501 2398 -856 9746 2396 -1386 9588 -2549 -5579 1246 6266 8807 -1158 -7602 1046 -7697 -2624 5626 6764 -1217 10895 -1083 5303
4029 -384 -2790 -722 -10940 7856 -313 545 -4179 -509 412 -3698 -8647 -5343 -8375 -265 -2639 2476 -15401 3987 5744 3311 1558 -428 994 -1986 -1845 -5101 -5614 4132 773 -2444 -4104 3290 4584 1252 6232 6295 1211 -5734 12769 5501 2398 -856 9746 2396 -1386 9588 -2549 -5579 1246 6266 8807 -1158 -7602 1046 -7697 -2624 5626 6764 -1217 10895 -1083 5303
4029 -384 -2790 -722 -10940 7856 -313 545 -4179 -509 412 -3698 -8647 -5343 -8375 -265 -2639 2476 -15401 3987 5744 3311 1558 -428 994 -1986 -1845 -5101 -5614 4132 773 -2444 -4104 3290 4584 1252 6232 6295 1211 -5734 12769 5501 2398 -856 9746 2396 -1386 9588 -2549 -5579 1246 6266 8807 -1158 -7602 1046 -7697 -2624 5626 6764 -1217 10895 -1083 5303
5424 -195 -4610 -1400 -11699 6488 -1188 -1265 -4804 706 2447 -4437 -7731 -3797 -8759 78 -1866 2629 -14552 4970 4617 3984 -337 -798 458 -2559 -2485 -6847 -5723 2303 1177 -1919 -2059 1701 4110 30 6504 5477 -3 -6201 11861 6361 3485 -1116 8712 771 -3229 9893 -3987 -3766 210 5817 7373 -1731 -6581 -436 -8288 -3597 5318 5112 -440 10938 -511 6063
6316 -256 -3653 167 -11971 6529 -2581 279 -6213 437 2838 -2922 -6802 -6226 -7202 1351 -4238 2633 -15157 5553 6516 2388 538 -1236 -574 -2080 -2466 -7218 -4664 3434 1349 -2001 -3422 2982 5019 829 5319 5910 1273 -7515 11645 6021 3675 -609 9673 1394 -2209 10029 -1712 -5143 1478 6423 7180 -63 -7699 963 -6625 -4168 6044 6764 -106 11215 -3113 4928
4029 -384 -2790 -722 -10940 7856 -313 545 -4179 -509 412 -3698 -8647 -5343 -8375 -265 -2639 2476 -15401 3987 5744 3311 1558 -428 994 -1986 -1845 -5101 -5614 4132 773 -2444 -4104 3290 4584 1252 6232 6295 1211 -5734 12769 5501 2398 -856 9746 2396 -1386 9588 -2549 -5579 1246 6266 8807 -1158 -7602 1046 -7697 -2624 5626 6764 -1217 10895 -1083 5303
4029 -384 -2790 -722 -10940 7856 -313 545 -4179 -509 412 -3698 -8647 -5343 -8375 -265 -2639 2476 -15401 3987 5744 3311 1558 -428 994 -1986 -1845 -5101 -5614 4132 773 -2444 -4104 3290 4584 1252 6232 6295 1211 -5734 12769 5501 2398 -856 9746 2396 -1386 9588 -2549 -5579 1246 6266 8807 -1158 -7602 1046 -7697 -2624 5626 6764 -1217 10895 -1083 5303
4029 -384 -2790 -722 -10940 7856 -313 545 -4179 -509 412 -3698 -8647 -5343 -8375 -265 -2639 2476 -15401 3987 5744 3311 1558 -428 994 -1986 -1845 -5101 -5614 4132 773 -2444 -4104 3290 4584 1252 6232 6295 1211 -5734 12769 5501 2398 -856 9746 2396 -1386 9588 -2549 -5579 1246 6266 8807 -1158 -7602 1046 -7697 -2624 5626 6764 -1217 10895 -1083 5303
4029 -384 -2790 -722 -10940 7856 -313 545 -4179 -509 412 -3698 -8647 -5343 -8375 -265 -2639 2476 -15401 3987 5744 3311 1558 -428 994 -1986 -1845 -5101 -5614 4132 773 -2444 -4104 3290 4584 1252 6232 6295 1211 -5734 12769 5501 2398 -856 9746 2396 -1386 9588 -2549 -5579 1246 6266 8807 -1158 -7602 1046 -7697 -2624 5626 6764 -1217 10895 -1083 5303
4029 -384 -2790 -722 -10940 7856 -313 545 -4179 -509 412 -3698 -8647 -5343 -8375 -265 -2639 2476 -15401 3987 5744 3311 1558 -428 994 -1986 -1845 -5101 -5614 4132 773 -2444 -4104 3290 4584 1252 6232 6295 1211 -5734 12769 5501 2398 -856 9746 2396 -1386 9588 -2549 -5579 1246 6266 8807 -1158 -7602 1046 -7697 -2624 5626 6764 -1217 10895 -1083 5303
2327 -1234 -1383 1479 -10772 6802 -1684 3373 -1855 2022 -802 -2894 -4783 -7366 -6694 -2855 -4624 6219 -18090 2810 4658 3496 1991 2046 3357 -1609 -325 -6379 -6740 5417 2108 222 -3981 1218 9274 -139 2923 4872 -1747 -6551 10026 3603 3258 -3915 11819 4748 -4298 7824 -2625 -5680 1948 8748 9595 -1418 -6569 1979 -7730 -971 6906 8081 94 7201 349 4638
41 -2617 393 5700 -11307 5523 -410 1559 -995 2372 -1028 -5189 -5485 -7445 -8797 -7942 -3433 10262 -18736 3820 8917 8955 28 2617 6457 -1902 -1238 -3219 -6343 5795 -1767 1440 -88 243 5054 694 2313 7535 -1583 -6328 8137 526 258 -4976 9805 2919 -6441 7057 -1833 -9383 -1975 6940 8756 -2405 -3063 3627 -6210 2287 -105 7315 -1718 11218 -1298 7137
-1073 -2924 1310 4392 -12116 5684 2460 918 -935 3134 -4194 -5433 -4095 -7943 -11033 -7759 -2079 9108 -16764 4341 9331 10403 -432 2016 5330 -588 -1164 -2004 -5101 7220 -5180 733 1141 9 4738 2353 3970 7142 -2111 -5189 10643 1645 -2509 -5740 9762 3293 -4561 4863 -3386 -9994 -2244 7219 8314 1095 -3200 4305 -8872 2481 -2304 7783 -3697 13102 -1808 10742
366 -3004 -1500 3027 -13856 4333 -37 -3728 -1182 5350 -2440 -6905 -1171 -6312 -12565 -9350 -1292 8891 -14197 6569 7745 10971 -2978 2490 3470 468 -975 -5282 -6455 6575 -4041 1481 3563 -1483 3984 -67 5976 5711 -3656 -4792 9518 2297 -1670 -8007 7131 2532 -5883 2993 -4623 -7108 -4737 5998 7653 1585 -76 1684 -9589 902 -4497 5607 -3586 13119 900 11569
2652 398 -1959 492 -14670 4385 1570 -1650 -5975 4127 2726 -4544 -5791 -6207 -11145 -2718 -2076 1753 -14900 8406 8710 6782 -2742 431 -62 -435 -4135 -4868 -7359 6384 70 -2055 -3568 -1357 3119 1040 7068 7483 3094 -9488 13582 6166 -1306 -2013 9146 2912 -3115 10017 -5152 -9074 1893 9149 6185 2111 -4792 2393 -9446 -2995 1370 9652 -2139 13133 -4130 5515
4029 -384 -2790 -722 -10940 7856 -313 545 -4179 -509 412 -3698 -8647 -5343 -8375 -265 -2639 2476 -15401 3987 5744 3311 1558 -428 994 -1986 -1845 -5101 -5614 4132 773 -2444 -4104 3290 4584 1252 6232 6295 1211 -5734 12769 5501 2398 -856 9746 2396 -1386 9588 -2549 -5579 1246 6266 8807 -1158 -7602 1046 -7697 -2624 5626 6764 -1217 10895 -1083 5303
4029 -384 -2790 -722 -10940 7856 -313 545 -4179 -509 412 -3698 -8647 -5343 -8375 -265 -2639 2476 -15401 3987 5744 3311 1558 -428 994 -1986 -1845 -5101 -5614 4132 773 -2444 -4104 3290 4584 1252 6232 6295 1211 -5734 12769 5501 2398 -856 9746 2396 -1386 9588 -2549 -5579 1246 6266 8807 -1158 -7602 1046 -7697 -2624 5626 6764 -1217 10895 -1083 5303
4029 -384 -2790 -722 -10940 7856 -313 545 -4179 -509 412 -3698 -8647 -5343 -8375 -265 -2639 2476 -15401 3987 5744 3311 1558 -428 994 -1986 -1845 -5101 -5614 4132 773 -2444 -4104 3290 4584 1252 6232 6295 1211 -5734 12769 5501 2398 -856 9746 2396 -1386 9588 -2549 -5579 1246 6266 8807 -1158 -7602 1046 -7697 -2624 5626 6764 -1217 10895 -1083 5303
4029 -384 -2790 -722 -10940 7856 -313 545 -4179 -509 412 -3698 -8647 -5343 -8375 -265 -2639 2476 -15401 3987 5744 3311 1558 -428 994 -1986 -1845 -5101 -5614 4132 773 -2444 -4104 3290 4584 1252 6232 6295 1211 -5734 12769 5501 2398 -856 9746 2396 -1386 9588 -2549 -5579 1246 6266 8807 -1158 -7602 1046 -7697 -2624 5626 6764 -1217 10895 -1083 5303
4029 -384 -2790 -722 -10940 7856 -313 545 -4179 -509 412 -3698 -8647 -5343 -8375 -265 -2639 2476 -15401 3987 5744 3311 1558 -428 994 -1986 -1845 -5101 -5614 4132 773 -2444 -4104 3290 4584 1252 6232 6295 1211 -5734 12769 5501 2398 -856 9746 2396 -1386 9588 -2549 -5579 1246 6266 8807 -1158 -7602 1046 -7697 -2624 5626 6764 -1217 10895 -1083 5303
6108 -128 -2537 2229 -9227 6484 -404 5276 -1531 3796 -1380 -2714 -330 -10795 -3532 -4200 -9294 10976 -14716 1799 6759 1022 1336 -109 -790 -2416 1446 -9687 -6376 7446 -2854 2558 -4227 1522 10035 2267 4725 2201 -4374 -2453 9635 7038 3051 -5822 12864 -121 -658 5024 -2615 -7648 -2892 9694 9594 4408 -2963 4956 -5694 530 4039 3857 1722 9652 527 9467
2965 -963 -2192 104 -11256 7032 -342 156 -3738 -68 1097 -4141 -8743 -5310 -9285 -1129 -1801 2646 -15290 4137 6253 4134 1320 40 1454 -1846 -2647 -4914 -6073 4529 637 -2282 -3243 2862 3921 1898 6186 6227 1983 -6170 12814 4663 1988 -903 9279 2902 -1969 9678 -3011 -6041 678 5908 8044 -1360 -7216 617 -7948 -2771 4577 6261 -1258 11274 -628 5426
4029 -384 -2790 -722 -10940 7856 -313 545 -4179 -509 412 -3698 -8647 -5343 -8375 -265 -2639 2476 -15401 3987 5744 3311 1558 -428 994 -1986 -1845 -5101 -5614 4132 773 -2444 -4104 3290 4584 1252 6232 6295 1211 -5734 12769 5501 2398 -856 9746 2396 -1386 9588 -2549 -5579 1246 6266 8807 -1158 -7602 1046 -7697 -2624 5626 6764 -1217 10895 -1083 5303
4029 -384 -2790 -722 -10940 7856 -313 545 -4179 -509 412 -3698 -8647 -5343 -8375 -265 -2639 2476 -15401 3987 5744 3311 1558 -428 994 -1986 -1845 -5101 -5614 4132 773 -2444 -4104 3290 4584 1252 6232 6295 1211 -5734 12769 5501 2398 -856 9746 2396 -1386 9588 -2549 -5579 1246 6266 8807 -1158 -7602 1046 -7697 -2624 5626 6764 -1217 10895 -1083 5303
4029 -384 -2790 -722 -10940 7856 -313 545 -4179 -509 412 -3698 -8647 -5343 -8375 -265 -2639 2476 -15401 3987 5744 3311 1558 -428 994 -1986 -1845 -5101 -5614 4132 773 -2444 -4104 3290 4584 1252 6232 6295 1211 -5734 12769 5501 2398 -856 9746 2396 -1386 9588 -2549 -5579 1246 6266 8807 -1158 -7602 1046 -7697 -2624 5626 6764 -1217 10895 -1083 5303
4029 -384 -2790 -722 -10940 7856 -313 545 -4179 -509 412 -3698 -8647 -5343 -8375 -265 -2639 2476 -15401 3987 5744 3311 1558 -428 994 -1986 -1845 -5101 -5614 4132 773 -2444 -4104 3290 4584 1252 6232 6295 1211 -5734 12769 5501 2398 -856 9746 2396 -1386 9588 -2549 -5579 1246 6266 8807 -1158 -7602 1046 -7697 -2624 5626 6764 -1217 10895 -1083 5303
6745 -268 -5519 -1831 -12233 4738 -1777 -4339 -2613 2364 1097 -4321 -4109 -3762 -10085 -1341 -1966 2520 -12250 5249 3367 3572 -868 -411 136 -550 -1369 -8437 -6608 4024 -1237 -53 1227 1781 3423 274 8628 2408 -1454 -4260 11714 8113 1846 -3055 6587 -737 -3459 7172 -2882 -2640 -1907 5095 6824 -805 -4066 -2230 -8057 -3855 3353 3885 36 12301 1767 8736
2218 -263 -736 2327 -14453 4985 2822 -1675 -5603 3069 2106 -5349 -7226 -5494 -11142 -3852 -1550 4255 -15576 9307 10083 8639 -3374 1089 1423 -1810 -4332 -2885 -6342 6422 -1518 -1903 -1995 -1328 2566 -257 7240 9290 2397 -9636 11205 5369 -2363 -2325 10004 2495 -4125 9479 -3503 -9864 1009 8502 6418 774 -3925 5111 -8293 -817 47 10594 -3386 14743 -5471 7046
4029 -384 -2790 -722 -10940 7856 -313 545 -4179 -509 412 -3698 -8647 -5343 -8375 -265 -2639 2476 -15401 3987 5744 3311 1558 -428 994 -1986 -1845 -5101 -5614 4132 773 -2444 -4104 3290 4584 1252 6232 6295 1211 -5734 12769 5501 2398 -856 9746 2396 -1386 9588 -2549 -5579 1246 6266 8807 -1158 -7602 1046 -7697 -2624 5626 6764 -1217 10895 -1083 5303
4029 -384 -2790 -722 -10940 7856 -313 545 -4179 -509 412 -3698 -8647 -5343 -8375 -265 -2639 2476 -15401 3987 5744 3311 1558 -428 994 -1986 -1845 -5101 -5614 4132 773 -2444 -4104 3290 4584 1252 6232 6295 1211 -5734 12769 5501 2398 -856 9746 2396 -1386 9588 -2549 -5579 1246 6266 8807 -1158 -7602 1046 -7697 -2624 5626 6764 -1217 10895 -1083 5303
4029 -384 -2790 -722 -10940 7856 -313 545 -4179 -509 412 -3698 -8647 -5343 -8375 -265 -2639 2476 -15401 3987 5744 3311 1558 -428 994 -1986 -1845 -5101 -5614 4132 773 -2444 -4104 3290 4584 1252 6232 6295 1211 -5734 12769 5501 2398 -856 9746 2396 -1386 9588 -2549 -5579 1246 6266 8807 -1158 -7602 1046 -7697 -2624 5626 6764 -1217 10895 -1083 5303
4029 -384 -2790 -722 -10940 7856 -313 545 -4179 -509 412 -3698 -8647 -5343 -8375 -265 -2639 2476 -15401 3987 5744 3311 1558 -428 994 -1986 -1845 -5101 -5614 4132 773 -2444 -4104 3290 4584 1252 6232 6295 1211 -5734 12769 5501 2398 -856 9746 2396 -1386 9588 -2549 -5579 1246 6266 8807 -1158 -7602 1046 -7697 -2624 5626 6764 -1217 10895 -1083 5303
4931 -510 -4093 -1202 -11699 6571 -1243 -785 -4124 161 1533 -4571 -7994 -4486 -9271 -98 -1635 2647 -14839 4784 5050 3846 537 -641 929 -2056 -2378 -6573 -5969 3532 1304 -2372 -2915 2193 3539 197 6744 6143 625 -5594 12708 5764 3391 -868 8915 2023 -2385 9000 -3633 -4371 14 6245 8371 -1015 -6961 58 -8350 -3284 5029 6181 -1242 10858 -736 5418
5768 471 -1817 3607 -11478 7603 1314 4779 -5175 3300 681 -3945 -1949 -10094 -4584 -4593 -9227 10868 -16350 6536 9478 3391 -1509 47 -1329 -3301 -445 -8981 -5214 6157 -1307 1210 -6844 590 8361 -1488 5248 5649 -2273 -6017 8854 6871 2086 -5239 14481 1030 -1152 5873 -1962 -8835 -2509 12033 9885 4259 -2045 8175 -5734 1160 4173 7811 -1050 10938 -5011 8257
3807 -574 -2642 -395 -11018 7627 -436 431 -3994 -453 742 -3819 -8792 -5380 -8647 -621 -2427 2586 -15324 3967 5895 3479 1582 -352 1173 -1922 -2082 -5143 -5877 4240 787 -2344 -3880 3192 4268 1456 6146 6196 1577 -5871 12730 5213 2384 -835 9509 2433 -1583 9670 -2655 -5803 878 6093 8674 -1399 -7441 829 -7703 -2621 5314 6435 -1159 11000 -844 5203
4029 -384 -2790 -722 -10940 7856 -313 545 -4179 -509 412 -3698 -8647 -5343 -8375 -265 -2639 2476 -15401 3987 5744 3311 1558 -428 994 -1986 -1845 -5101 -5614 4132 773 -2444 -4104 3290 4584 1252 6232 6295 1211 -5734 12769 5501 2398 -856 9746 2396 -1386 9588 -2549 -5579 1246 6266 8807 -1158 -7602 1046 -7697 -2624 5626 6764 -1217 10895 -1083 5303
4029 -384 -2790 -722 -10940 7856 -313 545 -4179 -509 412 -3698 -8647 -5343 -8375 -265 -2639 2476 -15401 3987 5744 3311 1558 -428 994 -1986 -1845 -5101 -5614 4132 773 -2444 -4104 3290 4584 1252 6232 6295 1211 -5734 12769 5501 2398 -856 9746 2396 -1386 9588 -2549 -5579 1246 6266 8807 -1158 -7602 1046 -7697 -2624 5626 6764 -1217 10895 -1083 5303
4029 -384 -2790 -722 -10940 7856 -313 545 -4179 -509 412 -3698 -8647 -5343 -8375 -265 -2639 2476 -15401 3987 5744 3311 1558 -428 994 -1986 -1845 -5101 -5614 4132 773 -2444 -4104 3290 4584 1252 6232 6295 1211 -5734 12769 5501 2398 -856 9746 2396 -1386 9588 -2549 -5579 1246 6266 8807 -1158 -7602 1046 -7697 -2624 5626 6764 -1217 10895 -1083 5303
4029 -384 -2790 -722 -10940 7856 -313 545 -4179 -509 412 -3698 -8647 -5343 -8375 -265 -2639 2476 -15401 3987 5744 3311 1558 -428 994 -1986 -1845 -5101 -5614 4132 773 -2444 -4104 3290 4584 1252 6232 6295 1211 -5734 12769 5501 2398 -856 9746 2396 -1386 9588 -2549 -5579 1246 6266 8807 -1158 -7602 1046 -7697 -2624 5626 6764 -1217 10895 -1083 5303
3492 452 -3234 755 -11808 5698 -1687 -5 664 2287 -3713 -2956 -2726 -9105 -9048 -3588 -2715 5189 -15134 1225 4219 4086 3300 878 3735 64 293 -6796 -6849 8002 -1338 -253 -1607 2878 5687 1217 5714 3419 -2089 -2161 13132 4929 1158 -3570 9114 3686 -2528 4193 -2881 -6971 -1137 7260 10095 1433 -4271 1072 -7437 -539 3242 6682 -1533 10480 2869 7111
654 -1717 981 2800 -13572 6473 3908 -1604 -4133 2156 332 -6734 -8784 -4720 -12755 -4631 276 5544 -15136 8109 9753 10115 -2264 1834 2167 -1830 -4040 -1401 -5739 6207 -3664 -2329 -745 -195 1669 998 7948 8780 1539 -8231 10790 3967 -3305 -2257 10524 2775 -3650 8504 -3886 -10301 -567 6367 7037 -75 -3764 5345 -8246 585 -457 8454 -4084 14886 -4067 9150
4029 -384 -2790 -722 -10940 7856 -313 545 -4179 -509 412 -3698 -8647 -5343 -8375 -265 -2639 2476 -15401 3987 5744 3311 1558 -428 994 -1986 -1845 -5101 -5614 4132 773 -2444 -4104 3290 4584 1252 6232 6295 1211 -5734 12769 5501 2398 -856 9746 2396 -1386 9588 -2549 -5579 1246 6266 8807 -1158 -7602 1046 -7697 -2624 5626 6764 -1217 10895 -1083 5303
4029 -384 -2790 -722 -10940 7856 -313 545 -4179 -509 412 -3698 -8647 -5343 -8375 -265 -2639 2476 -15401 3987 5744 3311 1558 -428 994 -1986 -1845 -5101 -5614 4132 773 -2444 -4104 3290 4584 1252 6232 6295 1211 -5734 12769 5501 2398 -856 9746 2396 -1386 9588 -2549 -5579 1246 6266 8807 -1158 -7602 1046 -7697 -2624 5626 6764 -1217 10895 -1083 5303
4029 -384 -2790 -722 -10940 7856 -313 545 -4179 -509 412 -3698 -8647 -5343 -8375 -265 -2639 2476 -15401 3987 5744 3311 1558 -428 994 -1986 -1845 -5101 -5614 4132 773 -2444 -4104 3290 4584 1252 6232 6295 1211 -5734 12769 5501 2398 -856 9746 2396 -1386 9588 -2549 -5579 1246 6266 8807 -1158 -7602 1046 -7697 -2624 5626 6764 -1217 10895 -1083 5303
