1199 -393 -5490 3618 -7338 2138 274 -1793 -2777 5845 2562 -5010 -2088 -3811 -4726 -5185 -1897 4440 -7392 5095 3448 3136 766 36 2477 -3916 -2855 -7736 -4199 3072 -2367 2661 -2666 -1145 2755 798 2417 2692 -260 -2873 8632 4239 -1909 -1823 8857 -1565 -5008 879 -1890 -6423 -457 7558 3743 -611 -2568 2099 -6019 -2048 -801 1612 1689 9927 1167 7205
798 -145 -5945 1687 -7379 5361 -1028 -1495 -3613 990 1825 -4350 -7001 -2127 -5595 -2541 -244 1080 -9054 3081 577 1197 2770 -1221 2855 -5016 -2761 -5545 -4035 1437 -310 470 -5053 2290 2647 1811 2729 3591 1039 -2318 10923 5030 -200 -211 9344 -50 -1916 3572 -92 -4610 3126 7008 5791 -3385 -6528 -151 -6397 -1777 3842 3564 967 7838 -127 2978
798 -145 -5945 1687 -7379 5361 -1028 -1495 -3613 990 1825 -4350 -7001 -2127 -5595 -2541 -244 1080 -9054 3081 577 1197 2770 -1221 2855 -5016 -2761 -5545 -4035 1437 -310 470 -5053 2290 2647 1811 2729 3591 1039 -2318 10923 5030 -200 -211 9344 -50 -1916 3572 -92 -4610 3126 7008 5791 -3385 -6528 -151 -6397 -1777 3842 3564 967 7838 -127 2978
798 -145 -5945 1687 -7379 5361 -1028 -1495 -3613 990 1825 -4350 -7001 -2127 -5595 -2541 -244 1080 -9054 3081 577 1197 2770 -1221 2855 -5016 -2761 -5545 -4035 1437 -310 470 -5053 2290 2647 1811 2729 3591 1039 -2318 10923 5030 -200 -211 9344 -50 -1916 3572 -92 -4610 3126 7008 5791 -3385 -6528 -151 -6397 -1777 3842 3564 967 7838 -127 2978
798 -145 -5945 1687 -7379 5361 -1028 -1495 -3613 990 1825 -4350 -7001 -2127 -5595 -2541 -244 1080 -9054 3081 577 1197 2770 -1221 2855 -5016 -2761 -5545 -4035 1437 -310 470 -5053 2290 2647 1811 2729 3591 1039 -2318 10923 5030 -200 -211 9344 -50 -1916 3572 -92 -4610 3126 7008 5791 -3385 -6528 -151 -6397 -1777 3842 3564 967 7838 -127 2978
798 -145 -5945 1687 -7379 5361 -1028 -1495 -3613 990 1825 -4350 -7001 -2127 -5595 -2541 -244 1080 -9054 3081 577 1197 2770 -1221 2855 -5016 -2761 -5545 -4035 1437 -310 470 -5053 2290 2647 1811 2729 3591 1039 -2318 10923 5030 -200 -211 9344 -50 -1916 3572 -92 -4610 3126 7008 5791 -3385 -6528 -151 -6397 -1777 3842 3564 967 7838 -127 2978
798 -145 -5945 1687 -7379 5361 -1028 -1495 -3613 990 1825 -4350 -7001 -2127 -5595 -2541 -244 1080 -9054 3081 577 1197 2770 -1221 2855 -5016 -2761 -5545 -4035 1437 -310 470 -5053 2290 2647 1811 2729 3591 1039 -2318 10923 5030 -200 -211 9344 -50 -1916 3572 -92 -4610 3126 7008 5791 -3385 -6528 -151 -6397 -1777 3842 3564 967 7838 -127 2978
798 -145 -5945 1687 -7379 5361 -1028 -1495 -3613 990 1825 -4350 -7001 -2127 -5595 -2541 -244 1080 -9054 3081 577 1197 2770 -1221 2855 -5016 -2761 -5545 -4035 1437 -310 470 -5053 2290 2647 1811 2729 3591 1039 -2318 10923 5030 -200 -211 9344 -50 -1916 3572 -92 -4610 3126 7008 5791 -3385 -6528 -151 -6397 -1777 3842 3564 967 7838 -127 2978
798 -145 -5945 1687 -7379 5361 -1028 -1495 -3613 990 1825 -4350 -7001 -2127 -5595 -2541 -244 1080 -9054 3081 577 1197 2770 -1221 2855 -5016 -2761 -5545 -4035 1437 -310 470 -5053 2290 2647 1811 2729 3591 1039 -2318 10923 5030 -200 -211 9344 -50 -1916 3572 -92 -4610 3126 7008 5791 -3385 -6528 -151 -6397 -1777 3842 3564 967 7838 -127 2978
2247 125 -7291 1460 -7590 4329 -1632 -2528 -3954 2412 3957 -4769 -6175 -550 -5643 -2329 558 1287 -8145 4152 -177 2175 1482 -1440 2741 -5326 -3235 -6826 -3787 205 14 1041 -3079 1076 2685 817 3431 3220 65 -2477 10690 5972 885 -331 8614 -1218 -3324 3958 -1102 -3067 2416 6769 4933 -3758 -5420 -924 -6618 -2160 3953 2494 1888 8151 440 4236
2589 -115 -6699 2326 -8044 4139 -2698 -1580 -5103 1812 4088 -3731 -5198 -2791 -4745 -1232 -1376 1014 -8727 4341 1136 686 1843 -1868 1795 -4949 -3193 -7035 -3042 1053 173 841 -4340 2042 2913 1277 2228 3341 1177 -3668 9916 5596 960 56 9272 -791 -2607 4104 676 -4339 3278 6988 4458 -2511 -6469 -24 -5280 -2957 4188 3662 1913 8196 -1776 2814
798 -145 -5945 1687 -7379 5361 -1028 -1495 -3613 990 1825 -4350 -7001 -2127 -5595 -2541 -244 1080 -9054 3081 577 1197 2770 -1221 2855 -5016 -2761 -5545 -4035 1437 -310 470 -5053 2290 2647 1811 2729 3591 1039 -2318 10923 5030 -200 -211 9344 -50 -1916 3572 -92 -4610 3126 7008 5791 -3385 -6528 -151 -6397 -1777 3842 3564 967 7838 -127 2978
798 -145 -5945 1687 -7379 5361 -1028 -1495 -3613 990 1825 -4350 -7001 -2127 -5595 -2541 -244 1080 -9054 3081 577 1197 2770 -1221 2855 -5016 -2761 -5545 -4035 1437 -310 470 -5053 2290 2647 1811 2729 3591 1039 -2318 10923 5030 -200 -211 9344 -50 -1916 3572 -92 -4610 3126 7008 5791 -3385 -6528 -151 -6397 -1777 3842 3564 967 7838 -127 2978
798 -145 -5945 1687 -7379 5361 -1028 -1495 -3613 990 1825 -4350 -7001 -2127 -5595 -2541 -244 1080 -9054 3081 577 1197 2770 -1221 2855 -5016 -2761 -5545 -4035 1437 -310 470 -5053 2290 2647 1811 2729 3591 1039 -2318 10923 5030 -200 -211 9344 -50 -1916 3572 -92 -4610 3126 7008 5791 -3385 -6528 -151 -6397 -1777 3842 3564 967 7838 -127 2978
798 -145 -5945 1687 -7379 5361 -1028 -1495 -3613 990 1825 -4350 -7001 -2127 -5595 -2541 -244 1080 -9054 3081 577 1197 2770 -1221 2855 -5016 -2761 -5545 -4035 1437 -310 470 -5053 2290 2647 1811 2729 3591 1039 -2318 10923 5030 -200 -211 9344 -50 -1916 3572 -92 -4610 3126 7008 5791 -3385 -6528 -151 -6397 -1777 3842 3564 967 7838 -127 2978
798 -145 -5945 1687 -7379 5361 -1028 -1495 -3613 990 1825 -4350 -7001 -2127 -5595 -2541 -244 1080 -9054 3081 577 1197 2770 -1221 2855 -5016 -2761 -5545 -4035 1437 -310 470 -5053 2290 2647 1811 2729 3591 1039 -2318 10923 5030 -200 -211 9344 -50 -1916 3572 -92 -4610 3126 7008 5791 -3385 -6528 -151 -6397 -1777 3842 3564 967 7838 -127 2978
-616 -1099 -4939 3118 -7248 3832 -2141 723 -1453 3027 673 -3562 -3440 -3475 -4295 -4786 -1911 4044 -11111 1911 -312 1329 2854 755 4580 -4673 -1088 -6440 -5255 2135 812 2472 -4752 317 5879 543 114 2191 -1201 -2973 8015 3069 727 -2599 10494 2205 -4502 2348 -394 -4449 3544 8619 6245 -3673 -5676 453 -6313 -697 4187 4466 1550 4687 980 2173
-2426 -2226 -2907 6557 -6879 2733 -932 -553 -708 3815 663 -4881 -3102 -3428 -5026 -7767 -1099 7156 -10882 2986 3129 5914 1678 1350 6771 -4122 -1624 -3834 -4582 2022 -2158 3773 -1564 -811 2192 1057 -397 4107 -1048 -2629 6704 730 -1677 -2971 8573 840 -6046 1267 413 -7044 681 6815 5338 -3861 -2170 1539 -4462 1352 -1562 3323 440 7278 82 4102
-3176 -2389 -1940 5442 -7134 2830 949 -1205 -877 4148 -2067 -4605 -2221 -3628 -6335 -7032 -525 6082 -9124 3176 3587 6542 1557 1006 5392 -3044 -1595 -2919 -3580 2940 -4641 3271 -632 -1115 2119 2098 809 3591 -1522 -1928 8295 1388 -3775 -3383 8119 923 -4589 -476 -873 -7478 334 6684 4927 -918 -2332 1796 -6221 1299 -2967 3532 -811 8049 -331 6504
-1790 -2315 -3454 4633 -7835 2079 -558 -4160 -701 6022 -375 -5296 174 -2035 -7025 -7997 362 6197 -7083 4974 2781 7456 256 1436 4368 -1872 -1410 -4735 -4070 2945 -3590 4297 1483 -1908 2200 264 2508 2879 -2538 -1208 7889 2106 -3080 -4705 6321 740 -5361 -1626 -1580 -5076 -1490 5908 4660 -476 311 358 -6250 296 -4079 2230 -312 8175 1839 7843
-213 507 -4319 2450 -8990 2021 653 -2726 -4531 4687 3184 -3793 -3621 -2202 -6595 -3596 280 482 -7776 6165 3019 4081 -153 -34 1822 -3007 -3926 -4664 -4618 2872 -501 1076 -4087 -1591 1227 1223 3484 3924 2448 -4923 10344 4968 -2713 -698 7681 465 -3117 3554 -1918 -6488 3287 8248 3591 -389 -3745 894 -6543 -2225 89 5197 221 8277 -1789 3073
798 -145 -5945 1687 -7379 5361 -1028 -1495 -3613 990 1825 -4350 -7001 -2127 -5595 -2541 -244 1080 -9054 3081 577 1197 2770 -1221 2855 -5016 -2761 -5545 -4035 1437 -310 470 -5053 2290 2647 1811 2729 3591 1039 -2318 10923 5030 -200 -211 9344 -50 -1916 3572 -92 -4610 3126 7008 5791 -3385 -6528 -151 -6397 -1777 3842 3564 967 7838 -127 2978
798 -145 -5945 1687 -7379 5361 -1028 -1495 -3613 990 1825 -4350 -7001 -2127 -5595 -2541 -244 1080 -9054 3081 577 1197 2770 -1221 2855 -5016 -2761 -5545 -4035 1437 -310 470 -5053 2290 2647 1811 2729 3591 1039 -2318 10923 5030 -200 -211 9344 -50 -1916 3572 -92 -4610 3126 7008 5791 -3385 -6528 -151 -6397 -1777 3842 3564 967 7838 -127 2978
798 -145 -5945 1687 -7379 5361 -1028 -1495 -3613 990 1825 -4350 -7001 -2127 -5595 -2541 -244 1080 -9054 3081 577 1197 2770 -1221 2855 -5016 -2761 -5545 -4035 1437 -310 470 -5053 2290 2647 1811 2729 3591 1039 -2318 10923 5030 -200 -211 9344 -50 -1916 3572 -92 -4610 3126 7008 5791 -3385 -6528 -151 -6397 -1777 3842 3564 967 7838 -127 2978
798 -145 -5945 1687 -7379 5361 -1028 -1495 -3613 990 1825 -4350 -7001 -2127 -5595 -2541 -244 1080 -9054 3081 577 1197 2770 -1221 2855 -5016 -2761 -5545 -4035 1437 -310 470 -5053 2290 2647 1811 2729 3591 1039 -2318 10923 5030 -200 -211 9344 -50 -1916 3572 -92 -4610 3126 7008 5791 -3385 -6528 -151 -6397 -1777 3842 3564 967 7838 -127 2978
798 -145 -5945 1687 -7379 5361 -1028 -1495 -3613 990 1825 -4350 -7001 -2127 -5595 -2541 -244 1080 -9054 3081 577 1197 2770 -1221 2855 -5016 -2761 -5545 -4035 1437 -310 470 -5053 2290 2647 1811 2729 3591 1039 -2318 10923 5030 -200 -211 9344 -50 -1916 3572 -92 -4610 3126 7008 5791 -3385 -6528 -151 -6397 -1777 3842 3564 967 7838 -127 2978
1456 -976 -5847 3563 -5577 3559 -1171 1453 -1732 3964 69 -3247 -308 -6284 -1843 -5684 -6003 6861 -7986 700 1431 -668 2259 -980 1219 -5068 108 -8548 -5061 3617 -3615 4247 -4928 275 6479 1566 1347 214 -3501 123 6888 5209 279 -4012 10652 -1856 -1885 84 -761 -6459 -510 8186 5440 731 -3022 2263 -4561 165 2011 1005 2586 5991 716 5378
-31 -540 -5336 2478 -7570 4716 -980 -1700 -3212 1479 2425 -4639 -6961 -2113 -6275 -3145 484 1296 -8992 3365 1042 2054 2756 -819 3289 -4772 -3434 -5379 -4403 1766 -344 735 -4386 1890 2097 2403 2776 3524 1802 -2707 11152 4409 -508 -190 9043 460 -2427 3630 -412 -4945 2707 6807 5277 -3484 -6151 -442 -6489 -1987 2969 3132 1006 8176 409 3221
798 -145 -5945 1687 -7379 5361 -1028 -1495 -3613 990 1825 -4350 -7001 -2127 -5595 -2541 -244 1080 -9054 3081 577 1197 2770 -1221 2855 -5016 -2761 -5545 -4035 1437 -310 470 -5053 2290 2647 1811 2729 3591 1039 -2318 10923 5030 -200 -211 9344 -50 -1916 3572 -92 -4610 3126 7008 5791 -3385 -6528 -151 -6397 -1777 3842 3564 967 7838 -127 2978
798 -145 -5945 1687 -7379 5361 -1028 -1495 -3613 990 1825 -4350 -7001 -2127 -5595 -2541 -244 1080 -9054 3081 577 1197 2770 -1221 2855 -5016 -2761 -5545 -4035 1437 -310 470 -5053 2290 2647 1811 2729 3591 1039 -2318 10923 5030 -200 -211 9344 -50 -1916 3572 -92 -4610 3126 7008 5791 -3385 -6528 -151 -6397 -1777 3842 3564 967 7838 -127 2978
798 -145 -5945 1687 -7379 5361 -1028 -1495 -3613 990 1825 -4350 -7001 -2127 -5595 -2541 -244 1080 -9054 3081 577 1197 2770 -1221 2855 -5016 -2761 -5545 -4035 1437 -310 470 -5053 2290 2647 1811 2729 3591 1039 -2318 10923 5030 -200 -211 9344 -50 -1916 3572 -92 -4610 3126 7008 5791 -3385 -6528 -151 -6397 -1777 3842 3564 967 7838 -127 2978
798 -145 -5945 1687 -7379 5361 -1028 -1495 -3613 990 1825 -4350 -7001 -2127 -5595 -2541 -244 1080 -9054 3081 577 1197 2770 -1221 2855 -5016 -2761 -5545 -4035 1437 -310 470 -5053 2290 2647 1811 2729 3591 1039 -2318 10923 5030 -200 -211 9344 -50 -1916 3572 -92 -4610 3126 7008 5791 -3385 -6528 -151 -6397 -1777 3842 3564 967 7838 -127 2978
3306 -159 -7950 1193 -7811 2843 -2411 -5378 -2215 3912 2851 -4431 -3245 -621 -6408 -3458 306 1541 -6194 4415 -933 1836 1401 -876 2667 -3461 -2377 -8206 -4608 1638 -2197 2913 -253 1115 2664 742 5190 805 -1269 -951 11002 7598 -581 -1679 6898 -2543 -3718 1478 -359 -2367 509 6241 4326 -3049 -3482 -2339 -6308 -2714 2502 1347 2488 9223 2386 7216
-634 -168 -3408 3721 -8682 2169 1385 -2756 -4285 3926 2609 -4411 -4505 -1804 -6390 -4341 489 2190 -8103 6680 3864 5206 -720 378 2806 -3854 -3957 -3410 -4003 2551 -1701 1089 -2942 -1808 522 170 3322 5026 1745 -5044 8437 4232 -3515 -982 7987 110 -3934 2887 -809 -7005 2653 7537 3557 -1396 -2932 2623 -5602 -846 -1109 5501 -656 9152 -2662 3846
798 -145 -5945 1687 -7379 5361 -1028 -1495 -3613 990 1825 -4350 -7001 -2127 -5595 -2541 -244 1080 -9054 3081 577 1197 2770 -1221 2855 -5016 -2761 -5545 -4035 1437 -310 470 -5053 2290 2647 1811 2729 3591 1039 -2318 10923 5030 -200 -211 9344 -50 -1916 3572 -92 -4610 3126 7008 5791 -3385 -6528 -151 -6397 -1777 3842 3564 967 7838 -127 2978
798 -145 -5945 1687 -7379 5361 -1028 -1495 -3613 990 1825 -4350 -7001 -2127 -5595 -2541 -244 1080 -9054 3081 577 1197 2770 -1221 2855 -5016 -2761 -5545 -4035 1437 -310 470 -5053 2290 2647 1811 2729 3591 1039 -2318 10923 5030 -200 -211 9344 -50 -1916 3572 -92 -4610 3126 7008 5791 -3385 -6528 -151 -6397 -1777 3842 3564 967 7838 -127 2978
798 -145 -5945 1687 -7379 5361 -1028 -1495 -3613 990 1825 -4350 -7001 -2127 -5595 -2541 -244 1080 -9054 3081 577 1197 2770 -1221 2855 -5016 -2761 -5545 -4035 1437 -310 470 -5053 2290 2647 1811 2729 3591 1039 -2318 10923 5030 -200 -211 9344 -50 -1916 3572 -92 -4610 3126 7008 5791 -3385 -6528 -151 -6397 -1777 3842 3564 967 7838 -127 2978
798 -145 -5945 1687 -7379 5361 -1028 -1495 -3613 990 1825 -4350 -7001 -2127 -5595 -2541 -244 1080 -9054 3081 577 1197 2770 -1221 2855 -5016 -2761 -5545 -4035 1437 -310 470 -5053 2290 2647 1811 2729 3591 1039 -2318 10923 5030 -200 -211 9344 -50 -1916 3572 -92 -4610 3126 7008 5791 -3385 -6528 -151 -6397 -1777 3842 3564 967 7838 -127 2978
1750 -104 -6847 1440 -7747 4421 -1694 -2342 -3508 1704 3010 -4928 -6340 -1212 -6117 -2349 723 1305 -8532 3905 155 1959 2204 -1305 2992 -4964 -3138 -6596 -4054 1094 186 700 -3919 1458 2070 958 3463 3660 649 -2047 11152 5384 732 -106 8731 -163 -2648 3097 -934 -3496 2156 7089 5703 -3164 -5841 -672 -6758 -2123 3589 3301 1181 7909 312 3504
1299 -416 -4971 4233 -6953 3930 339 1042 -4348 3599 1536 -3798 -1231 -5204 -2446 -5388 -5207 6168 -8771 4182 3191 1180 97 -569 718 -5327 -1051 -7704 -3634 2298 -2001 3008 -6431 -483 4406 -1280 1838 2523 -1784 -2410 5857 4859 -375 -3291 10931 -913 -2185 751 -173 -6617 -23 9280 5422 542 -2116 4331 -4227 442 1655 3618 547 6455 -2972 4023
632 -266 -5801 2011 -7424 5215 -1081 -1539 -3440 1084 2142 -4437 -7073 -2174 -5792 -2803 -35 1190 -8988 3134 700 1419 2855 -1155 3045 -4917 -2969 -5562 -4251 1542 -264 605 -4880 2223 2387 2013 2693 3522 1404 -2416 10970 4836 -200 -171 9210 12 -2072 3645 -147 -4773 2868 6918 5719 -3569 -6359 -294 -6370 -1790 3611 3304 1051 7973 123 2962
798 -145 -5945 1687 -7379 5361 -1028 -1495 -3613 990 1825 -4350 -7001 -2127 -5595 -2541 -244 1080 -9054 3081 577 1197 2770 -1221 2855 -5016 -2761 -5545 -4035 1437 -310 470 -5053 2290 2647 1811 2729 3591 1039 -2318 10923 5030 -200 -211 9344 -50 -1916 3572 -92 -4610 3126 7008 5791 -3385 -6528 -151 -6397 -1777 3842 3564 967 7838 -127 2978
798 -145 -5945 1687 -7379 5361 -1028 -1495 -3613 990 1825 -4350 -7001 -2127 -5595 -2541 -244 1080 -9054 3081 577 1197 2770 -1221 2855 -5016 -2761 -5545 -4035 1437 -310 470 -5053 2290 2647 1811 2729 3591 1039 -2318 10923 5030 -200 -211 9344 -50 -1916 3572 -92 -4610 3126 7008 5791 -3385 -6528 -151 -6397 -1777 3842 3564 967 7838 -127 2978
798 -145 -5945 1687 -7379 5361 -1028 -1495 -3613 990 1825 -4350 -7001 -2127 -5595 -2541 -244 1080 -9054 3081 577 1197 2770 -1221 2855 -5016 -2761 -5545 -4035 1437 -310 470 -5053 2290 2647 1811 2729 3591 1039 -2318 10923 5030 -200 -211 9344 -50 -1916 3572 -92 -4610 3126 7008 5791 -3385 -6528 -151 -6397 -1777 3842 3564 967 7838 -127 2978
798 -145 -5945 1687 -7379 5361 -1028 -1495 -3613 990 1825 -4350 -7001 -2127 -5595 -2541 -244 1080 -9054 3081 577 1197 2770 -1221 2855 -5016 -2761 -5545 -4035 1437 -310 470 -5053 2290 2647 1811 2729 3591 1039 -2318 10923 5030 -200 -211 9344 -50 -1916 3572 -92 -4610 3126 7008 5791 -3385 -6528 -151 -6397 -1777 3842 3564 967 7838 -127 2978
83 201 -6121 2691 -7926 3546 -2553 -2416 288 3037 -1978 -3376 -1943 -5282 -5840 -5146 -803 3519 -8934 613 -342 1882 4504 -108 5208 -3242 -974 -6789 -5442 4145 -2237 2582 -3115 1628 3738 1503 2089 1150 -1602 342 11011 4161 -1294 -2205 8644 1196 -3184 -1197 -792 -5945 956 7491 6834 -1220 -4039 -558 -6277 -708 1655 3311 559 7048 3242 4726
-1690 -1247 -2053 4207 -8110 3278 2092 -2763 -3257 3377 1276 -5482 -5750 -1350 -7554 -4941 1558 3299 -7830 5980 3723 6162 161 869 3277 -3810 -3800 -2424 -3747 2370 -3305 927 -2065 -1106 -83 1178 3715 4696 1018 -4236 8340 3237 -4309 -985 8519 292 -3652 2016 -1110 -7462 1493 6113 3949 -1896 -2739 2753 -5561 168 -1464 3913 -1026 9300 -1723 5272
798 -145 -5945 1687 -7379 5361 -1028 -1495 -3613 990 1825 -4350 -7001 -2127 -5595 -2541 -244 1080 -9054 3081 577 1197 2770 -1221 2855 -5016 -2761 -5545 -4035 1437 -310 470 -5053 2290 2647 1811 2729 3591 1039 -2318 10923 5030 -200 -211 9344 -50 -1916 3572 -92 -4610 3126 7008 5791 -3385 -6528 -151 -6397 -1777 3842 3564 967 7838 -127 2978
798 -145 -5945 1687 -7379 5361 -1028 -1495 -3613 990 1825 -4350 -7001 -2127 -5595 -2541 -244 1080 -9054 3081 577 1197 2770 -1221 2855 -5016 -2761 -5545 -4035 1437 -310 470 -5053 2290 2647 1811 2729 3591 1039 -2318 10923 5030 -200 -211 9344 -50 -1916 3572 -92 -4610 3126 7008 5791 -3385 -6528 -151 -6397 -1777 3842 3564 967 7838 -127 2978
798 -145 -5945 1687 -7379 5361 -1028 -1495 -3613 990 1825 -4350 -7001 -2127 -5595 -2541 -244 1080 -9054 3081 577 1197 2770 -1221 2855 -5016 -2761 -5545 -4035 1437 -310 470 -5053 2290 2647 1811 2729 3591 1039 -2318 10923 5030 -200 -211 9344 -50 -1916 3572 -92 -4610 3126 7008 5791 -3385 -6528 -151 -6397 -1777 3842 3564 967 7838 -127 2978
