2722 -573 -2763 1000 -8505 3317 1356 -269 -3604 2837 158 -3758 -2265 -6092 -5560 -2683 -3648 4304 -9532 4941 6448 4151 -835 1519 626 -1196 -1493 -7225 -4357 3785 -1147 -712 -1446 -1597 3090 335 4001 3778 -593 -4644 7718 4086 407 -2015 6531 -295 -4902 3877 -4078 -6286 -1513 4879 4221 1653 -2707 2085 -5987 -2231 -410 2855 -362 10379 775 7444
2402 -358 -3037 -835 -8520 6212 231 55 -4356 -1633 -599 -3086 -6632 -4631 -6327 -206 -2230 1272 -11025 3108 3971 2418 898 433 872 -2042 -1342 -5189 -4177 2323 742 -2798 -3498 1457 2983 1220 4317 4590 541 -4196 9653 4758 2015 -567 6820 1115 -2099 6369 -2557 -4595 1650 4240 6037 -746 -6212 55 -6270 -1981 3758 4640 -1101 8466 -406 3633
2402 -358 -3037 -835 -8520 6212 231 55 -4356 -1633 -599 -3086 -6632 -4631 -6327 -206 -2230 1272 -11025 3108 3971 2418 898 433 872 -2042 -1342 -5189 -4177 2323 742 -2798 -3498 1457 2983 1220 4317 4590 541 -4196 9653 4758 2015 -567 6820 1115 -2099 6369 -2557 -4595 1650 4240 6037 -746 -6212 55 -6270 -1981 3758 4640 -1101 8466 -406 3633
2402 -358 -3037 -835 -8520 6212 231 55 -4356 -1633 -599 -3086 -6632 -4631 -6327 -206 -2230 1272 -11025 3108 3971 2418 898 433 872 -2042 -1342 -5189 -4177 2323 742 -2798 -3498 1457 2983 1220 4317 4590 541 -4196 9653 4758 2015 -567 6820 1115 -2099 6369 -2557 -4595 1650 4240 6037 -746 -6212 55 -6270 -1981 3758 4640 -1101 8466 -406 3633
2402 -358 -3037 -835 -8520 6212 231 55 -4356 -1633 -599 -3086 -6632 -4631 -6327 -206 -2230 1272 -11025 3108 3971 2418 898 433 872 -2042 -1342 -5189 -4177 2323 742 -2798 -3498 1457 2983 1220 4317 4590 541 -4196 9653 4758 2015 -567 6820 1115 -2099 6369 -2557 -4595 1650 4240 6037 -746 -6212 55 -6270 -1981 3758 4640 -1101 8466 -406 3633
2402 -358 -3037 -835 -8520 6212 231 55 -4356 -1633 -599 -3086 -6632 -4631 -6327 -206 -2230 1272 -11025 3108 3971 2418 898 433 872 -2042 -1342 -5189 -4177 2323 742 -2798 -3498 1457 2983 1220 4317 4590 541 -4196 9653 4758 2015 -567 6820 1115 -2099 6369 -2557 -4595 1650 4240 6037 -746 -6212 55 -6270 -1981 3758 4640 -1101 8466 -406 3633
2402 -358 -3037 -835 -8520 6212 231 55 -4356 -1633 -599 -3086 -6632 -4631 -6327 -206 -2230 1272 -11025 3108 3971 2418 898 433 872 -2042 -1342 -5189 -4177 2323 742 -2798 -3498 1457 2983 1220 4317 4590 541 -4196 9653 4758 2015 -567 6820 1115 -2099 6369 -2557 -4595 1650 4240 6037 -746 -6212 55 -6270 -1981 3758 4640 -1101 8466 -406 3633
2402 -358 -3037 -835 -8520 6212 231 55 -4356 -1633 -599 -3086 -6632 -4631 -6327 -206 -2230 1272 -11025 3108 3971 2418 898 433 872 -2042 -1342 -5189 -4177 2323 742 -2798 -3498 1457 2983 1220 4317 4590 541 -4196 9653 4758 2015 -567 6820 1115 -2099 6369 -2557 -4595 1650 4240 6037 -746 -6212 55 -6270 -1981 3758 4640 -1101 8466 -406 3633
2402 -358 -3037 -835 -8520 6212 231 55 -4356 -1633 -599 -3086 -6632 -4631 -6327 -206 -2230 1272 -11025 3108 3971 2418 898 433 872 -2042 -1342 -5189 -4177 2323 742 -2798 -3498 1457 2983 1220 4317 4590 541 -4196 9653 4758 2015 -567 6820 1115 -2099 6369 -2557 -4595 1650 4240 6037 -746 -6212 55 -6270 -1981 3758 4640 -1101 8466 -406 3633
3754 -124 -4256 -1076 -8826 5363 -303 -860 -4723 -393 1289 -3485 -5961 -3293 -6448 10 -1552 1478 -10352 4106 3373 3337 -273 257 764 -2319 -1774 -6400 -4006 1250 1055 -2350 -1747 372 3055 337 5020 4316 -336 -4412 9536 5659 3037 -680 6218 87 -3394 6832 -3522 -3257 1014 4045 5337 -1065 -5282 -637 -6541 -2350 3900 3741 -307 8852 97 4815
3978 -330 -3735 -239 -9089 5102 -1275 -38 -5670 -865 1444 -2540 -5017 -5190 -5547 939 -3206 1207 -10694 4220 4419 1951 86 -154 -48 -2017 -1740 -6515 -3288 1968 1159 -2427 -2875 1243 3211 755 3850 4341 666 -5377 8740 5257 3017 -318 6775 439 -2708 6821 -1846 -4342 1799 4244 4836 3 -6149 163 -5264 -3029 4064 4707 -237 8763 -1873 3477
2402 -358 -3037 -835 -8520 6212 231 55 -4356 -1633 -599 -3086 -6632 -4631 -6327 -206 -2230 1272 -11025 3108 3971 2418 898 433 872 -2042 -1342 -5189 -4177 2323 742 -2798 -3498 1457 2983 1220 4317 4590 541 -4196 9653 4758 2015 -567 6820 1115 -2099 6369 -2557 -4595 1650 4240 6037 -746 -6212 55 -6270 -1981 3758 4640 -1101 8466 -406 3633
2402 -358 -3037 -835 -8520 6212 231 55 -4356 -1633 -599 -3086 -6632 -4631 -6327 -206 -2230 1272 -11025 3108 3971 2418 898 433 872 -2042 -1342 -5189 -4177 2323 742 -2798 -3498 1457 2983 1220 4317 4590 541 -4196 9653 4758 2015 -567 6820 1115 -2099 6369 -2557 -4595 1650 4240 6037 -746 -6212 55 -6270 -1981 3758 4640 -1101 8466 -406 3633
2402 -358 -3037 -835 -8520 6212 231 55 -4356 -1633 -599 -3086 -6632 -4631 -6327 -206 -2230 1272 -11025 3108 3971 2418 898 433 872 -2042 -1342 -5189 -4177 2323 742 -2798 -3498 1457 2983 1220 4317 4590 541 -4196 9653 4758 2015 -567 6820 1115 -2099 6369 -2557 -4595 1650 4240 6037 -746 -6212 55 -6270 -1981 3758 4640 -1101 8466 -406 3633
2402 -358 -3037 -835 -8520 6212 231 55 -4356 -1633 -599 -3086 -6632 -4631 -6327 -206 -2230 1272 -11025 3108 3971 2418 898 433 872 -2042 -1342 -5189 -4177 2323 742 -2798 -3498 1457 2983 1220 4317 4590 541 -4196 9653 4758 2015 -567 6820 1115 -2099 6369 -2557 -4595 1650 4240 6037 -746 -6212 55 -6270 -1981 3758 4640 -1101 8466 -406 3633
2402 -358 -3037 -835 -8520 6212 231 55 -4356 -1633 -599 -3086 -6632 -4631 -6327 -206 -2230 1272 -11025 3108 3971 2418 898 433 872 -2042 -1342 -5189 -4177 2323 742 -2798 -3498 1457 2983 1220 4317 4590 541 -4196 9653 4758 2015 -567 6820 1115 -2099 6369 -2557 -4595 1650 4240 6037 -746 -6212 55 -6270 -1981 3758 4640 -1101 8466 -406 3633
1088 -1223 -2295 562 -8492 4884 -835 2008 -2428 314 -1550 -2471 -3511 -5825 -5211 -2350 -3682 3970 -13001 2087 3064 2555 1061 2198 2555 -1905 106 -6113 -5359 2965 1728 -873 -3350 -281 5960 91 1923 3365 -1456 -4756 7246 3057 2804 -2751 8076 3132 -4484 5186 -2758 -4529 2119 5897 6533 -1130 -5551 601 -6304 -1015 4130 5486 -494 5698 611 2923
-650 -2264 -564 3862 -8175 3868 211 796 -1715 1170 -1471 -3770 -3229 -5733 -5891 -5238 -2876 6885 -12824 3086 6107 6761 65 2708 4704 -1554 -445 -3786 -4789 2852 -1035 475 -511 -1295 2610 586 1381 5110 -1311 -4395 6143 927 516 -3114 6495 1856 -5952 4109 -1901 -6990 -438 4417 5740 -1426 -2385 1614 -4662 884 -1151 4417 -1410 8089 -187 4691
-1389 -2378 246 2881 -8237 3857 1885 140 -1807 1542 -3864 -3500 -2374 -5746 -6969 -4578 -2253 5815 -10958 3212 6335 7195 13 2298 3443 -630 -453 -2893 -3790 3617 -3324 123 308 -1536 2490 1538 2395 4532 -1709 -3624 7528 1505 -1478 -3442 6052 1867 -4539 2351 -2969 -7278 -708 4311 5269 1193 -2489 1822 -6186 835 -2424 4504 -2467 8651 -553 6797
-132 -2343 -1158 2176 -8983 3207 508 -2594 -1666 3303 -2343 -4181 -191 -4338 -7684 -5530 -1452 5991 -9198 4906 5654 8131 -1188 2722 2555 428 -295 -4611 -4293 3665 -2396 1082 2260 -2287 2592 -130 3993 3924 -2669 -3003 7240 2184 -861 -4699 4471 1720 -5307 1318 -3656 -5140 -2397 3652 5087 1607 -75 515 -6286 -80 -3477 3357 -2037 8871 1444 8114
1283 252 -1897 156 -9749 3059 1579 -1235 -5049 2006 912 -2709 -3586 -4358 -7073 -1422 -1493 697 -9545 5830 5708 4847 -1515 1311 185 -589 -2541 -4400 -4651 3484 440 -1839 -2792 -1934 1643 753 4764 4724 1862 -6265 9192 4687 -516 -954 5566 1424 -3134 5970 -3874 -6237 1954 5638 3980 1631 -3698 966 -6355 -2342 372 5927 -1512 8705 -1857 3610
2402 -358 -3037 -835 -8520 6212 231 55 -4356 -1633 -599 -3086 -6632 -4631 -6327 -206 -2230 1272 -11025 3108 3971 2418 898 433 872 -2042 -1342 -5189 -4177 2323 742 -2798 -3498 1457 2983 1220 4317 4590 541 -4196 9653 4758 2015 -567 6820 1115 -2099 6369 -2557 -4595 1650 4240 6037 -746 -6212 55 -6270 -1981 3758 4640 -1101 8466 -406 3633
2402 -358 -3037 -835 -8520 6212 231 55 -4356 -1633 -599 -3086 -6632 -4631 -6327 -206 -2230 1272 -11025 3108 3971 2418 898 433 872 -2042 -1342 -5189 -4177 2323 742 -2798 -3498 1457 2983 1220 4317 4590 541 -4196 9653 4758 2015 -567 6820 1115 -2099 6369 -2557 -4595 1650 4240 6037 -746 -6212 55 -6270 -1981 3758 4640 -1101 8466 -406 3633
2402 -358 -3037 -835 -8520 6212 231 55 -4356 -1633 -599 -3086 -6632 -4631 -6327 -206 -2230 1272 -11025 3108 3971 2418 898 433 872 -2042 -1342 -5189 -4177 2323 742 -2798 -3498 1457 2983 1220 4317 4590 541 -4196 9653 4758 2015 -567 6820 1115 -2099 6369 -2557 -4595 1650 4240 6037 -746 -6212 55 -6270 -1981 3758 4640 -1101 8466 -406 3633
2402 -358 -3037 -835 -8520 6212 231 55 -4356 -1633 -599 -3086 -6632 -4631 -6327 -206 -2230 1272 -11025 3108 3971 2418 898 433 872 -2042 -1342 -5189 -4177 2323 742 -2798 -3498 1457 2983 1220 4317 4590 541 -4196 9653 4758 2015 -567 6820 1115 -2099 6369 -2557 -4595 1650 4240 6037 -746 -6212 55 -6270 -1981 3758 4640 -1101 8466 -406 3633
2402 -358 -3037 -835 -8520 6212 231 55 -4356 -1633 -599 -3086 -6632 -4631 -6327 -206 -2230 1272 -11025 3108 3971 2418 898 433 872 -2042 -1342 -5189 -4177 2323 742 -2798 -3498 1457 2983 1220 4317 4590 541 -4196 9653 4758 2015 -567 6820 1115 -2099 6369 -2557 -4595 1650 4240 6037 -746 -6212 55 -6270 -1981 3758 4640 -1101 8466 -406 3633
2946 -1116 -3265 1084 -6988 4639 -3 2653 -2672 1293 -2034 -2251 -654 -8385 -2960 -3299 -7427 6617 -10168 983 4569 682 604 554 -449 -2398 1164 -8131 -5223 4328 -2377 891 -3611 -298 6570 1057 3007 1525 -3577 -1872 6312 5062 2337 -4075 8403 -625 -2118 3040 -3006 -6441 -1544 5668 5845 2828 -3169 2277 -4757 -220 2158 2288 553 6906 394 5874
1675 -712 -2488 -143 -8719 5655 279 -121 -4012 -1212 -75 -3348 -6611 -4642 -6953 -735 -1593 1470 -11006 3368 4411 3194 878 801 1255 -1818 -1942 -5053 -4517 2627 719 -2582 -2905 1099 2501 1748 4377 4547 1223 -4562 9876 4214 1755 -551 6557 1578 -2562 6450 -2859 -4908 1274 4060 5593 -825 -5890 -203 -6368 -2174 2986 4270 -1078 8791 71 3862
2402 -358 -3037 -835 -8520 6212 231 55 -4356 -1633 -599 -3086 -6632 -4631 -6327 -206 -2230 1272 -11025 3108 3971 2418 898 433 872 -2042 -1342 -5189 -4177 2323 742 -2798 -3498 1457 2983 1220 4317 4590 541 -4196 9653 4758 2015 -567 6820 1115 -2099 6369 -2557 -4595 1650 4240 6037 -746 -6212 55 -6270 -1981 3758 4640 -1101 8466 -406 3633
2402 -358 -3037 -835 -8520 6212 231 55 -4356 -1633 -599 -3086 -6632 -4631 -6327 -206 -2230 1272 -11025 3108 3971 2418 898 433 872 -2042 -1342 -5189 -4177 2323 742 -2798 -3498 1457 2983 1220 4317 4590 541 -4196 9653 4758 2015 -567 6820 1115 -2099 6369 -2557 -4595 1650 4240 6037 -746 -6212 55 -6270 -1981 3758 4640 -1101 8466 -406 3633
2402 -358 -3037 -835 -8520 6212 231 55 -4356 -1633 -599 -3086 -6632 -4631 -6327 -206 -2230 1272 -11025 3108 3971 2418 898 433 872 -2042 -1342 -5189 -4177 2323 742 -2798 -3498 1457 2983 1220 4317 4590 541 -4196 9653 4758 2015 -567 6820 1115 -2099 6369 -2557 -4595 1650 4240 6037 -746 -6212 55 -6270 -1981 3758 4640 -1101 8466 -406 3633
2402 -358 -3037 -835 -8520 6212 231 55 -4356 -1633 -599 -3086 -6632 -4631 -6327 -206 -2230 1272 -11025 3108 3971 2418 898 433 872 -2042 -1342 -5189 -4177 2323 742 -2798 -3498 1457 2983 1220 4317 4590 541 -4196 9653 4758 2015 -567 6820 1115 -2099 6369 -2557 -4595 1650 4240 6037 -746 -6212 55 -6270 -1981 3758 4640 -1101 8466 -406 3633
4834 -395 -4883 -1401 -9242 4134 -995 -3458 -3245 912 243 -3220 -3394 -3486 -7303 -975 -1864 1749 -8827 4432 2829 3120 -389 812 667 -591 -994 -7792 -4847 2614 -927 -760 833 398 3106 270 6778 2213 -1574 -3153 9991 7261 1806 -1935 4723 -1097 -3830 4778 -2979 -2674 -744 3582 4907 -382 -3606 -1947 -6391 -2916 2660 2800 180 10044 1874 7667
875 -346 -1133 1350 -9474 3176 2223 -1293 -4825 1381 446 -3296 -4389 -3963 -6893 -2144 -1266 2231 -9819 6312 6420 5854 -1999 1658 1108 -1407 -2604 -3288 -4108 3190 -657 -1768 -1797 -2123 1004 -185 4596 5710 1249 -6352 7524 4041 -1285 -1208 5900 1085 -3875 5325 -2832 -6729 1417 5069 3947 687 -2979 2526 -5528 -1102 -716 6191 -2260 9497 -2642 4298
2402 -358 -3037 -835 -8520 6212 231 55 -4356 -1633 -599 -3086 -6632 -4631 -6327 -206 -2230 1272 -11025 3108 3971 2418 898 433 872 -2042 -1342 -5189 -4177 2323 742 -2798 -3498 1457 2983 1220 4317 4590 541 -4196 9653 4758 2015 -567 6820 1115 -2099 6369 -2557 -4595 1650 4240 6037 -746 -6212 55 -6270 -1981 3758 4640 -1101 8466 -406 3633
2402 -358 -3037 -835 -8520 6212 231 55 -4356 -1633 -599 -3086 -6632 -4631 -6327 -206 -2230 1272 -11025 3108 3971 2418 898 433 872 -2042 -1342 -5189 -4177 2323 742 -2798 -3498 1457 2983 1220 4317 4590 541 -4196 9653 4758 2015 -567 6820 1115 -2099 6369 -2557 -4595 1650 4240 6037 -746 -6212 55 -6270 -1981 3758 4640 -1101 8466 -406 3633
2402 -358 -3037 -835 -8520 6212 231 55 -4356 -1633 -599 -3086 -6632 -4631 -6327 -206 -2230 1272 -11025 3108 3971 2418 898 433 872 -2042 -1342 -5189 -4177 2323 742 -2798 -3498 1457 2983 1220 4317 4590 541 -4196 9653 4758 2015 -567 6820 1115 -2099 6369 -2557 -4595 1650 4240 6037 -746 -6212 55 -6270 -1981 3758 4640 -1101 8466 -406 3633
2402 -358 -3037 -835 -8520 6212 231 55 -4356 -1633 -599 -3086 -6632 -4631 -6327 -206 -2230 1272 -11025 3108 3971 2418 898 433 872 -2042 -1342 -5189 -4177 2323 742 -2798 -3498 1457 2983 1220 4317 4590 541 -4196 9653 4758 2015 -567 6820 1115 -2099 6369 -2557 -4595 1650 4240 6037 -746 -6212 55 -6270 -1981 3758 4640 -1101 8466 -406 3633
3272 -325 -3848 -1069 -8897 5403 -362 -699 -4286 -1008 450 -3613 -6069 -3843 -6825 -25 -1380 1481 -10615 3859 3623 3116 388 365 996 -1998 -1683 -6154 -4216 2031 1194 -2616 -2494 715 2482 462 5003 4677 193 -3982 9896 5097 2867 -475 6295 1023 -2766 5988 -3329 -3622 784 4322 5986 -543 -5626 -408 -6623 -2300 3548 4429 -921 8571 -15 4123
2638 -572 -2591 1855 -8003 4811 1292 2142 -4935 1126 -507 -2785 -1459 -7090 -3375 -3142 -6455 5876 -10533 4116 5857 2260 -1262 812 -770 -2787 8 -7243 -3816 2994 -951 -11 -5008 -940 4551 -1518 3277 3503 -1940 -4001 5292 4659 1547 -3335 8664 157 -2333 3383 -2246 -6472 -996 6743 5687 2452 -2276 4120 -4350 66 1779 4529 -1164 7130 -2949 4492
2264 -467 -2904 -556 -8581 6096 188 21 -4213 -1561 -325 -3166 -6708 -4690 -6518 -433 -2054 1374 -10994 3160 4099 2623 969 498 1037 -1948 -1527 -5213 -4378 2424 788 -2693 -3346 1396 2759 1400 4299 4540 866 -4299 9708 4593 2026 -533 6706 1176 -2243 6457 -2619 -4750 1418 4159 5984 -904 -6072 -71 -6258 -1996 3558 4419 -1035 8604 -184 3629
2402 -358 -3037 -835 -8520 6212 231 55 -4356 -1633 -599 -3086 -6632 -4631 -6327 -206 -2230 1272 -11025 3108 3971 2418 898 433 872 -2042 -1342 -5189 -4177 2323 742 -2798 -3498 1457 2983 1220 4317 4590 541 -4196 9653 4758 2015 -567 6820 1115 -2099 6369 -2557 -4595 1650 4240 6037 -746 -6212 55 -6270 -1981 3758 4640 -1101 8466 -406 3633
2402 -358 -3037 -835 -8520 6212 231 55 -4356 -1633 -599 -3086 -6632 -4631 -6327 -206 -2230 1272 -11025 3108 3971 2418 898 433 872 -2042 -1342 -5189 -4177 2323 742 -2798 -3498 1457 2983 1220 4317 4590 541 -4196 9653 4758 2015 -567 6820 1115 -2099 6369 -2557 -4595 1650 4240 6037 -746 -6212 55 -6270 -1981 3758 4640 -1101 8466 -406 3633
2402 -358 -3037 -835 -8520 6212 231 55 -4356 -1633 -599 -3086 -6632 -4631 -6327 -206 -2230 1272 -11025 3108 3971 2418 898 433 872 -2042 -1342 -5189 -4177 2323 742 -2798 -3498 1457 2983 1220 4317 4590 541 -4196 9653 4758 2015 -567 6820 1115 -2099 6369 -2557 -4595 1650 4240 6037 -746 -6212 55 -6270 -1981 3758 4640 -1101 8466 -406 3633
2402 -358 -3037 -835 -8520 6212 231 55 -4356 -1633 -599 -3086 -6632 -4631 -6327 -206 -2230 1272 -11025 3108 3971 2418 898 433 872 -2042 -1342 -5189 -4177 2323 742 -2798 -3498 1457 2983 1220 4317 4590 541 -4196 9653 4758 2015 -567 6820 1115 -2099 6369 -2557 -4595 1650 4240 6037 -746 -6212 55 -6270 -1981 3758 4640 -1101 8466 -406 3633
1788 -47 -3283 79 -9196 4688 -1163 -795 -888 216 -4059 -2276 -2167 -7587 -6687 -2605 -2767 3515 -11150 924 3187 3107 2513 1461 3055 -498 254 -6446 -5553 4841 -1009 -905 -1824 889 4041 957 3810 2472 -1840 -1835 9976 4067 1054 -2405 6342 2264 -3307 2109 -3215 -5923 -284 4793 7119 1198 -4087 -306 -6304 -1045 1841 4492 -1473 7920 2665 5292
-56 -1319 114 1762 -8993 4198 2880 -1282 -3918 855 -782 -4258 -5522 -3593 -7970 -2665 -333 3241 -9621 5697 6349 6733 -1225 2114 1511 -1335 -2453 -2403 -3886 3043 -2090 -1956 -996 -1502 469 714 4976 5442 593 -5655 7452 3153 -1974 -1220 6367 1265 -3631 4576 -3130 -7164 359 3770 4314 267 -2817 2653 -5509 -191 -1041 4784 -2616 9657 -1801 5596
2402 -358 -3037 -835 -8520 6212 231 55 -4356 -1633 -599 -3086 -6632 -4631 -6327 -206 -2230 1272 -11025 3108 3971 2418 898 433 872 -2042 -1342 -5189 -4177 2323 742 -2798 -3498 1457 2983 1220 4317 4590 541 -4196 9653 4758 2015 -567 6820 1115 -2099 6369 -2557 -4595 1650 4240 6037 -746 -6212 55 -6270 -1981 3758 4640 -1101 8466 -406 3633
2402 -358 -3037 -835 -8520 6212 231 55 -4356 -1633 -599 -3086 -6632 -4631 -6327 -206 -2230 1272 -11025 3108 3971 2418 898 433 872 -2042 -1342 -5189 -4177 2323 742 -2798 -3498 1457 2983 1220 4317 4590 541 -4196 9653 4758 2015 -567 6820 1115 -2099 6369 -2557 -4595 1650 4240 6037 -746 -6212 55 -6270 -1981 3758 4640 -1101 8466 -406 3633
2402 -358 -3037 -835 -8520 6212 231 55 -4356 -1633 -599 -3086 -6632 -4631 -6327 -206 -2230 1272 -11025 3108 3971 2418 898 433 872 -2042 -1342 -5189 -4177 2323 742 -2798 -3498 1457 2983 1220 4317 4590 541 -4196 9653 4758 2015 -567 6820 1115 -2099 6369 -2557 -4595 1650 4240 6037 -746 -6212 55 -6270 -1981 3758 4640 -1101 8466 -406 3633
