80 83 83 83 83 83 83 83 83 84 87 83 83 83 83 83 74 80 78 78 69 83 83 83 83 83 70 82 83 83 83 83 76 79 83 83 83 83 86 83 83 83 83 83 83 73 88 83 83 83
78 84 84 84 84 84 84 84 84 83 88 84 84 84 84 84 75 73 73 67 69 84 84 84 84 84 76 80 84 84 84 84 73 77 84 84 84 84 83 86 83 84 84 84 84 73 82 84 84 84
78 84 84 84 84 84 84 84 84 83 88 84 84 84 84 84 75 73 73 67 69 84 84 84 84 84 76 80 84 84 84 84 73 77 84 84 84 84 83 86 83 84 84 84 84 73 82 84 84 84
78 84 84 84 84 84 84 84 84 83 88 84 84 84 84 84 75 73 73 67 69 84 84 84 84 84 76 80 84 84 84 84 73 77 84 84 84 84 83 86 83 84 84 84 84 73 82 84 84 84
78 84 84 84 84 84 84 84 84 83 88 84 84 84 84 84 75 73 73 67 69 84 84 84 84 84 76 80 84 84 84 84 73 77 84 84 84 84 83 86 83 84 84 84 84 73 82 84 84 84
78 84 84 84 84 84 84 84 84 83 88 84 84 84 84 84 75 73 73 67 69 84 84 84 84 84 76 80 84 84 84 84 73 77 84 84 84 84 83 86 83 84 84 84 84 73 82 84 84 84
78 84 84 84 84 84 84 84 84 83 88 84 84 84 84 84 75 73 73 67 69 84 84 84 84 84 76 80 84 84 84 84 73 77 84 84 84 84 83 86 83 84 84 84 84 73 82 84 84 84
78 84 84 84 84 84 84 84 84 83 88 84 84 84 84 84 75 73 73 67 69 84 84 84 84 84 76 80 84 84 84 84 73 77 84 84 84 84 83 86 83 84 84 84 84 73 82 84 84 84
78 84 84 84 84 84 84 84 84 83 88 84 84 84 84 84 75 73 73 67 69 84 84 84 84 84 76 80 84 84 84 84 73 77 84 84 84 84 83 86 83 84 84 84 84 73 82 84 84 84
77 84 84 84 84 84 84 84 84 84 87 84 84 84 84 84 73 72 73 69 70 84 84 84 84 84 71 80 84 84 84 84 75 80 84 84 84 84 84 84 83 84 84 84 84 71 85 84 84 84
79 84 84 84 84 84 84 84 84 83 87 84 84 84 84 84 75 75 75 73 69 84 84 84 84 84 75 80 84 84 84 84 76 78 84 84 84 84 84 87 82 84 84 84 84 75 84 84 84 84
78 84 84 84 84 84 84 84 84 83 88 84 84 84 84 84 75 73 73 67 69 84 84 84 84 84 76 80 84 84 84 84 73 77 84 84 84 84 83 86 83 84 84 84 84 73 82 84 84 84
78 84 84 84 84 84 84 84 84 83 88 84 84 84 84 84 75 73 73 67 69 84 84 84 84 84 76 80 84 84 84 84 73 77 84 84 84 84 83 86 83 84 84 84 84 73 82 84 84 84
78 84 84 84 84 84 84 84 84 83 88 84 84 84 84 84 75 73 73 67 69 84 84 84 84 84 76 80 84 84 84 84 73 77 84 84 84 84 83 86 83 84 84 84 84 73 82 84 84 84
78 84 84 84 84 84 84 84 84 83 88 84 84 84 84 84 75 73 73 67 69 84 84 84 84 84 76 80 84 84 84 84 73 77 84 84 84 84 83 86 83 84 84 84 84 73 82 84 84 84
78 84 84 84 84 84 84 84 84 83 88 84 84 84 84 84 75 73 73 67 69 84 84 84 84 84 76 80 84 84 84 84 73 77 84 84 84 84 83 86 83 84 84 84 84 73 82 84 84 84
85 82 82 82 82 82 82 82 82 82 87 82 82 82 82 82 76 81 83 78 72 82 82 82 82 82 86 79 82 82 82 82 76 81 82 82 82 82 81 92 81 82 82 82 82 75 87 82 82 82
87 82 82 82 82 82 82 82 82 84 87 82 82 82 82 82 76 87 85 86 75 82 82 82 82 82 80 82 82 82 82 82 81 83 82 82 82 82 83 84 82 82 82 82 82 76 89 82 82 82
83 82 82 82 82 82 82 82 82 83 86 82 82 82 82 82 77 85 82 81 74 82 82 82 82 82 77 83 82 82 82 82 76 81 82 82 82 82 84 84 83 82 82 82 82 75 88 82 82 82
82 82 82 82 82 82 82 82 82 83 84 82 82 82 82 82 72 86 87 87 76 82 82 82 82 82 71 82 82 82 82 82 76 86 82 82 82 82 85 82 82 82 82 82 82 75 95 82 82 82
83 83 83 83 83 83 83 83 83 84 86 83 83 83 83 83 73 78 78 78 72 83 83 83 83 83 74 81 83 83 83 83 78 81 83 83 83 83 85 86 82 83 83 83 83 75 88 83 83 83
78 84 84 84 84 84 84 84 84 83 88 84 84 84 84 84 75 73 73 67 69 84 84 84 84 84 76 80 84 84 84 84 73 77 84 84 84 84 83 86 83 84 84 84 84 73 82 84 84 84
78 84 84 84 84 84 84 84 84 83 88 84 84 84 84 84 75 73 73 67 69 84 84 84 84 84 76 80 84 84 84 84 73 77 84 84 84 84 83 86 83 84 84 84 84 73 82 84 84 84
78 84 84 84 84 84 84 84 84 83 88 84 84 84 84 84 75 73 73 67 69 84 84 84 84 84 76 80 84 84 84 84 73 77 84 84 84 84 83 86 83 84 84 84 84 73 82 84 84 84
78 84 84 84 84 84 84 84 84 83 88 84 84 84 84 84 75 73 73 67 69 84 84 84 84 84 76 80 84 84 84 84 73 77 84 84 84 84 83 86 83 84 84 84 84 73 82 84 84 84
78 84 84 84 84 84 84 84 84 83 88 84 84 84 84 84 75 73 73 67 69 84 84 84 84 84 76 80 84 84 84 84 73 77 84 84 84 84 83 86 83 84 84 84 84 73 82 84 84 84
80 83 83 83 83 83 83 83 83 83 88 83 83 83 83 83 78 85 83 78 64 83 83 83 83 83 83 80 83 83 83 83 75 74 83 83 83 83 83 88 82 83 83 83 83 77 84 83 83 83
78 84 84 84 84 84 84 84 84 83 89 84 84 84 84 84 74 74 73 68 69 84 84 84 84 84 74 80 84 84 84 84 73 78 84 84 84 84 84 86 83 84 84 84 84 72 83 84 84 84
78 84 84 84 84 84 84 84 84 83 88 84 84 84 84 84 75 73 73 67 69 84 84 84 84 84 76 80 84 84 84 84 73 77 84 84 84 84 83 86 83 84 84 84 84 73 82 84 84 84
78 84 84 84 84 84 84 84 84 83 88 84 84 84 84 84 75 73 73 67 69 84 84 84 84 84 76 80 84 84 84 84 73 77 84 84 84 84 83 86 83 84 84 84 84 73 82 84 84 84
78 84 84 84 84 84 84 84 84 83 88 84 84 84 84 84 75 73 73 67 69 84 84 84 84 84 76 80 84 84 84 84 73 77 84 84 84 84 83 86 83 84 84 84 84 73 82 84 84 84
78 84 84 84 84 84 84 84 84 83 88 84 84 84 84 84 75 73 73 67 69 84 84 84 84 84 76 80 84 84 84 84 73 77 84 84 84 84 83 86 83 84 84 84 84 73 82 84 84 84
74 85 85 85 85 85 85 85 85 84 86 85 85 85 85 85 71 73 75 71 66 85 85 85 85 85 66 80 85 85 85 85 74 78 85 85 85 85 86 81 83 85 85 85 85 72 87 85 85 85
84 83 83 83 83 83 83 83 83 84 86 83 83 83 83 83 74 80 78 80 74 83 83 83 83 83 74 82 83 83 83 83 80 82 83 83 83 83 85 83 83 83 83 83 83 75 87 83 83 83
78 84 84 84 84 84 84 84 84 83 88 84 84 84 84 84 75 73 73 67 69 84 84 84 84 84 76 80 84 84 84 84 73 77 84 84 84 84 83 86 83 84 84 84 84 73 82 84 84 84
78 84 84 84 84 84 84 84 84 83 88 84 84 84 84 84 75 73 73 67 69 84 84 84 84 84 76 80 84 84 84 84 73 77 84 84 84 84 83 86 83 84 84 84 84 73 82 84 84 84
78 84 84 84 84 84 84 84 84 83 88 84 84 84 84 84 75 73 73 67 69 84 84 84 84 84 76 80 84 84 84 84 73 77 84 84 84 84 83 86 83 84 84 84 84 73 82 84 84 84
78 84 84 84 84 84 84 84 84 83 88 84 84 84 84 84 75 73 73 67 69 84 84 84 84 84 76 80 84 84 84 84 73 77 84 84 84 84 83 86 83 84 84 84 84 73 82 84 84 84
77 84 84 84 84 84 84 84 84 83 88 84 84 84 84 84 73 73 74 68 69 84 84 84 84 84 73 80 84 84 84 84 73 79 84 84 84 84 84 85 83 84 84 84 84 72 85 84 84 84
82 82 82 82 82 82 82 82 82 82 87 82 82 82 82 82 78 84 84 81 69 82 82 82 82 82 83 81 82 82 82 82 77 78 82 82 82 82 83 87 82 82 82 82 82 78 86 82 82 82
78 84 84 84 84 84 84 84 84 83 88 84 84 84 84 84 75 73 73 67 69 84 84 84 84 84 75 80 84 84 84 84 73 77 84 84 84 84 83 86 83 84 84 84 84 72 82 84 84 84
78 84 84 84 84 84 84 84 84 83 88 84 84 84 84 84 75 73 73 67 69 84 84 84 84 84 76 80 84 84 84 84 73 77 84 84 84 84 83 86 83 84 84 84 84 73 82 84 84 84
78 84 84 84 84 84 84 84 84 83 88 84 84 84 84 84 75 73 73 67 69 84 84 84 84 84 76 80 84 84 84 84 73 77 84 84 84 84 83 86 83 84 84 84 84 73 82 84 84 84
78 84 84 84 84 84 84 84 84 83 88 84 84 84 84 84 75 73 73 67 69 84 84 84 84 84 76 80 84 84 84 84 73 77 84 84 84 84 83 86 83 84 84 84 84 73 82 84 84 84
78 84 84 84 84 84 84 84 84 83 88 84 84 84 84 84 75 73 73 67 69 84 84 84 84 84 76 80 84 84 84 84 73 77 84 84 84 84 83 86 83 84 84 84 84 73 82 84 84 84
77 83 83 83 83 83 83 83 83 81 87 83 83 83 83 83 77 81 81 72 65 83 83 83 83 83 80 80 83 83 83 83 71 76 83 83 83 83 82 90 82 83 83 83 83 75 86 83 83 83
82 83 83 83 83 83 83 83 83 85 87 83 83 83 83 83 74 79 75 76 73 83 83 83 83 83 72 83 83 83 83 83 79 80 83 83 83 83 86 81 83 83 83 83 83 74 86 83 83 83
78 84 84 84 84 84 84 84 84 83 88 84 84 84 84 84 75 73 73 67 69 84 84 84 84 84 76 80 84 84 84 84 73 77 84 84 84 84 83 86 83 84 84 84 84 73 82 84 84 84
78 84 84 84 84 84 84 84 84 83 88 84 84 84 84 84 75 73 73 67 69 84 84 84 84 84 76 80 84 84 84 84 73 77 84 84 84 84 83 86 83 84 84 84 84 73 82 84 84 84
78 84 84 84 84 84 84 84 84 83 88 84 84 84 84 84 75 73 73 67 69 84 84 84 84 84 76 80 84 84 84 84 73 77 84 84 84 84 83 86 83 84 84 84 84 73 82 84 84 84
