76 84 84 84 84 84 84 84 84 75 78 84 84 84 84 84 74 88 90 73 92 84 84 84 84 84 52 89 84 84 84 84 61 96 84 84 84 84 79 60 85 84 84 84 84 71 97 84 84 84
77 83 83 83 83 83 83 83 83 79 86 83 83 83 83 83 78 84 80 72 88 83 83 83 83 83 63 85 83 83 83 83 73 90 83 83 83 83 82 69 84 83 83 83 83 79 85 83 83 83
77 83 83 83 83 83 83 83 83 79 86 83 83 83 83 83 78 84 80 72 88 83 83 83 83 83 63 85 83 83 83 83 73 90 83 83 83 83 82 69 84 83 83 83 83 79 85 83 83 83
77 83 83 83 83 83 83 83 83 79 86 83 83 83 83 83 78 84 80 72 88 83 83 83 83 83 63 85 83 83 83 83 73 90 83 83 83 83 82 69 84 83 83 83 83 79 85 83 83 83
77 83 83 83 83 83 83 83 83 79 86 83 83 83 83 83 78 84 80 72 88 83 83 83 83 83 63 85 83 83 83 83 73 90 83 83 83 83 82 69 84 83 83 83 83 79 85 83 83 83
77 83 83 83 83 83 83 83 83 79 86 83 83 83 83 83 78 84 80 72 88 83 83 83 83 83 63 85 83 83 83 83 73 90 83 83 83 83 82 69 84 83 83 83 83 79 85 83 83 83
77 83 83 83 83 83 83 83 83 79 86 83 83 83 83 83 78 84 80 72 88 83 83 83 83 83 63 85 83 83 83 83 73 90 83 83 83 83 82 69 84 83 83 83 83 79 85 83 83 83
77 83 83 83 83 83 83 83 83 79 86 83 83 83 83 83 78 84 80 72 88 83 83 83 83 83 63 85 83 83 83 83 73 90 83 83 83 83 82 69 84 83 83 83 83 79 85 83 83 83
77 83 83 83 83 83 83 83 83 79 86 83 83 83 83 83 78 84 80 72 88 83 83 83 83 83 63 85 83 83 83 83 73 90 83 83 83 83 82 69 84 83 83 83 83 79 85 83 83 83
75 84 84 84 84 84 84 84 84 79 84 84 84 84 84 84 78 82 79 69 86 84 84 84 84 84 61 86 84 84 84 84 69 88 84 84 84 84 82 67 84 84 84 84 84 77 84 84 84 84
74 84 84 84 84 84 84 84 84 79 85 84 84 84 84 84 75 80 76 66 87 84 84 84 84 84 59 87 84 84 84 84 70 89 84 84 84 84 83 66 85 84 84 84 84 76 85 84 84 84
77 83 83 83 83 83 83 83 83 79 86 83 83 83 83 83 78 84 80 72 88 83 83 83 83 83 63 85 83 83 83 83 73 90 83 83 83 83 82 69 84 83 83 83 83 79 85 83 83 83
77 83 83 83 83 83 83 83 83 79 86 83 83 83 83 83 78 84 80 72 88 83 83 83 83 83 63 85 83 83 83 83 73 90 83 83 83 83 82 69 84 83 83 83 83 79 85 83 83 83
77 83 83 83 83 83 83 83 83 79 86 83 83 83 83 83 78 84 80 72 88 83 83 83 83 83 63 85 83 83 83 83 73 90 83 83 83 83 82 69 84 83 83 83 83 79 85 83 83 83
77 83 83 83 83 83 83 83 83 79 86 83 83 83 83 83 78 84 80 72 88 83 83 83 83 83 63 85 83 83 83 83 73 90 83 83 83 83 82 69 84 83 83 83 83 79 85 83 83 83
77 83 83 83 83 83 83 83 83 79 86 83 83 83 83 83 78 84 80 72 88 83 83 83 83 83 63 85 83 83 83 83 73 90 83 83 83 83 82 69 84 83 83 83 83 79 85 83 83 83
87 81 81 81 81 81 81 81 81 77 82 81 81 81 81 81 80 92 94 85 96 81 81 81 81 81 66 85 81 81 81 81 73 97 81 81 81 81 79 71 82 81 81 81 81 82 93 81 81 81
87 81 81 81 81 81 81 81 81 78 79 81 81 81 81 81 74 91 96 87 97 81 81 81 81 81 58 86 81 81 81 81 72 101 81 81 81 81 79 66 82 81 81 81 81 76 101 81 81 81
88 81 81 81 81 81 81 81 81 75 79 81 81 81 81 81 75 94 101 90 100 81 81 81 81 81 58 86 81 81 81 81 70 104 81 81 81 81 77 65 82 81 81 81 81 76 103 81 81 81
85 82 82 82 82 82 82 82 82 74 76 82 82 82 82 82 77 94 103 86 95 82 82 82 82 82 59 87 82 82 82 82 65 98 82 82 82 82 77 64 83 82 82 82 82 76 100 82 82 82
73 84 84 84 84 84 84 84 84 75 83 84 84 84 84 84 74 84 83 71 90 84 84 84 84 84 54 87 84 84 84 84 65 93 84 84 84 84 81 63 85 84 84 84 84 75 90 84 84 84
77 83 83 83 83 83 83 83 83 79 86 83 83 83 83 83 78 84 80 72 88 83 83 83 83 83 63 85 83 83 83 83 73 90 83 83 83 83 82 69 84 83 83 83 83 79 85 83 83 83
77 83 83 83 83 83 83 83 83 79 86 83 83 83 83 83 78 84 80 72 88 83 83 83 83 83 63 85 83 83 83 83 73 90 83 83 83 83 82 69 84 83 83 83 83 79 85 83 83 83
77 83 83 83 83 83 83 83 83 79 86 83 83 83 83 83 78 84 80 72 88 83 83 83 83 83 63 85 83 83 83 83 73 90 83 83 83 83 82 69 84 83 83 83 83 79 85 83 83 83
77 83 83 83 83 83 83 83 83 79 86 83 83 83 83 83 78 84 80 72 88 83 83 83 83 83 63 85 83 83 83 83 73 90 83 83 83 83 82 69 84 83 83 83 83 79 85 83 83 83
77 83 83 83 83 83 83 83 83 79 86 83 83 83 83 83 78 84 80 72 88 83 83 83 83 83 63 85 83 83 83 83 73 90 83 83 83 83 82 69 84 83 83 83 83 79 85 83 83 83
85 82 82 82 82 82 82 82 82 74 80 82 82 82 82 82 79 97 98 81 96 82 82 82 82 82 62 87 82 82 82 82 65 99 82 82 82 82 76 66 83 82 82 82 82 77 98 82 82 82
77 83 83 83 83 83 83 83 83 79 85 83 83 83 83 83 77 84 81 72 87 83 83 83 83 83 61 86 83 83 83 83 72 90 83 83 83 83 82 68 84 83 83 83 83 79 86 83 83 83
77 83 83 83 83 83 83 83 83 79 86 83 83 83 83 83 78 84 80 72 88 83 83 83 83 83 63 85 83 83 83 83 73 90 83 83 83 83 82 69 84 83 83 83 83 79 85 83 83 83
77 83 83 83 83 83 83 83 83 79 86 83 83 83 83 83 78 84 80 72 88 83 83 83 83 83 63 85 83 83 83 83 73 90 83 83 83 83 82 69 84 83 83 83 83 79 85 83 83 83
77 83 83 83 83 83 83 83 83 79 86 83 83 83 83 83 78 84 80 72 88 83 83 83 83 83 63 85 83 83 83 83 73 90 83 83 83 83 82 69 84 83 83 83 83 79 85 83 83 83
77 83 83 83 83 83 83 83 83 79 86 83 83 83 83 83 78 84 80 72 88 83 83 83 83 83 63 85 83 83 83 83 73 90 83 83 83 83 82 69 84 83 83 83 83 79 85 83 83 83
72 85 85 85 85 85 85 85 85 77 82 85 85 85 85 85 80 82 81 65 85 85 85 85 85 85 58 88 85 85 85 85 63 86 85 85 85 85 81 63 85 85 85 85 85 75 85 85 85 85
76 84 84 84 84 84 84 84 84 77 83 84 84 84 84 84 72 84 84 73 92 84 84 84 84 84 52 88 84 84 84 84 67 96 84 84 84 84 81 62 85 84 84 84 84 72 94 84 84 84
77 83 83 83 83 83 83 83 83 79 86 83 83 83 83 83 78 84 80 72 88 83 83 83 83 83 63 85 83 83 83 83 73 90 83 83 83 83 82 69 84 83 83 83 83 79 85 83 83 83
77 83 83 83 83 83 83 83 83 79 86 83 83 83 83 83 78 84 80 72 88 83 83 83 83 83 63 85 83 83 83 83 73 90 83 83 83 83 82 69 84 83 83 83 83 79 85 83 83 83
77 83 83 83 83 83 83 83 83 79 86 83 83 83 83 83 78 84 80 72 88 83 83 83 83 83 63 85 83 83 83 83 73 90 83 83 83 83 82 69 84 83 83 83 83 79 85 83 83 83
77 83 83 83 83 83 83 83 83 79 86 83 83 83 83 83 78 84 80 72 88 83 83 83 83 83 63 85 83 83 83 83 73 90 83 83 83 83 82 69 84 83 83 83 83 79 85 83 83 83
76 83 83 83 83 83 83 83 83 78 85 83 83 83 83 83 79 84 80 71 87 83 83 83 83 83 62 86 83 83 83 83 70 89 83 83 83 83 82 68 84 83 83 83 83 79 84 83 83 83
83 82 82 82 82 82 82 82 82 74 81 82 82 82 82 82 77 95 95 80 96 82 82 82 82 82 59 87 82 82 82 82 66 101 82 82 82 82 77 65 83 82 82 82 82 75 98 82 82 82
77 83 83 83 83 83 83 83 83 79 86 83 83 83 83 83 78 84 80 71 87 83 83 83 83 83 62 85 83 83 83 83 73 90 83 83 83 83 82 69 84 83 83 83 83 79 85 83 83 83
77 83 83 83 83 83 83 83 83 79 86 83 83 83 83 83 78 84 80 72 88 83 83 83 83 83 63 85 83 83 83 83 73 90 83 83 83 83 82 69 84 83 83 83 83 79 85 83 83 83
77 83 83 83 83 83 83 83 83 79 86 83 83 83 83 83 78 84 80 72 88 83 83 83 83 83 63 85 83 83 83 83 73 90 83 83 83 83 82 69 84 83 83 83 83 79 85 83 83 83
77 83 83 83 83 83 83 83 83 79 86 83 83 83 83 83 78 84 80 72 88 83 83 83 83 83 63 85 83 83 83 83 73 90 83 83 83 83 82 69 84 83 83 83 83 79 85 83 83 83
77 83 83 83 83 83 83 83 83 79 86 83 83 83 83 83 78 84 80 72 88 83 83 83 83 83 63 85 83 83 83 83 73 90 83 83 83 83 82 69 84 83 83 83 83 79 85 83 83 83
82 82 82 82 82 82 82 82 82 74 81 82 82 82 82 82 82 92 94 78 92 82 82 82 82 82 66 86 82 82 82 82 67 93 82 82 82 82 77 68 83 82 82 82 82 82 90 82 82 82
78 83 83 83 83 83 83 83 83 77 82 83 83 83 83 83 72 86 87 77 92 83 83 83 83 83 54 87 83 83 83 83 69 97 83 83 83 83 81 63 84 83 83 83 83 73 96 83 83 83
77 83 83 83 83 83 83 83 83 79 86 83 83 83 83 83 78 84 80 72 88 83 83 83 83 83 63 85 83 83 83 83 73 90 83 83 83 83 82 69 84 83 83 83 83 79 85 83 83 83
77 83 83 83 83 83 83 83 83 79 86 83 83 83 83 83 78 84 80 72 88 83 83 83 83 83 63 85 83 83 83 83 73 90 83 83 83 83 82 69 84 83 83 83 83 79 85 83 83 83
77 83 83 83 83 83 83 83 83 79 86 83 83 83 83 83 78 84 80 72 88 83 83 83 83 83 63 85 83 83 83 83 73 90 83 83 83 83 82 69 84 83 83 83 83 79 85 83 83 83
