82 81 81 81 81 81 81 81 81 75 77 81 81 81 81 81 86 102 101 95 69 81 81 81 81 81 90 81 81 81 81 81 79 73 81 81 81 81 77 82 81 81 81 81 81 91 81 81 81 81
76 82 82 82 82 82 82 82 82 79 79 82 82 82 82 82 85 96 90 85 73 82 82 82 82 82 78 81 82 82 82 82 76 78 82 82 82 82 80 82 82 82 82 82 82 82 80 82 82 82
76 82 82 82 82 82 82 82 82 79 79 82 82 82 82 82 85 96 90 85 73 82 82 82 82 82 78 81 82 82 82 82 76 78 82 82 82 82 80 82 82 82 82 82 82 82 80 82 82 82
76 82 82 82 82 82 82 82 82 79 79 82 82 82 82 82 85 96 90 85 73 82 82 82 82 82 78 81 82 82 82 82 76 78 82 82 82 82 80 82 82 82 82 82 82 82 80 82 82 82
76 82 82 82 82 82 82 82 82 79 79 82 82 82 82 82 85 96 90 85 73 82 82 82 82 82 78 81 82 82 82 82 76 78 82 82 82 82 80 82 82 82 82 82 82 82 80 82 82 82
76 82 82 82 82 82 82 82 82 79 79 82 82 82 82 82 85 96 90 85 73 82 82 82 82 82 78 81 82 82 82 82 76 78 82 82 82 82 80 82 82 82 82 82 82 82 80 82 82 82
76 82 82 82 82 82 82 82 82 79 79 82 82 82 82 82 85 96 90 85 73 82 82 82 82 82 78 81 82 82 82 82 76 78 82 82 82 82 80 82 82 82 82 82 82 82 80 82 82 82
76 82 82 82 82 82 82 82 82 79 79 82 82 82 82 82 85 96 90 85 73 82 82 82 82 82 78 81 82 82 82 82 76 78 82 82 82 82 80 82 82 82 82 82 82 82 80 82 82 82
76 82 82 82 82 82 82 82 82 79 79 82 82 82 82 82 85 96 90 85 73 82 82 82 82 82 78 81 82 82 82 82 76 78 82 82 82 82 80 82 82 82 82 82 82 82 80 82 82 82
77 82 82 82 82 82 82 82 82 79 80 82 82 82 82 82 83 96 90 85 72 82 82 82 82 82 78 81 82 82 82 82 76 78 82 82 82 82 80 82 82 82 82 82 82 81 81 82 82 82
76 82 82 82 82 82 82 82 82 79 81 82 82 82 82 82 85 95 88 84 72 82 82 82 82 82 78 81 82 82 82 82 79 76 82 82 82 82 80 80 82 82 82 82 82 84 78 82 82 82
76 82 82 82 82 82 82 82 82 79 79 82 82 82 82 82 85 96 90 85 73 82 82 82 82 82 78 81 82 82 82 82 76 78 82 82 82 82 80 82 82 82 82 82 82 82 80 82 82 82
76 82 82 82 82 82 82 82 82 79 79 82 82 82 82 82 85 96 90 85 73 82 82 82 82 82 78 81 82 82 82 82 76 78 82 82 82 82 80 82 82 82 82 82 82 82 80 82 82 82
76 82 82 82 82 82 82 82 82 79 79 82 82 82 82 82 85 96 90 85 73 82 82 82 82 82 78 81 82 82 82 82 76 78 82 82 82 82 80 82 82 82 82 82 82 82 80 82 82 82
76 82 82 82 82 82 82 82 82 79 79 82 82 82 82 82 85 96 90 85 73 82 82 82 82 82 78 81 82 82 82 82 76 78 82 82 82 82 80 82 82 82 82 82 82 82 80 82 82 82
76 82 82 82 82 82 82 82 82 79 79 82 82 82 82 82 85 96 90 85 73 82 82 82 82 82 78 81 82 82 82 82 76 78 82 82 82 82 80 82 82 82 82 82 82 82 80 82 82 82
79 82 82 82 82 82 82 82 82 80 77 82 82 82 82 82 86 100 94 90 75 82 82 82 82 82 77 82 82 82 82 82 75 79 82 82 82 82 80 78 82 82 82 82 82 80 84 82 82 82
84 80 80 80 80 80 80 80 80 74 74 80 80 80 80 80 90 106 108 100 73 80 80 80 80 80 93 82 80 80 80 80 76 77 80 80 80 80 76 81 81 80 80 80 80 93 84 80 80 80
85 80 80 80 80 80 80 80 80 73 77 80 80 80 80 80 89 102 105 97 71 80 80 80 80 80 99 80 80 80 80 80 77 74 80 80 80 80 76 85 80 80 80 80 80 95 81 80 80 80
86 81 81 81 81 81 81 81 81 75 78 81 81 81 81 81 85 96 101 95 72 81 81 81 81 81 98 81 81 81 81 81 79 74 81 81 81 81 77 85 81 81 81 81 81 94 81 81 81 81
78 82 82 82 82 82 82 82 82 76 82 82 82 82 82 82 87 96 91 85 71 82 82 82 82 82 82 81 82 82 82 82 77 74 82 82 82 82 78 80 82 82 82 82 82 88 77 82 82 82
76 82 82 82 82 82 82 82 82 79 79 82 82 82 82 82 85 96 90 85 73 82 82 82 82 82 78 81 82 82 82 82 76 78 82 82 82 82 80 82 82 82 82 82 82 82 80 82 82 82
76 82 82 82 82 82 82 82 82 79 79 82 82 82 82 82 85 96 90 85 73 82 82 82 82 82 78 81 82 82 82 82 76 78 82 82 82 82 80 82 82 82 82 82 82 82 80 82 82 82
76 82 82 82 82 82 82 82 82 79 79 82 82 82 82 82 85 96 90 85 73 82 82 82 82 82 78 81 82 82 82 82 76 78 82 82 82 82 80 82 82 82 82 82 82 82 80 82 82 82
76 82 82 82 82 82 82 82 82 79 79 82 82 82 82 82 85 96 90 85 73 82 82 82 82 82 78 81 82 82 82 82 76 78 82 82 82 82 80 82 82 82 82 82 82 82 80 82 82 82
76 82 82 82 82 82 82 82 82 79 79 82 82 82 82 82 85 96 90 85 73 82 82 82 82 82 78 81 82 82 82 82 76 78 82 82 82 82 80 82 82 82 82 82 82 82 80 82 82 82
85 80 80 80 80 80 80 80 80 80 76 80 80 80 80 80 86 103 102 104 70 80 80 80 80 80 88 82 80 80 80 80 87 75 80 80 80 80 80 78 81 80 80 80 80 91 82 80 80 80
76 82 82 82 82 82 82 82 82 78 78 82 82 82 82 82 85 97 91 85 73 82 82 82 82 82 78 81 82 82 82 82 75 78 82 82 82 82 79 81 82 82 82 82 82 83 81 82 82 82
76 82 82 82 82 82 82 82 82 79 79 82 82 82 82 82 85 96 90 85 73 82 82 82 82 82 78 81 82 82 82 82 76 78 82 82 82 82 80 82 82 82 82 82 82 82 80 82 82 82
76 82 82 82 82 82 82 82 82 79 79 82 82 82 82 82 85 96 90 85 73 82 82 82 82 82 78 81 82 82 82 82 76 78 82 82 82 82 80 82 82 82 82 82 82 82 80 82 82 82
76 82 82 82 82 82 82 82 82 79 79 82 82 82 82 82 85 96 90 85 73 82 82 82 82 82 78 81 82 82 82 82 76 78 82 82 82 82 80 82 82 82 82 82 82 82 80 82 82 82
76 82 82 82 82 82 82 82 82 79 79 82 82 82 82 82 85 96 90 85 73 82 82 82 82 82 78 81 82 82 82 82 76 78 82 82 82 82 80 82 82 82 82 82 82 82 80 82 82 82
79 83 83 83 83 83 83 83 83 81 82 83 83 83 83 83 79 87 84 82 73 83 83 83 83 83 78 81 83 83 83 83 80 76 83 83 83 83 82 83 82 83 83 83 83 80 80 83 83 83
79 82 82 82 82 82 82 82 82 75 80 82 82 82 82 82 88 98 97 89 71 82 82 82 82 82 86 81 82 82 82 82 77 74 82 82 82 82 77 80 81 82 82 82 82 92 78 82 82 82
76 82 82 82 82 82 82 82 82 79 79 82 82 82 82 82 85 96 90 85 73 82 82 82 82 82 78 81 82 82 82 82 76 78 82 82 82 82 80 82 82 82 82 82 82 82 80 82 82 82
76 82 82 82 82 82 82 82 82 79 79 82 82 82 82 82 85 96 90 85 73 82 82 82 82 82 78 81 82 82 82 82 76 78 82 82 82 82 80 82 82 82 82 82 82 82 80 82 82 82
76 82 82 82 82 82 82 82 82 79 79 82 82 82 82 82 85 96 90 85 73 82 82 82 82 82 78 81 82 82 82 82 76 78 82 82 82 82 80 82 82 82 82 82 82 82 80 82 82 82
76 82 82 82 82 82 82 82 82 79 79 82 82 82 82 82 85 96 90 85 73 82 82 82 82 82 78 81 82 82 82 82 76 78 82 82 82 82 80 82 82 82 82 82 82 82 80 82 82 82
77 82 82 82 82 82 82 82 82 78 79 82 82 82 82 82 85 97 91 85 73 82 82 82 82 82 80 81 82 82 82 82 76 77 82 82 82 82 79 83 82 82 82 82 82 83 81 82 82 82
85 80 80 80 80 80 80 80 80 78 77 80 80 80 80 80 88 105 105 105 71 80 80 80 80 80 90 81 80 80 80 80 87 75 80 80 80 80 78 78 80 80 80 80 80 96 82 80 80 80
76 82 82 82 82 82 82 82 82 79 79 82 82 82 82 82 85 96 90 85 73 82 82 82 82 82 78 81 82 82 82 82 76 78 82 82 82 82 80 81 82 82 82 82 82 82 81 82 82 82
76 82 82 82 82 82 82 82 82 79 79 82 82 82 82 82 85 96 90 85 73 82 82 82 82 82 78 81 82 82 82 82 76 78 82 82 82 82 80 82 82 82 82 82 82 82 80 82 82 82
76 82 82 82 82 82 82 82 82 79 79 82 82 82 82 82 85 96 90 85 73 82 82 82 82 82 78 81 82 82 82 82 76 78 82 82 82 82 80 82 82 82 82 82 82 82 80 82 82 82
76 82 82 82 82 82 82 82 82 79 79 82 82 82 82 82 85 96 90 85 73 82 82 82 82 82 78 81 82 82 82 82 76 78 82 82 82 82 80 82 82 82 82 82 82 82 80 82 82 82
76 82 82 82 82 82 82 82 82 79 79 82 82 82 82 82 85 96 90 85 73 82 82 82 82 82 78 81 82 82 82 82 76 78 82 82 82 82 80 82 82 82 82 82 82 82 80 82 82 82
83 81 81 81 81 81 81 81 81 80 80 81 81 81 81 81 86 97 94 94 75 81 81 81 81 81 88 81 81 81 81 81 81 77 81 81 81 81 81 85 81 81 81 81 81 85 80 81 81 81
79 81 81 81 81 81 81 81 81 74 77 81 81 81 81 81 88 101 102 92 71 81 81 81 81 81 87 81 81 81 81 81 75 76 81 81 81 81 76 81 81 81 81 81 81 93 82 81 81 81
76 82 82 82 82 82 82 82 82 79 79 82 82 82 82 82 85 96 90 85 73 82 82 82 82 82 78 81 82 82 82 82 76 78 82 82 82 82 80 82 82 82 82 82 82 82 80 82 82 82
76 82 82 82 82 82 82 82 82 79 79 82 82 82 82 82 85 96 90 85 73 82 82 82 82 82 78 81 82 82 82 82 76 78 82 82 82 82 80 82 82 82 82 82 82 82 80 82 82 82
76 82 82 82 82 82 82 82 82 79 79 82 82 82 82 82 85 96 90 85 73 82 82 82 82 82 78 81 82 82 82 82 76 78 82 82 82 82 80 82 82 82 82 82 82 82 80 82 82 82
