84 83 83 83 83 83 83 83 83 86 89 83 83 83 83 83 75 72 70 67 83 83 83 83 83 83 75 83 83 83 83 83 75 83 83 83 83 83 85 87 83 83 83 83 83 71 82 83 83 83
81 83 83 83 83 83 83 83 83 83 90 83 83 83 83 83 82 73 71 65 83 83 83 83 83 83 75 83 83 83 83 83 66 79 83 83 83 83 85 90 84 83 83 83 83 75 78 83 83 83
81 83 83 83 83 83 83 83 83 83 90 83 83 83 83 83 82 73 71 65 83 83 83 83 83 83 75 83 83 83 83 83 66 79 83 83 83 83 85 90 84 83 83 83 83 75 78 83 83 83
81 83 83 83 83 83 83 83 83 83 90 83 83 83 83 83 82 73 71 65 83 83 83 83 83 83 75 83 83 83 83 83 66 79 83 83 83 83 85 90 84 83 83 83 83 75 78 83 83 83
81 83 83 83 83 83 83 83 83 83 90 83 83 83 83 83 82 73 71 65 83 83 83 83 83 83 75 83 83 83 83 83 66 79 83 83 83 83 85 90 84 83 83 83 83 75 78 83 83 83
81 83 83 83 83 83 83 83 83 83 90 83 83 83 83 83 82 73 71 65 83 83 83 83 83 83 75 83 83 83 83 83 66 79 83 83 83 83 85 90 84 83 83 83 83 75 78 83 83 83
81 83 83 83 83 83 83 83 83 83 90 83 83 83 83 83 82 73 71 65 83 83 83 83 83 83 75 83 83 83 83 83 66 79 83 83 83 83 85 90 84 83 83 83 83 75 78 83 83 83
81 83 83 83 83 83 83 83 83 83 90 83 83 83 83 83 82 73 71 65 83 83 83 83 83 83 75 83 83 83 83 83 66 79 83 83 83 83 85 90 84 83 83 83 83 75 78 83 83 83
81 83 83 83 83 83 83 83 83 83 90 83 83 83 83 83 82 73 71 65 83 83 83 83 83 83 75 83 83 83 83 83 66 79 83 83 83 83 85 90 84 83 83 83 83 75 78 83 83 83
83 83 83 83 83 83 83 83 83 83 89 83 83 83 83 83 82 75 73 67 84 83 83 83 83 83 77 83 83 83 83 83 68 81 83 83 83 83 85 91 83 83 83 83 83 76 80 83 83 83
83 83 83 83 83 83 83 83 83 82 90 83 83 83 83 83 81 74 72 66 85 83 83 83 83 83 76 83 83 83 83 83 66 82 83 83 83 83 85 94 83 83 83 83 83 74 81 83 83 83
81 83 83 83 83 83 83 83 83 83 90 83 83 83 83 83 82 73 71 65 83 83 83 83 83 83 75 83 83 83 83 83 66 79 83 83 83 83 85 90 84 83 83 83 83 75 78 83 83 83
81 83 83 83 83 83 83 83 83 83 90 83 83 83 83 83 82 73 71 65 83 83 83 83 83 83 75 83 83 83 83 83 66 79 83 83 83 83 85 90 84 83 83 83 83 75 78 83 83 83
81 83 83 83 83 83 83 83 83 83 90 83 83 83 83 83 82 73 71 65 83 83 83 83 83 83 75 83 83 83 83 83 66 79 83 83 83 83 85 90 84 83 83 83 83 75 78 83 83 83
81 83 83 83 83 83 83 83 83 83 90 83 83 83 83 83 82 73 71 65 83 83 83 83 83 83 75 83 83 83 83 83 66 79 83 83 83 83 85 90 84 83 83 83 83 75 78 83 83 83
81 83 83 83 83 83 83 83 83 83 90 83 83 83 83 83 82 73 71 65 83 83 83 83 83 83 75 83 83 83 83 83 66 79 83 83 83 83 85 90 84 83 83 83 83 75 78 83 83 83
84 83 83 83 83 83 83 83 83 83 88 83 83 83 83 83 82 74 71 65 82 83 83 83 83 83 78 83 83 83 83 83 67 81 83 83 83 83 84 93 83 83 83 83 83 72 81 83 83 83
88 83 83 83 83 83 83 83 83 87 90 83 83 83 83 83 72 69 69 68 83 83 83 83 83 83 77 82 83 83 83 83 79 83 83 83 83 83 86 90 83 83 83 83 83 71 83 83 83 83
83 83 83 83 83 83 83 83 83 86 88 83 83 83 83 83 76 73 70 67 79 83 83 83 83 83 76 83 83 83 83 83 76 79 83 83 83 83 85 85 84 83 83 83 83 73 80 83 83 83
84 83 83 83 83 83 83 83 83 85 87 83 83 83 83 83 79 76 73 68 78 83 83 83 83 83 80 82 83 83 83 83 77 79 83 83 83 83 83 85 83 83 83 83 83 75 79 83 83 83
79 83 83 83 83 83 83 83 83 84 87 83 83 83 83 83 82 79 74 67 78 83 83 83 83 83 76 83 83 83 83 83 70 79 83 83 83 83 84 87 84 83 83 83 83 74 81 83 83 83
81 83 83 83 83 83 83 83 83 83 90 83 83 83 83 83 82 73 71 65 83 83 83 83 83 83 75 83 83 83 83 83 66 79 83 83 83 83 85 90 84 83 83 83 83 75 78 83 83 83
81 83 83 83 83 83 83 83 83 83 90 83 83 83 83 83 82 73 71 65 83 83 83 83 83 83 75 83 83 83 83 83 66 79 83 83 83 83 85 90 84 83 83 83 83 75 78 83 83 83
81 83 83 83 83 83 83 83 83 83 90 83 83 83 83 83 82 73 71 65 83 83 83 83 83 83 75 83 83 83 83 83 66 79 83 83 83 83 85 90 84 83 83 83 83 75 78 83 83 83
81 83 83 83 83 83 83 83 83 83 90 83 83 83 83 83 82 73 71 65 83 83 83 83 83 83 75 83 83 83 83 83 66 79 83 83 83 83 85 90 84 83 83 83 83 75 78 83 83 83
81 83 83 83 83 83 83 83 83 83 90 83 83 83 83 83 82 73 71 65 83 83 83 83 83 83 75 83 83 83 83 83 66 79 83 83 83 83 85 90 84 83 83 83 83 75 78 83 83 83
86 83 83 83 83 83 83 83 83 83 88 83 83 83 83 83 78 73 71 69 86 83 83 83 83 83 76 82 83 83 83 83 71 86 83 83 83 83 84 92 83 83 83 83 83 71 83 83 83 83
81 83 83 83 83 83 83 83 83 84 90 83 83 83 83 83 81 73 71 66 82 83 83 83 83 83 75 83 83 83 83 83 68 79 83 83 83 83 85 90 83 83 83 83 83 75 79 83 83 83
81 83 83 83 83 83 83 83 83 83 90 83 83 83 83 83 82 73 71 65 83 83 83 83 83 83 75 83 83 83 83 83 66 79 83 83 83 83 85 90 84 83 83 83 83 75 78 83 83 83
81 83 83 83 83 83 83 83 83 83 90 83 83 83 83 83 82 73 71 65 83 83 83 83 83 83 75 83 83 83 83 83 66 79 83 83 83 83 85 90 84 83 83 83 83 75 78 83 83 83
81 83 83 83 83 83 83 83 83 83 90 83 83 83 83 83 82 73 71 65 83 83 83 83 83 83 75 83 83 83 83 83 66 79 83 83 83 83 85 90 84 83 83 83 83 75 78 83 83 83
81 83 83 83 83 83 83 83 83 83 90 83 83 83 83 83 82 73 71 65 83 83 83 83 83 83 75 83 83 83 83 83 66 79 83 83 83 83 85 90 84 83 83 83 83 75 78 83 83 83
82 83 83 83 83 83 83 83 83 81 89 83 83 83 83 83 84 77 74 66 82 83 83 83 83 83 79 83 83 83 83 83 68 80 83 83 83 83 83 90 83 83 83 83 83 76 78 83 83 83
80 83 83 83 83 83 83 83 83 85 87 83 83 83 83 83 78 76 72 67 79 83 83 83 83 83 75 84 83 83 83 83 72 79 83 83 83 83 85 86 84 83 83 83 83 74 81 83 83 83
81 83 83 83 83 83 83 83 83 83 90 83 83 83 83 83 82 73 71 65 83 83 83 83 83 83 75 83 83 83 83 83 66 79 83 83 83 83 85 90 84 83 83 83 83 75 78 83 83 83
81 83 83 83 83 83 83 83 83 83 90 83 83 83 83 83 82 73 71 65 83 83 83 83 83 83 75 83 83 83 83 83 66 79 83 83 83 83 85 90 84 83 83 83 83 75 78 83 83 83
81 83 83 83 83 83 83 83 83 83 90 83 83 83 83 83 82 73 71 65 83 83 83 83 83 83 75 83 83 83 83 83 66 79 83 83 83 83 85 90 84 83 83 83 83 75 78 83 83 83
81 83 83 83 83 83 83 83 83 83 90 83 83 83 83 83 82 73 71 65 83 83 83 83 83 83 75 83 83 83 83 83 66 79 83 83 83 83 85 90 84 83 83 83 83 75 78 83 83 83
82 83 83 83 83 83 83 83 83 83 89 83 83 83 83 83 83 74 72 66 83 83 83 83 83 83 76 83 83 83 83 83 67 80 83 83 83 83 85 91 83 83 83 83 83 75 79 83 83 83
83 83 83 83 83 83 83 83 83 84 88 83 83 83 83 83 76 72 70 66 85 83 83 83 83 83 74 83 83 83 83 83 71 85 83 83 83 83 85 90 83 83 83 83 83 71 84 83 83 83
81 83 83 83 83 83 83 83 83 83 90 83 83 83 83 83 81 73 71 65 83 83 83 83 83 83 75 83 83 83 83 83 67 80 83 83 83 83 85 90 83 83 83 83 83 75 78 83 83 83
81 83 83 83 83 83 83 83 83 83 90 83 83 83 83 83 82 73 71 65 83 83 83 83 83 83 75 83 83 83 83 83 66 79 83 83 83 83 85 90 84 83 83 83 83 75 78 83 83 83
81 83 83 83 83 83 83 83 83 83 90 83 83 83 83 83 82 73 71 65 83 83 83 83 83 83 75 83 83 83 83 83 66 79 83 83 83 83 85 90 84 83 83 83 83 75 78 83 83 83
81 83 83 83 83 83 83 83 83 83 90 83 83 83 83 83 82 73 71 65 83 83 83 83 83 83 75 83 83 83 83 83 66 79 83 83 83 83 85 90 84 83 83 83 83 75 78 83 83 83
81 83 83 83 83 83 83 83 83 83 90 83 83 83 83 83 82 73 71 65 83 83 83 83 83 83 75 83 83 83 83 83 66 79 83 83 83 83 85 90 84 83 83 83 83 75 78 83 83 83
82 84 84 84 84 84 84 84 84 83 90 84 84 84 84 84 82 72 70 63 81 84 84 84 84 84 78 82 84 84 84 84 67 79 84 84 84 84 84 91 83 84 84 84 84 72 76 84 84 84
80 84 84 84 84 84 84 84 84 85 88 84 84 84 84 84 77 74 71 66 79 84 84 84 84 84 74 83 84 84 84 84 73 78 84 84 84 84 85 84 84 84 84 84 84 74 80 84 84 84
81 83 83 83 83 83 83 83 83 83 90 83 83 83 83 83 82 73 71 65 83 83 83 83 83 83 75 83 83 83 83 83 66 79 83 83 83 83 85 90 84 83 83 83 83 75 78 83 83 83
81 83 83 83 83 83 83 83 83 83 90 83 83 83 83 83 82 73 71 65 83 83 83 83 83 83 75 83 83 83 83 83 66 79 83 83 83 83 85 90 84 83 83 83 83 75 78 83 83 83
81 83 83 83 83 83 83 83 83 83 90 83 83 83 83 83 82 73 71 65 83 83 83 83 83 83 75 83 83 83 83 83 66 79 83 83 83 83 85 90 84 83 83 83 83 75 78 83 83 83
