2588 1628 -1167 2291 -2619 -2256 -959 -1916 2281 3714 1618 -1978 19 -2711 575 208 936 255 1214 64 -3008 77 2251 3111 -3509 73 3720 -3439 -5185 -3378 -1372 -900 1349 420 -2059 -3407 -1307 3708 5639 1704 2028 -395 152 286 -1391 4328 4713 436 997 -3603 -4458 -1546 -1071 -940 -3106 233 -1266 -2381 1793 827 -1072 3285 -4233 413
2277 869 -3454 658 -2184 -2236 -555 -1314 2215 5932 3328 -2374 36 -2106 -527 987 2286 452 1568 -1388 -2651 2378 2101 1055 -2952 135 1732 -2889 -4362 -2636 -2009 -201 197 -866 -1275 -1903 -3110 2084 2818 -1416 239 -407 110 228 -2815 5446 2981 447 -2241 -3007 -4844 -1157 -3147 -2133 -475 -798 -1090 -2392 406 -372 -547 2908 -2197 -974
2277 869 -3454 658 -2184 -2236 -555 -1314 2215 5932 3328 -2374 36 -2106 -527 987 2286 452 1568 -1388 -2651 2378 2101 1055 -2952 135 1732 -2889 -4362 -2636 -2009 -201 197 -866 -1275 -1903 -3110 2084 2818 -1416 239 -407 110 228 -2815 5446 2981 447 -2241 -3007 -4844 -1157 -3147 -2133 -475 -798 -1090 -2392 406 -372 -547 2908 -2197 -974
2277 869 -3454 658 -2184 -2236 -555 -1314 2215 5932 3328 -2374 36 -2106 -527 987 2286 452 1568 -1388 -2651 2378 2101 1055 -2952 135 1732 -2889 -4362 -2636 -2009 -201 197 -866 -1275 -1903 -3110 2084 2818 -1416 239 -407 110 228 -2815 5446 2981 447 -2241 -3007 -4844 -1157 -3147 -2133 -475 -798 -1090 -2392 406 -372 -547 2908 -2197 -974
2277 869 -3454 658 -2184 -2236 -555 -1314 2215 5932 3328 -2374 36 -2106 -527 987 2286 452 1568 -1388 -2651 2378 2101 1055 -2952 135 1732 -2889 -4362 -2636 -2009 -201 197 -866 -1275 -1903 -3110 2084 2818 -1416 239 -407 110 228 -2815 5446 2981 447 -2241 -3007 -4844 -1157 -3147 -2133 -475 -798 -1090 -2392 406 -372 -547 2908 -2197 -974
2277 869 -3454 658 -2184 -2236 -555 -1314 2215 5932 3328 -2374 36 -2106 -527 987 2286 452 1568 -1388 -2651 2378 2101 1055 -2952 135 1732 -2889 -4362 -2636 -2009 -201 197 -866 -1275 -1903 -3110 2084 2818 -1416 239 -407 110 228 -2815 5446 2981 447 -2241 -3007 -4844 -1157 -3147 -2133 -475 -798 -1090 -2392 406 -372 -547 2908 -2197 -974
2277 869 -3454 658 -2184 -2236 -555 -1314 2215 5932 3328 -2374 36 -2106 -527 987 2286 452 1568 -1388 -2651 2378 2101 1055 -2952 135 1732 -2889 -4362 -2636 -2009 -201 197 -866 -1275 -1903 -3110 2084 2818 -1416 239 -407 110 228 -2815 5446 2981 447 -2241 -3007 -4844 -1157 -3147 -2133 -475 -798 -1090 -2392 406 -372 -547 2908 -2197 -974
2277 869 -3454 658 -2184 -2236 -555 -1314 2215 5932 3328 -2374 36 -2106 -527 987 2286 452 1568 -1388 -2651 2378 2101 1055 -2952 135 1732 -2889 -4362 -2636 -2009 -201 197 -866 -1275 -1903 -3110 2084 2818 -1416 239 -407 110 228 -2815 5446 2981 447 -2241 -3007 -4844 -1157 -3147 -2133 -475 -798 -1090 -2392 406 -372 -547 2908 -2197 -974
2277 869 -3454 658 -2184 -2236 -555 -1314 2215 5932 3328 -2374 36 -2106 -527 987 2286 452 1568 -1388 -2651 2378 2101 1055 -2952 135 1732 -2889 -4362 -2636 -2009 -201 197 -866 -1275 -1903 -3110 2084 2818 -1416 239 -407 110 228 -2815 5446 2981 447 -2241 -3007 -4844 -1157 -3147 -2133 -475 -798 -1090 -2392 406 -372 -547 2908 -2197 -974
1629 1331 -3875 979 -1902 -1931 -416 -2032 2062 5317 3098 -2332 -259 -1994 -510 467 1636 126 1174 -1358 -3016 2452 2757 1518 -3142 909 2580 -2051 -4858 -2608 -1722 -830 245 -415 -1538 -1598 -2013 2281 2814 111 -241 -379 -182 354 -1987 5107 2953 481 -2144 -2928 -4212 -754 -3204 -1971 -976 -1617 -1003 -3112 1200 -711 -604 2667 -2586 -599
1967 649 -3667 1107 -1933 -2340 234 -1611 1838 5744 3020 -1432 -216 -2086 -106 854 1261 -89 1981 -1497 -2584 1838 2538 1517 -3188 1302 2513 -2558 -4936 -2846 -1420 -389 -692 -485 -1551 -1710 -2295 1625 3487 -540 -4 154 128 234 -3290 5450 3340 405 -2202 -3298 -4476 -489 -3146 -1969 -1155 -1378 -1681 -2226 668 174 -550 2561 -2131 -645
2277 869 -3454 658 -2184 -2236 -555 -1314 2215 5932 3328 -2374 36 -2106 -527 987 2286 452 1568 -1388 -2651 2378 2101 1055 -2952 135 1732 -2889 -4362 -2636 -2009 -201 197 -866 -1275 -1903 -3110 2084 2818 -1416 239 -407 110 228 -2815 5446 2981 447 -2241 -3007 -4844 -1157 -3147 -2133 -475 -798 -1090 -2392 406 -372 -547 2908 -2197 -974
2277 869 -3454 658 -2184 -2236 -555 -1314 2215 5932 3328 -2374 36 -2106 -527 987 2286 452 1568 -1388 -2651 2378 2101 1055 -2952 135 1732 -2889 -4362 -2636 -2009 -201 197 -866 -1275 -1903 -3110 2084 2818 -1416 239 -407 110 228 -2815 5446 2981 447 -2241 -3007 -4844 -1157 -3147 -2133 -475 -798 -1090 -2392 406 -372 -547 2908 -2197 -974
2277 869 -3454 658 -2184 -2236 -555 -1314 2215 5932 3328 -2374 36 -2106 -527 987 2286 452 1568 -1388 -2651 2378 2101 1055 -2952 135 1732 -2889 -4362 -2636 -2009 -201 197 -866 -1275 -1903 -3110 2084 2818 -1416 239 -407 110 228 -2815 5446 2981 447 -2241 -3007 -4844 -1157 -3147 -2133 -475 -798 -1090 -2392 406 -372 -547 2908 -2197 -974
2277 869 -3454 658 -2184 -2236 -555 -1314 2215 5932 3328 -2374 36 -2106 -527 987 2286 452 1568 -1388 -2651 2378 2101 1055 -2952 135 1732 -2889 -4362 -2636 -2009 -201 197 -866 -1275 -1903 -3110 2084 2818 -1416 239 -407 110 228 -2815 5446 2981 447 -2241 -3007 -4844 -1157 -3147 -2133 -475 -798 -1090 -2392 406 -372 -547 2908 -2197 -974
2277 869 -3454 658 -2184 -2236 -555 -1314 2215 5932 3328 -2374 36 -2106 -527 987 2286 452 1568 -1388 -2651 2378 2101 1055 -2952 135 1732 -2889 -4362 -2636 -2009 -201 197 -866 -1275 -1903 -3110 2084 2818 -1416 239 -407 110 228 -2815 5446 2981 447 -2241 -3007 -4844 -1157 -3147 -2133 -475 -798 -1090 -2392 406 -372 -547 2908 -2197 -974
2708 471 -4663 639 -3679 -2462 -852 -3067 1154 3944 1777 -3429 -701 -1817 -630 254 1727 522 1730 -1649 -3383 1437 1521 1137 -2508 987 1550 -4182 -3728 -1764 -3209 -492 2893 -1390 -2171 -2691 -1973 2999 3423 -303 1367 -2088 885 411 -2316 3717 4345 -54 -19 -2494 -5092 -1207 -2449 -466 -435 -1585 -6 -1569 -173 -1056 -1306 4202 -3991 -1545
3380 1996 -1302 1387 -3565 -2749 -418 -2742 2443 3601 2694 -2533 -1214 -1847 901 -933 574 -178 699 483 -3175 59 1848 2264 -1531 192 2824 -4500 -1949 -2378 -3564 -756 3769 -933 -2646 -4005 -2772 4045 5036 848 2218 -632 747 1545 -1613 2914 4816 1179 1794 -1512 -4933 -2268 -846 549 -2853 511 -1011 -788 858 334 -985 4283 -4475 -41
2509 1720 -681 1531 -4071 -2159 -1622 -1939 3041 3920 2560 -2930 -434 -2079 720 361 584 491 128 521 -2724 -909 916 2031 -2796 -1170 2591 -4743 -2659 -2887 -2445 -332 2856 -532 -2328 -4595 -2889 4639 6127 157 3147 -1679 832 672 -755 2684 4692 626 1986 -2442 -4622 -2519 -172 -270 -3017 1525 -1175 -1615 1628 1614 -191 3772 -4175 510
999 2064 -488 1755 -3785 -1737 -2523 -3002 2316 3084 2161 -2892 -567 -1833 371 -22 -582 -224 397 411 -3301 -1764 1042 2166 -3657 -1426 3446 -3729 -3775 -2532 -1819 -1166 2619 347 -3557 -4206 -420 5497 5931 2287 2707 -2027 -293 1170 553 2513 3957 1130 2879 -2174 -3348 -1345 270 -56 -3118 1117 -187 -2011 1978 1573 -459 3943 -4104 1041
277 406 -2589 1678 -2905 -3120 113 -1059 3717 4271 2862 -1969 -979 -2727 -408 1093 550 205 954 -345 -3226 294 2294 2204 -3931 569 2603 -2643 -4708 -2948 -1578 285 -978 -1170 -948 -3062 -2193 3714 5027 -484 338 -232 -722 -398 -1858 5364 4088 1524 -1496 -4008 -4894 -1073 -2399 -589 -2697 275 -715 -1520 1032 2354 -924 3259 -2525 -55
2277 869 -3454 658 -2184 -2236 -555 -1314 2215 5932 3328 -2374 36 -2106 -527 987 2286 452 1568 -1388 -2651 2378 2101 1055 -2952 135 1732 -2889 -4362 -2636 -2009 -201 197 -866 -1275 -1903 -3110 2084 2818 -1416 239 -407 110 228 -2815 5446 2981 447 -2241 -3007 -4844 -1157 -3147 -2133 -475 -798 -1090 -2392 406 -372 -547 2908 -2197 -974
2277 869 -3454 658 -2184 -2236 -555 -1314 2215 5932 3328 -2374 36 -2106 -527 987 2286 452 1568 -1388 -2651 2378 2101 1055 -2952 135 1732 -2889 -4362 -2636 -2009 -201 197 -866 -1275 -1903 -3110 2084 2818 -1416 239 -407 110 228 -2815 5446 2981 447 -2241 -3007 -4844 -1157 -3147 -2133 -475 -798 -1090 -2392 406 -372 -547 2908 -2197 -974
2277 869 -3454 658 -2184 -2236 -555 -1314 2215 5932 3328 -2374 36 -2106 -527 987 2286 452 1568 -1388 -2651 2378 2101 1055 -2952 135 1732 -2889 -4362 -2636 -2009 -201 197 -866 -1275 -1903 -3110 2084 2818 -1416 239 -407 110 228 -2815 5446 2981 447 -2241 -3007 -4844 -1157 -3147 -2133 -475 -798 -1090 -2392 406 -372 -547 2908 -2197 -974
2277 869 -3454 658 -2184 -2236 -555 -1314 2215 5932 3328 -2374 36 -2106 -527 987 2286 452 1568 -1388 -2651 2378 2101 1055 -2952 135 1732 -2889 -4362 -2636 -2009 -201 197 -866 -1275 -1903 -3110 2084 2818 -1416 239 -407 110 228 -2815 5446 2981 447 -2241 -3007 -4844 -1157 -3147 -2133 -475 -798 -1090 -2392 406 -372 -547 2908 -2197 -974
2277 869 -3454 658 -2184 -2236 -555 -1314 2215 5932 3328 -2374 36 -2106 -527 987 2286 452 1568 -1388 -2651 2378 2101 1055 -2952 135 1732 -2889 -4362 -2636 -2009 -201 197 -866 -1275 -1903 -3110 2084 2818 -1416 239 -407 110 228 -2815 5446 2981 447 -2241 -3007 -4844 -1157 -3147 -2133 -475 -798 -1090 -2392 406 -372 -547 2908 -2197 -974
4104 910 -2415 1710 -2970 -886 -1306 -2051 -672 3276 573 -3345 1088 -2337 469 581 2714 385 2636 -398 -2236 -163 199 2122 -2326 -881 2887 -4804 -5505 -2355 -1780 -1399 2215 1524 -2246 -2871 -811 2542 4926 218 3554 -2427 1538 -143 -1796 2907 4850 -2473 2196 -3775 -4388 -674 372 -1447 -2831 -586 -10 -1701 -39 -995 -1870 3277 -4654 -692
1996 973 -2927 736 -2364 -2332 -545 -1315 2674 5671 3630 -2264 -132 -2405 -452 652 2190 505 1391 -1212 -2841 2120 2495 1608 -3301 97 2008 -2941 -4233 -2824 -1913 -167 362 -894 -1268 -2077 -3164 2209 2973 -1109 358 -207 -348 641 -2742 5466 3305 901 -2150 -2855 -4778 -1241 -3233 -1883 -441 -424 -1218 -2072 611 -312 -650 2994 -2477 -709
2277 869 -3454 658 -2184 -2236 -555 -1314 2215 5932 3328 -2374 36 -2106 -527 987 2286 452 1568 -1388 -2651 2378 2101 1055 -2952 135 1732 -2889 -4362 -2636 -2009 -201 197 -866 -1275 -1903 -3110 2084 2818 -1416 239 -407 110 228 -2815 5446 2981 447 -2241 -3007 -4844 -1157 -3147 -2133 -475 -798 -1090 -2392 406 -372 -547 2908 -2197 -974
2277 869 -3454 658 -2184 -2236 -555 -1314 2215 5932 3328 -2374 36 -2106 -527 987 2286 452 1568 -1388 -2651 2378 2101 1055 -2952 135 1732 -2889 -4362 -2636 -2009 -201 197 -866 -1275 -1903 -3110 2084 2818 -1416 239 -407 110 228 -2815 5446 2981 447 -2241 -3007 -4844 -1157 -3147 -2133 -475 -798 -1090 -2392 406 -372 -547 2908 -2197 -974
2277 869 -3454 658 -2184 -2236 -555 -1314 2215 5932 3328 -2374 36 -2106 -527 987 2286 452 1568 -1388 -2651 2378 2101 1055 -2952 135 1732 -2889 -4362 -2636 -2009 -201 197 -866 -1275 -1903 -3110 2084 2818 -1416 239 -407 110 228 -2815 5446 2981 447 -2241 -3007 -4844 -1157 -3147 -2133 -475 -798 -1090 -2392 406 -372 -547 2908 -2197 -974
2277 869 -3454 658 -2184 -2236 -555 -1314 2215 5932 3328 -2374 36 -2106 -527 987 2286 452 1568 -1388 -2651 2378 2101 1055 -2952 135 1732 -2889 -4362 -2636 -2009 -201 197 -866 -1275 -1903 -3110 2084 2818 -1416 239 -407 110 228 -2815 5446 2981 447 -2241 -3007 -4844 -1157 -3147 -2133 -475 -798 -1090 -2392 406 -372 -547 2908 -2197 -974
942 1558 -2266 1355 -2250 -1502 -2046 -2700 1254 4816 2753 -2842 662 -2116 -648 772 1534 -712 1161 -1353 -3000 1072 2730 1764 -4194 -404 3103 -1726 -6544 -2980 -767 -1530 256 1075 -2644 -1763 139 2583 4053 1834 221 -1760 -1029 356 -513 5050 2663 262 -328 -3597 -2778 44 -1586 -2400 -481 -1468 -389 -3900 1695 -767 9 2777 -2384 -295
823 1215 -2020 1853 -2861 -3399 531 -1008 3970 4400 2771 -1717 -1401 -2152 488 775 156 -104 325 788 -3388 93 2455 2236 -3028 446 2734 -2797 -3362 -3332 -2132 33 -220 -1065 -1171 -3910 -2880 4069 5601 -304 674 188 -23 68 -1692 4666 4140 1688 -714 -3460 -5224 -1762 -1977 -71 -3588 820 -1095 -1444 1621 2320 -828 3501 -2352 114
2277 869 -3454 658 -2184 -2236 -555 -1314 2215 5932 3328 -2374 36 -2106 -527 987 2286 452 1568 -1388 -2651 2378 2101 1055 -2952 135 1732 -2889 -4362 -2636 -2009 -201 197 -866 -1275 -1903 -3110 2084 2818 -1416 239 -407 110 228 -2815 5446 2981 447 -2241 -3007 -4844 -1157 -3147 -2133 -475 -798 -1090 -2392 406 -372 -547 2908 -2197 -974
2277 869 -3454 658 -2184 -2236 -555 -1314 2215 5932 3328 -2374 36 -2106 -527 987 2286 452 1568 -1388 -2651 2378 2101 1055 -2952 135 1732 -2889 -4362 -2636 -2009 -201 197 -866 -1275 -1903 -3110 2084 2818 -1416 239 -407 110 228 -2815 5446 2981 447 -2241 -3007 -4844 -1157 -3147 -2133 -475 -798 -1090 -2392 406 -372 -547 2908 -2197 -974
2277 869 -3454 658 -2184 -2236 -555 -1314 2215 5932 3328 -2374 36 -2106 -527 987 2286 452 1568 -1388 -2651 2378 2101 1055 -2952 135 1732 -2889 -4362 -2636 -2009 -201 197 -866 -1275 -1903 -3110 2084 2818 -1416 239 -407 110 228 -2815 5446 2981 447 -2241 -3007 -4844 -1157 -3147 -2133 -475 -798 -1090 -2392 406 -372 -547 2908 -2197 -974
2277 869 -3454 658 -2184 -2236 -555 -1314 2215 5932 3328 -2374 36 -2106 -527 987 2286 452 1568 -1388 -2651 2378 2101 1055 -2952 135 1732 -2889 -4362 -2636 -2009 -201 197 -866 -1275 -1903 -3110 2084 2818 -1416 239 -407 110 228 -2815 5446 2981 447 -2241 -3007 -4844 -1157 -3147 -2133 -475 -798 -1090 -2392 406 -372 -547 2908 -2197 -974
1832 1043 -3870 918 -2156 -2120 -709 -1683 1961 5563 3242 -2276 -458 -1976 -663 675 1902 251 1463 -1392 -2840 2259 2428 1239 -3197 439 2353 -2322 -4932 -2546 -2014 -693 -57 -536 -1788 -1754 -2193 2475 2867 -438 -23 -510 -152 366 -2218 5294 2963 465 -2033 -2622 -4771 -864 -3129 -1849 -687 -1101 -1210 -2719 693 -270 -568 3115 -2491 -663
3315 1094 -3009 2097 -2684 -2438 290 -1483 967 3749 448 -2266 -179 -1848 697 483 1189 353 2635 477 -2516 -204 574 1515 -1442 -6 3156 -3996 -4461 -2730 -2380 -1420 1314 824 -2270 -3625 -1655 3846 5165 -138 2922 -1176 1957 -318 -2408 3200 4808 -1555 1470 -3381 -5110 -976 -160 -424 -4364 -325 -454 -1276 413 863 -2385 3823 -3738 -527
2257 943 -3250 648 -2172 -2272 -511 -1292 2302 5879 3475 -2297 5 -2209 -499 792 2322 467 1573 -1338 -2725 2349 2284 1261 -2991 156 1866 -2881 -4302 -2686 -2010 -204 267 -827 -1316 -1932 -3108 2041 2803 -1277 233 -287 -81 381 -2796 5482 3044 595 -2183 -2939 -4832 -1152 -3170 -2039 -418 -701 -1139 -2226 403 -438 -643 2934 -2278 -916
2277 869 -3454 658 -2184 -2236 -555 -1314 2215 5932 3328 -2374 36 -2106 -527 987 2286 452 1568 -1388 -2651 2378 2101 1055 -2952 135 1732 -2889 -4362 -2636 -2009 -201 197 -866 -1275 -1903 -3110 2084 2818 -1416 239 -407 110 228 -2815 5446 2981 447 -2241 -3007 -4844 -1157 -3147 -2133 -475 -798 -1090 -2392 406 -372 -547 2908 -2197 -974
2277 869 -3454 658 -2184 -2236 -555 -1314 2215 5932 3328 -2374 36 -2106 -527 987 2286 452 1568 -1388 -2651 2378 2101 1055 -2952 135 1732 -2889 -4362 -2636 -2009 -201 197 -866 -1275 -1903 -3110 2084 2818 -1416 239 -407 110 228 -2815 5446 2981 447 -2241 -3007 -4844 -1157 -3147 -2133 -475 -798 -1090 -2392 406 -372 -547 2908 -2197 -974
2277 869 -3454 658 -2184 -2236 -555 -1314 2215 5932 3328 -2374 36 -2106 -527 987 2286 452 1568 -1388 -2651 2378 2101 1055 -2952 135 1732 -2889 -4362 -2636 -2009 -201 197 -866 -1275 -1903 -3110 2084 2818 -1416 239 -407 110 228 -2815 5446 2981 447 -2241 -3007 -4844 -1157 -3147 -2133 -475 -798 -1090 -2392 406 -372 -547 2908 -2197 -974
2277 869 -3454 658 -2184 -2236 -555 -1314 2215 5932 3328 -2374 36 -2106 -527 987 2286 452 1568 -1388 -2651 2378 2101 1055 -2952 135 1732 -2889 -4362 -2636 -2009 -201 197 -866 -1275 -1903 -3110 2084 2818 -1416 239 -407 110 228 -2815 5446 2981 447 -2241 -3007 -4844 -1157 -3147 -2133 -475 -798 -1090 -2392 406 -372 -547 2908 -2197 -974
3237 380 -1954 983 -4121 -1848 -3342 -2154 450 4855 2540 -3457 88 -2055 -874 872 2437 164 1683 -1371 -2197 363 888 885 -3632 -1092 2389 -4322 -5517 -2267 -2558 -891 2209 100 -3249 -2517 -566 3253 4498 189 1847 -2959 -212 60 -1058 4399 3281 -264 1261 -2969 -5059 -1345 -375 -1494 -377 -493 -303 -2609 -543 203 -791 4544 -3444 -1433
1457 1518 -1105 1361 -2947 -2858 -145 -862 4014 4781 3027 -2055 -928 -2428 650 634 890 311 -316 1161 -3311 210 2306 2343 -2901 -456 2673 -3136 -2807 -3419 -2219 120 698 -495 -1249 -4245 -3698 4135 5306 -660 1412 50 -152 533 -1333 3942 3955 1597 -430 -3090 -4966 -2110 -1722 -418 -3323 1664 -1563 -1673 2196 1599 -837 3134 -2374 71
2277 869 -3454 658 -2184 -2236 -555 -1314 2215 5932 3328 -2374 36 -2106 -527 987 2286 452 1568 -1388 -2651 2378 2101 1055 -2952 135 1732 -2889 -4362 -2636 -2009 -201 197 -866 -1275 -1903 -3110 2084 2818 -1416 239 -407 110 228 -2815 5446 2981 447 -2241 -3007 -4844 -1157 -3147 -2133 -475 -798 -1090 -2392 406 -372 -547 2908 -2197 -974
2277 869 -3454 658 -2184 -2236 -555 -1314 2215 5932 3328 -2374 36 -2106 -527 987 2286 452 1568 -1388 -2651 2378 2101 1055 -2952 135 1732 -2889 -4362 -2636 -2009 -201 197 -866 -1275 -1903 -3110 2084 2818 -1416 239 -407 110 228 -2815 5446 2981 447 -2241 -3007 -4844 -1157 -3147 -2133 -475 -798 -1090 -2392 406 -372 -547 2908 -2197 -974
2277 869 -3454 658 -2184 -2236 -555 -1314 2215 5932 3328 -2374 36 -2106 -527 987 2286 452 1568 -1388 -2651 2378 2101 1055 -2952 135 1732 -2889 -4362 -2636 -2009 -201 197 -866 -1275 -1903 -3110 2084 2818 -1416 239 -407 110 228 -2815 5446 2981 447 -2241 -3007 -4844 -1157 -3147 -2133 -475 -798 -1090 -2392 406 -372 -547 2908 -2197 -974
