1988 1950 1950 1950 1950 1950 1950 1950 1950 2063 2244 1950 1950 1950 1950 1950 1519 1366 1248 1058 1920 1950 1950 1950 1950 1950 1530 1927 1950 1950 1950 1950 1540 1924 1950 1950 1950 1950 2045 2149 1957 1950 1950 1950 1950 1321 1883 1950 1950 1950
2835 2971 2971 2971 2971 2971 2971 2971 2971 2926 3262 2971 2971 2971 2971 2971 2899 2441 2333 1923 2943 2971 2971 2971 2971 2971 2518 2967 2971 2971 2971 2971 1995 2771 2971 2971 2971 2971 3042 3297 2975 2971 2971 2971 2971 2513 2719 2971 2971 2971
2835 2971 2971 2971 2971 2971 2971 2971 2971 2926 3262 2971 2971 2971 2971 2971 2899 2441 2333 1923 2943 2971 2971 2971 2971 2971 2518 2967 2971 2971 2971 2971 1995 2771 2971 2971 2971 2971 3042 3297 2975 2971 2971 2971 2971 2513 2719 2971 2971 2971
2835 2971 2971 2971 2971 2971 2971 2971 2971 2926 3262 2971 2971 2971 2971 2971 2899 2441 2333 1923 2943 2971 2971 2971 2971 2971 2518 2967 2971 2971 2971 2971 1995 2771 2971 2971 2971 2971 3042 3297 2975 2971 2971 2971 2971 2513 2719 2971 2971 2971
2835 2971 2971 2971 2971 2971 2971 2971 2971 2926 3262 2971 2971 2971 2971 2971 2899 2441 2333 1923 2943 2971 2971 2971 2971 2971 2518 2967 2971 2971 2971 2971 1995 2771 2971 2971 2971 2971 3042 3297 2975 2971 2971 2971 2971 2513 2719 2971 2971 2971
2835 2971 2971 2971 2971 2971 2971 2971 2971 2926 3262 2971 2971 2971 2971 2971 2899 2441 2333 1923 2943 2971 2971 2971 2971 2971 2518 2967 2971 2971 2971 2971 1995 2771 2971 2971 2971 2971 3042 3297 2975 2971 2971 2971 2971 2513 2719 2971 2971 2971
2835 2971 2971 2971 2971 2971 2971 2971 2971 2926 3262 2971 2971 2971 2971 2971 2899 2441 2333 1923 2943 2971 2971 2971 2971 2971 2518 2967 2971 2971 2971 2971 1995 2771 2971 2971 2971 2971 3042 3297 2975 2971 2971 2971 2971 2513 2719 2971 2971 2971
2835 2971 2971 2971 2971 2971 2971 2971 2971 2926 3262 2971 2971 2971 2971 2971 2899 2441 2333 1923 2943 2971 2971 2971 2971 2971 2518 2967 2971 2971 2971 2971 1995 2771 2971 2971 2971 2971 3042 3297 2975 2971 2971 2971 2971 2513 2719 2971 2971 2971
2835 2971 2971 2971 2971 2971 2971 2971 2971 2926 3262 2971 2971 2971 2971 2971 2899 2441 2333 1923 2943 2971 2971 2971 2971 2971 2518 2967 2971 2971 2971 2971 1995 2771 2971 2971 2971 2971 3042 3297 2975 2971 2971 2971 2971 2513 2719 2971 2971 2971
2795 2798 2798 2798 2798 2798 2798 2798 2798 2776 3086 2798 2798 2798 2798 2798 2760 2357 2283 1920 2833 2798 2798 2798 2798 2798 2466 2809 2798 2798 2798 2798 1953 2682 2798 2798 2798 2798 2874 3189 2804 2798 2798 2798 2798 2428 2646 2798 2798 2798
2912 2918 2918 2918 2918 2918 2918 2918 2918 2870 3235 2918 2918 2918 2918 2918 2818 2464 2360 1998 3037 2918 2918 2918 2918 2918 2560 2934 2918 2918 2918 2918 2010 2881 2918 2918 2918 2918 2994 3414 2930 2918 2918 2918 2918 2471 2811 2918 2918 2918
2835 2971 2971 2971 2971 2971 2971 2971 2971 2926 3262 2971 2971 2971 2971 2971 2899 2441 2333 1923 2943 2971 2971 2971 2971 2971 2518 2967 2971 2971 2971 2971 1995 2771 2971 2971 2971 2971 3042 3297 2975 2971 2971 2971 2971 2513 2719 2971 2971 2971
2835 2971 2971 2971 2971 2971 2971 2971 2971 2926 3262 2971 2971 2971 2971 2971 2899 2441 2333 1923 2943 2971 2971 2971 2971 2971 2518 2967 2971 2971 2971 2971 1995 2771 2971 2971 2971 2971 3042 3297 2975 2971 2971 2971 2971 2513 2719 2971 2971 2971
2835 2971 2971 2971 2971 2971 2971 2971 2971 2926 3262 2971 2971 2971 2971 2971 2899 2441 2333 1923 2943 2971 2971 2971 2971 2971 2518 2967 2971 2971 2971 2971 1995 2771 2971 2971 2971 2971 3042 3297 2975 2971 2971 2971 2971 2513 2719 2971 2971 2971
2835 2971 2971 2971 2971 2971 2971 2971 2971 2926 3262 2971 2971 2971 2971 2971 2899 2441 2333 1923 2943 2971 2971 2971 2971 2971 2518 2967 2971 2971 2971 2971 1995 2771 2971 2971 2971 2971 3042 3297 2975 2971 2971 2971 2971 2513 2719 2971 2971 2971
2835 2971 2971 2971 2971 2971 2971 2971 2971 2926 3262 2971 2971 2971 2971 2971 2899 2441 2333 1923 2943 2971 2971 2971 2971 2971 2518 2967 2971 2971 2971 2971 1995 2771 2971 2971 2971 2971 3042 3297 2975 2971 2971 2971 2971 2513 2719 2971 2971 2971
2769 2738 2738 2738 2738 2738 2738 2738 2738 2751 2970 2738 2738 2738 2738 2738 2696 2255 2115 1758 2684 2738 2738 2738 2738 2738 2461 2724 2738 2738 2738 2738 1868 2641 2738 2738 2738 2738 2799 3212 2737 2738 2738 2738 2738 2159 2643 2738 2738 2738
2666 2433 2433 2433 2433 2433 2433 2433 2433 2638 2767 2433 2433 2433 2433 2433 1876 1659 1682 1645 2457 2433 2433 2433 2433 2433 2147 2394 2433 2433 2433 2433 2236 2435 2433 2433 2433 2433 2563 2780 2431 2433 2433 2433 2433 1827 2418 2433 2433 2433
2035 2073 2073 2073 2073 2073 2073 2073 2073 2185 2277 2073 2073 2073 2073 2073 1703 1524 1378 1180 1834 2073 2073 2073 2073 2073 1709 2037 2073 2073 2073 2073 1673 1843 2073 2073 2073 2073 2136 2154 2076 2073 2073 2073 2073 1500 1886 2073 2073 2073
1841 1813 1813 1813 1813 1813 1813 1813 1813 1880 2003 1813 1813 1813 1813 1813 1589 1420 1280 1000 1569 1813 1813 1813 1813 1813 1656 1781 1813 1813 1813 1813 1475 1592 1813 1813 1813 1813 1815 1916 1813 1813 1813 1813 1813 1364 1618 1813 1813 1813
2000 2195 2195 2195 2195 2195 2195 2195 2195 2217 2370 2195 2195 2195 2195 2195 2135 1995 1705 1308 1943 2195 2195 2195 2195 2195 1821 2201 2195 2195 2195 2195 1462 1962 2195 2195 2195 2195 2245 2380 2213 2195 2195 2195 2195 1718 2061 2195 2195 2195
2835 2971 2971 2971 2971 2971 2971 2971 2971 2926 3262 2971 2971 2971 2971 2971 2899 2441 2333 1923 2943 2971 2971 2971 2971 2971 2518 2967 2971 2971 2971 2971 1995 2771 2971 2971 2971 2971 3042 3297 2975 2971 2971 2971 2971 2513 2719 2971 2971 2971
2835 2971 2971 2971 2971 2971 2971 2971 2971 2926 3262 2971 2971 2971 2971 2971 2899 2441 2333 1923 2943 2971 2971 2971 2971 2971 2518 2967 2971 2971 2971 2971 1995 2771 2971 2971 2971 2971 3042 3297 2975 2971 2971 2971 2971 2513 2719 2971 2971 2971
2835 2971 2971 2971 2971 2971 2971 2971 2971 2926 3262 2971 2971 2971 2971 2971 2899 2441 2333 1923 2943 2971 2971 2971 2971 2971 2518 2967 2971 2971 2971 2971 1995 2771 2971 2971 2971 2971 3042 3297 2975 2971 2971 2971 2971 2513 2719 2971 2971 2971
2835 2971 2971 2971 2971 2971 2971 2971 2971 2926 3262 2971 2971 2971 2971 2971 2899 2441 2333 1923 2943 2971 2971 2971 2971 2971 2518 2967 2971 2971 2971 2971 1995 2771 2971 2971 2971 2971 3042 3297 2975 2971 2971 2971 2971 2513 2719 2971 2971 2971
2835 2971 2971 2971 2971 2971 2971 2971 2971 2926 3262 2971 2971 2971 2971 2971 2899 2441 2333 1923 2943 2971 2971 2971 2971 2971 2518 2967 2971 2971 2971 2971 1995 2771 2971 2971 2971 2971 3042 3297 2975 2971 2971 2971 2971 2513 2719 2971 2971 2971
1910 1768 1768 1768 1768 1768 1768 1768 1768 1797 2033 1768 1768 1768 1768 1768 1518 1248 1151 995 1911 1768 1768 1768 1768 1768 1429 1727 1768 1768 1768 1768 1164 1926 1768 1768 1768 1768 1832 2188 1759 1768 1768 1768 1768 1125 1782 1768 1768 1768
2733 2827 2827 2827 2827 2827 2827 2827 2827 2837 3141 2827 2827 2827 2827 2827 2700 2301 2198 1844 2772 2827 2827 2827 2827 2827 2411 2816 2827 2827 2827 2827 1994 2627 2827 2827 2827 2827 2912 3133 2829 2827 2827 2827 2827 2368 2585 2827 2827 2827
2835 2971 2971 2971 2971 2971 2971 2971 2971 2926 3262 2971 2971 2971 2971 2971 2899 2441 2333 1923 2943 2971 2971 2971 2971 2971 2518 2967 2971 2971 2971 2971 1995 2771 2971 2971 2971 2971 3042 3297 2975 2971 2971 2971 2971 2513 2719 2971 2971 2971
2835 2971 2971 2971 2971 2971 2971 2971 2971 2926 3262 2971 2971 2971 2971 2971 2899 2441 2333 1923 2943 2971 2971 2971 2971 2971 2518 2967 2971 2971 2971 2971 1995 2771 2971 2971 2971 2971 3042 3297 2975 2971 2971 2971 2971 2513 2719 2971 2971 2971
2835 2971 2971 2971 2971 2971 2971 2971 2971 2926 3262 2971 2971 2971 2971 2971 2899 2441 2333 1923 2943 2971 2971 2971 2971 2971 2518 2967 2971 2971 2971 2971 1995 2771 2971 2971 2971 2971 3042 3297 2975 2971 2971 2971 2971 2513 2719 2971 2971 2971
2835 2971 2971 2971 2971 2971 2971 2971 2971 2926 3262 2971 2971 2971 2971 2971 2899 2441 2333 1923 2943 2971 2971 2971 2971 2971 2518 2967 2971 2971 2971 2971 1995 2771 2971 2971 2971 2971 3042 3297 2975 2971 2971 2971 2971 2513 2719 2971 2971 2971
2375 2433 2433 2433 2433 2433 2433 2433 2433 2333 2703 2433 2433 2433 2433 2433 2455 2094 1962 1487 2367 2433 2433 2433 2433 2433 2200 2416 2433 2433 2433 2433 1583 2264 2433 2433 2433 2433 2419 2755 2430 2433 2433 2433 2433 2055 2180 2433 2433 2433
2130 2298 2298 2298 2298 2298 2298 2298 2298 2353 2477 2298 2298 2298 2298 2298 2034 1925 1693 1372 2092 2298 2298 2298 2298 2298 1859 2308 2298 2298 2298 2298 1707 2086 2298 2298 2298 2298 2362 2422 2321 2298 2298 2298 2298 1790 2194 2298 2298 2298
2835 2971 2971 2971 2971 2971 2971 2971 2971 2926 3262 2971 2971 2971 2971 2971 2899 2441 2333 1923 2943 2971 2971 2971 2971 2971 2518 2967 2971 2971 2971 2971 1995 2771 2971 2971 2971 2971 3042 3297 2975 2971 2971 2971 2971 2513 2719 2971 2971 2971
2835 2971 2971 2971 2971 2971 2971 2971 2971 2926 3262 2971 2971 2971 2971 2971 2899 2441 2333 1923 2943 2971 2971 2971 2971 2971 2518 2967 2971 2971 2971 2971 1995 2771 2971 2971 2971 2971 3042 3297 2975 2971 2971 2971 2971 2513 2719 2971 2971 2971
2835 2971 2971 2971 2971 2971 2971 2971 2971 2926 3262 2971 2971 2971 2971 2971 2899 2441 2333 1923 2943 2971 2971 2971 2971 2971 2518 2967 2971 2971 2971 2971 1995 2771 2971 2971 2971 2971 3042 3297 2975 2971 2971 2971 2971 2513 2719 2971 2971 2971
2835 2971 2971 2971 2971 2971 2971 2971 2971 2926 3262 2971 2971 2971 2971 2971 2899 2441 2333 1923 2943 2971 2971 2971 2971 2971 2518 2967 2971 2971 2971 2971 1995 2771 2971 2971 2971 2971 3042 3297 2975 2971 2971 2971 2971 2513 2719 2971 2971 2971
2956 3001 3001 3001 3001 3001 3001 3001 3001 2976 3295 3001 3001 3001 3001 3001 2981 2511 2431 2027 3015 3001 3001 3001 3001 3001 2646 3005 3001 3001 3001 3001 2089 2844 3001 3001 3001 3001 3074 3381 3004 3001 3001 3001 3001 2597 2791 3001 3001 3001
2104 2105 2105 2105 2105 2105 2105 2105 2105 2143 2330 2105 2105 2105 2105 2105 1748 1539 1396 1182 2173 2105 2105 2105 2105 2105 1640 2095 2105 2105 2105 2105 1467 2176 2105 2105 2105 2105 2186 2439 2115 2105 2105 2105 2105 1440 2139 2105 2105 2105
2835 2945 2945 2945 2945 2945 2945 2945 2945 2924 3258 2945 2945 2945 2945 2945 2839 2393 2301 1920 2927 2945 2945 2945 2945 2945 2504 2936 2945 2945 2945 2945 2028 2756 2945 2945 2945 2945 3025 3276 2947 2945 2945 2945 2945 2485 2696 2945 2945 2945
2835 2971 2971 2971 2971 2971 2971 2971 2971 2926 3262 2971 2971 2971 2971 2971 2899 2441 2333 1923 2943 2971 2971 2971 2971 2971 2518 2967 2971 2971 2971 2971 1995 2771 2971 2971 2971 2971 3042 3297 2975 2971 2971 2971 2971 2513 2719 2971 2971 2971
2835 2971 2971 2971 2971 2971 2971 2971 2971 2926 3262 2971 2971 2971 2971 2971 2899 2441 2333 1923 2943 2971 2971 2971 2971 2971 2518 2967 2971 2971 2971 2971 1995 2771 2971 2971 2971 2971 3042 3297 2975 2971 2971 2971 2971 2513 2719 2971 2971 2971
2835 2971 2971 2971 2971 2971 2971 2971 2971 2926 3262 2971 2971 2971 2971 2971 2899 2441 2333 1923 2943 2971 2971 2971 2971 2971 2518 2967 2971 2971 2971 2971 1995 2771 2971 2971 2971 2971 3042 3297 2975 2971 2971 2971 2971 2513 2719 2971 2971 2971
2835 2971 2971 2971 2971 2971 2971 2971 2971 2926 3262 2971 2971 2971 2971 2971 2899 2441 2333 1923 2943 2971 2971 2971 2971 2971 2518 2967 2971 2971 2971 2971 1995 2771 2971 2971 2971 2971 3042 3297 2975 2971 2971 2971 2971 2513 2719 2971 2971 2971
2802 2867 2867 2867 2867 2867 2867 2867 2867 2842 3159 2867 2867 2867 2867 2867 2803 2237 2126 1678 2734 2867 2867 2867 2867 2867 2581 2797 2867 2867 2867 2867 1972 2634 2867 2867 2867 2867 2873 3200 2845 2867 2867 2867 2867 2251 2491 2867 2867 2867
1988 2167 2167 2167 2167 2167 2167 2167 2167 2250 2386 2167 2167 2167 2167 2167 1825 1672 1476 1201 1932 2167 2167 2167 2167 2167 1673 2157 2167 2167 2167 2167 1638 1901 2167 2167 2167 2167 2239 2190 2182 2167 2167 2167 2167 1638 1970 2167 2167 2167
2835 2971 2971 2971 2971 2971 2971 2971 2971 2926 3262 2971 2971 2971 2971 2971 2899 2441 2333 1923 2943 2971 2971 2971 2971 2971 2518 2967 2971 2971 2971 2971 1995 2771 2971 2971 2971 2971 3042 3297 2975 2971 2971 2971 2971 2513 2719 2971 2971 2971
2835 2971 2971 2971 2971 2971 2971 2971 2971 2926 3262 2971 2971 2971 2971 2971 2899 2441 2333 1923 2943 2971 2971 2971 2971 2971 2518 2967 2971 2971 2971 2971 1995 2771 2971 2971 2971 2971 3042 3297 2975 2971 2971 2971 2971 2513 2719 2971 2971 2971
2835 2971 2971 2971 2971 2971 2971 2971 2971 2926 3262 2971 2971 2971 2971 2971 2899 2441 2333 1923 2943 2971 2971 2971 2971 2971 2518 2967 2971 2971 2971 2971 1995 2771 2971 2971 2971 2971 3042 3297 2975 2971 2971 2971 2971 2513 2719 2971 2971 2971
