855 1017 1017 1017 1017 1017 1017 1017 1017 1068 1208 1017 1017 1017 1017 1017 510 865 733 765 255 1017 1017 1017 1017 1017 329 938 1017 1017 1017 1017 653 829 1017 1017 1017 1017 1154 1014 998 1017 1017 1017 1017 502 1227 1017 1017 1017
1088 1413 1413 1413 1413 1413 1413 1413 1413 1342 1602 1413 1413 1413 1413 1413 950 847 827 475 570 1413 1413 1413 1413 1413 981 1199 1413 1413 1413 1413 825 1056 1413 1413 1413 1413 1364 1510 1333 1413 1413 1413 1413 811 1325 1413 1413 1413
1088 1413 1413 1413 1413 1413 1413 1413 1413 1342 1602 1413 1413 1413 1413 1413 950 847 827 475 570 1413 1413 1413 1413 1413 981 1199 1413 1413 1413 1413 825 1056 1413 1413 1413 1413 1364 1510 1333 1413 1413 1413 1413 811 1325 1413 1413 1413
1088 1413 1413 1413 1413 1413 1413 1413 1413 1342 1602 1413 1413 1413 1413 1413 950 847 827 475 570 1413 1413 1413 1413 1413 981 1199 1413 1413 1413 1413 825 1056 1413 1413 1413 1413 1364 1510 1333 1413 1413 1413 1413 811 1325 1413 1413 1413
1088 1413 1413 1413 1413 1413 1413 1413 1413 1342 1602 1413 1413 1413 1413 1413 950 847 827 475 570 1413 1413 1413 1413 1413 981 1199 1413 1413 1413 1413 825 1056 1413 1413 1413 1413 1364 1510 1333 1413 1413 1413 1413 811 1325 1413 1413 1413
1088 1413 1413 1413 1413 1413 1413 1413 1413 1342 1602 1413 1413 1413 1413 1413 950 847 827 475 570 1413 1413 1413 1413 1413 981 1199 1413 1413 1413 1413 825 1056 1413 1413 1413 1413 1364 1510 1333 1413 1413 1413 1413 811 1325 1413 1413 1413
1088 1413 1413 1413 1413 1413 1413 1413 1413 1342 1602 1413 1413 1413 1413 1413 950 847 827 475 570 1413 1413 1413 1413 1413 981 1199 1413 1413 1413 1413 825 1056 1413 1413 1413 1413 1364 1510 1333 1413 1413 1413 1413 811 1325 1413 1413 1413
1088 1413 1413 1413 1413 1413 1413 1413 1413 1342 1602 1413 1413 1413 1413 1413 950 847 827 475 570 1413 1413 1413 1413 1413 981 1199 1413 1413 1413 1413 825 1056 1413 1413 1413 1413 1364 1510 1333 1413 1413 1413 1413 811 1325 1413 1413 1413
1088 1413 1413 1413 1413 1413 1413 1413 1413 1342 1602 1413 1413 1413 1413 1413 950 847 827 475 570 1413 1413 1413 1413 1413 981 1199 1413 1413 1413 1413 825 1056 1413 1413 1413 1413 1364 1510 1333 1413 1413 1413 1413 811 1325 1413 1413 1413
837 1184 1184 1184 1184 1184 1184 1184 1184 1156 1334 1184 1184 1184 1184 1184 575 566 599 383 418 1184 1184 1184 1184 1184 483 980 1184 1184 1184 1184 694 949 1184 1184 1184 1184 1187 1159 1108 1184 1184 1184 1184 499 1234 1184 1184 1184
864 1068 1068 1068 1068 1068 1068 1068 1068 1064 1235 1068 1068 1068 1068 1068 638 630 638 543 301 1068 1068 1068 1068 1068 637 878 1068 1068 1068 1068 682 793 1068 1068 1068 1068 1107 1230 998 1068 1068 1068 1068 608 1084 1068 1068 1068
1088 1413 1413 1413 1413 1413 1413 1413 1413 1342 1602 1413 1413 1413 1413 1413 950 847 827 475 570 1413 1413 1413 1413 1413 981 1199 1413 1413 1413 1413 825 1056 1413 1413 1413 1413 1364 1510 1333 1413 1413 1413 1413 811 1325 1413 1413 1413
1088 1413 1413 1413 1413 1413 1413 1413 1413 1342 1602 1413 1413 1413 1413 1413 950 847 827 475 570 1413 1413 1413 1413 1413 981 1199 1413 1413 1413 1413 825 1056 1413 1413 1413 1413 1364 1510 1333 1413 1413 1413 1413 811 1325 1413 1413 1413
1088 1413 1413 1413 1413 1413 1413 1413 1413 1342 1602 1413 1413 1413 1413 1413 950 847 827 475 570 1413 1413 1413 1413 1413 981 1199 1413 1413 1413 1413 825 1056 1413 1413 1413 1413 1364 1510 1333 1413 1413 1413 1413 811 1325 1413 1413 1413
1088 1413 1413 1413 1413 1413 1413 1413 1413 1342 1602 1413 1413 1413 1413 1413 950 847 827 475 570 1413 1413 1413 1413 1413 981 1199 1413 1413 1413 1413 825 1056 1413 1413 1413 1413 1364 1510 1333 1413 1413 1413 1413 811 1325 1413 1413 1413
1088 1413 1413 1413 1413 1413 1413 1413 1413 1342 1602 1413 1413 1413 1413 1413 950 847 827 475 570 1413 1413 1413 1413 1413 981 1199 1413 1413 1413 1413 825 1056 1413 1413 1413 1413 1364 1510 1333 1413 1413 1413 1413 811 1325 1413 1413 1413
539 402 402 402 402 402 402 402 402 390 644 402 402 402 402 402 82 334 444 164 -167 402 402 402 402 402 567 250 402 402 402 402 75 329 402 402 402 402 353 882 338 402 402 402 402 25 640 402 402 402
399 144 144 144 144 144 144 144 144 245 391 144 144 144 144 144 -131 406 302 361 -212 144 144 144 144 144 51 166 144 144 144 144 96 206 144 144 144 144 240 279 155 144 144 144 144 -150 506 144 144 144
452 433 433 433 433 433 433 433 433 455 608 433 433 433 433 433 140 588 432 363 -19 433 433 433 433 433 154 446 433 433 433 433 87 393 433 433 433 433 526 537 446 433 433 433 433 75 722 433 433 433
192 198 198 198 198 198 198 198 198 223 275 198 198 198 198 198 -344 384 428 426 -134 198 198 198 198 198 -413 221 198 198 198 198 -103 383 198 198 198 198 337 203 212 198 198 198 198 -171 820 198 198 198
916 927 927 927 927 927 927 927 927 974 1085 927 927 927 927 927 425 681 655 676 349 927 927 927 927 927 466 829 927 927 927 927 659 832 927 927 927 927 1028 1081 898 927 927 927 927 510 1158 927 927 927
1088 1413 1413 1413 1413 1413 1413 1413 1413 1342 1602 1413 1413 1413 1413 1413 950 847 827 475 570 1413 1413 1413 1413 1413 981 1199 1413 1413 1413 1413 825 1056 1413 1413 1413 1413 1364 1510 1333 1413 1413 1413 1413 811 1325 1413 1413 1413
1088 1413 1413 1413 1413 1413 1413 1413 1413 1342 1602 1413 1413 1413 1413 1413 950 847 827 475 570 1413 1413 1413 1413 1413 981 1199 1413 1413 1413 1413 825 1056 1413 1413 1413 1413 1364 1510 1333 1413 1413 1413 1413 811 1325 1413 1413 1413
1088 1413 1413 1413 1413 1413 1413 1413 1413 1342 1602 1413 1413 1413 1413 1413 950 847 827 475 570 1413 1413 1413 1413 1413 981 1199 1413 1413 1413 1413 825 1056 1413 1413 1413 1413 1364 1510 1333 1413 1413 1413 1413 811 1325 1413 1413 1413
1088 1413 1413 1413 1413 1413 1413 1413 1413 1342 1602 1413 1413 1413 1413 1413 950 847 827 475 570 1413 1413 1413 1413 1413 981 1199 1413 1413 1413 1413 825 1056 1413 1413 1413 1413 1364 1510 1333 1413 1413 1413 1413 811 1325 1413 1413 1413
1088 1413 1413 1413 1413 1413 1413 1413 1413 1342 1602 1413 1413 1413 1413 1413 950 847 827 475 570 1413 1413 1413 1413 1413 981 1199 1413 1413 1413 1413 825 1056 1413 1413 1413 1413 1364 1510 1333 1413 1413 1413 1413 811 1325 1413 1413 1413
753 894 894 894 894 894 894 894 894 886 1139 894 894 894 894 894 673 998 910 649 -188 894 894 894 894 894 886 756 894 894 894 894 495 435 894 894 894 894 902 1168 849 894 894 894 894 594 949 894 894 894
1225 1515 1515 1515 1515 1515 1515 1515 1515 1474 1725 1515 1515 1515 1515 1515 1004 980 925 648 707 1515 1515 1515 1515 1515 980 1322 1515 1515 1515 1515 956 1206 1515 1515 1515 1515 1505 1584 1445 1515 1515 1515 1515 884 1471 1515 1515 1515
1088 1413 1413 1413 1413 1413 1413 1413 1413 1342 1602 1413 1413 1413 1413 1413 950 847 827 475 570 1413 1413 1413 1413 1413 981 1199 1413 1413 1413 1413 825 1056 1413 1413 1413 1413 1364 1510 1333 1413 1413 1413 1413 811 1325 1413 1413 1413
1088 1413 1413 1413 1413 1413 1413 1413 1413 1342 1602 1413 1413 1413 1413 1413 950 847 827 475 570 1413 1413 1413 1413 1413 981 1199 1413 1413 1413 1413 825 1056 1413 1413 1413 1413 1364 1510 1333 1413 1413 1413 1413 811 1325 1413 1413 1413
1088 1413 1413 1413 1413 1413 1413 1413 1413 1342 1602 1413 1413 1413 1413 1413 950 847 827 475 570 1413 1413 1413 1413 1413 981 1199 1413 1413 1413 1413 825 1056 1413 1413 1413 1413 1364 1510 1333 1413 1413 1413 1413 811 1325 1413 1413 1413
1088 1413 1413 1413 1413 1413 1413 1413 1413 1342 1602 1413 1413 1413 1413 1413 950 847 827 475 570 1413 1413 1413 1413 1413 981 1199 1413 1413 1413 1413 825 1056 1413 1413 1413 1413 1364 1510 1333 1413 1413 1413 1413 811 1325 1413 1413 1413
1068 1628 1628 1628 1628 1628 1628 1628 1628 1576 1687 1628 1628 1628 1628 1628 883 999 1109 881 620 1628 1628 1628 1628 1628 607 1406 1628 1628 1628 1628 1072 1269 1628 1628 1628 1628 1677 1454 1551 1628 1628 1628 1628 994 1732 1628 1628 1628
809 740 740 740 740 740 740 740 740 825 903 740 740 740 740 740 291 592 498 623 277 740 740 740 740 740 275 705 740 740 740 740 620 692 740 740 740 740 872 749 736 740 740 740 740 372 972 740 740 740
1088 1413 1413 1413 1413 1413 1413 1413 1413 1342 1602 1413 1413 1413 1413 1413 950 847 827 475 570 1413 1413 1413 1413 1413 981 1199 1413 1413 1413 1413 825 1056 1413 1413 1413 1413 1364 1510 1333 1413 1413 1413 1413 811 1325 1413 1413 1413
1088 1413 1413 1413 1413 1413 1413 1413 1413 1342 1602 1413 1413 1413 1413 1413 950 847 827 475 570 1413 1413 1413 1413 1413 981 1199 1413 1413 1413 1413 825 1056 1413 1413 1413 1413 1364 1510 1333 1413 1413 1413 1413 811 1325 1413 1413 1413
1088 1413 1413 1413 1413 1413 1413 1413 1413 1342 1602 1413 1413 1413 1413 1413 950 847 827 475 570 1413 1413 1413 1413 1413 981 1199 1413 1413 1413 1413 825 1056 1413 1413 1413 1413 1364 1510 1333 1413 1413 1413 1413 811 1325 1413 1413 1413
1088 1413 1413 1413 1413 1413 1413 1413 1413 1342 1602 1413 1413 1413 1413 1413 950 847 827 475 570 1413 1413 1413 1413 1413 981 1199 1413 1413 1413 1413 825 1056 1413 1413 1413 1413 1364 1510 1333 1413 1413 1413 1413 811 1325 1413 1413 1413
880 1236 1236 1236 1236 1236 1236 1236 1236 1172 1397 1236 1236 1236 1236 1236 669 655 691 380 426 1236 1236 1236 1236 1236 645 1024 1236 1236 1236 1236 665 969 1236 1236 1236 1236 1207 1287 1156 1236 1236 1236 1236 579 1276 1236 1236 1236
275 276 276 276 276 276 276 276 276 260 485 276 276 276 276 276 82 381 343 207 -469 276 276 276 276 276 288 191 276 276 276 276 -16 38 276 276 276 276 298 522 246 276 276 276 276 50 443 276 276 276
1155 1466 1466 1466 1466 1466 1466 1466 1466 1409 1669 1466 1466 1466 1466 1466 985 903 870 546 626 1466 1466 1466 1466 1466 1002 1257 1466 1466 1466 1466 898 1117 1466 1466 1466 1466 1430 1549 1388 1466 1466 1466 1466 852 1383 1466 1466 1466
1088 1413 1413 1413 1413 1413 1413 1413 1413 1342 1602 1413 1413 1413 1413 1413 950 847 827 475 570 1413 1413 1413 1413 1413 981 1199 1413 1413 1413 1413 825 1056 1413 1413 1413 1413 1364 1510 1333 1413 1413 1413 1413 811 1325 1413 1413 1413
1088 1413 1413 1413 1413 1413 1413 1413 1413 1342 1602 1413 1413 1413 1413 1413 950 847 827 475 570 1413 1413 1413 1413 1413 981 1199 1413 1413 1413 1413 825 1056 1413 1413 1413 1413 1364 1510 1333 1413 1413 1413 1413 811 1325 1413 1413 1413
1088 1413 1413 1413 1413 1413 1413 1413 1413 1342 1602 1413 1413 1413 1413 1413 950 847 827 475 570 1413 1413 1413 1413 1413 981 1199 1413 1413 1413 1413 825 1056 1413 1413 1413 1413 1364 1510 1333 1413 1413 1413 1413 811 1325 1413 1413 1413
1088 1413 1413 1413 1413 1413 1413 1413 1413 1342 1602 1413 1413 1413 1413 1413 950 847 827 475 570 1413 1413 1413 1413 1413 981 1199 1413 1413 1413 1413 825 1056 1413 1413 1413 1413 1364 1510 1333 1413 1413 1413 1413 811 1325 1413 1413 1413
622 946 946 946 946 946 946 946 946 837 1112 946 946 946 946 946 593 803 812 358 -51 946 946 946 946 946 776 757 946 946 946 946 284 584 946 946 946 946 891 1262 877 946 946 946 946 492 1075 946 946 946
986 1038 1038 1038 1038 1038 1038 1038 1038 1112 1224 1038 1038 1038 1038 1038 563 812 617 653 501 1038 1038 1038 1038 1038 454 1011 1038 1038 1038 1038 817 903 1038 1038 1038 1038 1155 910 1041 1038 1038 1038 1038 544 1163 1038 1038 1038
1088 1413 1413 1413 1413 1413 1413 1413 1413 1342 1602 1413 1413 1413 1413 1413 950 847 827 475 570 1413 1413 1413 1413 1413 981 1199 1413 1413 1413 1413 825 1056 1413 1413 1413 1413 1364 1510 1333 1413 1413 1413 1413 811 1325 1413 1413 1413
1088 1413 1413 1413 1413 1413 1413 1413 1413 1342 1602 1413 1413 1413 1413 1413 950 847 827 475 570 1413 1413 1413 1413 1413 981 1199 1413 1413 1413 1413 825 1056 1413 1413 1413 1413 1364 1510 1333 1413 1413 1413 1413 811 1325 1413 1413 1413
1088 1413 1413 1413 1413 1413 1413 1413 1413 1342 1602 1413 1413 1413 1413 1413 950 847 827 475 570 1413 1413 1413 1413 1413 981 1199 1413 1413 1413 1413 825 1056 1413 1413 1413 1413 1364 1510 1333 1413 1413 1413 1413 811 1325 1413 1413 1413
