2286 2671 2671 2671 2671 2671 2671 2671 2671 2218 2403 2671 2671 2671 2671 2671 2182 2886 2972 2107 3054 2671 2671 2671 2671 2671 719 2911 2671 2671 2671 2671 1411 3257 2671 2671 2671 2671 2435 1338 2728 2671 2671 2671 2671 2015 3299 2671 2671 2671
2063 2378 2378 2378 2378 2378 2378 2378 2378 2147 2532 2378 2378 2378 2378 2378 2109 2417 2209 1769 2590 2378 2378 2378 2378 2378 1219 2481 2378 2378 2378 2378 1837 2710 2378 2378 2378 2378 2316 1629 2407 2378 2378 2378 2378 2185 2457 2378 2378 2378
2063 2378 2378 2378 2378 2378 2378 2378 2378 2147 2532 2378 2378 2378 2378 2378 2109 2417 2209 1769 2590 2378 2378 2378 2378 2378 1219 2481 2378 2378 2378 2378 1837 2710 2378 2378 2378 2378 2316 1629 2407 2378 2378 2378 2378 2185 2457 2378 2378 2378
2063 2378 2378 2378 2378 2378 2378 2378 2378 2147 2532 2378 2378 2378 2378 2378 2109 2417 2209 1769 2590 2378 2378 2378 2378 2378 1219 2481 2378 2378 2378 2378 1837 2710 2378 2378 2378 2378 2316 1629 2407 2378 2378 2378 2378 2185 2457 2378 2378 2378
2063 2378 2378 2378 2378 2378 2378 2378 2378 2147 2532 2378 2378 2378 2378 2378 2109 2417 2209 1769 2590 2378 2378 2378 2378 2378 1219 2481 2378 2378 2378 2378 1837 2710 2378 2378 2378 2378 2316 1629 2407 2378 2378 2378 2378 2185 2457 2378 2378 2378
2063 2378 2378 2378 2378 2378 2378 2378 2378 2147 2532 2378 2378 2378 2378 2378 2109 2417 2209 1769 2590 2378 2378 2378 2378 2378 1219 2481 2378 2378 2378 2378 1837 2710 2378 2378 2378 2378 2316 1629 2407 2378 2378 2378 2378 2185 2457 2378 2378 2378
2063 2378 2378 2378 2378 2378 2378 2378 2378 2147 2532 2378 2378 2378 2378 2378 2109 2417 2209 1769 2590 2378 2378 2378 2378 2378 1219 2481 2378 2378 2378 2378 1837 2710 2378 2378 2378 2378 2316 1629 2407 2378 2378 2378 2378 2185 2457 2378 2378 2378
2063 2378 2378 2378 2378 2378 2378 2378 2378 2147 2532 2378 2378 2378 2378 2378 2109 2417 2209 1769 2590 2378 2378 2378 2378 2378 1219 2481 2378 2378 2378 2378 1837 2710 2378 2378 2378 2378 2316 1629 2407 2378 2378 2378 2378 2185 2457 2378 2378 2378
2063 2378 2378 2378 2378 2378 2378 2378 2378 2147 2532 2378 2378 2378 2378 2378 2109 2417 2209 1769 2590 2378 2378 2378 2378 2378 1219 2481 2378 2378 2378 2378 1837 2710 2378 2378 2378 2378 2316 1629 2407 2378 2378 2378 2378 2185 2457 2378 2378 2378
2205 2681 2681 2681 2681 2681 2681 2681 2681 2422 2710 2681 2681 2681 2681 2681 2413 2597 2441 1883 2781 2681 2681 2681 2681 2681 1352 2782 2681 2681 2681 2681 1903 2885 2681 2681 2681 2681 2600 1789 2704 2681 2681 2681 2681 2323 2709 2681 2681 2681
2070 2583 2583 2583 2583 2583 2583 2583 2583 2315 2643 2583 2583 2583 2583 2583 2125 2371 2154 1602 2720 2583 2583 2583 2583 2583 1108 2712 2583 2583 2583 2583 1833 2826 2583 2583 2583 2583 2509 1590 2621 2583 2583 2583 2583 2145 2627 2583 2583 2583
2063 2378 2378 2378 2378 2378 2378 2378 2378 2147 2532 2378 2378 2378 2378 2378 2109 2417 2209 1769 2590 2378 2378 2378 2378 2378 1219 2481 2378 2378 2378 2378 1837 2710 2378 2378 2378 2378 2316 1629 2407 2378 2378 2378 2378 2185 2457 2378 2378 2378
2063 2378 2378 2378 2378 2378 2378 2378 2378 2147 2532 2378 2378 2378 2378 2378 2109 2417 2209 1769 2590 2378 2378 2378 2378 2378 1219 2481 2378 2378 2378 2378 1837 2710 2378 2378 2378 2378 2316 1629 2407 2378 2378 2378 2378 2185 2457 2378 2378 2378
2063 2378 2378 2378 2378 2378 2378 2378 2378 2147 2532 2378 2378 2378 2378 2378 2109 2417 2209 1769 2590 2378 2378 2378 2378 2378 1219 2481 2378 2378 2378 2378 1837 2710 2378 2378 2378 2378 2316 1629 2407 2378 2378 2378 2378 2185 2457 2378 2378 2378
2063 2378 2378 2378 2378 2378 2378 2378 2378 2147 2532 2378 2378 2378 2378 2378 2109 2417 2209 1769 2590 2378 2378 2378 2378 2378 1219 2481 2378 2378 2378 2378 1837 2710 2378 2378 2378 2378 2316 1629 2407 2378 2378 2378 2378 2185 2457 2378 2378 2378
2063 2378 2378 2378 2378 2378 2378 2378 2378 2147 2532 2378 2378 2378 2378 2378 2109 2417 2209 1769 2590 2378 2378 2378 2378 2378 1219 2481 2378 2378 2378 2378 1837 2710 2378 2378 2378 2378 2316 1629 2407 2378 2378 2378 2378 2185 2457 2378 2378 2378
1988 1722 1722 1722 1722 1722 1722 1722 1722 1486 1763 1722 1722 1722 1722 1722 1665 2236 2328 1925 2400 1722 1722 1722 1722 1722 905 1900 1722 1722 1722 1722 1271 2455 1722 1722 1722 1722 1603 1177 1760 1722 1722 1722 1722 1784 2261 1722 1722 1722
2750 2479 2479 2479 2479 2479 2479 2479 2479 2282 2335 2479 2479 2479 2479 2479 2096 2912 3172 2739 3209 2479 2479 2479 2479 2479 1099 2712 2479 2479 2479 2479 1950 3362 2479 2479 2479 2479 2361 1603 2529 2479 2479 2479 2479 2176 3348 2479 2479 2479
2012 1677 1677 1677 1677 1677 1677 1677 1677 1377 1582 1677 1677 1677 1677 1677 1344 2302 2568 2094 2528 1677 1677 1677 1677 1677 305 1939 1677 1677 1677 1677 1059 2683 1677 1677 1677 1677 1492 778 1736 1677 1677 1677 1677 1410 2645 1677 1677 1677
2325 2152 2152 2152 2152 2152 2152 2152 2152 1774 1866 2152 2152 2152 2152 2152 1927 2707 3104 2387 2790 2152 2152 2152 2152 2152 813 2406 2152 2152 2152 2152 1237 2884 2152 2152 2152 2152 1919 1135 2202 2152 2152 2152 2152 1873 2999 2152 2152 2152
1772 2332 2332 2332 2332 2332 2332 2332 2332 1891 2283 2332 2332 2332 2332 2332 1809 2322 2296 1641 2624 2332 2332 2332 2332 2332 536 2500 2332 2332 2332 2332 1271 2762 2332 2332 2332 2332 2199 1152 2372 2332 2332 2332 2332 1863 2638 2332 2332 2332
2063 2378 2378 2378 2378 2378 2378 2378 2378 2147 2532 2378 2378 2378 2378 2378 2109 2417 2209 1769 2590 2378 2378 2378 2378 2378 1219 2481 2378 2378 2378 2378 1837 2710 2378 2378 2378 2378 2316 1629 2407 2378 2378 2378 2378 2185 2457 2378 2378 2378
2063 2378 2378 2378 2378 2378 2378 2378 2378 2147 2532 2378 2378 2378 2378 2378 2109 2417 2209 1769 2590 2378 2378 2378 2378 2378 1219 2481 2378 2378 2378 2378 1837 2710 2378 2378 2378 2378 2316 1629 2407 2378 2378 2378 2378 2185 2457 2378 2378 2378
2063 2378 2378 2378 2378 2378 2378 2378 2378 2147 2532 2378 2378 2378 2378 2378 2109 2417 2209 1769 2590 2378 2378 2378 2378 2378 1219 2481 2378 2378 2378 2378 1837 2710 2378 2378 2378 2378 2316 1629 2407 2378 2378 2378 2378 2185 2457 2378 2378 2378
2063 2378 2378 2378 2378 2378 2378 2378 2378 2147 2532 2378 2378 2378 2378 2378 2109 2417 2209 1769 2590 2378 2378 2378 2378 2378 1219 2481 2378 2378 2378 2378 1837 2710 2378 2378 2378 2378 2316 1629 2407 2378 2378 2378 2378 2185 2457 2378 2378 2378
2063 2378 2378 2378 2378 2378 2378 2378 2378 2147 2532 2378 2378 2378 2378 2378 2109 2417 2209 1769 2590 2378 2378 2378 2378 2378 1219 2481 2378 2378 2378 2378 1837 2710 2378 2378 2378 2378 2316 1629 2407 2378 2378 2378 2378 2185 2457 2378 2378 2378
1258 1097 1097 1097 1097 1097 1097 1097 1097 668 1003 1097 1097 1097 1097 1097 964 1792 1830 1044 1743 1097 1097 1097 1097 1097 -39 1362 1097 1097 1097 1097 189 1899 1097 1097 1097 1097 779 223 1167 1097 1097 1097 1097 855 1845 1097 1097 1097
2254 2584 2584 2584 2584 2584 2584 2584 2584 2346 2680 2584 2584 2584 2584 2584 2249 2611 2464 1993 2786 2584 2584 2584 2584 2584 1316 2700 2584 2584 2584 2584 2003 2926 2584 2584 2584 2584 2528 1748 2615 2584 2584 2584 2584 2369 2725 2584 2584 2584
2063 2378 2378 2378 2378 2378 2378 2378 2378 2147 2532 2378 2378 2378 2378 2378 2109 2417 2209 1769 2590 2378 2378 2378 2378 2378 1219 2481 2378 2378 2378 2378 1837 2710 2378 2378 2378 2378 2316 1629 2407 2378 2378 2378 2378 2185 2457 2378 2378 2378
2063 2378 2378 2378 2378 2378 2378 2378 2378 2147 2532 2378 2378 2378 2378 2378 2109 2417 2209 1769 2590 2378 2378 2378 2378 2378 1219 2481 2378 2378 2378 2378 1837 2710 2378 2378 2378 2378 2316 1629 2407 2378 2378 2378 2378 2185 2457 2378 2378 2378
2063 2378 2378 2378 2378 2378 2378 2378 2378 2147 2532 2378 2378 2378 2378 2378 2109 2417 2209 1769 2590 2378 2378 2378 2378 2378 1219 2481 2378 2378 2378 2378 1837 2710 2378 2378 2378 2378 2316 1629 2407 2378 2378 2378 2378 2185 2457 2378 2378 2378
2063 2378 2378 2378 2378 2378 2378 2378 2378 2147 2532 2378 2378 2378 2378 2378 2109 2417 2209 1769 2590 2378 2378 2378 2378 2378 1219 2481 2378 2378 2378 2378 1837 2710 2378 2378 2378 2378 2316 1629 2407 2378 2378 2378 2378 2185 2457 2378 2378 2378
2184 2824 2824 2824 2824 2824 2824 2824 2824 2420 2675 2824 2824 2824 2824 2824 2599 2715 2642 1754 2827 2824 2824 2824 2824 2824 1277 2970 2824 2824 2824 2824 1615 2882 2824 2824 2824 2824 2634 1611 2858 2824 2824 2824 2824 2316 2837 2824 2824 2824
2056 2474 2474 2474 2474 2474 2474 2474 2474 2127 2423 2474 2474 2474 2474 2474 1855 2479 2481 1926 2884 2474 2474 2474 2474 2474 527 2668 2474 2474 2474 2474 1538 3053 2474 2474 2474 2474 2368 1250 2521 2474 2474 2474 2474 1856 2953 2474 2474 2474
2063 2378 2378 2378 2378 2378 2378 2378 2378 2147 2532 2378 2378 2378 2378 2378 2109 2417 2209 1769 2590 2378 2378 2378 2378 2378 1219 2481 2378 2378 2378 2378 1837 2710 2378 2378 2378 2378 2316 1629 2407 2378 2378 2378 2378 2185 2457 2378 2378 2378
2063 2378 2378 2378 2378 2378 2378 2378 2378 2147 2532 2378 2378 2378 2378 2378 2109 2417 2209 1769 2590 2378 2378 2378 2378 2378 1219 2481 2378 2378 2378 2378 1837 2710 2378 2378 2378 2378 2316 1629 2407 2378 2378 2378 2378 2185 2457 2378 2378 2378
2063 2378 2378 2378 2378 2378 2378 2378 2378 2147 2532 2378 2378 2378 2378 2378 2109 2417 2209 1769 2590 2378 2378 2378 2378 2378 1219 2481 2378 2378 2378 2378 1837 2710 2378 2378 2378 2378 2316 1629 2407 2378 2378 2378 2378 2185 2457 2378 2378 2378
2063 2378 2378 2378 2378 2378 2378 2378 2378 2147 2532 2378 2378 2378 2378 2378 2109 2417 2209 1769 2590 2378 2378 2378 2378 2378 1219 2481 2378 2378 2378 2378 1837 2710 2378 2378 2378 2378 2316 1629 2407 2378 2378 2378 2378 2185 2457 2378 2378 2378
2187 2564 2564 2564 2564 2564 2564 2564 2564 2298 2639 2564 2564 2564 2564 2564 2326 2569 2418 1881 2716 2564 2564 2564 2564 2564 1367 2670 2564 2564 2564 2564 1872 2816 2564 2564 2564 2564 2481 1746 2589 2564 2564 2564 2564 2328 2616 2564 2564 2564
1531 1458 1458 1458 1458 1458 1458 1458 1458 1045 1415 1458 1458 1458 1458 1458 1178 2061 2063 1344 2110 1458 1458 1458 1458 1458 103 1713 1458 1458 1458 1458 565 2296 1458 1458 1458 1458 1179 535 1525 1458 1458 1458 1458 1091 2208 1458 1458 1458
2155 2492 2492 2492 2492 2492 2492 2492 2492 2260 2622 2492 2492 2492 2492 2492 2201 2516 2321 1862 2678 2492 2492 2492 2492 2492 1294 2598 2492 2492 2492 2492 1930 2807 2492 2492 2492 2492 2432 1708 2522 2492 2492 2492 2492 2285 2577 2492 2492 2492
2063 2378 2378 2378 2378 2378 2378 2378 2378 2147 2532 2378 2378 2378 2378 2378 2109 2417 2209 1769 2590 2378 2378 2378 2378 2378 1219 2481 2378 2378 2378 2378 1837 2710 2378 2378 2378 2378 2316 1629 2407 2378 2378 2378 2378 2185 2457 2378 2378 2378
2063 2378 2378 2378 2378 2378 2378 2378 2378 2147 2532 2378 2378 2378 2378 2378 2109 2417 2209 1769 2590 2378 2378 2378 2378 2378 1219 2481 2378 2378 2378 2378 1837 2710 2378 2378 2378 2378 2316 1629 2407 2378 2378 2378 2378 2185 2457 2378 2378 2378
2063 2378 2378 2378 2378 2378 2378 2378 2378 2147 2532 2378 2378 2378 2378 2378 2109 2417 2209 1769 2590 2378 2378 2378 2378 2378 1219 2481 2378 2378 2378 2378 1837 2710 2378 2378 2378 2378 2316 1629 2407 2378 2378 2378 2378 2185 2457 2378 2378 2378
2063 2378 2378 2378 2378 2378 2378 2378 2378 2147 2532 2378 2378 2378 2378 2378 2109 2417 2209 1769 2590 2378 2378 2378 2378 2378 1219 2481 2378 2378 2378 2378 1837 2710 2378 2378 2378 2378 2316 1629 2407 2378 2378 2378 2378 2185 2457 2378 2378 2378
1937 1934 1934 1934 1934 1934 1934 1934 1934 1525 1882 1934 1934 1934 1934 1934 1928 2393 2470 1744 2397 1934 1934 1934 1934 1934 1014 2116 1934 1934 1934 1934 1120 2425 1934 1934 1934 1934 1693 1155 1976 1934 1934 1934 1934 1920 2308 1934 1934 1934
2092 2344 2344 2344 2344 2344 2344 2344 2344 2041 2316 2344 2344 2344 2344 2344 1770 2507 2537 2027 2764 2344 2344 2344 2344 2344 553 2539 2344 2344 2344 2344 1578 2976 2344 2344 2344 2344 2225 1203 2393 2344 2344 2344 2344 1800 2915 2344 2344 2344
2063 2378 2378 2378 2378 2378 2378 2378 2378 2147 2532 2378 2378 2378 2378 2378 2109 2417 2209 1769 2590 2378 2378 2378 2378 2378 1219 2481 2378 2378 2378 2378 1837 2710 2378 2378 2378 2378 2316 1629 2407 2378 2378 2378 2378 2185 2457 2378 2378 2378
2063 2378 2378 2378 2378 2378 2378 2378 2378 2147 2532 2378 2378 2378 2378 2378 2109 2417 2209 1769 2590 2378 2378 2378 2378 2378 1219 2481 2378 2378 2378 2378 1837 2710 2378 2378 2378 2378 2316 1629 2407 2378 2378 2378 2378 2185 2457 2378 2378 2378
2063 2378 2378 2378 2378 2378 2378 2378 2378 2147 2532 2378 2378 2378 2378 2378 2109 2417 2209 1769 2590 2378 2378 2378 2378 2378 1219 2481 2378 2378 2378 2378 1837 2710 2378 2378 2378 2378 2316 1629 2407 2378 2378 2378 2378 2185 2457 2378 2378 2378
