179 129 129 129 129 129 129 129 129 -166 -58 129 129 129 129 129 369 1066 1031 762 -543 129 129 129 129 129 558 122 129 129 129 129 20 -277 129 129 129 129 -81 162 129 129 129 129 129 626 110 129 129 129
948 1268 1268 1268 1268 1268 1268 1268 1268 1095 1125 1268 1268 1268 1268 1268 1425 1904 1634 1406 785 1268 1268 1268 1268 1268 1065 1211 1268 1268 1268 1268 958 1030 1268 1268 1268 1268 1157 1266 1257 1268 1268 1268 1268 1277 1169 1268 1268 1268
948 1268 1268 1268 1268 1268 1268 1268 1268 1095 1125 1268 1268 1268 1268 1268 1425 1904 1634 1406 785 1268 1268 1268 1268 1268 1065 1211 1268 1268 1268 1268 958 1030 1268 1268 1268 1268 1157 1266 1257 1268 1268 1268 1268 1277 1169 1268 1268 1268
948 1268 1268 1268 1268 1268 1268 1268 1268 1095 1125 1268 1268 1268 1268 1268 1425 1904 1634 1406 785 1268 1268 1268 1268 1268 1065 1211 1268 1268 1268 1268 958 1030 1268 1268 1268 1268 1157 1266 1257 1268 1268 1268 1268 1277 1169 1268 1268 1268
948 1268 1268 1268 1268 1268 1268 1268 1268 1095 1125 1268 1268 1268 1268 1268 1425 1904 1634 1406 785 1268 1268 1268 1268 1268 1065 1211 1268 1268 1268 1268 958 1030 1268 1268 1268 1268 1157 1266 1257 1268 1268 1268 1268 1277 1169 1268 1268 1268
948 1268 1268 1268 1268 1268 1268 1268 1268 1095 1125 1268 1268 1268 1268 1268 1425 1904 1634 1406 785 1268 1268 1268 1268 1268 1065 1211 1268 1268 1268 1268 958 1030 1268 1268 1268 1268 1157 1266 1257 1268 1268 1268 1268 1277 1169 1268 1268 1268
948 1268 1268 1268 1268 1268 1268 1268 1268 1095 1125 1268 1268 1268 1268 1268 1425 1904 1634 1406 785 1268 1268 1268 1268 1268 1065 1211 1268 1268 1268 1268 958 1030 1268 1268 1268 1268 1157 1266 1257 1268 1268 1268 1268 1277 1169 1268 1268 1268
948 1268 1268 1268 1268 1268 1268 1268 1268 1095 1125 1268 1268 1268 1268 1268 1425 1904 1634 1406 785 1268 1268 1268 1268 1268 1065 1211 1268 1268 1268 1268 958 1030 1268 1268 1268 1268 1157 1266 1257 1268 1268 1268 1268 1277 1169 1268 1268 1268
948 1268 1268 1268 1268 1268 1268 1268 1268 1095 1125 1268 1268 1268 1268 1268 1425 1904 1634 1406 785 1268 1268 1268 1268 1268 1065 1211 1268 1268 1268 1268 958 1030 1268 1268 1268 1268 1157 1266 1257 1268 1268 1268 1268 1277 1169 1268 1268 1268
1073 1338 1338 1338 1338 1338 1338 1338 1338 1149 1209 1338 1338 1338 1338 1338 1385 1950 1700 1448 814 1338 1338 1338 1338 1338 1133 1280 1338 1338 1338 1338 1033 1103 1338 1338 1338 1338 1203 1346 1326 1338 1338 1338 1338 1298 1289 1338 1338 1338
981 1291 1291 1291 1291 1291 1291 1291 1291 1123 1208 1291 1291 1291 1291 1291 1411 1869 1567 1377 734 1291 1291 1291 1291 1291 1049 1237 1291 1291 1291 1291 1108 941 1291 1291 1291 1291 1171 1171 1284 1291 1291 1291 1291 1349 1079 1291 1291 1291
948 1268 1268 1268 1268 1268 1268 1268 1268 1095 1125 1268 1268 1268 1268 1268 1425 1904 1634 1406 785 1268 1268 1268 1268 1268 1065 1211 1268 1268 1268 1268 958 1030 1268 1268 1268 1268 1157 1266 1257 1268 1268 1268 1268 1277 1169 1268 1268 1268
948 1268 1268 1268 1268 1268 1268 1268 1268 1095 1125 1268 1268 1268 1268 1268 1425 1904 1634 1406 785 1268 1268 1268 1268 1268 1065 1211 1268 1268 1268 1268 958 1030 1268 1268 1268 1268 1157 1266 1257 1268 1268 1268 1268 1277 1169 1268 1268 1268
948 1268 1268 1268 1268 1268 1268 1268 1268 1095 1125 1268 1268 1268 1268 1268 1425 1904 1634 1406 785 1268 1268 1268 1268 1268 1065 1211 1268 1268 1268 1268 958 1030 1268 1268 1268 1268 1157 1266 1257 1268 1268 1268 1268 1277 1169 1268 1268 1268
948 1268 1268 1268 1268 1268 1268 1268 1268 1095 1125 1268 1268 1268 1268 1268 1425 1904 1634 1406 785 1268 1268 1268 1268 1268 1065 1211 1268 1268 1268 1268 958 1030 1268 1268 1268 1268 1157 1266 1257 1268 1268 1268 1268 1277 1169 1268 1268 1268
948 1268 1268 1268 1268 1268 1268 1268 1268 1095 1125 1268 1268 1268 1268 1268 1425 1904 1634 1406 785 1268 1268 1268 1268 1268 1065 1211 1268 1268 1268 1268 958 1030 1268 1268 1268 1268 1157 1266 1257 1268 1268 1268 1268 1277 1169 1268 1268 1268
650 796 796 796 796 796 796 796 796 699 577 796 796 796 796 796 993 1635 1388 1187 432 796 796 796 796 796 575 831 796 796 796 796 469 685 796 796 796 796 725 631 814 796 796 796 796 720 913 796 796 796
-409 -589 -589 -589 -589 -589 -589 -589 -589 -901 -912 -589 -589 -589 -589 -589 -133 561 619 323 -960 -589 -589 -589 -589 -589 27 -513 -589 -589 -589 -589 -795 -779 -589 -589 -589 -589 -800 -546 -568 -589 -589 -589 -589 27 -383 -589 -589 -589
-681 -893 -893 -893 -893 -893 -893 -893 -893 -1267 -1093 -893 -893 -893 -893 -893 -481 89 197 -125 -1390 -893 -893 -893 -893 -893 -38 -885 -893 -893 -893 -893 -1083 -1235 -893 -893 -893 -893 -1140 -644 -894 -893 -893 -893 -893 -203 -876 -893 -893 -893
-699 -961 -961 -961 -961 -961 -961 -961 -961 -1278 -1111 -961 -961 -961 -961 -961 -756 -254 -25 -309 -1442 -961 -961 -961 -961 -961 -166 -961 -961 -961 -961 -961 -1049 -1300 -961 -961 -961 -961 -1170 -755 -965 -961 -961 -961 -961 -353 -918 -961 -961 -961
550 756 756 756 756 756 756 756 756 464 739 756 756 756 756 756 969 1374 1197 893 151 756 756 756 756 756 749 716 756 756 756 756 487 330 756 756 756 756 564 657 750 756 756 756 756 1021 496 756 756 756
948 1268 1268 1268 1268 1268 1268 1268 1268 1095 1125 1268 1268 1268 1268 1268 1425 1904 1634 1406 785 1268 1268 1268 1268 1268 1065 1211 1268 1268 1268 1268 958 1030 1268 1268 1268 1268 1157 1266 1257 1268 1268 1268 1268 1277 1169 1268 1268 1268
948 1268 1268 1268 1268 1268 1268 1268 1268 1095 1125 1268 1268 1268 1268 1268 1425 1904 1634 1406 785 1268 1268 1268 1268 1268 1065 1211 1268 1268 1268 1268 958 1030 1268 1268 1268 1268 1157 1266 1257 1268 1268 1268 1268 1277 1169 1268 1268 1268
948 1268 1268 1268 1268 1268 1268 1268 1268 1095 1125 1268 1268 1268 1268 1268 1425 1904 1634 1406 785 1268 1268 1268 1268 1268 1065 1211 1268 1268 1268 1268 958 1030 1268 1268 1268 1268 1157 1266 1257 1268 1268 1268 1268 1277 1169 1268 1268 1268
948 1268 1268 1268 1268 1268 1268 1268 1268 1095 1125 1268 1268 1268 1268 1268 1425 1904 1634 1406 785 1268 1268 1268 1268 1268 1065 1211 1268 1268 1268 1268 958 1030 1268 1268 1268 1268 1157 1266 1257 1268 1268 1268 1268 1277 1169 1268 1268 1268
948 1268 1268 1268 1268 1268 1268 1268 1268 1095 1125 1268 1268 1268 1268 1268 1425 1904 1634 1406 785 1268 1268 1268 1268 1268 1065 1211 1268 1268 1268 1268 958 1030 1268 1268 1268 1268 1157 1266 1257 1268 1268 1268 1268 1277 1169 1268 1268 1268
617 398 398 398 398 398 398 398 398 405 164 398 398 398 398 398 678 1412 1363 1442 -142 398 398 398 398 398 779 464 398 398 398 398 731 103 398 398 398 398 380 300 423 398 398 398 398 911 510 398 398 398
900 1243 1243 1243 1243 1243 1243 1243 1243 1015 1042 1243 1243 1243 1243 1243 1401 1928 1675 1369 736 1243 1243 1243 1243 1243 1018 1192 1243 1243 1243 1243 841 1010 1243 1243 1243 1243 1094 1195 1234 1243 1243 1243 1243 1264 1189 1243 1243 1243
948 1268 1268 1268 1268 1268 1268 1268 1268 1095 1125 1268 1268 1268 1268 1268 1425 1904 1634 1406 785 1268 1268 1268 1268 1268 1065 1211 1268 1268 1268 1268 958 1030 1268 1268 1268 1268 1157 1266 1257 1268 1268 1268 1268 1277 1169 1268 1268 1268
948 1268 1268 1268 1268 1268 1268 1268 1268 1095 1125 1268 1268 1268 1268 1268 1425 1904 1634 1406 785 1268 1268 1268 1268 1268 1065 1211 1268 1268 1268 1268 958 1030 1268 1268 1268 1268 1157 1266 1257 1268 1268 1268 1268 1277 1169 1268 1268 1268
948 1268 1268 1268 1268 1268 1268 1268 1268 1095 1125 1268 1268 1268 1268 1268 1425 1904 1634 1406 785 1268 1268 1268 1268 1268 1065 1211 1268 1268 1268 1268 958 1030 1268 1268 1268 1268 1157 1266 1257 1268 1268 1268 1268 1277 1169 1268 1268 1268
948 1268 1268 1268 1268 1268 1268 1268 1268 1095 1125 1268 1268 1268 1268 1268 1425 1904 1634 1406 785 1268 1268 1268 1268 1268 1065 1211 1268 1268 1268 1268 958 1030 1268 1268 1268 1268 1157 1266 1257 1268 1268 1268 1268 1277 1169 1268 1268 1268
674 884 884 884 884 884 884 884 884 799 852 884 884 884 884 884 685 1085 938 826 347 884 884 884 884 884 663 794 884 884 884 884 756 563 884 884 884 884 825 876 863 884 884 884 884 731 727 884 884 884
64 207 207 207 207 207 207 207 207 -153 114 207 207 207 207 207 518 946 894 563 -345 207 207 207 207 207 421 188 207 207 207 207 -47 -195 207 207 207 207 -21 147 201 207 207 207 207 689 36 207 207 207
948 1268 1268 1268 1268 1268 1268 1268 1268 1095 1125 1268 1268 1268 1268 1268 1425 1904 1634 1406 785 1268 1268 1268 1268 1268 1065 1211 1268 1268 1268 1268 958 1030 1268 1268 1268 1268 1157 1266 1257 1268 1268 1268 1268 1277 1169 1268 1268 1268
948 1268 1268 1268 1268 1268 1268 1268 1268 1095 1125 1268 1268 1268 1268 1268 1425 1904 1634 1406 785 1268 1268 1268 1268 1268 1065 1211 1268 1268 1268 1268 958 1030 1268 1268 1268 1268 1157 1266 1257 1268 1268 1268 1268 1277 1169 1268 1268 1268
948 1268 1268 1268 1268 1268 1268 1268 1268 1095 1125 1268 1268 1268 1268 1268 1425 1904 1634 1406 785 1268 1268 1268 1268 1268 1065 1211 1268 1268 1268 1268 958 1030 1268 1268 1268 1268 1157 1266 1257 1268 1268 1268 1268 1277 1169 1268 1268 1268
948 1268 1268 1268 1268 1268 1268 1268 1268 1095 1125 1268 1268 1268 1268 1268 1425 1904 1634 1406 785 1268 1268 1268 1268 1268 1065 1211 1268 1268 1268 1268 958 1030 1268 1268 1268 1268 1157 1266 1257 1268 1268 1268 1268 1277 1169 1268 1268 1268
874 1137 1137 1137 1137 1137 1137 1137 1137 929 995 1137 1137 1137 1137 1137 1275 1802 1558 1292 646 1137 1137 1137 1137 1137 1022 1080 1137 1137 1137 1137 814 899 1137 1137 1137 1137 1000 1180 1126 1137 1137 1137 1137 1180 1062 1137 1137 1137
324 72 72 72 72 72 72 72 72 -24 -95 72 72 72 72 72 480 1180 1204 1210 -398 72 72 72 72 72 562 153 72 72 72 72 404 -200 72 72 72 72 1 -7 97 72 72 72 72 817 183 72 72 72
947 1283 1283 1283 1283 1283 1283 1283 1283 1100 1112 1283 1283 1283 1283 1283 1439 1937 1669 1422 794 1283 1283 1283 1283 1283 1051 1230 1283 1283 1283 1283 950 1049 1283 1283 1283 1283 1165 1246 1273 1283 1283 1283 1283 1291 1203 1283 1283 1283
948 1268 1268 1268 1268 1268 1268 1268 1268 1095 1125 1268 1268 1268 1268 1268 1425 1904 1634 1406 785 1268 1268 1268 1268 1268 1065 1211 1268 1268 1268 1268 958 1030 1268 1268 1268 1268 1157 1266 1257 1268 1268 1268 1268 1277 1169 1268 1268 1268
948 1268 1268 1268 1268 1268 1268 1268 1268 1095 1125 1268 1268 1268 1268 1268 1425 1904 1634 1406 785 1268 1268 1268 1268 1268 1065 1211 1268 1268 1268 1268 958 1030 1268 1268 1268 1268 1157 1266 1257 1268 1268 1268 1268 1277 1169 1268 1268 1268
948 1268 1268 1268 1268 1268 1268 1268 1268 1095 1125 1268 1268 1268 1268 1268 1425 1904 1634 1406 785 1268 1268 1268 1268 1268 1065 1211 1268 1268 1268 1268 958 1030 1268 1268 1268 1268 1157 1266 1257 1268 1268 1268 1268 1277 1169 1268 1268 1268
948 1268 1268 1268 1268 1268 1268 1268 1268 1095 1125 1268 1268 1268 1268 1268 1425 1904 1634 1406 785 1268 1268 1268 1268 1268 1065 1211 1268 1268 1268 1268 958 1030 1268 1268 1268 1268 1157 1266 1257 1268 1268 1268 1268 1277 1169 1268 1268 1268
12 -103 -103 -103 -103 -103 -103 -103 -103 -127 -162 -103 -103 -103 -103 -103 162 661 532 530 -434 -103 -103 -103 -103 -103 237 -111 -103 -103 -103 -103 -86 -286 -103 -103 -103 -103 -99 107 -96 -103 -103 -103 -103 117 -129 -103 -103 -103
56 174 174 174 174 174 174 174 174 -230 -56 174 174 174 174 174 510 1082 1089 694 -354 174 174 174 174 174 452 165 174 174 174 174 -136 -116 174 174 174 174 -81 177 168 174 174 174 174 738 200 174 174 174
948 1268 1268 1268 1268 1268 1268 1268 1268 1095 1125 1268 1268 1268 1268 1268 1425 1904 1634 1406 785 1268 1268 1268 1268 1268 1065 1211 1268 1268 1268 1268 958 1030 1268 1268 1268 1268 1157 1266 1257 1268 1268 1268 1268 1277 1169 1268 1268 1268
948 1268 1268 1268 1268 1268 1268 1268 1268 1095 1125 1268 1268 1268 1268 1268 1425 1904 1634 1406 785 1268 1268 1268 1268 1268 1065 1211 1268 1268 1268 1268 958 1030 1268 1268 1268 1268 1157 1266 1257 1268 1268 1268 1268 1277 1169 1268 1268 1268
948 1268 1268 1268 1268 1268 1268 1268 1268 1095 1125 1268 1268 1268 1268 1268 1425 1904 1634 1406 785 1268 1268 1268 1268 1268 1065 1211 1268 1268 1268 1268 958 1030 1268 1268 1268 1268 1157 1266 1257 1268 1268 1268 1268 1277 1169 1268 1268 1268
