0.12221795320510864
0.01178993284702301
-0.12378962337970734
0.07174575328826904
0.06383353471755981
-0.03265021741390228
-0.005994647741317749
-0.032655879855155945
0.09282855689525604
-0.0018784701824188232
-0.02555723488330841
0.032993897795677185
0.03138907253742218
-0.08510509133338928
-0.08417563140392303
0.07520800828933716
-0.11097432672977448
0.12099812924861908
-0.0264158695936203
0.001770511269569397
-0.06608815491199493
-0.07200005650520325
0.018008247017860413
0.04032433032989502
0.02531193196773529
-0.07606154680252075
0.090147465467453
0.05753825604915619
0.11642670631408691
-0.05469164252281189
-0.046622276306152344
-0.08840471506118774
-0.0739317238330841
0.052877575159072876
-0.09255261719226837
0.03355272114276886
-0.10826084017753601
-0.03186555206775665
0.044219836592674255
0.005607828497886658
0.047197312116622925
-0.03137564659118652
-0.036171525716781616
-0.11302787065505981
-0.09985333681106567
0.05735759437084198
-0.11621712148189545
0.09481638669967651
0.08606322109699249
-0.0785163938999176
-0.022794291377067566
0.06347507238388062
-0.04408274590969086
0.11346027255058289
-0.09472833573818207
-0.062408000230789185
0.0789104551076889
0.11644521355628967
-0.0008283704519271851
0.04224485158920288
0.09273798763751984
0.0922609269618988
0.06554095447063446
0.08112643659114838
0.023668408393859863
-0.019100621342658997
0.04042622447013855
-0.08017957210540771
-0.04685935378074646
0.08210854232311249
0.0432858020067215
0.09138593077659607
-0.10967940092086792
0.0987827479839325
-0.04501979053020477
0.1137678325176239
0.11915425956249237
0.08378487825393677
-0.029884830117225647
-0.04488435387611389
0.11378322541713715
0.037374019622802734
-0.07102265954017639
0.019757792353630066
0.048280760645866394
0.0033555328845977783
-0.011435583233833313
-0.11950628459453583
-0.004071086645126343
0.10525369644165039
0.04713559150695801
0.03882397711277008
0.027330920100212097
0.036287739872932434
-0.05459505319595337
0.11774808168411255
-0.12011605501174927
0.049852922558784485
0.0635022521018982
-0.004578009247779846
0.10671581327915192
0.09518033266067505
-0.09770938754081726
-0.01963798701763153
-0.02040669322013855
-0.0568583607673645
0.0518030971288681
-0.09602275490760803
0.09187355637550354
-0.003090605139732361
0.0804651528596878
-0.010702177882194519
-0.0857744961977005
0.09714777767658234
0.010900720953941345
0.09084917604923248
0.11261709034442902
-0.12194433808326721
0.00797279179096222
-0.032225027680397034
0.10803578794002533
0.11779683828353882
-0.0029446184635162354
0.041226908564567566
-0.022547319531440735
-0.07331135869026184
-0.1130632609128952
0.06886875629425049
