-0.011641435325145721
0.06415241211652756
0.0027946382761001587
0.01650358736515045
-0.05992022529244423
-0.007370084524154663
-0.01244458556175232
-0.07525418698787689
0.011537954211235046
-0.06714834272861481
-0.030271615833044052
-0.004593499004840851
-0.0037638694047927856
-0.014438711106777191
-0.003646664321422577
0.0241658017039299
0.04987991601228714
-0.02880428358912468
-0.0137920081615448
0.014022432267665863
-0.08025141060352325
-0.08774390071630478
0.08330871909856796
0.012253254652023315
0.0565793439745903
0.05895841866731644
0.027462050318717957
0.029330916702747345
0.006274484097957611
0.047646380960941315
0.0548437163233757
-0.052947692573070526
-0.08471674472093582
-0.0619477853178978
-0.06014619767665863
0.0021587014198303223
-0.014340125024318695
0.03559605032205582
0.053303398191928864
0.0012438073754310608
0.019604504108428955
-0.05884688347578049
-0.08022945374250412
-0.05012146383523941
-0.032140206545591354
-0.06556426733732224
-0.03126463666558266
0.06051737815141678
-0.03915008157491684
-0.06337562203407288
0.026378139853477478
0.030485615134239197
-0.002743855118751526
0.023806042969226837
-0.04113228991627693
-0.010042138397693634
0.06581846624612808
-0.011135987937450409
-0.05618301406502724
0.043172888457775116
0.06730834394693375
0.031675778329372406
0.08353903144598007
0.008321188390254974
