0.10480566322803497
0.09629389643669128
-0.10442675650119781
-0.10550960898399353
0.10585382580757141
-0.01289108395576477
-0.08277365565299988
-0.10865643620491028
-0.05584636330604553
0.09721721708774567
0.07168079912662506
0.09681615233421326
-0.07492297887802124
-0.04464852809906006
0.09115803241729736
0.10868990421295166
0.0900951474905014
-0.06029243767261505
0.007082000374794006
-0.12053065001964569
-0.07189150154590607
0.006997719407081604
0.10657958686351776
0.04954053461551666
0.017758995294570923
0.06907017529010773
0.07216490805149078
0.05387048423290253
-0.03779703378677368
-0.05779652297496796
0.11238832771778107
0.08235186338424683
0.108542799949646
-0.02138523757457733
-0.07790979743003845
0.0038756877183914185
-0.05677427351474762
0.04733555018901825
-0.00799490511417389
-0.12265190482139587
0.02517901360988617
-0.09818047285079956
0.028392329812049866
0.10171455144882202
-0.05068081617355347
-0.100796177983284
0.07900941371917725
0.11747996509075165
0.1210290789604187
0.0933704823255539
-0.12470357120037079
-0.046461865305900574
-0.0877578854560852
-0.058427512645721436
-0.054252803325653076
0.1059996485710144
0.019156277179718018
-0.0486573725938797
0.03659670054912567
-0.10467982292175293
0.07868686318397522
-0.018235355615615845
0.08119659125804901
0.03857491910457611
