0.1075400710105896
-0.06021243333816528
-0.042249128222465515
0.010746791958808899
-0.11517471075057983
-0.05604274570941925
0.04445381462574005
-0.09973147511482239
-0.05871942639350891
0.08560913801193237
-0.02379627525806427
-0.06274755299091339
-0.11783206462860107
-0.006805017590522766
-0.030649974942207336
0.046067848801612854
0.013097763061523438
-0.06437477469444275
-0.0724242627620697
-0.023894473910331726
-0.050824180245399475
0.06286309659481049
0.031589001417160034
-0.02069917321205139
0.06479349732398987
-0.023044288158416748
-0.0092267245054245
0.09360149502754211
0.09230232238769531
-0.038301125168800354
0.014423280954360962
0.10359129309654236
-0.07690159976482391
0.014888212084770203
-0.08147226274013519
0.12077856063842773
0.06196893751621246
0.022396475076675415
-0.054793789982795715
-0.04777906835079193
0.12164105474948883
-0.10409340262413025
-0.010456040501594543
0.041525572538375854
0.002158448100090027
0.06937560439109802
-0.04895351827144623
-0.11557212471961975
0.009462699294090271
0.03698836266994476
0.10536918044090271
-0.12450650334358215
-0.06041368842124939
-0.1131604015827179
-0.08012309670448303
0.11615146696567535
0.10734875500202179
-0.10858696699142456
0.07253728806972504
0.11002565920352936
0.04276914894580841
0.0500592440366745
0.017344042658805847
0.011509746313095093
