0.0529036670923233
0.02779628336429596
-0.040815651416778564
0.08791998028755188
-0.07246199250221252
0.09195920825004578
0.10153491795063019
0.027281612157821655
0.039189308881759644
-0.09387318789958954
-0.10246804356575012
0.0038195401430130005
0.08483810722827911
0.09627196192741394
0.10849270224571228
0.12196855247020721
0.04010380804538727
-0.1060175746679306
-0.08632761240005493
-0.06541180610656738
0.07611477375030518
-0.06960293650627136
-0.09905940294265747
0.10114248096942902
0.07659666240215302
0.058298707008361816
0.04196487367153168
-0.08823332190513611
0.04252852499485016
-0.11856327950954437
-0.11298462748527527
-0.015970274806022644
-0.03589555621147156
-0.029373079538345337
-0.0812164843082428
0.07816065847873688
0.04428417980670929
-0.056323230266571045
0.10298201441764832
-0.08668532967567444
0.03382819890975952
0.10827544331550598
-0.12220002710819244
0.06134255230426788
-0.050981566309928894
0.013460591435432434
-0.07247704267501831
0.11792190372943878
0.09004884958267212
0.049937084317207336
0.0990319699048996
-0.11529901623725891
-0.07666043937206268
-0.024965286254882812
-0.024265214800834656
0.08719563484191895
0.08506722748279572
0.11686830222606659
-0.0800459235906601
0.09492667019367218
0.029695555567741394
0.10669606924057007
-0.05240963399410248
0.11614544689655304
