-0.11139705777168274
0.021832600235939026
-0.08812430500984192
0.0670572817325592
0.1117800772190094
-0.008229553699493408
0.06365743279457092
-0.06986609101295471
0.045890823006629944
0.006804317235946655
-0.013944417238235474
0.073028564453125
-0.07663828134536743
0.05137445032596588
-0.07317861914634705
0.07042358815670013
0.05512326955795288
-0.006038010120391846
0.08121651411056519
0.1052902489900589
-0.12269538640975952
0.05995054543018341
0.0840337872505188
0.07988889515399933
-0.10347045958042145
0.1001194566488266
0.0017798393964767456
-0.09229668974876404
-0.11979062855243683
-0.02240900695323944
0.08371411263942719
0.042691051959991455
0.08357921242713928
0.010639652609825134
-0.011170342564582825
-0.05196380615234375
0.0036769062280654907
0.013416841626167297
-0.10688690841197968
-0.10910871624946594
-0.08560329675674438
-0.026399344205856323
-0.08528412878513336
0.02263908088207245
-0.013514339923858643
-0.10037565231323242
0.08123160898685455
0.04195433855056763
0.05136744678020477
-0.11904463171958923
0.08843357861042023
0.10491494834423065
-0.06384578347206116
0.1042698323726654
0.10537506639957428
-0.0647163838148117
-0.06058092415332794
-0.11934983730316162
-0.08272901177406311
-0.10971379280090332
0.025756508111953735
-0.100338876247406
0.09217813611030579
-0.08666247129440308
0.0860796719789505
-0.06362491846084595
0.06706507503986359
0.057514265179634094
0.044662296772003174
-0.0036468952894210815
0.01882070302963257
0.06179305911064148
0.0244254469871521
-0.054499924182891846
0.009064972400665283
0.11250637471675873
-0.018130317330360413
0.05310146510601044
-0.0007582902908325195
0.11426186561584473
0.10663625597953796
-0.11245962977409363
0.07841120660305023
0.013356029987335205
-0.09865480661392212
-0.12015531957149506
0.014603227376937866
-0.009360179305076599
-0.00015194714069366455
0.1016148179769516
0.07380728423595428
0.06301867961883545
-0.07144209742546082
0.008496582508087158
-0.0405893474817276
0.001560986042022705
-0.03522557020187378
-0.015919849276542664
-0.07542186975479126
0.08497537672519684
0.11813411116600037
-0.003824576735496521
-0.0584273487329483
-0.12025971710681915
-0.10631899535655975
-0.05017584562301636
-0.03791721165180206
0.12491832673549652
-0.04662415385246277
-0.00021097064018249512
-0.07609052956104279
0.03155073523521423
0.01960793137550354
-0.060266897082328796
0.014160752296447754
-0.02755114436149597
0.07335171103477478
0.08851729333400726
0.051302820444107056
-0.1094561517238617
0.046783968806266785
-0.025990888476371765
-0.03930686414241791
0.08100330829620361
-0.05625726282596588
-0.11116446554660797
-0.0032985806465148926
0.051371827721595764
