0.0061005353927612305
-0.08608538657426834
-0.027347370982170105
0.08820531517267227
0.07288993149995804
-0.008353032171726227
-0.036461640149354935
-0.03161280229687691
0.05486989766359329
-0.03742917254567146
0.08699410408735275
0.07045964151620865
0.00018745660781860352
0.06903473287820816
-0.024151936173439026
0.02622324228286743
0.031298428773880005
-0.06617100536823273
0.05133000761270523
0.033831655979156494
0.08549458533525467
0.07576615363359451
-0.0026442185044288635
-0.05922164022922516
-0.006336547434329987
-0.03450356051325798
0.0006085485219955444
-0.017302386462688446
-0.0839996188879013
0.0012409314513206482
-0.02191435545682907
-0.086705781519413
-0.010299354791641235
-0.0007796958088874817
-0.024992942810058594
0.07870111614465714
-0.014471396803855896
-0.02695358172059059
-0.024343356490135193
-0.07390936464071274
-0.08197162300348282
0.04475037008523941
0.0659036710858345
0.008537210524082184
0.029075749218463898
0.05908174067735672
0.04150206595659256
-0.06301572173833847
-0.026353254914283752
0.005483202636241913
-0.08177044987678528
0.0872432217001915
-0.04209163412451744
0.0695849135518074
0.040282152593135834
0.07283162325620651
0.01097002625465393
-0.032772041857242584
0.0685630813241005
-0.07391048967838287
0.03466150164604187
-0.06383869051933289
-0.05294255167245865
0.04878700524568558
