0.008693814277648926
0.03427775204181671
0.00898638367652893
-0.10982577502727509
-0.026572883129119873
-0.0057147592306137085
-0.05386705696582794
-0.10913033783435822
-0.06913018226623535
0.09605896472930908
-0.04045477509498596
0.056524038314819336
-0.09865719079971313
0.11896559596061707
0.015594616532325745
0.06856952607631683
-0.07986800372600555
0.1216631680727005
-0.08933158218860626
0.03245590627193451
-0.10468895733356476
0.12356874346733093
0.058913543820381165
0.007883086800575256
-0.08309735357761383
0.02399490773677826
-0.06928658485412598
-0.028561323881149292
0.022403135895729065
-0.005885019898414612
0.021996885538101196
0.06284523010253906
0.059427410364151
0.04581171274185181
0.03710120916366577
-0.05217079818248749
-0.058057934045791626
-0.030111506581306458
-0.042026713490486145
0.11204920709133148
-0.10936489701271057
0.07013051211833954
-0.03542223572731018
-0.011945933103561401
-0.0692506730556488
-0.028856128454208374
0.11023806035518646
0.017310068011283875
0.09454613924026489
-0.06861937046051025
-0.10214266180992126
-0.11866828799247742
-0.0073026567697525024
-0.06623494625091553
-0.06150124967098236
0.07757808268070221
0.026186883449554443
-0.11559447646141052
-0.0378391295671463
0.027550041675567627
0.06497068703174591
-0.12033018469810486
-0.0014417767524719238
-0.08459311723709106
