0.10317683219909668
-0.03830753266811371
-0.0725570023059845
0.09561115503311157
0.04129594564437866
-0.042555078864097595
0.07331065833568573
-0.023177549242973328
-0.10679446160793304
0.11866390705108643
-0.016581177711486816
-0.03850649297237396
0.12266252934932709
-0.034235745668411255
0.05553406476974487
0.09240421652793884
0.07998901605606079
-0.10373738408088684
-0.12326224148273468
0.12229308485984802
-0.039421066641807556
-0.04866243898868561
-0.043877631425857544
-0.05686403810977936
0.06819604337215424
0.09209609031677246
0.11762361228466034
-0.1062922477722168
-0.069669708609581
-0.09030953049659729
-0.029491424560546875
0.10094167292118073
-0.086369588971138
-0.0537845641374588
-0.0954015851020813
-0.06774641573429108
0.0026474446058273315
-0.11881551146507263
0.08095850050449371
0.014826834201812744
-0.060458213090896606
-0.06010645627975464
0.01266680657863617
0.06944045424461365
0.0004933178424835205
-0.06830723583698273
-0.01439620554447174
0.10070241987705231
-0.0005437731742858887
0.1244414895772934
0.008082002401351929
0.0276452898979187
-0.009708970785140991
0.032052963972091675
-0.09268519282341003
-0.05930714309215546
0.01113484799861908
-0.07347573339939117
-0.10994759202003479
0.08122549951076508
0.09390100836753845
0.11358822882175446
-0.0037286877632141113
0.06642764806747437
