-3094 4880 -5471 1459 -4748 3741 5895 -1141 302 7180 2559 -5392 -4696 -4919 -4477 -7838 -1692 4897 -6252 6953 4650 5119 1192 3938 -754 -4141 -1035 -10398 -2207 2160 -3628 3392 1072 -1177 1518 3109 -1983 294 -1337 -363 6870 3798 734 -686 9406 -1115 -1745 1243 678 -3266 3150 5739 1058 -332 -5262 3570 -4418 -546 -352 4006 3197 11168 -3106 4211
-2801 4548 -6308 -1518 -3428 6810 4815 -408 -1328 821 1886 -4157 -9679 -2948 -5170 -5617 -62 521 -7646 4554 1249 3375 3005 3150 -1194 -5788 -2001 -7037 -1462 287 -1805 -95 -1506 2198 1877 3525 -2112 1628 462 -407 8909 4698 3009 1120 9688 782 1308 5130 3155 -695 7578 4773 3331 -4597 -9475 -156 -3958 104 5777 5778 1880 8500 -4658 529
-2801 4548 -6308 -1518 -3428 6810 4815 -408 -1328 821 1886 -4157 -9679 -2948 -5170 -5617 -62 521 -7646 4554 1249 3375 3005 3150 -1194 -5788 -2001 -7037 -1462 287 -1805 -95 -1506 2198 1877 3525 -2112 1628 462 -407 8909 4698 3009 1120 9688 782 1308 5130 3155 -695 7578 4773 3331 -4597 -9475 -156 -3958 104 5777 5778 1880 8500 -4658 529
-2801 4548 -6308 -1518 -3428 6810 4815 -408 -1328 821 1886 -4157 -9679 -2948 -5170 -5617 -62 521 -7646 4554 1249 3375 3005 3150 -1194 -5788 -2001 -7037 -1462 287 -1805 -95 -1506 2198 1877 3525 -2112 1628 462 -407 8909 4698 3009 1120 9688 782 1308 5130 3155 -695 7578 4773 3331 -4597 -9475 -156 -3958 104 5777 5778 1880 8500 -4658 529
-2801 4548 -6308 -1518 -3428 6810 4815 -408 -1328 821 1886 -4157 -9679 -2948 -5170 -5617 -62 521 -7646 4554 1249 3375 3005 3150 -1194 -5788 -2001 -7037 -1462 287 -1805 -95 -1506 2198 1877 3525 -2112 1628 462 -407 8909 4698 3009 1120 9688 782 1308 5130 3155 -695 7578 4773 3331 -4597 -9475 -156 -3958 104 5777 5778 1880 8500 -4658 529
-2801 4548 -6308 -1518 -3428 6810 4815 -408 -1328 821 1886 -4157 -9679 -2948 -5170 -5617 -62 521 -7646 4554 1249 3375 3005 3150 -1194 -5788 -2001 -7037 -1462 287 -1805 -95 -1506 2198 1877 3525 -2112 1628 462 -407 8909 4698 3009 1120 9688 782 1308 5130 3155 -695 7578 4773 3331 -4597 -9475 -156 -3958 104 5777 5778 1880 8500 -4658 529
-2801 4548 -6308 -1518 -3428 6810 4815 -408 -1328 821 1886 -4157 -9679 -2948 -5170 -5617 -62 521 -7646 4554 1249 3375 3005 3150 -1194 -5788 -2001 -7037 -1462 287 -1805 -95 -1506 2198 1877 3525 -2112 1628 462 -407 8909 4698 3009 1120 9688 782 1308 5130 3155 -695 7578 4773 3331 -4597 -9475 -156 -3958 104 5777 5778 1880 8500 -4658 529
-2801 4548 -6308 -1518 -3428 6810 4815 -408 -1328 821 1886 -4157 -9679 -2948 -5170 -5617 -62 521 -7646 4554 1249 3375 3005 3150 -1194 -5788 -2001 -7037 -1462 287 -1805 -95 -1506 2198 1877 3525 -2112 1628 462 -407 8909 4698 3009 1120 9688 782 1308 5130 3155 -695 7578 4773 3331 -4597 -9475 -156 -3958 104 5777 5778 1880 8500 -4658 529
-2801 4548 -6308 -1518 -3428 6810 4815 -408 -1328 821 1886 -4157 -9679 -2948 -5170 -5617 -62 521 -7646 4554 1249 3375 3005 3150 -1194 -5788 -2001 -7037 -1462 287 -1805 -95 -1506 2198 1877 3525 -2112 1628 462 -407 8909 4698 3009 1120 9688 782 1308 5130 3155 -695 7578 4773 3331 -4597 -9475 -156 -3958 104 5777 5778 1880 8500 -4658 529
-1966 4423 -8222 -2206 -4388 5595 4090 -1927 -1894 2118 3866 -4760 -8809 -1416 -5818 -5755 838 531 -6599 5215 -7 4308 1325 2762 -1607 -6144 -2315 -8614 -956 -1118 -1582 171 337 1023 1413 2399 -1715 716 -850 -655 8106 5139 4032 661 8514 -89 -488 4799 1836 982 6376 3888 1966 -5048 -8277 -1444 -4248 -746 5772 4816 2723 8211 -4069 1046
-896 4542 -7023 -858 -4488 5251 2626 -743 -2510 1877 4550 -3288 -7450 -4302 -4513 -4137 -714 395 -7233 5660 1375 2725 1717 2389 -2207 -5741 -2093 -8774 -453 -89 -1446 273 -945 2133 2191 3079 -2725 1003 199 -1493 8005 5286 4027 1573 9303 427 702 5710 4005 -540 7826 4723 1494 -3371 -9636 -168 -2765 -1258 6422 5812 3001 8825 -6960 353
-2801 4548 -6308 -1518 -3428 6810 4815 -408 -1328 821 1886 -4157 -9679 -2948 -5170 -5617 -62 521 -7646 4554 1249 3375 3005 3150 -1194 -5788 -2001 -7037 -1462 287 -1805 -95 -1506 2198 1877 3525 -2112 1628 462 -407 8909 4698 3009 1120 9688 782 1308 5130 3155 -695 7578 4773 3331 -4597 -9475 -156 -3958 104 5777 5778 1880 8500 -4658 529
-2801 4548 -6308 -1518 -3428 6810 4815 -408 -1328 821 1886 -4157 -9679 -2948 -5170 -5617 -62 521 -7646 4554 1249 3375 3005 3150 -1194 -5788 -2001 -7037 -1462 287 -1805 -95 -1506 2198 1877 3525 -2112 1628 462 -407 8909 4698 3009 1120 9688 782 1308 5130 3155 -695 7578 4773 3331 -4597 -9475 -156 -3958 104 5777 5778 1880 8500 -4658 529
-2801 4548 -6308 -1518 -3428 6810 4815 -408 -1328 821 1886 -4157 -9679 -2948 -5170 -5617 -62 521 -7646 4554 1249 3375 3005 3150 -1194 -5788 -2001 -7037 -1462 287 -1805 -95 -1506 2198 1877 3525 -2112 1628 462 -407 8909 4698 3009 1120 9688 782 1308 5130 3155 -695 7578 4773 3331 -4597 -9475 -156 -3958 104 5777 5778 1880 8500 -4658 529
-2801 4548 -6308 -1518 -3428 6810 4815 -408 -1328 821 1886 -4157 -9679 -2948 -5170 -5617 -62 521 -7646 4554 1249 3375 3005 3150 -1194 -5788 -2001 -7037 -1462 287 -1805 -95 -1506 2198 1877 3525 -2112 1628 462 -407 8909 4698 3009 1120 9688 782 1308 5130 3155 -695 7578 4773 3331 -4597 -9475 -156 -3958 104 5777 5778 1880 8500 -4658 529
-2801 4548 -6308 -1518 -3428 6810 4815 -408 -1328 821 1886 -4157 -9679 -2948 -5170 -5617 -62 521 -7646 4554 1249 3375 3005 3150 -1194 -5788 -2001 -7037 -1462 287 -1805 -95 -1506 2198 1877 3525 -2112 1628 462 -407 8909 4698 3009 1120 9688 782 1308 5130 3155 -695 7578 4773 3331 -4597 -9475 -156 -3958 104 5777 5778 1880 8500 -4658 529
-4391 3222 -5038 440 -3750 5185 4418 2339 701 3323 1335 -4533 -6357 -3906 -3138 -8649 -1278 3416 -10724 4246 697 3509 3530 5149 1677 -5596 -460 -8173 -3376 1051 -228 2791 -1089 388 5314 1786 -4817 -182 -2135 -739 6735 2441 4083 -1153 11336 2627 -1206 3721 2715 -418 7526 7040 3035 -4162 -8235 780 -4561 1211 6358 6593 2042 4993 -3084 -917
-7294 2219 -3212 6064 -4671 4874 4954 904 2130 4784 493 -6432 -6913 -4382 -4672 -12168 -1246 7747 -11763 5414 4619 9101 2111 5433 4715 -5466 -345 -6258 -3279 578 -3049 5060 2315 -821 883 2577 -4541 2763 -2616 -364 4921 -579 779 -1717 9950 604 -2891 1608 3559 -4761 3928 6549 2805 -4656 -4769 2840 -3607 3839 -1491 6012 2262 8247 -4176 817
-7986 2514 -1889 5437 -5305 5203 6703 26 1853 5360 -3131 -5972 -5901 -4458 -6813 -10890 -1368 7156 -10005 5565 5422 9844 2053 5116 3340 -4091 -196 -5171 -2435 1347 -5751 4896 2971 -1358 1313 4116 -3068 2595 -3052 425 7360 639 -1889 -2618 10012 505 -1272 -547 2214 -5649 3920 6652 3074 -1137 -5331 3442 -5922 3772 -3923 6501 805 10237 -4524 4065
-6969 1979 -4341 3721 -7737 3922 4339 -4104 2090 7559 -1783 -6812 -2777 -2395 -8835 -12343 -521 7263 -7925 7185 3648 10678 60 5469 2098 -2647 167 -8167 -2910 929 -4469 6266 5003 -2076 592 2195 -1404 1299 -4682 1186 6968 1288 -1233 -5243 7002 544 -2900 -2702 966 -2969 828 4774 2601 -620 -2032 1229 -6216 2034 -5849 4991 993 9428 -1817 4643
-3804 6035 -4595 -113 -7102 3042 6624 -3053 -2161 5742 3896 -4208 -6900 -3328 -7539 -7133 589 399 -7839 8803 4294 6914 435 4173 -1292 -3466 -3563 -7184 -3047 1671 -1280 1311 -1121 -2424 681 3700 -720 2299 2392 -3408 10176 5703 -934 154 8978 532 -247 5663 136 -4286 7919 7323 1732 -784 -7586 1661 -6035 -626 1306 8525 1251 11262 -7410 610
-2801 4548 -6308 -1518 -3428 6810 4815 -408 -1328 821 1886 -4157 -9679 -2948 -5170 -5617 -62 521 -7646 4554 1249 3375 3005 3150 -1194 -5788 -2001 -7037 -1462 287 -1805 -95 -1506 2198 1877 3525 -2112 1628 462 -407 8909 4698 3009 1120 9688 782 1308 5130 3155 -695 7578 4773 3331 -4597 -9475 -156 -3958 104 5777 5778 1880 8500 -4658 529
-2801 4548 -6308 -1518 -3428 6810 4815 -408 -1328 821 1886 -4157 -9679 -2948 -5170 -5617 -62 521 -7646 4554 1249 3375 3005 3150 -1194 -5788 -2001 -7037 -1462 287 -1805 -95 -1506 2198 1877 3525 -2112 1628 462 -407 8909 4698 3009 1120 9688 782 1308 5130 3155 -695 7578 4773 3331 -4597 -9475 -156 -3958 104 5777 5778 1880 8500 -4658 529
-2801 4548 -6308 -1518 -3428 6810 4815 -408 -1328 821 1886 -4157 -9679 -2948 -5170 -5617 -62 521 -7646 4554 1249 3375 3005 3150 -1194 -5788 -2001 -7037 -1462 287 -1805 -95 -1506 2198 1877 3525 -2112 1628 462 -407 8909 4698 3009 1120 9688 782 1308 5130 3155 -695 7578 4773 3331 -4597 -9475 -156 -3958 104 5777 5778 1880 8500 -4658 529
-2801 4548 -6308 -1518 -3428 6810 4815 -408 -1328 821 1886 -4157 -9679 -2948 -5170 -5617 -62 521 -7646 4554 1249 3375 3005 3150 -1194 -5788 -2001 -7037 -1462 287 -1805 -95 -1506 2198 1877 3525 -2112 1628 462 -407 8909 4698 3009 1120 9688 782 1308 5130 3155 -695 7578 4773 3331 -4597 -9475 -156 -3958 104 5777 5778 1880 8500 -4658 529
-2801 4548 -6308 -1518 -3428 6810 4815 -408 -1328 821 1886 -4157 -9679 -2948 -5170 -5617 -62 521 -7646 4554 1249 3375 3005 3150 -1194 -5788 -2001 -7037 -1462 287 -1805 -95 -1506 2198 1877 3525 -2112 1628 462 -407 8909 4698 3009 1120 9688 782 1308 5130 3155 -695 7578 4773 3331 -4597 -9475 -156 -3958 104 5777 5778 1880 8500 -4658 529
-2743 3609 -5905 2243 -2162 6180 4828 4048 746 6021 468 -3601 -2285 -8070 -534 -8664 -5475 8022 -7661 3268 3546 971 2881 2586 -1749 -6100 2143 -11506 -4074 3478 -5684 5721 -1966 77 6277 3245 -2656 -2147 -5149 3516 5924 5656 3980 -2413 12210 -1362 2296 866 2702 -2824 3271 6938 3017 1537 -4973 3546 -2789 2386 3493 3115 4162 6539 -2633 2805
-3773 4226 -5640 -717 -3696 6193 4909 -708 -697 1422 2427 -4613 -9734 -2892 -5968 -6247 529 714 -7535 4633 1677 4320 3047 3469 -716 -5385 -2651 -6953 -1818 420 -1650 353 -645 1739 1264 4291 -2059 1513 1204 -850 8912 3855 2534 855 9212 1137 675 5014 2652 -1159 7040 4590 2705 -4736 -9188 -334 -4239 -214 4683 5291 2083 8851 -4169 594
-2801 4548 -6308 -1518 -3428 6810 4815 -408 -1328 821 1886 -4157 -9679 -2948 -5170 -5617 -62 521 -7646 4554 1249 3375 3005 3150 -1194 -5788 -2001 -7037 -1462 287 -1805 -95 -1506 2198 1877 3525 -2112 1628 462 -407 8909 4698 3009 1120 9688 782 1308 5130 3155 -695 7578 4773 3331 -4597 -9475 -156 -3958 104 5777 5778 1880 8500 -4658 529
-2801 4548 -6308 -1518 -3428 6810 4815 -408 -1328 821 1886 -4157 -9679 -2948 -5170 -5617 -62 521 -7646 4554 1249 3375 3005 3150 -1194 -5788 -2001 -7037 -1462 287 -1805 -95 -1506 2198 1877 3525 -2112 1628 462 -407 8909 4698 3009 1120 9688 782 1308 5130 3155 -695 7578 4773 3331 -4597 -9475 -156 -3958 104 5777 5778 1880 8500 -4658 529
-2801 4548 -6308 -1518 -3428 6810 4815 -408 -1328 821 1886 -4157 -9679 -2948 -5170 -5617 -62 521 -7646 4554 1249 3375 3005 3150 -1194 -5788 -2001 -7037 -1462 287 -1805 -95 -1506 2198 1877 3525 -2112 1628 462 -407 8909 4698 3009 1120 9688 782 1308 5130 3155 -695 7578 4773 3331 -4597 -9475 -156 -3958 104 5777 5778 1880 8500 -4658 529
-2801 4548 -6308 -1518 -3428 6810 4815 -408 -1328 821 1886 -4157 -9679 -2948 -5170 -5617 -62 521 -7646 4554 1249 3375 3005 3150 -1194 -5788 -2001 -7037 -1462 287 -1805 -95 -1506 2198 1877 3525 -2112 1628 462 -407 8909 4698 3009 1120 9688 782 1308 5130 3155 -695 7578 4773 3331 -4597 -9475 -156 -3958 104 5777 5778 1880 8500 -4658 529
-1323 3974 -8668 -1893 -5201 4636 3121 -4592 1 4293 2117 -4229 -5364 -864 -7214 -6433 -69 875 -4052 5003 -869 3342 1513 3194 -1424 -3382 -740 -10300 -1963 356 -3918 2573 3456 1475 1299 2781 -186 -1803 -2111 1048 7923 6761 2594 -1347 6234 -982 -1071 1999 2781 1670 4253 2956 1127 -3757 -6070 -2586 -3921 -1478 3467 3988 3973 8712 -1375 3187
-4424 5458 -3578 2352 -6987 3514 7347 -3019 -1757 4866 3141 -5314 -8278 -2754 -7259 -8048 674 2823 -8501 10101 5702 8578 -465 4781 154 -4753 -3327 -5744 -2486 1397 -2598 1718 332 -2588 -327 2587 -271 4236 1460 -3820 7917 4768 -2050 182 10006 196 -833 4694 1465 -5498 7349 7403 2144 -2009 -6479 4441 -5211 1400 -408 9304 446 12837 -8536 1784
-2801 4548 -6308 -1518 -3428 6810 4815 -408 -1328 821 1886 -4157 -9679 -2948 -5170 -5617 -62 521 -7646 4554 1249 3375 3005 3150 -1194 -5788 -2001 -7037 -1462 287 -1805 -95 -1506 2198 1877 3525 -2112 1628 462 -407 8909 4698 3009 1120 9688 782 1308 5130 3155 -695 7578 4773 3331 -4597 -9475 -156 -3958 104 5777 5778 1880 8500 -4658 529
-2801 4548 -6308 -1518 -3428 6810 4815 -408 -1328 821 1886 -4157 -9679 -2948 -5170 -5617 -62 521 -7646 4554 1249 3375 3005 3150 -1194 -5788 -2001 -7037 -1462 287 -1805 -95 -1506 2198 1877 3525 -2112 1628 462 -407 8909 4698 3009 1120 9688 782 1308 5130 3155 -695 7578 4773 3331 -4597 -9475 -156 -3958 104 5777 5778 1880 8500 -4658 529
-2801 4548 -6308 -1518 -3428 6810 4815 -408 -1328 821 1886 -4157 -9679 -2948 -5170 -5617 -62 521 -7646 4554 1249 3375 3005 3150 -1194 -5788 -2001 -7037 -1462 287 -1805 -95 -1506 2198 1877 3525 -2112 1628 462 -407 8909 4698 3009 1120 9688 782 1308 5130 3155 -695 7578 4773 3331 -4597 -9475 -156 -3958 104 5777 5778 1880 8500 -4658 529
-2801 4548 -6308 -1518 -3428 6810 4815 -408 -1328 821 1886 -4157 -9679 -2948 -5170 -5617 -62 521 -7646 4554 1249 3375 3005 3150 -1194 -5788 -2001 -7037 -1462 287 -1805 -95 -1506 2198 1877 3525 -2112 1628 462 -407 8909 4698 3009 1120 9688 782 1308 5130 3155 -695 7578 4773 3331 -4597 -9475 -156 -3958 104 5777 5778 1880 8500 -4658 529
-2070 4188 -7608 -2208 -4428 5638 4111 -1499 -1223 1273 2927 -4835 -8994 -1904 -6179 -5658 875 676 -7073 5162 363 4068 2186 3056 -1112 -5611 -2578 -8261 -1358 -191 -1174 35 -491 1377 959 2611 -1601 1326 -34 -96 8890 4764 4003 952 8728 689 254 4252 2085 369 6066 4351 2941 -4342 -8825 -1002 -4378 -603 5409 5629 1993 8183 -4256 574
-2276 4731 -5121 3172 -4470 6066 6521 2853 -1837 4941 2514 -4596 -3595 -7526 -1227 -9246 -5183 8077 -9555 8023 6206 3507 501 3268 -2224 -6867 680 -10998 -2454 2072 -3683 4368 -4399 -642 4125 126 -1827 900 -3401 361 5439 6005 2474 -1531 13861 -583 2340 1946 3112 -4118 4028 9401 4204 1634 -4023 6920 -2889 3314 3618 6671 1172 8228 -7948 2319
-3048 4402 -6150 -1229 -3506 6678 4768 -478 -1076 963 2185 -4280 -9790 -3015 -5419 -5914 103 624 -7579 4498 1329 3634 3089 3150 -1005 -5652 -2191 -7113 -1681 340 -1724 86 -1264 2093 1558 3766 -2165 1524 816 -528 8834 4402 2949 1068 9442 808 1080 5154 3043 -930 7222 4677 3195 -4825 -9303 -286 -3984 63 5461 5469 2047 8547 -4421 415
-2801 4548 -6308 -1518 -3428 6810 4815 -408 -1328 821 1886 -4157 -9679 -2948 -5170 -5617 -62 521 -7646 4554 1249 3375 3005 3150 -1194 -5788 -2001 -7037 -1462 287 -1805 -95 -1506 2198 1877 3525 -2112 1628 462 -407 8909 4698 3009 1120 9688 782 1308 5130 3155 -695 7578 4773 3331 -4597 -9475 -156 -3958 104 5777 5778 1880 8500 -4658 529
-2801 4548 -6308 -1518 -3428 6810 4815 -408 -1328 821 1886 -4157 -9679 -2948 -5170 -5617 -62 521 -7646 4554 1249 3375 3005 3150 -1194 -5788 -2001 -7037 -1462 287 -1805 -95 -1506 2198 1877 3525 -2112 1628 462 -407 8909 4698 3009 1120 9688 782 1308 5130 3155 -695 7578 4773 3331 -4597 -9475 -156 -3958 104 5777 5778 1880 8500 -4658 529
-2801 4548 -6308 -1518 -3428 6810 4815 -408 -1328 821 1886 -4157 -9679 -2948 -5170 -5617 -62 521 -7646 4554 1249 3375 3005 3150 -1194 -5788 -2001 -7037 -1462 287 -1805 -95 -1506 2198 1877 3525 -2112 1628 462 -407 8909 4698 3009 1120 9688 782 1308 5130 3155 -695 7578 4773 3331 -4597 -9475 -156 -3958 104 5777 5778 1880 8500 -4658 529
-2801 4548 -6308 -1518 -3428 6810 4815 -408 -1328 821 1886 -4157 -9679 -2948 -5170 -5617 -62 521 -7646 4554 1249 3375 3005 3150 -1194 -5788 -2001 -7037 -1462 287 -1805 -95 -1506 2198 1877 3525 -2112 1628 462 -407 8909 4698 3009 1120 9688 782 1308 5130 3155 -695 7578 4773 3331 -4597 -9475 -156 -3958 104 5777 5778 1880 8500 -4658 529
-3843 4240 -6003 292 -4792 5495 3697 -596 2718 3927 -1984 -3377 -4314 -4975 -5423 -8233 -896 3028 -7721 2269 147 3266 5459 4278 2360 -3421 -156 -8418 -3696 3200 -3091 3285 827 1734 3153 2987 -2966 -1085 -1950 3144 9428 3923 2261 -1323 8859 1591 49 58 2718 -2101 4400 5138 3697 -1236 -6737 36 -3918 1075 2378 5600 1963 7107 -266 1363
-5936 4187 -2034 3187 -6267 5310 8003 -2773 -523 4137 1100 -6754 -10001 -1965 -8803 -8609 1494 4338 -8108 9056 5740 9788 476 5302 407 -4787 -2830 -4500 -2165 762 -4373 1553 1362 -1781 -1186 3900 559 4069 349 -3036 7449 3251 -2791 235 10704 308 -338 3061 1269 -6144 5748 5911 2767 -2819 -6266 4782 -5135 2738 -1322 7277 225 12712 -6895 3358
-2801 4548 -6308 -1518 -3428 6810 4815 -408 -1328 821 1886 -4157 -9679 -2948 -5170 -5617 -62 521 -7646 4554 1249 3375 3005 3150 -1194 -5788 -2001 -7037 -1462 287 -1805 -95 -1506 2198 1877 3525 -2112 1628 462 -407 8909 4698 3009 1120 9688 782 1308 5130 3155 -695 7578 4773 3331 -4597 -9475 -156 -3958 104 5777 5778 1880 8500 -4658 529
-2801 4548 -6308 -1518 -3428 6810 4815 -408 -1328 821 1886 -4157 -9679 -2948 -5170 -5617 -62 521 -7646 4554 1249 3375 3005 3150 -1194 -5788 -2001 -7037 -1462 287 -1805 -95 -1506 2198 1877 3525 -2112 1628 462 -407 8909 4698 3009 1120 9688 782 1308 5130 3155 -695 7578 4773 3331 -4597 -9475 -156 -3958 104 5777 5778 1880 8500 -4658 529
-2801 4548 -6308 -1518 -3428 6810 4815 -408 -1328 821 1886 -4157 -9679 -2948 -5170 -5617 -62 521 -7646 4554 1249 3375 3005 3150 -1194 -5788 -2001 -7037 -1462 287 -1805 -95 -1506 2198 1877 3525 -2112 1628 462 -407 8909 4698 3009 1120 9688 782 1308 5130 3155 -695 7578 4773 3331 -4597 -9475 -156 -3958 104 5777 5778 1880 8500 -4658 529
