-3063 -240 1227 -5 -1661 2912 1393 -779 -3185 3648 2220 158 -1026 -1572 -3176 -5131 -697 2890 -2975 3395 1500 3069 -642 885 1419 2404 -1367 -2380 -520 -1496 -3743 953 1294 1186 366 656 -1221 -1749 -2916 259 359 2138 174 517 3949 -755 -2069 191 -1633 -2394 -703 2565 58 -6189 687 1887 -3719 -2256 2007 1181 724 4734 -381 1375
-2966 -176 1166 -44 -1673 2825 1421 -737 -3172 3609 2194 239 -1106 -1537 -3104 -5090 -702 2891 -2970 3400 1504 3045 -616 878 1419 2394 -1371 -2371 -522 -1518 -3740 927 1286 1135 284 706 -1282 -1694 -2885 246 330 2110 167 509 3856 -738 -2085 159 -1700 -2410 -753 2579 89 -6183 691 1846 -3736 -2247 2027 1249 714 4725 -435 1355
-2966 -176 1166 -44 -1673 2825 1421 -737 -3172 3609 2194 239 -1106 -1537 -3104 -5090 -702 2891 -2970 3400 1504 3045 -616 878 1419 2394 -1371 -2371 -522 -1518 -3740 927 1286 1135 284 706 -1282 -1694 -2885 246 330 2110 167 509 3856 -738 -2085 159 -1700 -2410 -753 2579 89 -6183 691 1846 -3736 -2247 2027 1249 714 4725 -435 1355
-2966 -176 1166 -44 -1673 2825 1421 -737 -3172 3609 2194 239 -1106 -1537 -3104 -5090 -702 2891 -2970 3400 1504 3045 -616 878 1419 2394 -1371 -2371 -522 -1518 -3740 927 1286 1135 284 706 -1282 -1694 -2885 246 330 2110 167 509 3856 -738 -2085 159 -1700 -2410 -753 2579 89 -6183 691 1846 -3736 -2247 2027 1249 714 4725 -435 1355
-2966 -176 1166 -44 -1673 2825 1421 -737 -3172 3609 2194 239 -1106 -1537 -3104 -5090 -702 2891 -2970 3400 1504 3045 -616 878 1419 2394 -1371 -2371 -522 -1518 -3740 927 1286 1135 284 706 -1282 -1694 -2885 246 330 2110 167 509 3856 -738 -2085 159 -1700 -2410 -753 2579 89 -6183 691 1846 -3736 -2247 2027 1249 714 4725 -435 1355
-2966 -176 1166 -44 -1673 2825 1421 -737 -3172 3609 2194 239 -1106 -1537 -3104 -5090 -702 2891 -2970 3400 1504 3045 -616 878 1419 2394 -1371 -2371 -522 -1518 -3740 927 1286 1135 284 706 -1282 -1694 -2885 246 330 2110 167 509 3856 -738 -2085 159 -1700 -2410 -753 2579 89 -6183 691 1846 -3736 -2247 2027 1249 714 4725 -435 1355
-2966 -176 1166 -44 -1673 2825 1421 -737 -3172 3609 2194 239 -1106 -1537 -3104 -5090 -702 2891 -2970 3400 1504 3045 -616 878 1419 2394 -1371 -2371 -522 -1518 -3740 927 1286 1135 284 706 -1282 -1694 -2885 246 330 2110 167 509 3856 -738 -2085 159 -1700 -2410 -753 2579 89 -6183 691 1846 -3736 -2247 2027 1249 714 4725 -435 1355
-2966 -176 1166 -44 -1673 2825 1421 -737 -3172 3609 2194 239 -1106 -1537 -3104 -5090 -702 2891 -2970 3400 1504 3045 -616 878 1419 2394 -1371 -2371 -522 -1518 -3740 927 1286 1135 284 706 -1282 -1694 -2885 246 330 2110 167 509 3856 -738 -2085 159 -1700 -2410 -753 2579 89 -6183 691 1846 -3736 -2247 2027 1249 714 4725 -435 1355
-2966 -176 1166 -44 -1673 2825 1421 -737 -3172 3609 2194 239 -1106 -1537 -3104 -5090 -702 2891 -2970 3400 1504 3045 -616 878 1419 2394 -1371 -2371 -522 -1518 -3740 927 1286 1135 284 706 -1282 -1694 -2885 246 330 2110 167 509 3856 -738 -2085 159 -1700 -2410 -753 2579 89 -6183 691 1846 -3736 -2247 2027 1249 714 4725 -435 1355
-2965 -172 1160 -39 -1677 2819 1432 -733 -3173 3611 2186 248 -1107 -1540 -3102 -5101 -701 2894 -2964 3398 1512 3031 -599 869 1418 2388 -1371 -2363 -517 -1532 -3736 912 1293 1138 305 681 -1261 -1703 -2886 239 351 2130 157 518 3887 -720 -2083 178 -1716 -2420 -771 2599 107 -6181 699 1839 -3748 -2241 2031 1271 717 4723 -450 1348
-2975 -170 1171 -24 -1668 2826 1421 -741 -3171 3616 2186 238 -1100 -1540 -3112 -5101 -700 2892 -2967 3403 1509 3049 -614 875 1418 2394 -1367 -2368 -519 -1518 -3740 925 1287 1150 313 684 -1261 -1714 -2892 250 339 2120 168 512 3886 -738 -2079 171 -1681 -2463 -750 2597 130 -6216 676 1865 -3729 -2247 1974 1213 732 4764 -370 1397
-2966 -176 1166 -44 -1673 2825 1421 -737 -3172 3609 2194 239 -1106 -1537 -3104 -5090 -702 2891 -2970 3400 1504 3045 -616 878 1419 2394 -1371 -2371 -522 -1518 -3740 927 1286 1135 284 706 -1282 -1694 -2885 246 330 2110 167 509 3856 -738 -2085 159 -1700 -2410 -753 2579 89 -6183 691 1846 -3736 -2247 2027 1249 714 4725 -435 1355
-2966 -176 1166 -44 -1673 2825 1421 -737 -3172 3609 2194 239 -1106 -1537 -3104 -5090 -702 2891 -2970 3400 1504 3045 -616 878 1419 2394 -1371 -2371 -522 -1518 -3740 927 1286 1135 284 706 -1282 -1694 -2885 246 330 2110 167 509 3856 -738 -2085 159 -1700 -2410 -753 2579 89 -6183 691 1846 -3736 -2247 2027 1249 714 4725 -435 1355
-2966 -176 1166 -44 -1673 2825 1421 -737 -3172 3609 2194 239 -1106 -1537 -3104 -5090 -702 2891 -2970 3400 1504 3045 -616 878 1419 2394 -1371 -2371 -522 -1518 -3740 927 1286 1135 284 706 -1282 -1694 -2885 246 330 2110 167 509 3856 -738 -2085 159 -1700 -2410 -753 2579 89 -6183 691 1846 -3736 -2247 2027 1249 714 4725 -435 1355
-2966 -176 1166 -44 -1673 2825 1421 -737 -3172 3609 2194 239 -1106 -1537 -3104 -5090 -702 2891 -2970 3400 1504 3045 -616 878 1419 2394 -1371 -2371 -522 -1518 -3740 927 1286 1135 284 706 -1282 -1694 -2885 246 330 2110 167 509 3856 -738 -2085 159 -1700 -2410 -753 2579 89 -6183 691 1846 -3736 -2247 2027 1249 714 4725 -435 1355
-2966 -176 1166 -44 -1673 2825 1421 -737 -3172 3609 2194 239 -1106 -1537 -3104 -5090 -702 2891 -2970 3400 1504 3045 -616 878 1419 2394 -1371 -2371 -522 -1518 -3740 927 1286 1135 284 706 -1282 -1694 -2885 246 330 2110 167 509 3856 -738 -2085 159 -1700 -2410 -753 2579 89 -6183 691 1846 -3736 -2247 2027 1249 714 4725 -435 1355
-3008 -206 1196 -35 -1670 2872 1395 -753 -3177 3621 2210 195 -1071 -1547 -3139 -5091 -701 2883 -2968 3386 1498 3039 -612 871 1417 2391 -1370 -2366 -516 -1509 -3737 927 1278 1128 290 700 -1287 -1671 -2861 250 336 2108 171 506 3859 -744 -2084 162 -1694 -2354 -735 2540 33 -6153 693 1836 -3721 -2250 2059 1250 690 4692 -468 1328
-3026 -241 1213 -50 -1678 2898 1376 -772 -3169 3626 2232 165 -1051 -1551 -3148 -5094 -691 2872 -2945 3332 1510 2998 -556 815 1406 2370 -1350 -2320 -471 -1508 -3716 897 1265 1111 268 718 -1311 -1654 -2843 251 322 2092 172 497 3822 -743 -2087 146 -1706 -2258 -714 2493 -53 -6101 706 1814 -3724 -2257 2138 1279 661 4636 -550 1270
-3037 -244 1219 -37 -1670 2904 1378 -778 -3172 3633 2232 160 -1042 -1557 -3156 -5104 -694 2875 -2955 3337 1504 3007 -580 832 1410 2378 -1358 -2337 -483 -1506 -3721 915 1267 1128 284 710 -1294 -1686 -2865 255 323 2100 170 501 3842 -743 -2084 146 -1686 -2214 -680 2454 -103 -6091 701 1817 -3711 -2269 2156 1257 649 4618 -552 1259
-3063 -251 1234 -12 -1668 2920 1376 -789 -3173 3648 2227 145 -1022 -1567 -3175 -5127 -695 2882 -2959 3357 1505 3017 -592 848 1415 2382 -1365 -2349 -497 -1515 -3728 917 1281 1136 316 676 -1258 -1708 -2875 243 358 2135 152 516 3894 -714 -2082 173 -1696 -2239 -696 2477 -75 -6100 705 1815 -3721 -2265 2146 1268 655 4627 -548 1264
-3014 -209 1196 -23 -1672 2868 1403 -760 -3172 3629 2204 198 -1065 -1553 -3138 -5114 -697 2889 -2966 3392 1505 3045 -614 871 1419 2392 -1367 -2367 -516 -1515 -3740 927 1277 1146 315 681 -1264 -1710 -2881 250 344 2119 164 509 3885 -734 -2079 167 -1660 -2360 -703 2538 31 -6176 686 1861 -3722 -2263 2042 1209 706 4710 -422 1350
-2966 -176 1166 -44 -1673 2825 1421 -737 -3172 3609 2194 239 -1106 -1537 -3104 -5090 -702 2891 -2970 3400 1504 3045 -616 878 1419 2394 -1371 -2371 -522 -1518 -3740 927 1286 1135 284 706 -1282 -1694 -2885 246 330 2110 167 509 3856 -738 -2085 159 -1700 -2410 -753 2579 89 -6183 691 1846 -3736 -2247 2027 1249 714 4725 -435 1355
-2966 -176 1166 -44 -1673 2825 1421 -737 -3172 3609 2194 239 -1106 -1537 -3104 -5090 -702 2891 -2970 3400 1504 3045 -616 878 1419 2394 -1371 -2371 -522 -1518 -3740 927 1286 1135 284 706 -1282 -1694 -2885 246 330 2110 167 509 3856 -738 -2085 159 -1700 -2410 -753 2579 89 -6183 691 1846 -3736 -2247 2027 1249 714 4725 -435 1355
-2966 -176 1166 -44 -1673 2825 1421 -737 -3172 3609 2194 239 -1106 -1537 -3104 -5090 -702 2891 -2970 3400 1504 3045 -616 878 1419 2394 -1371 -2371 -522 -1518 -3740 927 1286 1135 284 706 -1282 -1694 -2885 246 330 2110 167 509 3856 -738 -2085 159 -1700 -2410 -753 2579 89 -6183 691 1846 -3736 -2247 2027 1249 714 4725 -435 1355
-2966 -176 1166 -44 -1673 2825 1421 -737 -3172 3609 2194 239 -1106 -1537 -3104 -5090 -702 2891 -2970 3400 1504 3045 -616 878 1419 2394 -1371 -2371 -522 -1518 -3740 927 1286 1135 284 706 -1282 -1694 -2885 246 330 2110 167 509 3856 -738 -2085 159 -1700 -2410 -753 2579 89 -6183 691 1846 -3736 -2247 2027 1249 714 4725 -435 1355
-2966 -176 1166 -44 -1673 2825 1421 -737 -3172 3609 2194 239 -1106 -1537 -3104 -5090 -702 2891 -2970 3400 1504 3045 -616 878 1419 2394 -1371 -2371 -522 -1518 -3740 927 1286 1135 284 706 -1282 -1694 -2885 246 330 2110 167 509 3856 -738 -2085 159 -1700 -2410 -753 2579 89 -6183 691 1846 -3736 -2247 2027 1249 714 4725 -435 1355
-3083 -241 1243 10 -1649 2928 1382 -785 -3191 3653 2224 142 -1013 -1574 -3194 -5128 -706 2882 -2992 3403 1478 3090 -682 913 1425 2417 -1376 -2405 -538 -1475 -3752 984 1278 1190 358 675 -1243 -1733 -2905 278 336 2111 195 503 3924 -790 -2068 172 -1596 -2454 -689 2565 90 -6228 658 1913 -3686 -2257 1926 1113 736 4780 -282 1435
-2966 -180 1163 -49 -1678 2825 1426 -735 -3172 3609 2194 241 -1106 -1539 -3103 -5094 -699 2889 -2962 3388 1509 3031 -598 863 1416 2387 -1367 -2358 -511 -1522 -3734 915 1287 1129 282 703 -1282 -1687 -2880 241 335 2113 163 511 3857 -731 -2086 163 -1699 -2398 -749 2575 80 -6178 694 1845 -3738 -2248 2037 1252 712 4718 -444 1348
-2966 -176 1166 -44 -1673 2825 1421 -737 -3172 3609 2194 239 -1106 -1537 -3104 -5090 -702 2891 -2970 3400 1504 3045 -616 878 1419 2394 -1371 -2371 -522 -1518 -3740 927 1286 1135 284 706 -1282 -1694 -2885 246 330 2110 167 509 3856 -738 -2085 159 -1700 -2410 -753 2579 89 -6183 691 1846 -3736 -2247 2027 1249 714 4725 -435 1355
-2966 -176 1166 -44 -1673 2825 1421 -737 -3172 3609 2194 239 -1106 -1537 -3104 -5090 -702 2891 -2970 3400 1504 3045 -616 878 1419 2394 -1371 -2371 -522 -1518 -3740 927 1286 1135 284 706 -1282 -1694 -2885 246 330 2110 167 509 3856 -738 -2085 159 -1700 -2410 -753 2579 89 -6183 691 1846 -3736 -2247 2027 1249 714 4725 -435 1355
-2966 -176 1166 -44 -1673 2825 1421 -737 -3172 3609 2194 239 -1106 -1537 -3104 -5090 -702 2891 -2970 3400 1504 3045 -616 878 1419 2394 -1371 -2371 -522 -1518 -3740 927 1286 1135 284 706 -1282 -1694 -2885 246 330 2110 167 509 3856 -738 -2085 159 -1700 -2410 -753 2579 89 -6183 691 1846 -3736 -2247 2027 1249 714 4725 -435 1355
-2966 -176 1166 -44 -1673 2825 1421 -737 -3172 3609 2194 239 -1106 -1537 -3104 -5090 -702 2891 -2970 3400 1504 3045 -616 878 1419 2394 -1371 -2371 -522 -1518 -3740 927 1286 1135 284 706 -1282 -1694 -2885 246 330 2110 167 509 3856 -738 -2085 159 -1700 -2410 -753 2579 89 -6183 691 1846 -3736 -2247 2027 1249 714 4725 -435 1355
-3031 -198 1205 11 -1662 2870 1413 -765 -3180 3643 2191 197 -1055 -1563 -3154 -5136 -698 2895 -2959 3379 1513 3009 -585 857 1416 2381 -1374 -2357 -510 -1539 -3730 904 1314 1155 342 647 -1216 -1746 -2915 227 384 2170 138 536 3946 -690 -2081 206 -1720 -2445 -782 2617 134 -6192 698 1842 -3756 -2238 2017 1273 727 4739 -438 1360
-3001 -216 1192 -44 -1678 2866 1396 -761 -3166 3622 2214 197 -1073 -1546 -3128 -5101 -696 2886 -2962 3377 1508 3038 -604 858 1416 2390 -1362 -2356 -504 -1513 -3735 923 1261 1136 294 703 -1290 -1698 -2867 260 319 2095 174 497 3845 -748 -2080 145 -1686 -2303 -705 2515 -15 -6138 697 1838 -3729 -2263 2098 1247 687 4672 -493 1306
-2966 -176 1166 -44 -1673 2825 1421 -737 -3172 3609 2194 239 -1106 -1537 -3104 -5090 -702 2891 -2970 3400 1504 3045 -616 878 1419 2394 -1371 -2371 -522 -1518 -3740 927 1286 1135 284 706 -1282 -1694 -2885 246 330 2110 167 509 3856 -738 -2085 159 -1700 -2410 -753 2579 89 -6183 691 1846 -3736 -2247 2027 1249 714 4725 -435 1355
-2966 -176 1166 -44 -1673 2825 1421 -737 -3172 3609 2194 239 -1106 -1537 -3104 -5090 -702 2891 -2970 3400 1504 3045 -616 878 1419 2394 -1371 -2371 -522 -1518 -3740 927 1286 1135 284 706 -1282 -1694 -2885 246 330 2110 167 509 3856 -738 -2085 159 -1700 -2410 -753 2579 89 -6183 691 1846 -3736 -2247 2027 1249 714 4725 -435 1355
-2966 -176 1166 -44 -1673 2825 1421 -737 -3172 3609 2194 239 -1106 -1537 -3104 -5090 -702 2891 -2970 3400 1504 3045 -616 878 1419 2394 -1371 -2371 -522 -1518 -3740 927 1286 1135 284 706 -1282 -1694 -2885 246 330 2110 167 509 3856 -738 -2085 159 -1700 -2410 -753 2579 89 -6183 691 1846 -3736 -2247 2027 1249 714 4725 -435 1355
-2966 -176 1166 -44 -1673 2825 1421 -737 -3172 3609 2194 239 -1106 -1537 -3104 -5090 -702 2891 -2970 3400 1504 3045 -616 878 1419 2394 -1371 -2371 -522 -1518 -3740 927 1286 1135 284 706 -1282 -1694 -2885 246 330 2110 167 509 3856 -738 -2085 159 -1700 -2410 -753 2579 89 -6183 691 1846 -3736 -2247 2027 1249 714 4725 -435 1355
-2969 -176 1167 -38 -1674 2826 1421 -739 -3170 3612 2191 238 -1104 -1538 -3106 -5096 -702 2894 -2969 3409 1507 3045 -614 881 1420 2393 -1374 -2372 -526 -1526 -3742 921 1293 1141 306 683 -1261 -1704 -2888 240 350 2128 158 517 3889 -725 -2083 177 -1710 -2410 -763 2590 95 -6178 698 1841 -3745 -2244 2035 1265 715 4720 -450 1347
-3067 -239 1240 1 -1652 2921 1370 -788 -3180 3647 2226 144 -1023 -1564 -3182 -5115 -708 2889 -3003 3443 1477 3133 -717 944 1431 2433 -1377 -2427 -559 -1470 -3768 1002 1245 1178 327 715 -1289 -1713 -2883 299 291 2065 215 478 3859 -824 -2067 129 -1599 -2398 -670 2533 39 -6203 662 1905 -3687 -2265 1969 1123 722 4753 -323 1406
-2966 -177 1165 -46 -1675 2825 1423 -736 -3172 3609 2194 240 -1106 -1538 -3104 -5092 -701 2890 -2967 3396 1506 3040 -609 872 1417 2391 -1369 -2366 -517 -1520 -3738 922 1287 1133 283 704 -1281 -1692 -2884 244 333 2112 165 511 3858 -735 -2086 162 -1699 -2410 -753 2580 90 -6183 692 1846 -3737 -2247 2027 1249 715 4725 -435 1355
-2966 -176 1166 -44 -1673 2825 1421 -737 -3172 3609 2194 239 -1106 -1537 -3104 -5090 -702 2891 -2970 3400 1504 3045 -616 878 1419 2394 -1371 -2371 -522 -1518 -3740 927 1286 1135 284 706 -1282 -1694 -2885 246 330 2110 167 509 3856 -738 -2085 159 -1700 -2410 -753 2579 89 -6183 691 1846 -3736 -2247 2027 1249 714 4725 -435 1355
-2966 -176 1166 -44 -1673 2825 1421 -737 -3172 3609 2194 239 -1106 -1537 -3104 -5090 -702 2891 -2970 3400 1504 3045 -616 878 1419 2394 -1371 -2371 -522 -1518 -3740 927 1286 1135 284 706 -1282 -1694 -2885 246 330 2110 167 509 3856 -738 -2085 159 -1700 -2410 -753 2579 89 -6183 691 1846 -3736 -2247 2027 1249 714 4725 -435 1355
-2966 -176 1166 -44 -1673 2825 1421 -737 -3172 3609 2194 239 -1106 -1537 -3104 -5090 -702 2891 -2970 3400 1504 3045 -616 878 1419 2394 -1371 -2371 -522 -1518 -3740 927 1286 1135 284 706 -1282 -1694 -2885 246 330 2110 167 509 3856 -738 -2085 159 -1700 -2410 -753 2579 89 -6183 691 1846 -3736 -2247 2027 1249 714 4725 -435 1355
-2966 -176 1166 -44 -1673 2825 1421 -737 -3172 3609 2194 239 -1106 -1537 -3104 -5090 -702 2891 -2970 3400 1504 3045 -616 878 1419 2394 -1371 -2371 -522 -1518 -3740 927 1286 1135 284 706 -1282 -1694 -2885 246 330 2110 167 509 3856 -738 -2085 159 -1700 -2410 -753 2579 89 -6183 691 1846 -3736 -2247 2027 1249 714 4725 -435 1355
-3053 -225 1228 -1 -1655 2904 1383 -778 -3182 3644 2216 160 -1036 -1563 -3173 -5116 -702 2881 -2972 3388 1489 3039 -619 878 1419 2392 -1376 -2374 -523 -1506 -3739 930 1315 1158 338 659 -1222 -1730 -2915 231 381 2163 146 533 3946 -710 -2082 204 -1689 -2355 -731 2546 38 -6155 695 1841 -3729 -2251 2060 1248 695 4698 -465 1331
-2978 -216 1175 -71 -1687 2850 1408 -750 -3166 3611 2218 214 -1090 -1541 -3107 -5091 -693 2884 -2951 3345 1517 3004 -571 828 1410 2377 -1357 -2334 -482 -1523 -3721 904 1256 1124 270 721 -1309 -1688 -2862 260 305 2083 174 493 3814 -747 -2083 131 -1704 -2259 -708 2497 -50 -6110 707 1819 -3733 -2263 2142 1277 670 4639 -547 1271
-2966 -176 1166 -44 -1673 2825 1421 -737 -3172 3609 2194 239 -1106 -1537 -3104 -5090 -702 2891 -2970 3400 1504 3045 -616 878 1419 2394 -1371 -2371 -522 -1518 -3740 927 1286 1135 284 706 -1282 -1694 -2885 246 330 2110 167 509 3856 -738 -2085 159 -1700 -2410 -753 2579 89 -6183 691 1846 -3736 -2247 2027 1249 714 4725 -435 1355
-2966 -176 1166 -44 -1673 2825 1421 -737 -3172 3609 2194 239 -1106 -1537 -3104 -5090 -702 2891 -2970 3400 1504 3045 -616 878 1419 2394 -1371 -2371 -522 -1518 -3740 927 1286 1135 284 706 -1282 -1694 -2885 246 330 2110 167 509 3856 -738 -2085 159 -1700 -2410 -753 2579 89 -6183 691 1846 -3736 -2247 2027 1249 714 4725 -435 1355
-2966 -176 1166 -44 -1673 2825 1421 -737 -3172 3609 2194 239 -1106 -1537 -3104 -5090 -702 2891 -2970 3400 1504 3045 -616 878 1419 2394 -1371 -2371 -522 -1518 -3740 927 1286 1135 284 706 -1282 -1694 -2885 246 330 2110 167 509 3856 -738 -2085 159 -1700 -2410 -753 2579 89 -6183 691 1846 -3736 -2247 2027 1249 714 4725 -435 1355
