7008 2035 -1445 -1985 -4326 1481 -2896 2591 3275 1220 -2250 4185 1316 -2460 -1000 3167 -2731 1558 4190 -350 494 -3405 -634 -81 -6050 -5579 1278 -1454 -3176 30 -3071 1856 3836 570 229 -290 1974 -998 2992 3602 -1288 684 -4643 -1749 -7901 -3043 1618 1739 -1104 -4268 1496 -3228 -5491 -1296 6371 3010 -3217 1839 2923 -2610 -931 3866 -1376 -407
5608 717 278 -1600 -5189 -112 -2962 3439 7214 2227 -765 3850 1355 -1862 1837 1841 -3634 -722 708 -270 2000 -5888 -2097 -1008 -3216 -5087 3767 -663 -818 -1889 -1839 426 2862 4204 1236 -2732 4223 -1058 882 1451 -1204 -629 -2696 -2081 -7519 -5418 452 1178 -646 -3946 -1223 -4019 -5387 1019 3156 2722 -2487 4922 4717 364 210 3984 -2431 2547
5608 717 278 -1600 -5189 -112 -2962 3439 7214 2227 -765 3850 1355 -1862 1837 1841 -3634 -722 708 -270 2000 -5888 -2097 -1008 -3216 -5087 3767 -663 -818 -1889 -1839 426 2862 4204 1236 -2732 4223 -1058 882 1451 -1204 -629 -2696 -2081 -7519 -5418 452 1178 -646 -3946 -1223 -4019 -5387 1019 3156 2722 -2487 4922 4717 364 210 3984 -2431 2547
5608 717 278 -1600 -5189 -112 -2962 3439 7214 2227 -765 3850 1355 -1862 1837 1841 -3634 -722 708 -270 2000 -5888 -2097 -1008 -3216 -5087 3767 -663 -818 -1889 -1839 426 2862 4204 1236 -2732 4223 -1058 882 1451 -1204 -629 -2696 -2081 -7519 -5418 452 1178 -646 -3946 -1223 -4019 -5387 1019 3156 2722 -2487 4922 4717 364 210 3984 -2431 2547
5608 717 278 -1600 -5189 -112 -2962 3439 7214 2227 -765 3850 1355 -1862 1837 1841 -3634 -722 708 -270 2000 -5888 -2097 -1008 -3216 -5087 3767 -663 -818 -1889 -1839 426 2862 4204 1236 -2732 4223 -1058 882 1451 -1204 -629 -2696 -2081 -7519 -5418 452 1178 -646 -3946 -1223 -4019 -5387 1019 3156 2722 -2487 4922 4717 364 210 3984 -2431 2547
5608 717 278 -1600 -5189 -112 -2962 3439 7214 2227 -765 3850 1355 -1862 1837 1841 -3634 -722 708 -270 2000 -5888 -2097 -1008 -3216 -5087 3767 -663 -818 -1889 -1839 426 2862 4204 1236 -2732 4223 -1058 882 1451 -1204 -629 -2696 -2081 -7519 -5418 452 1178 -646 -3946 -1223 -4019 -5387 1019 3156 2722 -2487 4922 4717 364 210 3984 -2431 2547
5608 717 278 -1600 -5189 -112 -2962 3439 7214 2227 -765 3850 1355 -1862 1837 1841 -3634 -722 708 -270 2000 -5888 -2097 -1008 -3216 -5087 3767 -663 -818 -1889 -1839 426 2862 4204 1236 -2732 4223 -1058 882 1451 -1204 -629 -2696 -2081 -7519 -5418 452 1178 -646 -3946 -1223 -4019 -5387 1019 3156 2722 -2487 4922 4717 364 210 3984 -2431 2547
5608 717 278 -1600 -5189 -112 -2962 3439 7214 2227 -765 3850 1355 -1862 1837 1841 -3634 -722 708 -270 2000 -5888 -2097 -1008 -3216 -5087 3767 -663 -818 -1889 -1839 426 2862 4204 1236 -2732 4223 -1058 882 1451 -1204 -629 -2696 -2081 -7519 -5418 452 1178 -646 -3946 -1223 -4019 -5387 1019 3156 2722 -2487 4922 4717 364 210 3984 -2431 2547
5608 717 278 -1600 -5189 -112 -2962 3439 7214 2227 -765 3850 1355 -1862 1837 1841 -3634 -722 708 -270 2000 -5888 -2097 -1008 -3216 -5087 3767 -663 -818 -1889 -1839 426 2862 4204 1236 -2732 4223 -1058 882 1451 -1204 -629 -2696 -2081 -7519 -5418 452 1178 -646 -3946 -1223 -4019 -5387 1019 3156 2722 -2487 4922 4717 364 210 3984 -2431 2547
6358 292 -143 -2568 -5695 1668 -3240 3227 6609 2302 -1598 4313 1084 -2589 1526 2022 -3639 -1146 949 133 1834 -5123 -2555 -734 -2837 -4627 4486 -600 -112 -1792 -1310 1455 3953 3828 96 -3155 3850 -1485 1206 1413 -1041 656 -1761 -1681 -6593 -4154 644 463 -643 -3964 -1251 -4500 -4870 1279 2750 3497 -1904 5493 4948 665 132 4500 -1403 2612
5296 998 296 -1397 -5986 630 -2770 3132 7107 906 -1444 3532 840 -1913 472 1817 -4131 -722 314 308 2198 -4501 -2997 -608 -2743 -4791 3347 612 -698 -1925 -1865 902 3566 3258 991 -3120 3258 -1537 1419 1043 -1384 188 -2213 -2764 -5944 -4263 -149 449 -976 -3298 -994 -3891 -5425 519 2496 2897 -2242 5688 3762 892 152 3966 -1771 1655
5608 717 278 -1600 -5189 -112 -2962 3439 7214 2227 -765 3850 1355 -1862 1837 1841 -3634 -722 708 -270 2000 -5888 -2097 -1008 -3216 -5087 3767 -663 -818 -1889 -1839 426 2862 4204 1236 -2732 4223 -1058 882 1451 -1204 -629 -2696 -2081 -7519 -5418 452 1178 -646 -3946 -1223 -4019 -5387 1019 3156 2722 -2487 4922 4717 364 210 3984 -2431 2547
5608 717 278 -1600 -5189 -112 -2962 3439 7214 2227 -765 3850 1355 -1862 1837 1841 -3634 -722 708 -270 2000 -5888 -2097 -1008 -3216 -5087 3767 -663 -818 -1889 -1839 426 2862 4204 1236 -2732 4223 -1058 882 1451 -1204 -629 -2696 -2081 -7519 -5418 452 1178 -646 -3946 -1223 -4019 -5387 1019 3156 2722 -2487 4922 4717 364 210 3984 -2431 2547
5608 717 278 -1600 -5189 -112 -2962 3439 7214 2227 -765 3850 1355 -1862 1837 1841 -3634 -722 708 -270 2000 -5888 -2097 -1008 -3216 -5087 3767 -663 -818 -1889 -1839 426 2862 4204 1236 -2732 4223 -1058 882 1451 -1204 -629 -2696 -2081 -7519 -5418 452 1178 -646 -3946 -1223 -4019 -5387 1019 3156 2722 -2487 4922 4717 364 210 3984 -2431 2547
5608 717 278 -1600 -5189 -112 -2962 3439 7214 2227 -765 3850 1355 -1862 1837 1841 -3634 -722 708 -270 2000 -5888 -2097 -1008 -3216 -5087 3767 -663 -818 -1889 -1839 426 2862 4204 1236 -2732 4223 -1058 882 1451 -1204 -629 -2696 -2081 -7519 -5418 452 1178 -646 -3946 -1223 -4019 -5387 1019 3156 2722 -2487 4922 4717 364 210 3984 -2431 2547
5608 717 278 -1600 -5189 -112 -2962 3439 7214 2227 -765 3850 1355 -1862 1837 1841 -3634 -722 708 -270 2000 -5888 -2097 -1008 -3216 -5087 3767 -663 -818 -1889 -1839 426 2862 4204 1236 -2732 4223 -1058 882 1451 -1204 -629 -2696 -2081 -7519 -5418 452 1178 -646 -3946 -1223 -4019 -5387 1019 3156 2722 -2487 4922 4717 364 210 3984 -2431 2547
4397 -74 2412 -2441 -4412 -273 -1491 3463 6530 831 260 4297 -770 -2986 362 1991 -1928 32 1570 -2215 554 -5145 -2853 -28 -4306 -5304 4308 -3374 -4072 -2594 -1763 630 1694 2248 1057 -481 5738 -58 240 1914 801 5 -4452 -2572 -7090 -6892 -10 1527 -2707 -2365 434 -3384 -4003 2348 2824 3715 -3598 5735 3702 -277 596 4513 -1047 755
4019 -231 -162 -1422 548 308 -2203 4572 3755 1499 -254 3164 -1064 -1726 -1727 4330 -91 2008 4653 -1699 -1083 -2897 -540 554 -6497 -5243 1587 -4327 -3042 -688 -3453 -854 1581 103 394 820 2066 -1400 2082 3888 -780 -1066 -5276 -581 -8460 -5404 1061 528 -48 -3774 810 -2692 -3718 1107 5690 2886 -3366 582 1062 -3724 -445 1909 -1137 1314
5771 1331 -2345 -1627 113 -303 -2186 3595 3453 2596 -1320 3167 305 -1261 -853 4419 -1073 2641 4284 -983 -1838 -2883 581 -558 -6495 -5693 444 -3873 -3542 -486 -3901 -994 1480 -406 -134 1105 1214 -844 1769 3926 -645 -2130 -5432 22 -8942 -4764 1923 1139 1861 -3950 1149 -2754 -4623 -889 6290 2323 -3218 -867 1789 -4885 -71 643 -2771 1763
6405 1009 -3329 -2298 604 1025 -2424 3275 1618 3171 -3343 3791 646 -2264 -987 3965 -723 2154 5269 -1168 -1877 -978 970 569 -5901 -4398 434 -3320 -3453 1162 -2210 66 2601 -1359 -2696 1586 -14 -433 1899 3886 -289 -1128 -4880 930 -7544 -1849 2705 1170 2769 -3275 2221 -2088 -3248 -858 6446 3169 -2109 -1276 1631 -5247 -350 410 -1761 249
5687 2302 -1788 -2951 -2635 248 -4671 3523 5266 305 -724 4538 1670 295 80 3963 -3899 1466 2633 -273 2286 -4031 -813 -730 -4282 -4215 1399 293 -3028 -1206 -2854 485 1466 1708 -1359 -2380 1518 -1164 1518 1879 -1435 -702 -4478 502 -6464 -4318 1512 645 1156 -4023 286 -4343 -5362 -2573 4451 1911 -1639 3108 3832 -2651 328 3069 -3226 1320
5608 717 278 -1600 -5189 -112 -2962 3439 7214 2227 -765 3850 1355 -1862 1837 1841 -3634 -722 708 -270 2000 -5888 -2097 -1008 -3216 -5087 3767 -663 -818 -1889 -1839 426 2862 4204 1236 -2732 4223 -1058 882 1451 -1204 -629 -2696 -2081 -7519 -5418 452 1178 -646 -3946 -1223 -4019 -5387 1019 3156 2722 -2487 4922 4717 364 210 3984 -2431 2547
5608 717 278 -1600 -5189 -112 -2962 3439 7214 2227 -765 3850 1355 -1862 1837 1841 -3634 -722 708 -270 2000 -5888 -2097 -1008 -3216 -5087 3767 -663 -818 -1889 -1839 426 2862 4204 1236 -2732 4223 -1058 882 1451 -1204 -629 -2696 -2081 -7519 -5418 452 1178 -646 -3946 -1223 -4019 -5387 1019 3156 2722 -2487 4922 4717 364 210 3984 -2431 2547
5608 717 278 -1600 -5189 -112 -2962 3439 7214 2227 -765 3850 1355 -1862 1837 1841 -3634 -722 708 -270 2000 -5888 -2097 -1008 -3216 -5087 3767 -663 -818 -1889 -1839 426 2862 4204 1236 -2732 4223 -1058 882 1451 -1204 -629 -2696 -2081 -7519 -5418 452 1178 -646 -3946 -1223 -4019 -5387 1019 3156 2722 -2487 4922 4717 364 210 3984 -2431 2547
5608 717 278 -1600 -5189 -112 -2962 3439 7214 2227 -765 3850 1355 -1862 1837 1841 -3634 -722 708 -270 2000 -5888 -2097 -1008 -3216 -5087 3767 -663 -818 -1889 -1839 426 2862 4204 1236 -2732 4223 -1058 882 1451 -1204 -629 -2696 -2081 -7519 -5418 452 1178 -646 -3946 -1223 -4019 -5387 1019 3156 2722 -2487 4922 4717 364 210 3984 -2431 2547
5608 717 278 -1600 -5189 -112 -2962 3439 7214 2227 -765 3850 1355 -1862 1837 1841 -3634 -722 708 -270 2000 -5888 -2097 -1008 -3216 -5087 3767 -663 -818 -1889 -1839 426 2862 4204 1236 -2732 4223 -1058 882 1451 -1204 -629 -2696 -2081 -7519 -5418 452 1178 -646 -3946 -1223 -4019 -5387 1019 3156 2722 -2487 4922 4717 364 210 3984 -2431 2547
3883 3297 1798 -1150 -6143 -104 -166 2469 5644 1598 -988 3493 327 -5863 -439 859 -2308 -609 1992 -384 -436 -3297 -2248 -231 -4997 -6260 944 -1388 -3782 1158 -1851 1520 2186 -146 1503 1727 4114 1362 2361 3200 -536 -4 -4004 -4666 -6949 -5035 -58 3267 -3567 -2700 1188 -1639 -6010 1701 5297 4033 -3734 3238 1939 190 300 3152 201 -778
5782 537 230 -1815 -4445 -64 -3406 3418 6388 1883 -879 3896 1388 -1260 1599 2450 -3194 -222 1244 -513 1825 -5583 -1996 -907 -3719 -5029 3654 -883 -1111 -1826 -1592 357 2890 4260 911 -3116 3914 -1369 1018 1453 -1221 -452 -3187 -1381 -7915 -5161 527 813 -610 -4421 -1203 -4110 -5121 798 3554 2733 -2971 4345 4624 -329 112 4376 -2470 2648
5608 717 278 -1600 -5189 -112 -2962 3439 7214 2227 -765 3850 1355 -1862 1837 1841 -3634 -722 708 -270 2000 -5888 -2097 -1008 -3216 -5087 3767 -663 -818 -1889 -1839 426 2862 4204 1236 -2732 4223 -1058 882 1451 -1204 -629 -2696 -2081 -7519 -5418 452 1178 -646 -3946 -1223 -4019 -5387 1019 3156 2722 -2487 4922 4717 364 210 3984 -2431 2547
5608 717 278 -1600 -5189 -112 -2962 3439 7214 2227 -765 3850 1355 -1862 1837 1841 -3634 -722 708 -270 2000 -5888 -2097 -1008 -3216 -5087 3767 -663 -818 -1889 -1839 426 2862 4204 1236 -2732 4223 -1058 882 1451 -1204 -629 -2696 -2081 -7519 -5418 452 1178 -646 -3946 -1223 -4019 -5387 1019 3156 2722 -2487 4922 4717 364 210 3984 -2431 2547
5608 717 278 -1600 -5189 -112 -2962 3439 7214 2227 -765 3850 1355 -1862 1837 1841 -3634 -722 708 -270 2000 -5888 -2097 -1008 -3216 -5087 3767 -663 -818 -1889 -1839 426 2862 4204 1236 -2732 4223 -1058 882 1451 -1204 -629 -2696 -2081 -7519 -5418 452 1178 -646 -3946 -1223 -4019 -5387 1019 3156 2722 -2487 4922 4717 364 210 3984 -2431 2547
5608 717 278 -1600 -5189 -112 -2962 3439 7214 2227 -765 3850 1355 -1862 1837 1841 -3634 -722 708 -270 2000 -5888 -2097 -1008 -3216 -5087 3767 -663 -818 -1889 -1839 426 2862 4204 1236 -2732 4223 -1058 882 1451 -1204 -629 -2696 -2081 -7519 -5418 452 1178 -646 -3946 -1223 -4019 -5387 1019 3156 2722 -2487 4922 4717 364 210 3984 -2431 2547
8050 813 -1677 -2783 -6091 3118 -2096 2911 5379 2718 -4205 4479 2506 -3686 847 740 -4249 -693 1317 377 1381 -3442 -2707 -820 -3153 -4013 3502 -447 457 781 843 2013 3966 3568 -138 -3000 2506 -1216 1056 1210 -1058 562 -2575 -834 -6665 -1652 1937 769 -136 -4266 -642 -3462 -4260 2038 4484 4688 -2249 3668 3657 292 453 3936 -868 710
5377 1731 -2771 -2583 -1337 516 -4516 4486 4801 1316 -220 4007 1092 459 -531 4577 -3736 2385 3587 112 1549 -3656 386 -91 -4841 -4142 1629 69 -2174 -1347 -4920 -155 1283 879 -919 -1244 -87 -1383 2345 2785 -2074 -621 -3869 903 -7139 -4223 1863 332 2240 -3852 600 -4208 -5598 -2339 4998 1368 -1063 1830 2689 -3394 -199 1418 -3109 1289
5608 717 278 -1600 -5189 -112 -2962 3439 7214 2227 -765 3850 1355 -1862 1837 1841 -3634 -722 708 -270 2000 -5888 -2097 -1008 -3216 -5087 3767 -663 -818 -1889 -1839 426 2862 4204 1236 -2732 4223 -1058 882 1451 -1204 -629 -2696 -2081 -7519 -5418 452 1178 -646 -3946 -1223 -4019 -5387 1019 3156 2722 -2487 4922 4717 364 210 3984 -2431 2547
5608 717 278 -1600 -5189 -112 -2962 3439 7214 2227 -765 3850 1355 -1862 1837 1841 -3634 -722 708 -270 2000 -5888 -2097 -1008 -3216 -5087 3767 -663 -818 -1889 -1839 426 2862 4204 1236 -2732 4223 -1058 882 1451 -1204 -629 -2696 -2081 -7519 -5418 452 1178 -646 -3946 -1223 -4019 -5387 1019 3156 2722 -2487 4922 4717 364 210 3984 -2431 2547
5608 717 278 -1600 -5189 -112 -2962 3439 7214 2227 -765 3850 1355 -1862 1837 1841 -3634 -722 708 -270 2000 -5888 -2097 -1008 -3216 -5087 3767 -663 -818 -1889 -1839 426 2862 4204 1236 -2732 4223 -1058 882 1451 -1204 -629 -2696 -2081 -7519 -5418 452 1178 -646 -3946 -1223 -4019 -5387 1019 3156 2722 -2487 4922 4717 364 210 3984 -2431 2547
5608 717 278 -1600 -5189 -112 -2962 3439 7214 2227 -765 3850 1355 -1862 1837 1841 -3634 -722 708 -270 2000 -5888 -2097 -1008 -3216 -5087 3767 -663 -818 -1889 -1839 426 2862 4204 1236 -2732 4223 -1058 882 1451 -1204 -629 -2696 -2081 -7519 -5418 452 1178 -646 -3946 -1223 -4019 -5387 1019 3156 2722 -2487 4922 4717 364 210 3984 -2431 2547
6264 391 -288 -2006 -5152 991 -3332 3105 6836 2345 -1588 4245 1227 -2387 1703 1699 -3715 -1175 1081 -345 2002 -5453 -2229 -429 -2799 -4489 4159 -377 -537 -1708 -1676 1094 3885 3798 217 -2898 4031 -976 845 1709 -1075 170 -2223 -1750 -6916 -4487 724 1074 -456 -3646 -935 -4502 -5193 895 2780 3268 -2132 5260 5252 232 219 4078 -1856 2503
2906 3353 -10 -1992 -3798 -950 -1726 3725 6019 2043 460 3428 -652 -4305 -440 2333 -3685 740 2595 260 604 -3629 -610 804 -4471 -5416 1786 120 -3816 -147 -5506 796 1902 -1685 708 1922 2562 1035 2882 4175 -1245 -29 -3526 -4052 -7006 -5167 -226 2928 -1165 -1961 1990 -2339 -6951 -422 5111 2981 -1005 3831 2060 -1003 -51 1829 -881 -862
5551 648 341 -1660 -4925 -98 -3125 3439 6970 2068 -797 3851 1356 -1714 1757 2014 -3440 -606 894 -343 1983 -5826 -2105 -962 -3351 -5020 3754 -704 -837 -1792 -1686 434 2872 4272 1200 -2889 4169 -1186 929 1418 -1259 -603 -2841 -1896 -7666 -5342 453 1070 -723 -4180 -1283 -3992 -5285 1045 3311 2732 -2645 4715 4646 182 164 4174 -2349 2543
5608 717 278 -1600 -5189 -112 -2962 3439 7214 2227 -765 3850 1355 -1862 1837 1841 -3634 -722 708 -270 2000 -5888 -2097 -1008 -3216 -5087 3767 -663 -818 -1889 -1839 426 2862 4204 1236 -2732 4223 -1058 882 1451 -1204 -629 -2696 -2081 -7519 -5418 452 1178 -646 -3946 -1223 -4019 -5387 1019 3156 2722 -2487 4922 4717 364 210 3984 -2431 2547
5608 717 278 -1600 -5189 -112 -2962 3439 7214 2227 -765 3850 1355 -1862 1837 1841 -3634 -722 708 -270 2000 -5888 -2097 -1008 -3216 -5087 3767 -663 -818 -1889 -1839 426 2862 4204 1236 -2732 4223 -1058 882 1451 -1204 -629 -2696 -2081 -7519 -5418 452 1178 -646 -3946 -1223 -4019 -5387 1019 3156 2722 -2487 4922 4717 364 210 3984 -2431 2547
5608 717 278 -1600 -5189 -112 -2962 3439 7214 2227 -765 3850 1355 -1862 1837 1841 -3634 -722 708 -270 2000 -5888 -2097 -1008 -3216 -5087 3767 -663 -818 -1889 -1839 426 2862 4204 1236 -2732 4223 -1058 882 1451 -1204 -629 -2696 -2081 -7519 -5418 452 1178 -646 -3946 -1223 -4019 -5387 1019 3156 2722 -2487 4922 4717 364 210 3984 -2431 2547
5608 717 278 -1600 -5189 -112 -2962 3439 7214 2227 -765 3850 1355 -1862 1837 1841 -3634 -722 708 -270 2000 -5888 -2097 -1008 -3216 -5087 3767 -663 -818 -1889 -1839 426 2862 4204 1236 -2732 4223 -1058 882 1451 -1204 -629 -2696 -2081 -7519 -5418 452 1178 -646 -3946 -1223 -4019 -5387 1019 3156 2722 -2487 4922 4717 364 210 3984 -2431 2547
6399 2040 -72 -1084 -4803 44 -1209 2854 6098 1036 -3020 4226 1922 -4172 856 -2 -2172 -444 2373 -1960 -314 -5087 -1455 -864 -4331 -5007 1532 -3024 -3299 125 339 639 2871 2562 1118 124 5219 785 -192 2111 -609 -1872 -5654 -1799 -7846 -5273 2084 2705 -1606 -3499 -3 -2218 -4644 1572 5303 4369 -4560 3088 3722 -1808 916 3713 -2318 496
5599 1420 -3243 -2393 -683 -72 -4882 4336 3805 2341 -281 3806 1308 632 -99 4826 -3300 2913 3824 500 552 -3675 1255 -290 -4788 -4411 2353 -474 -1938 -1232 -5288 -459 1469 857 -614 -871 -412 -1110 2200 3075 -2275 -1017 -3573 1004 -8617 -4199 2544 181 2849 -4413 702 -3965 -5478 -2058 5430 1353 -1206 479 2920 -3760 -645 1117 -3230 1843
5608 717 278 -1600 -5189 -112 -2962 3439 7214 2227 -765 3850 1355 -1862 1837 1841 -3634 -722 708 -270 2000 -5888 -2097 -1008 -3216 -5087 3767 -663 -818 -1889 -1839 426 2862 4204 1236 -2732 4223 -1058 882 1451 -1204 -629 -2696 -2081 -7519 -5418 452 1178 -646 -3946 -1223 -4019 -5387 1019 3156 2722 -2487 4922 4717 364 210 3984 -2431 2547
5608 717 278 -1600 -5189 -112 -2962 3439 7214 2227 -765 3850 1355 -1862 1837 1841 -3634 -722 708 -270 2000 -5888 -2097 -1008 -3216 -5087 3767 -663 -818 -1889 -1839 426 2862 4204 1236 -2732 4223 -1058 882 1451 -1204 -629 -2696 -2081 -7519 -5418 452 1178 -646 -3946 -1223 -4019 -5387 1019 3156 2722 -2487 4922 4717 364 210 3984 -2431 2547
5608 717 278 -1600 -5189 -112 -2962 3439 7214 2227 -765 3850 1355 -1862 1837 1841 -3634 -722 708 -270 2000 -5888 -2097 -1008 -3216 -5087 3767 -663 -818 -1889 -1839 426 2862 4204 1236 -2732 4223 -1058 882 1451 -1204 -629 -2696 -2081 -7519 -5418 452 1178 -646 -3946 -1223 -4019 -5387 1019 3156 2722 -2487 4922 4717 364 210 3984 -2431 2547
