-3310 4176 -6273 3343 -5555 3591 5122 -1581 -1503 7831 1975 -6769 -4313 -5568 -3927 -7892 -1230 5217 -6813 7665 5671 4833 652 4215 -290 -4454 -1189 -10919 -1814 1378 -3709 3150 -299 -1527 1129 2646 -942 1342 138 456 7677 3505 98 32 9132 -1173 -1917 223 728 -3778 2316 6169 1358 155 -4840 3124 -5962 -811 148 3141 2844 11722 -2970 4086
-3041 4411 -6508 689 -4282 7313 4044 -926 -2371 1782 1165 -6099 -9715 -3424 -4573 -5117 625 1036 -8632 5244 2900 2861 2872 3107 -357 -5479 -1514 -7838 -1268 -639 -1885 -226 -2766 2463 878 3654 -746 2496 1977 693 9720 4604 2118 2108 9290 916 2297 3560 2799 -1087 6618 5039 3425 -3504 -9061 210 -6011 -49 6037 5007 2150 8015 -4852 -263
-3041 4411 -6508 689 -4282 7313 4044 -926 -2371 1782 1165 -6099 -9715 -3424 -4573 -5117 625 1036 -8632 5244 2900 2861 2872 3107 -357 -5479 -1514 -7838 -1268 -639 -1885 -226 -2766 2463 878 3654 -746 2496 1977 693 9720 4604 2118 2108 9290 916 2297 3560 2799 -1087 6618 5039 3425 -3504 -9061 210 -6011 -49 6037 5007 2150 8015 -4852 -263
-3041 4411 -6508 689 -4282 7313 4044 -926 -2371 1782 1165 -6099 -9715 -3424 -4573 -5117 625 1036 -8632 5244 2900 2861 2872 3107 -357 -5479 -1514 -7838 -1268 -639 -1885 -226 -2766 2463 878 3654 -746 2496 1977 693 9720 4604 2118 2108 9290 916 2297 3560 2799 -1087 6618 5039 3425 -3504 -9061 210 -6011 -49 6037 5007 2150 8015 -4852 -263
-3041 4411 -6508 689 -4282 7313 4044 -926 -2371 1782 1165 -6099 -9715 -3424 -4573 -5117 625 1036 -8632 5244 2900 2861 2872 3107 -357 -5479 -1514 -7838 -1268 -639 -1885 -226 -2766 2463 878 3654 -746 2496 1977 693 9720 4604 2118 2108 9290 916 2297 3560 2799 -1087 6618 5039 3425 -3504 -9061 210 -6011 -49 6037 5007 2150 8015 -4852 -263
-3041 4411 -6508 689 -4282 7313 4044 -926 -2371 1782 1165 -6099 -9715 -3424 -4573 -5117 625 1036 -8632 5244 2900 2861 2872 3107 -357 -5479 -1514 -7838 -1268 -639 -1885 -226 -2766 2463 878 3654 -746 2496 1977 693 9720 4604 2118 2108 9290 916 2297 3560 2799 -1087 6618 5039 3425 -3504 -9061 210 -6011 -49 6037 5007 2150 8015 -4852 -263
-3041 4411 -6508 689 -4282 7313 4044 -926 -2371 1782 1165 -6099 -9715 -3424 -4573 -5117 625 1036 -8632 5244 2900 2861 2872 3107 -357 -5479 -1514 -7838 -1268 -639 -1885 -226 -2766 2463 878 3654 -746 2496 1977 693 9720 4604 2118 2108 9290 916 2297 3560 2799 -1087 6618 5039 3425 -3504 -9061 210 -6011 -49 6037 5007 2150 8015 -4852 -263
-3041 4411 -6508 689 -4282 7313 4044 -926 -2371 1782 1165 -6099 -9715 -3424 -4573 -5117 625 1036 -8632 5244 2900 2861 2872 3107 -357 -5479 -1514 -7838 -1268 -639 -1885 -226 -2766 2463 878 3654 -746 2496 1977 693 9720 4604 2118 2108 9290 916 2297 3560 2799 -1087 6618 5039 3425 -3504 -9061 210 -6011 -49 6037 5007 2150 8015 -4852 -263
-3041 4411 -6508 689 -4282 7313 4044 -926 -2371 1782 1165 -6099 -9715 -3424 -4573 -5117 625 1036 -8632 5244 2900 2861 2872 3107 -357 -5479 -1514 -7838 -1268 -639 -1885 -226 -2766 2463 878 3654 -746 2496 1977 693 9720 4604 2118 2108 9290 916 2297 3560 2799 -1087 6618 5039 3425 -3504 -9061 210 -6011 -49 6037 5007 2150 8015 -4852 -263
-1886 4388 -8316 164 -5044 6071 3252 -2347 -3117 3230 3257 -6590 -9029 -2034 -4913 -5079 1361 944 -7633 5914 1464 3728 994 2771 -845 -6075 -2162 -9518 -985 -2215 -1542 120 -538 898 724 2343 -380 1616 546 464 9023 5324 3054 1662 8017 -287 479 3585 1288 527 5273 4369 2412 -4048 -7924 -1206 -6267 -694 5999 3855 3040 8048 -4405 669
-1202 4612 -7415 1529 -5155 5868 1938 -1081 -3986 2749 3798 -5439 -7755 -4593 -3741 -3477 -470 1024 -8390 6481 2885 2075 1417 2449 -1461 -5642 -1867 -9724 -281 -1000 -1396 203 -1954 2266 1172 3094 -1362 2043 1862 -703 8770 5222 3295 2304 9132 432 1537 4281 3397 -955 6837 4886 2018 -2634 -9254 281 -4736 -1335 6824 5162 3260 8616 -7073 -340
-3041 4411 -6508 689 -4282 7313 4044 -926 -2371 1782 1165 -6099 -9715 -3424 -4573 -5117 625 1036 -8632 5244 2900 2861 2872 3107 -357 -5479 -1514 -7838 -1268 -639 -1885 -226 -2766 2463 878 3654 -746 2496 1977 693 9720 4604 2118 2108 9290 916 2297 3560 2799 -1087 6618 5039 3425 -3504 -9061 210 -6011 -49 6037 5007 2150 8015 -4852 -263
-3041 4411 -6508 689 -4282 7313 4044 -926 -2371 1782 1165 -6099 -9715 -3424 -4573 -5117 625 1036 -8632 5244 2900 2861 2872 3107 -357 -5479 -1514 -7838 -1268 -639 -1885 -226 -2766 2463 878 3654 -746 2496 1977 693 9720 4604 2118 2108 9290 916 2297 3560 2799 -1087 6618 5039 3425 -3504 -9061 210 -6011 -49 6037 5007 2150 8015 -4852 -263
-3041 4411 -6508 689 -4282 7313 4044 -926 -2371 1782 1165 -6099 -9715 -3424 -4573 -5117 625 1036 -8632 5244 2900 2861 2872 3107 -357 -5479 -1514 -7838 -1268 -639 -1885 -226 -2766 2463 878 3654 -746 2496 1977 693 9720 4604 2118 2108 9290 916 2297 3560 2799 -1087 6618 5039 3425 -3504 -9061 210 -6011 -49 6037 5007 2150 8015 -4852 -263
-3041 4411 -6508 689 -4282 7313 4044 -926 -2371 1782 1165 -6099 -9715 -3424 -4573 -5117 625 1036 -8632 5244 2900 2861 2872 3107 -357 -5479 -1514 -7838 -1268 -639 -1885 -226 -2766 2463 878 3654 -746 2496 1977 693 9720 4604 2118 2108 9290 916 2297 3560 2799 -1087 6618 5039 3425 -3504 -9061 210 -6011 -49 6037 5007 2150 8015 -4852 -263
-3041 4411 -6508 689 -4282 7313 4044 -926 -2371 1782 1165 -6099 -9715 -3424 -4573 -5117 625 1036 -8632 5244 2900 2861 2872 3107 -357 -5479 -1514 -7838 -1268 -639 -1885 -226 -2766 2463 878 3654 -746 2496 1977 693 9720 4604 2118 2108 9290 916 2297 3560 2799 -1087 6618 5039 3425 -3504 -9061 210 -6011 -49 6037 5007 2150 8015 -4852 -263
-5009 2909 -5270 2760 -4400 5892 2785 1659 78 4122 547 -5539 -5831 -4851 -3015 -8203 -683 4232 -11341 4753 1867 3047 3371 5294 2416 -5759 475 -8702 -3066 -151 -81 2980 -2534 562 4857 1847 -3018 726 -726 135 7157 2633 3184 -639 11454 3336 -688 2342 2148 -758 6650 7359 3601 -3146 -8686 1088 -6565 1148 6861 6317 2467 4812 -3233 -1681
-7859 1457 -3374 7468 -5487 4854 3820 -53 1455 5284 152 -7251 -5936 -5562 -4638 -12504 -701 8275 -11904 5795 5587 8744 1973 5503 5321 -5357 -421 -6135 -2939 -243 -3529 5373 558 -837 655 2427 -3952 3510 -998 308 5966 -943 269 -1165 9406 1182 -3544 725 3232 -4989 3142 6291 3328 -3704 -4964 2010 -5216 3329 -766 5231 1570 8429 -4201 458
-8899 1336 -2381 6397 -6316 4959 5979 -1015 1161 6020 -3618 -6881 -4942 -5655 -6690 -11599 -385 7319 -10218 6022 6594 9937 2088 5003 3807 -3884 -215 -5142 -1773 817 -6517 4828 1437 -1511 873 4164 -2735 3334 -1545 1019 8395 -29 -2331 -1814 9307 1121 -1927 -1438 2183 -5915 2981 6597 3112 -56 -5188 2676 -7516 3215 -3127 5722 52 10190 -4502 3784
-7569 921 -4884 4892 -8388 3462 3791 -5267 1275 8219 -1962 -7507 -1863 -3921 -8209 -13086 348 7163 -7822 7525 4776 10680 -181 5351 2024 -2647 -154 -8242 -2561 495 -5021 6042 3907 -2949 538 1945 -1193 2241 -3567 1799 7621 735 -1869 -4362 6392 760 -3661 -3356 997 -3208 -137 5091 2991 216 -1983 257 -7770 1606 -4990 4160 338 10177 -1582 4973
-4248 5676 -5325 1980 -7967 3324 5885 -3410 -3897 6523 3060 -5820 -6912 -4010 -6763 -6857 1014 404 -8520 9672 5669 6598 -462 3987 -912 -3575 -3431 -7962 -2607 1283 -1546 692 -2484 -2360 -460 3515 362 3406 3414 -2843 10815 5133 -1641 1206 8419 1136 378 4016 167 -4852 7114 8090 1652 -248 -6833 1849 -7387 -1045 1614 7943 905 10750 -7258 26
-3041 4411 -6508 689 -4282 7313 4044 -926 -2371 1782 1165 -6099 -9715 -3424 -4573 -5117 625 1036 -8632 5244 2900 2861 2872 3107 -357 -5479 -1514 -7838 -1268 -639 -1885 -226 -2766 2463 878 3654 -746 2496 1977 693 9720 4604 2118 2108 9290 916 2297 3560 2799 -1087 6618 5039 3425 -3504 -9061 210 -6011 -49 6037 5007 2150 8015 -4852 -263
-3041 4411 -6508 689 -4282 7313 4044 -926 -2371 1782 1165 -6099 -9715 -3424 -4573 -5117 625 1036 -8632 5244 2900 2861 2872 3107 -357 -5479 -1514 -7838 -1268 -639 -1885 -226 -2766 2463 878 3654 -746 2496 1977 693 9720 4604 2118 2108 9290 916 2297 3560 2799 -1087 6618 5039 3425 -3504 -9061 210 -6011 -49 6037 5007 2150 8015 -4852 -263
-3041 4411 -6508 689 -4282 7313 4044 -926 -2371 1782 1165 -6099 -9715 -3424 -4573 -5117 625 1036 -8632 5244 2900 2861 2872 3107 -357 -5479 -1514 -7838 -1268 -639 -1885 -226 -2766 2463 878 3654 -746 2496 1977 693 9720 4604 2118 2108 9290 916 2297 3560 2799 -1087 6618 5039 3425 -3504 -9061 210 -6011 -49 6037 5007 2150 8015 -4852 -263
-3041 4411 -6508 689 -4282 7313 4044 -926 -2371 1782 1165 -6099 -9715 -3424 -4573 -5117 625 1036 -8632 5244 2900 2861 2872 3107 -357 -5479 -1514 -7838 -1268 -639 -1885 -226 -2766 2463 878 3654 -746 2496 1977 693 9720 4604 2118 2108 9290 916 2297 3560 2799 -1087 6618 5039 3425 -3504 -9061 210 -6011 -49 6037 5007 2150 8015 -4852 -263
-3041 4411 -6508 689 -4282 7313 4044 -926 -2371 1782 1165 -6099 -9715 -3424 -4573 -5117 625 1036 -8632 5244 2900 2861 2872 3107 -357 -5479 -1514 -7838 -1268 -639 -1885 -226 -2766 2463 878 3654 -746 2496 1977 693 9720 4604 2118 2108 9290 916 2297 3560 2799 -1087 6618 5039 3425 -3504 -9061 210 -6011 -49 6037 5007 2150 8015 -4852 -263
-2993 3110 -6426 4119 -2823 6180 3933 3388 -631 6399 -285 -4919 -1624 -8458 -510 -8513 -5337 8671 -8022 3389 3937 539 3086 3315 -1360 -6308 2845 -12131 -3803 2528 -5548 5930 -3298 98 6069 2938 -1209 -1536 -3639 4011 6355 5703 3121 -2228 12653 -1267 2397 -109 2238 -3367 2525 6973 3228 2607 -5263 3737 -4347 2330 4142 2161 4424 7167 -2561 2207
-4006 4077 -5885 1442 -4627 6587 4059 -1270 -1798 2311 1765 -6356 -9807 -3484 -5336 -5872 1217 1238 -8499 5392 3348 3838 2822 3427 30 -5145 -2370 -7629 -1648 -384 -1750 202 -2046 1973 292 4385 -755 2368 2753 283 9876 3664 1784 1986 8816 1299 1568 3503 2385 -1524 6067 4881 2804 -3703 -8700 -100 -6273 -408 4913 4510 2156 8405 -4282 -135
-3041 4411 -6508 689 -4282 7313 4044 -926 -2371 1782 1165 -6099 -9715 -3424 -4573 -5117 625 1036 -8632 5244 2900 2861 2872 3107 -357 -5479 -1514 -7838 -1268 -639 -1885 -226 -2766 2463 878 3654 -746 2496 1977 693 9720 4604 2118 2108 9290 916 2297 3560 2799 -1087 6618 5039 3425 -3504 -9061 210 -6011 -49 6037 5007 2150 8015 -4852 -263
-3041 4411 -6508 689 -4282 7313 4044 -926 -2371 1782 1165 -6099 -9715 -3424 -4573 -5117 625 1036 -8632 5244 2900 2861 2872 3107 -357 -5479 -1514 -7838 -1268 -639 -1885 -226 -2766 2463 878 3654 -746 2496 1977 693 9720 4604 2118 2108 9290 916 2297 3560 2799 -1087 6618 5039 3425 -3504 -9061 210 -6011 -49 6037 5007 2150 8015 -4852 -263
-3041 4411 -6508 689 -4282 7313 4044 -926 -2371 1782 1165 -6099 -9715 -3424 -4573 -5117 625 1036 -8632 5244 2900 2861 2872 3107 -357 -5479 -1514 -7838 -1268 -639 -1885 -226 -2766 2463 878 3654 -746 2496 1977 693 9720 4604 2118 2108 9290 916 2297 3560 2799 -1087 6618 5039 3425 -3504 -9061 210 -6011 -49 6037 5007 2150 8015 -4852 -263
-3041 4411 -6508 689 -4282 7313 4044 -926 -2371 1782 1165 -6099 -9715 -3424 -4573 -5117 625 1036 -8632 5244 2900 2861 2872 3107 -357 -5479 -1514 -7838 -1268 -639 -1885 -226 -2766 2463 878 3654 -746 2496 1977 693 9720 4604 2118 2108 9290 916 2297 3560 2799 -1087 6618 5039 3425 -3504 -9061 210 -6011 -49 6037 5007 2150 8015 -4852 -263
-1281 3719 -9259 286 -5891 4335 2367 -5185 -1227 5049 1754 -5598 -5504 -1823 -6137 -6000 618 1087 -5143 5637 270 3012 1043 3136 -1090 -3679 -759 -11084 -1790 -483 -3774 2388 2762 868 699 2517 1130 -1033 -1038 2294 9085 6798 1689 -214 5895 -1731 -354 823 2532 1326 2894 3542 1686 -2701 -5748 -2817 -5682 -1526 3762 2972 3949 9299 -1680 3495
-4902 4807 -4138 4065 -7953 3675 6766 -3442 -3390 5693 2577 -6728 -8011 -3462 -6658 -7931 1315 2821 -9075 10825 6818 8268 -1249 4540 659 -4768 -3442 -6303 -1949 1020 -3026 1148 -1132 -2453 -1339 2238 370 5206 2613 -3195 8744 4196 -2745 1033 9181 752 -725 3255 1684 -5998 6542 7797 2041 -1420 -5773 4120 -6473 954 -104 8555 -84 12251 -8495 1165
-3041 4411 -6508 689 -4282 7313 4044 -926 -2371 1782 1165 -6099 -9715 -3424 -4573 -5117 625 1036 -8632 5244 2900 2861 2872 3107 -357 -5479 -1514 -7838 -1268 -639 -1885 -226 -2766 2463 878 3654 -746 2496 1977 693 9720 4604 2118 2108 9290 916 2297 3560 2799 -1087 6618 5039 3425 -3504 -9061 210 -6011 -49 6037 5007 2150 8015 -4852 -263
-3041 4411 -6508 689 -4282 7313 4044 -926 -2371 1782 1165 -6099 -9715 -3424 -4573 -5117 625 1036 -8632 5244 2900 2861 2872 3107 -357 -5479 -1514 -7838 -1268 -639 -1885 -226 -2766 2463 878 3654 -746 2496 1977 693 9720 4604 2118 2108 9290 916 2297 3560 2799 -1087 6618 5039 3425 -3504 -9061 210 -6011 -49 6037 5007 2150 8015 -4852 -263
-3041 4411 -6508 689 -4282 7313 4044 -926 -2371 1782 1165 -6099 -9715 -3424 -4573 -5117 625 1036 -8632 5244 2900 2861 2872 3107 -357 -5479 -1514 -7838 -1268 -639 -1885 -226 -2766 2463 878 3654 -746 2496 1977 693 9720 4604 2118 2108 9290 916 2297 3560 2799 -1087 6618 5039 3425 -3504 -9061 210 -6011 -49 6037 5007 2150 8015 -4852 -263
-3041 4411 -6508 689 -4282 7313 4044 -926 -2371 1782 1165 -6099 -9715 -3424 -4573 -5117 625 1036 -8632 5244 2900 2861 2872 3107 -357 -5479 -1514 -7838 -1268 -639 -1885 -226 -2766 2463 878 3654 -746 2496 1977 693 9720 4604 2118 2108 9290 916 2297 3560 2799 -1087 6618 5039 3425 -3504 -9061 210 -6011 -49 6037 5007 2150 8015 -4852 -263
-2215 4186 -7840 176 -5134 6107 3226 -2064 -2382 2394 2270 -6746 -9072 -2589 -5402 -5128 1517 1028 -8143 5839 2111 3571 1963 2887 -339 -5479 -2141 -9226 -1313 -1243 -1265 -110 -1607 1441 33 2694 -199 2294 1347 1020 9759 4760 3036 1986 8283 734 1275 2790 1596 31 4991 4867 3298 -3344 -8349 -671 -6490 -607 5636 4786 2247 7866 -4518 26
-2578 4132 -5558 5102 -5101 6414 5669 2502 -3703 5704 1767 -6057 -2946 -7865 -1285 -8943 -5098 8628 -10050 8374 6426 2911 116 3762 -1728 -7045 1246 -11909 -2142 1168 -3756 4422 -5790 -625 3716 -303 -688 1805 -1938 692 5748 5787 1557 -1625 13818 12 2114 885 2789 -4790 3135 9541 4296 2198 -4148 6906 -4295 3159 4119 5917 1577 8483 -7937 1492
-3263 4290 -6358 979 -4375 7138 3975 -1016 -2143 1884 1485 -6167 -9826 -3514 -4813 -5457 774 1151 -8539 5219 2984 3105 2934 3129 -199 -5353 -1790 -7863 -1512 -554 -1802 -33 -2582 2352 571 3877 -821 2383 2355 585 9709 4278 2109 2093 9050 930 2046 3590 2696 -1294 6274 4924 3316 -3759 -8879 36 -6037 -104 5718 4693 2239 8113 -4596 -346
-3041 4411 -6508 689 -4282 7313 4044 -926 -2371 1782 1165 -6099 -9715 -3424 -4573 -5117 625 1036 -8632 5244 2900 2861 2872 3107 -357 -5479 -1514 -7838 -1268 -639 -1885 -226 -2766 2463 878 3654 -746 2496 1977 693 9720 4604 2118 2108 9290 916 2297 3560 2799 -1087 6618 5039 3425 -3504 -9061 210 -6011 -49 6037 5007 2150 8015 -4852 -263
-3041 4411 -6508 689 -4282 7313 4044 -926 -2371 1782 1165 -6099 -9715 -3424 -4573 -5117 625 1036 -8632 5244 2900 2861 2872 3107 -357 -5479 -1514 -7838 -1268 -639 -1885 -226 -2766 2463 878 3654 -746 2496 1977 693 9720 4604 2118 2108 9290 916 2297 3560 2799 -1087 6618 5039 3425 -3504 -9061 210 -6011 -49 6037 5007 2150 8015 -4852 -263
-3041 4411 -6508 689 -4282 7313 4044 -926 -2371 1782 1165 -6099 -9715 -3424 -4573 -5117 625 1036 -8632 5244 2900 2861 2872 3107 -357 -5479 -1514 -7838 -1268 -639 -1885 -226 -2766 2463 878 3654 -746 2496 1977 693 9720 4604 2118 2108 9290 916 2297 3560 2799 -1087 6618 5039 3425 -3504 -9061 210 -6011 -49 6037 5007 2150 8015 -4852 -263
-3041 4411 -6508 689 -4282 7313 4044 -926 -2371 1782 1165 -6099 -9715 -3424 -4573 -5117 625 1036 -8632 5244 2900 2861 2872 3107 -357 -5479 -1514 -7838 -1268 -639 -1885 -226 -2766 2463 878 3654 -746 2496 1977 693 9720 4604 2118 2108 9290 916 2297 3560 2799 -1087 6618 5039 3425 -3504 -9061 210 -6011 -49 6037 5007 2150 8015 -4852 -263
-4517 4017 -7152 2499 -5630 5253 2303 -1637 2014 4422 -2677 -4555 -3635 -6253 -5085 -8321 -13 3536 -8547 2634 1938 3557 5455 3899 2893 -3574 956 -9122 -3297 2196 -3385 3020 -612 1819 2159 3112 -1168 -247 -702 4139 10256 3455 1370 -92 8842 1871 643 -1820 2391 -2256 3314 5729 4154 -110 -6494 141 -6012 835 3082 5152 1896 7294 -371 1010
-6397 3267 -2384 4485 -7307 5342 7510 -3438 -1908 5075 713 -7990 -9630 -2729 -8274 -8765 2451 4266 -8632 9665 6769 9530 36 5053 972 -4592 -3238 -4848 -1614 428 -4955 1134 -62 -1592 -2120 3575 797 4819 1694 -2269 8531 2631 -3602 1110 9784 757 -497 1913 1552 -6512 4942 5977 2510 -2047 -5479 4196 -6567 2279 -1035 6298 -379 12076 -6973 2758
-3041 4411 -6508 689 -4282 7313 4044 -926 -2371 1782 1165 -6099 -9715 -3424 -4573 -5117 625 1036 -8632 5244 2900 2861 2872 3107 -357 -5479 -1514 -7838 -1268 -639 -1885 -226 -2766 2463 878 3654 -746 2496 1977 693 9720 4604 2118 2108 9290 916 2297 3560 2799 -1087 6618 5039 3425 -3504 -9061 210 -6011 -49 6037 5007 2150 8015 -4852 -263
-3041 4411 -6508 689 -4282 7313 4044 -926 -2371 1782 1165 -6099 -9715 -3424 -4573 -5117 625 1036 -8632 5244 2900 2861 2872 3107 -357 -5479 -1514 -7838 -1268 -639 -1885 -226 -2766 2463 878 3654 -746 2496 1977 693 9720 4604 2118 2108 9290 916 2297 3560 2799 -1087 6618 5039 3425 -3504 -9061 210 -6011 -49 6037 5007 2150 8015 -4852 -263
-3041 4411 -6508 689 -4282 7313 4044 -926 -2371 1782 1165 -6099 -9715 -3424 -4573 -5117 625 1036 -8632 5244 2900 2861 2872 3107 -357 -5479 -1514 -7838 -1268 -639 -1885 -226 -2766 2463 878 3654 -746 2496 1977 693 9720 4604 2118 2108 9290 916 2297 3560 2799 -1087 6618 5039 3425 -3504 -9061 210 -6011 -49 6037 5007 2150 8015 -4852 -263
