-658 5958 -9224 1263 -4584 446 5164 -1085 3861 3918 -183 -7747 -5334 -4919 -2290 -4096 -1896 1959 -4828 3951 3427 2015 1736 3303 -3409 -9026 -193 -10919 -2787 4077 -470 2515 -904 -3654 861 2532 -1597 2005 1411 -1418 7745 1513 101 -2164 6391 -1082 -202 733 2350 -1740 4330 3459 666 6904 -8261 1544 -1517 1577 -3649 3009 2558 7646 -4119 3024
-310 4781 -8841 -2140 -2454 3956 3296 -128 1565 -3607 -838 -5404 -10068 -2070 -2802 -1083 221 -3140 -5716 794 -780 -126 3550 2043 -3411 -9631 -1198 -5705 -1545 1522 1666 -1635 -3612 693 1284 2654 -1421 3215 3243 -1223 9086 2396 2680 188 6017 1204 3295 5057 4927 1420 8808 1956 3126 1276 -11847 -2730 -742 2131 3694 4563 807 3721 -5211 -1417
-310 4781 -8841 -2140 -2454 3956 3296 -128 1565 -3607 -838 -5404 -10068 -2070 -2802 -1083 221 -3140 -5716 794 -780 -126 3550 2043 -3411 -9631 -1198 -5705 -1545 1522 1666 -1635 -3612 693 1284 2654 -1421 3215 3243 -1223 9086 2396 2680 188 6017 1204 3295 5057 4927 1420 8808 1956 3126 1276 -11847 -2730 -742 2131 3694 4563 807 3721 -5211 -1417
-310 4781 -8841 -2140 -2454 3956 3296 -128 1565 -3607 -838 -5404 -10068 -2070 -2802 -1083 221 -3140 -5716 794 -780 -126 3550 2043 -3411 -9631 -1198 -5705 -1545 1522 1666 -1635 -3612 693 1284 2654 -1421 3215 3243 -1223 9086 2396 2680 188 6017 1204 3295 5057 4927 1420 8808 1956 3126 1276 -11847 -2730 -742 2131 3694 4563 807 3721 -5211 -1417
-310 4781 -8841 -2140 -2454 3956 3296 -128 1565 -3607 -838 -5404 -10068 -2070 -2802 -1083 221 -3140 -5716 794 -780 -126 3550 2043 -3411 -9631 -1198 -5705 -1545 1522 1666 -1635 -3612 693 1284 2654 -1421 3215 3243 -1223 9086 2396 2680 188 6017 1204 3295 5057 4927 1420 8808 1956 3126 1276 -11847 -2730 -742 2131 3694 4563 807 3721 -5211 -1417
-310 4781 -8841 -2140 -2454 3956 3296 -128 1565 -3607 -838 -5404 -10068 -2070 -2802 -1083 221 -3140 -5716 794 -780 -126 3550 2043 -3411 -9631 -1198 -5705 -1545 1522 1666 -1635 -3612 693 1284 2654 -1421 3215 3243 -1223 9086 2396 2680 188 6017 1204 3295 5057 4927 1420 8808 1956 3126 1276 -11847 -2730 -742 2131 3694 4563 807 3721 -5211 -1417
-310 4781 -8841 -2140 -2454 3956 3296 -128 1565 -3607 -838 -5404 -10068 -2070 -2802 -1083 221 -3140 -5716 794 -780 -126 3550 2043 -3411 -9631 -1198 -5705 -1545 1522 1666 -1635 -3612 693 1284 2654 -1421 3215 3243 -1223 9086 2396 2680 188 6017 1204 3295 5057 4927 1420 8808 1956 3126 1276 -11847 -2730 -742 2131 3694 4563 807 3721 -5211 -1417
-310 4781 -8841 -2140 -2454 3956 3296 -128 1565 -3607 -838 -5404 -10068 -2070 -2802 -1083 221 -3140 -5716 794 -780 -126 3550 2043 -3411 -9631 -1198 -5705 -1545 1522 1666 -1635 -3612 693 1284 2654 -1421 3215 3243 -1223 9086 2396 2680 188 6017 1204 3295 5057 4927 1420 8808 1956 3126 1276 -11847 -2730 -742 2131 3694 4563 807 3721 -5211 -1417
-310 4781 -8841 -2140 -2454 3956 3296 -128 1565 -3607 -838 -5404 -10068 -2070 -2802 -1083 221 -3140 -5716 794 -780 -126 3550 2043 -3411 -9631 -1198 -5705 -1545 1522 1666 -1635 -3612 693 1284 2654 -1421 3215 3243 -1223 9086 2396 2680 188 6017 1204 3295 5057 4927 1420 8808 1956 3126 1276 -11847 -2730 -742 2131 3694 4563 807 3721 -5211 -1417
959 5190 -11254 -2766 -3406 3050 2912 -1620 1288 -1973 1761 -6107 -9277 -70 -3411 -986 1594 -2996 -4493 1922 -2003 1287 2048 2011 -3774 -10254 -1326 -7570 -733 270 2318 -1087 -1341 -351 1088 1806 -750 2631 2179 -1267 8907 3325 4343 -48 5227 527 1661 5220 3963 3786 8192 1301 1971 1116 -10776 -4079 -803 1543 4185 3955 2144 3887 -4473 -572
1855 4776 -9543 -1377 -3580 2239 885 -454 283 -2381 2171 -4363 -7497 -3516 -2007 618 -467 -3222 -5185 2053 -600 -811 2135 1228 -4474 -9478 -1257 -7560 -378 1134 2094 -1174 -2927 639 1632 2206 -2076 2563 2978 -2386 8054 3062 3830 726 5559 842 2634 5694 5857 1682 9064 1908 1063 2706 -11894 -2707 618 646 4484 4651 2066 4054 -7763 -1611
-310 4781 -8841 -2140 -2454 3956 3296 -128 1565 -3607 -838 -5404 -10068 -2070 -2802 -1083 221 -3140 -5716 794 -780 -126 3550 2043 -3411 -9631 -1198 -5705 -1545 1522 1666 -1635 -3612 693 1284 2654 -1421 3215 3243 -1223 9086 2396 2680 188 6017 1204 3295 5057 4927 1420 8808 1956 3126 1276 -11847 -2730 -742 2131 3694 4563 807 3721 -5211 -1417
-310 4781 -8841 -2140 -2454 3956 3296 -128 1565 -3607 -838 -5404 -10068 -2070 -2802 -1083 221 -3140 -5716 794 -780 -126 3550 2043 -3411 -9631 -1198 -5705 -1545 1522 1666 -1635 -3612 693 1284 2654 -1421 3215 3243 -1223 9086 2396 2680 188 6017 1204 3295 5057 4927 1420 8808 1956 3126 1276 -11847 -2730 -742 2131 3694 4563 807 3721 -5211 -1417
-310 4781 -8841 -2140 -2454 3956 3296 -128 1565 -3607 -838 -5404 -10068 -2070 -2802 -1083 221 -3140 -5716 794 -780 -126 3550 2043 -3411 -9631 -1198 -5705 -1545 1522 1666 -1635 -3612 693 1284 2654 -1421 3215 3243 -1223 9086 2396 2680 188 6017 1204 3295 5057 4927 1420 8808 1956 3126 1276 -11847 -2730 -742 2131 3694 4563 807 3721 -5211 -1417
-310 4781 -8841 -2140 -2454 3956 3296 -128 1565 -3607 -838 -5404 -10068 -2070 -2802 -1083 221 -3140 -5716 794 -780 -126 3550 2043 -3411 -9631 -1198 -5705 -1545 1522 1666 -1635 -3612 693 1284 2654 -1421 3215 3243 -1223 9086 2396 2680 188 6017 1204 3295 5057 4927 1420 8808 1956 3126 1276 -11847 -2730 -742 2131 3694 4563 807 3721 -5211 -1417
-310 4781 -8841 -2140 -2454 3956 3296 -128 1565 -3607 -838 -5404 -10068 -2070 -2802 -1083 221 -3140 -5716 794 -780 -126 3550 2043 -3411 -9631 -1198 -5705 -1545 1522 1666 -1635 -3612 693 1284 2654 -1421 3215 3243 -1223 9086 2396 2680 188 6017 1204 3295 5057 4927 1420 8808 1956 3126 1276 -11847 -2730 -742 2131 3694 4563 807 3721 -5211 -1417
-2108 3316 -7578 -13 -2894 2059 2860 2937 3823 -885 -1536 -5880 -6508 -3208 -548 -4560 -1199 53 -9293 421 -1452 -18 4122 4275 -255 -9553 476 -7096 -3772 2337 3407 1552 -3217 -1383 5116 677 -4528 1130 270 -1663 6666 -173 3862 -2419 7881 3252 442 3464 4422 1634 8765 4524 2836 1696 -10615 -1739 -1496 3353 4299 5475 976 -209 -3499 -3080
-5112 2239 -5282 6230 -3719 1709 3460 1382 5340 815 -2348 -7655 -6852 -3542 -2113 -8177 -1054 4877 -10082 1826 2947 6218 2466 4596 3166 -9009 649 -4751 -3516 1830 280 4100 697 -2559 224 1583 -3978 4376 -201 -1121 4576 -3366 215 -2867 6246 1022 -1328 1148 5303 -3183 4622 3982 2674 1130 -6430 672 -321 6211 -4413 4722 1300 3496 -4409 -944
-5696 2388 -3765 5238 -4318 1907 5081 339 4767 1307 -6130 -6936 -5602 -3548 -4341 -6574 -1212 3985 -7901 1832 3606 6667 2257 3990 1521 -7291 715 -3477 -2552 2488 -2634 3672 1283 -3112 574 3068 -2366 3986 -700 -326 6877 -2037 -2665 -3776 5968 804 346 -1231 3586 -4107 4321 3899 2829 4692 -6832 1200 -2824 5832 -6882 4996 -341 5389 -4671 2439
-4385 2309 -6206 3948 -6744 970 3109 -3740 5618 4142 -4499 -7713 -2038 -1027 -6298 -7996 66 4655 -5542 4052 2214 8233 587 4917 621 -5610 1547 -6470 -2756 2543 -932 5711 3937 -3628 176 1533 -283 3156 -2096 905 7088 -1047 -1636 -6406 3267 1249 -1017 -3261 2780 -921 1538 2382 2796 5854 -3110 -763 -2846 4566 -8845 3937 245 5114 -1508 3562
-1267 5965 -6409 -547 -6038 -276 4914 -2812 585 1718 1284 -4985 -6453 -2279 -4979 -2530 869 -3014 -5465 5109 2413 3523 624 2941 -3241 -6477 -2712 -5407 -3057 2821 2075 -59 -2920 -4126 -78 2649 105 3667 4967 -4215 9655 3230 -1584 -819 4782 847 1429 5197 1392 -2434 8410 4466 1294 5089 -8959 -661 -2833 1229 -1211 7068 105 6282 -7639 -1215
-310 4781 -8841 -2140 -2454 3956 3296 -128 1565 -3607 -838 -5404 -10068 -2070 -2802 -1083 221 -3140 -5716 794 -780 -126 3550 2043 -3411 -9631 -1198 -5705 -1545 1522 1666 -1635 -3612 693 1284 2654 -1421 3215 3243 -1223 9086 2396 2680 188 6017 1204 3295 5057 4927 1420 8808 1956 3126 1276 -11847 -2730 -742 2131 3694 4563 807 3721 -5211 -1417
-310 4781 -8841 -2140 -2454 3956 3296 -128 1565 -3607 -838 -5404 -10068 -2070 -2802 -1083 221 -3140 -5716 794 -780 -126 3550 2043 -3411 -9631 -1198 -5705 -1545 1522 1666 -1635 -3612 693 1284 2654 -1421 3215 3243 -1223 9086 2396 2680 188 6017 1204 3295 5057 4927 1420 8808 1956 3126 1276 -11847 -2730 -742 2131 3694 4563 807 3721 -5211 -1417
-310 4781 -8841 -2140 -2454 3956 3296 -128 1565 -3607 -838 -5404 -10068 -2070 -2802 -1083 221 -3140 -5716 794 -780 -126 3550 2043 -3411 -9631 -1198 -5705 -1545 1522 1666 -1635 -3612 693 1284 2654 -1421 3215 3243 -1223 9086 2396 2680 188 6017 1204 3295 5057 4927 1420 8808 1956 3126 1276 -11847 -2730 -742 2131 3694 4563 807 3721 -5211 -1417
-310 4781 -8841 -2140 -2454 3956 3296 -128 1565 -3607 -838 -5404 -10068 -2070 -2802 -1083 221 -3140 -5716 794 -780 -126 3550 2043 -3411 -9631 -1198 -5705 -1545 1522 1666 -1635 -3612 693 1284 2654 -1421 3215 3243 -1223 9086 2396 2680 188 6017 1204 3295 5057 4927 1420 8808 1956 3126 1276 -11847 -2730 -742 2131 3694 4563 807 3721 -5211 -1417
-310 4781 -8841 -2140 -2454 3956 3296 -128 1565 -3607 -838 -5404 -10068 -2070 -2802 -1083 221 -3140 -5716 794 -780 -126 3550 2043 -3411 -9631 -1198 -5705 -1545 1522 1666 -1635 -3612 693 1284 2654 -1421 3215 3243 -1223 9086 2396 2680 188 6017 1204 3295 5057 4927 1420 8808 1956 3126 1276 -11847 -2730 -742 2131 3694 4563 807 3721 -5211 -1417
-444 3284 -8395 1567 -1349 2649 2855 4327 3376 1710 -2670 -4780 -2156 -7703 2020 -4560 -5870 4653 -5762 -948 1391 -3055 2979 973 -4175 -9850 2932 -10470 -4559 4455 -2857 4225 -4250 -1987 5481 1924 -2306 -1245 -3187 2635 5129 2960 3214 -3901 7994 -1412 3829 -67 3760 -1197 3400 3840 2303 7441 -6784 929 148 4126 860 1321 2834 1063 -3302 649
-1396 4632 -8331 -1236 -2797 3432 3565 -433 2400 -2993 -194 -6077 -10443 -2028 -3777 -1797 957 -2979 -5752 977 -270 1028 3752 2551 -2929 -9452 -1948 -5778 -1976 1783 1948 -1113 -2698 242 673 3686 -1362 3238 4259 -1725 9456 1551 2280 -66 5730 1697 2731 5147 4569 969 8545 1866 2573 1205 -11893 -2983 -1042 1889 2597 4207 1122 4317 -4772 -1336
-310 4781 -8841 -2140 -2454 3956 3296 -128 1565 -3607 -838 -5404 -10068 -2070 -2802 -1083 221 -3140 -5716 794 -780 -126 3550 2043 -3411 -9631 -1198 -5705 -1545 1522 1666 -1635 -3612 693 1284 2654 -1421 3215 3243 -1223 9086 2396 2680 188 6017 1204 3295 5057 4927 1420 8808 1956 3126 1276 -11847 -2730 -742 2131 3694 4563 807 3721 -5211 -1417
-310 4781 -8841 -2140 -2454 3956 3296 -128 1565 -3607 -838 -5404 -10068 -2070 -2802 -1083 221 -3140 -5716 794 -780 -126 3550 2043 -3411 -9631 -1198 -5705 -1545 1522 1666 -1635 -3612 693 1284 2654 -1421 3215 3243 -1223 9086 2396 2680 188 6017 1204 3295 5057 4927 1420 8808 1956 3126 1276 -11847 -2730 -742 2131 3694 4563 807 3721 -5211 -1417
-310 4781 -8841 -2140 -2454 3956 3296 -128 1565 -3607 -838 -5404 -10068 -2070 -2802 -1083 221 -3140 -5716 794 -780 -126 3550 2043 -3411 -9631 -1198 -5705 -1545 1522 1666 -1635 -3612 693 1284 2654 -1421 3215 3243 -1223 9086 2396 2680 188 6017 1204 3295 5057 4927 1420 8808 1956 3126 1276 -11847 -2730 -742 2131 3694 4563 807 3721 -5211 -1417
-310 4781 -8841 -2140 -2454 3956 3296 -128 1565 -3607 -838 -5404 -10068 -2070 -2802 -1083 221 -3140 -5716 794 -780 -126 3550 2043 -3411 -9631 -1198 -5705 -1545 1522 1666 -1635 -3612 693 1284 2654 -1421 3215 3243 -1223 9086 2396 2680 188 6017 1204 3295 5057 4927 1420 8808 1956 3126 1276 -11847 -2730 -742 2131 3694 4563 807 3721 -5211 -1417
1949 5136 -13029 -2722 -4838 2025 1950 -5209 3855 581 -356 -5985 -5833 644 -5511 -1937 553 -2872 -1674 1841 -3341 170 2454 2763 -3934 -7713 561 -10533 -2138 2190 -503 1898 2511 154 978 2501 1072 -333 779 803 9492 5678 2917 -2695 2699 -638 1046 2059 5562 5062 6253 180 1025 2889 -9014 -5988 -474 724 1616 3252 3939 4878 -1472 2103
-1983 5101 -5323 1830 -5861 85 5378 -2816 845 680 364 -6062 -7753 -1767 -4685 -3504 806 -624 -6090 6149 3624 4967 -423 3353 -1822 -7691 -2523 -3943 -2540 2343 573 232 -1489 -4279 -1181 1318 456 5361 3757 -4634 7022 2106 -2781 -876 5587 380 682 3979 2583 -3751 7477 4317 1593 3560 -7724 2036 -2041 3094 -3063 7480 -803 7588 -8590 -85
-310 4781 -8841 -2140 -2454 3956 3296 -128 1565 -3607 -838 -5404 -10068 -2070 -2802 -1083 221 -3140 -5716 794 -780 -126 3550 2043 -3411 -9631 -1198 -5705 -1545 1522 1666 -1635 -3612 693 1284 2654 -1421 3215 3243 -1223 9086 2396 2680 188 6017 1204 3295 5057 4927 1420 8808 1956 3126 1276 -11847 -2730 -742 2131 3694 4563 807 3721 -5211 -1417
-310 4781 -8841 -2140 -2454 3956 3296 -128 1565 -3607 -838 -5404 -10068 -2070 -2802 -1083 221 -3140 -5716 794 -780 -126 3550 2043 -3411 -9631 -1198 -5705 -1545 1522 1666 -1635 -3612 693 1284 2654 -1421 3215 3243 -1223 9086 2396 2680 188 6017 1204 3295 5057 4927 1420 8808 1956 3126 1276 -11847 -2730 -742 2131 3694 4563 807 3721 -5211 -1417
-310 4781 -8841 -2140 -2454 3956 3296 -128 1565 -3607 -838 -5404 -10068 -2070 -2802 -1083 221 -3140 -5716 794 -780 -126 3550 2043 -3411 -9631 -1198 -5705 -1545 1522 1666 -1635 -3612 693 1284 2654 -1421 3215 3243 -1223 9086 2396 2680 188 6017 1204 3295 5057 4927 1420 8808 1956 3126 1276 -11847 -2730 -742 2131 3694 4563 807 3721 -5211 -1417
-310 4781 -8841 -2140 -2454 3956 3296 -128 1565 -3607 -838 -5404 -10068 -2070 -2802 -1083 221 -3140 -5716 794 -780 -126 3550 2043 -3411 -9631 -1198 -5705 -1545 1522 1666 -1635 -3612 693 1284 2654 -1421 3215 3243 -1223 9086 2396 2680 188 6017 1204 3295 5057 4927 1420 8808 1956 3126 1276 -11847 -2730 -742 2131 3694 4563 807 3721 -5211 -1417
736 4756 -10482 -2822 -3499 2955 2814 -1186 1952 -3019 548 -6188 -9455 -729 -3869 -957 1524 -2878 -5064 1727 -1632 882 2941 2216 -3242 -9587 -1702 -7134 -1271 1243 2672 -1333 -2374 -32 452 1931 -700 3208 3004 -695 9598 2751 4152 199 5306 1334 2405 4420 4096 2917 7614 1738 2995 1824 -11349 -3603 -1039 1598 3607 4756 1177 3711 -4719 -1201
-37 4070 -7064 2303 -3584 2276 4248 2763 506 457 -531 -5472 -3341 -6673 1107 -4874 -5211 4284 -7253 3686 3833 -447 383 1470 -4406 -9953 1207 -9236 -2676 2666 -731 2494 -6361 -2602 2918 -1393 -1343 1754 -1323 -753 4245 3058 1405 -2789 9014 -577 3516 972 3815 -2504 3802 5935 3279 6887 -5418 4114 -30 4668 806 4637 -372 2601 -8308 83
-563 4722 -8763 -1811 -2545 3899 3323 -177 1907 -3470 -479 -5594 -10315 -2144 -3095 -1402 442 -3038 -5698 780 -671 204 3722 2113 -3216 -9589 -1402 -5852 -1789 1638 1814 -1417 -3362 619 975 3001 -1471 3176 3725 -1344 9168 2127 2686 162 5862 1280 3119 5190 4907 1208 8572 1907 3051 1070 -11801 -2887 -749 2149 3424 4314 1041 3864 -4988 -1535
-310 4781 -8841 -2140 -2454 3956 3296 -128 1565 -3607 -838 -5404 -10068 -2070 -2802 -1083 221 -3140 -5716 794 -780 -126 3550 2043 -3411 -9631 -1198 -5705 -1545 1522 1666 -1635 -3612 693 1284 2654 -1421 3215 3243 -1223 9086 2396 2680 188 6017 1204 3295 5057 4927 1420 8808 1956 3126 1276 -11847 -2730 -742 2131 3694 4563 807 3721 -5211 -1417
-310 4781 -8841 -2140 -2454 3956 3296 -128 1565 -3607 -838 -5404 -10068 -2070 -2802 -1083 221 -3140 -5716 794 -780 -126 3550 2043 -3411 -9631 -1198 -5705 -1545 1522 1666 -1635 -3612 693 1284 2654 -1421 3215 3243 -1223 9086 2396 2680 188 6017 1204 3295 5057 4927 1420 8808 1956 3126 1276 -11847 -2730 -742 2131 3694 4563 807 3721 -5211 -1417
-310 4781 -8841 -2140 -2454 3956 3296 -128 1565 -3607 -838 -5404 -10068 -2070 -2802 -1083 221 -3140 -5716 794 -780 -126 3550 2043 -3411 -9631 -1198 -5705 -1545 1522 1666 -1635 -3612 693 1284 2654 -1421 3215 3243 -1223 9086 2396 2680 188 6017 1204 3295 5057 4927 1420 8808 1956 3126 1276 -11847 -2730 -742 2131 3694 4563 807 3721 -5211 -1417
-310 4781 -8841 -2140 -2454 3956 3296 -128 1565 -3607 -838 -5404 -10068 -2070 -2802 -1083 221 -3140 -5716 794 -780 -126 3550 2043 -3411 -9631 -1198 -5705 -1545 1522 1666 -1635 -3612 693 1284 2654 -1421 3215 3243 -1223 9086 2396 2680 188 6017 1204 3295 5057 4927 1420 8808 1956 3126 1276 -11847 -2730 -742 2131 3694 4563 807 3721 -5211 -1417
-1634 4857 -9589 -296 -4532 2542 2200 -434 6629 -308 -5845 -5026 -4707 -4872 -3437 -4507 -897 -476 -6523 -2040 -2315 -377 6849 3541 504 -7836 850 -8124 -4578 5154 143 2251 -1260 54 2819 2218 -2812 140 534 2941 10516 1516 1954 -2950 5411 2184 1974 -837 4786 -345 5680 2544 3862 5417 -9837 -2887 -891 3450 -264 4718 909 2317 -412 -618
-3550 3915 -3805 2755 -5196 1944 6139 -2602 2130 -17 -1684 -7617 -9587 -980 -6327 -4118 1667 925 -5781 5242 3734 6330 511 3986 -1568 -7817 -2044 -2748 -2258 1767 -1211 108 -443 -3497 -2027 2674 1345 5288 2706 -3893 6696 635 -3557 -811 6437 519 1220 2421 2465 -4490 5997 2912 2307 2787 -7622 2454 -1973 4521 -4063 5535 -1001 7637 -6989 1566
-310 4781 -8841 -2140 -2454 3956 3296 -128 1565 -3607 -838 -5404 -10068 -2070 -2802 -1083 221 -3140 -5716 794 -780 -126 3550 2043 -3411 -9631 -1198 -5705 -1545 1522 1666 -1635 -3612 693 1284 2654 -1421 3215 3243 -1223 9086 2396 2680 188 6017 1204 3295 5057 4927 1420 8808 1956 3126 1276 -11847 -2730 -742 2131 3694 4563 807 3721 -5211 -1417
-310 4781 -8841 -2140 -2454 3956 3296 -128 1565 -3607 -838 -5404 -10068 -2070 -2802 -1083 221 -3140 -5716 794 -780 -126 3550 2043 -3411 -9631 -1198 -5705 -1545 1522 1666 -1635 -3612 693 1284 2654 -1421 3215 3243 -1223 9086 2396 2680 188 6017 1204 3295 5057 4927 1420 8808 1956 3126 1276 -11847 -2730 -742 2131 3694 4563 807 3721 -5211 -1417
-310 4781 -8841 -2140 -2454 3956 3296 -128 1565 -3607 -838 -5404 -10068 -2070 -2802 -1083 221 -3140 -5716 794 -780 -126 3550 2043 -3411 -9631 -1198 -5705 -1545 1522 1666 -1635 -3612 693 1284 2654 -1421 3215 3243 -1223 9086 2396 2680 188 6017 1204 3295 5057 4927 1420 8808 1956 3126 1276 -11847 -2730 -742 2131 3694 4563 807 3721 -5211 -1417
