-3369 4321 -5662 1022 -4965 3223 5300 -1486 -94 6539 2083 -5585 -4915 -5130 -4703 -7945 -2017 4337 -6415 6320 4100 4552 764 3412 -1112 -4379 -1384 -10414 -2514 1698 -3884 2886 649 -1520 1079 2613 -2298 -102 -1674 -735 6241 3278 322 -1047 8687 -1461 -2068 814 269 -3536 2653 5150 635 -706 -5460 3058 -4646 -912 -724 3478 2698 10386 -3381 3676
-2997 3981 -6327 -1778 -3593 6129 4234 -725 -1598 442 1454 -4285 -9528 -3136 -5247 -5671 -396 158 -7597 3987 848 2867 2516 2653 -1471 -5833 -2238 -7019 -1726 -65 -2052 -428 -1767 1749 1444 3010 -2343 1208 101 -723 8122 4124 2520 726 8861 405 905 4534 2658 -998 6858 4195 2825 -4703 -9334 -485 -4096 -239 5148 5149 1447 7733 -4760 165
-2997 3981 -6327 -1778 -3593 6129 4234 -725 -1598 442 1454 -4285 -9528 -3136 -5247 -5671 -396 158 -7597 3987 848 2867 2516 2653 -1471 -5833 -2238 -7019 -1726 -65 -2052 -428 -1767 1749 1444 3010 -2343 1208 101 -723 8122 4124 2520 726 8861 405 905 4534 2658 -998 6858 4195 2825 -4703 -9334 -485 -4096 -239 5148 5149 1447 7733 -4760 165
-2997 3981 -6327 -1778 -3593 6129 4234 -725 -1598 442 1454 -4285 -9528 -3136 -5247 -5671 -396 158 -7597 3987 848 2867 2516 2653 -1471 -5833 -2238 -7019 -1726 -65 -2052 -428 -1767 1749 1444 3010 -2343 1208 101 -723 8122 4124 2520 726 8861 405 905 4534 2658 -998 6858 4195 2825 -4703 -9334 -485 -4096 -239 5148 5149 1447 7733 -4760 165
-2997 3981 -6327 -1778 -3593 6129 4234 -725 -1598 442 1454 -4285 -9528 -3136 -5247 -5671 -396 158 -7597 3987 848 2867 2516 2653 -1471 -5833 -2238 -7019 -1726 -65 -2052 -428 -1767 1749 1444 3010 -2343 1208 101 -723 8122 4124 2520 726 8861 405 905 4534 2658 -998 6858 4195 2825 -4703 -9334 -485 -4096 -239 5148 5149 1447 7733 -4760 165
-2997 3981 -6327 -1778 -3593 6129 4234 -725 -1598 442 1454 -4285 -9528 -3136 -5247 -5671 -396 158 -7597 3987 848 2867 2516 2653 -1471 -5833 -2238 -7019 -1726 -65 -2052 -428 -1767 1749 1444 3010 -2343 1208 101 -723 8122 4124 2520 726 8861 405 905 4534 2658 -998 6858 4195 2825 -4703 -9334 -485 -4096 -239 5148 5149 1447 7733 -4760 165
-2997 3981 -6327 -1778 -3593 6129 4234 -725 -1598 442 1454 -4285 -9528 -3136 -5247 -5671 -396 158 -7597 3987 848 2867 2516 2653 -1471 -5833 -2238 -7019 -1726 -65 -2052 -428 -1767 1749 1444 3010 -2343 1208 101 -723 8122 4124 2520 726 8861 405 905 4534 2658 -998 6858 4195 2825 -4703 -9334 -485 -4096 -239 5148 5149 1447 7733 -4760 165
-2997 3981 -6327 -1778 -3593 6129 4234 -725 -1598 442 1454 -4285 -9528 -3136 -5247 -5671 -396 158 -7597 3987 848 2867 2516 2653 -1471 -5833 -2238 -7019 -1726 -65 -2052 -428 -1767 1749 1444 3010 -2343 1208 101 -723 8122 4124 2520 726 8861 405 905 4534 2658 -998 6858 4195 2825 -4703 -9334 -485 -4096 -239 5148 5149 1447 7733 -4760 165
-2997 3981 -6327 -1778 -3593 6129 4234 -725 -1598 442 1454 -4285 -9528 -3136 -5247 -5671 -396 158 -7597 3987 848 2867 2516 2653 -1471 -5833 -2238 -7019 -1726 -65 -2052 -428 -1767 1749 1444 3010 -2343 1208 101 -723 8122 4124 2520 726 8861 405 905 4534 2658 -998 6858 4195 2825 -4703 -9334 -485 -4096 -239 5148 5149 1447 7733 -4760 165
-2013 4219 -8116 -2247 -4376 5362 3894 -1975 -1943 1971 3676 -4738 -8688 -1477 -5770 -5709 722 422 -6532 4991 -103 4107 1197 2599 -1663 -6089 -2354 -8498 -1028 -1186 -1639 71 233 902 1283 2245 -1768 603 -925 -734 7811 4918 3838 549 8209 -182 -571 4586 1695 862 6123 3697 1822 -5020 -8169 -1504 -4239 -823 5535 4602 2560 7914 -4065 925
-1160 4017 -6994 -1124 -4581 4692 2193 -1015 -2697 1480 4025 -3438 -7401 -4404 -4604 -4246 -987 69 -7194 5082 1002 2287 1328 1967 -2409 -5774 -2300 -8662 -738 -392 -1685 -47 -1207 1724 1779 2624 -2902 647 -118 -1729 7315 4726 3527 1190 8550 100 361 5129 3506 -821 7144 4190 1115 -3517 -9482 -467 -2940 -1505 5807 5226 2550 8095 -6934 28
-2997 3981 -6327 -1778 -3593 6129 4234 -725 -1598 442 1454 -4285 -9528 -3136 -5247 -5671 -396 158 -7597 3987 848 2867 2516 2653 -1471 -5833 -2238 -7019 -1726 -65 -2052 -428 -1767 1749 1444 3010 -2343 1208 101 -723 8122 4124 2520 726 8861 405 905 4534 2658 -998 6858 4195 2825 -4703 -9334 -485 -4096 -239 5148 5149 1447 7733 -4760 165
-2997 3981 -6327 -1778 -3593 6129 4234 -725 -1598 442 1454 -4285 -9528 -3136 -5247 -5671 -396 158 -7597 3987 848 2867 2516 2653 -1471 -5833 -2238 -7019 -1726 -65 -2052 -428 -1767 1749 1444 3010 -2343 1208 101 -723 8122 4124 2520 726 8861 405 905 4534 2658 -998 6858 4195 2825 -4703 -9334 -485 -4096 -239 5148 5149 1447 7733 -4760 165
-2997 3981 -6327 -1778 -3593 6129 4234 -725 -1598 442 1454 -4285 -9528 -3136 -5247 -5671 -396 158 -7597 3987 848 2867 2516 2653 -1471 -5833 -2238 -7019 -1726 -65 -2052 -428 -1767 1749 1444 3010 -2343 1208 101 -723 8122 4124 2520 726 8861 405 905 4534 2658 -998 6858 4195 2825 -4703 -9334 -485 -4096 -239 5148 5149 1447 7733 -4760 165
-2997 3981 -6327 -1778 -3593 6129 4234 -725 -1598 442 1454 -4285 -9528 -3136 -5247 -5671 -396 158 -7597 3987 848 2867 2516 2653 -1471 -5833 -2238 -7019 -1726 -65 -2052 -428 -1767 1749 1444 3010 -2343 1208 101 -723 8122 4124 2520 726 8861 405 905 4534 2658 -998 6858 4195 2825 -4703 -9334 -485 -4096 -239 5148 5149 1447 7733 -4760 165
-2997 3981 -6327 -1778 -3593 6129 4234 -725 -1598 442 1454 -4285 -9528 -3136 -5247 -5671 -396 158 -7597 3987 848 2867 2516 2653 -1471 -5833 -2238 -7019 -1726 -65 -2052 -428 -1767 1749 1444 3010 -2343 1208 101 -723 8122 4124 2520 726 8861 405 905 4534 2658 -998 6858 4195 2825 -4703 -9334 -485 -4096 -239 5148 5149 1447 7733 -4760 165
-4456 2628 -5058 39 -3860 4454 3741 1806 282 2722 872 -4588 -6284 -4004 -3290 -8418 -1559 2809 -10348 3581 278 2895 2915 4421 1190 -5576 -799 -7974 -3511 607 -582 2227 -1383 -9 4574 1292 -4852 -539 -2356 -1058 5897 1901 3429 -1443 10177 2074 -1492 3092 2156 -759 6632 6180 2454 -4243 -8032 355 -4614 757 5546 5764 1530 4276 -3240 -1223
-6486 1620 -3007 4897 -4251 3882 3951 500 1544 3806 150 -5751 -6161 -4004 -4251 -10639 -1332 6330 -10294 4343 3665 7484 1529 4359 3747 -4928 -565 -5603 -3064 222 -2868 4041 1702 -970 482 1926 -4140 2084 -2500 -581 3922 -764 393 -1734 8208 244 -2734 1100 2762 -4327 3076 5310 2120 -4238 -4334 2149 -3344 3000 -1541 4852 1657 6757 -3829 425
-6923 1758 -1882 4175 -4707 3981 5222 -299 1212 4111 -2909 -5258 -5200 -4007 -5954 -9325 -1451 5596 -8593 4280 4163 7819 1377 3910 2441 -3703 -482 -4596 -2334 793 -5075 3728 2136 -1443 765 3083 -2857 1825 -2844 31 5765 208 -1883 -2485 7958 97 -1372 -772 1510 -4991 2921 5180 2222 -1260 -4728 2525 -5217 2798 -3564 5055 345 8144 -4061 3041
-5934 1660 -3704 3138 -6585 3309 3663 -3502 1755 6396 -1533 -5801 -2376 -2052 -7518 -10494 -461 6144 -6745 6079 3077 9042 31 4622 1761 -2266 122 -6950 -2489 769 -3812 5298 4227 -1781 483 1843 -1211 1083 -3993 987 5894 1074 -1066 -4469 5923 442 -2480 -2312 800 -2539 683 4032 2188 -545 -1744 1024 -5294 1707 -4983 4216 824 7982 -1561 3921
-3498 4776 -4163 -394 -6271 2259 5272 -2866 -2116 4530 2977 -3838 -6101 -3097 -6638 -6297 197 36 -6891 7104 3312 5515 67 3210 -1385 -3213 -3295 -6340 -2861 1107 -1375 804 -1242 -2337 274 2813 -904 1634 1712 -3164 8258 4497 -1084 -169 7251 148 -506 4464 -185 -3903 6360 5860 1157 -958 -6678 1098 -5374 -825 799 6870 753 9172 -6530 215
-2997 3981 -6327 -1778 -3593 6129 4234 -725 -1598 442 1454 -4285 -9528 -3136 -5247 -5671 -396 158 -7597 3987 848 2867 2516 2653 -1471 -5833 -2238 -7019 -1726 -65 -2052 -428 -1767 1749 1444 3010 -2343 1208 101 -723 8122 4124 2520 726 8861 405 905 4534 2658 -998 6858 4195 2825 -4703 -9334 -485 -4096 -239 5148 5149 1447 7733 -4760 165
-2997 3981 -6327 -1778 -3593 6129 4234 -725 -1598 442 1454 -4285 -9528 -3136 -5247 -5671 -396 158 -7597 3987 848 2867 2516 2653 -1471 -5833 -2238 -7019 -1726 -65 -2052 -428 -1767 1749 1444 3010 -2343 1208 101 -723 8122 4124 2520 726 8861 405 905 4534 2658 -998 6858 4195 2825 -4703 -9334 -485 -4096 -239 5148 5149 1447 7733 -4760 165
-2997 3981 -6327 -1778 -3593 6129 4234 -725 -1598 442 1454 -4285 -9528 -3136 -5247 -5671 -396 158 -7597 3987 848 2867 2516 2653 -1471 -5833 -2238 -7019 -1726 -65 -2052 -428 -1767 1749 1444 3010 -2343 1208 101 -723 8122 4124 2520 726 8861 405 905 4534 2658 -998 6858 4195 2825 -4703 -9334 -485 -4096 -239 5148 5149 1447 7733 -4760 165
-2997 3981 -6327 -1778 -3593 6129 4234 -725 -1598 442 1454 -4285 -9528 -3136 -5247 -5671 -396 158 -7597 3987 848 2867 2516 2653 -1471 -5833 -2238 -7019 -1726 -65 -2052 -428 -1767 1749 1444 3010 -2343 1208 101 -723 8122 4124 2520 726 8861 405 905 4534 2658 -998 6858 4195 2825 -4703 -9334 -485 -4096 -239 5148 5149 1447 7733 -4760 165
-2997 3981 -6327 -1778 -3593 6129 4234 -725 -1598 442 1454 -4285 -9528 -3136 -5247 -5671 -396 158 -7597 3987 848 2867 2516 2653 -1471 -5833 -2238 -7019 -1726 -65 -2052 -428 -1767 1749 1444 3010 -2343 1208 101 -723 8122 4124 2520 726 8861 405 905 4534 2658 -998 6858 4195 2825 -4703 -9334 -485 -4096 -239 5148 5149 1447 7733 -4760 165
-3041 2611 -5855 1396 -2524 4899 3696 3002 63 4758 -184 -3805 -2634 -7782 -1076 -8310 -5473 6538 -7418 2308 2555 264 1963 1701 -2157 -6029 1306 -10840 -4226 2494 -5659 4490 -2350 -532 4985 2287 -2965 -2511 -5183 2529 4671 4433 2941 -2748 10265 -1812 1443 170 1804 -3113 2310 5574 2084 767 -5026 2555 -3082 1523 2508 2172 3103 5218 -2943 1895
-3927 3761 -5722 -990 -3853 5652 4417 -982 -971 1066 2032 -4735 -9658 -3081 -6037 -6305 207 385 -7544 4153 1310 3852 2628 3033 -989 -5477 -2849 -6984 -2049 103 -1887 38 -921 1371 914 3823 -2280 1153 856 -1118 8265 3404 2135 521 8554 792 348 4519 2248 -1416 6465 4110 2299 -4853 -9133 -622 -4376 -507 4200 4784 1701 8207 -4308 270
-2997 3981 -6327 -1778 -3593 6129 4234 -725 -1598 442 1454 -4285 -9528 -3136 -5247 -5671 -396 158 -7597 3987 848 2867 2516 2653 -1471 -5833 -2238 -7019 -1726 -65 -2052 -428 -1767 1749 1444 3010 -2343 1208 101 -723 8122 4124 2520 726 8861 405 905 4534 2658 -998 6858 4195 2825 -4703 -9334 -485 -4096 -239 5148 5149 1447 7733 -4760 165
-2997 3981 -6327 -1778 -3593 6129 4234 -725 -1598 442 1454 -4285 -9528 -3136 -5247 -5671 -396 158 -7597 3987 848 2867 2516 2653 -1471 -5833 -2238 -7019 -1726 -65 -2052 -428 -1767 1749 1444 3010 -2343 1208 101 -723 8122 4124 2520 726 8861 405 905 4534 2658 -998 6858 4195 2825 -4703 -9334 -485 -4096 -239 5148 5149 1447 7733 -4760 165
-2997 3981 -6327 -1778 -3593 6129 4234 -725 -1598 442 1454 -4285 -9528 -3136 -5247 -5671 -396 158 -7597 3987 848 2867 2516 2653 -1471 -5833 -2238 -7019 -1726 -65 -2052 -428 -1767 1749 1444 3010 -2343 1208 101 -723 8122 4124 2520 726 8861 405 905 4534 2658 -998 6858 4195 2825 -4703 -9334 -485 -4096 -239 5148 5149 1447 7733 -4760 165
-2997 3981 -6327 -1778 -3593 6129 4234 -725 -1598 442 1454 -4285 -9528 -3136 -5247 -5671 -396 158 -7597 3987 848 2867 2516 2653 -1471 -5833 -2238 -7019 -1726 -65 -2052 -428 -1767 1749 1444 3010 -2343 1208 101 -723 8122 4124 2520 726 8861 405 905 4534 2658 -998 6858 4195 2825 -4703 -9334 -485 -4096 -239 5148 5149 1447 7733 -4760 165
-1499 4014 -9144 -2092 -5536 4704 3127 -4901 -121 4346 2082 -4524 -5705 -1021 -7631 -6818 -194 789 -4340 5086 -1027 3356 1453 3203 -1605 -3642 -892 -10843 -2165 248 -4200 2556 3476 1413 1230 2773 -315 -1999 -2320 969 8125 6915 2578 -1524 6367 -1144 -1237 1959 2772 1616 4305 2955 1051 -4032 -6440 -2814 -4203 -1660 3487 4029 4013 8946 -1553 3196
-3936 4007 -3256 1511 -5996 2445 5526 -2807 -1792 3532 2145 -4651 -7034 -2593 -6215 -6849 162 1890 -7213 7740 4203 6515 -753 3463 -256 -4201 -3054 -4997 -2378 743 -2468 1001 -113 -2460 -643 1699 -597 3025 794 -3450 5984 3453 -2027 -234 7663 -222 -1049 3393 798 -4800 5528 5571 1344 -1995 -5587 3190 -4568 746 -708 7099 -22 9939 -7241 1054
-2997 3981 -6327 -1778 -3593 6129 4234 -725 -1598 442 1454 -4285 -9528 -3136 -5247 -5671 -396 158 -7597 3987 848 2867 2516 2653 -1471 -5833 -2238 -7019 -1726 -65 -2052 -428 -1767 1749 1444 3010 -2343 1208 101 -723 8122 4124 2520 726 8861 405 905 4534 2658 -998 6858 4195 2825 -4703 -9334 -485 -4096 -239 5148 5149 1447 7733 -4760 165
-2997 3981 -6327 -1778 -3593 6129 4234 -725 -1598 442 1454 -4285 -9528 -3136 -5247 -5671 -396 158 -7597 3987 848 2867 2516 2653 -1471 -5833 -2238 -7019 -1726 -65 -2052 -428 -1767 1749 1444 3010 -2343 1208 101 -723 8122 4124 2520 726 8861 405 905 4534 2658 -998 6858 4195 2825 -4703 -9334 -485 -4096 -239 5148 5149 1447 7733 -4760 165
-2997 3981 -6327 -1778 -3593 6129 4234 -725 -1598 442 1454 -4285 -9528 -3136 -5247 -5671 -396 158 -7597 3987 848 2867 2516 2653 -1471 -5833 -2238 -7019 -1726 -65 -2052 -428 -1767 1749 1444 3010 -2343 1208 101 -723 8122 4124 2520 726 8861 405 905 4534 2658 -998 6858 4195 2825 -4703 -9334 -485 -4096 -239 5148 5149 1447 7733 -4760 165
-2997 3981 -6327 -1778 -3593 6129 4234 -725 -1598 442 1454 -4285 -9528 -3136 -5247 -5671 -396 158 -7597 3987 848 2867 2516 2653 -1471 -5833 -2238 -7019 -1726 -65 -2052 -428 -1767 1749 1444 3010 -2343 1208 101 -723 8122 4124 2520 726 8861 405 905 4534 2658 -998 6858 4195 2825 -4703 -9334 -485 -4096 -239 5148 5149 1447 7733 -4760 165
-2195 3916 -7601 -2329 -4497 5331 3840 -1636 -1368 1069 2684 -4894 -8954 -2032 -6206 -5697 681 486 -7078 4866 181 3799 1960 2810 -1260 -5651 -2690 -8239 -1499 -359 -1320 -140 -652 1171 762 2376 -1736 1121 -207 -267 8506 4477 3734 756 8347 499 75 3978 1862 186 5749 4075 2698 -4412 -8789 -1152 -4448 -762 5108 5322 1772 7815 -4329 387
-2447 3235 -4755 1971 -4227 4318 4687 1712 -2091 3405 1437 -4329 -3517 -6705 -1596 -8100 -4805 5949 -8351 5905 4431 2243 -195 2049 -2405 -6171 -51 -9521 -2592 1078 -3589 2941 -4169 -1122 2743 -500 -2083 128 -3360 -309 3810 4268 1405 -1843 10639 -1074 1296 977 1922 -3941 2665 7023 2808 724 -3864 5010 -2945 2086 2332 4808 349 6071 -7048 1279
-3227 3897 -6194 -1487 -3665 6073 4247 -770 -1341 608 1777 -4405 -9674 -3195 -5494 -5967 -214 284 -7559 3988 958 3162 2641 2699 -1273 -5717 -2408 -7114 -1920 12 -1961 -230 -1521 1688 1177 3288 -2382 1145 468 -817 8134 3897 2507 708 8716 460 720 4615 2597 -1202 6593 4159 2742 -4926 -9208 -586 -4122 -253 4909 4916 1645 7860 -4539 84
-2997 3981 -6327 -1778 -3593 6129 4234 -725 -1598 442 1454 -4285 -9528 -3136 -5247 -5671 -396 158 -7597 3987 848 2867 2516 2653 -1471 -5833 -2238 -7019 -1726 -65 -2052 -428 -1767 1749 1444 3010 -2343 1208 101 -723 8122 4124 2520 726 8861 405 905 4534 2658 -998 6858 4195 2825 -4703 -9334 -485 -4096 -239 5148 5149 1447 7733 -4760 165
-2997 3981 -6327 -1778 -3593 6129 4234 -725 -1598 442 1454 -4285 -9528 -3136 -5247 -5671 -396 158 -7597 3987 848 2867 2516 2653 -1471 -5833 -2238 -7019 -1726 -65 -2052 -428 -1767 1749 1444 3010 -2343 1208 101 -723 8122 4124 2520 726 8861 405 905 4534 2658 -998 6858 4195 2825 -4703 -9334 -485 -4096 -239 5148 5149 1447 7733 -4760 165
-2997 3981 -6327 -1778 -3593 6129 4234 -725 -1598 442 1454 -4285 -9528 -3136 -5247 -5671 -396 158 -7597 3987 848 2867 2516 2653 -1471 -5833 -2238 -7019 -1726 -65 -2052 -428 -1767 1749 1444 3010 -2343 1208 101 -723 8122 4124 2520 726 8861 405 905 4534 2658 -998 6858 4195 2825 -4703 -9334 -485 -4096 -239 5148 5149 1447 7733 -4760 165
-2997 3981 -6327 -1778 -3593 6129 4234 -725 -1598 442 1454 -4285 -9528 -3136 -5247 -5671 -396 158 -7597 3987 848 2867 2516 2653 -1471 -5833 -2238 -7019 -1726 -65 -2052 -428 -1767 1749 1444 3010 -2343 1208 101 -723 8122 4124 2520 726 8861 405 905 4534 2658 -998 6858 4195 2825 -4703 -9334 -485 -4096 -239 5148 5149 1447 7733 -4760 165
-4372 3864 -6572 -158 -5339 5143 3311 -1064 2313 3545 -2477 -3897 -4852 -5525 -5981 -8844 -1369 2629 -8323 1856 -306 2872 5107 3903 1949 -3941 -614 -9034 -4222 2804 -3605 2892 387 1311 2757 2588 -3478 -1561 -2443 2748 9151 3542 1848 -1804 8571 1165 -406 -397 2314 -2597 4028 4779 3311 -1716 -7320 -419 -4448 639 1967 5250 1545 6786 -727 933
-5140 3009 -1999 2204 -5406 3913 6081 -2593 -782 2969 524 -5798 -8411 -1943 -7448 -7291 841 3131 -6888 6928 4259 7517 22 3906 -33 -4215 -2640 -3984 -2104 252 -3881 889 735 -1795 -1316 2778 89 2914 -80 -2805 5635 2256 -2608 -172 8255 -114 -633 2102 660 -5307 4266 4397 1866 -2630 -5405 3488 -4495 1842 -1426 5497 -180 9871 -5911 2342
-2997 3981 -6327 -1778 -3593 6129 4234 -725 -1598 442 1454 -4285 -9528 -3136 -5247 -5671 -396 158 -7597 3987 848 2867 2516 2653 -1471 -5833 -2238 -7019 -1726 -65 -2052 -428 -1767 1749 1444 3010 -2343 1208 101 -723 8122 4124 2520 726 8861 405 905 4534 2658 -998 6858 4195 2825 -4703 -9334 -485 -4096 -239 5148 5149 1447 7733 -4760 165
-2997 3981 -6327 -1778 -3593 6129 4234 -725 -1598 442 1454 -4285 -9528 -3136 -5247 -5671 -396 158 -7597 3987 848 2867 2516 2653 -1471 -5833 -2238 -7019 -1726 -65 -2052 -428 -1767 1749 1444 3010 -2343 1208 101 -723 8122 4124 2520 726 8861 405 905 4534 2658 -998 6858 4195 2825 -4703 -9334 -485 -4096 -239 5148 5149 1447 7733 -4760 165
-2997 3981 -6327 -1778 -3593 6129 4234 -725 -1598 442 1454 -4285 -9528 -3136 -5247 -5671 -396 158 -7597 3987 848 2867 2516 2653 -1471 -5833 -2238 -7019 -1726 -65 -2052 -428 -1767 1749 1444 3010 -2343 1208 101 -723 8122 4124 2520 726 8861 405 905 4534 2658 -998 6858 4195 2825 -4703 -9334 -485 -4096 -239 5148 5149 1447 7733 -4760 165
