69 83 83 83 83 83 83 83 83 83 85 83 83 83 83 83 100 90 77 73 79 83 83 83 83 83 67 86 83 83 83 83 77 75 83 83 83 83 82 65 84 83 83 83 83 77 72 83 83 83
68 83 83 83 83 83 83 83 83 77 83 83 83 83 83 83 91 80 80 73 92 83 83 83 83 83 63 85 83 83 83 83 70 89 83 83 83 83 78 73 84 83 83 83 83 74 90 83 83 83
68 83 83 83 83 83 83 83 83 77 83 83 83 83 83 83 91 80 80 73 92 83 83 83 83 83 63 85 83 83 83 83 70 89 83 83 83 83 78 73 84 83 83 83 83 74 90 83 83 83
68 83 83 83 83 83 83 83 83 77 83 83 83 83 83 83 91 80 80 73 92 83 83 83 83 83 63 85 83 83 83 83 70 89 83 83 83 83 78 73 84 83 83 83 83 74 90 83 83 83
68 83 83 83 83 83 83 83 83 77 83 83 83 83 83 83 91 80 80 73 92 83 83 83 83 83 63 85 83 83 83 83 70 89 83 83 83 83 78 73 84 83 83 83 83 74 90 83 83 83
68 83 83 83 83 83 83 83 83 77 83 83 83 83 83 83 91 80 80 73 92 83 83 83 83 83 63 85 83 83 83 83 70 89 83 83 83 83 78 73 84 83 83 83 83 74 90 83 83 83
68 83 83 83 83 83 83 83 83 77 83 83 83 83 83 83 91 80 80 73 92 83 83 83 83 83 63 85 83 83 83 83 70 89 83 83 83 83 78 73 84 83 83 83 83 74 90 83 83 83
68 83 83 83 83 83 83 83 83 77 83 83 83 83 83 83 91 80 80 73 92 83 83 83 83 83 63 85 83 83 83 83 70 89 83 83 83 83 78 73 84 83 83 83 83 74 90 83 83 83
68 83 83 83 83 83 83 83 83 77 83 83 83 83 83 83 91 80 80 73 92 83 83 83 83 83 63 85 83 83 83 83 70 89 83 83 83 83 78 73 84 83 83 83 83 74 90 83 83 83
71 83 83 83 83 83 83 83 83 74 79 83 83 83 83 83 89 83 85 71 95 83 83 83 83 83 61 85 83 83 83 83 63 96 83 83 83 83 76 77 83 83 83 83 83 72 98 83 83 83
67 83 83 83 83 83 83 83 83 75 80 83 83 83 83 83 92 84 84 72 89 83 83 83 83 83 61 85 83 83 83 83 67 88 83 83 83 83 77 70 84 83 83 83 83 75 90 83 83 83
68 83 83 83 83 83 83 83 83 77 83 83 83 83 83 83 91 80 80 73 92 83 83 83 83 83 63 85 83 83 83 83 70 89 83 83 83 83 78 73 84 83 83 83 83 74 90 83 83 83
68 83 83 83 83 83 83 83 83 77 83 83 83 83 83 83 91 80 80 73 92 83 83 83 83 83 63 85 83 83 83 83 70 89 83 83 83 83 78 73 84 83 83 83 83 74 90 83 83 83
68 83 83 83 83 83 83 83 83 77 83 83 83 83 83 83 91 80 80 73 92 83 83 83 83 83 63 85 83 83 83 83 70 89 83 83 83 83 78 73 84 83 83 83 83 74 90 83 83 83
68 83 83 83 83 83 83 83 83 77 83 83 83 83 83 83 91 80 80 73 92 83 83 83 83 83 63 85 83 83 83 83 70 89 83 83 83 83 78 73 84 83 83 83 83 74 90 83 83 83
68 83 83 83 83 83 83 83 83 77 83 83 83 83 83 83 91 80 80 73 92 83 83 83 83 83 63 85 83 83 83 83 70 89 83 83 83 83 78 73 84 83 83 83 83 74 90 83 83 83
70 83 83 83 83 83 83 83 83 82 84 83 83 83 83 83 89 82 75 81 88 83 83 83 83 83 67 85 83 83 83 83 79 86 83 83 83 83 83 74 83 83 83 83 83 75 87 83 83 83
79 80 80 80 80 80 80 80 80 82 78 80 80 80 80 80 100 108 94 104 84 80 80 80 80 80 73 86 80 80 80 80 80 82 80 80 80 80 81 66 82 80 80 80 80 91 83 80 80 80
79 81 81 81 81 81 81 81 81 84 84 81 81 81 81 81 99 102 87 97 84 81 81 81 81 81 76 85 81 81 81 81 82 80 81 81 81 81 83 70 82 81 81 81 81 86 78 81 81 81
81 81 81 81 81 81 81 81 81 83 83 81 81 81 81 81 90 97 86 86 84 81 81 81 81 81 73 84 81 81 81 81 76 85 81 81 81 81 82 74 82 81 81 81 81 78 83 81 81 81
71 83 83 83 83 83 83 83 83 79 85 83 83 83 83 83 86 88 86 74 85 83 83 83 83 83 65 85 83 83 83 83 72 87 83 83 83 83 79 71 83 83 83 83 83 73 86 83 83 83
68 83 83 83 83 83 83 83 83 77 83 83 83 83 83 83 91 80 80 73 92 83 83 83 83 83 63 85 83 83 83 83 70 89 83 83 83 83 78 73 84 83 83 83 83 74 90 83 83 83
68 83 83 83 83 83 83 83 83 77 83 83 83 83 83 83 91 80 80 73 92 83 83 83 83 83 63 85 83 83 83 83 70 89 83 83 83 83 78 73 84 83 83 83 83 74 90 83 83 83
68 83 83 83 83 83 83 83 83 77 83 83 83 83 83 83 91 80 80 73 92 83 83 83 83 83 63 85 83 83 83 83 70 89 83 83 83 83 78 73 84 83 83 83 83 74 90 83 83 83
68 83 83 83 83 83 83 83 83 77 83 83 83 83 83 83 91 80 80 73 92 83 83 83 83 83 63 85 83 83 83 83 70 89 83 83 83 83 78 73 84 83 83 83 83 74 90 83 83 83
68 83 83 83 83 83 83 83 83 77 83 83 83 83 83 83 91 80 80 73 92 83 83 83 83 83 63 85 83 83 83 83 70 89 83 83 83 83 78 73 84 83 83 83 83 74 90 83 83 83
65 84 84 84 84 84 84 84 84 90 95 84 84 84 84 84 97 74 59 69 80 84 84 84 84 84 74 86 84 84 84 84 95 68 84 84 84 84 88 65 85 84 84 84 84 75 61 84 84 84
70 83 83 83 83 83 83 83 83 76 81 83 83 83 83 83 93 86 86 77 91 83 83 83 83 83 63 85 83 83 83 83 69 91 83 83 83 83 78 74 83 83 83 83 83 75 93 83 83 83
68 83 83 83 83 83 83 83 83 77 83 83 83 83 83 83 91 80 80 73 92 83 83 83 83 83 63 85 83 83 83 83 70 89 83 83 83 83 78 73 84 83 83 83 83 74 90 83 83 83
68 83 83 83 83 83 83 83 83 77 83 83 83 83 83 83 91 80 80 73 92 83 83 83 83 83 63 85 83 83 83 83 70 89 83 83 83 83 78 73 84 83 83 83 83 74 90 83 83 83
68 83 83 83 83 83 83 83 83 77 83 83 83 83 83 83 91 80 80 73 92 83 83 83 83 83 63 85 83 83 83 83 70 89 83 83 83 83 78 73 84 83 83 83 83 74 90 83 83 83
68 83 83 83 83 83 83 83 83 77 83 83 83 83 83 83 91 80 80 73 92 83 83 83 83 83 63 85 83 83 83 83 70 89 83 83 83 83 78 73 84 83 83 83 83 74 90 83 83 83
75 82 82 82 82 82 82 82 82 76 82 82 82 82 82 82 89 86 88 74 94 82 82 82 82 82 65 83 82 82 82 82 64 99 82 82 82 82 76 85 82 82 82 82 82 66 102 82 82 82
73 82 82 82 82 82 82 82 82 78 83 82 82 82 82 82 92 95 90 80 85 82 82 82 82 82 68 86 82 82 82 82 72 84 82 82 82 82 78 67 83 82 82 82 82 81 81 82 82 82
68 83 83 83 83 83 83 83 83 77 83 83 83 83 83 83 91 80 80 73 92 83 83 83 83 83 63 85 83 83 83 83 70 89 83 83 83 83 78 73 84 83 83 83 83 74 90 83 83 83
68 83 83 83 83 83 83 83 83 77 83 83 83 83 83 83 91 80 80 73 92 83 83 83 83 83 63 85 83 83 83 83 70 89 83 83 83 83 78 73 84 83 83 83 83 74 90 83 83 83
68 83 83 83 83 83 83 83 83 77 83 83 83 83 83 83 91 80 80 73 92 83 83 83 83 83 63 85 83 83 83 83 70 89 83 83 83 83 78 73 84 83 83 83 83 74 90 83 83 83
68 83 83 83 83 83 83 83 83 77 83 83 83 83 83 83 91 80 80 73 92 83 83 83 83 83 63 85 83 83 83 83 70 89 83 83 83 83 78 73 84 83 83 83 83 74 90 83 83 83
69 84 84 84 84 84 84 84 84 75 82 84 84 84 84 84 86 79 80 69 94 84 84 84 84 84 60 85 84 84 84 84 66 94 84 84 84 84 77 76 84 84 84 84 84 69 96 84 84 84
59 86 86 86 86 86 86 86 86 87 95 86 86 86 86 86 90 68 56 57 77 86 86 86 86 86 68 87 86 86 86 86 89 64 86 86 86 86 85 57 87 86 86 86 86 73 56 86 86 86
69 83 83 83 83 83 83 83 83 76 82 83 83 83 83 83 92 82 82 75 92 83 83 83 83 83 63 85 83 83 83 83 70 90 83 83 83 83 78 73 83 83 83 83 83 74 91 83 83 83
68 83 83 83 83 83 83 83 83 77 83 83 83 83 83 83 91 80 80 73 92 83 83 83 83 83 63 85 83 83 83 83 70 89 83 83 83 83 78 73 84 83 83 83 83 74 90 83 83 83
68 83 83 83 83 83 83 83 83 77 83 83 83 83 83 83 91 80 80 73 92 83 83 83 83 83 63 85 83 83 83 83 70 89 83 83 83 83 78 73 84 83 83 83 83 74 90 83 83 83
68 83 83 83 83 83 83 83 83 77 83 83 83 83 83 83 91 80 80 73 92 83 83 83 83 83 63 85 83 83 83 83 70 89 83 83 83 83 78 73 84 83 83 83 83 74 90 83 83 83
68 83 83 83 83 83 83 83 83 77 83 83 83 83 83 83 91 80 80 73 92 83 83 83 83 83 63 85 83 83 83 83 70 89 83 83 83 83 78 73 84 83 83 83 83 74 90 83 83 83
70 82 82 82 82 82 82 82 82 86 92 82 82 82 82 82 84 76 71 80 88 82 82 82 82 82 67 84 82 82 82 82 86 88 82 82 82 82 85 78 83 82 82 82 82 68 89 82 82 82
79 81 81 81 81 81 81 81 81 76 80 81 81 81 81 81 99 106 98 89 89 81 81 81 81 81 73 85 81 81 81 81 69 86 81 81 81 81 76 70 82 81 81 81 81 86 82 81 81 81
68 83 83 83 83 83 83 83 83 77 83 83 83 83 83 83 91 80 80 73 92 83 83 83 83 83 63 85 83 83 83 83 70 89 83 83 83 83 78 73 84 83 83 83 83 74 90 83 83 83
68 83 83 83 83 83 83 83 83 77 83 83 83 83 83 83 91 80 80 73 92 83 83 83 83 83 63 85 83 83 83 83 70 89 83 83 83 83 78 73 84 83 83 83 83 74 90 83 83 83
68 83 83 83 83 83 83 83 83 77 83 83 83 83 83 83 91 80 80 73 92 83 83 83 83 83 63 85 83 83 83 83 70 89 83 83 83 83 78 73 84 83 83 83 83 74 90 83 83 83
