59 87 87 87 87 87 87 87 87 85 83 87 87 87 87 87 83 74 62 56 65 87 87 87 87 87 62 85 87 87 87 87 74 68 87 87 87 87 85 61 87 87 87 87 87 66 67 87 87 87
80 83 83 83 83 83 83 83 83 92 81 83 83 83 83 83 73 83 82 92 69 83 83 83 83 83 65 82 83 83 83 83 105 76 83 83 83 83 89 61 82 83 83 83 83 78 78 83 83 83
80 83 83 83 83 83 83 83 83 92 81 83 83 83 83 83 73 83 82 92 69 83 83 83 83 83 65 82 83 83 83 83 105 76 83 83 83 83 89 61 82 83 83 83 83 78 78 83 83 83
80 83 83 83 83 83 83 83 83 92 81 83 83 83 83 83 73 83 82 92 69 83 83 83 83 83 65 82 83 83 83 83 105 76 83 83 83 83 89 61 82 83 83 83 83 78 78 83 83 83
80 83 83 83 83 83 83 83 83 92 81 83 83 83 83 83 73 83 82 92 69 83 83 83 83 83 65 82 83 83 83 83 105 76 83 83 83 83 89 61 82 83 83 83 83 78 78 83 83 83
80 83 83 83 83 83 83 83 83 92 81 83 83 83 83 83 73 83 82 92 69 83 83 83 83 83 65 82 83 83 83 83 105 76 83 83 83 83 89 61 82 83 83 83 83 78 78 83 83 83
80 83 83 83 83 83 83 83 83 92 81 83 83 83 83 83 73 83 82 92 69 83 83 83 83 83 65 82 83 83 83 83 105 76 83 83 83 83 89 61 82 83 83 83 83 78 78 83 83 83
80 83 83 83 83 83 83 83 83 92 81 83 83 83 83 83 73 83 82 92 69 83 83 83 83 83 65 82 83 83 83 83 105 76 83 83 83 83 89 61 82 83 83 83 83 78 78 83 83 83
80 83 83 83 83 83 83 83 83 92 81 83 83 83 83 83 73 83 82 92 69 83 83 83 83 83 65 82 83 83 83 83 105 76 83 83 83 83 89 61 82 83 83 83 83 78 78 83 83 83
81 83 83 83 83 83 83 83 83 94 78 83 83 83 83 83 70 81 82 95 71 83 83 83 83 83 61 83 83 83 83 83 107 79 83 83 83 83 90 59 82 83 83 83 83 74 84 83 83 83
82 83 83 83 83 83 83 83 83 95 79 83 83 83 83 83 67 75 79 94 70 83 83 83 83 83 59 83 83 83 83 83 114 76 83 83 83 83 92 55 82 83 83 83 83 78 80 83 83 83
80 83 83 83 83 83 83 83 83 92 81 83 83 83 83 83 73 83 82 92 69 83 83 83 83 83 65 82 83 83 83 83 105 76 83 83 83 83 89 61 82 83 83 83 83 78 78 83 83 83
80 83 83 83 83 83 83 83 83 92 81 83 83 83 83 83 73 83 82 92 69 83 83 83 83 83 65 82 83 83 83 83 105 76 83 83 83 83 89 61 82 83 83 83 83 78 78 83 83 83
80 83 83 83 83 83 83 83 83 92 81 83 83 83 83 83 73 83 82 92 69 83 83 83 83 83 65 82 83 83 83 83 105 76 83 83 83 83 89 61 82 83 83 83 83 78 78 83 83 83
80 83 83 83 83 83 83 83 83 92 81 83 83 83 83 83 73 83 82 92 69 83 83 83 83 83 65 82 83 83 83 83 105 76 83 83 83 83 89 61 82 83 83 83 83 78 78 83 83 83
80 83 83 83 83 83 83 83 83 92 81 83 83 83 83 83 73 83 82 92 69 83 83 83 83 83 65 82 83 83 83 83 105 76 83 83 83 83 89 61 82 83 83 83 83 78 78 83 83 83
71 85 85 85 85 85 85 85 85 85 77 85 85 85 85 85 77 77 77 78 61 85 85 85 85 85 72 83 85 85 85 85 86 65 85 85 85 85 86 65 84 85 85 85 85 75 70 85 85 85
66 86 86 86 86 86 86 86 86 79 88 86 86 86 86 86 91 81 66 56 65 86 86 86 86 86 83 84 86 86 86 86 65 65 86 86 86 86 80 75 86 86 86 86 86 70 65 86 86 86
63 86 86 86 86 86 86 86 86 81 91 86 86 86 86 86 92 79 63 54 66 86 86 86 86 86 77 84 86 86 86 86 67 66 86 86 86 86 81 72 86 86 86 86 86 69 63 86 86 86
62 87 87 87 87 87 87 87 87 83 89 87 87 87 87 87 88 68 57 49 68 87 87 87 87 87 71 85 87 87 87 87 66 66 87 87 87 87 82 67 87 87 87 87 87 64 64 87 87 87
70 85 85 85 85 85 85 85 85 89 83 85 85 85 85 85 75 74 71 71 70 85 85 85 85 85 66 83 85 85 85 85 90 74 85 85 85 85 86 63 84 85 85 85 85 71 74 85 85 85
80 83 83 83 83 83 83 83 83 92 81 83 83 83 83 83 73 83 82 92 69 83 83 83 83 83 65 82 83 83 83 83 105 76 83 83 83 83 89 61 82 83 83 83 83 78 78 83 83 83
80 83 83 83 83 83 83 83 83 92 81 83 83 83 83 83 73 83 82 92 69 83 83 83 83 83 65 82 83 83 83 83 105 76 83 83 83 83 89 61 82 83 83 83 83 78 78 83 83 83
80 83 83 83 83 83 83 83 83 92 81 83 83 83 83 83 73 83 82 92 69 83 83 83 83 83 65 82 83 83 83 83 105 76 83 83 83 83 89 61 82 83 83 83 83 78 78 83 83 83
80 83 83 83 83 83 83 83 83 92 81 83 83 83 83 83 73 83 82 92 69 83 83 83 83 83 65 82 83 83 83 83 105 76 83 83 83 83 89 61 82 83 83 83 83 78 78 83 83 83
80 83 83 83 83 83 83 83 83 92 81 83 83 83 83 83 73 83 82 92 69 83 83 83 83 83 65 82 83 83 83 83 105 76 83 83 83 83 89 61 82 83 83 83 83 78 78 83 83 83
56 88 88 88 88 88 88 88 88 84 81 88 88 88 88 88 81 70 61 56 60 88 88 88 88 88 60 85 88 88 88 88 76 61 88 88 88 88 87 56 87 88 88 88 88 72 61 88 88 88
79 83 83 83 83 83 83 83 83 91 81 83 83 83 83 83 73 85 83 91 70 83 83 83 83 83 66 83 83 83 83 83 100 78 83 83 83 83 88 62 82 83 83 83 83 75 80 83 83 83
80 83 83 83 83 83 83 83 83 92 81 83 83 83 83 83 73 83 82 92 69 83 83 83 83 83 65 82 83 83 83 83 105 76 83 83 83 83 89 61 82 83 83 83 83 78 78 83 83 83
80 83 83 83 83 83 83 83 83 92 81 83 83 83 83 83 73 83 82 92 69 83 83 83 83 83 65 82 83 83 83 83 105 76 83 83 83 83 89 61 82 83 83 83 83 78 78 83 83 83
80 83 83 83 83 83 83 83 83 92 81 83 83 83 83 83 73 83 82 92 69 83 83 83 83 83 65 82 83 83 83 83 105 76 83 83 83 83 89 61 82 83 83 83 83 78 78 83 83 83
80 83 83 83 83 83 83 83 83 92 81 83 83 83 83 83 73 83 82 92 69 83 83 83 83 83 65 82 83 83 83 83 105 76 83 83 83 83 89 61 82 83 83 83 83 78 78 83 83 83
73 85 85 85 85 85 85 85 85 95 78 85 85 85 85 85 67 66 69 75 69 85 85 85 85 85 53 85 85 85 85 85 103 74 85 85 85 85 92 50 85 85 85 85 85 69 78 85 85 85
71 84 84 84 84 84 84 84 84 87 87 84 84 84 84 84 83 80 69 67 70 84 84 84 84 84 75 82 84 84 84 84 83 74 84 84 84 84 84 71 84 84 84 84 84 71 72 84 84 84
80 83 83 83 83 83 83 83 83 92 81 83 83 83 83 83 73 83 82 92 69 83 83 83 83 83 65 82 83 83 83 83 105 76 83 83 83 83 89 61 82 83 83 83 83 78 78 83 83 83
80 83 83 83 83 83 83 83 83 92 81 83 83 83 83 83 73 83 82 92 69 83 83 83 83 83 65 82 83 83 83 83 105 76 83 83 83 83 89 61 82 83 83 83 83 78 78 83 83 83
80 83 83 83 83 83 83 83 83 92 81 83 83 83 83 83 73 83 82 92 69 83 83 83 83 83 65 82 83 83 83 83 105 76 83 83 83 83 89 61 82 83 83 83 83 78 78 83 83 83
80 83 83 83 83 83 83 83 83 92 81 83 83 83 83 83 73 83 82 92 69 83 83 83 83 83 65 82 83 83 83 83 105 76 83 83 83 83 89 61 82 83 83 83 83 78 78 83 83 83
81 83 83 83 83 83 83 83 83 94 80 83 83 83 83 83 71 80 80 91 70 83 83 83 83 83 65 83 83 83 83 83 106 77 83 83 83 83 90 61 82 83 83 83 83 75 80 83 83 83
60 87 87 87 87 87 87 87 87 86 86 87 87 87 87 87 82 69 58 55 61 87 87 87 87 87 67 84 87 87 87 87 80 61 87 87 87 87 87 61 86 87 87 87 87 75 60 87 87 87
80 83 83 83 83 83 83 83 83 92 81 83 83 83 83 83 73 83 82 91 70 83 83 83 83 83 65 82 83 83 83 83 103 77 83 83 83 83 89 61 82 83 83 83 83 77 79 83 83 83
80 83 83 83 83 83 83 83 83 92 81 83 83 83 83 83 73 83 82 92 69 83 83 83 83 83 65 82 83 83 83 83 105 76 83 83 83 83 89 61 82 83 83 83 83 78 78 83 83 83
80 83 83 83 83 83 83 83 83 92 81 83 83 83 83 83 73 83 82 92 69 83 83 83 83 83 65 82 83 83 83 83 105 76 83 83 83 83 89 61 82 83 83 83 83 78 78 83 83 83
80 83 83 83 83 83 83 83 83 92 81 83 83 83 83 83 73 83 82 92 69 83 83 83 83 83 65 82 83 83 83 83 105 76 83 83 83 83 89 61 82 83 83 83 83 78 78 83 83 83
80 83 83 83 83 83 83 83 83 92 81 83 83 83 83 83 73 83 82 92 69 83 83 83 83 83 65 82 83 83 83 83 105 76 83 83 83 83 89 61 82 83 83 83 83 78 78 83 83 83
65 87 87 87 87 87 87 87 87 89 83 87 87 87 87 87 77 70 66 63 60 87 87 87 87 87 65 84 87 87 87 87 85 62 87 87 87 87 88 56 86 87 87 87 87 71 64 87 87 87
72 83 83 83 83 83 83 83 83 85 90 83 83 83 83 83 90 92 73 69 73 83 83 83 83 83 78 82 83 83 83 83 77 78 83 83 83 83 82 78 83 83 83 83 83 70 75 83 83 83
80 83 83 83 83 83 83 83 83 92 81 83 83 83 83 83 73 83 82 92 69 83 83 83 83 83 65 82 83 83 83 83 105 76 83 83 83 83 89 61 82 83 83 83 83 78 78 83 83 83
80 83 83 83 83 83 83 83 83 92 81 83 83 83 83 83 73 83 82 92 69 83 83 83 83 83 65 82 83 83 83 83 105 76 83 83 83 83 89 61 82 83 83 83 83 78 78 83 83 83
80 83 83 83 83 83 83 83 83 92 81 83 83 83 83 83 73 83 82 92 69 83 83 83 83 83 65 82 83 83 83 83 105 76 83 83 83 83 89 61 82 83 83 83 83 78 78 83 83 83
