109 76 76 76 76 76 76 76 76 85 89 76 76 76 76 76 92 95 85 111 106 76 76 76 76 76 93 77 76 76 76 76 93 105 76 76 76 76 81 118 77 76 76 76 76 81 95 76 76 76
112 76 76 76 76 76 76 76 76 80 77 76 76 76 76 76 70 105 103 119 102 76 76 76 76 76 78 82 76 76 76 76 97 111 76 76 76 76 76 89 79 76 76 76 76 80 114 76 76 76
112 76 76 76 76 76 76 76 76 80 77 76 76 76 76 76 70 105 103 119 102 76 76 76 76 76 78 82 76 76 76 76 97 111 76 76 76 76 76 89 79 76 76 76 76 80 114 76 76 76
112 76 76 76 76 76 76 76 76 80 77 76 76 76 76 76 70 105 103 119 102 76 76 76 76 76 78 82 76 76 76 76 97 111 76 76 76 76 76 89 79 76 76 76 76 80 114 76 76 76
112 76 76 76 76 76 76 76 76 80 77 76 76 76 76 76 70 105 103 119 102 76 76 76 76 76 78 82 76 76 76 76 97 111 76 76 76 76 76 89 79 76 76 76 76 80 114 76 76 76
112 76 76 76 76 76 76 76 76 80 77 76 76 76 76 76 70 105 103 119 102 76 76 76 76 76 78 82 76 76 76 76 97 111 76 76 76 76 76 89 79 76 76 76 76 80 114 76 76 76
112 76 76 76 76 76 76 76 76 80 77 76 76 76 76 76 70 105 103 119 102 76 76 76 76 76 78 82 76 76 76 76 97 111 76 76 76 76 76 89 79 76 76 76 76 80 114 76 76 76
112 76 76 76 76 76 76 76 76 80 77 76 76 76 76 76 70 105 103 119 102 76 76 76 76 76 78 82 76 76 76 76 97 111 76 76 76 76 76 89 79 76 76 76 76 80 114 76 76 76
112 76 76 76 76 76 76 76 76 80 77 76 76 76 76 76 70 105 103 119 102 76 76 76 76 76 78 82 76 76 76 76 97 111 76 76 76 76 76 89 79 76 76 76 76 80 114 76 76 76
108 76 76 76 76 76 76 76 76 79 76 76 76 76 76 76 66 98 106 121 111 76 76 76 76 76 69 82 76 76 76 76 94 119 76 76 76 76 77 86 79 76 76 76 76 78 122 76 76 76
102 79 79 79 79 79 79 79 79 84 81 79 79 79 79 79 74 95 90 99 99 79 79 79 79 79 75 84 79 79 79 79 94 102 79 79 79 79 79 84 81 79 79 79 79 76 101 79 79 79
112 76 76 76 76 76 76 76 76 80 77 76 76 76 76 76 70 105 103 119 102 76 76 76 76 76 78 82 76 76 76 76 97 111 76 76 76 76 76 89 79 76 76 76 76 80 114 76 76 76
112 76 76 76 76 76 76 76 76 80 77 76 76 76 76 76 70 105 103 119 102 76 76 76 76 76 78 82 76 76 76 76 97 111 76 76 76 76 76 89 79 76 76 76 76 80 114 76 76 76
112 76 76 76 76 76 76 76 76 80 77 76 76 76 76 76 70 105 103 119 102 76 76 76 76 76 78 82 76 76 76 76 97 111 76 76 76 76 76 89 79 76 76 76 76 80 114 76 76 76
112 76 76 76 76 76 76 76 76 80 77 76 76 76 76 76 70 105 103 119 102 76 76 76 76 76 78 82 76 76 76 76 97 111 76 76 76 76 76 89 79 76 76 76 76 80 114 76 76 76
112 76 76 76 76 76 76 76 76 80 77 76 76 76 76 76 70 105 103 119 102 76 76 76 76 76 78 82 76 76 76 76 97 111 76 76 76 76 76 89 79 76 76 76 76 80 114 76 76 76
121 74 74 74 74 74 74 74 74 82 77 74 74 74 74 74 74 119 108 136 96 74 74 74 74 74 91 80 74 74 74 74 107 109 74 74 74 74 75 97 77 74 74 74 74 81 114 74 74 74
128 71 71 71 71 71 71 71 71 75 74 71 71 71 71 71 81 138 129 176 99 71 71 71 71 71 101 75 71 71 71 71 102 116 71 71 71 71 71 115 73 71 71 71 71 92 122 71 71 71
133 69 69 69 69 69 69 69 69 72 74 69 69 69 69 69 89 147 133 184 95 69 69 69 69 69 117 74 69 69 69 69 102 108 69 69 69 69 69 123 72 69 69 69 69 105 112 69 69 69
127 70 70 70 70 70 70 70 70 72 75 70 70 70 70 70 88 135 135 183 102 70 70 70 70 70 107 74 70 70 70 70 95 111 70 70 70 70 71 118 72 70 70 70 70 105 114 70 70 70
118 75 75 75 75 75 75 75 75 77 81 75 75 75 75 75 84 110 104 121 101 75 75 75 75 75 99 80 75 75 75 75 95 103 75 75 75 75 74 105 77 75 75 75 75 95 100 75 75 75
112 76 76 76 76 76 76 76 76 80 77 76 76 76 76 76 70 105 103 119 102 76 76 76 76 76 78 82 76 76 76 76 97 111 76 76 76 76 76 89 79 76 76 76 76 80 114 76 76 76
112 76 76 76 76 76 76 76 76 80 77 76 76 76 76 76 70 105 103 119 102 76 76 76 76 76 78 82 76 76 76 76 97 111 76 76 76 76 76 89 79 76 76 76 76 80 114 76 76 76
112 76 76 76 76 76 76 76 76 80 77 76 76 76 76 76 70 105 103 119 102 76 76 76 76 76 78 82 76 76 76 76 97 111 76 76 76 76 76 89 79 76 76 76 76 80 114 76 76 76
112 76 76 76 76 76 76 76 76 80 77 76 76 76 76 76 70 105 103 119 102 76 76 76 76 76 78 82 76 76 76 76 97 111 76 76 76 76 76 89 79 76 76 76 76 80 114 76 76 76
112 76 76 76 76 76 76 76 76 80 77 76 76 76 76 76 70 105 103 119 102 76 76 76 76 76 78 82 76 76 76 76 97 111 76 76 76 76 76 89 79 76 76 76 76 80 114 76 76 76
97 79 79 79 79 79 79 79 79 96 95 79 79 79 79 79 102 87 64 86 84 79 79 79 79 79 100 77 79 79 79 79 102 83 79 79 79 79 88 111 79 79 79 79 79 72 74 79 79 79
115 76 76 76 76 76 76 76 76 79 77 76 76 76 76 76 70 105 105 121 104 76 76 76 76 76 80 82 76 76 76 76 97 113 76 76 76 76 75 91 79 76 76 76 76 82 115 76 76 76
112 76 76 76 76 76 76 76 76 80 77 76 76 76 76 76 70 105 103 119 102 76 76 76 76 76 78 82 76 76 76 76 97 111 76 76 76 76 76 89 79 76 76 76 76 80 114 76 76 76
112 76 76 76 76 76 76 76 76 80 77 76 76 76 76 76 70 105 103 119 102 76 76 76 76 76 78 82 76 76 76 76 97 111 76 76 76 76 76 89 79 76 76 76 76 80 114 76 76 76
112 76 76 76 76 76 76 76 76 80 77 76 76 76 76 76 70 105 103 119 102 76 76 76 76 76 78 82 76 76 76 76 97 111 76 76 76 76 76 89 79 76 76 76 76 80 114 76 76 76
112 76 76 76 76 76 76 76 76 80 77 76 76 76 76 76 70 105 103 119 102 76 76 76 76 76 78 82 76 76 76 76 97 111 76 76 76 76 76 89 79 76 76 76 76 80 114 76 76 76
103 77 77 77 77 77 77 77 77 81 78 77 77 77 77 77 66 91 104 118 115 77 77 77 77 77 64 82 77 77 77 77 86 119 77 77 77 77 80 82 79 77 77 77 77 74 123 77 77 77
122 73 73 73 73 73 73 73 73 73 77 73 73 73 73 73 82 124 121 148 102 73 73 73 73 73 101 77 73 73 73 73 95 112 73 73 73 73 71 112 75 73 73 73 73 98 112 73 73 73
112 76 76 76 76 76 76 76 76 80 77 76 76 76 76 76 70 105 103 119 102 76 76 76 76 76 78 82 76 76 76 76 97 111 76 76 76 76 76 89 79 76 76 76 76 80 114 76 76 76
112 76 76 76 76 76 76 76 76 80 77 76 76 76 76 76 70 105 103 119 102 76 76 76 76 76 78 82 76 76 76 76 97 111 76 76 76 76 76 89 79 76 76 76 76 80 114 76 76 76
112 76 76 76 76 76 76 76 76 80 77 76 76 76 76 76 70 105 103 119 102 76 76 76 76 76 78 82 76 76 76 76 97 111 76 76 76 76 76 89 79 76 76 76 76 80 114 76 76 76
112 76 76 76 76 76 76 76 76 80 77 76 76 76 76 76 70 105 103 119 102 76 76 76 76 76 78 82 76 76 76 76 97 111 76 76 76 76 76 89 79 76 76 76 76 80 114 76 76 76
111 76 76 76 76 76 76 76 76 79 77 76 76 76 76 76 68 101 106 122 109 76 76 76 76 76 73 82 76 76 76 76 94 118 76 76 76 76 76 88 78 76 76 76 76 80 120 76 76 76
103 77 77 77 77 77 77 77 77 89 91 77 77 77 77 77 107 102 74 101 84 77 77 77 77 77 110 76 77 77 77 77 102 86 77 77 77 77 82 119 78 77 77 77 77 81 78 77 77 77
112 76 76 76 76 76 76 76 76 80 77 76 76 76 76 76 69 104 103 118 103 76 76 76 76 76 78 82 76 76 76 76 97 112 76 76 76 76 76 89 79 76 76 76 76 80 115 76 76 76
112 76 76 76 76 76 76 76 76 80 77 76 76 76 76 76 70 105 103 119 102 76 76 76 76 76 78 82 76 76 76 76 97 111 76 76 76 76 76 89 79 76 76 76 76 80 114 76 76 76
112 76 76 76 76 76 76 76 76 80 77 76 76 76 76 76 70 105 103 119 102 76 76 76 76 76 78 82 76 76 76 76 97 111 76 76 76 76 76 89 79 76 76 76 76 80 114 76 76 76
112 76 76 76 76 76 76 76 76 80 77 76 76 76 76 76 70 105 103 119 102 76 76 76 76 76 78 82 76 76 76 76 97 111 76 76 76 76 76 89 79 76 76 76 76 80 114 76 76 76
112 76 76 76 76 76 76 76 76 80 77 76 76 76 76 76 70 105 103 119 102 76 76 76 76 76 78 82 76 76 76 76 97 111 76 76 76 76 76 89 79 76 76 76 76 80 114 76 76 76
122 74 74 74 74 74 74 74 74 82 79 74 74 74 74 74 79 115 107 137 101 74 74 74 74 74 88 79 74 74 74 74 97 111 74 74 74 74 78 100 76 74 74 74 74 82 113 74 74 74
126 71 71 71 71 71 71 71 71 70 74 71 71 71 71 71 79 134 134 169 104 71 71 71 71 71 102 76 71 71 71 71 96 118 71 71 71 71 68 116 73 71 71 71 71 101 120 71 71 71
112 76 76 76 76 76 76 76 76 80 77 76 76 76 76 76 70 105 103 119 102 76 76 76 76 76 78 82 76 76 76 76 97 111 76 76 76 76 76 89 79 76 76 76 76 80 114 76 76 76
112 76 76 76 76 76 76 76 76 80 77 76 76 76 76 76 70 105 103 119 102 76 76 76 76 76 78 82 76 76 76 76 97 111 76 76 76 76 76 89 79 76 76 76 76 80 114 76 76 76
112 76 76 76 76 76 76 76 76 80 77 76 76 76 76 76 70 105 103 119 102 76 76 76 76 76 78 82 76 76 76 76 97 111 76 76 76 76 76 89 79 76 76 76 76 80 114 76 76 76
