74 83 83 83 83 83 83 83 83 97 100 83 83 83 83 83 66 74 71 78 91 83 83 83 83 83 52 87 83 83 83 83 99 96 83 83 83 83 88 57 84 83 83 83 83 53 94 83 83 83
78 81 81 81 81 81 81 81 81 86 96 81 81 81 81 81 86 93 86 86 93 81 81 81 81 81 78 82 81 81 81 81 80 95 81 81 81 81 80 86 81 81 81 81 81 64 87 81 81 81
78 81 81 81 81 81 81 81 81 86 96 81 81 81 81 81 86 93 86 86 93 81 81 81 81 81 78 82 81 81 81 81 80 95 81 81 81 81 80 86 81 81 81 81 81 64 87 81 81 81
78 81 81 81 81 81 81 81 81 86 96 81 81 81 81 81 86 93 86 86 93 81 81 81 81 81 78 82 81 81 81 81 80 95 81 81 81 81 80 86 81 81 81 81 81 64 87 81 81 81
78 81 81 81 81 81 81 81 81 86 96 81 81 81 81 81 86 93 86 86 93 81 81 81 81 81 78 82 81 81 81 81 80 95 81 81 81 81 80 86 81 81 81 81 81 64 87 81 81 81
78 81 81 81 81 81 81 81 81 86 96 81 81 81 81 81 86 93 86 86 93 81 81 81 81 81 78 82 81 81 81 81 80 95 81 81 81 81 80 86 81 81 81 81 81 64 87 81 81 81
78 81 81 81 81 81 81 81 81 86 96 81 81 81 81 81 86 93 86 86 93 81 81 81 81 81 78 82 81 81 81 81 80 95 81 81 81 81 80 86 81 81 81 81 81 64 87 81 81 81
78 81 81 81 81 81 81 81 81 86 96 81 81 81 81 81 86 93 86 86 93 81 81 81 81 81 78 82 81 81 81 81 80 95 81 81 81 81 80 86 81 81 81 81 81 64 87 81 81 81
78 81 81 81 81 81 81 81 81 86 96 81 81 81 81 81 86 93 86 86 93 81 81 81 81 81 78 82 81 81 81 81 80 95 81 81 81 81 80 86 81 81 81 81 81 64 87 81 81 81
76 82 82 82 82 82 82 82 82 88 103 82 82 82 82 82 83 85 78 78 90 82 82 82 82 82 75 82 82 82 82 82 83 90 82 82 82 82 81 81 82 82 82 82 82 61 81 82 82 82
76 81 81 81 81 81 81 81 81 90 99 81 81 81 81 81 81 86 80 85 93 81 81 81 81 81 69 83 81 81 81 81 88 95 81 81 81 81 83 75 82 81 81 81 81 62 88 81 81 81
78 81 81 81 81 81 81 81 81 86 96 81 81 81 81 81 86 93 86 86 93 81 81 81 81 81 78 82 81 81 81 81 80 95 81 81 81 81 80 86 81 81 81 81 81 64 87 81 81 81
78 81 81 81 81 81 81 81 81 86 96 81 81 81 81 81 86 93 86 86 93 81 81 81 81 81 78 82 81 81 81 81 80 95 81 81 81 81 80 86 81 81 81 81 81 64 87 81 81 81
78 81 81 81 81 81 81 81 81 86 96 81 81 81 81 81 86 93 86 86 93 81 81 81 81 81 78 82 81 81 81 81 80 95 81 81 81 81 80 86 81 81 81 81 81 64 87 81 81 81
78 81 81 81 81 81 81 81 81 86 96 81 81 81 81 81 86 93 86 86 93 81 81 81 81 81 78 82 81 81 81 81 80 95 81 81 81 81 80 86 81 81 81 81 81 64 87 81 81 81
78 81 81 81 81 81 81 81 81 86 96 81 81 81 81 81 86 93 86 86 93 81 81 81 81 81 78 82 81 81 81 81 80 95 81 81 81 81 80 86 81 81 81 81 81 64 87 81 81 81
88 80 80 80 80 80 80 80 80 95 103 80 80 80 80 80 85 92 80 88 90 80 80 80 80 80 82 81 80 80 80 80 87 97 80 80 80 80 85 94 80 80 80 80 80 56 88 80 80 80
91 78 78 78 78 78 78 78 78 91 100 78 78 78 78 78 88 95 88 99 89 78 78 78 78 78 90 78 78 78 78 78 86 96 78 78 78 78 84 104 78 78 78 78 78 59 89 78 78 78
92 80 80 80 80 80 80 80 80 88 91 80 80 80 80 80 79 93 89 95 86 80 80 80 80 80 79 82 80 80 80 80 87 94 80 80 80 80 84 88 80 80 80 80 80 64 92 80 80 80
92 82 82 82 82 82 82 82 82 90 95 82 82 82 82 82 72 82 77 78 77 82 82 82 82 82 74 84 82 82 82 82 90 84 82 82 82 82 86 78 83 82 82 82 82 62 84 82 82 82
86 81 81 81 81 81 81 81 81 89 97 81 81 81 81 81 73 84 80 85 88 81 81 81 81 81 71 83 81 81 81 81 92 92 81 81 81 81 83 76 82 81 81 81 81 65 89 81 81 81
78 81 81 81 81 81 81 81 81 86 96 81 81 81 81 81 86 93 86 86 93 81 81 81 81 81 78 82 81 81 81 81 80 95 81 81 81 81 80 86 81 81 81 81 81 64 87 81 81 81
78 81 81 81 81 81 81 81 81 86 96 81 81 81 81 81 86 93 86 86 93 81 81 81 81 81 78 82 81 81 81 81 80 95 81 81 81 81 80 86 81 81 81 81 81 64 87 81 81 81
78 81 81 81 81 81 81 81 81 86 96 81 81 81 81 81 86 93 86 86 93 81 81 81 81 81 78 82 81 81 81 81 80 95 81 81 81 81 80 86 81 81 81 81 81 64 87 81 81 81
78 81 81 81 81 81 81 81 81 86 96 81 81 81 81 81 86 93 86 86 93 81 81 81 81 81 78 82 81 81 81 81 80 95 81 81 81 81 80 86 81 81 81 81 81 64 87 81 81 81
78 81 81 81 81 81 81 81 81 86 96 81 81 81 81 81 86 93 86 86 93 81 81 81 81 81 78 82 81 81 81 81 80 95 81 81 81 81 80 86 81 81 81 81 81 64 87 81 81 81
80 81 81 81 81 81 81 81 81 105 97 81 81 81 81 81 67 80 76 93 98 81 81 81 81 81 52 86 81 81 81 81 103 107 81 81 81 81 93 61 82 81 81 81 81 49 103 81 81 81
78 81 81 81 81 81 81 81 81 85 98 81 81 81 81 81 87 91 84 84 92 81 81 81 81 81 81 81 81 81 81 81 79 94 81 81 81 81 80 90 81 81 81 81 81 63 85 81 81 81
78 81 81 81 81 81 81 81 81 86 96 81 81 81 81 81 86 93 86 86 93 81 81 81 81 81 78 82 81 81 81 81 80 95 81 81 81 81 80 86 81 81 81 81 81 64 87 81 81 81
78 81 81 81 81 81 81 81 81 86 96 81 81 81 81 81 86 93 86 86 93 81 81 81 81 81 78 82 81 81 81 81 80 95 81 81 81 81 80 86 81 81 81 81 81 64 87 81 81 81
78 81 81 81 81 81 81 81 81 86 96 81 81 81 81 81 86 93 86 86 93 81 81 81 81 81 78 82 81 81 81 81 80 95 81 81 81 81 80 86 81 81 81 81 81 64 87 81 81 81
78 81 81 81 81 81 81 81 81 86 96 81 81 81 81 81 86 93 86 86 93 81 81 81 81 81 78 82 81 81 81 81 80 95 81 81 81 81 80 86 81 81 81 81 81 64 87 81 81 81
69 85 85 85 85 85 85 85 85 87 100 85 85 85 85 85 75 73 67 60 81 85 85 85 85 85 63 86 85 85 85 85 83 79 85 85 85 85 82 64 86 85 85 85 85 62 75 85 85 85
91 80 80 80 80 80 80 80 80 87 93 80 80 80 80 80 76 91 91 100 89 80 80 80 80 80 75 82 80 80 80 80 92 95 80 80 80 80 83 81 80 80 80 80 80 68 94 80 80 80
78 81 81 81 81 81 81 81 81 86 96 81 81 81 81 81 86 93 86 86 93 81 81 81 81 81 78 82 81 81 81 81 80 95 81 81 81 81 80 86 81 81 81 81 81 64 87 81 81 81
78 81 81 81 81 81 81 81 81 86 96 81 81 81 81 81 86 93 86 86 93 81 81 81 81 81 78 82 81 81 81 81 80 95 81 81 81 81 80 86 81 81 81 81 81 64 87 81 81 81
78 81 81 81 81 81 81 81 81 86 96 81 81 81 81 81 86 93 86 86 93 81 81 81 81 81 78 82 81 81 81 81 80 95 81 81 81 81 80 86 81 81 81 81 81 64 87 81 81 81
78 81 81 81 81 81 81 81 81 86 96 81 81 81 81 81 86 93 86 86 93 81 81 81 81 81 78 82 81 81 81 81 80 95 81 81 81 81 80 86 81 81 81 81 81 64 87 81 81 81
77 82 82 82 82 82 82 82 82 88 101 82 82 82 82 82 81 85 78 78 90 82 82 82 82 82 75 83 82 82 82 82 83 91 82 82 82 82 81 81 82 82 82 82 82 61 82 82 82 82
93 78 78 78 78 78 78 78 78 100 92 78 78 78 78 78 67 92 93 120 98 78 78 78 78 78 57 84 78 78 78 78 107 114 78 78 78 78 90 67 79 78 78 78 78 56 117 78 78 78
77 81 81 81 81 81 81 81 81 86 97 81 81 81 81 81 86 92 85 85 93 81 81 81 81 81 79 81 81 81 81 81 79 95 81 81 81 81 80 88 81 81 81 81 81 63 86 81 81 81
78 81 81 81 81 81 81 81 81 86 96 81 81 81 81 81 86 93 86 86 93 81 81 81 81 81 78 82 81 81 81 81 80 95 81 81 81 81 80 86 81 81 81 81 81 64 87 81 81 81
78 81 81 81 81 81 81 81 81 86 96 81 81 81 81 81 86 93 86 86 93 81 81 81 81 81 78 82 81 81 81 81 80 95 81 81 81 81 80 86 81 81 81 81 81 64 87 81 81 81
78 81 81 81 81 81 81 81 81 86 96 81 81 81 81 81 86 93 86 86 93 81 81 81 81 81 78 82 81 81 81 81 80 95 81 81 81 81 80 86 81 81 81 81 81 64 87 81 81 81
78 81 81 81 81 81 81 81 81 86 96 81 81 81 81 81 86 93 86 86 93 81 81 81 81 81 78 82 81 81 81 81 80 95 81 81 81 81 80 86 81 81 81 81 81 64 87 81 81 81
72 84 84 84 84 84 84 84 84 90 99 84 84 84 84 84 74 74 65 60 83 84 84 84 84 84 65 86 84 84 84 84 80 85 84 84 84 84 84 71 85 84 84 84 84 55 79 84 84 84
91 79 79 79 79 79 79 79 79 83 89 79 79 79 79 79 81 97 98 106 90 79 79 79 79 79 81 81 79 79 79 79 87 95 79 79 79 79 80 88 79 79 79 79 79 73 93 79 79 79
78 81 81 81 81 81 81 81 81 86 96 81 81 81 81 81 86 93 86 86 93 81 81 81 81 81 78 82 81 81 81 81 80 95 81 81 81 81 80 86 81 81 81 81 81 64 87 81 81 81
78 81 81 81 81 81 81 81 81 86 96 81 81 81 81 81 86 93 86 86 93 81 81 81 81 81 78 82 81 81 81 81 80 95 81 81 81 81 80 86 81 81 81 81 81 64 87 81 81 81
78 81 81 81 81 81 81 81 81 86 96 81 81 81 81 81 86 93 86 86 93 81 81 81 81 81 78 82 81 81 81 81 80 95 81 81 81 81 80 86 81 81 81 81 81 64 87 81 81 81
