-2419 -800 -800 -800 -800 -800 -800 -800 -800 -881 -981 -800 -800 -800 -800 -800 -973 -1474 -2207 -2601 -1969 -800 -800 -800 -800 -800 -2185 -908 -800 -800 -800 -800 -1493 -1824 -800 -800 -800 -800 -901 -2263 -817 -800 -800 -800 -800 -1918 -1876 -800 -800 -800
-140 -29 -29 -29 -29 -29 -29 -29 -29 435 -108 -29 -29 -29 -29 -29 -553 -14 -76 406 -756 -29 -29 -29 -29 -29 -980 -45 -29 -29 -29 -29 963 -354 -29 -29 -29 -29 297 -1288 -45 -29 -29 -29 -29 -271 -242 -29 -29 -29
-140 -29 -29 -29 -29 -29 -29 -29 -29 435 -108 -29 -29 -29 -29 -29 -553 -14 -76 406 -756 -29 -29 -29 -29 -29 -980 -45 -29 -29 -29 -29 963 -354 -29 -29 -29 -29 297 -1288 -45 -29 -29 -29 -29 -271 -242 -29 -29 -29
-140 -29 -29 -29 -29 -29 -29 -29 -29 435 -108 -29 -29 -29 -29 -29 -553 -14 -76 406 -756 -29 -29 -29 -29 -29 -980 -45 -29 -29 -29 -29 963 -354 -29 -29 -29 -29 297 -1288 -45 -29 -29 -29 -29 -271 -242 -29 -29 -29
-140 -29 -29 -29 -29 -29 -29 -29 -29 435 -108 -29 -29 -29 -29 -29 -553 -14 -76 406 -756 -29 -29 -29 -29 -29 -980 -45 -29 -29 -29 -29 963 -354 -29 -29 -29 -29 297 -1288 -45 -29 -29 -29 -29 -271 -242 -29 -29 -29
-140 -29 -29 -29 -29 -29 -29 -29 -29 435 -108 -29 -29 -29 -29 -29 -553 -14 -76 406 -756 -29 -29 -29 -29 -29 -980 -45 -29 -29 -29 -29 963 -354 -29 -29 -29 -29 297 -1288 -45 -29 -29 -29 -29 -271 -242 -29 -29 -29
-140 -29 -29 -29 -29 -29 -29 -29 -29 435 -108 -29 -29 -29 -29 -29 -553 -14 -76 406 -756 -29 -29 -29 -29 -29 -980 -45 -29 -29 -29 -29 963 -354 -29 -29 -29 -29 297 -1288 -45 -29 -29 -29 -29 -271 -242 -29 -29 -29
-140 -29 -29 -29 -29 -29 -29 -29 -29 435 -108 -29 -29 -29 -29 -29 -553 -14 -76 406 -756 -29 -29 -29 -29 -29 -980 -45 -29 -29 -29 -29 963 -354 -29 -29 -29 -29 297 -1288 -45 -29 -29 -29 -29 -271 -242 -29 -29 -29
-140 -29 -29 -29 -29 -29 -29 -29 -29 435 -108 -29 -29 -29 -29 -29 -553 -14 -76 406 -756 -29 -29 -29 -29 -29 -980 -45 -29 -29 -29 -29 963 -354 -29 -29 -29 -29 297 -1288 -45 -29 -29 -29 -29 -271 -242 -29 -29 -29
533 606 606 606 606 606 606 606 606 1147 361 606 606 606 606 606 -64 529 564 1180 -6 606 606 606 606 606 -611 637 606 606 606 606 1652 430 606 606 606 606 975 -756 600 606 606 606 606 156 662 606 606 606
1033 1097 1097 1097 1097 1097 1097 1097 1097 1649 910 1097 1097 1097 1097 1097 211 672 913 1602 420 1097 1097 1097 1097 1097 -263 1105 1097 1097 1097 1097 2398 761 1097 1097 1097 1097 1505 -563 1077 1097 1097 1097 1097 851 968 1097 1097 1097
-140 -29 -29 -29 -29 -29 -29 -29 -29 435 -108 -29 -29 -29 -29 -29 -553 -14 -76 406 -756 -29 -29 -29 -29 -29 -980 -45 -29 -29 -29 -29 963 -354 -29 -29 -29 -29 297 -1288 -45 -29 -29 -29 -29 -271 -242 -29 -29 -29
-140 -29 -29 -29 -29 -29 -29 -29 -29 435 -108 -29 -29 -29 -29 -29 -553 -14 -76 406 -756 -29 -29 -29 -29 -29 -980 -45 -29 -29 -29 -29 963 -354 -29 -29 -29 -29 297 -1288 -45 -29 -29 -29 -29 -271 -242 -29 -29 -29
-140 -29 -29 -29 -29 -29 -29 -29 -29 435 -108 -29 -29 -29 -29 -29 -553 -14 -76 406 -756 -29 -29 -29 -29 -29 -980 -45 -29 -29 -29 -29 963 -354 -29 -29 -29 -29 297 -1288 -45 -29 -29 -29 -29 -271 -242 -29 -29 -29
-140 -29 -29 -29 -29 -29 -29 -29 -29 435 -108 -29 -29 -29 -29 -29 -553 -14 -76 406 -756 -29 -29 -29 -29 -29 -980 -45 -29 -29 -29 -29 963 -354 -29 -29 -29 -29 297 -1288 -45 -29 -29 -29 -29 -271 -242 -29 -29 -29
-140 -29 -29 -29 -29 -29 -29 -29 -29 435 -108 -29 -29 -29 -29 -29 -553 -14 -76 406 -756 -29 -29 -29 -29 -29 -980 -45 -29 -29 -29 -29 963 -354 -29 -29 -29 -29 297 -1288 -45 -29 -29 -29 -29 -271 -242 -29 -29 -29
-1236 -473 -473 -473 -473 -473 -473 -473 -473 -456 -892 -473 -473 -473 -473 -473 -906 -864 -892 -842 -1844 -473 -473 -473 -473 -473 -1129 -568 -473 -473 -473 -473 -442 -1573 -473 -473 -473 -473 -445 -1599 -509 -473 -473 -473 -473 -966 -1258 -473 -473 -473
-3532 -2424 -2424 -2424 -2424 -2424 -2424 -2424 -2424 -2754 -2346 -2424 -2424 -2424 -2424 -2424 -2180 -2683 -3493 -4187 -3595 -2424 -2424 -2424 -2424 -2424 -2545 -2538 -2424 -2424 -2424 -2424 -3592 -3553 -2424 -2424 -2424 -2424 -2719 -2957 -2435 -2424 -2424 -2424 -2424 -3240 -3593 -2424 -2424 -2424
-4035 -2748 -2748 -2748 -2748 -2748 -2748 -2748 -2748 -2975 -2524 -2748 -2748 -2748 -2748 -2748 -2456 -3107 -4036 -4665 -3838 -2748 -2748 -2748 -2748 -2748 -3186 -2860 -2748 -2748 -2748 -2748 -3779 -3831 -2748 -2748 -2748 -2748 -2988 -3494 -2755 -2748 -2748 -2748 -2748 -3651 -4000 -2748 -2748 -2748
-2846 -1463 -1463 -1463 -1463 -1463 -1463 -1463 -1463 -1667 -1393 -1463 -1463 -1463 -1463 -1463 -1445 -2466 -3176 -3829 -2493 -1463 -1463 -1463 -1463 -1463 -2292 -1547 -1463 -1463 -1463 -1463 -2618 -2634 -1463 -1463 -1463 -1463 -1715 -2544 -1471 -1463 -1463 -1463 -1463 -2704 -2719 -1463 -1463 -1463
-943 -163 -163 -163 -163 -163 -163 -163 -163 11 -262 -163 -163 -163 -163 -163 -662 -728 -915 -871 -944 -163 -163 -163 -163 -163 -1189 -247 -163 -163 -163 -163 69 -704 -163 -163 -163 -163 -118 -1351 -192 -163 -163 -163 -163 -867 -712 -163 -163 -163
-140 -29 -29 -29 -29 -29 -29 -29 -29 435 -108 -29 -29 -29 -29 -29 -553 -14 -76 406 -756 -29 -29 -29 -29 -29 -980 -45 -29 -29 -29 -29 963 -354 -29 -29 -29 -29 297 -1288 -45 -29 -29 -29 -29 -271 -242 -29 -29 -29
-140 -29 -29 -29 -29 -29 -29 -29 -29 435 -108 -29 -29 -29 -29 -29 -553 -14 -76 406 -756 -29 -29 -29 -29 -29 -980 -45 -29 -29 -29 -29 963 -354 -29 -29 -29 -29 297 -1288 -45 -29 -29 -29 -29 -271 -242 -29 -29 -29
-140 -29 -29 -29 -29 -29 -29 -29 -29 435 -108 -29 -29 -29 -29 -29 -553 -14 -76 406 -756 -29 -29 -29 -29 -29 -980 -45 -29 -29 -29 -29 963 -354 -29 -29 -29 -29 297 -1288 -45 -29 -29 -29 -29 -271 -242 -29 -29 -29
-140 -29 -29 -29 -29 -29 -29 -29 -29 435 -108 -29 -29 -29 -29 -29 -553 -14 -76 406 -756 -29 -29 -29 -29 -29 -980 -45 -29 -29 -29 -29 963 -354 -29 -29 -29 -29 297 -1288 -45 -29 -29 -29 -29 -271 -242 -29 -29 -29
-140 -29 -29 -29 -29 -29 -29 -29 -29 435 -108 -29 -29 -29 -29 -29 -553 -14 -76 406 -756 -29 -29 -29 -29 -29 -980 -45 -29 -29 -29 -29 963 -354 -29 -29 -29 -29 297 -1288 -45 -29 -29 -29 -29 -271 -242 -29 -29 -29
-1901 -59 -59 -59 -59 -59 -59 -59 -59 -234 -377 -59 -59 -59 -59 -59 -396 -1022 -1540 -1940 -1622 -59 -59 -59 -59 -59 -1656 -212 -59 -59 -59 -59 -651 -1563 -59 -59 -59 -59 -104 -1933 -96 -59 -59 -59 -59 -853 -1528 -59 -59 -59
-601 -439 -439 -439 -439 -439 -439 -439 -439 -50 -523 -439 -439 -439 -439 -439 -924 -348 -436 -69 -1107 -439 -439 -439 -439 -439 -1371 -444 -439 -439 -439 -439 328 -691 -439 -439 -439 -439 -183 -1609 -450 -439 -439 -439 -439 -813 -575 -439 -439 -439
-140 -29 -29 -29 -29 -29 -29 -29 -29 435 -108 -29 -29 -29 -29 -29 -553 -14 -76 406 -756 -29 -29 -29 -29 -29 -980 -45 -29 -29 -29 -29 963 -354 -29 -29 -29 -29 297 -1288 -45 -29 -29 -29 -29 -271 -242 -29 -29 -29
-140 -29 -29 -29 -29 -29 -29 -29 -29 435 -108 -29 -29 -29 -29 -29 -553 -14 -76 406 -756 -29 -29 -29 -29 -29 -980 -45 -29 -29 -29 -29 963 -354 -29 -29 -29 -29 297 -1288 -45 -29 -29 -29 -29 -271 -242 -29 -29 -29
-140 -29 -29 -29 -29 -29 -29 -29 -29 435 -108 -29 -29 -29 -29 -29 -553 -14 -76 406 -756 -29 -29 -29 -29 -29 -980 -45 -29 -29 -29 -29 963 -354 -29 -29 -29 -29 297 -1288 -45 -29 -29 -29 -29 -271 -242 -29 -29 -29
-140 -29 -29 -29 -29 -29 -29 -29 -29 435 -108 -29 -29 -29 -29 -29 -553 -14 -76 406 -756 -29 -29 -29 -29 -29 -980 -45 -29 -29 -29 -29 963 -354 -29 -29 -29 -29 297 -1288 -45 -29 -29 -29 -29 -271 -242 -29 -29 -29
610 1278 1278 1278 1278 1278 1278 1278 1278 1730 912 1278 1278 1278 1278 1278 272 233 378 761 392 1278 1278 1278 1278 1278 -713 1264 1278 1278 1278 1278 2034 667 1278 1278 1278 1278 1586 -894 1248 1278 1278 1278 1278 376 891 1278 1278 1278
-1849 -1144 -1144 -1144 -1144 -1144 -1144 -1144 -1144 -1026 -1000 -1144 -1144 -1144 -1144 -1144 -1211 -1347 -1953 -2070 -1904 -1144 -1144 -1144 -1144 -1144 -1636 -1242 -1144 -1144 -1144 -1144 -1195 -1664 -1144 -1144 -1144 -1144 -1177 -1825 -1163 -1144 -1144 -1144 -1144 -1830 -1791 -1144 -1144 -1144
-140 -29 -29 -29 -29 -29 -29 -29 -29 435 -108 -29 -29 -29 -29 -29 -553 -14 -76 406 -756 -29 -29 -29 -29 -29 -980 -45 -29 -29 -29 -29 963 -354 -29 -29 -29 -29 297 -1288 -45 -29 -29 -29 -29 -271 -242 -29 -29 -29
-140 -29 -29 -29 -29 -29 -29 -29 -29 435 -108 -29 -29 -29 -29 -29 -553 -14 -76 406 -756 -29 -29 -29 -29 -29 -980 -45 -29 -29 -29 -29 963 -354 -29 -29 -29 -29 297 -1288 -45 -29 -29 -29 -29 -271 -242 -29 -29 -29
-140 -29 -29 -29 -29 -29 -29 -29 -29 435 -108 -29 -29 -29 -29 -29 -553 -14 -76 406 -756 -29 -29 -29 -29 -29 -980 -45 -29 -29 -29 -29 963 -354 -29 -29 -29 -29 297 -1288 -45 -29 -29 -29 -29 -271 -242 -29 -29 -29
-140 -29 -29 -29 -29 -29 -29 -29 -29 435 -108 -29 -29 -29 -29 -29 -553 -14 -76 406 -756 -29 -29 -29 -29 -29 -980 -45 -29 -29 -29 -29 963 -354 -29 -29 -29 -29 297 -1288 -45 -29 -29 -29 -29 -271 -242 -29 -29 -29
396 485 485 485 485 485 485 485 485 1016 335 485 485 485 485 485 -146 344 325 870 -226 485 485 485 485 485 -534 473 485 485 485 485 1516 181 485 485 485 485 838 -791 468 485 485 485 485 102 338 485 485 485
-1424 102 102 102 102 102 102 102 102 45 30 102 102 102 102 102 -133 -877 -1536 -1804 -1342 102 102 102 102 102 -953 -75 102 102 102 102 -240 -1340 102 102 102 102 74 -1362 67 102 102 102 102 -518 -1422 102 102 102
-282 -159 -159 -159 -159 -159 -159 -159 -159 277 -240 -159 -159 -159 -159 -159 -685 -119 -184 252 -864 -159 -159 -159 -159 -159 -1112 -171 -159 -159 -159 -159 757 -455 -159 -159 -159 -159 144 -1401 -173 -159 -159 -159 -159 -443 -341 -159 -159 -159
-140 -29 -29 -29 -29 -29 -29 -29 -29 435 -108 -29 -29 -29 -29 -29 -553 -14 -76 406 -756 -29 -29 -29 -29 -29 -980 -45 -29 -29 -29 -29 963 -354 -29 -29 -29 -29 297 -1288 -45 -29 -29 -29 -29 -271 -242 -29 -29 -29
-140 -29 -29 -29 -29 -29 -29 -29 -29 435 -108 -29 -29 -29 -29 -29 -553 -14 -76 406 -756 -29 -29 -29 -29 -29 -980 -45 -29 -29 -29 -29 963 -354 -29 -29 -29 -29 297 -1288 -45 -29 -29 -29 -29 -271 -242 -29 -29 -29
-140 -29 -29 -29 -29 -29 -29 -29 -29 435 -108 -29 -29 -29 -29 -29 -553 -14 -76 406 -756 -29 -29 -29 -29 -29 -980 -45 -29 -29 -29 -29 963 -354 -29 -29 -29 -29 297 -1288 -45 -29 -29 -29 -29 -271 -242 -29 -29 -29
-140 -29 -29 -29 -29 -29 -29 -29 -29 435 -108 -29 -29 -29 -29 -29 -553 -14 -76 406 -756 -29 -29 -29 -29 -29 -980 -45 -29 -29 -29 -29 963 -354 -29 -29 -29 -29 297 -1288 -45 -29 -29 -29 -29 -271 -242 -29 -29 -29
-1755 -602 -602 -602 -602 -602 -602 -602 -602 -512 -799 -602 -602 -602 -602 -602 -1104 -1454 -1751 -1890 -2105 -602 -602 -602 -602 -602 -1811 -719 -602 -602 -602 -602 -668 -1960 -602 -602 -602 -602 -544 -2398 -640 -602 -602 -602 -602 -1405 -1866 -602 -602 -602
-3037 -2416 -2416 -2416 -2416 -2416 -2416 -2416 -2416 -2317 -2102 -2416 -2416 -2416 -2416 -2416 -2082 -1986 -2965 -3183 -2982 -2416 -2416 -2416 -2416 -2416 -2669 -2469 -2416 -2416 -2416 -2416 -2723 -2660 -2416 -2416 -2416 -2416 -2483 -2701 -2407 -2416 -2416 -2416 -2416 -3146 -2865 -2416 -2416 -2416
-140 -29 -29 -29 -29 -29 -29 -29 -29 435 -108 -29 -29 -29 -29 -29 -553 -14 -76 406 -756 -29 -29 -29 -29 -29 -980 -45 -29 -29 -29 -29 963 -354 -29 -29 -29 -29 297 -1288 -45 -29 -29 -29 -29 -271 -242 -29 -29 -29
-140 -29 -29 -29 -29 -29 -29 -29 -29 435 -108 -29 -29 -29 -29 -29 -553 -14 -76 406 -756 -29 -29 -29 -29 -29 -980 -45 -29 -29 -29 -29 963 -354 -29 -29 -29 -29 297 -1288 -45 -29 -29 -29 -29 -271 -242 -29 -29 -29
-140 -29 -29 -29 -29 -29 -29 -29 -29 435 -108 -29 -29 -29 -29 -29 -553 -14 -76 406 -756 -29 -29 -29 -29 -29 -980 -45 -29 -29 -29 -29 963 -354 -29 -29 -29 -29 297 -1288 -45 -29 -29 -29 -29 -271 -242 -29 -29 -29
