-831 -26 -26 -26 -26 -26 -26 -26 -26 -36 59 -26 -26 -26 -26 -26 711 261 -384 -551 -242 -26 -26 -26 -26 -26 -923 106 -26 -26 -26 -26 -373 -470 -26 -26 -26 -26 -94 -1081 15 -26 -26 -26 -26 -351 -629 -26 -26 -26
-895 -71 -71 -71 -71 -71 -71 -71 -71 -408 -81 -71 -71 -71 -71 -71 304 -224 -246 -632 344 -71 -71 -71 -71 -71 -1205 31 -71 -71 -71 -71 -798 204 -71 -71 -71 -71 -325 -580 -57 -71 -71 -71 -71 -570 249 -71 -71 -71
-895 -71 -71 -71 -71 -71 -71 -71 -71 -408 -81 -71 -71 -71 -71 -71 304 -224 -246 -632 344 -71 -71 -71 -71 -71 -1205 31 -71 -71 -71 -71 -798 204 -71 -71 -71 -71 -325 -580 -57 -71 -71 -71 -71 -570 249 -71 -71 -71
-895 -71 -71 -71 -71 -71 -71 -71 -71 -408 -81 -71 -71 -71 -71 -71 304 -224 -246 -632 344 -71 -71 -71 -71 -71 -1205 31 -71 -71 -71 -71 -798 204 -71 -71 -71 -71 -325 -580 -57 -71 -71 -71 -71 -570 249 -71 -71 -71
-895 -71 -71 -71 -71 -71 -71 -71 -71 -408 -81 -71 -71 -71 -71 -71 304 -224 -246 -632 344 -71 -71 -71 -71 -71 -1205 31 -71 -71 -71 -71 -798 204 -71 -71 -71 -71 -325 -580 -57 -71 -71 -71 -71 -570 249 -71 -71 -71
-895 -71 -71 -71 -71 -71 -71 -71 -71 -408 -81 -71 -71 -71 -71 -71 304 -224 -246 -632 344 -71 -71 -71 -71 -71 -1205 31 -71 -71 -71 -71 -798 204 -71 -71 -71 -71 -325 -580 -57 -71 -71 -71 -71 -570 249 -71 -71 -71
-895 -71 -71 -71 -71 -71 -71 -71 -71 -408 -81 -71 -71 -71 -71 -71 304 -224 -246 -632 344 -71 -71 -71 -71 -71 -1205 31 -71 -71 -71 -71 -798 204 -71 -71 -71 -71 -325 -580 -57 -71 -71 -71 -71 -570 249 -71 -71 -71
-895 -71 -71 -71 -71 -71 -71 -71 -71 -408 -81 -71 -71 -71 -71 -71 304 -224 -246 -632 344 -71 -71 -71 -71 -71 -1205 31 -71 -71 -71 -71 -798 204 -71 -71 -71 -71 -325 -580 -57 -71 -71 -71 -71 -570 249 -71 -71 -71
-895 -71 -71 -71 -71 -71 -71 -71 -71 -408 -81 -71 -71 -71 -71 -71 304 -224 -246 -632 344 -71 -71 -71 -71 -71 -1205 31 -71 -71 -71 -71 -798 204 -71 -71 -71 -71 -325 -580 -57 -71 -71 -71 -71 -570 249 -71 -71 -71
220 841 841 841 841 841 841 841 841 356 642 841 841 841 841 841 1144 845 948 218 1377 841 841 841 841 841 -407 936 841 841 841 841 -257 1426 841 841 841 841 483 532 845 841 841 841 841 236 1513 841 841 841
-412 459 459 459 459 459 459 459 459 50 290 459 459 459 459 459 870 505 510 -165 733 459 459 459 459 459 -809 557 459 459 459 459 -423 698 459 459 459 459 137 -233 468 459 459 459 459 31 763 459 459 459
-895 -71 -71 -71 -71 -71 -71 -71 -71 -408 -81 -71 -71 -71 -71 -71 304 -224 -246 -632 344 -71 -71 -71 -71 -71 -1205 31 -71 -71 -71 -71 -798 204 -71 -71 -71 -71 -325 -580 -57 -71 -71 -71 -71 -570 249 -71 -71 -71
-895 -71 -71 -71 -71 -71 -71 -71 -71 -408 -81 -71 -71 -71 -71 -71 304 -224 -246 -632 344 -71 -71 -71 -71 -71 -1205 31 -71 -71 -71 -71 -798 204 -71 -71 -71 -71 -325 -580 -57 -71 -71 -71 -71 -570 249 -71 -71 -71
-895 -71 -71 -71 -71 -71 -71 -71 -71 -408 -81 -71 -71 -71 -71 -71 304 -224 -246 -632 344 -71 -71 -71 -71 -71 -1205 31 -71 -71 -71 -71 -798 204 -71 -71 -71 -71 -325 -580 -57 -71 -71 -71 -71 -570 249 -71 -71 -71
-895 -71 -71 -71 -71 -71 -71 -71 -71 -408 -81 -71 -71 -71 -71 -71 304 -224 -246 -632 344 -71 -71 -71 -71 -71 -1205 31 -71 -71 -71 -71 -798 204 -71 -71 -71 -71 -325 -580 -57 -71 -71 -71 -71 -570 249 -71 -71 -71
-895 -71 -71 -71 -71 -71 -71 -71 -71 -408 -81 -71 -71 -71 -71 -71 304 -224 -246 -632 344 -71 -71 -71 -71 -71 -1205 31 -71 -71 -71 -71 -798 204 -71 -71 -71 -71 -325 -580 -57 -71 -71 -71 -71 -570 249 -71 -71 -71
-1677 -1011 -1011 -1011 -1011 -1011 -1011 -1011 -1011 -1024 -955 -1011 -1011 -1011 -1011 -1011 -686 -1045 -1396 -1091 -730 -1011 -1011 -1011 -1011 -1011 -1889 -889 -1011 -1011 -1011 -1011 -1197 -830 -1011 -1011 -1011 -1011 -971 -1435 -966 -1011 -1011 -1011 -1011 -1399 -785 -1011 -1011 -1011
-1789 -1725 -1725 -1725 -1725 -1725 -1725 -1725 -1725 -1630 -1815 -1725 -1725 -1725 -1725 -1725 -795 -483 -1047 -643 -1546 -1725 -1725 -1725 -1725 -1725 -2131 -1439 -1725 -1725 -1725 -1725 -1738 -1644 -1725 -1725 -1725 -1725 -1666 -2496 -1623 -1725 -1725 -1725 -1725 -1211 -1587 -1725 -1725 -1725
-1927 -1860 -1860 -1860 -1860 -1860 -1860 -1860 -1860 -1678 -1670 -1860 -1860 -1860 -1860 -1860 -994 -878 -1544 -1102 -1700 -1860 -1860 -1860 -1860 -1860 -2072 -1644 -1860 -1860 -1860 -1860 -1808 -1884 -1860 -1860 -1860 -1860 -1730 -2425 -1780 -1860 -1860 -1860 -1860 -1571 -2014 -1860 -1860 -1860
-723 -700 -700 -700 -700 -700 -700 -700 -700 -599 -604 -700 -700 -700 -700 -700 -313 -6 -465 -485 -572 -700 -700 -700 -700 -700 -1148 -574 -700 -700 -700 -700 -969 -516 -700 -700 -700 -700 -665 -1109 -655 -700 -700 -700 -700 -890 -626 -700 -700 -700
-386 285 285 285 285 285 285 285 285 64 372 285 285 285 285 285 417 522 404 -174 368 285 285 285 285 285 -700 355 285 285 285 285 -295 477 285 285 285 285 81 -366 289 285 285 285 285 -230 422 285 285 285
-895 -71 -71 -71 -71 -71 -71 -71 -71 -408 -81 -71 -71 -71 -71 -71 304 -224 -246 -632 344 -71 -71 -71 -71 -71 -1205 31 -71 -71 -71 -71 -798 204 -71 -71 -71 -71 -325 -580 -57 -71 -71 -71 -71 -570 249 -71 -71 -71
-895 -71 -71 -71 -71 -71 -71 -71 -71 -408 -81 -71 -71 -71 -71 -71 304 -224 -246 -632 344 -71 -71 -71 -71 -71 -1205 31 -71 -71 -71 -71 -798 204 -71 -71 -71 -71 -325 -580 -57 -71 -71 -71 -71 -570 249 -71 -71 -71
-895 -71 -71 -71 -71 -71 -71 -71 -71 -408 -81 -71 -71 -71 -71 -71 304 -224 -246 -632 344 -71 -71 -71 -71 -71 -1205 31 -71 -71 -71 -71 -798 204 -71 -71 -71 -71 -325 -580 -57 -71 -71 -71 -71 -570 249 -71 -71 -71
-895 -71 -71 -71 -71 -71 -71 -71 -71 -408 -81 -71 -71 -71 -71 -71 304 -224 -246 -632 344 -71 -71 -71 -71 -71 -1205 31 -71 -71 -71 -71 -798 204 -71 -71 -71 -71 -325 -580 -57 -71 -71 -71 -71 -570 249 -71 -71 -71
-895 -71 -71 -71 -71 -71 -71 -71 -71 -408 -81 -71 -71 -71 -71 -71 304 -224 -246 -632 344 -71 -71 -71 -71 -71 -1205 31 -71 -71 -71 -71 -798 204 -71 -71 -71 -71 -325 -580 -57 -71 -71 -71 -71 -570 249 -71 -71 -71
-2180 -1144 -1144 -1144 -1144 -1144 -1144 -1144 -1144 -875 -633 -1144 -1144 -1144 -1144 -1144 -554 -1650 -2579 -1929 -1361 -1144 -1144 -1144 -1144 -1144 -1646 -1040 -1144 -1144 -1144 -1144 -643 -2034 -1144 -1144 -1144 -1144 -968 -2160 -1086 -1144 -1144 -1144 -1144 -1586 -2430 -1144 -1144 -1144
-757 -80 -80 -80 -80 -80 -80 -80 -80 -407 -171 -80 -80 -80 -80 -80 408 94 69 -343 324 -80 -80 -80 -80 -80 -1183 48 -80 -80 -80 -80 -834 303 -80 -80 -80 -80 -331 -549 -60 -80 -80 -80 -80 -457 420 -80 -80 -80
-895 -71 -71 -71 -71 -71 -71 -71 -71 -408 -81 -71 -71 -71 -71 -71 304 -224 -246 -632 344 -71 -71 -71 -71 -71 -1205 31 -71 -71 -71 -71 -798 204 -71 -71 -71 -71 -325 -580 -57 -71 -71 -71 -71 -570 249 -71 -71 -71
-895 -71 -71 -71 -71 -71 -71 -71 -71 -408 -81 -71 -71 -71 -71 -71 304 -224 -246 -632 344 -71 -71 -71 -71 -71 -1205 31 -71 -71 -71 -71 -798 204 -71 -71 -71 -71 -325 -580 -57 -71 -71 -71 -71 -570 249 -71 -71 -71
-895 -71 -71 -71 -71 -71 -71 -71 -71 -408 -81 -71 -71 -71 -71 -71 304 -224 -246 -632 344 -71 -71 -71 -71 -71 -1205 31 -71 -71 -71 -71 -798 204 -71 -71 -71 -71 -325 -580 -57 -71 -71 -71 -71 -570 249 -71 -71 -71
-895 -71 -71 -71 -71 -71 -71 -71 -71 -408 -81 -71 -71 -71 -71 -71 304 -224 -246 -632 344 -71 -71 -71 -71 -71 -1205 31 -71 -71 -71 -71 -798 204 -71 -71 -71 -71 -325 -580 -57 -71 -71 -71 -71 -570 249 -71 -71 -71
197 560 560 560 560 560 560 560 560 223 576 560 560 560 560 560 876 737 821 120 1130 560 560 560 560 560 -425 623 560 560 560 560 -440 1344 560 560 560 560 267 677 547 560 560 560 560 -313 1447 560 560 560
-426 64 64 64 64 64 64 64 64 -165 83 64 64 64 64 64 492 652 404 -82 196 64 64 64 64 64 -703 213 64 64 64 64 -496 116 64 64 64 64 -155 -790 99 64 64 64 64 -31 -26 64 64 64
-895 -71 -71 -71 -71 -71 -71 -71 -71 -408 -81 -71 -71 -71 -71 -71 304 -224 -246 -632 344 -71 -71 -71 -71 -71 -1205 31 -71 -71 -71 -71 -798 204 -71 -71 -71 -71 -325 -580 -57 -71 -71 -71 -71 -570 249 -71 -71 -71
-895 -71 -71 -71 -71 -71 -71 -71 -71 -408 -81 -71 -71 -71 -71 -71 304 -224 -246 -632 344 -71 -71 -71 -71 -71 -1205 31 -71 -71 -71 -71 -798 204 -71 -71 -71 -71 -325 -580 -57 -71 -71 -71 -71 -570 249 -71 -71 -71
-895 -71 -71 -71 -71 -71 -71 -71 -71 -408 -81 -71 -71 -71 -71 -71 304 -224 -246 -632 344 -71 -71 -71 -71 -71 -1205 31 -71 -71 -71 -71 -798 204 -71 -71 -71 -71 -325 -580 -57 -71 -71 -71 -71 -570 249 -71 -71 -71
-895 -71 -71 -71 -71 -71 -71 -71 -71 -408 -81 -71 -71 -71 -71 -71 304 -224 -246 -632 344 -71 -71 -71 -71 -71 -1205 31 -71 -71 -71 -71 -798 204 -71 -71 -71 -71 -325 -580 -57 -71 -71 -71 -71 -570 249 -71 -71 -71
-169 610 610 610 610 610 610 610 610 194 511 610 610 610 610 610 740 358 456 -195 1078 610 610 610 610 610 -726 682 610 610 610 610 -363 1094 610 610 610 610 289 197 610 610 610 610 610 -143 1174 610 610 610
-1535 -18 -18 -18 -18 -18 -18 -18 -18 46 403 -18 -18 -18 -18 -18 183 -955 -1773 -1714 -447 -18 -18 -18 -18 -18 -1007 49 -18 -18 -18 -18 99 -1232 -18 -18 -18 -18 -43 -1718 26 -18 -18 -18 -18 -664 -1771 -18 -18 -18
-850 -78 -78 -78 -78 -78 -78 -78 -78 -415 -116 -78 -78 -78 -78 -78 341 -108 -127 -517 342 -78 -78 -78 -78 -78 -1202 38 -78 -78 -78 -78 -803 241 -78 -78 -78 -78 -335 -578 -61 -78 -78 -78 -78 -527 317 -78 -78 -78
-895 -71 -71 -71 -71 -71 -71 -71 -71 -408 -81 -71 -71 -71 -71 -71 304 -224 -246 -632 344 -71 -71 -71 -71 -71 -1205 31 -71 -71 -71 -71 -798 204 -71 -71 -71 -71 -325 -580 -57 -71 -71 -71 -71 -570 249 -71 -71 -71
-895 -71 -71 -71 -71 -71 -71 -71 -71 -408 -81 -71 -71 -71 -71 -71 304 -224 -246 -632 344 -71 -71 -71 -71 -71 -1205 31 -71 -71 -71 -71 -798 204 -71 -71 -71 -71 -325 -580 -57 -71 -71 -71 -71 -570 249 -71 -71 -71
-895 -71 -71 -71 -71 -71 -71 -71 -71 -408 -81 -71 -71 -71 -71 -71 304 -224 -246 -632 344 -71 -71 -71 -71 -71 -1205 31 -71 -71 -71 -71 -798 204 -71 -71 -71 -71 -325 -580 -57 -71 -71 -71 -71 -570 249 -71 -71 -71
-895 -71 -71 -71 -71 -71 -71 -71 -71 -408 -81 -71 -71 -71 -71 -71 304 -224 -246 -632 344 -71 -71 -71 -71 -71 -1205 31 -71 -71 -71 -71 -798 204 -71 -71 -71 -71 -325 -580 -57 -71 -71 -71 -71 -570 249 -71 -71 -71
-2395 -1726 -1726 -1726 -1726 -1726 -1726 -1726 -1726 -1543 -1298 -1726 -1726 -1726 -1726 -1726 -1639 -2035 -2340 -1871 -1438 -1726 -1726 -1726 -1726 -1726 -2567 -1659 -1726 -1726 -1726 -1726 -1559 -1476 -1726 -1726 -1726 -1726 -1611 -1964 -1705 -1726 -1726 -1726 -1726 -2526 -1411 -1726 -1726 -1726
-307 -203 -203 -203 -203 -203 -203 -203 -203 -481 -241 -203 -203 -203 -203 -203 616 884 577 191 163 -203 -203 -203 -203 -203 -622 17 -203 -203 -203 -203 -865 27 -203 -203 -203 -203 -440 -787 -147 -203 -203 -203 -203 38 -126 -203 -203 -203
-895 -71 -71 -71 -71 -71 -71 -71 -71 -408 -81 -71 -71 -71 -71 -71 304 -224 -246 -632 344 -71 -71 -71 -71 -71 -1205 31 -71 -71 -71 -71 -798 204 -71 -71 -71 -71 -325 -580 -57 -71 -71 -71 -71 -570 249 -71 -71 -71
-895 -71 -71 -71 -71 -71 -71 -71 -71 -408 -81 -71 -71 -71 -71 -71 304 -224 -246 -632 344 -71 -71 -71 -71 -71 -1205 31 -71 -71 -71 -71 -798 204 -71 -71 -71 -71 -325 -580 -57 -71 -71 -71 -71 -570 249 -71 -71 -71
-895 -71 -71 -71 -71 -71 -71 -71 -71 -408 -81 -71 -71 -71 -71 -71 304 -224 -246 -632 344 -71 -71 -71 -71 -71 -1205 31 -71 -71 -71 -71 -798 204 -71 -71 -71 -71 -325 -580 -57 -71 -71 -71 -71 -570 249 -71 -71 -71
