-2265 -1781 -1781 -1781 -1781 -1781 -1781 -1781 -1781 -1117 -1025 -1781 -1781 -1781 -1781 -1781 -2701 -2248 -2431 -2049 -1377 -1781 -1781 -1781 -1781 -1781 -3698 -1578 -1781 -1781 -1781 -1781 -1047 -1163 -1781 -1781 -1781 -1781 -1525 -3342 -1727 -1781 -1781 -1781 -1781 -3583 -1263 -1781 -1781 -1781
-2651 -2510 -2510 -2510 -2510 -2510 -2510 -2510 -2510 -2267 -1787 -2510 -2510 -2510 -2510 -2510 -2257 -1942 -2255 -2246 -1917 -2510 -2510 -2510 -2510 -2510 -2662 -2456 -2510 -2510 -2510 -2510 -2547 -1818 -2510 -2510 -2510 -2510 -2548 -2240 -2498 -2510 -2510 -2510 -2510 -3477 -2189 -2510 -2510 -2510
-2651 -2510 -2510 -2510 -2510 -2510 -2510 -2510 -2510 -2267 -1787 -2510 -2510 -2510 -2510 -2510 -2257 -1942 -2255 -2246 -1917 -2510 -2510 -2510 -2510 -2510 -2662 -2456 -2510 -2510 -2510 -2510 -2547 -1818 -2510 -2510 -2510 -2510 -2548 -2240 -2498 -2510 -2510 -2510 -2510 -3477 -2189 -2510 -2510 -2510
-2651 -2510 -2510 -2510 -2510 -2510 -2510 -2510 -2510 -2267 -1787 -2510 -2510 -2510 -2510 -2510 -2257 -1942 -2255 -2246 -1917 -2510 -2510 -2510 -2510 -2510 -2662 -2456 -2510 -2510 -2510 -2510 -2547 -1818 -2510 -2510 -2510 -2510 -2548 -2240 -2498 -2510 -2510 -2510 -2510 -3477 -2189 -2510 -2510 -2510
-2651 -2510 -2510 -2510 -2510 -2510 -2510 -2510 -2510 -2267 -1787 -2510 -2510 -2510 -2510 -2510 -2257 -1942 -2255 -2246 -1917 -2510 -2510 -2510 -2510 -2510 -2662 -2456 -2510 -2510 -2510 -2510 -2547 -1818 -2510 -2510 -2510 -2510 -2548 -2240 -2498 -2510 -2510 -2510 -2510 -3477 -2189 -2510 -2510 -2510
-2651 -2510 -2510 -2510 -2510 -2510 -2510 -2510 -2510 -2267 -1787 -2510 -2510 -2510 -2510 -2510 -2257 -1942 -2255 -2246 -1917 -2510 -2510 -2510 -2510 -2510 -2662 -2456 -2510 -2510 -2510 -2510 -2547 -1818 -2510 -2510 -2510 -2510 -2548 -2240 -2498 -2510 -2510 -2510 -2510 -3477 -2189 -2510 -2510 -2510
-2651 -2510 -2510 -2510 -2510 -2510 -2510 -2510 -2510 -2267 -1787 -2510 -2510 -2510 -2510 -2510 -2257 -1942 -2255 -2246 -1917 -2510 -2510 -2510 -2510 -2510 -2662 -2456 -2510 -2510 -2510 -2510 -2547 -1818 -2510 -2510 -2510 -2510 -2548 -2240 -2498 -2510 -2510 -2510 -2510 -3477 -2189 -2510 -2510 -2510
-2651 -2510 -2510 -2510 -2510 -2510 -2510 -2510 -2510 -2267 -1787 -2510 -2510 -2510 -2510 -2510 -2257 -1942 -2255 -2246 -1917 -2510 -2510 -2510 -2510 -2510 -2662 -2456 -2510 -2510 -2510 -2510 -2547 -1818 -2510 -2510 -2510 -2510 -2548 -2240 -2498 -2510 -2510 -2510 -2510 -3477 -2189 -2510 -2510 -2510
-2651 -2510 -2510 -2510 -2510 -2510 -2510 -2510 -2510 -2267 -1787 -2510 -2510 -2510 -2510 -2510 -2257 -1942 -2255 -2246 -1917 -2510 -2510 -2510 -2510 -2510 -2662 -2456 -2510 -2510 -2510 -2510 -2547 -1818 -2510 -2510 -2510 -2510 -2548 -2240 -2498 -2510 -2510 -2510 -2510 -3477 -2189 -2510 -2510 -2510
-3032 -2740 -2740 -2740 -2740 -2740 -2740 -2740 -2740 -2418 -1803 -2740 -2740 -2740 -2740 -2740 -2658 -2569 -2953 -2934 -2334 -2740 -2740 -2740 -2740 -2740 -3066 -2713 -2740 -2740 -2740 -2740 -2660 -2329 -2740 -2740 -2740 -2740 -2763 -2752 -2729 -2740 -2740 -2740 -2740 -3930 -2769 -2740 -2740 -2740
-3112 -2831 -2831 -2831 -2831 -2831 -2831 -2831 -2831 -2391 -2031 -2831 -2831 -2831 -2831 -2831 -2820 -2600 -2869 -2640 -2254 -2831 -2831 -2831 -2831 -2831 -3495 -2733 -2831 -2831 -2831 -2831 -2494 -2197 -2831 -2831 -2831 -2831 -2742 -3144 -2806 -2831 -2831 -2831 -2831 -3970 -2506 -2831 -2831 -2831
-2651 -2510 -2510 -2510 -2510 -2510 -2510 -2510 -2510 -2267 -1787 -2510 -2510 -2510 -2510 -2510 -2257 -1942 -2255 -2246 -1917 -2510 -2510 -2510 -2510 -2510 -2662 -2456 -2510 -2510 -2510 -2510 -2547 -1818 -2510 -2510 -2510 -2510 -2548 -2240 -2498 -2510 -2510 -2510 -2510 -3477 -2189 -2510 -2510 -2510
-2651 -2510 -2510 -2510 -2510 -2510 -2510 -2510 -2510 -2267 -1787 -2510 -2510 -2510 -2510 -2510 -2257 -1942 -2255 -2246 -1917 -2510 -2510 -2510 -2510 -2510 -2662 -2456 -2510 -2510 -2510 -2510 -2547 -1818 -2510 -2510 -2510 -2510 -2548 -2240 -2498 -2510 -2510 -2510 -2510 -3477 -2189 -2510 -2510 -2510
-2651 -2510 -2510 -2510 -2510 -2510 -2510 -2510 -2510 -2267 -1787 -2510 -2510 -2510 -2510 -2510 -2257 -1942 -2255 -2246 -1917 -2510 -2510 -2510 -2510 -2510 -2662 -2456 -2510 -2510 -2510 -2510 -2547 -1818 -2510 -2510 -2510 -2510 -2548 -2240 -2498 -2510 -2510 -2510 -2510 -3477 -2189 -2510 -2510 -2510
-2651 -2510 -2510 -2510 -2510 -2510 -2510 -2510 -2510 -2267 -1787 -2510 -2510 -2510 -2510 -2510 -2257 -1942 -2255 -2246 -1917 -2510 -2510 -2510 -2510 -2510 -2662 -2456 -2510 -2510 -2510 -2510 -2547 -1818 -2510 -2510 -2510 -2510 -2548 -2240 -2498 -2510 -2510 -2510 -2510 -3477 -2189 -2510 -2510 -2510
-2651 -2510 -2510 -2510 -2510 -2510 -2510 -2510 -2510 -2267 -1787 -2510 -2510 -2510 -2510 -2510 -2257 -1942 -2255 -2246 -1917 -2510 -2510 -2510 -2510 -2510 -2662 -2456 -2510 -2510 -2510 -2510 -2547 -1818 -2510 -2510 -2510 -2510 -2548 -2240 -2498 -2510 -2510 -2510 -2510 -3477 -2189 -2510 -2510 -2510
-2486 -2877 -2877 -2877 -2877 -2877 -2877 -2877 -2877 -2152 -1811 -2877 -2877 -2877 -2877 -2877 -2629 -2304 -2862 -2483 -2364 -2877 -2877 -2877 -2877 -2877 -2764 -2822 -2877 -2877 -2877 -2877 -2525 -2055 -2877 -2877 -2877 -2877 -2592 -2188 -2877 -2877 -2877 -2877 -2877 -4308 -2443 -2877 -2877 -2877
-2382 -2974 -2974 -2974 -2974 -2974 -2974 -2974 -2974 -2349 -1970 -2974 -2974 -2974 -2974 -2974 -2526 -2203 -2515 -2025 -2462 -2974 -2974 -2974 -2974 -2974 -2396 -2980 -2974 -2974 -2974 -2974 -2601 -2140 -2974 -2974 -2974 -2974 -2694 -1823 -3005 -2974 -2974 -2974 -2974 -4152 -2443 -2974 -2974 -2974
-475 -1070 -1070 -1070 -1070 -1070 -1070 -1070 -1070 -659 -550 -1070 -1070 -1070 -1070 -1070 -1086 -448 -624 -351 -776 -1070 -1070 -1070 -1070 -1070 -1090 -968 -1070 -1070 -1070 -1070 -720 -417 -1070 -1070 -1070 -1070 -868 -670 -1057 -1070 -1070 -1070 -1070 -1967 -499 -1070 -1070 -1070
539 74 74 74 74 74 74 74 74 439 663 74 74 74 74 74 -470 67 -179 -119 -174 74 74 74 74 74 -371 167 74 74 74 74 434 177 74 74 74 74 243 -125 99 74 74 74 74 -1054 161 74 74 74
-1336 -1562 -1562 -1562 -1562 -1562 -1562 -1562 -1562 -1192 -854 -1562 -1562 -1562 -1562 -1562 -1985 -1419 -1614 -1363 -1257 -1562 -1562 -1562 -1562 -1562 -2086 -1464 -1562 -1562 -1562 -1562 -1060 -1033 -1562 -1562 -1562 -1562 -1463 -1844 -1532 -1562 -1562 -1562 -1562 -2489 -1201 -1562 -1562 -1562
-2651 -2510 -2510 -2510 -2510 -2510 -2510 -2510 -2510 -2267 -1787 -2510 -2510 -2510 -2510 -2510 -2257 -1942 -2255 -2246 -1917 -2510 -2510 -2510 -2510 -2510 -2662 -2456 -2510 -2510 -2510 -2510 -2547 -1818 -2510 -2510 -2510 -2510 -2548 -2240 -2498 -2510 -2510 -2510 -2510 -3477 -2189 -2510 -2510 -2510
-2651 -2510 -2510 -2510 -2510 -2510 -2510 -2510 -2510 -2267 -1787 -2510 -2510 -2510 -2510 -2510 -2257 -1942 -2255 -2246 -1917 -2510 -2510 -2510 -2510 -2510 -2662 -2456 -2510 -2510 -2510 -2510 -2547 -1818 -2510 -2510 -2510 -2510 -2548 -2240 -2498 -2510 -2510 -2510 -2510 -3477 -2189 -2510 -2510 -2510
-2651 -2510 -2510 -2510 -2510 -2510 -2510 -2510 -2510 -2267 -1787 -2510 -2510 -2510 -2510 -2510 -2257 -1942 -2255 -2246 -1917 -2510 -2510 -2510 -2510 -2510 -2662 -2456 -2510 -2510 -2510 -2510 -2547 -1818 -2510 -2510 -2510 -2510 -2548 -2240 -2498 -2510 -2510 -2510 -2510 -3477 -2189 -2510 -2510 -2510
-2651 -2510 -2510 -2510 -2510 -2510 -2510 -2510 -2510 -2267 -1787 -2510 -2510 -2510 -2510 -2510 -2257 -1942 -2255 -2246 -1917 -2510 -2510 -2510 -2510 -2510 -2662 -2456 -2510 -2510 -2510 -2510 -2547 -1818 -2510 -2510 -2510 -2510 -2548 -2240 -2498 -2510 -2510 -2510 -2510 -3477 -2189 -2510 -2510 -2510
-2651 -2510 -2510 -2510 -2510 -2510 -2510 -2510 -2510 -2267 -1787 -2510 -2510 -2510 -2510 -2510 -2257 -1942 -2255 -2246 -1917 -2510 -2510 -2510 -2510 -2510 -2662 -2456 -2510 -2510 -2510 -2510 -2547 -1818 -2510 -2510 -2510 -2510 -2548 -2240 -2498 -2510 -2510 -2510 -2510 -3477 -2189 -2510 -2510 -2510
-2207 -2143 -2143 -2143 -2143 -2143 -2143 -2143 -2143 -1088 -1385 -2143 -2143 -2143 -2143 -2143 -2890 -2176 -2416 -1558 -1369 -2143 -2143 -2143 -2143 -2143 -3958 -1867 -2143 -2143 -2143 -2143 -1165 -1010 -2143 -2143 -2143 -2143 -1588 -3327 -2087 -2143 -2143 -2143 -2143 -4159 -1134 -2143 -2143 -2143
-2768 -2641 -2641 -2641 -2641 -2641 -2641 -2641 -2641 -2406 -1831 -2641 -2641 -2641 -2641 -2641 -2347 -2135 -2490 -2498 -2091 -2641 -2641 -2641 -2641 -2641 -2621 -2618 -2641 -2641 -2641 -2641 -2719 -2019 -2641 -2641 -2641 -2641 -2688 -2205 -2637 -2641 -2641 -2641 -2641 -3649 -2451 -2641 -2641 -2641
-2651 -2510 -2510 -2510 -2510 -2510 -2510 -2510 -2510 -2267 -1787 -2510 -2510 -2510 -2510 -2510 -2257 -1942 -2255 -2246 -1917 -2510 -2510 -2510 -2510 -2510 -2662 -2456 -2510 -2510 -2510 -2510 -2547 -1818 -2510 -2510 -2510 -2510 -2548 -2240 -2498 -2510 -2510 -2510 -2510 -3477 -2189 -2510 -2510 -2510
-2651 -2510 -2510 -2510 -2510 -2510 -2510 -2510 -2510 -2267 -1787 -2510 -2510 -2510 -2510 -2510 -2257 -1942 -2255 -2246 -1917 -2510 -2510 -2510 -2510 -2510 -2662 -2456 -2510 -2510 -2510 -2510 -2547 -1818 -2510 -2510 -2510 -2510 -2548 -2240 -2498 -2510 -2510 -2510 -2510 -3477 -2189 -2510 -2510 -2510
-2651 -2510 -2510 -2510 -2510 -2510 -2510 -2510 -2510 -2267 -1787 -2510 -2510 -2510 -2510 -2510 -2257 -1942 -2255 -2246 -1917 -2510 -2510 -2510 -2510 -2510 -2662 -2456 -2510 -2510 -2510 -2510 -2547 -1818 -2510 -2510 -2510 -2510 -2548 -2240 -2498 -2510 -2510 -2510 -2510 -3477 -2189 -2510 -2510 -2510
-2651 -2510 -2510 -2510 -2510 -2510 -2510 -2510 -2510 -2267 -1787 -2510 -2510 -2510 -2510 -2510 -2257 -1942 -2255 -2246 -1917 -2510 -2510 -2510 -2510 -2510 -2662 -2456 -2510 -2510 -2510 -2510 -2547 -1818 -2510 -2510 -2510 -2510 -2548 -2240 -2498 -2510 -2510 -2510 -2510 -3477 -2189 -2510 -2510 -2510
-1641 -819 -819 -819 -819 -819 -819 -819 -819 -707 -165 -819 -819 -819 -819 -819 -1321 -1444 -1810 -2216 -1012 -819 -819 -819 -819 -819 -2030 -754 -819 -819 -819 -819 -935 -1090 -819 -819 -819 -819 -948 -1957 -781 -819 -819 -819 -819 -2099 -1346 -819 -819 -819
-1092 -1620 -1620 -1620 -1620 -1620 -1620 -1620 -1620 -1236 -973 -1620 -1620 -1620 -1620 -1620 -1810 -1063 -1084 -684 -1176 -1620 -1620 -1620 -1620 -1620 -1850 -1517 -1620 -1620 -1620 -1620 -1013 -894 -1620 -1620 -1620 -1620 -1465 -1540 -1598 -1620 -1620 -1620 -1620 -2238 -942 -1620 -1620 -1620
-2651 -2510 -2510 -2510 -2510 -2510 -2510 -2510 -2510 -2267 -1787 -2510 -2510 -2510 -2510 -2510 -2257 -1942 -2255 -2246 -1917 -2510 -2510 -2510 -2510 -2510 -2662 -2456 -2510 -2510 -2510 -2510 -2547 -1818 -2510 -2510 -2510 -2510 -2548 -2240 -2498 -2510 -2510 -2510 -2510 -3477 -2189 -2510 -2510 -2510
-2651 -2510 -2510 -2510 -2510 -2510 -2510 -2510 -2510 -2267 -1787 -2510 -2510 -2510 -2510 -2510 -2257 -1942 -2255 -2246 -1917 -2510 -2510 -2510 -2510 -2510 -2662 -2456 -2510 -2510 -2510 -2510 -2547 -1818 -2510 -2510 -2510 -2510 -2548 -2240 -2498 -2510 -2510 -2510 -2510 -3477 -2189 -2510 -2510 -2510
-2651 -2510 -2510 -2510 -2510 -2510 -2510 -2510 -2510 -2267 -1787 -2510 -2510 -2510 -2510 -2510 -2257 -1942 -2255 -2246 -1917 -2510 -2510 -2510 -2510 -2510 -2662 -2456 -2510 -2510 -2510 -2510 -2547 -1818 -2510 -2510 -2510 -2510 -2548 -2240 -2498 -2510 -2510 -2510 -2510 -3477 -2189 -2510 -2510 -2510
-2651 -2510 -2510 -2510 -2510 -2510 -2510 -2510 -2510 -2267 -1787 -2510 -2510 -2510 -2510 -2510 -2257 -1942 -2255 -2246 -1917 -2510 -2510 -2510 -2510 -2510 -2662 -2456 -2510 -2510 -2510 -2510 -2547 -1818 -2510 -2510 -2510 -2510 -2548 -2240 -2498 -2510 -2510 -2510 -2510 -3477 -2189 -2510 -2510 -2510
-2701 -2450 -2450 -2450 -2450 -2450 -2450 -2450 -2450 -2157 -1586 -2450 -2450 -2450 -2450 -2450 -2474 -2291 -2661 -2641 -2035 -2450 -2450 -2450 -2450 -2450 -2823 -2402 -2450 -2450 -2450 -2450 -2379 -1998 -2450 -2450 -2450 -2450 -2472 -2483 -2432 -2450 -2450 -2450 -2450 -3655 -2419 -2450 -2450 -2450
-1257 -1965 -1965 -1965 -1965 -1965 -1965 -1965 -1965 -958 -1304 -1965 -1965 -1965 -1965 -1965 -2595 -1274 -1250 -194 -1013 -1965 -1965 -1965 -1965 -1965 -3252 -1665 -1965 -1965 -1965 -1965 -676 -420 -1965 -1965 -1965 -1965 -1397 -2596 -1908 -1965 -1965 -1965 -1965 -3355 -297 -1965 -1965 -1965
-2793 -2620 -2620 -2620 -2620 -2620 -2620 -2620 -2620 -2384 -1852 -2620 -2620 -2620 -2620 -2620 -2344 -2089 -2423 -2427 -2040 -2620 -2620 -2620 -2620 -2620 -2708 -2584 -2620 -2620 -2620 -2620 -2693 -1960 -2620 -2620 -2620 -2620 -2668 -2284 -2613 -2620 -2620 -2620 -2620 -3623 -2365 -2620 -2620 -2620
-2651 -2510 -2510 -2510 -2510 -2510 -2510 -2510 -2510 -2267 -1787 -2510 -2510 -2510 -2510 -2510 -2257 -1942 -2255 -2246 -1917 -2510 -2510 -2510 -2510 -2510 -2662 -2456 -2510 -2510 -2510 -2510 -2547 -1818 -2510 -2510 -2510 -2510 -2548 -2240 -2498 -2510 -2510 -2510 -2510 -3477 -2189 -2510 -2510 -2510
-2651 -2510 -2510 -2510 -2510 -2510 -2510 -2510 -2510 -2267 -1787 -2510 -2510 -2510 -2510 -2510 -2257 -1942 -2255 -2246 -1917 -2510 -2510 -2510 -2510 -2510 -2662 -2456 -2510 -2510 -2510 -2510 -2547 -1818 -2510 -2510 -2510 -2510 -2548 -2240 -2498 -2510 -2510 -2510 -2510 -3477 -2189 -2510 -2510 -2510
-2651 -2510 -2510 -2510 -2510 -2510 -2510 -2510 -2510 -2267 -1787 -2510 -2510 -2510 -2510 -2510 -2257 -1942 -2255 -2246 -1917 -2510 -2510 -2510 -2510 -2510 -2662 -2456 -2510 -2510 -2510 -2510 -2547 -1818 -2510 -2510 -2510 -2510 -2548 -2240 -2498 -2510 -2510 -2510 -2510 -3477 -2189 -2510 -2510 -2510
-2651 -2510 -2510 -2510 -2510 -2510 -2510 -2510 -2510 -2267 -1787 -2510 -2510 -2510 -2510 -2510 -2257 -1942 -2255 -2246 -1917 -2510 -2510 -2510 -2510 -2510 -2662 -2456 -2510 -2510 -2510 -2510 -2547 -1818 -2510 -2510 -2510 -2510 -2548 -2240 -2498 -2510 -2510 -2510 -2510 -3477 -2189 -2510 -2510 -2510
-1400 -744 -744 -744 -744 -744 -744 -744 -744 -471 -104 -744 -744 -744 -744 -744 -1305 -1272 -1814 -2120 -820 -744 -744 -744 -744 -744 -1814 -666 -744 -744 -744 -744 -957 -701 -744 -744 -744 -744 -750 -1473 -712 -744 -744 -744 -744 -2494 -1025 -744 -744 -744
-800 -1393 -1393 -1393 -1393 -1393 -1393 -1393 -1393 -1175 -894 -1393 -1393 -1393 -1393 -1393 -1303 -557 -496 -187 -844 -1393 -1393 -1393 -1393 -1393 -1295 -1300 -1393 -1393 -1393 -1393 -999 -635 -1393 -1393 -1393 -1393 -1315 -965 -1377 -1393 -1393 -1393 -1393 -1729 -704 -1393 -1393 -1393
-2651 -2510 -2510 -2510 -2510 -2510 -2510 -2510 -2510 -2267 -1787 -2510 -2510 -2510 -2510 -2510 -2257 -1942 -2255 -2246 -1917 -2510 -2510 -2510 -2510 -2510 -2662 -2456 -2510 -2510 -2510 -2510 -2547 -1818 -2510 -2510 -2510 -2510 -2548 -2240 -2498 -2510 -2510 -2510 -2510 -3477 -2189 -2510 -2510 -2510
-2651 -2510 -2510 -2510 -2510 -2510 -2510 -2510 -2510 -2267 -1787 -2510 -2510 -2510 -2510 -2510 -2257 -1942 -2255 -2246 -1917 -2510 -2510 -2510 -2510 -2510 -2662 -2456 -2510 -2510 -2510 -2510 -2547 -1818 -2510 -2510 -2510 -2510 -2548 -2240 -2498 -2510 -2510 -2510 -2510 -3477 -2189 -2510 -2510 -2510
-2651 -2510 -2510 -2510 -2510 -2510 -2510 -2510 -2510 -2267 -1787 -2510 -2510 -2510 -2510 -2510 -2257 -1942 -2255 -2246 -1917 -2510 -2510 -2510 -2510 -2510 -2662 -2456 -2510 -2510 -2510 -2510 -2547 -1818 -2510 -2510 -2510 -2510 -2548 -2240 -2498 -2510 -2510 -2510 -2510 -3477 -2189 -2510 -2510 -2510
