863 1535 169 -1943 -3940 -241 1067 -815 -1906 3045 1296 1506 -3799 89 -960 -4444 -1230 2671 -3244 1842 1290 1704 773 1048 2283 2147 -2598 -1560 703 -3060 -3937 -332 -1026 1080 -421 416 -2934 897 -810 469 745 1045 388 45 3859 -2099 -2944 -842 -48 724 620 1427 -942 -5441 1684 1784 -4640 -2513 4165 1560 -116 3482 -2175 134
-3569 -429 1519 311 -1588 3315 1272 -912 -3289 3859 2228 -196 -662 -1758 -3574 -5337 -708 2934 -3057 3865 1511 3597 -1131 1246 1459 2552 -1347 -2647 -805 -1435 -3909 1260 1518 1234 491 625 -959 -2011 -3208 115 584 2435 -16 648 4267 -516 -2090 356 -1704 -3041 -850 2848 664 -6638 519 1991 -3751 -2258 1522 996 1015 5156 206 1773
-3569 -429 1519 311 -1588 3315 1272 -912 -3289 3859 2228 -196 -662 -1758 -3574 -5337 -708 2934 -3057 3865 1511 3597 -1131 1246 1459 2552 -1347 -2647 -805 -1435 -3909 1260 1518 1234 491 625 -959 -2011 -3208 115 584 2435 -16 648 4267 -516 -2090 356 -1704 -3041 -850 2848 664 -6638 519 1991 -3751 -2258 1522 996 1015 5156 206 1773
-3569 -429 1519 311 -1588 3315 1272 -912 -3289 3859 2228 -196 -662 -1758 -3574 -5337 -708 2934 -3057 3865 1511 3597 -1131 1246 1459 2552 -1347 -2647 -805 -1435 -3909 1260 1518 1234 491 625 -959 -2011 -3208 115 584 2435 -16 648 4267 -516 -2090 356 -1704 -3041 -850 2848 664 -6638 519 1991 -3751 -2258 1522 996 1015 5156 206 1773
-3569 -429 1519 311 -1588 3315 1272 -912 -3289 3859 2228 -196 -662 -1758 -3574 -5337 -708 2934 -3057 3865 1511 3597 -1131 1246 1459 2552 -1347 -2647 -805 -1435 -3909 1260 1518 1234 491 625 -959 -2011 -3208 115 584 2435 -16 648 4267 -516 -2090 356 -1704 -3041 -850 2848 664 -6638 519 1991 -3751 -2258 1522 996 1015 5156 206 1773
-3569 -429 1519 311 -1588 3315 1272 -912 -3289 3859 2228 -196 -662 -1758 -3574 -5337 -708 2934 -3057 3865 1511 3597 -1131 1246 1459 2552 -1347 -2647 -805 -1435 -3909 1260 1518 1234 491 625 -959 -2011 -3208 115 584 2435 -16 648 4267 -516 -2090 356 -1704 -3041 -850 2848 664 -6638 519 1991 -3751 -2258 1522 996 1015 5156 206 1773
-3569 -429 1519 311 -1588 3315 1272 -912 -3289 3859 2228 -196 -662 -1758 -3574 -5337 -708 2934 -3057 3865 1511 3597 -1131 1246 1459 2552 -1347 -2647 -805 -1435 -3909 1260 1518 1234 491 625 -959 -2011 -3208 115 584 2435 -16 648 4267 -516 -2090 356 -1704 -3041 -850 2848 664 -6638 519 1991 -3751 -2258 1522 996 1015 5156 206 1773
-3569 -429 1519 311 -1588 3315 1272 -912 -3289 3859 2228 -196 -662 -1758 -3574 -5337 -708 2934 -3057 3865 1511 3597 -1131 1246 1459 2552 -1347 -2647 -805 -1435 -3909 1260 1518 1234 491 625 -959 -2011 -3208 115 584 2435 -16 648 4267 -516 -2090 356 -1704 -3041 -850 2848 664 -6638 519 1991 -3751 -2258 1522 996 1015 5156 206 1773
-3569 -429 1519 311 -1588 3315 1272 -912 -3289 3859 2228 -196 -662 -1758 -3574 -5337 -708 2934 -3057 3865 1511 3597 -1131 1246 1459 2552 -1347 -2647 -805 -1435 -3909 1260 1518 1234 491 625 -959 -2011 -3208 115 584 2435 -16 648 4267 -516 -2090 356 -1704 -3041 -850 2848 664 -6638 519 1991 -3751 -2258 1522 996 1015 5156 206 1773
-2363 275 1188 759 -884 2501 1385 -1225 -2981 4005 2089 175 -1493 -1692 -3132 -5472 -446 2892 -3059 3476 815 3455 -803 1187 1545 2381 -1745 -2785 -920 -395 -3934 1202 1028 975 1629 -464 -800 -1660 -1566 962 812 2919 714 752 4428 -479 -1887 744 -1176 -2649 -1524 2333 244 -5304 500 1810 -2918 -1634 857 1208 -219 4875 -139 1718
-2615 -857 1409 -385 -1037 2595 1105 -2051 -2012 3628 2956 -363 -1088 -1852 -2042 -5364 -516 3377 -4075 2432 245 2755 -818 1322 1868 3010 -2293 -3415 -665 -1176 -4270 1254 1371 867 817 -788 -813 -600 -2067 -89 907 1944 181 434 5429 -1080 -2040 1435 -661 -3492 -260 2634 355 -5825 636 2350 -3483 -1982 1532 414 434 4756 -626 2048
-3569 -429 1519 311 -1588 3315 1272 -912 -3289 3859 2228 -196 -662 -1758 -3574 -5337 -708 2934 -3057 3865 1511 3597 -1131 1246 1459 2552 -1347 -2647 -805 -1435 -3909 1260 1518 1234 491 625 -959 -2011 -3208 115 584 2435 -16 648 4267 -516 -2090 356 -1704 -3041 -850 2848 664 -6638 519 1991 -3751 -2258 1522 996 1015 5156 206 1773
-3569 -429 1519 311 -1588 3315 1272 -912 -3289 3859 2228 -196 -662 -1758 -3574 -5337 -708 2934 -3057 3865 1511 3597 -1131 1246 1459 2552 -1347 -2647 -805 -1435 -3909 1260 1518 1234 491 625 -959 -2011 -3208 115 584 2435 -16 648 4267 -516 -2090 356 -1704 -3041 -850 2848 664 -6638 519 1991 -3751 -2258 1522 996 1015 5156 206 1773
-3569 -429 1519 311 -1588 3315 1272 -912 -3289 3859 2228 -196 -662 -1758 -3574 -5337 -708 2934 -3057 3865 1511 3597 -1131 1246 1459 2552 -1347 -2647 -805 -1435 -3909 1260 1518 1234 491 625 -959 -2011 -3208 115 584 2435 -16 648 4267 -516 -2090 356 -1704 -3041 -850 2848 664 -6638 519 1991 -3751 -2258 1522 996 1015 5156 206 1773
-3569 -429 1519 311 -1588 3315 1272 -912 -3289 3859 2228 -196 -662 -1758 -3574 -5337 -708 2934 -3057 3865 1511 3597 -1131 1246 1459 2552 -1347 -2647 -805 -1435 -3909 1260 1518 1234 491 625 -959 -2011 -3208 115 584 2435 -16 648 4267 -516 -2090 356 -1704 -3041 -850 2848 664 -6638 519 1991 -3751 -2258 1522 996 1015 5156 206 1773
-3569 -429 1519 311 -1588 3315 1272 -912 -3289 3859 2228 -196 -662 -1758 -3574 -5337 -708 2934 -3057 3865 1511 3597 -1131 1246 1459 2552 -1347 -2647 -805 -1435 -3909 1260 1518 1234 491 625 -959 -2011 -3208 115 584 2435 -16 648 4267 -516 -2090 356 -1704 -3041 -850 2848 664 -6638 519 1991 -3751 -2258 1522 996 1015 5156 206 1773
-2284 -1048 1381 -1815 -404 2979 1262 -968 -3527 2866 4083 63 -1390 -1101 -2527 -3132 -627 3808 -3254 2009 2160 1987 -401 521 950 2421 -1568 -2416 395 -1120 -2879 1735 1920 -257 -1403 -35 -2092 -1931 -2410 -378 -293 2781 -35 1491 1879 1713 -2852 366 -960 -1516 1141 1579 -954 -5297 181 2307 -3274 -2677 733 -530 326 6157 627 1984
-942 28 -322 -3051 -1993 718 3737 919 -5015 2844 2781 2259 -2970 -1267 -1422 -3955 642 4101 -1898 1747 2387 1515 1589 -1541 898 2238 -1075 -1519 1376 -1701 -3037 -585 1691 -685 -2103 3090 -3296 -1572 -2955 1557 -2315 1513 1187 795 1029 -1508 -1873 -2119 -3525 -806 -109 489 -1443 -4652 -277 869 -3882 -2502 4187 2475 351 5934 -3304 1026
-1295 968 -511 -2261 -2649 1433 3090 1259 -3934 2170 2013 1960 -2801 -1773 -1516 -4028 -115 2238 -1560 1465 2683 1416 1965 -1760 1423 926 -106 -82 1112 -2200 -3168 -875 210 904 -1627 3579 -2898 -2251 -3507 877 -1985 -141 884 -155 1047 -2246 -1979 -1557 -3816 -486 -1066 1533 -904 -5376 464 867 -5011 -2750 4343 3300 672 3918 -3632 -47
-66 1749 -1585 -1037 -937 437 3250 1604 -2627 2086 1274 3464 -3744 -655 -999 -3315 -167 1171 -1294 671 1195 254 3429 -2356 318 315 -189 614 1471 -943 -2159 -1418 -766 452 93 1694 -2756 -2205 -1532 1951 -2014 47 928 -1078 654 -1172 -2008 -1799 -2959 82 -1798 985 -2466 -3920 1295 -553 -2447 -1572 3798 3118 -1994 1241 -3309 -1387
-2024 -118 145 -36 -2461 1087 2997 -600 -1734 3395 1697 2063 -1671 -1095 -1856 -6590 -1670 2895 -3120 3661 649 1259 1449 918 1861 2504 -2360 -2219 -150 -2653 -3296 -1513 978 3709 215 -110 -1284 -505 -3760 291 267 153 1276 75 4595 -3469 -2202 634 -1599 -2071 -1240 3715 712 -5598 1939 1560 -4781 -1782 3208 2936 634 4016 -1748 247
-3569 -429 1519 311 -1588 3315 1272 -912 -3289 3859 2228 -196 -662 -1758 -3574 -5337 -708 2934 -3057 3865 1511 3597 -1131 1246 1459 2552 -1347 -2647 -805 -1435 -3909 1260 1518 1234 491 625 -959 -2011 -3208 115 584 2435 -16 648 4267 -516 -2090 356 -1704 -3041 -850 2848 664 -6638 519 1991 -3751 -2258 1522 996 1015 5156 206 1773
-3569 -429 1519 311 -1588 3315 1272 -912 -3289 3859 2228 -196 -662 -1758 -3574 -5337 -708 2934 -3057 3865 1511 3597 -1131 1246 1459 2552 -1347 -2647 -805 -1435 -3909 1260 1518 1234 491 625 -959 -2011 -3208 115 584 2435 -16 648 4267 -516 -2090 356 -1704 -3041 -850 2848 664 -6638 519 1991 -3751 -2258 1522 996 1015 5156 206 1773
-3569 -429 1519 311 -1588 3315 1272 -912 -3289 3859 2228 -196 -662 -1758 -3574 -5337 -708 2934 -3057 3865 1511 3597 -1131 1246 1459 2552 -1347 -2647 -805 -1435 -3909 1260 1518 1234 491 625 -959 -2011 -3208 115 584 2435 -16 648 4267 -516 -2090 356 -1704 -3041 -850 2848 664 -6638 519 1991 -3751 -2258 1522 996 1015 5156 206 1773
-3569 -429 1519 311 -1588 3315 1272 -912 -3289 3859 2228 -196 -662 -1758 -3574 -5337 -708 2934 -3057 3865 1511 3597 -1131 1246 1459 2552 -1347 -2647 -805 -1435 -3909 1260 1518 1234 491 625 -959 -2011 -3208 115 584 2435 -16 648 4267 -516 -2090 356 -1704 -3041 -850 2848 664 -6638 519 1991 -3751 -2258 1522 996 1015 5156 206 1773
-3569 -429 1519 311 -1588 3315 1272 -912 -3289 3859 2228 -196 -662 -1758 -3574 -5337 -708 2934 -3057 3865 1511 3597 -1131 1246 1459 2552 -1347 -2647 -805 -1435 -3909 1260 1518 1234 491 625 -959 -2011 -3208 115 584 2435 -16 648 4267 -516 -2090 356 -1704 -3041 -850 2848 664 -6638 519 1991 -3751 -2258 1522 996 1015 5156 206 1773
-65 -76 973 -2624 -2972 2181 -1790 -865 -1114 1853 3025 -418 -2830 863 -1309 -1037 -787 2372 -2506 -549 1801 354 -1912 -418 1227 1807 -1199 -2254 174 -2431 -2116 2986 412 -2040 -2165 1009 -3031 1361 559 -1079 927 1531 -1234 567 1063 2159 -1933 -130 1375 1433 2419 -370 -3793 -6189 203 3333 -3012 -3542 3354 -1444 971 3561 776 1091
-3312 -257 1545 182 -2007 2767 1987 -779 -3517 3864 2176 165 -509 -1392 -3404 -5533 -652 3147 -3127 4284 1607 3766 -695 1464 1743 2686 -1411 -2501 -270 -1512 -3833 630 1171 1219 303 518 -864 -2170 -3402 537 60 2121 304 843 4494 -871 -2009 -94 -2029 -3186 -1170 2477 844 -6651 443 1348 -3996 -2309 1758 1633 492 5388 -252 1693
-3569 -429 1519 311 -1588 3315 1272 -912 -3289 3859 2228 -196 -662 -1758 -3574 -5337 -708 2934 -3057 3865 1511 3597 -1131 1246 1459 2552 -1347 -2647 -805 -1435 -3909 1260 1518 1234 491 625 -959 -2011 -3208 115 584 2435 -16 648 4267 -516 -2090 356 -1704 -3041 -850 2848 664 -6638 519 1991 -3751 -2258 1522 996 1015 5156 206 1773
-3569 -429 1519 311 -1588 3315 1272 -912 -3289 3859 2228 -196 -662 -1758 -3574 -5337 -708 2934 -3057 3865 1511 3597 -1131 1246 1459 2552 -1347 -2647 -805 -1435 -3909 1260 1518 1234 491 625 -959 -2011 -3208 115 584 2435 -16 648 4267 -516 -2090 356 -1704 -3041 -850 2848 664 -6638 519 1991 -3751 -2258 1522 996 1015 5156 206 1773
-3569 -429 1519 311 -1588 3315 1272 -912 -3289 3859 2228 -196 -662 -1758 -3574 -5337 -708 2934 -3057 3865 1511 3597 -1131 1246 1459 2552 -1347 -2647 -805 -1435 -3909 1260 1518 1234 491 625 -959 -2011 -3208 115 584 2435 -16 648 4267 -516 -2090 356 -1704 -3041 -850 2848 664 -6638 519 1991 -3751 -2258 1522 996 1015 5156 206 1773
-3569 -429 1519 311 -1588 3315 1272 -912 -3289 3859 2228 -196 -662 -1758 -3574 -5337 -708 2934 -3057 3865 1511 3597 -1131 1246 1459 2552 -1347 -2647 -805 -1435 -3909 1260 1518 1234 491 625 -959 -2011 -3208 115 584 2435 -16 648 4267 -516 -2090 356 -1704 -3041 -850 2848 664 -6638 519 1991 -3751 -2258 1522 996 1015 5156 206 1773
-1802 1443 1519 1374 -272 1502 91 -1507 -2597 3449 1700 717 -2128 -451 -2128 -3781 -1340 930 -3000 2467 -320 2672 -541 438 1649 2092 -1329 -2017 219 637 -3819 471 -266 796 3298 -2667 -598 -2542 493 837 981 2487 203 209 4341 1038 -536 653 -1649 -2285 -1797 1757 -1979 -4811 1164 748 -605 -1228 965 1473 -1662 1419 -754 59
-1726 50 -760 -793 -2918 1002 3457 -16 -2983 3427 1273 2370 -2205 -1797 -1465 -6937 -1262 3234 -2791 3248 1565 632 1887 -83 1257 1886 -2062 -1863 -127 -2573 -3657 -1747 1587 3195 404 2010 -2063 -522 -4110 935 -555 595 2037 -228 4141 -4933 -2109 -310 -2595 -1867 -1663 4238 495 -5042 1860 1849 -5113 -1775 3755 3358 1390 4217 -3166 54
-3569 -429 1519 311 -1588 3315 1272 -912 -3289 3859 2228 -196 -662 -1758 -3574 -5337 -708 2934 -3057 3865 1511 3597 -1131 1246 1459 2552 -1347 -2647 -805 -1435 -3909 1260 1518 1234 491 625 -959 -2011 -3208 115 584 2435 -16 648 4267 -516 -2090 356 -1704 -3041 -850 2848 664 -6638 519 1991 -3751 -2258 1522 996 1015 5156 206 1773
-3569 -429 1519 311 -1588 3315 1272 -912 -3289 3859 2228 -196 -662 -1758 -3574 -5337 -708 2934 -3057 3865 1511 3597 -1131 1246 1459 2552 -1347 -2647 -805 -1435 -3909 1260 1518 1234 491 625 -959 -2011 -3208 115 584 2435 -16 648 4267 -516 -2090 356 -1704 -3041 -850 2848 664 -6638 519 1991 -3751 -2258 1522 996 1015 5156 206 1773
-3569 -429 1519 311 -1588 3315 1272 -912 -3289 3859 2228 -196 -662 -1758 -3574 -5337 -708 2934 -3057 3865 1511 3597 -1131 1246 1459 2552 -1347 -2647 -805 -1435 -3909 1260 1518 1234 491 625 -959 -2011 -3208 115 584 2435 -16 648 4267 -516 -2090 356 -1704 -3041 -850 2848 664 -6638 519 1991 -3751 -2258 1522 996 1015 5156 206 1773
-3569 -429 1519 311 -1588 3315 1272 -912 -3289 3859 2228 -196 -662 -1758 -3574 -5337 -708 2934 -3057 3865 1511 3597 -1131 1246 1459 2552 -1347 -2647 -805 -1435 -3909 1260 1518 1234 491 625 -959 -2011 -3208 115 584 2435 -16 648 4267 -516 -2090 356 -1704 -3041 -850 2848 664 -6638 519 1991 -3751 -2258 1522 996 1015 5156 206 1773
-3033 125 1027 797 -908 3153 1622 -913 -3169 3725 2110 277 -999 -1750 -3644 -5435 -526 3059 -3295 3696 1294 3430 -376 1179 1338 2530 -1446 -2404 -953 -712 -3948 880 1176 1357 1235 -211 -756 -1541 -2386 714 717 2465 105 418 4187 -227 -2335 629 -1066 -3067 -1184 2957 225 -6019 750 1732 -3110 -1823 1184 1018 -234 4838 177 1846
-516 -590 -918 -2322 -2909 2439 187 -374 -1077 2532 2226 1262 -2760 -622 -995 -4191 -202 3454 -2784 -298 2178 -742 -110 -788 640 1809 -1945 -2108 -656 -3058 -2471 2115 1539 -375 -1586 2729 -3086 2466 -945 -505 641 1608 62 -330 1674 -1360 -2711 34 1079 386 1582 2097 -3023 -5601 1293 4302 -3819 -2769 3855 -1098 1950 4096 -299 828
-3512 -376 1488 272 -1763 3085 1504 -856 -3404 3859 2196 -54 -578 -1566 -3551 -5403 -629 3064 -3074 4025 1570 3719 -1058 1356 1531 2687 -1355 -2630 -659 -1465 -3849 1064 1458 1166 377 549 -917 -2020 -3207 292 434 2377 47 743 4357 -566 -1989 145 -1802 -3080 -915 2647 620 -6673 462 1750 -3763 -2310 1624 1182 831 5274 102 1764
-3569 -429 1519 311 -1588 3315 1272 -912 -3289 3859 2228 -196 -662 -1758 -3574 -5337 -708 2934 -3057 3865 1511 3597 -1131 1246 1459 2552 -1347 -2647 -805 -1435 -3909 1260 1518 1234 491 625 -959 -2011 -3208 115 584 2435 -16 648 4267 -516 -2090 356 -1704 -3041 -850 2848 664 -6638 519 1991 -3751 -2258 1522 996 1015 5156 206 1773
-3569 -429 1519 311 -1588 3315 1272 -912 -3289 3859 2228 -196 -662 -1758 -3574 -5337 -708 2934 -3057 3865 1511 3597 -1131 1246 1459 2552 -1347 -2647 -805 -1435 -3909 1260 1518 1234 491 625 -959 -2011 -3208 115 584 2435 -16 648 4267 -516 -2090 356 -1704 -3041 -850 2848 664 -6638 519 1991 -3751 -2258 1522 996 1015 5156 206 1773
-3569 -429 1519 311 -1588 3315 1272 -912 -3289 3859 2228 -196 -662 -1758 -3574 -5337 -708 2934 -3057 3865 1511 3597 -1131 1246 1459 2552 -1347 -2647 -805 -1435 -3909 1260 1518 1234 491 625 -959 -2011 -3208 115 584 2435 -16 648 4267 -516 -2090 356 -1704 -3041 -850 2848 664 -6638 519 1991 -3751 -2258 1522 996 1015 5156 206 1773
-3569 -429 1519 311 -1588 3315 1272 -912 -3289 3859 2228 -196 -662 -1758 -3574 -5337 -708 2934 -3057 3865 1511 3597 -1131 1246 1459 2552 -1347 -2647 -805 -1435 -3909 1260 1518 1234 491 625 -959 -2011 -3208 115 584 2435 -16 648 4267 -516 -2090 356 -1704 -3041 -850 2848 664 -6638 519 1991 -3751 -2258 1522 996 1015 5156 206 1773
-2965 861 1358 -864 -839 2841 29 -112 -3812 2310 3073 563 -1423 -272 -3479 -2577 -1628 1861 -3339 2193 1849 2816 234 -365 1011 2695 -244 -587 131 -1348 -3949 825 157 478 -687 -1408 -1815 -2940 -1765 -906 64 2216 -1375 200 1325 2851 -2418 -294 -1145 -1671 795 1519 -2322 -6709 920 1469 -2838 -3109 2245 386 -590 2822 426 813
-1798 893 -746 -709 -3774 1172 3665 817 -3685 3312 678 2691 -1621 -1930 -1823 -6643 -559 2619 -1894 3733 2181 1298 2099 -409 1125 893 -979 -685 12 -2735 -3148 -1449 1283 2590 -101 3583 -1921 -1522 -4488 1291 -1321 490 1903 -405 3497 -5072 -1525 -1000 -3879 -1769 -2276 4012 273 -5069 1806 1385 -5269 -2129 3806 3731 1057 4269 -3439 114
-3569 -429 1519 311 -1588 3315 1272 -912 -3289 3859 2228 -196 -662 -1758 -3574 -5337 -708 2934 -3057 3865 1511 3597 -1131 1246 1459 2552 -1347 -2647 -805 -1435 -3909 1260 1518 1234 491 625 -959 -2011 -3208 115 584 2435 -16 648 4267 -516 -2090 356 -1704 -3041 -850 2848 664 -6638 519 1991 -3751 -2258 1522 996 1015 5156 206 1773
-3569 -429 1519 311 -1588 3315 1272 -912 -3289 3859 2228 -196 -662 -1758 -3574 -5337 -708 2934 -3057 3865 1511 3597 -1131 1246 1459 2552 -1347 -2647 -805 -1435 -3909 1260 1518 1234 491 625 -959 -2011 -3208 115 584 2435 -16 648 4267 -516 -2090 356 -1704 -3041 -850 2848 664 -6638 519 1991 -3751 -2258 1522 996 1015 5156 206 1773
-3569 -429 1519 311 -1588 3315 1272 -912 -3289 3859 2228 -196 -662 -1758 -3574 -5337 -708 2934 -3057 3865 1511 3597 -1131 1246 1459 2552 -1347 -2647 -805 -1435 -3909 1260 1518 1234 491 625 -959 -2011 -3208 115 584 2435 -16 648 4267 -516 -2090 356 -1704 -3041 -850 2848 664 -6638 519 1991 -3751 -2258 1522 996 1015 5156 206 1773
