0 0 0 0 0 0 0 0 0 0 0 0 0 0 0 0 0 0 0 0 0 0 0 0 0 0 0 0 0 0 0 0 0 0 0 0 0 0 0 0 0 0 0 0 0 0 0 0 0 0 0 0 0 0 0 0 0 0 0 0 0 0 0 0
3779 -2394 1037 -594 5287 -272 -3485 -825 3378 -328 -486 85 -4458 3166 1523 -429 -3074 1742 -4189 1850 -2662 -3589 583 -4314 -2108 753 -844 -3231 -675 349 -1003 2615 3926 235 -1066 -1731 -1719 -418 -2326 -2940 1907 354 2778 1170 -2121 2020 -3290 -2020 -2414 2260 1228 -1556 -2806 -3934 1452 5267 -3236 5643 4177 2642 -370 -2128 350 -1097
3779 -2394 1037 -594 5287 -272 -3485 -825 3378 -328 -486 85 -4458 3166 1523 -429 -3074 1742 -4189 1850 -2662 -3589 583 -4314 -2108 753 -844 -3231 -675 349 -1003 2615 3926 235 -1066 -1731 -1719 -418 -2326 -2940 1907 354 2778 1170 -2121 2020 -3290 -2020 -2414 2260 1228 -1556 -2806 -3934 1452 5267 -3236 5643 4177 2642 -370 -2128 350 -1097
3779 -2394 1037 -594 5287 -272 -3485 -825 3378 -328 -486 85 -4458 3166 1523 -429 -3074 1742 -4189 1850 -2662 -3589 583 -4314 -2108 753 -844 -3231 -675 349 -1003 2615 3926 235 -1066 -1731 -1719 -418 -2326 -2940 1907 354 2778 1170 -2121 2020 -3290 -2020 -2414 2260 1228 -1556 -2806 -3934 1452 5267 -3236 5643 4177 2642 -370 -2128 350 -1097
3779 -2394 1037 -594 5287 -272 -3485 -825 3378 -328 -486 85 -4458 3166 1523 -429 -3074 1742 -4189 1850 -2662 -3589 583 -4314 -2108 753 -844 -3231 -675 349 -1003 2615 3926 235 -1066 -1731 -1719 -418 -2326 -2940 1907 354 2778 1170 -2121 2020 -3290 -2020 -2414 2260 1228 -1556 -2806 -3934 1452 5267 -3236 5643 4177 2642 -370 -2128 350 -1097
3779 -2394 1037 -594 5287 -272 -3485 -825 3378 -328 -486 85 -4458 3166 1523 -429 -3074 1742 -4189 1850 -2662 -3589 583 -4314 -2108 753 -844 -3231 -675 349 -1003 2615 3926 235 -1066 -1731 -1719 -418 -2326 -2940 1907 354 2778 1170 -2121 2020 -3290 -2020 -2414 2260 1228 -1556 -2806 -3934 1452 5267 -3236 5643 4177 2642 -370 -2128 350 -1097
3779 -2394 1037 -594 5287 -272 -3485 -825 3378 -328 -486 85 -4458 3166 1523 -429 -3074 1742 -4189 1850 -2662 -3589 583 -4314 -2108 753 -844 -3231 -675 349 -1003 2615 3926 235 -1066 -1731 -1719 -418 -2326 -2940 1907 354 2778 1170 -2121 2020 -3290 -2020 -2414 2260 1228 -1556 -2806 -3934 1452 5267 -3236 5643 4177 2642 -370 -2128 350 -1097
3779 -2394 1037 -594 5287 -272 -3485 -825 3378 -328 -486 85 -4458 3166 1523 -429 -3074 1742 -4189 1850 -2662 -3589 583 -4314 -2108 753 -844 -3231 -675 349 -1003 2615 3926 235 -1066 -1731 -1719 -418 -2326 -2940 1907 354 2778 1170 -2121 2020 -3290 -2020 -2414 2260 1228 -1556 -2806 -3934 1452 5267 -3236 5643 4177 2642 -370 -2128 350 -1097
3779 -2394 1037 -594 5287 -272 -3485 -825 3378 -328 -486 85 -4458 3166 1523 -429 -3074 1742 -4189 1850 -2662 -3589 583 -4314 -2108 753 -844 -3231 -675 349 -1003 2615 3926 235 -1066 -1731 -1719 -418 -2326 -2940 1907 354 2778 1170 -2121 2020 -3290 -2020 -2414 2260 1228 -1556 -2806 -3934 1452 5267 -3236 5643 4177 2642 -370 -2128 350 -1097
3159 -2044 2217 -509 4664 -2 -2228 -620 3145 -890 705 -220 -5055 2193 -162 107 -2954 3064 -3237 3568 -2168 -3814 290 -4904 -2938 978 -1877 -1156 1247 516 -1191 1556 1888 -575 -321 -2252 -3117 -231 -2520 -2981 320 -301 2376 1700 -1109 2329 -2675 -3220 -2633 3699 132 -219 -2158 -4419 2820 5736 -1678 4642 3060 4068 750 -2537 1410 -2999
4501 -3501 150 -216 3840 -376 -757 -222 2929 -698 -151 378 -4417 2053 -136 907 -2377 2004 -5559 2428 -2422 -2681 2491 -4855 -762 3226 -1378 -1714 -324 643 -2171 2109 2620 -107 1553 5 -2498 -1481 -2897 -1149 871 -165 2382 2304 -1952 604 -1528 -1924 -349 1814 855 -1829 -1477 -4236 3610 5566 -4126 4440 3676 2097 269 -918 565 -1423
3779 -2394 1037 -594 5287 -272 -3485 -825 3378 -328 -486 85 -4458 3166 1523 -429 -3074 1742 -4189 1850 -2662 -3589 583 -4314 -2108 753 -844 -3231 -675 349 -1003 2615 3926 235 -1066 -1731 -1719 -418 -2326 -2940 1907 354 2778 1170 -2121 2020 -3290 -2020 -2414 2260 1228 -1556 -2806 -3934 1452 5267 -3236 5643 4177 2642 -370 -2128 350 -1097
3779 -2394 1037 -594 5287 -272 -3485 -825 3378 -328 -486 85 -4458 3166 1523 -429 -3074 1742 -4189 1850 -2662 -3589 583 -4314 -2108 753 -844 -3231 -675 349 -1003 2615 3926 235 -1066 -1731 -1719 -418 -2326 -2940 1907 354 2778 1170 -2121 2020 -3290 -2020 -2414 2260 1228 -1556 -2806 -3934 1452 5267 -3236 5643 4177 2642 -370 -2128 350 -1097
3779 -2394 1037 -594 5287 -272 -3485 -825 3378 -328 -486 85 -4458 3166 1523 -429 -3074 1742 -4189 1850 -2662 -3589 583 -4314 -2108 753 -844 -3231 -675 349 -1003 2615 3926 235 -1066 -1731 -1719 -418 -2326 -2940 1907 354 2778 1170 -2121 2020 -3290 -2020 -2414 2260 1228 -1556 -2806 -3934 1452 5267 -3236 5643 4177 2642 -370 -2128 350 -1097
3779 -2394 1037 -594 5287 -272 -3485 -825 3378 -328 -486 85 -4458 3166 1523 -429 -3074 1742 -4189 1850 -2662 -3589 583 -4314 -2108 753 -844 -3231 -675 349 -1003 2615 3926 235 -1066 -1731 -1719 -418 -2326 -2940 1907 354 2778 1170 -2121 2020 -3290 -2020 -2414 2260 1228 -1556 -2806 -3934 1452 5267 -3236 5643 4177 2642 -370 -2128 350 -1097
3779 -2394 1037 -594 5287 -272 -3485 -825 3378 -328 -486 85 -4458 3166 1523 -429 -3074 1742 -4189 1850 -2662 -3589 583 -4314 -2108 753 -844 -3231 -675 349 -1003 2615 3926 235 -1066 -1731 -1719 -418 -2326 -2940 1907 354 2778 1170 -2121 2020 -3290 -2020 -2414 2260 1228 -1556 -2806 -3934 1452 5267 -3236 5643 4177 2642 -370 -2128 350 -1097
2189 -309 -524 -67 2993 -482 -4250 -2895 569 -108 -1052 691 -5140 1712 2284 -1418 -2218 1686 -458 1559 173 -4136 -2125 -2799 -535 -2101 -1960 -1959 -763 1114 2083 677 5155 -1651 -3077 -3244 -751 672 -1352 -1679 562 2559 -247 1348 -1290 2391 -2745 -1007 -2665 1433 1345 1424 -2514 -1053 -1219 4325 -1475 3370 1311 -64 -1189 -3530 2139 264
-1189 2841 779 -400 1596 1748 -2223 -5154 126 -473 -298 245 -781 4035 3734 -903 -1069 610 2713 -1227 786 -577 -878 -315 350 -5579 -3270 -1186 -2007 486 3214 -1336 4045 -1419 -2808 -555 1391 955 1497 -2163 739 1562 -694 -2245 503 3878 -903 4299 -3129 -2315 649 3535 -2077 1468 -3410 1341 990 799 -1344 -488 -2034 -2518 950 4079
-1616 3086 1100 -1987 1887 3424 -2560 -3647 -757 370 -155 1515 1941 2939 3526 -742 -1058 36 1700 -1948 1951 -294 -693 423 603 -5817 -806 -693 -339 344 1465 478 4465 -184 -5176 148 1990 680 3349 -2601 1777 3181 14 -3475 431 2713 1201 4371 -2930 -3354 1917 2449 -2410 1775 -3278 -1068 575 2176 -1357 538 -1829 -1164 211 4596
-3901 2372 2844 -1415 520 2681 -1607 -3012 -96 -478 1010 -88 1497 699 1540 341 -2251 473 4305 -378 4190 94 -2487 -808 729 -6467 -1546 2301 684 1231 2413 -478 219 -2407 -4138 746 827 1902 2645 -1731 -1521 1682 -1424 -1578 1675 2071 1906 2546 -2635 -2075 -1460 2968 -1363 -172 -325 -743 3683 -36 -4612 2016 -978 -2081 201 3496
1476 -794 4121 -3232 2886 1070 -1119 -2216 1338 67 1061 1068 1395 2834 1400 -1491 -1486 -849 -6012 -263 -3040 -1131 602 -592 207 2811 836 -4919 -1277 -638 -1609 727 2261 1115 191 1316 91 -1598 -2237 -1402 4182 1271 3417 -2767 -542 2653 -1169 1952 2417 -2073 -80 -72 -4027 -2040 1674 2229 -3227 5312 2729 2253 1194 2455 -1551 1646
3779 -2394 1037 -594 5287 -272 -3485 -825 3378 -328 -486 85 -4458 3166 1523 -429 -3074 1742 -4189 1850 -2662 -3589 583 -4314 -2108 753 -844 -3231 -675 349 -1003 2615 3926 235 -1066 -1731 -1719 -418 -2326 -2940 1907 354 2778 1170 -2121 2020 -3290 -2020 -2414 2260 1228 -1556 -2806 -3934 1452 5267 -3236 5643 4177 2642 -370 -2128 350 -1097
3779 -2394 1037 -594 5287 -272 -3485 -825 3378 -328 -486 85 -4458 3166 1523 -429 -3074 1742 -4189 1850 -2662 -3589 583 -4314 -2108 753 -844 -3231 -675 349 -1003 2615 3926 235 -1066 -1731 -1719 -418 -2326 -2940 1907 354 2778 1170 -2121 2020 -3290 -2020 -2414 2260 1228 -1556 -2806 -3934 1452 5267 -3236 5643 4177 2642 -370 -2128 350 -1097
3779 -2394 1037 -594 5287 -272 -3485 -825 3378 -328 -486 85 -4458 3166 1523 -429 -3074 1742 -4189 1850 -2662 -3589 583 -4314 -2108 753 -844 -3231 -675 349 -1003 2615 3926 235 -1066 -1731 -1719 -418 -2326 -2940 1907 354 2778 1170 -2121 2020 -3290 -2020 -2414 2260 1228 -1556 -2806 -3934 1452 5267 -3236 5643 4177 2642 -370 -2128 350 -1097
3779 -2394 1037 -594 5287 -272 -3485 -825 3378 -328 -486 85 -4458 3166 1523 -429 -3074 1742 -4189 1850 -2662 -3589 583 -4314 -2108 753 -844 -3231 -675 349 -1003 2615 3926 235 -1066 -1731 -1719 -418 -2326 -2940 1907 354 2778 1170 -2121 2020 -3290 -2020 -2414 2260 1228 -1556 -2806 -3934 1452 5267 -3236 5643 4177 2642 -370 -2128 350 -1097
3779 -2394 1037 -594 5287 -272 -3485 -825 3378 -328 -486 85 -4458 3166 1523 -429 -3074 1742 -4189 1850 -2662 -3589 583 -4314 -2108 753 -844 -3231 -675 349 -1003 2615 3926 235 -1066 -1731 -1719 -418 -2326 -2940 1907 354 2778 1170 -2121 2020 -3290 -2020 -2414 2260 1228 -1556 -2806 -3934 1452 5267 -3236 5643 4177 2642 -370 -2128 350 -1097
1988 812 -3684 1924 -512 -519 -783 2218 -392 -531 -1192 1984 -103 -1277 2843 972 984 1811 -571 -2028 1096 -1335 2718 -962 1976 255 -247 2745 1186 770 -1169 -89 3725 1000 -721 -3365 -1363 -943 -359 1340 -402 2710 -687 338 134 -636 1780 728 -1368 1729 2218 -1909 2420 1133 -2582 -1122 -1176 -1461 1183 -817 -2778 -831 1950 -558
2975 -1891 1702 -950 5157 165 -3124 -1586 2960 -656 -514 121 -3641 3608 1942 -454 -3069 1654 -3831 1726 -2074 -2898 232 -3572 -2319 163 -927 -3472 -928 -226 -340 2555 3720 825 -771 -1013 -960 -1038 -2534 -2889 1725 487 2454 499 -1742 2276 -3399 -1176 -2544 1608 1378 -1198 -3585 -3396 1565 5209 -2923 5601 3767 2780 -580 -2005 -244 -305
3779 -2394 1037 -594 5287 -272 -3485 -825 3378 -328 -486 85 -4458 3166 1523 -429 -3074 1742 -4189 1850 -2662 -3589 583 -4314 -2108 753 -844 -3231 -675 349 -1003 2615 3926 235 -1066 -1731 -1719 -418 -2326 -2940 1907 354 2778 1170 -2121 2020 -3290 -2020 -2414 2260 1228 -1556 -2806 -3934 1452 5267 -3236 5643 4177 2642 -370 -2128 350 -1097
3779 -2394 1037 -594 5287 -272 -3485 -825 3378 -328 -486 85 -4458 3166 1523 -429 -3074 1742 -4189 1850 -2662 -3589 583 -4314 -2108 753 -844 -3231 -675 349 -1003 2615 3926 235 -1066 -1731 -1719 -418 -2326 -2940 1907 354 2778 1170 -2121 2020 -3290 -2020 -2414 2260 1228 -1556 -2806 -3934 1452 5267 -3236 5643 4177 2642 -370 -2128 350 -1097
3779 -2394 1037 -594 5287 -272 -3485 -825 3378 -328 -486 85 -4458 3166 1523 -429 -3074 1742 -4189 1850 -2662 -3589 583 -4314 -2108 753 -844 -3231 -675 349 -1003 2615 3926 235 -1066 -1731 -1719 -418 -2326 -2940 1907 354 2778 1170 -2121 2020 -3290 -2020 -2414 2260 1228 -1556 -2806 -3934 1452 5267 -3236 5643 4177 2642 -370 -2128 350 -1097
3779 -2394 1037 -594 5287 -272 -3485 -825 3378 -328 -486 85 -4458 3166 1523 -429 -3074 1742 -4189 1850 -2662 -3589 583 -4314 -2108 753 -844 -3231 -675 349 -1003 2615 3926 235 -1066 -1731 -1719 -418 -2326 -2940 1907 354 2778 1170 -2121 2020 -3290 -2020 -2414 2260 1228 -1556 -2806 -3934 1452 5267 -3236 5643 4177 2642 -370 -2128 350 -1097
875 -1489 1563 1435 2822 -1818 -2036 967 3827 -2021 -733 -1623 -4330 73 -1277 1582 -4272 3765 -654 4110 -471 -2043 -1016 -4473 -445 -751 -474 2293 2344 1217 298 2192 -1629 -1068 -1055 -817 -2244 -73 -2212 -54 -3682 -492 1433 2432 -1340 -354 -842 -4602 -4274 2263 -807 -363 -1124 -4740 4315 5005 687 2562 1820 4377 420 -3078 361 -2374
828 631 4161 -2285 3326 1784 -1151 -2925 1121 329 538 1321 2716 3885 1230 -193 -889 -991 -4111 -1729 -3835 -414 1357 390 65 1488 -577 -4445 -1782 334 -1617 -996 2331 270 -237 2160 1318 -1146 -103 -1816 4740 176 3492 -4209 -140 3148 -895 3613 2358 -3674 -893 1391 -2861 -694 306 775 -1886 3418 1484 1434 1598 2835 -1851 2019
3779 -2394 1037 -594 5287 -272 -3485 -825 3378 -328 -486 85 -4458 3166 1523 -429 -3074 1742 -4189 1850 -2662 -3589 583 -4314 -2108 753 -844 -3231 -675 349 -1003 2615 3926 235 -1066 -1731 -1719 -418 -2326 -2940 1907 354 2778 1170 -2121 2020 -3290 -2020 -2414 2260 1228 -1556 -2806 -3934 1452 5267 -3236 5643 4177 2642 -370 -2128 350 -1097
3779 -2394 1037 -594 5287 -272 -3485 -825 3378 -328 -486 85 -4458 3166 1523 -429 -3074 1742 -4189 1850 -2662 -3589 583 -4314 -2108 753 -844 -3231 -675 349 -1003 2615 3926 235 -1066 -1731 -1719 -418 -2326 -2940 1907 354 2778 1170 -2121 2020 -3290 -2020 -2414 2260 1228 -1556 -2806 -3934 1452 5267 -3236 5643 4177 2642 -370 -2128 350 -1097
3779 -2394 1037 -594 5287 -272 -3485 -825 3378 -328 -486 85 -4458 3166 1523 -429 -3074 1742 -4189 1850 -2662 -3589 583 -4314 -2108 753 -844 -3231 -675 349 -1003 2615 3926 235 -1066 -1731 -1719 -418 -2326 -2940 1907 354 2778 1170 -2121 2020 -3290 -2020 -2414 2260 1228 -1556 -2806 -3934 1452 5267 -3236 5643 4177 2642 -370 -2128 350 -1097
3779 -2394 1037 -594 5287 -272 -3485 -825 3378 -328 -486 85 -4458 3166 1523 -429 -3074 1742 -4189 1850 -2662 -3589 583 -4314 -2108 753 -844 -3231 -675 349 -1003 2615 3926 235 -1066 -1731 -1719 -418 -2326 -2940 1907 354 2778 1170 -2121 2020 -3290 -2020 -2414 2260 1228 -1556 -2806 -3934 1452 5267 -3236 5643 4177 2642 -370 -2128 350 -1097
3279 -2663 1758 -746 4767 210 -3049 -868 3369 -620 299 -223 -5177 2258 583 -217 -3649 2216 -3366 2610 -1842 -3701 -110 -4872 -2705 336 -1545 -2042 139 729 -924 2030 2653 -825 -1016 -1500 -2522 -61 -2390 -3229 868 -4 1856 1747 -1756 2411 -2710 -2617 -2395 2888 -17 -957 -2554 -4915 2429 5658 -1984 5076 3050 3053 352 -2853 901 -1873
3322 324 -1780 9 -1080 518 221 854 -1146 1374 208 2521 2146 115 1676 657 2012 -1915 -2331 -4404 -1134 -2101 4024 -853 2471 2744 -1321 354 -1263 1778 -3505 -2757 4267 -1547 632 -1735 -1400 32 951 -317 4136 777 -69 -416 719 1797 2379 3116 3590 -497 -1093 -1543 3512 454 -2140 -3151 -2049 -2138 -50 -2698 -162 1474 1929 689
3583 -2162 1231 -651 5115 -204 -3335 -1077 3285 -458 -494 -39 -4260 3390 1733 -483 -3138 1671 -4029 1802 -2540 -3375 511 -4107 -2203 548 -978 -3253 -815 85 -738 2499 3846 384 -797 -1536 -1484 -641 -2505 -2941 1820 302 2574 984 -2025 2237 -3351 -1755 -2553 2113 1182 -1456 -3022 -3786 1494 5295 -3143 5496 4104 2663 -460 -2201 230 -820
3779 -2394 1037 -594 5287 -272 -3485 -825 3378 -328 -486 85 -4458 3166 1523 -429 -3074 1742 -4189 1850 -2662 -3589 583 -4314 -2108 753 -844 -3231 -675 349 -1003 2615 3926 235 -1066 -1731 -1719 -418 -2326 -2940 1907 354 2778 1170 -2121 2020 -3290 -2020 -2414 2260 1228 -1556 -2806 -3934 1452 5267 -3236 5643 4177 2642 -370 -2128 350 -1097
3779 -2394 1037 -594 5287 -272 -3485 -825 3378 -328 -486 85 -4458 3166 1523 -429 -3074 1742 -4189 1850 -2662 -3589 583 -4314 -2108 753 -844 -3231 -675 349 -1003 2615 3926 235 -1066 -1731 -1719 -418 -2326 -2940 1907 354 2778 1170 -2121 2020 -3290 -2020 -2414 2260 1228 -1556 -2806 -3934 1452 5267 -3236 5643 4177 2642 -370 -2128 350 -1097
3779 -2394 1037 -594 5287 -272 -3485 -825 3378 -328 -486 85 -4458 3166 1523 -429 -3074 1742 -4189 1850 -2662 -3589 583 -4314 -2108 753 -844 -3231 -675 349 -1003 2615 3926 235 -1066 -1731 -1719 -418 -2326 -2940 1907 354 2778 1170 -2121 2020 -3290 -2020 -2414 2260 1228 -1556 -2806 -3934 1452 5267 -3236 5643 4177 2642 -370 -2128 350 -1097
3779 -2394 1037 -594 5287 -272 -3485 -825 3378 -328 -486 85 -4458 3166 1523 -429 -3074 1742 -4189 1850 -2662 -3589 583 -4314 -2108 753 -844 -3231 -675 349 -1003 2615 3926 235 -1066 -1731 -1719 -418 -2326 -2940 1907 354 2778 1170 -2121 2020 -3290 -2020 -2414 2260 1228 -1556 -2806 -3934 1452 5267 -3236 5643 4177 2642 -370 -2128 350 -1097
142 -194 -1104 790 1090 -1676 -5325 -1694 2391 -1343 -1928 -1071 -5003 166 2286 -1882 -4033 1299 581 709 1250 -2262 -2271 -2755 2187 -4028 709 385 -304 1526 2547 3366 2655 -1454 -4688 -717 -294 1996 -1207 -243 -1604 2836 -902 1343 -2772 -81 -680 -2051 -4654 -215 1249 -519 -2287 -2908 -821 2801 179 3179 1670 -299 -1370 -3669 1002 3297
253 1735 4466 -1639 4256 1888 -2011 -2930 285 -152 411 608 2763 5405 2182 70 -1470 -836 -2388 -2081 -2519 -1217 945 667 -1394 -421 -1429 -3670 -1235 -718 -634 -821 2654 1113 -1121 1634 1682 -1482 1250 -3249 4714 571 3362 -5168 726 3523 -1321 2873 325 -2883 -338 1021 -2860 284 -157 -427 -1654 3159 1114 2299 637 1587 -2219 2175
3779 -2394 1037 -594 5287 -272 -3485 -825 3378 -328 -486 85 -4458 3166 1523 -429 -3074 1742 -4189 1850 -2662 -3589 583 -4314 -2108 753 -844 -3231 -675 349 -1003 2615 3926 235 -1066 -1731 -1719 -418 -2326 -2940 1907 354 2778 1170 -2121 2020 -3290 -2020 -2414 2260 1228 -1556 -2806 -3934 1452 5267 -3236 5643 4177 2642 -370 -2128 350 -1097
3779 -2394 1037 -594 5287 -272 -3485 -825 3378 -328 -486 85 -4458 3166 1523 -429 -3074 1742 -4189 1850 -2662 -3589 583 -4314 -2108 753 -844 -3231 -675 349 -1003 2615 3926 235 -1066 -1731 -1719 -418 -2326 -2940 1907 354 2778 1170 -2121 2020 -3290 -2020 -2414 2260 1228 -1556 -2806 -3934 1452 5267 -3236 5643 4177 2642 -370 -2128 350 -1097
3779 -2394 1037 -594 5287 -272 -3485 -825 3378 -328 -486 85 -4458 3166 1523 -429 -3074 1742 -4189 1850 -2662 -3589 583 -4314 -2108 753 -844 -3231 -675 349 -1003 2615 3926 235 -1066 -1731 -1719 -418 -2326 -2940 1907 354 2778 1170 -2121 2020 -3290 -2020 -2414 2260 1228 -1556 -2806 -3934 1452 5267 -3236 5643 4177 2642 -370 -2128 350 -1097
