-164 -65 -268 -346 310 -37 -180 2 331 -26 -95 289 255 278 -270 228 33 -19 -107 116 -318 -138 -86 -247 -360 -333 247 -197 2 318 -29 -136 -325 -17 344 182 -177 160 140 -172 184 -329 353 -29 163 184 -199 -256 84 -62 144 -77 -205 -114 -155 252 59 30 -58 -253 197 -120 -271 -301 -262 277 197 -241 264 331 48 49 -45 -85 288 321 55 305 25 -311 -122 -193 109 -308 161 -181 220 -146 -123 10 -59 86 56 312 -214 -19 -233 307 189 346 177 288 -258 139 270 315 -339 53 342 -85 -192 -305 211 215 -235 60 145 343 -187 182 -120 -21 12 -143 197 10 -360 286
-329 -223 151 133 -186 -221 -317 176 -300 -265 66 -16 176 -190 -225 -210 77 -311 53 -278 48 353 289 -105 245 -25 178 -323 269 270 -81 -128 345 -209 79 63 -137 23 -261 168 330 185 -357 118 -30 206 8 276 -27 -259 50 -209 -174 -90 -314 304 95 -279 -318 92 278 -88 -12 64 174 -353 134 262 276 286 90 99 -289 -15 -294 -2 281 131 86 -182 -169 -60 -166 -322 32 -205 90 -252 -291 308 83 -116 -5 -22 -306 -256 -205 166 -132 -311 -182 -44 -183 198 -283 57 -272 -152 -7 -279 302 202 -91 -287 58 -96 98 261 335 323 -137 276 -340 210 27 174 -287 125
321 -39 35 276 236 -116 360 356 -190 -32 -136 -3 -161 -122 132 -45 97 276 -77 326 243 90 175 -356 31 157 298 -233 -205 4 -23 -41 63 167 -24 -236 -61 165 -28 253 190 -86 243 241 -66 39 -62 232 -97 326 -146 -145 -138 -329 42 125 161 32 159 -147 -58 -312 -245 -101 -2 215 347 327 -14 -84 350 -54 190 -135 91 -177 -123 64 -103 100 172 -224 236 193 -191 -12 164 47 -27 -70 -343 184 116 -120 356 19 -125 10 266 -303 -137 -248 -300 123 223 -295 24 -206 271 -218 -152 -306 -102 -8 165 -301 -112 -19 -191 350 21 -76 324 -178 298 -316 -44 322
-355 -108 -332 -302 30 -35 -361 -218 353 123 238 223 239 -4 161 84 323 -137 150 54 219 214 -344 128 76 2 315 -319 112 -108 87 189 135 -139 -325 -139 12 214 15 -144 314 -63 59 353 148 352 73 318 193 -132 94 -267 58 300 315 -295 69 207 -289 343 260 -175 -11 -264 123 150 -285 -232 -10 -200 4 322 2 -318 296 301 -98 84 -118 -319 163 -99 -348 -112 -262 -30 99 337 238 -259 19 -239 -79 -128 -11 -184 -362 132 278 -83 315 -348 143 -102 22 303 105 223 341 -104 246 334 -300 -152 99 32 362 -38 -97 13 51 -225 -343 -138 199 -154 13 66
-68 263 -159 330 128 337 -47 -135 101 104 56 68 -139 161 204 287 23 51 267 -49 83 247 -170 -141 47 -293 -138 151 -42 6 242 -5 58 31 33 212 -359 -42 31 196 201 -88 103 3 84 231 195 229 -271 -359 330 320 -109 236 -188 126 10 29 229 -287 151 -359 -293 235 321 234 -298 320 -42 267 79 -127 -86 12 361 -304 300 -202 196 200 201 207 -48 206 139 68 -284 -249 -182 142 -248 -222 -240 224 138 297 278 13 -178 275 248 -249 10 356 134 -207 63 83 62 -9 -226 194 -18 -24 133 -33 -46 227 261 -325 -155 175 319 -137 -164 258 -337 -232
-8 -339 -361 -121 276 -200 131 -256 182 -41 -318 -195 275 36 165 -221 -275 -82 241 310 -253 -296 -228 -311 -198 195 41 -238 -118 236 71 -249 -42 49 306 -86 -195 -244 197 -318 -121 -167 -231 -18 -337 -290 337 188 -78 -177 162 -71 -231 -127 -199 -57 27 14 171 -70 -10 -247 273 -105 38 261 318 -311 281 221 -145 -232 -183 358 218 -310 9 -288 212 240 217 -333 308 277 -201 30 161 4 -188 -158 -228 72 -111 37 315 -277 -101 -249 360 -340 -193 -303 -126 -299 -324 331 32 296 154 44 278 -330 362 258 -47 154 -34 -22 -62 -178 81 293 23 -40 12 -314 300 237
234 357 298 361 182 -353 -273 123 108 193 209 184 -349 -55 112 -184 -336 58 -1 -186 5 -70 -92 205 108 -340 -295 -297 274 326 -333 -105 -67 -104 -327 -361 168 345 70 71 -111 -297 -259 -167 -125 -89 -195 252 -50 74 -286 -80 304 -112 -223 -26 -279 8 64 170 -309 358 0 2 -157 0 -199 162 62 27 -163 223 -166 -40 235 -212 -38 361 -310 50 296 -335 67 117 293 -13 250 109 63 -251 -55 -349 -201 -99 218 -338 31 -315 90 41 72 44 93 -160 -73 -330 173 65 -283 236 245 351 266 314 58 152 243 5 -68 74 -251 -75 84 222 155 -361 -8 -81
67 -334 357 122 134 -54 -41 325 332 -263 230 221 41 253 -238 -111 -130 41 127 318 126 110 -257 268 -192 -123 -56 -117 136 102 223 -204 -45 284 -181 -199 -174 3 234 -160 37 -271 113 21 169 195 -271 329 -94 138 -271 284 -197 254 92 245 -220 -228 306 343 221 249 -238 148 -317 342 72 -32 358 25 -16 -301 288 317 23 -177 203 -341 -232 -278 8 -132 -165 239 -93 -4 267 307 179 5 -54 319 -95 -241 66 -331 -351 -94 -242 -236 -336 20 152 358 162 308 138 -227 -146 102 -259 -327 -265 298 269 189 -135 72 -300 -340 85 -12 306 -155 330 -192 189 -172
-314 -234 -174 12 -325 -59 -83 -190 -106 333 -100 349 163 338 -308 48 -255 -340 -208 -279 330 -217 -203 330 -94 32 195 -108 214 -86 -255 248 13 75 7 320 -198 230 -1 -161 360 -10 307 -51 347 38 -41 -209 -186 24 99 164 299 280 -7 -256 177 2 -193 -58 238 290 -155 189 94 240 17 293 -157 -322 -172 65 104 -138 -351 208 -22 127 -64 227 149 -284 -348 -207 -247 24 -121 -117 -151 -123 274 277 -305 274 314 252 -86 306 241 15 -191 -287 208 -216 279 93 63 -4 201 291 -60 -74 -334 -178 -76 -41 -318 324 346 79 -163 -70 201 -336 58 18 236 -346
-90 -218 -182 284 -347 190 -350 292 -15 173 335 235 193 95 209 42 19 -115 67 -49 137 -295 94 -62 318 -53 82 59 193 340 194 320 178 102 70 180 36 -50 -53 207 -194 -90 327 -90 259 -196 -76 -161 -229 -20 285 -265 161 133 242 169 -290 318 -25 -148 266 -48 -323 -111 -117 165 291 350 344 -237 -162 -346 126 -266 -199 170 228 109 57 -118 314 -111 -307 249 -91 212 129 -231 295 -292 -286 349 109 -344 -204 -298 -132 -337 185 -72 234 -324 -351 9 -346 -88 -30 16 -170 5 -219 45 -75 251 212 107 293 -136 -217 -32 93 340 -222 -129 229 -189 81 -64
218 178 362 -310 -273 -60 -232 217 178 -154 -354 306 -354 -213 -148 -136 5 -204 279 -241 -281 -214 -221 258 -323 51 -286 -359 201 336 -153 130 36 -276 267 122 -10 273 -160 345 -70 -4 130 239 246 337 39 -134 -209 -123 -286 -29 -327 -169 210 206 -278 255 25 347 343 292 -36 -221 233 313 163 67 -129 46 119 251 -78 -342 119 109 118 160 -107 176 317 -316 38 168 -307 144 -183 361 249 -296 57 207 109 -252 -250 -11 257 -294 240 -329 -317 -316 231 -360 48 -248 -318 -23 298 -122 168 -252 -91 -102 -210 -312 289 -203 73 46 100 190 136 230 189 254 -157 235
-166 170 271 274 329 262 71 -149 -78 55 178 -83 93 313 -118 111 116 278 -69 279 76 104 -194 154 -123 203 -106 -265 297 200 145 259 -222 73 14 -347 -27 -255 -197 -254 -246 -185 -67 238 123 245 189 165 -219 -55 -330 -265 -193 -231 -321 -281 -327 9 -100 -1 -202 255 36 239 81 355 222 101 -251 -77 -74 -304 -125 212 90 17 240 139 166 -231 -89 207 -189 -191 55 -268 -21 -221 -323 200 -104 -158 306 48 -50 165 -212 244 256 255 328 269 -79 -318 -216 347 204 277 157 54 -71 -90 322 173 200 -224 -214 60 13 133 -14 -117 -122 -17 59 265 -112 262
-47 251 -148 -319 -352 -325 167 258 129 -203 -68 -327 257 81 -274 169 -79 -265 -17 -273 118 279 283 -157 -174 271 338 -40 78 247 47 -327 -198 202 167 6 -257 314 319 342 335 353 -273 51 -63 -314 -150 -257 123 166 -235 273 -299 312 -107 -5 129 -344 62 -76 -306 -50 57 52 69 -286 331 292 -130 92 -21 161 -178 -139 -361 203 304 344 -146 -289 -218 243 181 238 352 -303 361 -277 -10 -6 94 -356 147 50 -34 98 62 -185 -154 -3 -350 313 359 -238 -113 -30 -317 8 -174 220 -332 163 -93 -93 -128 -206 29 -71 252 204 76 341 74 -168 70 -62 141 -10
-70 344 54 -229 250 -282 -226 73 -226 104 -197 -55 141 -166 179 -212 248 159 -85 -193 -322 -312 281 346 -132 107 -271 36 -234 119 329 -285 -338 318 318 95 -229 136 361 190 131 -80 -4 296 -54 -59 -307 -143 -55 -285 323 302 68 257 157 -229 312 238 26 205 -185 189 310 -347 109 6 -43 -118 -156 256 302 -213 169 -124 -238 -346 -265 335 -11 22 93 -185 -87 250 -302 343 -175 -72 139 -106 115 179 160 339 47 -227 294 -197 51 -326 197 -340 233 -202 241 119 -175 -245 -211 -362 72 191 -327 68 -71 343 -218 161 254 75 -207 257 -173 -173 80 -1 348 172
218 45 97 -90 332 -307 32 -70 -156 298 -313 67 305 -36 5 -67 289 62 348 -200 -61 148 -59 -270 -24 -255 -230 91 -265 100 100 154 62 29 -31 109 -276 -339 -282 281 -68 102 -37 143 -196 225 -356 -115 -289 26 -5 -280 -303 -84 -258 -178 361 299 -353 27 -227 213 -257 79 -11 -164 -248 -162 320 261 -142 347 -175 220 180 -37 -163 -280 199 -44 48 305 16 7 204 -338 -318 292 -9 282 358 -109 58 351 -280 -62 -206 231 267 -126 156 151 -62 102 -132 -351 236 -267 70 306 150 -349 -333 -334 260 44 -94 257 -153 182 128 -309 -338 302 -334 -322 289 -336
-39 114 319 202 234 139 -202 -279 115 179 246 84 -78 267 -38 202 -42 89 -350 -83 164 -89 163 110 -271 261 46 215 227 -93 170 184 309 -213 -157 -183 -191 -50 -125 -117 -312 -86 -213 49 241 84 -241 -175 339 307 -62 106 -47 347 84 -95 143 54 -32 -242 -90 -186 43 131 151 224 -333 -322 74 357 337 -142 89 94 -90 -318 -198 -221 49 259 -294 -145 235 -163 -79 254 -165 19 222 -78 -99 312 269 -66 -269 323 -108 -52 139 -39 304 145 250 -41 278 -118 188 -341 -223 -220 312 200 247 25 32 -360 -36 76 10 107 -176 -201 126 221 314 130 -213 -27
-260 -266 284 222 -358 -79 -285 220 271 107 266 213 -335 -110 -66 -99 -308 -294 -31 -245 102 -187 308 267 111 -99 -186 344 149 320 181 -32 53 -354 -101 127 302 229 294 275 -11 44 -310 -57 -295 -254 -227 -195 -243 36 194 -71 -332 -360 304 16 220 215 -96 281 -180 -329 217 186 -3 136 91 -36 256 -216 266 -106 -255 -58 187 -351 201 112 61 -233 -36 344 103 -78 -137 -79 -23 87 127 62 -239 249 26 -7 -344 186 -37 -291 -187 -274 85 -211 -217 -220 -163 164 273 158 -73 -1 -215 210 -63 -327 -260 305 -228 -354 -209 321 71 -92 298 -340 7 -26 144 -123
-46 320 -120 159 200 244 282 -211 -59 282 239 277 -14 -77 -124 -64 -56 -329 237 -118 -266 136 222 103 -209 336 -345 25 218 -174 -202 338 337 -362 -157 -176 -234 265 -347 325 -349 -85 -63 114 234 -265 -293 125 300 -254 102 326 -151 116 64 -296 -163 -289 -277 111 -316 65 38 33 -86 266 172 164 336 132 274 53 268 38 210 220 -345 224 138 -224 -4 101 316 250 -335 -91 -133 32 248 2 321 104 -168 -275 -338 89 50 -1 81 101 -254 -184 75 350 -228 -160 21 185 280 -322 -244 -27 299 302 -99 -126 -285 -337 -252 -214 173 -50 -193 69 94 -276 -215 108
-287 118 -31 -337 336 171 169 76 -304 -330 -348 275 31 326 -353 -348 -268 291 -68 -292 282 -182 67 315 13 -296 284 17 292 -194 -11 -307 260 85 358 -106 -175 218 -135 236 -211 161 -50 328 -77 -113 -35 56 117 278 258 -56 -143 -282 294 -26 -47 229 -133 -89 -201 143 315 -300 -308 -108 -241 153 94 280 70 -221 229 -323 139 209 353 339 325 -208 224 -76 -140 -269 -298 -307 -42 -160 327 -212 -244 -54 115 -349 162 -338 49 -108 -354 -274 174 175 -62 -187 304 -259 184 40 -312 177 -197 337 -189 55 204 53 -335 292 285 331 167 192 -12 -197 89 -84 110 178
231 -50 -242 330 362 -145 322 51 -245 -47 61 -89 229 126 -181 94 -8 332 110 -61 242 -16 -147 -69 -37 23 114 145 85 -95 60 -41 147 197 112 -136 115 -302 229 94 -88 -340 274 -11 -4 290 83 113 -61 30 -269 -20 125 274 -3 -355 -342 -95 -162 283 -179 78 -234 233 301 -240 -140 -51 140 -145 124 138 204 -154 -216 -13 -44 257 -190 312 -269 283 -10 -190 -30 -292 -209 -174 -244 -215 -203 -19 98 287 210 -186 31 117 -174 -202 -136 226 -29 310 -91 -287 -123 -226 293 -190 128 254 251 275 113 -49 357 251 354 159 -279 154 -69 -36 101 -209 20 8
-351 -296 -77 144 -211 -127 -234 186 -121 -177 -156 163 -124 -80 -341 255 -182 302 139 352 -326 -214 -239 -44 -195 124 333 -148 -217 45 243 -80 -169 -228 162 -333 -288 -162 -43 -113 -104 46 218 338 351 272 -94 -144 129 164 -359 -125 89 -186 -58 -341 -250 -30 231 -340 -206 18 181 -9 218 -216 -283 -226 191 -22 -209 -91 -312 -76 -252 -356 303 -298 -125 316 62 10 -207 71 238 -263 143 57 290 -83 322 -268 10 5 -302 57 321 -151 222 312 207 -85 -196 359 318 355 282 -289 186 -56 167 -194 -134 66 306 87 183 54 52 -109 106 189 -34 211 161 -209 -335 -283
-181 -8 47 101 -77 135 51 107 -220 -147 -140 -270 237 106 346 152 199 -169 95 143 -45 91 360 -107 309 346 62 -88 -256 -175 146 -235 -159 -217 -192 28 232 -314 352 229 -219 -134 -108 -92 -59 148 -316 -233 -103 -246 -155 -98 233 182 336 -234 -296 -141 -34 152 47 272 -22 -261 44 118 179 -235 -160 130 -76 252 143 126 -198 -30 -27 -66 -275 129 341 48 212 95 231 54 215 -185 58 127 60 -9 163 153 -46 -138 -278 92 191 -195 82 -125 -83 103 -295 235 130 6 298 80 -103 -202 -2 -258 351 -175 347 117 96 94 116 164 87 -38 -46 -83 -134 76
121 -154 136 -262 -297 64 -353 -139 290 -284 -134 118 297 181 -332 335 -194 18 -246 198 -124 -251 243 16 101 249 -62 196 223 -353 -230 -253 349 308 -16 -240 -360 112 69 -249 -211 127 -324 230 113 -191 218 -183 202 -180 197 36 -42 179 -227 339 154 -128 -263 -201 -73 319 -25 225 139 -251 220 79 -56 -185 128 199 -159 -336 -194 -49 -172 -331 -81 -321 -307 41 -98 -61 -356 314 11 -119 92 -267 -335 -137 -115 -75 -311 -74 356 279 -300 -283 161 -305 -12 330 -28 0 348 22 302 -25 139 -187 68 -9 -59 232 268 127 -279 -104 201 -239 219 -331 301 331 200 89
267 310 -98 207 57 -14 268 165 274 -213 -338 -159 317 -8 268 154 -218 -166 2 225 321 94 -303 -268 -78 274 327 240 -226 -299 -280 74 236 32 271 -299 -184 -112 -52 233 -140 -315 276 150 299 -232 354 -8 -139 118 92 102 -92 222 214 -104 -21 -99 81 120 -255 279 -275 -73 -148 -88 29 -102 -27 -333 119 300 -46 -71 176 -159 129 -117 -27 160 -318 114 -8 333 227 276 354 -280 -203 202 -352 299 -244 139 65 -185 99 285 208 -5 -219 -105 281 20 -287 152 26 19 -331 184 -343 43 70 32 306 122 -330 111 -225 255 188 70 -117 50 336 64 344 -177
128 100 -291 -84 -73 -166 43 252 56 186 -192 -328 -78 -36 -325 -9 -269 -8 -179 -212 -225 -168 59 211 -322 235 281 -244 -209 322 -187 51 -150 247 -192 147 39 194 -54 345 264 303 1 70 -153 109 -105 -6 -82 -205 128 -140 -179 135 -118 19 -171 20 -320 -299 -189 -52 -107 -6 -42 158 -226 321 357 -171 183 147 259 -120 85 -126 133 -16 271 -323 -105 150 322 80 -278 -12 223 311 -286 41 39 -203 -355 -337 218 -162 193 281 303 -124 -191 -339 -19 243 -286 23 193 238 -14 102 343 12 -235 248 -76 125 -210 155 -225 339 -267 -241 285 225 -6 -285 -59 -168
-45 -13 -46 -236 240 123 -319 40 73 298 261 34 162 -357 264 59 -235 35 -321 -244 275 274 -206 305 113 -114 199 -254 -352 313 -183 -98 -298 -16 272 -302 -330 342 238 283 -35 362 -229 -227 226 -311 -57 37 -225 -115 301 -72 353 -185 -198 282 -31 346 114 -225 -94 68 155 -20 -259 299 117 -359 250 264 -48 81 -322 -82 122 -263 63 -53 -35 262 -291 -23 -271 293 264 157 -232 59 78 46 3 213 -189 148 277 -131 -60 269 -93 130 132 -308 18 173 -316 -353 -246 -302 210 322 -134 -357 145 -124 -243 328 351 79 25 85 -236 -13 329 221 -27 -208 220 272
41 -263 282 20 278 196 -14 -191 -246 -237 -132 -125 -55 2 -226 277 83 -349 179 -350 196 -30 216 202 -288 235 168 -286 317 307 -33 -134 -323 284 124 248 -145 293 203 -61 275 114 243 -252 -90 -181 65 31 239 -356 -239 -358 -238 265 136 331 -280 -266 -214 180 -65 -16 -17 -312 165 208 -173 326 -292 191 -302 256 -176 86 244 -97 322 -357 -358 -344 -6 60 62 353 231 174 -82 89 -282 -144 -181 43 131 227 -97 -135 -295 -49 -166 -16 -349 -48 -246 -358 -167 300 -125 -281 314 262 87 -143 -283 -350 267 13 -333 25 -130 71 157 235 -65 -81 1 90 -117 276
175 233 40 -35 210 -57 -333 -124 -235 -98 4 -330 6 76 138 -80 240 39 -331 268 250 222 268 51 12 -243 285 -145 296 -193 -289 355 -302 -236 80 221 195 193 -95 85 206 -284 179 4 -233 -189 -307 -90 58 -237 -79 -335 3 -24 248 -352 -300 -353 -184 270 81 58 -44 19 95 -229 109 -108 -156 -234 90 -191 313 -268 140 355 -321 9 319 -36 -301 -248 343 -208 353 131 129 254 -175 360 38 91 285 350 103 90 -358 113 -73 -109 350 259 -196 -280 -213 192 -296 -17 -354 186 -90 -61 -78 -190 -116 -289 -296 11 -61 359 271 -326 238 152 -292 -46 332 -156
-194 197 135 225 34 -7 -192 325 349 -13 85 -101 -83 133 256 171 64 -269 74 -140 274 -62 -65 -140 -358 -28 -236 44 260 112 -143 198 257 -305 -75 -182 -82 -331 354 -154 37 -69 115 -254 37 -341 309 -28 211 198 -292 65 275 -342 -150 139 -270 -320 127 -40 254 -291 -133 -233 281 -218 -249 -84 -182 135 -296 303 -191 278 -145 -352 -155 310 28 -301 100 257 -178 267 349 -268 -91 299 116 -309 -108 -45 -345 -44 192 -84 -53 -268 -91 -126 -215 307 9 -273 -128 151 132 -316 -54 -161 264 -41 23 343 106 -169 -266 324 287 -145 0 -121 -14 309 288 245 270 306
-128 43 114 -48 -321 -306 97 -59 -241 -110 203 -52 21 239 77 -29 -34 255 183 -111 -37 132 76 329 352 255 217 -75 188 262 -354 -207 -326 -238 -188 175 242 -185 -28 -87 -329 -138 -275 172 -212 -268 207 40 242 14 159 -239 4 353 174 -78 81 -157 -8 -354 -343 279 -47 -225 121 116 233 244 -91 301 300 74 -176 41 227 230 300 160 -321 -320 263 21 -73 -39 106 -358 -109 206 296 -201 18 -199 4 -298 -253 341 252 -208 -210 -344 -190 -112 -156 -289 -200 224 135 339 -94 -13 242 218 69 -7 -93 357 -209 -19 -137 -143 137 38 -138 -194 105 -136 -84 298
-280 6 -54 297 -14 -306 -70 94 305 276 344 -346 -31 -203 -79 -258 -200 98 172 342 348 -78 -176 113 218 361 -70 -84 86 110 73 138 -52 89 -310 176 171 -244 323 60 -91 -319 294 254 -73 -144 255 183 -170 -288 -200 -137 -137 78 13 80 -106 -26 20 216 -34 93 25 -37 237 -280 60 -13 -204 -298 -150 337 -114 254 150 -296 -326 361 -357 120 242 -8 242 112 -181 188 -222 66 319 198 -133 74 -34 -207 -303 -325 114 -198 -5 14 -86 -112 172 -184 360 -347 -192 -213 -165 -289 -31 -6 63 182 207 189 69 -279 -252 -360 227 -118 -28 6 94 -13 -124 47
-218 135 -282 -237 64 -31 -292 -77 252 325 336 334 -39 -33 318 122 152 -24 -18 117 70 -182 312 -42 -184 -164 -362 14 225 -287 -84 118 -120 -240 274 83 -6 227 -180 315 71 251 64 321 113 259 -323 264 -199 -225 119 -99 -61 -90 278 29 -202 -328 -342 340 161 -190 313 259 -112 -360 -331 -58 48 -103 -320 -354 208 307 -162 -20 244 -292 -132 -223 172 229 90 239 330 280 -274 313 253 226 284 -185 107 198 256 -338 -311 276 206 16 206 145 41 19 -214 314 -284 42 57 302 -14 301 -353 190 -37 -50 -78 -33 -317 71 272 -279 -257 58 -122 -25 262 -326
-341 -181 -155 115 -279 -326 -56 65 243 266 83 182 114 103 285 -162 -143 -281 -145 132 -43 99 226 -346 -222 -206 54 -337 67 -74 78 -87 -242 201 -9 102 -94 78 -194 71 -307 -63 -313 62 163 -63 49 248 -40 315 -56 23 249 -195 127 362 -43 -108 36 -305 -115 -102 -305 276 159 294 -13 -115 114 195 70 289 -167 196 203 140 -44 -37 -56 198 -121 258 182 262 -155 -202 -80 152 97 163 325 -113 -38 255 89 288 186 -217 271 37 33 189 -299 -305 47 194 -253 39 18 -205 97 -154 349 -259 145 194 46 -271 -235 70 325 -118 -201 -338 181 -220 -183 -147
133 -353 -152 -103 181 -64 -60 105 -76 -254 345 -37 102 -202 -318 309 -6 -267 -216 -5 158 -258 310 89 4 14 206 -248 297 120 66 190 -278 256 -141 -55 311 309 58 225 -47 38 -86 -224 309 -18 279 -208 66 91 -166 -94 -296 -227 279 5 331 68 341 -309 -10 -221 -139 149 -223 18 -226 127 -99 -83 -356 332 -143 -331 321 135 362 107 -110 360 327 275 254 -172 144 -56 324 -163 -110 358 207 62 -155 -20 105 -335 -250 -3 232 -339 332 302 262 161 351 93 337 -120 345 -182 156 -245 306 211 -115 -336 -255 -288 -27 -143 -182 -299 39 -165 -108 258 205 178
-230 -23 -120 -143 -284 -354 321 -349 168 -296 317 268 252 162 98 30 -179 333 -201 138 124 -110 -21 351 172 169 3 -212 105 -48 -328 129 -145 -69 -346 -214 -196 133 -172 -258 -12 49 73 233 -170 202 329 263 -26 121 85 340 -257 -136 -120 -64 114 -104 98 -345 123 -249 346 -337 -112 89 347 99 103 -45 354 -16 -147 -141 262 -206 -160 182 12 238 -46 -244 -62 -259 -237 -190 65 -45 352 356 79 -12 -274 -310 -94 -134 335 -66 64 -4 -100 278 -63 235 216 323 -233 69 -331 -7 -114 -331 -351 147 205 3 -76 56 -34 139 -84 2 -86 -6 -163 306 -308 -202
-217 104 -242 224 138 -6 -189 -21 30 -321 -95 38 97 -326 92 38 220 262 -230 274 -254 -90 -2 -57 -347 -236 -51 121 280 308 58 264 318 -328 243 62 188 -71 -288 -103 -217 -125 225 27 33 -246 133 18 55 149 269 -331 -124 -90 -228 315 237 -182 -230 28 -99 267 128 -91 -290 117 -316 -10 -32 -357 69 -342 -5 233 139 127 -20 8 344 91 87 -185 -5 -13 -75 -152 166 -246 325 170 -182 -288 -125 277 356 -295 -70 150 314 -302 166 -88 114 78 58 291 -138 331 232 -57 -266 -203 -244 -68 92 -266 -4 312 -7 -358 -177 -202 -362 -146 -84 -316 225 289
159 338 63 -99 310 -94 70 175 -330 -185 147 221 -51 -235 230 17 361 255 224 0 -96 314 -60 -291 -348 -189 -263 275 -296 241 -184 -141 29 190 153 -255 -107 -61 290 -65 -217 65 -344 323 283 242 125 304 204 -279 -321 320 -222 -205 298 183 -120 134 -70 -145 -141 19 -94 -329 -235 -283 39 21 -195 166 -31 -333 -176 86 206 -73 -276 55 -266 -335 2 -44 -46 -159 -271 -174 114 288 92 -345 310 -32 -171 104 -141 -202 134 -359 239 7 -136 -139 -25 -116 -164 -144 -331 5 90 277 -52 14 289 -343 184 216 50 66 -50 -223 -111 267 -247 -205 -185 77 -96 -314
313 -272 -67 247 275 192 94 231 -153 166 -265 45 173 174 32 30 333 346 320 137 -29 282 -248 -352 -153 21 -5 -213 182 -127 11 -231 78 44 -120 131 -41 -4 -292 341 231 337 63 293 -331 -28 239 -302 -347 311 213 151 304 -59 -338 293 26 -300 181 236 -307 -210 31 359 29 194 -255 -65 -18 -217 138 -317 327 202 -284 -133 62 89 249 150 -23 -154 3 121 183 -235 -155 55 61 -27 -70 75 108 276 -311 -103 337 76 311 -171 139 -235 -49 -75 -310 -303 86 -290 39 -16 -330 167 -289 239 -160 -191 -62 -158 -181 -170 53 -239 287 -230 -108 238 -321 -266
37 -318 273 343 62 -136 -28 150 -203 161 75 -23 68 -6 -227 233 -310 -334 -71 188 -323 -344 -292 -346 -53 -100 5 -110 -24 199 358 184 -244 98 322 -116 79 -171 -302 -210 -229 -146 -124 -230 95 -150 60 358 276 46 -312 -136 99 28 -109 -73 13 249 -115 235 325 31 182 102 -194 -115 263 319 290 215 264 27 346 -97 314 -158 330 70 -239 -186 199 98 3 219 -214 178 1 69 325 16 -151 -234 176 -139 -100 -277 221 65 -358 71 10 217 -110 -61 -309 119 -138 116 -205 -115 319 -104 348 137 92 -69 -64 -113 172 113 288 16 172 -133 -254 -127 -20 -65
171 -131 21 356 -338 11 -187 311 -343 49 322 329 55 -34 31 -270 -284 -2 -170 -213 -248 -323 -202 138 -225 -239 -324 129 298 -115 -197 90 -106 274 -85 323 -129 -49 -353 -100 -255 76 -242 239 307 116 66 -206 -319 -110 303 -289 -227 75 248 29 -76 -319 284 -339 105 -340 38 240 128 23 -119 110 34 39 83 146 -205 126 -245 129 -147 93 83 -200 70 17 361 -4 20 252 90 -362 -122 114 -219 -206 -188 129 -63 113 295 -231 168 -56 -92 -283 -101 260 -228 123 -323 -137 129 164 -15 -26 -228 -265 203 86 183 190 -207 133 -358 -202 237 240 -266 221 -264 -88
-283 -352 229 153 268 296 208 313 -72 161 254 -209 318 -96 -344 -48 241 111 147 234 -121 -253 66 -293 201 -300 -38 -180 -275 221 -289 108 -22 217 320 193 -96 -321 20 113 -317 295 198 173 185 193 304 1 -35 -176 109 -338 321 -81 -300 -129 -287 -310 -68 84 264 309 -180 -174 117 -230 360 -262 154 -183 129 352 218 -27 19 -206 206 -32 -340 249 239 305 -305 -24 41 94 147 271 -182 209 270 -76 -26 2 -319 -191 -66 285 357 348 153 -229 226 -34 -334 -351 -241 -237 -236 -315 -162 352 7 26 -183 135 280 -146 -9 301 190 -64 -192 131 269 -110 -221 -148
-265 -342 250 97 -101 -69 -156 84 96 -185 35 38 -46 -321 203 81 179 -75 -83 -233 54 -229 -156 63 -264 18 25 327 163 -320 -151 201 -184 -70 202 13 61 32 4 54 -344 -260 358 234 -88 -68 -43 -218 298 -267 -169 -252 11 -152 -350 -349 69 -152 263 -162 -109 -285 -345 -238 -174 144 -129 -243 220 28 122 -196 -118 291 -139 -233 -245 -145 347 180 -173 -36 -124 -47 149 322 194 -86 -227 -170 326 -291 -206 328 -249 362 324 -159 -190 -268 143 167 57 43 -187 -248 -128 2 -351 259 24 -38 264 -123 35 -64 -246 280 -97 -70 -125 -73 -290 -103 -140 319 -242 74
-62 102 157 113 -357 -165 -244 -289 343 -227 -186 -11 124 134 -62 -48 157 -163 -179 -327 -356 194 206 -184 299 -13 109 14 120 -107 330 -73 -94 -95 88 -164 -185 -178 -258 -79 -284 300 -150 -249 183 -331 -140 179 358 -254 -68 -19 -230 300 -220 -237 186 -101 307 282 -144 107 234 101 -27 165 -205 70 1 -335 143 -169 -128 -210 334 -286 -43 168 74 27 215 -167 299 146 126 36 -225 -186 -276 199 -144 209 -83 127 29 -158 318 -340 177 359 -7 158 -269 -266 -72 334 -151 -230 71 -3 -333 342 -95 332 46 224 134 10 -8 115 92 -55 -315 54 305 321 -253 24
348 -10 -131 77 127 -223 320 343 336 -151 334 -278 225 -281 68 30 -293 -253 -16 249 150 88 41 288 -191 79 -10 97 -200 135 -58 189 221 291 18 -25 210 -189 177 2 -170 224 339 -42 -29 279 195 -309 -338 -300 257 -147 -316 -294 -347 -101 191 115 167 230 157 307 -150 -36 -337 -116 158 251 -204 -12 2 -300 -298 6 123 -53 -1 301 -257 169 -57 -237 16 -293 -123 324 -115 354 -306 106 -357 106 315 142 190 -95 -159 255 -13 -40 314 -147 -327 293 -207 -346 306 -51 102 324 -308 119 2 11 348 -143 -361 -103 -313 118 48 -42 351 273 -111 91 -236 -123
248 247 -218 44 294 -60 -171 330 -229 -83 -4 180 -308 148 160 321 286 -185 35 116 -331 165 179 168 -148 145 3 25 129 77 -195 112 71 297 -115 347 28 -255 39 -195 -52 283 -115 -198 -321 344 -25 -61 34 -324 108 273 -188 181 -1 304 220 -259 43 226 5 -42 -212 253 -173 -357 65 -265 -344 -343 3 42 -3 -81 132 346 166 -335 -83 -190 -41 -224 5 193 -327 209 266 173 -117 334 -162 357 76 338 78 41 -139 -55 -44 274 -107 344 -128 210 -222 -347 152 244 45 -101 -120 292 -291 -47 279 -170 28 -361 244 25 227 74 -338 112 -225 108 10 157
-303 81 22 120 85 180 -154 211 105 -10 -349 42 124 -167 41 229 167 358 -298 100 -252 -290 104 -234 284 73 99 257 264 -182 128 -280 88 164 277 188 200 -97 -241 -117 -270 279 282 -243 283 361 -14 170 -302 35 303 149 46 -124 -71 -138 357 -297 54 -64 -230 242 180 -9 -122 337 30 -30 -113 256 192 201 -137 335 -96 243 358 156 82 -280 327 -324 110 -246 202 -256 206 -317 333 -280 -235 -332 189 -140 24 9 -170 126 -56 -5 249 -247 141 -328 -330 39 -101 -327 320 264 -213 302 -242 167 80 -357 -304 298 177 332 279 -206 -319 -278 -223 -351 -177 331
-248 66 121 177 300 256 115 310 -21 -249 -115 188 316 75 -121 -301 -330 -137 -280 12 276 169 334 155 -71 -157 -189 137 112 -274 -136 355 20 168 61 -137 -188 -54 316 -294 355 26 -308 -78 -64 -185 -328 -27 200 284 288 306 215 -210 347 -334 -84 303 -136 168 240 47 -18 -5 -249 80 51 212 -292 230 -197 213 -245 -29 -271 -135 87 -318 256 357 -323 43 -67 -338 -84 -59 45 268 -222 64 192 -309 2 227 -183 159 -6 -341 -58 306 -109 -314 -254 248 -156 10 289 -99 -241 60 47 235 241 -37 -70 -142 -89 -145 -8 -38 -296 73 -271 -289 -78 35 -165 -85
4 -279 190 147 337 220 242 -30 26 68 249 275 24 23 266 0 -125 -86 -26 -85 -109 -271 38 -213 -231 -162 -20 -304 -161 -4 -23 250 271 349 -183 91 -206 302 213 179 -236 -73 337 -25 -16 -78 -191 257 -103 46 -141 -55 -176 3 -283 -157 70 196 -215 -179 -285 -22 55 -247 -345 -55 -205 -239 -246 181 -310 303 272 -77 -88 -35 -123 -145 -133 345 249 23 -56 167 -339 278 124 -66 354 200 341 -135 192 -9 -196 254 341 159 353 128 54 -301 -305 125 161 101 240 -44 35 160 -88 -121 176 350 127 316 -185 -276 -343 28 -248 -72 -361 -350 -72 357 220 -175
236 -38 -50 -57 232 -299 -62 -143 -18 -248 -130 23 7 -200 -350 267 209 -59 164 -334 202 70 -221 -31 174 -57 -147 -31 36 92 252 -169 -58 236 177 130 234 -131 -198 292 341 317 316 -25 -30 -217 303 344 30 94 65 -268 -188 -213 350 255 -297 -286 -335 -158 158 -292 237 262 291 -176 -234 -136 313 -213 136 274 -21 178 65 -328 -55 -338 102 340 164 -248 256 -195 313 -184 -361 232 -210 -36 -43 -249 335 -82 -34 317 -34 252 -20 -356 216 107 92 229 227 -151 115 -96 -154 126 263 -312 -25 -5 49 109 -208 -21 331 107 91 -219 7 -57 47 55 193 -108
-200 -70 205 310 -118 -285 -14 -162 -9 -41 -192 -166 329 295 -52 -85 244 -306 185 272 -283 -205 -330 191 295 248 261 -220 -233 131 -76 252 257 -103 -337 178 348 300 -169 -114 -344 -240 -271 353 195 -111 -60 -271 -305 337 28 194 -57 327 214 168 -153 -339 -134 332 -133 225 -302 -307 317 187 -167 353 -89 140 -205 203 -152 269 -5 -79 -224 -94 350 144 69 8 320 227 72 244 123 -224 278 223 -79 311 -137 -266 -173 -169 -189 -26 -49 116 28 -279 335 270 -104 127 -301 -97 -95 266 -130 -336 46 339 -197 74 -158 128 -321 -132 -71 219 109 13 -341 -253 -170 335
124 5 -81 71 -360 189 258 213 -127 117 362 204 31 -101 240 76 248 -15 1 -109 230 -53 -182 198 -140 -361 300 144 287 -348 -209 -318 285 -90 -23 170 85 -80 59 300 -336 252 -302 -313 331 -327 67 -352 187 306 -274 149 262 151 -129 -140 95 299 -282 304 29 -76 -320 257 29 177 258 206 35 182 207 -281 37 30 -289 169 122 -159 25 -211 -100 -64 126 -86 239 81 -196 -321 -61 143 154 -337 92 -215 -329 195 -238 308 -149 30 -346 -286 307 -76 288 156 -299 -178 258 357 -60 33 274 304 65 1 -207 -191 141 342 -214 -149 187 282 -310 274 -133 -69
-76 52 199 188 337 263 -232 263 194 -309 -118 -242 -90 -80 -7 -109 -322 357 -330 -259 -296 -245 -306 353 311 151 -222 270 98 -302 -356 -39 46 -356 227 -323 -104 353 323 -105 -70 224 135 195 -235 238 28 199 192 285 -98 -352 292 -196 150 143 349 327 -241 281 6 -94 235 -47 118 -124 -175 -271 52 -306 291 278 203 139 248 -115 -48 -186 199 290 104 -298 283 112 -61 106 278 84 297 299 182 235 -36 -256 20 14 75 47 -33 -128 112 343 135 223 -199 328 -223 301 -187 53 231 65 153 4 337 331 -154 -231 -7 -347 348 256 -10 153 -49 -62 -8 81
315 -313 23 -214 205 273 -175 88 201 -136 57 -306 -23 168 -254 348 -46 -129 103 -241 205 -350 -150 -8 -307 26 -269 118 -318 -84 -175 -53 -200 185 265 -221 -312 -227 18 183 -223 205 307 132 -241 -290 -245 -263 87 357 -35 45 -344 -13 338 69 213 86 150 -139 278 -54 325 251 -161 167 203 152 -296 -6 -62 178 -332 -177 -222 247 137 -256 -326 -82 30 334 312 181 115 -353 0 -144 -205 54 -232 65 -318 -108 340 -228 -360 3 134 312 -21 -302 8 -152 177 -97 -275 217 -117 -153 -164 -294 84 222 18 -39 213 239 222 81 184 -341 -325 358 282 337 -283 -77
191 69 -224 84 -288 337 335 75 -24 130 354 -46 -284 47 286 -87 -22 317 -132 -297 -123 -256 -1 133 152 201 -209 -254 112 -243 -185 206 280 -340 120 184 -193 -101 -200 153 306 -113 82 -360 -316 -111 -229 -35 169 351 259 -51 -52 200 187 34 -93 134 -331 207 75 66 -120 303 -232 -233 283 282 -1 111 -198 15 -38 320 -76 -359 138 -232 314 263 297 -3 -333 278 340 -306 -94 -216 218 114 302 -31 319 -128 87 47 257 -99 2 -216 16 42 133 -45 -81 -237 223 54 -61 296 88 204 -170 333 355 347 -195 -218 202 177 199 4 -356 191 55 -190 -77 29
206 -138 358 -140 62 -110 227 326 -345 -139 -47 -213 9 340 334 304 169 -356 -41 -221 -21 -223 -14 53 -107 -98 353 105 222 148 339 132 -249 -151 281 -362 -151 219 171 -185 -98 -158 294 128 -144 129 210 -222 252 -83 -336 242 -2 -140 -76 -292 280 -289 -252 116 -8 326 39 214 176 -290 329 362 -172 30 -10 12 335 -93 112 358 -38 -215 -268 107 47 -3 96 -63 -104 -137 -207 -172 -276 -36 23 184 -38 2 -324 131 326 -37 191 349 44 277 318 343 -71 -47 138 195 141 -122 -88 214 -296 -246 259 4 44 -154 -97 213 -342 165 257 257 -274 -256 341 -226
114 357 234 43 -82 -255 157 335 -220 259 -173 -296 245 233 332 -133 114 -244 -199 -97 329 -101 -211 -4 -329 162 149 -108 198 285 -321 138 -334 -197 122 -208 -74 223 254 -121 -346 -78 286 -16 14 93 -180 106 -124 -306 156 -252 -116 -277 -321 -189 184 157 144 -271 -185 119 343 -234 49 343 -338 -321 -179 -252 -200 -303 -266 -117 49 333 -262 -93 162 -181 248 -290 -264 160 -227 61 201 -47 -68 119 -302 106 223 179 29 -169 -151 216 291 -24 -95 -361 7 109 -4 -238 71 310 93 282 -354 -37 287 -47 -263 -202 -257 -40 197 10 -91 60 -170 167 220 -266 39 -114
-60 -228 6 28 -144 29 -276 -51 -350 29 -268 -268 -90 -158 165 -300 -290 94 -3 195 118 -32 32 -27 314 -52 -309 -102 -90 317 16 -320 -228 49 232 97 196 -122 -211 -254 -244 -14 216 -159 -210 246 -297 69 314 -77 -14 14 -284 -31 -3 77 -286 84 310 154 -165 331 186 285 -203 187 145 15 -323 346 -188 -215 -134 355 -231 305 -319 66 227 80 272 65 -355 -319 -5 -135 -324 72 -352 149 -131 -212 352 268 186 -86 -155 101 -12 -227 -161 48 349 223 -280 -253 -39 43 -344 316 62 -102 85 126 251 -264 35 -352 112 -197 267 338 259 100 20 -162 303 43
-361 -48 -35 7 -327 36 -275 -131 -123 -115 -315 358 17 -171 -94 316 -41 198 145 132 296 85 50 56 -92 -76 -26 189 173 -61 -57 26 -354 177 -202 -278 115 -271 336 101 -277 106 -127 -154 -41 357 -2 -45 214 -137 160 244 208 -118 -232 39 -255 -251 -80 -286 287 -97 69 -107 93 -212 -33 -140 45 -37 114 -190 105 -33 -276 126 46 160 -112 178 -196 -101 -159 -335 30 -138 105 27 -157 -81 91 -153 128 -355 280 264 -210 258 13 27 27 -48 30 112 -352 -119 243 -57 -192 -259 -111 -20 20 -328 187 -241 240 -64 255 -317 163 172 105 -196 104 -338 -65 199
-166 -143 -252 -212 184 172 -362 -311 -168 177 2 -239 44 358 -155 -51 -9 42 -120 5 -360 73 -207 262 -157 -190 348 356 29 -106 -225 186 188 315 -292 -341 251 -266 330 295 323 263 -333 -297 38 200 285 -121 238 -29 354 -349 335 266 82 228 -212 -86 3 116 -312 -197 172 -227 -121 75 -198 -158 -166 -317 340 141 24 -353 -157 323 354 215 260 -330 -356 288 33 327 -220 68 305 235 208 -4 -26 0 -99 14 103 -356 190 -191 -275 203 325 -244 176 108 354 162 -351 -249 181 23 -359 -101 -28 138 168 243 -176 -111 204 115 -337 -43 128 -295 -225 124 -125 161
60 107 -247 -107 -337 -252 354 -230 358 -123 -54 284 -333 -209 -136 -349 357 240 -28 45 -43 220 -260 339 -196 -318 356 171 87 132 -163 -236 -217 125 331 360 178 -44 -128 88 180 354 335 -337 -305 95 119 -322 341 -75 317 -110 -71 153 38 143 211 -309 235 307 -7 -173 90 192 -46 101 -25 305 176 77 -244 -15 137 23 167 203 170 296 -214 132 -316 353 -30 203 287 317 -118 -352 -311 233 -102 -289 252 -110 228 -39 349 -82 260 -236 305 301 100 280 -308 144 -349 -284 98 -11 230 227 80 47 -93 -14 -138 36 198 213 -340 271 324 -285 -69 -122 330 -214
-182 64 -141 351 176 330 70 -189 -186 82 -247 -234 -31 258 7 -129 91 285 176 -177 -99 -80 307 -152 317 -220 328 151 168 -195 201 -116 -170 -322 -265 -39 -266 117 222 -82 68 -113 168 196 -312 310 293 -207 -103 38 -146 -15 -209 -2 -141 288 -39 -199 -206 -128 300 265 313 147 87 251 -140 -59 -303 355 121 -253 -157 -264 310 -105 250 -87 118 234 313 -296 -176 -55 40 248 66 192 69 -274 -5 -164 -75 172 223 332 136 -344 287 72 -298 287 55 -240 -296 220 -336 -305 114 -260 220 194 76 74 -287 301 -312 -99 247 47 353 303 148 -262 102 18 -114 -118
-326 -192 258 -158 -42 10 -143 -64 174 -16 -52 -4 240 104 -182 205 104 23 -189 -331 59 -176 361 303 -37 -275 3 281 302 -69 -86 -97 -150 -16 -87 -250 -256 -25 301 -101 -327 -218 142 329 -205 32 -189 133 247 50 343 173 67 -212 -193 -61 150 -185 -117 275 302 69 268 -306 329 42 9 124 148 107 2 -4 -143 -121 4 302 -173 -323 344 -215 -149 224 -274 -359 -205 -243 -289 180 280 -326 -53 -210 -97 273 -169 300 52 127 -314 33 36 -224 118 -215 -14 -354 -9 70 -124 -173 -243 -278 128 238 -202 -208 131 319 -124 87 -352 -5 -134 23 5 -120 -192 249
-203 -153 -154 47 -218 144 106 -128 -81 99 -249 136 -259 -274 251 349 257 -351 16 295 -344 226 -219 361 356 202 -347 164 224 196 -213 -360 -1 6 -66 315 -279 -6 190 72 174 252 -223 -169 -17 228 95 257 -45 -210 279 286 -109 13 -83 352 -196 105 23 -44 -170 -29 -320 268 -126 -190 213 88 113 239 -146 24 323 -71 287 328 329 -356 186 47 -35 -221 177 -143 26 285 -248 319 70 -285 347 -234 271 -115 -80 121 -328 33 94 -249 -330 -222 -47 -106 -204 241 236 286 360 -220 -140 324 81 359 -160 190 239 332 128 309 -172 173 228 -176 -348 -99 -273 -45
-158 290 -207 -161 -42 -22 -234 223 239 -163 145 133 343 109 240 -243 203 295 10 232 -98 9 -86 -175 263 -236 -252 319 129 -22 -68 287 135 -136 225 9 -52 206 87 231 -283 3 198 -222 -154 161 -162 16 223 299 -172 -142 101 76 347 -189 -53 12 -179 77 -18 2 -200 -111 186 206 11 326 -240 -292 272 -167 79 -325 99 144 -27 -225 -361 -286 105 96 144 -175 28 -33 261 -335 173 267 -44 -147 -8 -84 -284 228 326 -259 246 -93 128 104 326 262 27 -298 349 -208 25 313 -332 36 103 287 -11 259 233 -47 196 -62 -126 -291 39 -165 -295 -53 -128 295
