113 204 122 -101 -67 178 318 300 416 -344 96 173 166 -393 -397 206 425 -129 -305 264 -509 339 470 -279 149 482 213 299 355 239 -497 43 161 55 -22 -286 368 -50 -270 -472 23 -495 -182 304 438 149 -342 111 -199 113 133 -56 385 232 -430 426 -3 -346 44 -174 -56 172 139 -50
253 -44 56 463 212 219 -303 287 12 449 -459 2 347 -509 -172 67 368 -35 211 -317 330 8 221 -281 406 -152 56 147 -290 -46 -160 -227 285 -438 -25 163 246 -200 -15 -186 -129 -277 -340 -193 -458 206 -60 -477 -101 21 411 246 -100 93 -361 92 291 9 -11 -335 -444 31 -379 460
-71 -105 -417 230 -47 416 -468 103 295 -137 481 -128 315 472 -222 -133 -253 273 -168 -229 -366 -237 2 345 -510 -7 222 -151 -177 425 -191 -157 -98 249 97 345 284 -159 -318 115 33 -449 434 -362 -260 324 -324 -87 491 129 73 239 327 -432 -270 78 325 194 -504 324 407 -364 477 380
-207 444 214 -370 -329 -145 260 -223 -181 66 216 -60 -447 -21 -197 -213 259 72 147 32 -360 -14 -226 -460 407 447 -102 -262 209 181 276 -400 -192 223 118 -333 -273 -66 219 -106 112 413 -307 74 -53 83 97 162 147 246 507 489 216 -134 400 -300 17 -301 132 -317 305 55 -322 151
-317 301 -74 255 -268 -299 418 82 -155 148 -367 48 -344 -318 -115 47 286 214 144 -374 -90 325 -415 -347 -326 -484 250 277 -32 -139 -48 -86 -115 -404 319 -344 484 -18 -353 -103 437 -19 205 -63 -31 231 80 379 470 -374 194 316 -492 479 -274 325 -37 -64 -430 -479 499 -101 -57 463
-27 -302 454 -204 496 -62 202 77 -282 402 -490 -66 272 5 304 432 -405 18 -187 436 38 -246 -23 173 262 -319 -241 -132 3 411 -14 141 7 -344 -456 -45 -169 193 -35 476 -384 406 -156 -97 374 346 -83 221 -390 251 -394 -107 283 -2 15 310 -89 -195 498 -304 510 -495 -79 -120
108 27 320 415 424 -314 -95 -169 221 368 -207 -88 300 324 60 267 -224 -40 6 -511 -316 -348 -54 405 458 243 -56 -207 -461 -87 -397 55 -333 -179 343 486 371 126 74 -152 -246 280 116 316 -342 -354 -414 38 236 240 -173 430 47 -293 442 -506 159 -419 257 -450 492 -109 -319 -152
393 -476 -167 313 506 -210 306 20 145 462 55 -467 78 171 -68 -502 451 -384 -499 139 65 -209 -500 -206 188 416 -142 231 -208 -247 494 377 -417 -381 -139 -169 -317 350 196 102 61 185 -434 470 84 -411 489 366 -185 9 -108 -156 -309 124 -346 296 413 -295 -416 -423 17 -138 408 203
131 -234 -137 61 -1 472 -105 245 -109 -169 -417 375 508 106 152 350 -143 -13 -76 -387 -150 79 209 -291 -92 49 251 -397 130 -438 129 107 376 506 256 -313 -161 -270 -237 -421 -436 393 -222 -331 -173 -265 130 -471 -419 459 503 192 166 460 71 -440 418 289 291 306 72 -62 362 5
-99 166 297 489 -281 421 -422 437 -509 28 -42 -422 -509 19 -372 182 350 77 -154 -106 -204 55 -12 20 -167 66 -456 -457 -492 97 -344 -282 -498 253 -190 124 479 -461 172 446 -182 -125 124 -361 279 22 249 -183 81 454 -335 321 106 380 -74 370 -404 175 409 -173 267 -229 -120 -354
452 250 144 326 -71 430 488 -358 449 340 -385 298 510 343 323 96 -238 238 -168 -512 109 441 -455 -95 11 222 -26 462 242 110 123 -408 -460 156 -340 -440 -235 -150 -218 433 -290 164 -39 320 -183 -175 144 429 -78 428 -482 -360 -142 -272 276 -123 449 444 144 345 -51 -288 -172 76
245 -78 -270 -54 -181 21 -332 156 -7 -243 -392 -260 -305 492 -69 -316 -421 216 390 0 459 1 -473 185 -415 -281 -146 -35 -255 -113 -433 -178 92 237 -382 -165 375 -479 -206 -450 410 12 -452 483 395 211 92 -401 107 164 -2 205 487 34 -78 390 -490 -227 143 -462 251 270 -402 135
-176 -64 -306 184 99 382 -283 370 64 -248 129 318 -119 -349 -361 -4 -112 19 299 341 124 -408 -219 341 -163 -421 -391 -111 49 199 -296 -260 -223 -93 -61 223 -324 11 122 -52 78 193 106 191 289 60 55 142 -199 -378 149 170 494 -34 -89 105 -345 196 -336 451 -501 270 -119 -492
392 -274 81 -151 26 137 -324 262 -37 469 -147 -243 91 -137 -506 366 -358 76 -48 -455 -343 -470 245 224 461 18 77 -415 260 -241 23 -282 -454 -419 -337 62 192 314 -71 298 -157 177 -14 -245 369 57 397 -321 -124 -259 317 273 185 -221 490 -225 -14 261 -15 296 99 -446 119 216
-289 249 -192 254 -450 89 65 99 -281 32 472 288 323 -447 309 -81 -363 407 382 413 512 224 382 -355 82 386 356 -174 85 409 140 193 370 261 -425 -257 -153 -125 -204 -339 -228 17 461 425 398 -207 371 369 50 -359 -307 152 -395 359 -399 427 128 151 11 -390 -372 -135 -102 -42
-123 -154 -264 492 457 -145 -446 -61 -9 -459 -279 182 -351 430 -44 -468 379 314 -341 343 81 280 389 -399 257 173 97 298 -466 -498 -283 -172 -320 274 -466 -277 180 -353 287 -42 -295 -300 335 503 -60 -318 9 -321 148 -145 21 155 -80 -215 -365 235 -26 -77 469 -185 -249 332 -377 106
-59 127 -387 272 -160 -353 -405 -332 370 -106 -222 -219 -437 -115 176 258 297 -266 129 -479 358 34 -286 -225 157 95 -428 -458 242 469 -18 -491 -311 -432 -255 470 434 -60 -93 68 390 3 -272 -127 111 -493 105 -94 -305 -511 -268 -222 192 24 23 235 -494 -349 132 172 66 428 -4 -6
-462 -364 -471 196 -230 -437 262 -113 -391 -43 211 -203 6 -63 -435 93 -117 250 -400 495 -100 -50 175 52 108 430 210 -69 -276 -313 48 397 459 48 -96 -8 104 -481 -150 -325 443 -472 13 10 42 -309 -88 384 -173 -74 180 311 -207 459 449 -283 486 -369 -452 -308 199 -443 -228 -50
-282 -117 223 222 -243 -345 105 -359 -49 -123 226 -198 -481 1 178 361 269 -240 -51 12 -431 -251 -185 -86 -46 4 52 -261 -113 -154 -246 -473 -65 69 -122 -357 469 38 307 -127 198 37 -156 -374 122 308 129 -455 508 227 -386 -65 20 -77 162 408 -258 89 297 -239 188 -33 261 -507
71 -166 483 16 162 -57 19 -248 -488 97 398 436 -334 -204 386 449 -20 299 252 366 297 -188 441 -362 44 -273 336 243 -303 -446 461 -512 -476 42 -221 446 -147 511 -16 -496 0 259 -200 -101 -39 482 257 190 369 -33 295 316 26 -81 -411 -399 -367 319 179 -205 -284 360 33 510
-35 -405 -341 -475 352 -153 394 -199 -303 108 31 491 362 168 -420 -148 -354 -130 284 12 181 -297 -75 494 235 -370 275 145 244 -489 145 498 -443 -122 347 -105 -20 132 344 -84 92 17 -367 505 87 -104 373 -309 433 -457 365 -17 92 116 -114 39 337 356 -25 -362 -299 374 -496 211
-326 140 421 -336 -457 -387 64 -242 430 268 -448 14 196 -313 488 -216 -9 -421 511 -237 231 -85 -95 -216 116 -323 72 -323 -477 -306 -217 -493 -489 -115 -354 448 78 -170 -139 -249 157 134 -418 458 -441 383 226 -57 -15 188 416 358 -2 -193 87 290 -216 -150 384 316 -10 136 51 318
316 -58 367 -126 -327 -72 -462 70 -490 -511 324 -84 305 394 -452 109 -406 -99 -144 494 -408 330 353 -391 473 459 331 -242 460 -271 -343 -347 260 -254 -462 -93 319 500 -229 137 -367 63 -278 261 231 164 60 -82 97 -510 56 422 211 162 238 323 -240 -383 -234 438 -138 465 -371 -284
-172 296 -351 195 -131 -359 364 54 -208 345 365 -22 382 165 326 -141 264 278 -187 -230 121 341 -11 -215 -106 -213 -228 -492 -35 -286 -152 81 128 414 -454 -228 235 291 469 502 374 392 395 461 125 309 266 226 -32 -395 324 -19 -304 426 141 -396 286 172 -226 291 34 22 -501 -464
-427 330 -345 -369 238 -498 333 165 295 366 -137 -35 331 366 426 76 -109 -120 232 153 -38 -103 -499 -151 -363 463 -263 36 -143 268 -475 411 -398 375 142 -403 448 451 166 -410 -143 168 114 183 294 -242 177 342 484 -384 272 -496 9 313 -267 435 133 -412 21 -267 -468 448 277 -97
-49 425 207 463 -427 285 319 -383 -470 504 -270 -358 0 -313 -57 498 457 -2 -325 218 250 70 -354 -322 -155 377 -361 -463 446 310 23 118 -491 -75 -500 -357 -27 140 468 -258 -219 -178 301 84 -484 203 -401 -4 -6 -460 -80 -190 133 326 -402 337 382 -170 -318 227 -489 -441 -81 358
-432 506 -497 -112 0 -11 -438 73 407 34 -396 -108 116 106 -363 26 380 47 -169 -172 -429 458 26 -264 413 -154 -152 -444 -205 424 -223 16 -230 250 510 -44 -430 -412 -361 511 496 52 414 -154 -2 72 52 -435 -187 45 293 390 264 -83 -471 -388 -310 135 113 348 472 512 300 501
-190 171 244 -37 49 -290 157 -301 -269 -43 -57 -159 131 476 -61 -131 -360 -252 -343 246 459 -197 -3 446 -282 347 412 -154 -465 -170 507 198 208 8 -482 -387 -126 342 202 179 -49 12 -280 -247 397 337 -364 17 -24 491 210 139 -152 358 -491 -91 215 -33 307 -354 -374 298 -290 65
272 -197 124 512 200 -302 -424 -463 463 355 169 224 -309 -58 213 102 396 276 417 500 -174 188 -489 -423 -498 480 -295 157 1 -500 205 367 3 -357 -247 -161 -304 294 146 59 -366 -176 477 260 463 -492 -53 -243 36 -184 62 230 -259 144 -329 -386 49 354 -162 442 -253 87 -201 -55
-474 456 -123 -71 109 172 -256 -172 335 420 -33 -245 391 343 -459 -437 -322 -112 -490 -71 345 365 -43 496 -69 122 316 59 254 -338 214 65 -465 483 470 229 -279 -407 -465 -84 146 -500 66 -394 -204 20 -358 -196 192 347 -61 161 265 -328 -209 -102 245 188 -432 -33 186 260 468 -263
38 235 9 97 -483 -107 173 -141 -473 -499 13 380 303 -242 -129 -74 -300 489 -477 72 468 329 -130 310 426 -429 417 264 -173 341 312 158 186 -170 342 -193 -3 488 381 240 59 -284 477 -488 -256 -125 -197 -249 -54 -211 -207 -315 421 -356 -289 -90 334 -491 -186 -162 -383 -256 217 -4
91 -447 -159 294 -167 -37 295 -210 -58 -455 -166 322 -225 268 -339 -422 290 461 136 439 150 -82 327 -43 -99 -159 227 -368 -293 -109 -469 127 -94 -52 14 -29 205 -488 495 335 30 -440 3 502 213 378 363 -296 -120 65 81 -397 228 -457 416 -472 -299 -361 -109 382 288 50 248 372
48 4 -284 45 -110 401 -24 -45 170 -423 317 -402 348 -381 -368 -359 267 -293 -245 479 -404 20 112 500 -196 -494 -202 249 -389 507 81 322 -265 412 180 -376 -90 200 -279 370 -239 -414 -173 -126 226 301 -40 356 -402 457 181 457 -481 -418 -249 311 225 464 -132 -304 453 -288 335 299
352 -380 -329 -413 376 283 435 157 81 -143 -211 36 -189 352 41 -485 293 181 -128 -79 -390 324 -3 325 292 -342 56 -180 -459 -499 -397 -97 434 509 -500 308 -307 182 -99 -136 -164 411 -495 509 174 445 -489 191 259 36 207 -465 462 108 -352 435 407 -474 -229 -57 -143 -365 339 59
291 -152 135 -266 -3 25 -447 404 -11 -100 -207 -406 -320 -435 -24 -255 32 -234 390 -120 403 245 88 -181 -225 -107 45 -74 270 -311 -307 57 333 -31 -157 457 -2 22 -295 126 -258 -227 -407 332 154 69 -168 467 197 101 -267 -443 -236 -492 167 186 -340 -298 110 364 -280 437 -8 445
-162 -492 -454 96 -109 -485 -35 -74 235 -38 -403 53 -480 472 -391 427 -502 -449 -14 60 295 -155 389 -304 89 -470 225 454 -18 147 0 82 -335 218 -82 506 -448 -403 352 144 256 485 -369 -90 -441 457 -399 -311 304 -257 -403 -2 226 -45 -260 207 -103 422 278 -330 23 171 421 -182
-325 -121 -146 -255 295 133 413 -21 275 -68 -161 -1 206 -390 29 418 -308 -400 -113 175 51 -161 172 96 -406 31 143 -72 258 266 261 240 463 -198 -253 -418 485 401 -91 17 -33 19 -508 -337 -258 224 149 317 82 -255 -143 343 -352 -333 149 -270 22 222 -147 121 458 -460 29 192
151 14 -78 197 397 352 286 -59 146 100 -130 -300 506 -12 -495 -186 318 162 438 -326 50 202 321 -504 -409 -467 -134 137 21 279 270 -221 -360 35 -471 92 -367 -240 -443 511 -284 24 284 -236 141 374 329 454 -200 -41 90 184 387 -135 -407 -375 -336 244 244 -112 -325 397 364 172
-34 -431 458 410 488 284 120 -219 -499 -346 232 -127 216 -67 -401 357 -378 -152 349 48 101 487 -432 -505 -359 467 356 305 -494 -446 362 -411 137 -175 2 145 -490 -481 259 -311 -212 -233 -385 275 -500 485 474 474 -507 -382 167 62 457 -463 107 -102 211 -155 -352 -371 73 441 -393 471
325 258 269 168 -501 35 -215 -476 491 -378 187 -439 -25 -186 427 -305 199 195 38 -491 -182 -372 -175 351 -159 -476 -325 -95 -115 20 -455 218 -93 269 -6 -370 506 271 -38 302 -385 306 81 -294 -486 398 -343 113 -479 -268 -111 -291 -102 -338 -76 126 -78 92 31 -261 -339 216 200 161
259 362 -342 -252 -65 7 167 -34 -65 -74 -216 -502 294 -446 493 -102 -355 -282 -67 218 305 -336 -67 95 387 501 219 345 142 189 126 13 504 -466 54 472 258 265 466 -55 238 -198 -135 -82 -272 -327 -2 -501 -256 41 357 342 500 498 471 55 259 -149 190 -412 292 116 323 88
200 306 168 278 -361 13 177 -501 262 -350 -58 276 386 -282 -55 433 90 244 67 507 127 356 -185 67 -192 472 -13 279 62 75 34 -170 493 -8 -45 459 322 -497 -461 -467 81 469 407 -57 -60 467 -309 452 -313 491 -121 -428 164 21 -370 414 -443 -305 486 -475 94 -143 67 -164
92 -178 -169 124 213 -315 175 9 193 -346 -286 223 -332 -60 -62 -494 -205 395 249 128 -372 503 -482 -452 319 383 285 -171 -213 496 -178 -410 -360 227 -303 -76 -20 366 32 -294 309 238 -167 418 87 -39 232 -347 -492 -83 -287 454 270 -239 -286 -497 -208 13 121 -208 18 -427 407 -78
202 310 14 184 -72 -424 -428 -421 -72 -350 -369 213 490 -373 384 49 323 102 -44 -373 17 419 -40 -485 -213 -219 -433 379 -190 68 278 236 -226 -126 165 -492 -393 254 252 -221 -436 -445 -490 207 -441 438 183 447 -411 114 237 -113 -162 -361 212 -129 -206 396 407 -259 -504 311 -456 326
-77 359 475 -18 -190 460 -229 -308 64 -36 286 -327 266 496 -149 141 -377 -344 501 -169 -348 -351 253 269 100 -493 -165 65 262 -4 183 -12 -381 -443 337 -454 -71 -70 -59 -70 -96 481 406 204 -42 394 -402 15 -459 213 -326 -403 150 -213 -323 -298 227 -384 470 207 -288 347 -232 -512
-442 -50 334 -178 343 -245 66 382 -240 -408 408 -474 443 -407 -421 280 18 -208 312 132 -338 -304 -79 33 319 -164 -262 -266 366 -72 196 -482 357 58 -38 -238 -277 -21 -68 -36 -501 117 332 -250 -213 -438 426 -472 -354 410 198 298 -358 -423 -202 -459 145 -391 -34 -411 -413 407 -357 -204
-364 -161 439 484 -251 -477 225 -241 29 -172 -99 208 -512 189 498 417 -41 -503 19 100 -30 33 -142 -131 159 -106 -51 302 491 237 152 233 -361 -144 33 132 261 -496 148 326 -152 -18 -439 395 511 -490 -54 -415 -134 307 -207 -449 211 155 355 -249 -480 482 352 -30 319 -160 59 341
26 -511 38 361 -15 421 278 185 140 0 -87 460 -439 134 -240 -203 453 -196 198 325 -78 103 400 212 99 134 17 -409 346 -286 -396 -73 -174 421 -7 -242 -441 40 272 252 -299 250 251 193 -340 -215 -298 -288 135 131 324 95 -169 362 159 -347 366 -390 -261 -148 12 -313 -107 181
332 -361 -495 -54 -166 225 -118 -376 503 500 -286 -170 -363 185 -418 -259 -209 -275 312 -343 360 -376 278 141 -41 -295 61 510 -115 400 216 -300 179 389 506 -29 -189 271 -195 110 5 -391 167 437 -146 404 -240 -170 287 163 304 374 442 10 -480 448 -25 -352 -170 -350 -10 480 -361 -429
-473 397 -247 -98 -432 20 -311 46 277 -214 -397 -424 168 121 -264 -502 209 116 299 26 -412 -127 -296 265 357 141 -462 -136 30 -145 409 481 -66 68 -26 41 53 112 23 -510 -289 450 75 421 36 -403 443 -364 -197 458 -186 -77 242 -33 -143 -309 179 -172 181 -427 354 84 147 290
488 226 148 143 478 301 -440 -109 -305 -290 -157 136 -425 262 326 105 -348 -49 230 293 45 300 321 147 -308 -222 412 -78 -420 150 431 -466 396 -147 -395 496 425 478 492 424 288 190 404 -121 -495 316 -84 -360 -332 465 -319 -150 -162 -135 441 227 28 272 285 13 365 -294 -259 383
75 472 104 -201 99 -478 -220 144 63 304 -75 11 -282 93 162 -132 286 -232 -320 87 -50 -204 313 76 205 422 -128 -434 -402 -424 388 -358 122 115 -387 -18 -80 392 428 -45 -157 281 29 -351 -24 -169 331 87 421 -102 -419 -392 -161 -2 -128 -252 -250 -144 285 407 -162 286 -228 121
265 101 -45 -148 -431 -180 -352 42 246 42 -431 297 170 41 -28 -332 201 50 -295 223 -56 -448 -219 502 140 -1 -168 132 -23 104 -359 -282 -333 -330 -315 301 38 253 -458 431 366 -336 168 163 128 -210 -464 -328 45 44 184 227 -18 257 457 304 -356 275 346 196 -47 170 400 73
-297 297 407 126 86 447 -164 -388 259 34 325 -428 164 220 274 -336 329 269 413 -160 15 154 504 508 -138 -174 25 -188 257 133 -56 -326 -67 490 94 160 -160 -268 -290 -173 -41 257 114 -260 46 62 -421 493 -149 156 -474 -386 358 493 89 211 -395 -42 -457 148 -360 -150 -371 -21
-375 -202 -24 18 -232 -230 134 -265 -195 -138 421 391 331 -477 -388 -439 447 -358 -503 -345 73 -257 4 -453 -283 253 220 -69 377 378 -441 73 -34 114 -185 226 -113 365 -193 217 381 -405 450 106 379 -317 -189 61 501 -150 -494 479 -141 -71 111 -183 -357 267 -17 428 -177 290 -98 -152
404 390 71 299 -57 416 -503 -295 64 175 296 285 -468 -474 105 422 -241 -13 -30 147 5 -241 -22 -32 -142 137 -224 -405 -1 399 337 -407 -229 -123 448 129 -148 -360 241 -74 -210 -420 -38 -378 -328 -300 -357 36 230 417 440 -266 -153 507 -209 -388 -195 -178 232 289 379 -326 378 263
115 270 -97 506 -306 -342 158 -505 -6 -431 354 -297 245 479 -309 -303 273 251 307 -72 489 319 369 -305 56 -389 -218 -57 451 226 267 -272 430 -41 215 69 -404 -95 57 -65 -299 -498 41 57 247 445 -286 -362 -58 178 219 -365 -55 350 -186 2 -122 309 -426 -116 240 432 -429 459
372 -340 -272 146 185 19 45 -116 -409 -478 -22 120 -115 -267 -154 164 123 207 -448 434 478 215 392 32 159 245 506 -27 86 36 356 477 -254 212 -327 310 -134 -499 302 407 6 -293 -70 84 -386 156 69 -509 -483 -283 78 -501 297 -405 287 443 -231 -67 -250 455 512 -405 378 -183
-240 -336 407 -13 321 75 -258 -193 401 -43 20 2 389 372 -351 378 70 -183 -467 -225 35 -328 -220 -236 -163 168 180 -171 509 61 290 -374 -356 -175 375 505 30 206 -144 361 -163 137 -42 147 -163 -155 -5 445 -38 -35 235 -373 -374 -250 -466 126 22 18 27 466 498 -383 -363 471
421 502 510 -266 -66 -299 86 128 -236 379 212 129 -194 190 53 -399 -110 316 -128 128 274 -181 503 -326 331 502 -26 120 228 157 -249 416 406 484 -387 -489 329 36 -466 -349 -51 359 -157 -95 -216 -137 0 80 434 59 -166 11 448 94 319 499 -206 -400 -453 -217 -131 -48 -85 -169
287 0 164 -128 415 246 -422 479 -440 -287 32 169 87 73 -383 -60 -103 15 485 -219 -340 -423 126 -174 -424 68 -297 312 357 256 -275 415 232 -54 -225 -486 92 -367 494 229 -39 -102 -230 501 -509 118 443 -472 -263 -472 110 -406 -278 -145 -323 -164 -465 82 -298 187 -509 -64 253 355
482 286 -345 -348 -225 447 -376 -48 -11 125 368 95 -402 107 348 159 -229 -234 449 -253 -154 215 195 -510 441 -198 497 106 57 -316 325 -244 -137 -87 -384 -171 509 -250 287 -100 22 58 -162 495 446 -292 382 -228 434 -371 206 -244 509 9 442 -384 397 -100 483 280 55 -106 299 -447
-107 55 -278 -193 12 341 403 -320 -53 -461 -494 -309 -165 -50 400 168 92 2 -340 417 57 44 147 -121 -270 456 -272 -133 368 337 446 13 469 -383 -217 -255 219 403 161 -265 438 -67 -465 -52 -278 -471 496 -77 -244 -19 269 109 -87 371 -378 -87 -278 330 -416 260 -342 -267 417 -99
-100 127 324 -148 446 -71 92 -176 148 503 30 485 334 328 129 342 -169 -441 48 -309 -323 -75 371 -319 467 443 -200 -447 -151 -176 -431 12 32 -304 -250 320 375 -11 -110 -343 -261 457 242 -235 -115 -274 320 390 -462 390 63 58 511 96 -135 379 -165 510 -367 80 275 -266 -115 432
