374 -411 -315 -34 -364 -299 92 341 -298 49 -230 -120 223 -483 389 362 -90 -198 449 336 263 399 -306 200 405 -398 -1 65 -281 -145 -456 299 490 11 57 427 438 -463 151 -305 388 259 -459 43 -37 183 361 -364 -34 90 130 -411 -69 447 96 135 -296 -56 15 -229 -421 -17 35 -392
346 200 377 -14 -119 92 333 290 81 337 177 178 314 -356 187 270 -193 -398 -155 -463 29 3 -193 -116 -116 432 280 -136 -366 284 352 -389 -367 254 -441 73 370 -30 359 398 -194 -264 220 -43 298 -459 -278 127 413 152 222 -146 375 93 -115 9 -48 -412 41 -26 -446 -348 -389 251
-207 -25 -330 510 84 -435 -43 120 -286 -443 -163 188 238 467 108 -495 -55 436 -70 -144 80 505 17 254 61 -366 -13 -490 -58 -227 56 -167 393 -280 67 -257 81 -312 -77 189 303 433 411 -228 -53 -462 -63 -207 -391 -375 -493 -23 -371 -226 100 -330 14 -148 13 -327 447 250 426 -203
-319 496 -334 -62 -385 156 453 267 -304 -107 274 -397 -6 137 107 -163 -91 217 -356 114 289 92 -239 -408 72 -402 -142 39 326 436 459 256 429 -60 -200 -305 -114 -505 -294 -350 -40 106 114 95 -436 123 344 428 338 -353 55 -320 363 423 -272 -243 -222 280 457 445 66 -149 277 -459
279 -371 80 262 101 -257 -164 -54 -261 -275 159 -366 -230 109 -507 -330 438 -243 -4 -142 301 -163 -157 -196 -175 -129 -114 -285 -151 292 128 -450 -127 47 -102 142 -120 -150 328 -105 381 -121 470 -465 19 177 -439 418 -382 81 378 144 -466 145 262 -24 71 -444 505 -476 182 -488 5 -328
102 396 -67 -469 -221 -498 -296 -327 171 264 -295 -347 -62 -12 -226 -316 -309 -336 -10 -36 91 -315 -409 -132 -326 -495 -369 314 -269 61 -60 -156 310 61 369 -136 426 325 -80 77 280 -102 -379 454 -364 62 -45 -188 -207 -474 -17 277 -337 185 -313 -199 299 -66 -492 -369 172 -20 -407 -378
90 321 12 50 172 468 -251 -407 224 -201 -370 272 -254 24 219 70 66 -127 246 271 -215 -168 -50 -480 -275 317 -483 195 53 -269 -237 -383 -249 -170 -29 -251 476 358 179 -449 333 -202 -17 -229 -56 -198 463 -435 485 91 356 358 -461 185 -491 -31 362 430 204 284 163 227 -488 -233
-339 424 270 290 -55 -310 -245 -419 -242 358 -366 -75 -399 -233 -112 -122 144 273 -245 380 416 79 -384 -103 249 -317 -295 414 -253 -328 -61 -204 -96 304 373 -168 264 216 -154 332 -179 -298 -470 32 397 354 142 -165 324 -41 -452 474 -108 142 122 408 145 -379 -178 -51 277 -496 70 477
-94 242 90 -96 -234 422 85 -73 -345 -2 40 -318 173 -185 -376 349 -302 -260 111 304 53 288 -379 220 -205 379 -376 -284 130 -302 453 394 37 287 6 -257 343 -121 -450 -390 264 -252 -61 -42 203 -456 -245 -329 -432 267 -347 395 123 -398 -270 314 -383 -140 -331 97 42 -113 116 26
-261 493 176 456 43 -366 504 135 340 293 111 -490 -182 -233 326 -315 -76 -364 113 -107 434 43 -166 365 333 -77 -380 -276 382 -64 -311 457 378 504 -4 -421 202 -452 218 -348 -343 324 -439 360 44 -40 330 -341 117 180 421 33 -417 -281 -136 16 77 -137 293 9 -258 -17 -348 -351
498 -263 -281 -481 -468 -394 189 287 433 8 147 193 167 44 246 211 -218 274 338 345 330 -20 -418 -209 429 375 91 156 511 294 461 123 -29 -381 494 -229 60 124 -462 -276 229 487 -422 27 51 -298 440 295 361 181 -91 -400 44 -419 286 55 -51 79 -409 -49 -10 -449 11 -447
-110 -239 464 381 -486 147 -100 344 -263 151 -318 -108 -166 -198 81 301 -373 -76 -372 -49 233 455 263 394 -233 -93 -254 -229 133 -463 168 -352 -297 -332 -424 440 -97 -333 242 -270 -138 149 275 -190 -281 -203 -41 -241 394 154 17 179 475 143 284 178 496 21 23 291 213 361 502 110
-31 194 -123 -159 -469 -89 -48 83 240 55 -454 -506 423 213 139 -352 -425 153 217 169 107 -226 232 -174 18 -139 -255 432 509 -82 168 -21 -261 241 -233 233 244 56 -283 -170 301 28 -299 -437 162 -52 221 -155 -122 -82 -83 270 -281 -336 474 212 68 41 -213 -326 -396 285 43 -474
216 -162 209 -117 -204 354 -257 -195 -486 -426 -462 -278 218 96 377 -81 -249 -233 -105 -435 380 307 -361 457 -92 504 349 -261 -502 -173 -460 253 -214 -340 -393 88 -297 -509 -254 139 -270 174 -391 -462 -125 291 -399 -217 115 -154 -208 290 102 166 130 -235 -254 -205 -105 -92 8 -361 223 66
154 67 145 -226 -111 -210 310 -295 -382 77 -47 68 375 -258 145 175 -392 -320 -291 430 43 -34 -180 222 423 -50 300 -178 376 -399 -374 -331 -67 -446 -91 -25 406 345 -65 -135 -236 184 136 291 282 -236 408 -188 196 2 -59 -117 99 -257 483 312 235 -46 -103 -220 123 -85 -458 -157
-24 -104 -90 429 228 -98 30 -184 354 0 -280 161 -144 -84 49 -318 511 -164 128 -354 309 394 -199 407 -163 454 139 -244 -167 352 220 -487 -492 -101 -290 -420 -426 -156 452 56 -215 -217 357 -1 -326 411 -37 479 -281 -433 35 121 383 171 414 126 466 -394 117 -282 -331 -104 -319 352
130 105 193 -36 409 178 193 31 456 -240 100 141 241 -36 256 447 250 -378 -472 308 96 -87 -84 232 374 493 -244 19 -368 -94 179 242 -196 389 -371 -451 -8 492 -231 161 -130 291 -392 382 323 159 -133 -337 342 -294 329 -253 115 357 -281 -34 -168 -241 -27 -301 148 463 76 133
128 -13 383 83 295 -360 -92 -373 -442 9 -456 311 -103 377 354 -350 153 -299 55 469 -369 202 196 414 -162 261 311 450 -159 377 25 441 -334 336 -281 -263 -188 487 -496 -422 106 -475 183 108 -212 -476 225 403 -285 428 -468 20 -358 327 360 -39 176 -408 -82 -151 74 444 -121 224
-225 -264 -449 243 -421 454 -490 -458 -448 -299 -147 344 -79 -511 434 47 -135 -359 -493 48 109 -356 315 225 41 -91 320 220 430 -224 -270 -417 155 -172 412 316 -160 386 30 367 -477 408 486 -6 -275 498 -355 -272 90 -409 324 355 189 -140 -143 -271 169 72 -190 -277 -181 503 -387 -402
-476 395 403 508 -386 496 97 195 73 -72 41 -290 254 59 -460 218 -405 -199 -46 -59 445 145 129 177 443 324 15 291 -325 -156 377 406 -500 215 257 -435 421 -47 203 53 -226 -26 149 -244 -451 -243 194 -84 -228 175 469 414 282 -159 -121 -347 23 -137 -484 -178 56 266 316 10
42 164 -345 -336 -286 -269 126 -322 -104 -319 369 387 -156 -138 127 115 338 412 -2 306 60 -152 -250 466 -161 59 297 -146 395 -311 475 -202 -503 -51 -308 364 -372 303 -160 200 -203 36 -457 -98 29 -341 439 487 -500 33 457 223 -343 -119 335 -414 138 354 -438 477 -71 -480 -251 390
-116 240 104 345 370 282 97 -40 -219 -364 148 258 293 211 230 -187 -115 86 -41 300 427 -302 -250 -503 -29 147 -238 55 177 268 -252 -62 404 38 -106 410 265 12 -343 398 -315 -223 157 470 260 -44 376 -169 279 1 -94 -268 410 -188 -19 277 -484 346 -253 -333 421 423 443 -270
384 -267 446 225 -174 181 438 -74 -31 -146 215 -504 332 -86 -448 -139 -147 399 -50 488 -171 470 -409 453 290 -77 234 -252 148 115 -92 135 322 -202 96 483 108 21 415 194 131 -146 16 -341 426 -173 68 394 -290 -120 -413 243 -301 -10 -292 -155 374 342 -316 -80 366 -430 -140 -65
504 -219 319 58 -2 -269 130 -500 -19 -275 348 201 85 -393 56 -398 -172 -457 299 -259 59 -317 475 42 493 135 431 -402 185 -441 283 -24 -348 422 392 291 -384 -63 -311 -219 -456 -354 416 296 -290 -326 -297 -210 -355 63 -95 267 -266 -467 429 -156 350 -312 509 243 -342 179 -399 79
-194 152 -128 230 -459 106 -17 239 -187 -26 -465 133 234 -188 -269 -229 -105 -351 120 38 -375 -68 407 372 -21 -127 416 -438 -44 -475 -137 91 357 -9 -29 238 209 -510 339 -63 -103 -427 -485 476 187 -42 152 249 -490 -488 -327 240 401 -291 392 55 345 -296 -208 487 -280 261 -192 247
246 -132 -413 387 -176 -328 -125 -2 161 6 -16 -82 -363 -340 -272 -174 -52 -270 205 -103 -290 449 -265 30 -243 96 -172 -200 512 -35 432 362 386 -412 -178 164 108 -59 -64 -455 476 268 458 150 367 403 416 -88 -481 -226 501 -397 -475 -501 -35 -322 219 150 -77 -476 -198 68 471 -252
-107 4 237 -103 322 293 296 -316 318 -7 -2 391 159 308 404 -55 464 -359 191 359 -264 376 392 218 37 -369 -425 -371 -61 104 392 331 324 -300 115 -437 35 96 410 386 427 -142 288 364 -151 -472 -279 348 399 -73 -153 262 -504 -288 496 -370 86 390 -68 224 169 119 -319 -328
179 -32 -4 -288 -279 -253 -223 4 -507 124 -45 -162 381 310 -503 458 233 354 -456 -299 427 226 399 114 -245 -500 122 -277 -53 -485 -421 285 -224 266 28 124 -508 -481 -17 -330 42 440 395 -76 203 86 426 -196 405 -437 -279 -146 -40 -146 507 -462 396 484 195 -318 -10 -254 69 -504
186 -168 -159 -406 423 -154 -55 238 478 -511 -358 497 318 -87 384 102 -28 340 23 13 -196 379 -298 357 -349 475 322 -219 -356 434 -302 285 -442 -145 -299 238 139 152 -107 -215 40 -70 213 -19 -306 198 361 279 -401 -407 -279 -229 -138 -179 -10 214 -36 244 306 424 -440 460 255 -24
-385 125 319 -486 494 254 -396 452 -47 -99 -277 265 -251 -94 326 320 158 -300 136 -190 -365 -339 7 184 -210 -200 -105 -353 387 437 384 129 -120 74 -181 193 -170 216 419 -205 364 404 -326 -267 119 106 -266 -379 220 -343 398 263 34 -434 401 -494 466 135 -118 381 -433 -359 457 -269
502 375 -375 318 -373 -265 364 -300 -400 -76 -396 475 -446 116 460 -439 432 -94 -348 -297 215 263 -200 362 389 256 119 281 -159 59 -315 244 320 253 311 394 98 -138 -132 484 56 98 268 232 -122 -507 78 130 -28 -182 -264 335 -168 -95 -445 76 68 147 441 459 339 494 -398 -136
-501 -95 428 -407 -82 80 -211 485 17 330 446 130 318 389 413 65 -282 -103 316 -463 70 423 -486 172 261 59 -480 265 52 358 -137 -507 -247 278 493 -112 -123 8 498 -452 11 376 431 -279 137 377 280 -269 235 98 -310 -5 -83 -393 348 -146 115 178 245 342 -11 -388 60 448
-500 -230 -460 -78 393 -131 -367 -493 92 260 419 430 -134 -263 -231 18 478 391 -392 -374 -146 -191 -345 -433 470 487 -76 -356 -69 436 -434 60 -423 -89 -81 -337 240 -187 -239 504 -299 273 -74 81 182 350 0 246 254 -23 43 313 -485 -57 -502 338 133 288 234 -387 -455 -354 492 -480
-487 -367 -265 -211 75 -487 -240 -474 -422 -122 265 19 -434 92 -473 -278 176 381 416 179 -181 -399 48 338 -208 -420 -501 -364 -331 124 129 461 25 -365 -157 169 4 153 -442 -204 -455 246 280 -473 107 -368 346 223 -384 183 305 -332 -377 282 253 -136 255 245 -292 -68 -198 49 -49 92
-227 -24 -138 -268 -281 -218 360 -96 496 512 349 -326 16 300 238 -296 501 -281 62 -222 172 -120 -321 -185 -65 -239 492 27 -359 81 501 -28 -110 476 -420 -456 -35 -100 179 120 -190 -288 5 -4 155 436 183 -197 -100 178 -227 -54 -361 -207 176 44 318 163 299 -504 292 11 45 189
408 6 353 -493 200 -345 133 158 193 -156 -115 -14 -401 183 -345 332 -12 -154 -324 355 -494 -105 60 169 -164 382 -258 35 354 244 220 282 -140 -103 486 -79 146 432 434 128 254 -145 -224 -125 138 458 -475 432 -381 325 412 -1 -127 -43 162 -38 250 171 110 314 240 -137 -120 -112
512 104 -434 210 -87 121 158 -70 -93 503 421 435 -7 -474 -123 -35 394 296 281 464 -453 -499 -45 394 -486 320 -304 -225 -321 -374 -233 -338 -353 418 394 185 18 -49 154 -352 42 348 -18 -149 -119 -309 460 -500 -183 136 500 -422 -278 124 21 -404 -471 -119 -487 377 45 -445 10 -206
-313 -467 -83 3 293 -285 -71 -291 226 -58 355 -334 24 -112 220 -123 -66 -341 -298 -124 239 -258 -296 314 -195 190 332 -82 -18 -348 463 -149 71 -491 -423 268 -22 233 -159 240 32 -328 164 480 418 246 -456 -165 346 1 205 -84 -475 -454 -283 219 -355 -266 46 -115 337 -8 188 94
199 -204 456 -489 74 -77 -184 153 -247 -422 320 -184 -490 117 348 -300 -476 -490 -273 476 299 285 489 370 -397 -209 -79 213 -363 -128 -352 -508 180 371 -428 -378 -296 -95 -494 -492 -420 201 406 137 453 133 -493 469 -407 -491 -101 -135 170 -61 428 126 -14 -305 433 410 51 61 -124 -505
150 191 -9 507 136 -404 -347 129 70 442 315 -358 -169 -482 -100 -42 361 -203 118 373 363 325 93 -445 222 5 -271 -7 332 -442 94 -24 -431 442 425 -53 353 232 173 165 327 -400 -312 -382 311 292 -355 -19 -147 138 -182 -497 -408 -28 -207 430 -399 374 -166 382 213 -346 512 -394
202 -162 -349 331 219 -28 299 51 389 164 -19 404 -155 -28 -162 457 77 -147 75 223 -7 -82 -61 -99 118 -462 -347 -21 -19 -395 -503 -428 -272 -356 -332 -180 -477 99 -57 -455 -400 -415 143 -110 -118 -322 -91 -185 257 431 -162 312 417 20 -82 -66 274 -1 444 61 -78 -425 -45 154
157 -148 -364 113 469 149 237 -300 -166 302 123 375 -104 -8 -254 -269 -163 -170 55 453 -137 -148 -6 312 426 499 143 365 -2 -174 -249 -396 67 205 -368 -486 298 -261 -169 -251 -487 -219 40 445 -168 -293 -237 116 233 -29 -105 -47 -147 115 -397 272 -14 257 -368 -178 337 170 452 -325
384 314 -63 -104 70 500 173 -17 410 388 -172 -201 176 -430 -385 -378 98 -54 -273 92 413 -91 39 252 -487 -205 -42 -413 419 -218 -71 295 -397 9 -169 -318 274 -406 477 166 470 166 -229 154 -460 42 433 12 -232 29 -439 424 136 341 147 264 7 -219 101 -479 -358 285 -14 46
-240 -27 118 -481 343 -461 -305 -311 129 -52 51 -6 -418 25 499 57 -13 -505 -439 -92 -474 299 445 118 334 510 -53 458 -301 -444 271 -475 -38 286 462 278 -433 -289 -371 -278 446 222 -396 -132 -355 142 507 68 -246 -22 -339 419 -225 -409 -57 -224 402 -101 374 -506 303 -185 -504 -29
29 -396 -400 -63 174 -461 -138 329 443 25 240 488 -369 288 -438 -193 386 273 -166 -445 -507 -445 -351 148 300 66 -130 -251 111 223 -127 227 6 466 -261 495 327 -292 287 -365 63 363 -311 -155 -79 -95 131 58 -59 -277 22 463 409 -174 22 -386 -439 195 169 -255 250 -58 340 -485
183 -445 -199 291 353 -353 -228 -200 -183 327 -458 493 495 432 -22 -466 212 -381 -455 376 472 274 305 -88 85 -77 -30 -2 -4 32 136 311 275 -239 -118 -209 -301 -226 -323 279 110 -383 -355 126 504 -505 -204 -431 -313 299 -456 456 -484 -319 -126 -481 -180 150 -74 -129 -464 511 491 70
-312 470 -198 461 336 96 -39 -53 -321 -188 476 -498 162 -240 -407 -312 153 -338 282 336 406 -87 214 454 381 435 490 -140 -425 451 -180 -322 -98 -173 -400 233 465 -437 -249 -167 105 -204 126 170 -239 -315 511 59 -35 34 -140 -332 -504 -318 -7 276 149 255 283 -24 304 -42 -59 -115
470 234 485 -365 354 105 -335 284 -428 26 -452 231 -484 -182 99 -103 293 506 433 204 141 -306 377 -470 -50 67 -498 378 372 -314 351 -406 -317 -381 367 209 -268 -485 149 478 -151 63 -196 -507 327 350 479 330 7 -200 410 -198 -439 -275 -13 340 395 157 -159 57 288 -472 -63 -464
-59 -80 -7 -407 340 -17 50 -159 89 92 -73 144 -87 -54 16 -309 286 -99 400 12 482 -386 420 -160 439 -71 -330 -470 134 -201 451 235 408 374 -425 30 -119 261 427 384 -184 507 36 503 395 -347 204 -131 107 252 -491 -195 -92 194 374 106 324 -263 155 -194 -371 -129 176 210
283 -216 -62 465 -124 212 7 -124 -123 188 225 13 163 311 66 -415 386 306 -264 204 -191 -352 171 191 -231 -199 -174 -283 -178 361 -440 -181 -207 -164 -21 -20 186 -39 375 277 128 -245 -213 -404 -171 229 115 488 36 -485 -207 407 67 112 -249 -507 -396 477 388 359 442 321 481 71
116 130 287 307 -227 -356 -254 415 407 510 279 58 -158 -247 370 -1 194 180 172 131 -490 -496 210 -231 289 -366 -365 -150 -458 147 434 -460 -508 -329 251 124 205 -495 -298 452 -44 88 462 -440 240 -205 -161 -388 -508 -128 -127 -407 -512 181 144 -361 -124 -135 -363 301 158 -141 -334 45
76 -341 -31 320 -46 -197 478 176 -3 -83 25 117 -296 -333 -479 -480 366 138 -70 309 -384 485 -348 -490 -45 402 -67 -9 -251 342 -499 -483 -459 29 252 -25 371 -138 -20 46 247 -314 296 163 -73 140 46 -126 184 487 -213 -271 167 -371 -269 268 -133 -250 387 -507 -445 -249 456 -369
-24 -209 -433 408 -88 72 -199 349 424 -323 208 -386 -303 274 215 -56 -101 -361 -92 47 489 117 -497 -145 -429 -142 449 187 -76 -438 294 -186 449 -484 200 295 506 -457 -189 -141 -123 101 440 -490 -3 -116 -74 -287 184 -395 198 -201 357 263 265 -169 -400 -94 28 -227 -386 -76 -407 262
-324 382 -148 -107 10 154 -154 242 -260 330 88 140 208 -198 -188 479 -451 -111 279 148 260 -349 -131 112 82 -236 441 -276 -449 -160 75 323 273 -398 -39 -43 215 -29 -33 -25 -290 494 442 -424 -486 498 351 -227 -34 462 -163 365 423 -28 409 33 17 58 -292 -275 179 -411 -184 -503
119 509 333 -76 306 -193 -421 88 190 213 490 -466 116 74 -286 -28 39 450 -358 -244 -269 -308 148 193 -315 -389 435 219 -46 -241 199 -391 -111 -367 172 -53 -175 465 312 291 -289 -436 -201 -360 109 172 -402 420 371 -232 -15 -148 -2 -215 4 -437 -411 64 -272 16 97 170 67 -371
153 -454 263 24 296 412 42 -1 -78 456 -420 187 159 -335 225 -388 -300 280 -498 -339 302 182 116 417 428 191 423 200 -179 1 32 303 -509 225 306 504 284 257 410 168 -449 -385 78 297 47 -334 -168 -269 471 202 412 70 282 -368 -72 279 380 -117 -256 -363 -78 95 -400 54
-25 476 -93 -30 318 -328 -465 306 -245 416 244 -483 413 -87 481 270 -95 126 8 -259 147 -5 329 -454 138 -371 101 -160 -463 409 -360 466 -228 -421 -274 270 338 -352 90 -371 253 -128 149 -321 -251 -27 -337 -25 -469 -315 130 265 -259 285 12 433 -243 272 -179 -311 8 34 76 -136
-243 265 -448 -507 -11 499 -78 -276 454 -164 -415 -425 212 459 196 -337 53 17 406 -390 280 -420 491 19 112 -335 -132 -187 -42 -55 268 -225 -474 207 460 -248 191 -165 -492 -491 -394 -204 -267 -321 -73 -205 -455 -184 -205 26 -385 71 430 -338 -67 -169 -457 -512 -98 158 -391 496 113 -417
-340 478 192 -248 386 -338 -71 150 -88 -188 453 334 233 376 420 409 -42 -495 0 274 -287 18 501 57 224 -350 288 -485 447 -21 37 124 -499 183 359 166 -299 -187 251 422 -280 -419 -139 -245 -169 134 -348 -376 -198 250 -205 162 242 254 -314 -506 120 468 -162 402 54 -348 41 -188
399 305 32 190 430 -365 105 -250 -254 290 142 347 -297 505 -363 180 -390 109 -398 71 -438 -467 71 -49 441 -423 314 371 -335 283 493 464 -397 268 -345 157 -338 140 -161 212 -177 29 275 -104 106 16 -442 10 -366 467 -336 -27 -489 -227 467 -476 -136 -38 432 -86 -42 -82 217 -166
-502 -47 -63 469 -380 -372 45 -427 460 8 -78 299 52 145 63 -384 -8 27 -317 250 -29 455 -68 430 -445 -71 242 -45 260 159 103 33 -220 -327 -116 -109 259 31 126 27 -134 -304 98 105 -490 478 161 -161 117 210 274 -290 173 -376 202 259 26 -443 441 14 221 506 464 -414
158 -243 -442 447 137 -295 -452 108 -487 -440 -280 -92 397 -287 342 -37 127 188 272 -311 267 -458 -115 -428 319 171 -89 474 -341 439 282 -278 -156 -89 336 166 115 451 490 -249 -389 65 461 -365 -119 56 -112 427 456 485 -481 355 -393 -273 -350 65 -66 371 316 -452 491 341 2 434
323 153 -13 38 510 -510 98 399 341 30 -174 -239 -96 -70 -467 239 -225 -304 -344 -375 72 -233 457 -153 -389 -267 -422 369 -286 13 -35 -219 -116 325 327 -433 -208 394 87 127 -50 -9 205 -82 -282 133 385 -71 -300 406 18 459 474 381 -147 -242 -385 -359 164 -426 333 118 -366 -264
230 -99 472 261 -111 458 241 -489 298 -235 304 19 406 -426 -442 -494 137 508 -462 239 -438 -206 46 44 77 362 460 -190 77 -473 301 -86 320 43 -470 201 -458 511 401 -328 -98 418 397 -495 -222 -347 -296 4 -436 357 240 -240 -360 -167 290 441 496 310 -294 128 222 -323 -343 272
