284 -47 -218 -39 -90 185 -69 -400 -116 240 -160 -443 179 28 181 24 360 -61 -473 234 -111 132 -310 302 295 111 -330 -252 459 -11 -346 219 -256 -428 245 -317 511 187 399 291 -138 158 -204 -303 439 -93 -319 -453 -464 221 198 -442 31 -154 -287 81 -13 -425 -210 336 410 217 -410 219
-148 316 394 -186 -508 5 -507 346 -38 -87 242 24 -395 499 -322 -203 -156 -80 214 -223 -286 -222 -9 -112 -9 -305 -442 -158 440 469 465 -7 306 -197 483 -426 -9 -85 159 89 -347 -240 -301 -339 190 234 372 254 -152 206 -320 -346 418 -174 197 37 77 346 -138 173 107 -318 346 -293
-5 223 -450 156 109 -34 -216 211 139 -312 249 247 -433 265 -246 -435 212 -225 -122 -322 -144 115 486 224 434 -90 216 484 487 59 -482 432 -2 -210 74 -53 353 184 385 -324 -332 105 399 282 41 284 45 126 371 -237 -95 350 237 28 268 80 389 -427 -422 -421 404 -194 -81 113
-105 -105 22 206 213 -495 27 443 188 316 115 -504 -97 -507 471 387 496 481 190 485 363 -396 -50 -354 -163 -304 -329 -409 -418 239 197 -313 190 -499 -85 -453 379 338 -209 31 55 326 157 -148 414 -488 390 339 -80 -57 378 -319 -407 131 222 -97 86 111 -336 -479 -296 403 -46 -29
-60 -125 203 391 -277 -368 321 -302 -222 -354 120 -285 -219 -344 -195 99 -137 -288 -292 -417 21 432 284 335 502 4 -204 -473 -428 -263 -351 -423 264 123 -233 -98 -400 327 -239 59 22 -176 11 386 -250 -124 88 511 -323 133 -509 365 341 402 -117 83 -186 402 376 431 -84 -6 65 482
80 75 -199 219 -364 358 -482 62 -245 -444 -410 -379 383 359 463 129 -440 494 114 6 -305 -236 385 197 -196 37 -225 -287 123 175 -447 407 149 -268 102 -496 249 50 253 283 16 500 -147 436 -362 381 401 -98 -103 -17 -222 -102 303 23 -350 124 71 -448 -20 316 3 -169 352 -458
-29 -135 -285 401 76 -315 -129 371 -192 434 379 501 58 -273 221 463 314 132 -486 -388 -306 192 -397 141 337 407 112 -59 -331 -243 -234 -368 -480 507 -473 -8 -71 -431 469 -343 341 -362 -329 -394 -97 352 -354 284 482 -396 157 -296 -16 461 445 127 -189 -370 -490 210 -289 192 -235 392
13 213 132 -133 -402 -253 331 472 -340 -57 -172 22 -479 254 132 -4 -391 148 384 -28 463 245 -296 -1 -250 275 -6 -232 -443 266 352 -90 29 350 68 -180 376 -208 -415 77 -274 -160 -305 -90 -426 -315 193 424 272 -179 3 -328 -15 -141 -3 147 375 84 -399 97 461 16 -45 -107
-340 -153 -504 232 261 -427 -195 -356 350 245 22 495 153 -499 -472 460 -494 -86 -348 138 139 -481 117 -57 -291 34 -264 494 8 -194 -403 -334 -295 382 226 408 77 -211 -275 -506 -309 296 -483 111 315 -151 -104 -167 -63 -188 18 -373 -406 482 -72 -88 -179 -265 -329 225 -208 -467 -351 -309
20 -320 -328 178 -230 318 5 -173 -211 -487 -281 352 67 453 -220 265 -458 -266 -29 -348 -389 92 -478 -338 191 33 362 2 459 -446 472 285 -356 460 -480 93 475 -91 333 -83 -329 421 399 -139 -415 -105 -268 -41 158 502 -210 127 176 304 495 -192 42 -77 -239 295 -421 63 231 -509
115 -356 47 164 -242 169 -71 359 65 183 -483 276 -369 331 58 -353 132 -375 -172 174 -143 -280 297 250 205 -396 306 -146 -373 494 -194 -479 461 -168 153 222 310 76 470 -86 -434 473 24 32 -238 -404 -176 -6 314 332 -303 218 312 -334 273 78 -81 129 -292 303 -306 -73 340 264
414 -98 -17 -231 -233 -19 -378 47 6 290 326 102 -185 -239 -366 259 -129 262 393 16 -391 395 338 -481 58 266 -231 -490 -98 -229 -216 -421 -367 379 -282 -164 -311 136 205 -300 -55 -105 -69 381 -315 223 -37 422 338 367 117 500 176 29 -267 -460 234 -33 133 -370 -310 -215 61 461
-33 -372 98 -452 -99 414 -277 163 -386 361 -250 -117 -373 -354 376 -511 351 464 -446 -464 207 -77 265 -392 -110 -325 -45 -504 -433 -343 -306 -359 36 -468 163 -31 456 281 -368 109 -49 -77 283 -452 328 -288 -141 -412 373 -3 -303 -60 -71 37 376 199 254 300 -74 -445 147 99 318 473
116 -452 462 -46 436 -441 -359 -499 -77 470 -3 -174 276 -261 -210 275 -413 348 492 -281 48 207 -497 331 25 182 -300 494 -111 200 328 349 -468 -227 450 -218 112 -131 228 115 -243 428 66 -71 -159 -1 220 245 -466 153 24 -335 139 401 137 411 190 166 -493 37 383 -58 -461 -43
-5 105 403 229 -78 494 -235 -439 135 -294 -346 106 -360 363 -137 -306 -423 -157 64 380 350 205 -167 37 -254 145 354 374 -43 197 -448 -488 -162 223 -304 -109 139 433 455 -160 46 -361 -363 -115 -249 19 233 24 -308 70 60 -470 257 237 -466 46 138 -37 458 469 163 -89 -146 5
261 -483 331 409 -466 351 -112 281 -1 -274 -244 165 -502 -292 -57 138 -511 233 419 96 -436 -425 278 -230 36 -186 -209 -112 67 -158 -57 330 290 239 482 286 37 313 -415 280 -338 448 268 132 134 -489 155 266 402 495 207 474 -32 235 454 43 -191 -415 -193 -349 250 219 415 -486
256 163 -339 -246 -460 -362 116 280 -52 -159 -397 82 -164 207 123 99 22 500 110 -66 251 286 480 96 -496 -159 -30 503 -497 -292 184 138 384 229 -330 507 301 131 -454 309 184 267 -6 -372 443 -54 -348 30 404 297 -354 -470 40 415 326 472 -468 413 307 -201 202 15 -511 -510
192 -291 -14 350 309 402 -238 -390 -472 239 322 -177 -304 -471 395 267 56 247 441 -395 -251 -71 -11 389 510 420 459 -8 450 -79 -147 -339 207 74 462 61 -466 -261 440 467 210 25 -227 -444 204 -140 223 117 97 -300 388 190 486 192 -272 266 129 228 218 408 -219 -30 -212 -318
218 -11 -307 -457 -249 192 304 -164 -154 292 -398 468 -83 -220 442 286 -140 -130 -225 -86 321 -52 332 -341 -334 -480 -187 343 -187 498 -364 -149 -11 236 -165 354 64 67 -171 -436 -350 -206 -302 209 64 -434 350 166 -399 -425 273 220 -499 252 33 378 -38 -158 -121 108 -161 -198 55 487
467 -275 223 197 -46 -237 -493 291 344 -347 -322 -457 -3 -120 201 37 -168 -486 -109 458 -93 -302 -503 157 -14 -399 442 -210 -293 391 -61 319 196 393 -300 55 -268 -365 -390 -399 -338 112 -98 229 -88 -67 136 245 378 132 -250 426 370 157 -211 247 -381 -509 -418 -508 -358 1 -479 87
-21 -39 312 185 -116 -418 -453 -495 -384 256 299 158 396 -36 -204 87 -156 -486 -299 103 467 105 -10 330 -307 -397 -206 -289 257 -246 35 -316 503 -87 -195 117 402 197 51 214 91 296 -289 495 279 469 -218 -355 197 -219 -45 -80 217 476 -3 -307 -127 -6 19 -424 95 413 -269 -285
-441 -127 -371 316 -480 420 -424 -467 -476 -452 -441 250 -10 430 33 422 -166 -188 17 -97 -87 200 466 470 -478 479 338 267 2 285 248 29 208 -97 507 -144 159 258 347 -40 -159 -359 397 -205 27 432 383 -113 -71 -375 -270 -284 -343 -497 -349 405 -70 175 228 -54 142 172 -266 24
-227 200 -283 192 -241 -307 246 379 -358 -232 -449 44 268 133 371 -222 105 312 -423 42 -413 -244 -416 173 -247 -305 313 433 427 -218 -482 -463 69 -505 -371 -61 303 -305 -323 189 296 393 -510 -106 -165 -435 -112 -459 -103 272 -265 161 -281 -20 -411 326 356 239 -127 89 -401 -130 395 -193
-82 358 249 330 -82 -176 -428 -156 -463 495 281 -264 -352 406 -367 248 334 145 44 -397 181 196 21 -16 -268 124 -307 102 -463 60 -501 -332 358 -93 -1 -365 57 -325 -133 -92 -483 -185 -356 -256 -265 -318 428 189 -130 -453 122 -361 -411 -510 317 439 78 60 129 438 6 293 261 306
-136 -428 263 19 182 -117 -333 334 -452 417 460 -359 -141 -104 -425 97 194 235 410 176 419 56 -101 -271 153 -423 -199 7 -262 296 -499 259 314 44 -297 42 -401 399 -25 -436 132 -235 -56 269 -207 371 -59 -253 86 138 256 479 -404 -269 384 -331 251 103 -380 258 -353 191 -151 -156
-6 29 -405 380 -111 -53 -193 -256 -181 -162 -357 -284 -11 377 -198 -108 488 213 -359 -176 -69 153 220 -452 -333 -195 104 -280 203 -503 238 -273 329 -384 307 334 -461 313 -320 337 480 -480 307 382 94 -44 -165 -145 329 -506 -159 -265 81 -285 82 390 -140 -491 254 125 -267 163 -402 404
409 -357 30 -304 -10 57 -146 424 80 244 -388 460 343 350 57 136 153 422 -114 -349 12 227 318 401 238 -284 -254 -305 -402 18 118 162 -93 -156 177 -391 406 -437 465 -499 321 498 460 413 247 -509 201 511 393 161 -36 -157 -504 46 -349 493 -251 -474 -212 458 -141 -132 197 -47
-192 458 303 59 454 -167 376 -438 240 -56 431 298 -58 10 142 -4 -145 -243 150 307 -432 403 -187 435 -376 -15 -95 82 364 -59 -39 -308 383 -385 87 240 129 -434 87 312 -317 470 13 -410 84 255 470 348 162 -222 -190 176 -118 -205 464 -442 412 390 -378 -367 302 417 -254 42
-45 66 254 118 429 -464 281 -73 185 -308 375 83 325 -443 319 126 -511 205 -380 318 -129 -296 -336 378 249 -36 135 228 6 -332 251 228 59 -239 451 390 326 -419 455 423 257 -69 -379 43 -30 505 375 273 105 -464 392 333 222 -137 -13 199 -461 436 463 30 -139 -416 341 369
-123 452 -479 -209 277 -132 86 269 -488 470 302 6 -380 183 -165 77 -297 420 369 449 488 -333 -340 399 -244 -406 77 385 433 -348 -417 247 291 321 59 -329 -255 243 -244 33 143 -505 110 -9 255 283 -366 189 84 281 -56 110 94 -427 307 362 -1 -451 11 -202 331 -204 -302 195
315 135 241 155 -283 -266 -174 -346 -384 -475 -464 -476 231 -408 110 -332 -218 -180 -385 -429 -325 384 -303 229 -104 443 483 -116 366 -26 369 221 -123 231 225 18 48 35 132 268 -343 -161 -129 -85 -255 -502 -146 187 -402 400 -362 -266 -501 93 -260 487 397 -222 -9 91 -357 -417 -309 -396
462 -508 -510 -204 181 -430 -433 -478 -72 -32 -487 -7 256 240 -97 429 365 246 -324 471 -273 294 -231 393 460 -173 -170 -10 172 464 -46 316 -154 -321 -330 -256 314 506 -385 329 -437 162 -391 -356 408 -460 106 182 -90 -225 453 -230 218 -279 271 40 191 443 236 -342 -401 7 -416 -122
360 422 -415 238 -180 288 231 131 -396 66 -365 -336 -183 -69 -325 -259 -10 71 -205 -408 -27 360 -159 96 -145 133 -368 229 -76 -253 292 -122 70 -347 470 -439 380 71 468 272 -300 283 311 157 -472 298 -344 -108 499 -268 396 -345 149 251 207 191 218 -83 -56 136 197 323 414 325
-479 -213 138 -388 302 354 -70 146 427 470 27 435 459 -356 -47 -435 62 199 47 -329 471 365 -505 244 119 232 25 141 36 -395 -52 -445 457 -7 467 -77 394 43 439 232 57 -31 -65 -133 -361 -510 78 306 109 -9 -40 -235 386 338 391 487 -286 261 274 327 153 332 381 220
-419 -285 -27 -259 276 208 116 460 272 -81 -25 284 345 214 -261 274 215 -32 395 -460 21 -96 383 18 80 -32 413 422 -209 9 -466 158 184 108 97 473 496 8 -372 302 -427 413 22 -278 444 77 493 -235 275 494 36 269 341 -396 443 435 301 292 251 -471 -205 -134 207 303
-230 41 45 479 -83 -490 63 -176 345 -77 310 171 158 123 -183 -131 188 96 360 -235 135 214 -131 231 -372 270 403 397 -131 -212 -339 -399 120 -178 202 352 -361 312 120 482 -392 -381 439 340 -34 476 -363 329 -165 432 66 2 -185 468 -496 -111 86 -160 405 -387 -478 -347 -468 141
8 360 -457 370 128 489 452 -303 -19 345 -308 146 -185 -181 -275 -62 81 160 371 112 55 437 288 72 -357 -189 -497 165 -429 164 231 214 352 -113 486 -126 -228 278 -389 -499 -285 -233 163 202 -257 500 -189 489 297 84 -43 487 415 386 -180 -242 482 504 -459 169 -392 183 29 -379
368 -413 415 -1 22 -5 -464 -412 220 440 -479 56 313 390 -395 315 99 -467 24 -286 -53 170 276 -149 -245 511 375 150 -71 38 -218 -121 -65 81 444 -347 100 -133 348 -276 -49 138 -129 -35 -313 22 -198 465 343 289 155 -201 -314 -289 47 -60 -435 -246 -107 -58 348 447 -187 15
-186 -315 420 394 -403 -45 -176 -289 -304 -102 146 165 32 -409 294 511 128 -358 -411 491 -189 -49 -4 72 182 -14 460 -439 -279 49 499 -79 -316 19 -174 -28 392 -511 -300 455 -486 12 222 -303 244 130 62 2 -307 401 -445 123 198 196 -407 -340 447 -350 -164 166 188 300 208 461
304 198 415 333 -300 -263 -10 302 184 -314 255 -167 -149 -44 316 332 379 360 241 -397 303 -270 334 74 -504 -413 -68 -302 -283 174 339 -358 492 -453 462 94 -476 -421 476 155 -224 383 -359 -240 -448 504 -92 307 -463 167 467 58 300 380 -1 417 431 -236 -432 -352 139 -170 341 -229
388 188 155 -384 -62 -156 439 320 453 -329 -352 -209 333 -75 -120 131 -165 -397 9 -178 -335 -377 211 368 -5 292 -49 -145 351 -451 -9 -135 79 425 75 -94 -243 -249 439 -204 397 33 33 -54 -159 -214 -452 421 9 312 -129 432 -253 -1 -378 -79 -267 -222 -260 487 344 146 -381 -400
99 -446 203 -230 457 -422 -362 48 489 83 -58 -458 444 353 263 428 497 -161 -206 -223 -230 -460 242 104 260 -105 -491 -133 129 -224 187 170 351 -282 -393 319 -448 310 67 -510 -392 188 -80 176 123 426 252 208 359 -177 25 331 93 -79 497 267 277 -187 364 -459 497 -276 -72 135
227 229 155 -291 -313 -246 364 405 300 480 -78 383 207 102 -255 -228 439 -465 -305 -344 375 104 398 -404 -510 277 49 310 370 -4 45 -254 -300 84 379 385 -94 -239 -338 244 -217 -79 -404 261 -372 45 405 341 226 487 -253 247 130 -26 438 -484 -257 9 -373 -53 255 -166 318 -342
-76 -7 451 362 -241 -358 -220 -424 5 -207 -18 78 -75 201 -397 -321 34 -116 361 -17 -231 -219 172 258 84 442 -372 428 471 423 366 324 -402 467 179 88 -343 30 206 496 -305 123 -258 380 324 -121 396 283 431 -254 121 -222 -449 -250 336 163 22 -437 -397 -227 347 -101 60 468
32 424 -463 392 -339 304 314 153 -206 -362 -33 455 -331 -75 169 -237 455 170 -94 -94 -355 70 -231 161 -174 48 -95 -380 -381 229 86 156 -166 205 446 456 -214 -493 139 26 229 238 278 -445 77 -274 287 -120 -109 415 38 -470 510 -343 -132 -453 -422 -266 -311 -381 -435 37 311 -432
254 -268 431 421 -275 -475 324 -8 155 173 -15 -67 -242 -472 -55 100 122 90 239 201 -298 125 121 -446 96 -292 341 58 20 -383 189 31 -253 -384 -196 71 35 99 333 -146 -402 -401 444 264 -499 378 50 413 439 167 63 -262 -342 -342 -302 109 276 -266 263 130 307 -152 -314 -281
-327 45 -500 -406 114 -466 144 -33 251 173 473 99 -335 484 -137 -65 -266 283 236 -192 215 -94 -91 -382 52 -234 -219 381 81 -120 -175 484 -59 -113 281 -51 -378 -372 -10 271 223 53 -202 -498 309 304 220 412 297 361 -181 -222 491 118 -151 -258 -247 443 120 -42 -336 382 -29 -287
246 -301 -242 97 293 -30 25 -361 -329 -146 -470 484 60 -67 36 -445 393 -119 65 -345 -115 -483 11 -456 -26 321 34 -469 -502 157 -185 -326 -173 -461 -357 -234 -395 14 216 333 -37 408 478 192 -366 -86 -383 -365 -196 508 -421 401 -446 353 120 375 -264 29 454 318 196 453 232 -350
364 47 41 188 -186 153 333 232 -244 -420 402 -14 -271 109 385 191 -9 -347 319 -488 280 -499 -195 197 73 291 -64 326 -366 262 -410 232 502 306 406 -297 193 304 -403 342 138 40 -65 -447 436 -147 212 359 -406 -62 47 -508 -84 465 407 65 189 476 -297 -406 -169 -351 426 402
-323 406 474 30 61 182 495 -88 429 -301 -465 490 123 155 492 -172 -417 -426 91 354 13 -311 -471 497 -508 -7 -40 -160 -155 -185 430 504 -367 443 73 -84 -335 409 -269 256 427 92 -227 506 342 -99 -428 -244 -108 -120 -436 -211 -419 -145 324 128 -269 -32 358 -266 176 201 -23 -314
78 342 48 480 -134 444 36 510 88 -179 502 -188 482 -488 101 286 -32 -295 -193 108 -438 157 484 -403 -133 -485 402 70 -41 457 -90 -437 144 279 -212 309 27 320 -471 490 -224 437 81 -302 -169 -478 70 386 30 -441 -243 134 -91 -241 246 436 -162 342 -222 -95 -297 18 -249 344
481 -365 281 -36 511 497 -53 -205 -444 -224 299 -316 369 400 -329 154 27 -19 -246 -205 269 223 434 -489 244 -435 323 -381 296 -14 -365 -396 286 -290 397 -182 53 274 -140 -257 -146 -275 363 -397 179 223 -445 -350 476 357 -216 363 253 247 121 -483 230 431 41 -256 462 -35 39 172
-500 244 189 263 -179 -98 420 394 143 294 104 380 142 98 472 489 -25 220 -270 350 256 -180 -463 -323 390 -286 214 140 279 263 -45 56 -117 427 -209 -286 -113 297 -483 -177 -470 149 104 -168 -29 -14 -228 -14 -69 122 43 -363 266 449 341 -280 -81 -33 32 347 -398 -1 159 242
335 -67 -468 -179 6 -435 -46 0 -341 -235 -469 -297 -216 167 -468 -120 -510 142 427 -73 259 -336 99 -21 495 287 351 468 296 166 240 -95 -195 -385 -239 -420 142 -403 -255 118 -180 -68 -155 -178 -202 398 72 83 -70 143 -349 -202 448 -8 469 -323 -87 408 167 369 -2 -286 -74 -428
511 395 -131 162 0 -79 348 111 208 284 -506 -444 373 -491 -146 -217 46 438 189 -179 72 -390 -23 113 2 428 -30 -18 -254 504 2 -445 88 -260 445 107 492 -116 -52 52 -353 -75 -92 -505 64 -49 -361 379 314 83 -305 -492 298 -461 -214 126 -426 147 257 -432 -402 184 -23 425
235 491 -146 452 40 -102 129 362 261 66 478 41 -435 -316 -442 -358 432 -233 -273 -398 -195 -87 54 96 2 129 -424 476 44 -234 -324 -370 483 274 366 74 500 205 36 418 50 91 -253 -324 -224 371 362 501 383 65 374 271 -242 -276 -23 -71 339 -362 -165 233 274 -126 301 -443
330 -383 -97 504 139 -235 155 -69 376 -254 129 11 120 447 281 -330 -149 323 56 194 19 -88 -98 511 239 253 186 -52 28 347 -48 -229 -137 211 -361 -223 222 -141 274 -155 -350 -10 381 150 -409 48 -392 -217 0 322 -505 100 49 -344 154 86 173 419 326 244 -38 -223 335 -439
-202 -342 125 -152 412 -237 -306 91 227 214 -420 65 200 189 301 -120 -35 371 -233 245 -12 56 248 317 279 -336 239 274 145 447 176 -154 422 396 -110 97 360 412 -364 -267 501 -109 256 407 500 -5 -461 -427 -477 178 384 -5 337 424 276 191 -509 427 147 -433 -6 429 -355 -331
-191 101 -422 221 -147 266 272 -129 -494 86 -91 -312 449 135 177 406 -132 381 -370 352 -85 -367 122 459 338 170 432 -426 18 390 -500 423 -494 402 -336 -40 342 100 -456 -73 -300 104 -493 292 247 433 -150 -372 -160 167 270 -470 465 302 -370 -10 435 429 -254 114 -436 -345 -330 419
232 -94 325 307 -132 -97 -35 -298 -195 -116 -52 -63 -156 352 306 -392 -430 -81 -284 -345 -33 -445 -131 84 428 157 461 -358 -35 -298 438 491 -178 -172 -155 409 119 254 94 -417 -414 -231 -249 356 391 -125 -409 -322 167 111 327 481 -441 -495 -173 -386 32 383 -161 -140 -277 84 -222 -41
-243 -212 409 -275 -327 431 0 35 325 -373 91 400 -188 -280 -342 -146 129 -179 267 -98 -264 -466 -328 -72 -95 389 80 338 172 34 386 -340 56 -414 424 -471 -510 -405 286 328 75 200 68 -159 -283 -321 430 91 -295 224 -339 -120 235 58 -439 483 -463 83 -191 -10 -90 125 -477 151
163 -295 382 263 416 -305 -76 189 -44 502 425 477 -41 482 97 -11 237 374 -275 -127 234 -53 199 -140 -135 483 110 -330 139 -431 -410 -311 292 -383 -259 -251 136 220 -427 17 -164 403 58 -478 11 -192 -264 -424 -91 -257 -337 92 284 -383 -342 511 21 -207 -412 -240 -376 383 467 311
64 -392 455 -509 -174 -29 -214 225 307 358 127 -411 -328 281 -458 -455 258 -368 -198 383 436 -149 432 -171 -462 42 447 -373 -8 -491 278 48 -402 360 304 -324 -456 -40 150 -78 507 -383 511 18 -431 169 -408 376 488 -436 -21 -75 115 -92 325 -182 -346 -367 44 -2 368 428 -56 -274
-126 182 -174 419 9 -38 -187 157 54 171 -268 257 128 -170 -446 480 475 -266 -111 212 -154 -134 -236 471 355 -469 -227 501 -72 182 147 336 -4 -104 298 245 241 155 449 410 450 -459 -12 87 -26 -320 -306 -438 162 -501 34 25 -359 -211 423 -116 -427 -344 -108 -124 -201 344 -58 76
310 378 -236 97 49 487 -355 -145 -352 -465 387 -53 242 66 -233 243 -401 -276 -132 153 115 105 448 -88 -284 173 155 172 485 221 186 -232 216 -104 -21 -377 351 -391 87 -216 34 -215 -89 190 226 -106 -489 -207 259 324 165 -384 -16 -434 -57 151 -485 -505 192 -139 161 -498 -358 -85
-420 -123 189 -490 154 343 226 507 -165 22 233 455 311 -366 365 121 313 105 417 -118 -463 158 156 42 441 -465 -207 250 -430 189 -415 -277 -274 63 331 -185 -347 162 101 -355 -452 -58 -367 -447 140 328 -54 -347 428 244 -256 489 466 -392 -386 -92 -393 492 -426 -167 -491 402 -18 -202
-141 -17 50 437 451 -474 -232 22 22 461 -136 -242 218 -477 210 13 320 95 480 267 -495 -374 -146 -451 -128 65 -365 426 344 54 -259 23 353 169 -253 -359 78 -174 -4 -146 -351 424 371 -366 233 -237 87 271 -364 230 14 -166 -407 -353 75 -49 -198 -198 -73 3 296 241 -372 -292
498 114 -171 252 -429 411 -69 -247 381 57 -59 -303 251 -442 225 313 -426 -132 291 473 -481 55 -299 388 -128 -129 483 406 338 -72 333 412 -122 300 448 501 166 -410 21 -46 -230 419 415 -295 156 195 -279 221 459 5 149 134 -83 52 -3 471 -18 -90 165 -102 -195 -38 -108 -70
-316 -187 455 309 100 331 84 442 -388 -408 -42 27 109 53 -344 -152 14 -449 263 -211 303 320 341 130 302 -498 -181 335 -306 259 429 -10 -140 335 408 -337 -167 147 202 -259 468 176 -122 -131 96 163 365 205 -87 254 184 181 114 510 66 -321 128 287 -23 -322 -374 223 -263 237
282 186 499 -251 -421 417 -188 -109 337 -116 387 -26 -48 409 -261 368 173 69 -230 135 -31 73 486 -15 156 -163 48 239 207 -381 -171 416 -236 291 139 -239 -483 430 197 50 258 262 -309 314 -127 104 -128 -275 146 -134 114 -408 11 157 -296 -459 -10 -163 333 31 -296 -292 -126 439
62 -416 -164 -365 -357 -172 1 -240 -482 471 295 -45 -109 200 -289 -360 -9 362 202 317 -302 39 -370 27 -450 140 152 -405 345 -133 -447 -329 275 358 -508 -360 -84 263 443 81 -169 201 -66 -23 392 -283 -337 481 -252 -407 -184 500 498 -249 327 399 458 -471 399 246 -377 30 320 489
-461 84 -134 -237 0 -393 332 128 102 -193 -262 -139 -459 -347 -402 -42 -53 -418 385 -310 -110 -113 317 488 284 -381 75 177 341 67 -116 363 371 54 -383 246 314 499 -452 57 -32 -115 -489 -475 -90 447 -477 -77 -414 -461 -324 242 503 0 -54 -99 -229 -233 -297 169 416 383 41 -249
-202 -336 411 191 179 90 297 -333 342 -457 372 486 48 -166 -432 57 144 -167 255 342 -429 -233 294 221 3 68 -314 367 243 -449 485 -292 -357 -110 43 215 -351 -473 -287 446 396 -339 314 -478 132 135 110 420 122 -34 -360 -224 262 369 23 -391 -464 110 292 -471 39 -142 34 -432
-211 -195 423 -499 406 40 -184 -243 319 472 -211 -102 -27 -217 282 242 -236 -383 -166 459 -445 183 193 -187 -415 236 -161 -96 -357 -171 -443 423 -115 -171 501 368 -454 316 43 -290 175 47 126 55 428 -465 14 377 -332 20 -178 -242 -144 -282 73 364 -9 36 -82 -10 424 -144 469 118
-489 249 506 95 356 -426 -109 -510 -502 -229 168 -46 -363 -400 366 -216 103 183 439 -246 -295 404 -343 505 -463 383 328 -281 306 183 -295 -344 164 448 107 207 153 -267 -340 370 177 129 -188 365 297 -32 96 -118 320 167 131 -104 391 214 -452 -17 118 -371 285 -320 356 362 -399 83
396 -227 392 -237 -232 -129 510 450 403 -451 173 63 -342 244 -10 345 476 372 -33 -6 -104 436 178 371 -414 433 -223 -163 -239 25 333 -233 323 125 -112 12 97 411 -1 -417 166 -240 267 -170 -108 -399 -92 227 49 -424 -157 211 432 465 -114 364 -197 325 256 -254 -284 -291 -133 -62
-252 -471 411 402 84 428 144 -348 175 -427 383 87 -27 401 -102 60 -181 -104 57 -189 -379 -232 377 314 40 -217 -127 -28 -98 -285 -3 355 -116 -214 279 371 -81 179 330 461 -249 -330 -211 -230 19 -473 -461 -506 90 137 -134 -446 157 -230 -418 -17 192 395 274 -19 -215 375 -36 128
-79 -345 -261 -42 -320 221 484 -158 -327 148 -108 -5 368 439 122 131 330 -71 -327 -425 -176 310 -173 504 387 149 275 -433 188 -496 -32 -368 415 225 208 -314 -166 64 -465 -209 -283 -212 -438 472 489 24 -427 455 -486 51 -251 150 231 12 29 -424 71 210 -63 -284 119 -299 182 -431
451 112 -318 -118 362 -382 -343 345 235 191 475 -407 285 271 329 282 -173 -351 321 -55 -339 -286 91 -247 400 -232 242 -61 474 202 -162 -130 -454 -338 140 142 5 501 -246 78 419 -185 162 -99 392 477 9 -505 -108 -500 228 432 502 383 303 116 -133 133 185 -368 -27 413 -398 -471
-61 -389 -162 434 325 -468 408 -240 -86 -24 191 -171 59 -170 219 -311 113 -261 148 -438 -413 -290 -401 38 -278 260 363 53 -493 -338 157 56 -386 -360 35 509 -426 -438 -356 145 452 310 423 116 -179 48 287 -486 -167 220 -176 -450 450 -48 211 112 -294 47 361 412 -95 -439 -473 -10
148 -252 284 -131 69 -288 63 358 -188 -225 -172 19 114 -460 -197 -429 30 -357 -332 92 39 44 258 -321 -165 -250 277 -420 -289 -334 -182 -271 -269 474 269 -287 218 473 376 -354 -110 205 7 -54 -81 294 211 -357 39 -252 -201 -425 30 -466 207 -361 357 -211 -105 -147 -159 -308 -497 450
-290 457 109 -432 160 -210 491 174 58 363 -74 99 -262 29 -421 294 25 374 -23 264 -67 14 -400 113 -331 -149 476 -440 -109 503 260 -404 259 -135 -334 337 -121 -195 -401 -276 64 -493 -340 327 458 -377 15 313 192 387 251 350 200 -143 -436 -181 -309 284 411 307 17 218 62 -490
298 302 -192 -264 48 -152 388 318 476 -217 277 -150 96 314 -245 -242 -166 -187 -479 -142 -280 -2 100 -411 -258 -31 -36 235 -398 -358 -276 140 344 -314 -412 357 -35 -42 -338 -461 -481 -349 50 164 -386 -329 -313 -446 -210 -393 -431 -404 -216 -254 58 -378 -379 -271 415 271 -311 -455 199 -306
-225 219 138 417 413 -234 -445 467 -306 276 -342 509 -195 322 313 258 92 -500 189 -467 446 -353 6 -399 -248 508 -175 257 -94 473 347 -272 401 -491 237 186 379 -417 -254 -327 -245 509 188 465 442 -286 -259 365 -364 -225 448 -193 395 196 -48 209 -206 124 -278 -171 -431 223 75 -344
484 -306 433 -268 28 -118 253 401 -86 -104 379 89 -426 200 216 233 167 -407 -83 -292 448 -199 -112 -126 267 -195 313 98 -262 -487 414 -80 84 33 -359 -152 475 26 -230 -212 -448 -416 94 277 -373 -173 300 196 108 263 160 -133 117 -421 -14 57 -221 -422 512 -395 132 102 -353 -73
-205 -356 436 -230 188 -228 -166 -115 -2 146 -181 472 169 407 127 29 -391 -62 217 -164 -141 345 -329 365 -154 -87 -468 298 -387 138 76 -290 86 -384 182 -478 -498 238 -388 259 -338 314 -1 215 93 38 473 -276 108 -238 160 176 -316 149 46 479 -55 -297 -87 114 -67 83 -11 297
429 42 350 -237 -167 349 -295 -180 -463 465 -207 -64 -227 192 -221 483 347 497 67 -493 -378 -410 -300 26 -372 7 241 343 390 -305 -276 -63 506 -511 476 430 233 -421 338 353 -306 -380 -311 -231 466 -298 -338 325 -321 299 456 -312 -484 -310 300 -510 449 307 509 61 217 -214 -55 31
506 -195 -215 429 -15 -113 60 -371 160 255 -494 -470 48 -200 -199 -185 463 152 325 488 -59 121 -372 -472 411 -245 -347 414 -121 455 -106 -262 33 -315 -442 -148 138 100 -179 -31 -94 -383 -225 58 240 -436 137 -73 227 -432 419 269 -164 -91 14 239 62 -339 -106 -191 119 171 79 -491
-27 448 444 -268 -355 501 256 423 74 -237 327 277 354 -174 295 -283 423 407 -39 316 -194 72 118 -195 -268 23 326 -366 466 -296 -413 401 44 -435 341 -508 -275 337 -7 281 -15 -158 -333 147 -112 -394 -406 293 50 -192 -192 -102 177 9 37 408 237 -433 206 405 -467 228 373 190
42 -47 -293 -9 -450 100 436 -212 382 433 -208 465 418 -174 -36 -399 -496 107 54 506 -275 -48 -202 -215 -95 264 -361 192 -495 335 462 -417 -299 -445 -112 510 -56 -66 464 100 -222 384 -337 10 -505 35 293 -317 -2 236 205 -158 -112 137 294 -438 -355 -425 -270 320 95 -312 -233 190
-405 137 -216 -182 -476 -295 -343 60 408 218 152 -272 324 -104 316 160 442 -335 -158 -102 192 -137 391 51 -389 458 365 -309 -371 -472 468 469 -185 410 -259 -158 224 352 -392 307 468 -440 397 -17 -287 -123 9 -4 -90 233 6 -434 -265 -116 476 -449 233 -246 -51 -430 -269 283 453 -109
467 446 -485 476 494 -382 329 -1 -114 500 97 385 -130 200 269 96 107 -201 -439 462 -75 -415 491 126 -54 317 207 10 -260 -117 -170 -27 409 -449 60 -445 -234 -369 335 -73 -322 7 -442 -492 -208 429 163 318 -413 -508 -205 124 170 -38 -327 335 -210 497 -130 401 -227 -237 -337 -487
-344 -52 -30 93 -511 1 -328 -426 369 -414 422 170 -145 34 459 -140 345 55 71 -246 -437 -240 353 68 227 -2 -468 319 -50 181 222 -292 -178 -241 -223 79 325 342 235 114 -450 -185 -465 -203 392 155 -384 107 -491 -297 230 402 123 -434 103 113 -7 119 340 -409 5 453 40 74
-463 182 -157 -379 139 352 262 -271 489 -101 101 60 78 100 24 503 -359 -372 360 -462 -258 -354 -382 464 -69 -12 -106 -133 424 -484 -162 -12 -425 -166 354 -349 435 -128 -433 505 -495 195 -106 -511 215 310 -111 146 400 -171 -271 205 -491 -371 -392 355 480 350 -331 73 125 -54 289 322
50 -385 293 -479 422 -500 319 -435 138 227 -78 506 146 -177 53 -299 502 418 -8 -253 -26 -285 -458 -221 -123 -61 152 -288 344 175 -236 388 489 -33 -352 381 -421 395 -476 210 -106 -238 -22 -49 324 111 337 331 -504 111 -499 -185 237 -276 501 -96 -358 383 456 213 -270 407 -428 75
-461 499 149 -427 -212 398 375 145 -81 -135 110 21 -405 -186 -201 -129 -150 -455 266 -278 468 485 473 -495 284 -146 487 110 -18 395 -301 -69 239 -325 368 -359 -441 35 -212 -29 269 -451 300 -425 267 491 334 -121 -278 -376 167 -219 -492 26 -66 -445 145 -187 -428 167 -335 -302 -391 -208
-447 217 -254 -215 -173 30 -415 -195 275 -442 -474 -47 -297 227 247 -106 -24 177 -71 -162 54 112 -168 -223 -287 363 -457 -482 -59 -330 -392 -336 203 -287 75 -18 -21 -250 466 100 313 44 262 497 373 -10 -212 -438 18 380 -170 91 -46 348 194 49 421 -104 258 -154 -128 378 485 100
-319 -387 -14 -197 -33 314 350 295 -221 40 -124 -236 -65 -331 -111 -392 177 -63 -98 -69 -362 343 -442 -446 -60 -13 35 -221 -94 231 -161 117 -372 -401 -321 306 -408 -56 -273 450 162 382 66 -117 -276 -497 380 -179 389 -357 323 342 401 355 -328 88 248 -344 314 -306 237 -76 447 346
263 -296 -90 -295 -305 -305 -466 -330 -225 -363 190 400 485 34 239 381 -142 347 -313 -391 79 257 137 425 -74 -82 -288 -223 -327 167 162 -398 298 229 130 328 -461 -288 -393 136 207 -200 -206 65 -52 -137 -9 -458 209 -429 493 -415 -423 200 -316 -255 -293 -219 431 342 -207 -404 -16 -403
64 207 -371 -399 430 -94 -153 -274 447 433 -229 84 -215 -104 -44 446 -5 379 -378 254 -165 391 -416 76 -404 -208 -512 -198 79 -214 379 -396 -203 -146 -419 -175 356 65 -35 419 392 -310 427 -135 -388 -152 376 311 -102 475 -232 127 -333 242 -333 -246 -52 -154 437 -234 -55 16 20 443
27 250 -19 259 -348 313 368 327 -480 -99 173 466 -25 432 423 101 441 -218 5 172 424 158 -221 -306 60 257 -176 304 324 -485 262 -58 -302 390 218 -70 -104 -392 149 -268 -51 -230 -81 -135 -287 215 -320 217 -499 507 -236 145 357 -292 -113 345 -54 -307 7 -369 -98 220 -135 362
381 -461 -407 -347 375 -8 244 -331 -262 431 487 -131 221 379 95 294 378 -409 -41 230 -388 265 458 -319 40 202 421 -364 441 -403 79 381 240 -92 -474 -502 474 342 376 -253 -329 129 30 -257 -314 -151 103 118 -145 181 -260 425 244 470 277 95 492 175 322 459 -3 -86 -460 350
214 237 -353 -216 120 174 336 210 443 512 -480 440 -510 -474 -222 -146 49 489 -343 365 -274 144 169 494 -153 -126 282 -394 -349 -214 -128 -392 -9 -232 486 -373 -325 -386 -426 395 437 107 6 -80 -338 330 381 -23 350 435 -171 127 -4 36 400 495 -464 365 205 -76 79 -159 -221 67
313 328 209 -245 -353 419 186 233 -271 -256 99 -177 214 443 -44 220 -370 203 -115 -97 -268 -128 -53 -438 -395 -209 -176 -258 -417 -321 50 218 -209 231 -341 161 285 -274 190 216 -467 346 -355 -331 133 360 -81 -16 -65 390 -84 -431 -217 -338 -119 2 -479 118 266 492 -401 -357 144 266
213 -65 56 -417 378 -369 -4 10 -374 -229 510 172 -157 -191 86 20 375 -167 188 101 -481 -388 -313 230 333 -222 -297 -484 64 -87 255 439 -70 129 -386 -145 497 446 -149 -245 211 195 238 -506 80 356 159 482 363 -439 146 205 -321 314 -196 436 3 -164 412 -302 -195 493 -136 225
-505 93 150 -266 81 9 -39 210 253 -113 483 -468 -436 -222 -260 -402 283 216 -236 -434 -454 134 -123 285 132 21 360 64 -271 137 296 -106 235 396 -212 -348 261 -97 -241 -100 180 -385 -194 446 -382 470 -457 399 -449 399 351 -232 96 14 -491 -495 64 -64 -493 136 -307 -241 -489 -119
428 -206 -119 15 -137 158 -482 -13 225 -338 -398 16 -236 -160 -89 228 -167 -482 -193 186 -511 -191 -127 342 -356 251 -432 -107 -244 503 -7 180 -301 301 105 -399 -474 -479 325 438 -107 70 340 -273 374 466 191 -406 148 35 -421 -487 -32 212 324 406 -3 -442 12 -181 298 151 -418 82
228 361 209 -192 -18 -425 236 246 3 2 31 -451 -426 389 12 -354 413 365 196 -425 503 -371 192 182 246 -66 -120 129 -83 -297 311 -119 -474 6 16 -69 -126 -15 -170 307 -106 212 -431 -231 -136 254 426 64 -31 -400 -140 -10 283 182 -271 214 160 317 208 54 448 -439 267 -145
4 79 -142 -437 -442 486 -276 445 136 -460 -456 -197 -3 473 -389 105 246 -209 -437 -93 276 491 463 -84 -454 495 -149 106 -254 -429 -398 -259 -98 498 -202 -226 407 241 -436 4 77 358 272 -303 85 -285 -152 181 308 -199 288 -364 157 409 -146 173 -37 -227 214 132 269 -183 -325 301
237 468 170 -335 -330 -395 -19 -508 3 -54 257 -264 311 -196 -498 -79 -488 230 -401 125 438 -115 395 388 -256 -419 -357 -209 171 -309 -247 -480 -94 279 -232 228 53 278 -406 -354 -422 88 127 319 -7 -345 451 176 -186 -77 -283 304 270 -136 211 330 261 437 329 258 387 151 -11 447
197 -296 -36 -450 -268 485 396 -327 257 -389 468 -439 352 440 61 -117 -310 -360 -240 -14 381 478 37 160 -240 56 459 306 -478 412 -55 -83 254 -136 111 38 352 -82 299 381 215 -368 147 378 -503 366 -463 263 -439 -507 -234 -274 140 -401 346 470 -419 -29 43 352 -299 455 -137 319
384 61 -167 -304 315 -146 323 -105 -356 -258 -219 276 269 333 50 281 271 501 -354 246 -499 331 8 -241 -193 456 130 -446 374 426 -90 38 -6 369 -141 305 -270 -501 475 386 -44 6 422 203 -146 62 56 -342 310 -102 -71 -356 335 298 239 -324 -123 -84 -484 -63 125 491 -108 -421
-504 99 297 -227 -7 -235 391 -302 362 148 407 449 7 447 -100 453 201 286 -102 -36 -483 -393 -486 365 -158 395 -412 -420 95 57 -367 354 -363 -456 -8 -252 30 496 -22 -68 132 112 306 220 -303 161 -351 -489 -215 -97 -406 444 -207 -438 98 309 346 -439 -357 300 1 -188 220 -53
435 90 -423 -350 -490 150 -288 -287 351 292 35 447 -310 -79 -295 11 -56 -189 428 165 342 411 -220 -423 102 -181 297 -171 193 -277 -270 352 128 -307 -141 -495 -396 31 368 208 -29 -396 247 -1 455 92 151 -168 451 118 -388 51 35 502 158 182 -380 -103 -65 51 -450 -8 -296 -463
15 -504 485 -79 -445 393 -198 11 -195 -405 -18 10 431 152 280 -376 -250 218 126 -327 -501 104 -268 291 454 367 327 -171 63 401 -316 292 428 -425 -484 -430 -174 182 325 -333 -340 252 339 -368 -391 -494 -346 -482 189 -100 357 -221 466 -1 457 198 -215 43 -433 0 -125 -314 74 -337
235 -144 -145 -190 38 -160 24 312 -430 -255 -493 -161 -416 417 -462 -473 230 -483 -255 67 15 193 -405 226 258 -86 -397 393 21 106 -445 154 230 81 -381 241 159 362 290 -437 -173 282 -25 449 -411 229 175 376 -471 -414 -321 -504 1 359 267 377 501 65 -339 -164 -464 -436 75 -257
150 177 35 -393 -185 -24 419 387 -344 -63 -344 -284 -271 201 415 -58 418 123 -390 103 360 -263 76 43 -25 -400 468 -360 -375 -133 347 146 263 -151 -189 -155 -334 -79 -322 480 -396 176 194 -195 -33 -450 116 -325 -224 -165 -325 219 -133 389 -467 417 58 -236 474 -317 -84 -7 -466 94
448 -98 -429 -282 347 121 216 507 -276 153 -269 -462 -324 -137 -503 -447 452 -262 93 -446 223 -404 -51 -34 -18 11 500 -42 -151 -151 -372 475 103 -161 192 -92 -486 251 -364 -420 -422 462 -442 214 -49 -329 -90 336 284 283 -78 255 304 -113 -462 -483 -140 -99 30 78 -21 -256 467 -227
425 -37 -210 421 210 -1 -351 30 427 -130 218 241 -255 -274 -510 -129 1 -119 -384 -66 450 396 504 305 -423 -487 122 -233 507 181 -502 -276 -163 -431 -267 159 233 -460 47 -127 56 224 -227 -47 254 -86 -456 -423 -57 -442 202 -334 114 -285 -194 -131 274 -132 -196 495 437 91 507 -71
-381 -374 -198 240 345 -403 -398 269 -446 330 -439 101 75 -292 -12 371 448 -96 88 -201 -351 108 428 -98 -2 -507 -60 287 -239 -40 80 252 -52 -158 -43 172 4 -278 289 -353 312 -36 72 342 437 137 -230 -322 -332 -279 -415 -167 -8 -401 -365 113 319 -485 73 144 138 -324 256 -298
-382 197 -285 25 -467 -324 60 -26 430 -22 -353 57 -279 -272 -22 160 495 -507 -289 -33 -378 363 -337 31 -288 -115 147 504 254 24 -322 399 -214 202 -198 -238 -261 -510 -455 -380 114 -475 -177 405 109 -466 -287 136 -481 93 55 -336 182 -258 -251 -325 -360 -166 -79 -173 -507 -170 268 429
-336 -148 -311 401 70 224 -59 388 -389 196 89 -261 237 -365 -240 -481 -106 -361 -253 -256 -108 287 282 93 -478 -369 -55 262 -331 362 -388 74 -372 -50 -75 41 -271 -160 -104 -154 -383 -163 309 -473 1 -413 76 -295 150 40 -322 279 374 -70 208 -202 307 -111 -341 -133 428 -325 116 266
137 417 -60 -11 180 -405 -56 -418 -180 -451 187 -336 302 126 279 26 134 327 -464 -85 273 -50 -397 261 -130 107 34 -408 -327 64 274 290 -407 458 84 -327 -210 -102 -465 -206 -480 -173 322 -361 -117 294 118 326 -37 364 -458 -114 -42 -334 -111 -420 -230 -140 -356 185 46 -95 340 483
53 -397 -435 512 -79 322 -295 -188 363 312 -110 268 319 295 -113 -450 122 147 -9 -107 -403 -306 -196 -318 255 78 215 393 125 129 316 -250 348 197 -510 349 -104 -347 -498 366 304 418 95 -401 -9 314 92 166 -232 312 49 -403 -87 476 210 -96 -441 231 352 375 -161 228 302 -225
313 -237 396 341 -468 -508 327 -496 -210 -312 285 -342 430 264 -498 236 121 -361 -230 415 -200 243 -502 184 292 22 -120 -226 299 -163 406 -352 -263 -108 -53 -339 -384 -41 -217 457 -139 -260 -428 206 300 0 -169 260 -336 -47 -406 449 -192 320 -487 51 -303 408 -317 411 -195 -418 510 -172
366 -2 -290 -110 3 -489 -325 -125 195 467 -501 -174 -161 -170 -331 98 -330 391 171 481 -72 86 -16 443 -204 150 393 256 437 213 24 285 -405 496 298 77 -319 -150 285 251 -201 397 -6 199 -173 -300 -449 -139 -398 -41 262 411 -459 -421 238 -510 -167 -506 -512 250 -167 -387 -409 254
41 -97 -182 409 -225 158 -158 332 55 27 17 -294 28 38 308 -81 -245 -169 -140 72 -304 -131 256 360 290 158 -189 308 -506 67 363 -112 180 -387 269 49 -310 -373 50 -264 505 -69 -350 460 344 314 -105 410 -185 128 413 385 359 -290 -409 -311 -194 427 421 375 -458 -155 -177 386
-469 -173 -130 0 293 -55 272 -61 54 292 19 92 -10 -381 -195 -347 428 -498 -255 -440 -34 -461 -219 -356 -387 431 420 -218 -280 124 171 106 -213 91 451 -397 369 1 195 -213 -373 309 7 -110 -331 221 299 -264 126 -127 -343 68 -85 368 262 420 334 -246 -491 220 202 -94 -493 -465
