310 -251 18 -196 -8 -102 -53 -188 33 260 -219 -140 -200 -94 -259 -55 -252 92 -308 261 -84 -47 -49 -114 55 194 -195 -272 152 -36 108 168 -49 130 -115 -219 -124 62 254 283 -204 -245 -349 -162 -348 159 241 69 -272 317 218 -50 -168 -325 -263 -9 264 139 -349 -120 283 -316 347 -149 -347 -133 -167 -237 316 187 361 201 247 249 -274 -284 -63 308 -71 50 17 -340 -78 -64 104 -79 2 35 -205 93 327 -185 247 -242 -194 -165 -212 -130 30 -188 141 -140 -241 -31 316 160 176 -56 -314 137 -196 -67 -213 -227 -6 345 150 135 -57 -314 -79 95 -242 -129 133 -34 -38 97
-292 -352 91 -117 22 160 -36 183 244 -39 338 348 -237 -222 -216 223 325 -328 15 118 -251 136 -360 227 -18 302 211 164 262 259 -230 237 -140 -236 215 -115 62 -160 -134 125 -352 179 131 -283 256 -341 69 189 -353 142 42 51 285 -341 174 324 -361 47 -133 201 40 143 -241 -180 319 226 -273 321 241 225 77 181 17 321 -278 8 -241 -47 -4 -327 -177 3 -5 261 -133 -221 -343 -247 298 -334 -231 -44 257 -244 -206 -131 8 -33 53 -314 -231 -360 -194 -120 166 -42 272 -258 -58 -229 266 82 243 335 -67 285 -247 -205 -130 181 75 324 -149 -242 -318 -344 -91 -279
-173 37 276 8 306 -175 -91 249 178 -107 -68 -42 -119 301 -59 317 95 -159 28 -115 5 122 -274 -105 341 208 -79 -135 25 359 211 174 214 75 303 -359 254 310 -232 361 258 323 -328 -116 -189 -74 -54 -106 -125 -288 -296 -327 313 27 -26 -346 2 -250 181 -75 24 248 329 202 -76 -346 -177 -166 148 -360 32 -201 248 -252 303 210 -202 315 -235 74 -325 -162 -57 134 281 -15 348 215 -2 -109 51 -294 285 206 -361 170 -96 -164 -328 -30 -137 -289 -356 235 15 -300 -168 -196 252 -137 103 -139 322 286 -253 240 76 -120 289 14 -34 -298 38 -238 233 347 130 -74
-254 -12 57 240 217 102 13 -193 -208 351 -254 240 342 -151 -232 1 -252 -40 -244 326 139 -165 -60 231 -111 -27 -31 -80 -301 -143 181 -152 -301 53 48 -65 298 -99 -228 25 -180 -91 -128 -233 -180 -247 145 0 -55 -223 -183 -309 -4 -120 179 348 -325 96 257 229 20 -214 17 110 -162 89 -20 186 241 215 343 332 -305 -94 138 333 -12 -57 167 203 109 302 -265 183 281 -98 22 109 290 173 226 153 -132 -115 -231 -220 101 333 -107 -203 193 -18 -349 229 244 -343 -97 84 -186 306 5 -311 110 -187 -140 272 278 -159 -324 12 -293 228 99 -254 99 -304 197 -156
-9 -354 -211 -147 37 -78 -186 -37 174 -350 -74 -279 298 262 -155 -153 311 61 -327 -112 -341 -132 254 -86 -327 -158 -144 -240 79 175 179 18 79 -99 160 351 357 -44 358 153 248 -137 360 356 303 -325 173 163 -139 306 -190 -86 -133 -195 44 -277 121 -71 350 -155 -357 186 -40 -307 15 30 338 -116 -292 -211 -8 -26 -218 17 -62 44 -258 -205 -139 -292 -221 -206 145 95 79 -195 -19 99 291 241 -269 -85 -85 170 206 60 -322 336 76 24 273 288 -175 278 74 -51 -169 72 172 293 -342 -66 -127 195 -86 308 -261 -59 91 119 313 122 -189 271 -26 73 -167 -157
-98 -56 -266 -9 69 -66 -232 356 145 -116 -300 -293 351 77 238 -98 -192 287 -69 161 70 -163 275 -176 263 264 -25 3 -170 -208 -293 -272 246 -338 -327 140 -247 -331 285 -307 -320 219 287 42 -219 128 -302 263 -301 39 299 -106 -74 147 84 45 259 136 99 358 -319 255 -199 114 -302 14 164 -285 -275 -139 -138 -82 45 -253 231 -315 -347 341 292 150 -348 200 -87 144 67 -240 -351 -245 -194 106 -47 71 -338 -343 80 -352 -4 -277 -94 -298 -219 -307 -113 97 -1 -302 28 93 -48 -194 25 -89 -109 -94 78 159 -109 -212 -36 -269 -292 -345 -291 286 163 -231 334 -147
-262 5 271 -226 222 257 126 -94 -358 283 -204 213 142 282 -93 125 -321 -13 -361 -179 -361 -74 40 233 -91 -317 258 42 172 354 -324 -160 315 147 334 -190 -310 310 -31 311 28 348 263 111 -181 63 -256 55 -141 -63 342 -296 177 252 33 -3 -31 128 -291 -268 209 -280 312 -315 -284 165 291 120 -277 -188 -146 134 -294 315 -92 275 195 -356 99 262 320 -318 353 264 -342 -269 -85 152 74 143 116 -315 258 78 219 -168 204 235 -176 -342 -333 -238 -7 -28 -153 -14 214 -209 84 -14 -340 27 331 51 349 -296 31 241 238 -236 -336 -64 189 87 348 202 340 -350
78 329 350 245 -131 98 -117 -331 265 15 -90 -69 -118 169 6 -293 204 -241 -147 194 -314 -70 68 -132 54 141 43 197 303 185 -47 94 -243 -6 277 -307 -98 -328 -260 263 -178 -267 221 -360 339 -113 229 -232 359 -110 346 -118 52 -239 143 -332 140 176 149 116 82 321 -4 -235 -114 5 266 -112 -244 235 -4 -220 295 139 -251 80 314 119 332 224 -198 112 24 -227 -252 122 -38 25 239 69 225 -93 187 8 -186 135 155 249 -253 132 45 -96 60 -118 -238 338 222 299 344 181 77 265 176 29 -11 -183 138 -246 152 254 -327 352 -273 65 278 33 -51 -189
-298 315 30 217 -43 -12 13 321 -294 -215 -130 -224 -92 282 170 141 -349 113 76 -69 30 289 -238 301 -145 275 -229 245 -298 -225 -154 -209 60 94 -304 -258 288 -160 41 -289 -306 -40 -265 314 -143 -34 356 -203 220 2 203 208 139 215 356 152 160 -98 34 232 100 93 148 8 -87 346 110 317 23 -150 65 197 -23 -121 -108 85 -66 109 -344 311 125 178 305 202 186 -239 309 324 327 -5 151 -151 -316 -83 277 177 108 94 61 -212 -145 320 -246 11 111 -103 191 287 189 358 -83 63 161 -12 74 302 -159 7 -191 257 -142 -205 -199 78 196 304 342 306
-171 68 -303 -307 -290 306 -341 -142 -222 -8 -264 -10 -265 -141 122 199 -278 -245 -330 -47 91 -345 -76 -186 335 275 -128 -267 -20 -175 -214 -289 351 -78 -144 -337 -138 227 -11 -158 -352 -176 1 177 -91 261 7 322 305 266 -9 349 316 -113 -120 -65 175 162 -261 -279 73 277 206 -220 -305 -79 -12 -24 -240 -257 22 -83 -15 -11 -9 282 -126 194 -231 316 -263 -302 344 -79 -91 23 131 -252 25 -202 -328 158 -243 250 -64 -293 159 -252 -237 -39 -266 294 154 68 -170 276 -172 319 -172 108 -249 152 -253 -261 298 313 164 -164 -218 -292 -278 90 -174 34 -342 41 -101 91
-299 -33 -227 -231 307 -37 -94 -105 274 -245 148 -98 72 -197 164 -179 294 -42 -208 -326 70 85 -160 260 182 -319 1 33 -329 -317 256 46 116 34 151 -74 105 73 16 196 -165 246 -217 -173 143 -93 -239 -73 -149 -237 -210 -138 273 232 -96 -135 250 -310 -190 -228 -358 127 189 17 266 19 17 -8 -127 -231 -123 84 -93 -1 276 -4 209 212 197 -58 -45 -298 -30 97 18 -71 -237 -71 -160 63 -8 10 45 -81 224 -92 -342 -138 -46 91 19 -68 216 71 -295 342 -86 56 260 -333 -9 177 -32 -92 27 72 -104 300 152 -121 307 185 342 -83 -246 105 -321 -177
-33 280 209 -264 94 -23 -166 -81 153 -90 287 125 5 260 251 152 -330 -127 -307 -128 -32 -219 -348 145 -40 196 -336 -235 -47 166 -218 -224 117 -111 184 102 -213 56 -70 -251 91 95 -270 -198 355 -261 172 -288 -147 328 12 278 -109 -164 -155 -199 -323 -270 54 -177 -327 -354 207 142 -301 -12 -9 264 -335 295 21 108 -227 -347 -359 116 -89 -221 -6 -80 144 157 356 -86 -121 45 -275 97 -169 117 -320 160 270 72 122 87 -34 -175 -54 -152 -96 322 49 93 265 -100 119 -341 -177 -21 283 298 -229 139 -220 -122 168 325 331 -142 183 105 190 53 -113 144 352 -102
-315 193 221 337 -39 158 -264 -73 -334 -259 278 256 -78 -81 -336 221 -22 -208 -139 127 -210 357 191 153 157 -191 245 -271 -326 78 -8 -1 107 217 241 262 -120 -9 -283 -88 -45 -128 98 -170 -182 -272 359 -69 256 32 -122 119 -132 -100 -38 164 231 -117 88 -95 64 -16 242 10 -181 -116 -210 25 276 -168 112 -121 91 221 216 37 335 -343 -14 163 295 73 58 -215 125 -205 -276 -68 282 21 -328 213 196 231 -261 192 -176 245 165 -231 346 126 249 203 29 191 -8 -47 -149 -11 130 -166 34 135 -332 114 35 41 116 296 -226 81 33 -169 116 -115 -274 215
346 -197 -158 -38 156 -113 316 160 257 110 280 -42 332 16 -253 220 36 88 -185 79 -38 -179 359 254 116 297 357 229 -190 35 204 284 63 47 -125 320 -74 5 175 -49 322 19 110 -231 112 -229 118 -296 158 -318 -4 -316 253 -362 172 337 234 176 66 28 327 -46 -266 247 -352 143 146 214 -271 199 19 -177 136 59 -82 169 -67 -26 145 -320 -239 -125 3 -237 172 -321 -325 -147 286 223 -245 -309 122 -181 77 -273 -339 -155 -224 329 -252 -189 -350 322 -116 -18 -329 -79 116 337 277 8 60 112 296 325 -150 -12 76 -74 -96 -302 160 -320 -353 274 -310 -355
-138 -113 125 -241 -69 115 295 -314 -357 23 31 333 -197 -104 131 -109 319 13 -21 -156 287 354 -293 337 339 52 -198 -220 -86 -154 260 309 171 8 -317 73 259 -99 203 -160 257 31 -252 -148 -283 -103 -271 -17 208 22 -24 -16 1 -121 -357 263 208 -229 -157 48 227 315 169 -339 341 227 -175 76 76 86 244 220 283 137 334 50 -255 -185 139 -83 189 -27 215 -168 167 62 -124 221 228 -128 33 103 194 -75 95 317 96 358 48 46 295 -271 -92 -45 298 21 -217 -42 356 -78 79 301 138 137 -26 -180 212 -45 95 -27 215 -79 -324 -353 98 289 290 -153
-238 -246 -333 -163 281 121 -296 7 36 26 -109 -138 -269 -231 -187 219 259 -154 189 -14 261 -148 348 326 147 28 69 296 -215 254 70 -174 310 246 122 123 141 -304 -332 -209 -202 -34 -346 -111 -265 211 -246 101 -269 4 297 170 283 257 -338 49 266 0 225 -62 156 119 300 -92 -221 -136 229 269 -14 109 -42 -116 -188 26 243 133 -155 -348 -33 322 104 -359 -20 -287 359 257 -249 103 -80 231 -78 18 -38 -9 -142 68 10 -33 180 341 -128 -235 -97 72 132 230 5 170 348 -285 150 190 59 73 122 166 349 8 -89 -217 318 -314 -358 -54 -279 -189 107 -179
-129 3 248 -253 -86 125 227 119 357 -271 310 283 -20 259 -87 -269 -51 -252 341 -361 -275 -157 -213 -104 250 200 113 -76 -339 29 -304 -316 152 94 -202 244 -161 -191 308 57 -294 -309 315 -358 343 16 -288 -68 -243 -313 48 -291 48 -28 73 9 -94 -303 -189 -94 -278 -145 281 -171 119 -199 -266 -195 -255 297 -334 55 -193 -187 -173 344 -305 -322 146 81 213 249 332 219 258 199 256 -149 331 225 262 -152 32 -139 -122 -161 68 -112 -24 262 -359 -214 -63 70 217 -347 -134 337 47 261 -67 -17 358 -328 98 -100 252 180 350 -258 -133 32 -237 197 -297 -295 -189 -207
-135 265 286 258 -15 268 265 21 -333 -97 182 81 80 -185 291 292 37 -272 195 -195 -109 -308 -97 58 209 -96 -277 -351 102 150 306 355 -191 16 173 -360 -310 228 68 65 -77 95 201 28 -214 -330 -318 173 -83 306 -338 -53 -327 310 -81 259 286 -192 3 -69 128 347 215 -146 -170 -252 -142 150 311 -254 -272 -104 312 58 260 -290 96 96 -163 -62 -144 -137 72 -222 -230 -223 -223 247 -171 351 -308 -344 -102 -260 -253 -257 -275 -123 190 -86 -349 249 299 154 92 328 202 195 -25 30 226 245 -199 163 -141 242 83 56 91 178 102 257 285 178 -108 259 240 274
-168 -151 195 265 339 -209 -282 6 285 -115 347 145 171 26 -97 43 -52 21 87 -303 356 233 349 -329 -203 310 84 -1 -153 294 322 234 -299 -39 -94 -67 -182 168 -38 -133 -42 141 17 -191 -79 180 -131 312 -249 -304 322 -45 311 56 12 358 7 -33 -160 206 273 -195 -232 325 -206 -267 336 254 182 306 -114 139 21 -162 -27 -27 -92 264 86 -329 -357 -129 195 -123 -279 -240 -143 283 -126 -134 167 112 99 -56 -294 -94 -276 91 326 -267 197 -318 -273 183 335 308 -210 -137 122 351 225 -28 -106 4 83 -192 231 160 336 179 183 9 -240 -160 192 172 -35 -230
160 353 173 70 -349 288 198 260 194 -158 -232 -177 -166 140 113 -101 159 190 -287 65 -52 226 -79 270 189 245 343 -75 -236 303 152 -68 261 -217 -287 -49 -226 253 48 210 262 -318 147 70 39 259 282 -45 -356 331 -158 57 221 312 -77 -41 -349 -186 139 -37 43 292 359 -23 159 57 214 351 67 -282 -6 48 -356 316 190 -163 -92 -356 -37 109 280 -59 -258 -10 108 -265 19 97 -315 -71 262 361 -313 -171 246 -294 -328 -287 -223 -51 -209 28 -130 -174 100 -186 272 99 98 138 -156 270 -277 219 -276 -167 152 -290 -127 362 209 105 50 2 317 -230 -234 -196
47 255 -131 85 296 132 272 -316 189 -361 -12 28 -91 -190 333 -40 123 250 -298 13 18 107 213 -325 -82 -21 139 344 240 136 280 -194 274 265 -154 230 343 -145 132 -166 117 148 356 -67 21 -208 150 352 84 -210 332 -220 336 -157 292 164 281 283 36 -66 44 35 225 62 -226 112 306 -18 -303 -161 -269 -92 -102 -118 32 -202 83 -273 -305 335 112 -171 61 133 27 -87 -93 -158 239 362 68 -318 241 62 -30 -120 258 159 274 -350 212 -110 75 -210 -68 -149 235 344 -39 81 -305 253 24 -217 140 169 -28 37 -185 -321 -285 -294 -167 -114 -121 29 -162 278
325 -29 -303 -62 166 32 32 284 261 27 -288 215 22 -134 54 -108 -311 173 -235 -118 -2 -352 -25 2 131 -207 -294 -209 194 262 -317 32 -91 -264 322 337 -43 360 -304 -323 -337 -207 202 235 132 -306 86 328 -35 -95 -188 86 -324 238 107 256 313 53 -27 9 361 -165 -134 47 349 -221 134 208 -195 166 -27 316 -248 297 352 49 -211 295 -108 117 77 -68 95 180 336 -151 271 285 152 -327 -12 -174 -168 341 183 233 281 337 -306 -154 -62 172 270 -293 -210 49 -350 -361 -58 -115 21 -252 88 63 -61 143 206 -355 32 -210 293 -248 27 323 -257 120 -130 -45
-16 129 -324 125 331 68 331 -274 299 -177 -192 -164 348 -126 -202 -292 -133 -40 -179 -31 234 97 15 111 70 -108 -209 -160 122 -153 102 -162 -287 -280 -319 360 12 -9 267 272 -113 193 15 29 207 148 109 -122 222 -346 -347 135 284 -358 -138 -260 -334 5 -330 100 -20 -159 -190 -27 -209 -158 -260 42 92 242 -106 -157 -139 -222 -296 -287 -13 105 -6 197 309 173 -245 274 221 62 -105 -247 -299 274 -42 174 -52 218 201 -229 113 297 165 -264 -124 -30 233 208 -89 -113 34 93 142 -77 303 231 -86 -194 -77 -328 -11 303 50 -15 295 23 329 122 -133 -238 -9 -112
151 -345 -246 1 -130 -151 355 354 110 291 -310 -29 -182 -346 93 153 43 194 293 -55 -77 203 311 -77 -140 85 -174 -226 240 305 -100 67 118 -279 -220 64 205 -346 -231 -39 -175 -144 21 264 -352 107 153 -301 -171 230 -186 74 -157 207 -247 42 56 80 -159 -336 -98 -360 181 50 -324 26 236 16 -17 336 3 -199 277 266 30 26 -273 158 -208 -263 292 22 48 -153 236 208 -255 -160 -46 143 -304 69 -220 -202 97 -37 282 -300 267 289 214 -269 -79 149 0 -137 156 -361 318 68 -298 -215 119 46 230 71 -85 -8 249 -117 305 -99 113 30 -256 -43 -27 49
-235 -111 -56 -48 327 276 287 -174 -290 -292 288 -107 111 319 -253 113 -220 89 -24 -187 242 64 321 145 -240 220 244 51 -149 8 -231 -224 232 197 -357 236 -360 262 -108 -332 -128 325 -50 -6 152 251 -260 198 -77 -6 -43 -140 177 215 -252 -295 2 -200 -111 314 -124 -122 183 -170 -232 -296 113 337 339 -299 295 -237 29 156 -17 -58 -79 162 -142 43 -294 -331 -229 121 -354 -159 226 -359 -1 -64 90 -218 -301 95 348 -355 -60 -195 -252 -9 -163 205 249 -73 49 54 319 -237 189 -115 -163 89 71 -111 -77 -361 -256 163 -233 -303 -272 -121 -257 -143 -310 110 -361 70
-348 134 101 -324 -360 -11 285 -265 -102 350 129 -53 -223 -110 226 -81 -35 -125 358 -329 100 128 -28 -186 241 109 204 313 -257 18 358 -129 -258 -96 210 19 109 -220 85 224 229 158 153 76 153 276 329 191 92 263 42 170 277 -149 -165 -245 -270 -25 27 -350 -123 73 -79 280 -40 -80 -212 -35 250 -113 -8 -75 -262 -3 -218 12 -220 -286 198 -278 143 -125 276 53 234 9 201 310 51 -344 309 -85 -130 -166 -56 -130 -238 308 -95 281 266 -82 -245 -307 188 -107 53 255 -63 -171 261 135 317 316 -54 284 339 40 -145 -198 302 -253 -234 77 -67 29 157 -257
351 -234 -81 151 210 -124 -124 -296 -185 -307 141 92 77 31 -197 -168 240 -48 130 -7 -73 190 270 265 -203 113 -334 -110 289 215 319 -343 -74 -349 130 -30 21 -328 -22 -121 286 -292 -143 91 311 227 152 113 189 260 73 37 320 -18 -16 -48 304 31 -153 -81 -315 -234 -28 -208 -204 -201 -76 46 179 -78 288 -159 -283 -68 24 321 121 -207 -147 277 -294 -296 79 -2 -214 -86 -324 -143 -216 108 -229 90 -152 133 122 -211 -359 234 328 -9 -225 37 115 -303 -220 54 332 280 76 135 18 -305 78 349 35 281 -87 -316 -68 161 -53 -113 360 -36 -9 -208 -99 109
171 86 -268 113 8 242 56 -22 65 -330 -48 86 -202 -10 -238 181 57 -41 103 -46 -288 276 176 254 22 -339 326 153 246 281 -313 225 235 193 -258 35 -323 157 -197 292 -125 337 32 -157 -108 20 114 0 -271 -136 -236 50 268 8 -262 119 -239 -290 122 -32 -248 256 322 -161 83 -138 -304 289 -285 351 -84 -130 64 -205 -101 -223 -297 69 219 257 -120 -269 174 266 83 -310 114 -191 228 -128 295 103 15 228 -338 -327 169 -195 266 329 -121 -290 324 -101 233 43 -3 -293 -226 302 -232 -87 -286 -268 163 -143 56 295 17 -362 336 -19 -320 -48 -21 234 58 253
-118 -92 119 102 -190 -339 318 249 186 301 8 -342 245 -313 -249 358 142 336 -205 -157 221 217 -212 97 322 99 -226 -68 -211 309 -232 112 220 -152 296 263 156 -286 -92 188 -53 129 -42 115 217 19 42 -269 -20 -117 -312 -252 -336 -100 -362 -219 118 34 169 -315 281 275 311 128 -332 207 -96 -188 -211 146 176 300 117 -309 264 221 -175 201 87 -306 -94 -210 38 -147 150 -290 231 -282 -320 -50 -139 -165 -257 -189 -96 -102 145 -293 301 -106 79 -104 -32 359 -5 -294 285 145 -69 40 212 194 327 -89 -65 290 -13 102 -24 -354 226 287 -100 -96 -196 -222 -69 -219
230 60 -53 31 -50 -296 -265 148 -292 -283 -154 -37 52 261 187 -215 -296 138 296 -221 247 -139 347 -57 -267 350 -271 242 335 -192 165 223 -129 -45 184 209 -291 -111 99 -182 -99 -340 345 -357 -71 -264 -111 -91 206 323 -74 186 -167 -124 199 -301 -282 298 266 -348 341 -360 74 -344 -344 -40 -28 228 177 51 35 325 -178 -342 170 -304 -16 -228 103 -324 -147 200 79 -148 333 259 160 72 286 -126 -56 -347 289 -324 293 -50 148 -227 -219 -333 -115 207 -308 247 9 98 133 -251 -320 214 -63 -270 274 125 271 85 48 -151 227 -133 13 -314 150 339 -268 86 12 137
-45 -260 95 37 171 -213 -230 -306 253 -25 195 92 359 -99 131 161 34 -220 42 129 302 57 -291 163 212 115 265 354 -31 -128 345 306 178 92 84 -237 331 96 166 278 29 -310 195 173 312 46 -297 277 -49 125 268 -356 -27 -251 79 357 -132 23 228 -265 -64 -227 -237 -275 151 239 -46 -265 -338 352 265 13 -83 148 127 -314 -264 -212 -135 218 -26 161 25 61 106 -282 48 144 -319 -290 237 -55 -331 -136 3 -292 296 267 -263 267 -104 53 98 -278 295 265 305 -139 -113 109 58 209 -164 129 -188 92 -345 1 -19 -116 -60 193 -322 65 174 -280 179 213
93 -14 79 299 7 28 -87 -125 -211 -171 151 -44 127 -8 -159 -347 287 -289 -149 333 -130 150 -234 -138 241 49 121 -201 353 -108 -189 129 93 48 129 227 -13 96 -206 273 -205 198 -101 323 -256 294 -298 262 -31 -84 317 -42 144 -122 -40 240 -12 59 361 -46 -53 -175 -205 -195 269 243 -24 -277 257 287 -86 115 346 71 -15 337 170 -353 -182 -38 -254 162 -85 -66 -57 3 63 -129 261 286 -195 -58 333 132 228 213 -61 -240 -160 76 -360 28 61 191 -48 3 237 -77 355 42 -352 313 132 -332 155 -179 -361 -181 323 -321 330 -19 -119 82 -347 -143 -136 165
-302 157 233 -149 306 112 126 -116 6 116 -305 -162 -134 -293 312 -223 -153 -297 147 180 46 337 340 302 -30 -298 184 302 -198 275 -266 168 -231 -21 303 -12 -249 46 -286 118 -308 223 42 -192 52 -153 -53 -244 184 -270 -13 81 324 282 -129 17 -41 -156 311 -306 185 -259 272 231 20 -331 -335 -340 288 -348 173 264 322 -51 198 -161 -123 18 -160 -332 192 -163 100 -21 -181 277 232 150 259 83 -282 167 90 -94 -243 -35 -241 -68 59 224 339 244 -349 -330 -103 5 210 -349 -10 -45 -235 296 -335 -233 -208 -349 -18 -325 -123 184 -44 35 27 -228 340 -168 36 -296
-100 4 197 -92 -202 77 -313 -296 234 -170 18 -255 -82 -65 60 194 -181 -269 211 -320 42 -210 -344 -96 111 -117 -218 195 65 70 -154 75 -314 -245 -125 327 -314 -96 100 43 -93 266 -24 108 -355 211 175 259 343 80 -68 -106 -352 174 -233 321 -274 -20 12 290 295 -263 164 -1 -336 -255 -80 124 -12 251 50 296 156 289 262 301 78 -4 229 -350 361 219 38 308 -272 244 -188 119 201 343 166 338 -93 -213 334 -71 -232 195 57 -247 131 -300 -199 154 -260 103 -185 -156 212 -353 -86 106 3 359 -288 119 308 -243 41 -156 -258 284 -272 -269 -189 -218 -267 -349
-150 318 224 -208 222 -313 -84 -321 95 148 205 305 -171 -119 -101 -169 285 -321 113 176 254 -296 -350 342 73 53 144 -107 286 38 53 12 245 -2 -339 -300 -158 169 -229 -110 -267 -269 36 -51 327 159 -37 110 85 -258 -133 -119 39 -185 -270 -164 299 49 330 -5 -157 265 -87 176 230 -332 -185 -203 50 -307 -225 161 -25 273 9 -350 340 235 -164 -203 -32 -241 -12 -319 -79 -328 -248 342 -241 216 31 -26 289 120 294 277 -86 17 -27 329 -81 105 56 -192 -51 360 5 23 229 -338 228 323 170 -97 -178 312 -261 -63 -312 315 38 -30 95 -135 33 287 -158 107
177 -121 -84 186 150 128 241 105 76 235 324 46 188 -294 109 315 355 67 -333 -202 7 121 145 113 -122 -206 256 -17 -144 -351 -32 166 339 260 -184 154 -96 -52 79 -289 321 -182 63 31 -354 -199 -224 299 -306 157 -311 86 163 42 -361 297 -129 81 74 -54 128 -76 -74 269 -245 177 -317 252 -4 -259 25 -59 49 -331 -360 -10 116 295 152 -281 -300 -228 -275 -225 168 287 177 331 -201 -326 178 154 -152 -12 224 -266 -117 317 -198 -15 -178 -177 -305 -19 352 200 42 341 -360 217 210 15 -142 173 150 187 -186 -74 115 -217 -342 -56 73 315 -88 347 -202 -57
-25 44 -345 -144 -168 -340 296 175 118 54 260 -265 -294 245 8 58 244 156 -37 -300 -29 40 -118 310 -37 -159 -280 -306 73 -257 -17 7 -267 -268 287 -87 -30 -40 -78 88 0 91 150 304 -229 270 -123 135 -151 283 -318 -303 155 74 -44 46 213 309 -288 -32 -330 200 155 95 -236 -87 -258 240 -159 -356 -214 -224 -11 -352 348 96 -127 -83 -315 104 -286 -203 -218 -239 3 -112 43 -271 23 203 -58 202 -17 -63 -260 247 294 207 236 -13 -130 284 228 200 69 318 -278 -335 -74 58 241 1 -139 -314 -329 -17 16 106 -235 165 195 194 20 -179 -153 97 126 -308
110 -176 172 -271 316 -233 -217 -92 237 285 341 -184 -286 324 -74 238 -230 -23 -83 49 -285 -275 -221 -105 290 342 326 -308 245 182 187 109 310 -133 -320 -361 -150 96 146 249 332 145 126 -249 -222 -134 343 -295 -313 94 137 268 -76 197 242 -56 -290 236 -262 92 342 133 -8 287 160 269 9 -295 197 -175 48 -166 -218 -137 -262 -46 294 198 -298 -136 144 -256 -90 265 -304 -178 219 30 -169 -55 -165 307 -329 43 -85 323 -158 -117 252 -284 -336 330 45 55 -118 105 -155 180 -143 238 76 65 -135 324 147 -156 -322 281 -71 21 88 123 225 298 96 -189 15 -247
-75 -281 -55 -281 -336 -329 33 -278 -217 357 99 360 196 176 -290 -50 288 327 -56 -40 138 -121 -256 214 30 -273 353 38 156 229 -111 318 96 242 246 -166 81 -42 -269 -308 -227 338 238 -49 328 -88 -112 196 -120 68 266 180 -257 -325 -141 256 115 -177 186 241 -171 -321 -67 -303 -337 -40 85 151 -321 339 -282 -77 -355 -319 5 -65 325 201 25 -145 -276 -167 -63 -309 -160 -43 324 320 -91 -180 -97 -108 -6 -88 85 -155 264 -230 -91 283 246 257 -174 -261 -252 45 57 351 -360 84 -199 -11 -161 302 -328 -24 -226 -46 -195 -249 -246 207 235 -240 -5 24 298 21
-332 -173 -280 334 -282 -37 -58 -358 131 334 -254 60 -257 248 352 -116 229 -179 -190 -261 194 -299 81 45 150 -94 324 -146 317 12 -303 111 -258 -265 -140 -18 -285 -71 -167 171 -96 -64 -56 17 251 187 -15 320 -24 193 -289 163 -43 -177 175 146 -342 350 -56 87 287 -188 -220 -258 285 177 -267 127 -158 78 -83 234 187 -59 309 165 -324 -224 13 52 156 -47 184 -73 200 -27 -210 -136 -213 127 -141 314 150 293 216 277 -91 -25 264 258 331 309 316 82 333 -303 -289 -261 228 -284 293 282 -266 30 278 141 -343 -222 -181 -154 198 -120 269 166 2 203 346 311
286 2 253 339 -17 -200 202 251 -3 66 -57 104 283 -317 315 -312 -304 23 24 250 192 343 246 -179 182 -313 -27 331 151 337 297 134 152 -336 240 314 102 -57 -348 -120 -208 -295 278 -186 -335 159 -205 26 -153 -214 -342 62 -287 78 -3 362 236 358 -103 -39 -163 180 44 289 207 -340 -107 -141 -238 116 -271 -147 -115 -200 91 299 117 -56 -57 -247 -68 242 362 295 30 190 -138 -117 105 -190 -264 232 -62 298 -63 350 -139 324 308 -47 -98 338 53 233 186 331 -304 -295 -230 -223 -218 -180 -149 -317 -233 318 -321 -312 122 -125 -345 207 -155 -11 -279 115 -233 266
122 182 61 -248 265 293 -149 -276 354 161 301 63 -259 -168 -80 -171 -195 -262 223 274 196 263 -49 279 -297 -47 -49 50 74 -130 -134 88 -191 54 299 100 -24 -245 -41 19 176 -311 32 -167 122 99 114 108 125 166 58 4 -185 28 324 241 275 344 -321 0 187 -298 -174 272 331 33 -229 -21 325 -62 138 53 -274 256 -311 309 -22 344 128 -119 -75 -46 59 232 262 -26 308 -208 -92 -155 25 -264 -120 -178 -277 -162 -52 -273 83 -179 179 316 3 -205 -44 -158 -351 140 -170 40 274 -176 103 342 45 -134 75 -335 -191 -123 193 110 -123 43 -3 200 -95 -224
354 297 -135 -274 103 -310 -5 275 -41 -264 310 37 -110 137 -358 -202 -135 -210 343 32 -213 77 -292 -86 110 -15 92 286 228 46 207 300 -131 205 -355 47 310 12 163 139 -81 -360 -90 -84 -167 42 164 -27 -241 -45 -156 347 284 33 -169 273 348 -194 -30 350 -299 -86 -235 -123 17 157 177 234 -287 96 -333 -352 351 40 32 -177 -287 100 351 -274 -325 135 47 -213 -59 299 97 -59 187 -275 -17 237 -244 71 27 120 20 67 218 -336 -273 -68 -34 295 197 219 -269 57 -359 93 -126 231 278 234 229 24 -68 8 129 317 -227 -14 358 19 -335 -204 105 107
8 240 317 139 -173 -214 -160 -276 -350 -262 -25 -86 -329 215 58 -268 -343 58 -180 67 -106 -203 -33 -130 345 -275 110 -119 -335 -272 68 221 -87 -200 118 156 74 -292 -261 240 128 -77 44 -238 335 -41 -355 125 -180 -112 62 216 170 318 -268 -88 -95 285 -94 -117 -1 265 345 74 71 310 -77 9 -97 -195 164 319 -1 -304 51 50 -143 -216 184 -280 135 -309 262 186 54 187 -27 -31 -326 277 -324 342 165 22 -119 -122 273 200 -274 105 195 -193 -338 -207 -101 84 -339 110 234 151 -186 132 -150 30 -27 345 -346 205 171 318 -160 -202 304 60 186 -187 5 -321
-202 268 170 167 13 59 -240 346 4 -277 -301 2 227 143 52 -127 -279 -177 304 344 50 -301 156 -299 -186 -102 180 182 -342 -33 12 33 -77 200 347 47 -332 -255 172 -152 -61 194 -112 125 14 -353 89 -327 333 -11 -254 208 190 276 -12 333 336 51 -304 89 16 -86 338 235 -157 -176 3 -246 362 -182 -115 -216 -352 77 314 -202 -130 -260 249 -233 -98 -205 -86 -167 288 249 -213 -344 -242 -1 143 -354 0 263 -248 -68 196 77 -136 317 335 -66 288 -352 245 -57 10 -291 -108 -189 -354 66 70 83 -19 70 -129 2 -243 109 112 159 97 351 141 288 96 -130
-337 137 30 -50 -330 245 9 142 68 -331 -241 53 361 238 218 117 141 -79 330 -134 -113 -259 143 -261 -20 -82 -244 193 142 157 52 101 -204 -53 -142 48 -115 348 94 225 -198 254 41 -69 -249 360 329 10 141 -140 298 -201 155 87 89 -289 168 -92 201 -123 360 240 -351 258 106 -306 -209 -211 -28 -264 47 106 -239 -55 -303 110 -288 -109 -173 -146 -330 -158 230 351 34 -11 -219 152 -50 209 331 -9 -93 -333 -332 267 -204 87 -359 -31 157 -207 103 194 179 -24 -84 336 -33 -295 -196 -30 -268 287 206 179 -344 326 192 103 235 298 217 33 -257 -143 -201 300
124 -215 267 -71 126 197 267 -273 165 321 361 -324 37 -245 84 -309 156 -59 238 208 95 -70 -361 191 65 122 -84 -103 214 -348 202 -88 -89 -159 -285 248 -66 33 -342 -318 -11 -79 -54 232 143 -67 -320 26 -86 140 -275 -46 349 319 271 25 -98 -190 199 -242 339 -176 189 178 -219 -166 170 214 -332 35 -17 -89 279 322 109 68 326 76 -335 -180 -295 300 39 86 69 122 352 217 -266 -218 123 -13 4 -72 -109 60 121 -210 108 -291 -112 358 -82 -106 102 -141 -318 285 -352 -52 -144 -51 341 -46 341 -166 -26 -137 328 -307 105 130 319 80 -102 -152 -352 -314
-240 -39 -276 217 50 -218 -65 -305 -90 45 -59 43 -253 -123 -69 111 59 164 13 149 251 262 -172 -85 -343 -62 308 -7 324 180 -63 26 -283 -74 -133 65 -75 242 -269 184 98 -217 27 -318 -222 -223 165 20 -70 -303 -230 -275 -205 -202 221 -309 -60 300 -331 -48 345 -96 255 -131 118 -50 127 -120 181 27 64 239 175 84 9 -356 287 154 -214 -128 -45 -119 362 -97 -105 223 22 -338 -284 23 64 127 -320 44 192 96 98 290 -13 -218 49 154 -299 22 -86 -65 171 -205 138 253 -237 -106 -129 -230 293 -273 2 301 -62 114 -217 -67 174 51 143 161 -143 -242
10 -263 -237 -344 218 346 114 -65 -33 -83 356 -270 -138 113 -140 -245 -113 61 -243 -110 14 174 -135 -76 -67 -103 88 6 263 -33 -24 -163 286 -335 -59 154 188 -65 -33 -336 10 -227 20 1 -44 80 187 17 -321 217 256 -315 76 290 -294 229 31 58 -110 -343 -33 69 153 299 182 -20 -309 -223 324 96 -357 153 120 356 346 229 309 19 -141 283 29 42 319 -58 181 -174 99 116 226 289 286 -44 -330 3 224 -191 180 114 -84 0 71 57 -41 131 -240 328 28 345 -159 235 138 -24 -281 -79 -308 -177 -56 353 249 39 -19 -254 335 102 18 270 -319 236
-197 327 -281 -97 -84 -178 -337 -187 128 -13 -244 -12 -194 -67 184 172 2 -21 184 -239 -297 348 -125 234 -38 -89 199 225 50 116 346 -162 327 -198 266 234 -361 -46 -82 -55 -35 281 -210 50 -204 316 44 -16 307 243 -125 -83 -81 328 336 -218 -305 1 234 199 54 338 -343 -261 84 -163 334 -172 213 -343 -171 242 -244 -110 -171 -84 -236 156 -115 75 -182 -209 -353 362 -287 46 93 243 206 345 214 102 350 207 -258 -126 -279 184 210 -225 262 -341 -233 -146 265 21 236 -202 -166 -205 -141 -232 353 -152 287 170 -165 -225 -34 247 76 -233 65 310 271 -184 -71 319
62 -289 -210 -180 -39 -248 70 201 328 -180 347 187 -156 -332 190 -217 15 25 48 65 91 254 -7 -14 80 -330 197 -267 -257 45 163 -92 152 323 5 28 237 -313 -275 56 -260 -239 -274 45 -280 318 -48 -151 91 -307 -194 -76 207 -203 71 -100 -29 -191 -272 -169 -201 258 -260 -212 129 33 -248 -186 189 251 -265 138 -200 102 16 -107 -361 -86 -140 37 -110 30 198 0 86 -155 175 286 103 -68 -54 311 25 -109 16 -159 -102 -191 314 313 -167 155 -247 -256 -92 226 142 -242 -344 227 249 352 131 262 -79 115 275 -261 160 290 -209 -49 355 279 -72 171 -257 -232
-103 -354 -100 349 -125 -96 -337 -127 -206 103 -318 127 -15 145 -357 29 112 130 182 122 -315 82 -180 -207 243 198 168 172 208 -231 -156 134 -103 -115 -301 88 303 -41 97 -347 83 114 2 361 39 -224 -30 -312 -225 -284 -130 253 -291 -42 -212 52 -157 -350 -67 67 -94 -189 244 -182 302 355 -161 -169 -128 -114 -279 35 347 147 -351 -169 -238 321 -245 103 166 -126 -292 63 -285 -82 -99 292 133 160 129 124 -47 172 -137 -295 -306 -276 -128 -19 -204 36 121 -153 286 135 -302 -209 -203 -25 88 -166 121 222 206 170 20 -298 78 -303 -284 318 141 351 30 -311 270 179
107 162 -28 -70 -9 -204 -117 -276 -151 -85 319 -68 -202 6 -122 -180 318 190 316 -33 -59 -6 -32 167 -59 -271 -343 -157 -73 220 135 -260 -238 192 -23 -71 312 -204 -336 -356 353 -195 -195 -348 254 136 -181 164 -66 118 248 333 334 -194 -216 56 257 -290 125 -319 350 219 -207 -301 196 265 -38 18 144 -182 -117 -65 79 -354 125 212 -111 229 -150 -139 -308 -30 -213 -304 -118 188 -43 354 71 339 -267 -304 47 274 -285 -125 -181 -297 84 -132 -26 298 293 -204 -152 -23 -25 -106 305 -318 -137 39 -136 -34 69 264 -240 120 -328 279 181 360 130 104 -59 -25 29 255
-269 306 132 -235 -292 -196 172 -161 117 -174 -357 -248 306 115 223 -163 -313 173 -193 119 -277 228 193 -213 -106 238 -10 326 -89 26 -5 32 277 -28 -82 -11 131 68 -80 254 170 113 -58 -124 171 -169 -355 -178 134 82 321 351 156 210 -221 -122 -272 190 -141 118 -237 -148 -109 -311 -96 102 310 -28 243 201 185 -316 87 -97 19 -135 -175 -118 -129 -170 -158 283 -152 79 -278 -197 -316 59 28 28 -340 -14 333 -273 -52 126 198 -120 -300 206 210 291 163 267 90 -303 -5 -352 -4 88 -12 -182 -163 84 263 31 -165 -62 -204 -286 267 287 -241 285 -164 -133 -81 -328
342 306 234 142 -154 102 332 309 -314 -245 307 -1 291 157 305 355 -356 250 -114 -311 -150 163 -252 -317 -132 271 -59 -138 225 292 142 173 281 -347 -26 58 98 293 274 155 -300 353 -329 -68 -158 145 -125 360 156 -338 -239 -69 -58 108 68 119 -100 -222 293 -201 -93 -239 100 -51 312 -184 -58 312 286 -103 -98 -153 70 35 68 -92 220 -73 -166 181 244 -126 130 -297 -245 360 -253 30 335 -164 -358 -356 325 -178 68 -361 156 114 172 -204 -338 -223 -166 -306 -119 153 -332 -221 -312 -98 -115 312 8 -95 -27 147 330 -158 219 81 -318 -261 -47 -306 -322 279 -50 -200
244 318 -70 -209 -345 165 -120 303 238 39 -6 -138 87 235 183 41 308 46 -17 -195 128 285 -87 114 224 -222 -313 183 263 -294 -222 -63 -89 -17 69 -125 272 -217 -299 -252 215 -178 -208 -86 -118 -4 191 -78 28 71 -14 113 -129 -208 238 5 -66 -293 -20 72 15 -68 -332 229 298 130 -359 305 -103 -76 -282 295 358 -289 -145 -250 -241 293 -42 -241 294 -101 276 146 -290 -259 -86 345 354 110 60 -265 36 118 -144 -121 41 -328 -114 348 348 280 -305 -344 -187 -46 -300 24 -330 324 -291 176 -301 254 -198 132 -142 199 -115 -132 161 -129 -84 -146 40 181 -238 -263
227 210 -292 -142 360 -19 -91 236 -325 90 344 31 205 -238 286 -264 109 -296 -311 217 -209 -21 49 55 -152 -280 41 -291 311 66 29 -191 -114 -173 360 172 -154 -142 -170 134 -110 -290 -314 140 127 34 135 113 107 7 73 -359 -352 -251 -276 186 -149 213 135 320 -257 -351 124 112 206 -317 105 -134 -172 49 108 282 335 62 -96 -335 305 249 -89 -328 230 -249 -330 96 -13 6 334 -162 305 218 326 65 12 -301 352 219 312 -251 -16 -221 102 -5 253 164 -78 -69 245 -77 -212 -72 300 -50 -65 -234 -199 220 343 -264 -292 -317 -294 -45 -90 141 286 -276 -132 -59
119 38 -324 -123 273 -298 -276 -50 9 -51 -303 117 -179 321 -74 -175 65 -150 -116 274 -244 300 -296 -307 83 87 350 274 -117 189 48 71 166 -59 346 -125 157 229 228 -144 -342 -109 -188 -129 170 -251 -46 -14 188 -232 -131 91 -150 -14 321 240 -247 282 86 353 212 130 -139 -225 -260 -122 15 -56 -266 321 75 28 -249 151 42 -8 -323 218 300 -92 221 -351 161 -171 -181 -77 -287 248 273 306 -350 122 -317 -169 -2 220 -78 -273 350 133 231 -229 -236 39 130 157 313 280 -151 -241 14 183 290 -95 -255 -186 -50 -236 -10 119 -64 209 282 -281 -258 12 50 -16
-101 -23 208 184 -185 -69 -75 -267 -19 -310 -102 28 -220 -2 -313 -258 -185 10 158 143 310 332 -317 7 137 351 -249 338 -159 257 82 63 164 -177 -8 -316 200 133 -125 -199 8 -321 22 91 154 -266 -51 -55 357 344 78 -116 -254 -302 0 145 165 -357 -164 339 173 217 180 -109 286 269 -256 122 -289 17 289 346 120 102 198 297 0 6 -33 238 257 84 288 -210 -89 345 -359 81 -204 -255 75 15 304 171 -135 41 54 112 126 -43 281 74 -324 -176 -198 -292 89 -335 119 311 -51 -237 69 336 48 190 136 -219 -204 189 320 -3 88 190 -263 361 13 -258
231 -354 -140 290 180 320 -276 -216 10 -212 -309 -63 221 122 21 -309 -9 -104 -192 122 -255 -305 -92 210 -120 -362 261 323 -72 -34 -73 327 -113 318 228 -108 306 94 -254 -120 9 -50 39 355 -244 79 -144 -144 -254 -209 61 143 -64 -6 -145 -312 -298 -80 130 310 -343 289 250 159 -279 279 329 262 -344 -187 -23 -152 -298 307 -157 -140 127 -26 205 -304 63 -111 -38 -335 202 129 -256 -239 75 3 180 -262 -218 -131 -317 284 -157 133 18 -312 54 -359 -54 -113 273 -159 91 306 -68 -349 105 255 335 -303 181 -174 -37 -308 -178 -296 -182 158 322 -154 162 346 188 -206
48 -152 313 213 129 -259 -248 -89 -231 209 235 -239 -313 228 310 -156 169 -172 -342 252 -317 179 175 -59 -291 154 -355 88 271 -27 136 -316 -246 66 -226 -46 -175 295 -157 321 -290 -281 20 339 41 -20 143 91 -145 172 -114 -46 191 -207 242 96 -227 116 -36 -61 -262 -236 150 99 -169 -110 -107 54 -93 -315 335 158 341 340 -287 -201 -315 8 -362 -114 199 -201 -204 44 291 -140 299 -102 332 141 125 -283 10 39 -59 -245 311 353 -9 236 282 -77 85 17 -258 -342 308 321 -214 -6 150 321 -226 135 179 -247 -32 -274 98 222 -205 -26 -195 32 284 -4 267 -313
109 -10 -344 -189 321 282 91 -269 109 -15 -7 -245 -213 307 -239 27 49 -270 2 -269 18 189 185 270 -202 62 -28 312 250 199 -331 181 -343 22 -95 102 74 189 118 205 -86 190 -4 18 222 -116 83 274 -303 -219 -146 -194 114 4 -18 175 -131 -238 -76 166 -155 327 -124 320 -173 271 324 -102 175 -329 196 -249 -248 -293 178 46 -82 124 64 -296 94 203 -1 -254 -39 308 -82 227 -147 -311 97 85 204 50 319 353 -314 324 106 -269 -225 270 202 151 -349 351 -285 -126 180 342 232 359 304 -173 -303 227 -229 54 -197 -284 -1 -115 -278 -179 131 10 99 -192
-156 216 -187 -104 356 -289 152 -311 -6 -333 26 -108 160 -95 -320 -76 -61 330 310 289 77 62 287 301 73 282 -1 348 258 62 -89 -41 -305 131 -295 -54 -131 -265 139 -234 -13 47 -24 199 -359 -142 -42 128 161 201 160 -195 287 208 -256 -61 288 -148 351 155 -205 141 352 134 -286 -164 262 323 -62 219 -84 -192 349 -144 57 -59 159 -5 -307 -285 -276 132 -251 222 -181 -340 -244 226 17 -302 -299 257 -199 113 -60 212 299 7 3 207 -337 229 -163 -276 -113 107 23 3 244 97 170 8 269 60 -153 -263 353 223 138 303 -306 98 -82 -164 -182 -252 34 104
190 192 76 45 -139 -310 -235 255 286 -294 -51 23 -51 -290 138 -299 -103 -8 -290 -220 -355 134 -104 360 -263 250 68 5 0 259 -314 5 143 -290 -210 -83 -108 269 194 214 -293 -108 317 203 -303 -324 236 -334 -270 -361 -95 140 -140 -303 101 -154 -159 -47 94 262 -8 -158 243 -303 156 173 142 34 -82 -22 120 81 287 150 -39 55 304 105 255 -310 -317 74 193 345 226 -40 -54 265 -132 48 -131 254 109 249 62 254 -28 -161 157 266 343 -68 306 1 -257 12 58 61 -20 92 -107 -20 231 -169 -273 89 221 -231 39 -109 177 -7 -320 -343 146 -43 -187 297
