368 -443 482 -362 327 -191 -509 -436 438 -236 266 -192 -216 72 132 -485 351 210 224 -162 333 -377 494 -487 -511 376 384 -80 153 197 192 9 254 -186 -183 -311 299 -325 -387 -131 -207 -421 357 133 501 -421 -8 -252 -422 -238 429 -33 -275 387 292 120 228 -222 190 249 209 473 502 1
305 -277 99 -231 196 384 -141 -236 120 22 93 -454 92 -459 410 375 24 278 43 400 -140 452 -309 -222 -91 -315 -160 -174 56 -278 439 174 493 -251 -280 427 11 32 40 174 -240 351 -240 -206 -94 -63 152 -479 -294 313 -175 -24 -335 -499 -256 245 -36 -58 -229 285 82 511 -369 -118
-196 83 360 485 -378 -335 -456 -60 314 439 -458 -398 -84 372 -487 -345 -375 -18 299 390 -82 87 416 -312 -502 -512 -104 306 -89 312 308 -336 2 275 -510 129 491 -417 414 -507 -470 -150 380 -86 355 133 -500 68 -409 364 -486 140 -355 -43 167 504 154 476 360 -345 -227 107 0 460
183 -148 -151 405 14 48 217 -220 -315 495 403 -375 146 512 327 -97 166 44 377 -85 458 193 -441 -418 -506 145 417 -222 350 383 -482 170 -152 -398 437 335 -158 209 -412 -143 -456 80 -508 425 -352 378 388 317 305 -302 169 47 100 33 52 349 -247 129 448 -47 -378 388 -478 -334
206 223 20 -292 -70 120 -119 -150 -29 -121 -341 -425 435 157 151 -289 461 4 -399 -259 -281 460 211 -512 191 130 -64 -274 -109 -150 -469 183 -22 -465 179 -159 -446 -278 182 363 113 -148 -127 -84 297 496 332 -328 -369 -175 -79 382 -484 -481 482 487 215 -365 290 -465 -175 -348 186 138
-467 486 -21 281 -116 211 -450 283 -483 124 -267 255 -360 456 -169 344 405 311 -53 -435 153 -343 -381 -417 -138 473 -490 146 -384 -379 173 287 122 70 195 -153 -349 -66 99 -368 50 137 116 219 188 -95 -339 -73 -484 226 275 227 -66 -260 -182 -100 -234 -331 508 -443 -103 443 76 -498
-156 -290 -269 501 -247 -229 -341 30 -281 375 142 -506 111 -209 -279 404 -183 396 -504 317 441 18 -337 61 -413 18 -378 453 -384 -234 -33 -84 -216 -382 -221 315 307 92 -105 217 -3 -187 -358 -442 -75 342 -231 137 363 -238 -196 416 367 -78 -137 87 -319 474 -371 -393 -8 -356 8 -13
412 -494 -364 -401 109 369 436 5 175 -207 83 -491 -28 70 365 -473 343 220 152 -489 -202 175 -128 41 195 145 -417 -33 -43 264 -63 411 -211 -120 444 -359 -45 -21 -355 -370 -48 -456 -427 405 -467 -222 -174 -294 391 -398 -31 -413 420 367 411 -20 482 38 -180 1 412 35 511 -352
466 -169 363 142 211 303 85 -356 486 -88 -10 -203 292 -103 -404 -130 -85 -49 69 -5 -260 396 -466 -424 -22 372 144 420 370 451 -464 375 -290 -346 502 408 390 399 -488 -263 -40 -510 -14 240 318 152 215 -494 357 -465 -202 258 239 -27 332 -429 -432 140 417 320 434 -480 -433 418
52 29 488 60 -357 164 -416 403 -191 433 -47 345 -207 -486 108 -130 328 -134 -192 -182 -132 299 182 40 -123 -479 -3 66 -39 -274 153 258 109 -438 241 40 -193 -446 291 -397 244 68 -317 4 -347 263 37 303 447 -93 168 128 143 319 -224 97 136 -89 -155 -293 -165 -200 -49 89
424 323 -283 -307 -451 277 131 -39 165 406 -209 31 107 -330 419 324 -5 420 -252 -37 -348 111 -297 -136 -373 511 -102 401 -436 -408 -208 -183 -127 -47 468 452 252 -10 250 247 -425 508 -54 -411 -357 -459 110 -95 -227 -253 396 248 82 354 273 457 -235 -320 -214 -445 -242 -284 -427 -281
-132 -294 382 -127 59 -340 398 -508 468 125 -265 -459 -298 -363 27 32 -78 -460 -469 168 165 352 -346 355 -329 -261 154 -301 276 428 344 450 -36 -480 -45 -344 460 -292 -296 309 -383 -252 129 -469 373 505 483 -317 447 -372 -167 -110 -275 -18 461 -225 159 426 -408 -432 128 505 142 -184
-96 -30 -157 -419 207 94 -280 -219 -275 -482 404 479 -304 -351 -174 216 508 235 446 -233 456 485 88 -159 -254 -387 -111 -206 341 85 -503 1 243 -395 -281 421 27 339 253 16 -425 11 -171 453 170 489 241 354 76 10 167 -504 -343 367 506 484 178 450 291 -447 -114 -148 373 -48
-326 318 404 204 127 -12 468 490 108 -297 -309 -301 -234 152 187 -361 437 -161 462 384 -67 36 -421 -59 -358 -348 499 246 421 -213 127 -343 500 178 -83 99 217 -30 -79 206 306 -239 -357 36 230 233 -191 166 -277 207 -109 -405 12 67 -29 -32 507 -204 -429 289 -489 -338 396 -357
338 -344 313 7 267 39 488 35 -277 -395 267 366 490 -284 178 264 -24 -379 -75 252 -31 263 -246 -353 430 473 330 -179 -268 285 -441 433 -309 273 303 23 -503 255 -430 -464 -90 -475 -283 -208 -136 -351 -32 -499 -107 436 341 -71 -288 183 -190 445 242 -300 -453 -371 7 -118 148 127
-350 377 -396 508 -334 -156 -322 -507 -36 -179 137 492 439 422 -421 88 213 -431 368 226 -110 -485 220 141 149 99 -219 -133 104 134 279 298 469 -422 -353 -401 -60 99 -9 188 444 -26 -289 -346 -250 -396 300 370 -249 449 41 130 476 263 363 -108 -502 429 496 -340 485 -32 -197 -353
-428 -257 351 336 -205 -319 290 52 386 -94 400 -380 439 -30 187 -448 -202 448 -466 -431 -61 427 -389 443 304 79 -175 -15 -65 393 -18 -166 -376 304 206 386 354 236 364 318 232 289 458 192 497 189 -39 103 167 -140 425 351 192 11 67 -210 366 -293 485 -238 99 -178 -435 510
251 -90 194 -44 -95 -339 88 473 54 4 500 -144 -4 96 -450 -106 290 185 -295 121 275 55 336 -3 390 -454 405 -397 191 -407 60 354 347 243 -132 381 -494 291 70 467 323 -475 495 497 471 445 368 -399 -411 -471 -493 315 177 -497 -501 -229 435 494 275 -207 241 -295 391 -463
230 501 408 310 341 -91 17 -196 -39 -367 -467 -450 440 275 -449 -159 -30 155 109 144 275 222 26 502 -509 417 -334 403 -400 -371 450 254 -283 341 83 496 -236 -29 88 96 -490 149 272 335 510 -129 421 26 479 -142 -369 318 12 -296 104 197 -187 -225 100 -383 -467 -468 496 297
-90 22 -89 -321 -119 -179 420 -101 -107 -100 421 -272 283 349 101 383 455 316 18 98 221 286 -384 -75 257 468 351 227 391 448 329 -500 215 502 423 -215 265 -28 401 129 450 100 -132 -213 248 -81 496 384 456 407 -152 235 -253 191 145 -7 455 -231 -170 -138 477 -196 445 399
-453 -131 -99 -300 -162 -388 484 314 482 -166 161 30 405 116 429 -224 494 493 -99 -291 147 30 -158 207 -101 -111 318 -341 -363 -226 -11 300 -508 -102 -29 487 -91 -182 271 271 500 -367 -239 -51 333 -312 -89 44 421 -293 486 212 -139 285 367 -273 247 238 -426 -101 -400 508 -162 -141
493 -463 276 457 439 255 -246 -169 213 238 230 -249 -15 -274 422 -448 246 360 248 -482 -13 -53 488 106 299 168 282 -211 -37 79 -511 -344 161 96 -502 -397 -271 -496 52 -137 79 -453 -286 425 -227 82 2 95 487 254 97 319 195 194 313 371 216 413 -324 215 -31 224 286 -149
-185 49 -220 56 -491 -415 21 331 492 -231 143 -461 -263 264 -212 -234 -384 288 440 235 34 486 457 -318 58 -321 -102 50 -170 340 -159 -269 19 -450 511 439 -159 -326 367 -61 -452 -472 228 270 -443 -127 110 -25 -104 -143 9 6 121 41 223 -104 156 -440 156 37 -166 212 -332 61
172 493 -30 -41 339 144 -159 229 304 -80 48 264 -27 -430 189 377 -281 96 -481 -443 -298 -16 24 -48 -334 500 137 222 -175 53 -214 355 504 107 -408 65 401 -476 -155 -190 -299 -163 -72 423 -91 112 106 -37 427 365 503 90 61 369 -368 -271 -122 -373 37 442 328 -356 225 416
275 -389 315 389 196 -30 74 363 44 -478 -351 -256 426 -141 -40 -292 -185 191 -234 58 -77 283 -444 -381 -376 -494 -146 74 117 367 144 -255 -446 21 183 -94 193 17 358 -168 12 -347 148 -275 468 347 420 48 185 -310 -39 -11 426 260 -260 -12 146 65 48 -90 -459 -239 -167 -89
-245 128 282 -26 129 39 370 -36 76 259 -426 274 -75 476 363 -87 -454 -352 -115 -268 -338 -355 422 -326 115 -442 113 -454 353 -364 414 420 -37 -457 56 -19 -459 61 -211 26 -238 431 132 -277 262 385 297 16 -259 361 343 -108 -86 195 -253 -65 365 -270 282 -410 -352 -77 49 71
67 471 -467 444 -4 423 -116 266 -387 322 413 -412 346 461 73 -453 -220 -31 -382 87 423 -462 252 -461 261 314 -373 -349 142 -295 -361 -154 -199 -87 -316 -487 -321 135 -256 174 -55 -138 397 -150 -340 -301 99 304 -204 52 48 272 -4 453 293 -220 354 434 -480 69 162 411 -479 30
283 90 -131 -146 -188 -128 -107 372 465 491 240 -441 -261 419 -452 -149 31 -279 -445 44 -217 341 -219 -210 -64 263 440 -345 -212 426 -164 112 438 -508 178 275 -181 -361 -499 -215 -430 -434 -299 223 -382 294 333 72 174 -278 -145 -358 308 317 487 -207 -412 156 152 -97 102 -218 -266 448
-96 425 -65 505 -379 -72 407 110 -17 -59 159 -432 169 -317 492 -441 436 -349 348 -128 -477 306 -377 -186 299 67 -124 105 -258 -490 -358 -260 407 157 58 -159 489 -98 -486 249 -448 420 252 -359 -317 -170 -205 -355 226 -236 -210 -496 -495 -112 -281 -173 -10 493 -157 -437 120 -301 -445 3
155 -268 76 -237 206 126 -350 477 348 445 -208 -261 -40 474 -481 -366 153 -179 -250 193 -202 408 437 -113 19 -316 -444 488 215 303 463 232 -98 -262 -209 -477 85 -502 -266 14 -369 -285 32 -451 143 -137 -371 -256 -213 -436 85 -292 -215 250 485 -331 431 -109 100 49 223 435 -5 -185
-375 -382 200 -382 -238 53 -64 420 90 367 135 411 438 -381 281 -4 338 288 -477 -228 -253 -436 234 432 -392 -154 -174 -14 -185 62 -438 -124 -328 -465 -147 38 375 134 278 43 -345 442 -434 428 245 247 204 -102 36 183 325 -14 -184 -290 175 -366 38 -198 315 -199 -500 -406 211 180
72 420 20 -209 473 410 78 -240 426 408 -288 348 -34 -241 -56 25 314 162 252 477 -380 117 -116 328 -279 220 -496 334 -449 439 195 348 122 -109 384 352 -417 -506 -361 -209 -122 262 58 -99 50 -354 -476 -405 282 501 -478 370 -494 509 499 -168 183 481 -189 -278 -170 -114 444 -125
-511 -472 -368 15 373 -283 344 259 286 30 -236 -315 -148 426 204 -172 -511 -261 340 -510 -447 354 369 92 -65 -198 -442 397 246 496 -48 -371 -142 59 303 410 -488 -266 -146 431 -158 42 250 -9 283 -271 -103 -325 465 -46 -310 -280 231 -178 177 -108 -454 -261 -257 20 15 442 -259 192
-71 -185 468 -448 -290 -161 470 -109 -441 177 476 -504 72 254 -114 -99 -248 10 278 -243 -266 -400 324 -73 -115 284 187 394 -278 -164 -268 -472 383 244 -148 -140 472 86 -391 -244 40 -130 146 369 -7 349 32 -448 -376 145 -151 -178 370 -493 -462 -426 -137 -355 -232 -361 403 -292 -102 280
312 369 215 418 214 -21 6 -38 33 -378 24 -237 -214 -232 -386 204 -8 -195 -232 509 -173 296 -22 23 -130 111 -214 479 -21 -44 138 -71 -161 -44 -473 299 -278 -440 489 -79 -77 403 -192 -4 408 -43 -271 -478 393 -391 -207 -421 23 318 -351 -444 -489 -225 299 18 486 -46 107 -87
91 -93 219 84 266 484 -36 -188 -48 353 -491 238 -162 -213 78 379 326 -505 -302 498 -241 -90 -391 465 -350 -394 29 13 356 329 -267 -329 435 -336 409 413 401 461 250 -427 134 144 -46 419 -512 -443 -60 458 -69 -313 -375 -70 -471 -82 -467 8 -105 -250 -505 -367 213 14 106 -279
-420 -466 -181 -318 369 486 -225 -106 298 27 456 -406 -106 -376 -479 -278 -117 391 -149 120 484 245 -38 451 125 21 -73 66 -34 243 260 -454 199 263 379 -129 137 195 324 -251 289 255 -467 -136 -238 -90 -459 -47 103 63 -201 420 -338 347 -76 -31 -357 65 -272 -28 -382 -311 -389 268
-452 234 -406 306 476 -74 -377 -257 -72 -125 176 41 -468 25 -55 84 42 406 432 21 -274 501 491 331 -438 133 3 -134 150 -6 -236 23 -107 465 -413 -438 160 -282 -325 -193 -449 -258 -334 -210 160 -396 -238 -223 148 429 325 -101 -321 -331 327 259 -99 -453 265 43 -22 -256 -45 167
245 -274 -63 -481 416 -36 319 -280 -63 -236 -347 320 -308 -393 -159 -406 204 241 -293 161 -468 123 -485 -33 -209 79 47 -141 -227 314 408 51 -480 48 235 -70 -139 -120 34 288 368 -251 209 215 -130 -261 -200 -121 -216 -83 -342 363 308 105 168 403 470 41 -59 -262 -359 -300 226 -419
137 -250 -370 63 313 -326 -361 -60 -452 226 275 154 -383 -198 -153 -418 101 -437 -351 -365 106 269 -253 29 223 173 -415 215 -137 -351 107 143 242 378 -395 -90 18 212 433 -184 -318 -422 0 339 208 -60 297 137 -262 130 84 -50 8 182 -282 -139 -65 469 -127 68 244 -169 -81 120
-240 492 -23 -233 -485 299 -434 -138 -434 -477 -469 44 -420 -280 497 372 -294 301 409 -72 -152 192 -127 -369 135 135 -112 305 -147 481 -317 -102 57 -11 -345 -142 222 39 -406 405 156 96 269 82 31 -26 227 -329 26 177 209 -330 -460 -461 13 -90 -307 -204 -127 -341 324 24 -248 -145
-201 -236 58 -274 236 -171 108 -474 499 -436 -243 312 -445 327 -143 467 -436 -19 245 -496 415 478 439 70 256 -166 194 -402 -277 34 -306 -457 209 277 26 338 274 -461 211 -168 392 -448 -225 189 261 477 451 316 -196 407 -235 252 -151 -64 383 -206 50 -418 11 158 -421 227 128 494
477 144 246 438 244 -323 -75 177 454 343 483 -282 448 -62 40 -133 84 -350 -133 460 176 -294 -125 163 436 -118 245 259 164 -259 277 -54 -258 -229 -447 266 -226 505 -496 31 -369 101 -291 275 260 -88 403 -128 221 -235 -226 303 -285 123 80 151 -125 -356 -267 -399 509 -286 231 3
269 -287 -326 369 376 295 -11 -86 119 130 9 -74 -66 -488 283 -14 -63 173 62 305 309 389 -496 -171 299 -511 -486 -126 228 -487 -27 -310 -438 -401 -428 422 -357 -199 172 -445 -320 -310 -165 -85 -363 369 -239 266 -399 -353 71 62 -61 161 -138 62 -242 -73 220 -326 -1 -94 -408 75
-425 302 5 98 226 -73 236 239 -107 498 -358 146 245 -1 504 -333 -327 -226 44 142 -378 -36 446 272 71 -103 -428 -27 487 -419 -336 305 302 386 -64 48 324 95 -278 -100 24 -206 -66 478 -187 -305 346 -200 -209 42 462 -512 438 -455 -222 -384 212 -221 -311 253 -251 126 62 444
344 129 385 453 -45 -196 -306 248 -227 295 -179 -329 56 -179 -402 141 -211 286 326 -63 336 -128 -197 182 483 484 398 -48 191 -437 444 -410 82 424 379 507 -212 213 -148 430 125 -231 2 -422 303 -86 -413 -56 -179 342 285 300 -147 -285 218 -46 -277 296 383 178 162 -355 -499 -350
85 264 49 -116 7 -287 -453 197 -18 -382 -336 -451 -258 -235 106 -466 -216 366 219 -176 -323 233 303 471 -34 -11 -293 28 244 462 10 445 40 -256 -24 212 -39 346 187 -199 277 98 -187 -356 84 -267 -208 443 -405 213 -98 -428 -388 500 456 -83 -301 73 153 -71 486 -277 -299 -102
148 318 496 -338 474 134 365 -273 395 364 -162 -384 332 -213 263 299 16 -179 56 -270 222 431 -400 -19 364 -74 -59 -213 4 274 -475 -126 338 -295 260 -241 254 209 404 109 122 -109 -402 -149 489 -511 -57 318 17 -350 -511 -69 222 -267 -342 176 362 -396 -443 247 263 199 16 142
359 110 169 -15 -484 -475 -405 -216 98 -64 319 -127 -3 492 -114 -220 -264 299 -229 -18 211 399 433 200 207 -74 512 -435 -226 -10 338 -451 447 93 -340 184 226 510 313 122 377 144 -75 432 -152 458 -252 58 190 -220 291 396 -204 299 434 -418 500 13 -40 60 -499 -445 -7 209
-485 482 463 -319 436 -105 462 78 342 -398 336 -427 274 237 -17 106 198 -145 458 335 234 -50 407 -480 -405 -485 504 434 -300 401 281 28 -167 -129 231 387 184 -220 -321 -103 448 -372 160 460 -240 -344 38 46 7 332 -275 292 26 320 171 -281 234 444 -376 168 129 -413 -56 46
-65 7 399 -346 72 301 279 20 -268 -60 -409 131 168 31 -386 191 -141 -175 -60 194 109 271 63 -406 -492 18 460 -382 -347 -466 457 -196 -218 -306 -230 125 -91 190 281 88 478 -47 480 -192 96 -477 -408 -199 -273 49 -118 -256 138 244 -243 77 -267 -156 -317 -370 -135 232 474 -157
-168 94 -137 -27 452 190 7 136 -372 -475 -445 328 458 86 -413 -25 440 -469 219 -1 37 282 -444 -231 399 -4 -252 70 347 115 -20 359 -127 16 81 -397 193 -212 -248 418 371 -70 -408 466 -419 -432 421 -115 -6 -354 399 -60 241 412 -180 -225 344 -180 428 37 393 -344 -76 -72
-425 -489 15 301 -267 249 -198 233 -319 -270 73 109 -222 -483 21 -457 454 -299 -74 176 -505 169 -495 83 -120 -383 -432 -420 -109 -472 6 417 254 -470 -152 87 179 78 -252 65 -95 -76 325 80 -21 376 -233 181 -115 -241 -105 299 -240 -141 170 -212 394 -74 453 378 -490 -452 496 -78
41 -124 457 478 -120 -267 -58 -48 -107 -36 30 165 184 -199 16 100 -34 250 -512 -292 -375 -18 168 0 189 -212 290 351 231 255 -203 367 107 -20 42 -158 -74 -274 236 131 -344 -397 450 489 22 -347 387 406 83 200 -467 -327 172 -273 -367 245 1 271 -364 483 -292 -211 204 -242
88 255 251 469 434 -130 21 266 -26 -451 -385 -48 -448 -93 399 91 -94 -197 -133 157 235 49 -496 421 238 -341 356 385 210 -81 327 -485 -479 -46 -335 489 368 261 -500 222 201 24 481 -291 -191 422 -424 -475 -284 69 -500 -417 202 103 -298 -132 410 -315 207 7 138 -61 -45 415
411 -83 170 -383 191 -374 176 63 391 -13 132 59 -196 -35 -95 -394 41 -472 21 -13 133 -213 441 -207 289 108 94 387 -506 221 477 -205 369 -228 -84 -120 -10 255 -296 -300 435 154 266 447 12 20 126 61 -118 65 509 65 -375 -430 65 -147 -421 11 248 198 -259 -198 -311 -208
-99 -322 -14 256 295 -252 -256 -248 -132 471 245 -232 -330 442 -310 -187 -22 56 330 302 -370 479 -435 57 -422 -197 39 165 190 426 350 108 -375 -115 201 485 453 149 -53 199 -215 -380 -402 249 -57 -228 -423 -97 -46 438 -330 124 -189 336 14 -259 -279 168 401 512 -367 -151 240 -99
-40 -287 -318 165 157 42 435 292 237 338 -501 -424 45 -15 -33 371 484 -52 -418 -48 -372 403 504 384 491 305 373 443 472 -352 318 -56 256 -133 337 -499 146 490 404 266 -377 188 152 -410 -102 266 497 -188 359 446 82 95 -294 327 129 -243 190 -71 499 -219 331 281 166 276
-72 -414 -223 -123 131 1 482 -297 261 -217 -332 421 435 -132 -114 278 -257 426 -347 -454 379 -315 -167 -98 473 -405 328 489 469 240 -488 -111 -310 149 -188 -310 331 -328 344 -485 -168 -72 -336 -69 -481 -166 97 -335 -424 -100 417 439 -213 344 -497 -331 102 491 -359 157 -430 -502 345 318
-168 -213 453 225 -8 259 422 -176 -359 -36 -188 -308 -429 49 256 363 -382 479 -403 284 265 41 217 231 -120 419 342 297 222 21 333 -380 -86 -491 -435 495 -221 -490 -201 -266 -198 121 428 -229 -208 392 207 53 29 31 47 44 -82 287 91 -5 181 -189 297 192 97 -466 418 48
-262 140 320 -116 -253 24 -182 -286 254 89 -429 260 -439 -123 -31 -102 211 -238 -186 -308 329 349 -104 480 -317 108 252 420 -191 372 0 -64 -422 -52 -57 342 455 339 -78 3 456 223 413 -263 130 486 -218 -128 -294 430 435 -436 -483 -253 73 -89 372 267 409 -480 268 451 391 -149
-268 -135 288 -241 -467 237 -426 43 247 -212 -477 4 -156 319 -417 -512 -198 -472 348 -226 501 66 375 -473 -322 230 -153 408 -65 -126 105 -327 -240 57 341 127 379 254 379 239 150 -157 -489 128 177 490 439 138 117 42 -450 -162 -415 392 -255 66 86 481 23 -329 274 -23 500 44
-289 -478 381 451 165 -114 -307 -411 467 -450 309 -315 213 -495 -170 9 239 404 272 80 358 126 408 136 -408 -235 -14 -382 -327 175 26 -137 497 -427 -413 -164 -138 -401 -376 -203 382 99 50 81 269 -107 248 -511 -205 245 -482 -195 -369 -187 294 -391 -121 123 -197 -195 55 397 -131 273
118 -366 -243 55 11 7 159 8 -173 328 198 198 -56 -299 276 139 14 512 -507 56 -373 33 61 -5 92 -377 -346 -443 95 406 -311 -377 -60 135 491 -451 185 -494 431 263 -172 271 454 -153 -184 -362 278 317 184 -165 346 394 89 267 -499 -9 115 202 100 -206 228 392 -139 -262
