-511 189 -192 102 433 54 -431 -447 204 -89 -505 353 -103 -278 -24 -324 -497 196 510 -360 431 -423 -63 -511 -281 -103 328 -502 -79 360 -219 311 181 505 -473 407 313 -283 181 -81 387 -492 -189 -411 -183 377 459 41 118 -91 -326 -88 -149 -135 218 -165 39 359 -394 -229 -223 232 283 -242
-88 177 -56 297 365 -449 -266 -350 -89 -411 -167 -264 -326 -379 -308 411 404 -57 143 -341 -468 -230 -292 -350 75 -393 -146 348 314 -277 262 504 -53 -146 496 15 284 -358 -26 -87 -179 84 -354 -111 4 49 91 361 93 -131 -511 224 -345 -78 49 239 -222 260 33 -340 258 52 314 113
1 -187 247 -454 265 -62 -95 258 237 390 -494 -4 -507 -259 233 -168 340 -248 128 -326 -232 442 -505 -180 237 253 -108 361 452 -28 -39 -116 -219 202 -486 494 429 -5 -312 -386 -58 -36 -304 127 -353 474 225 -95 -198 -110 79 -510 444 -279 181 323 2 -382 -167 -219 430 406 -300 229
13 467 176 333 367 -102 355 133 483 210 447 -45 262 296 -34 291 313 -456 87 -386 7 -511 11 -309 225 -147 -441 -480 -139 -43 -310 29 152 59 291 -263 -11 107 -507 146 -122 122 -66 292 492 -400 286 247 -477 80 -321 291 -200 362 53 -354 228 -465 162 452 -384 164 103 -203
-347 -442 183 485 -331 -100 305 458 -294 -505 -323 -145 227 -135 -3 -206 -400 -226 -280 417 -330 -341 126 -54 305 -500 318 -155 313 -281 -197 363 110 119 -279 -157 179 -304 -242 185 63 173 178 -218 452 145 -168 -140 -315 63 -91 -447 -449 268 227 37 156 -132 368 -370 -200 -272 -367 -72
-208 136 -215 167 11 46 -416 302 -270 286 298 448 -344 -451 432 -262 262 300 -2 -223 -90 -405 -316 -131 -389 -152 301 448 -130 -373 94 355 -463 382 389 -329 385 441 -220 -330 300 -125 475 -501 249 113 476 18 -146 43 374 353 302 -93 190 255 -272 -491 35 -144 450 145 -495 294
-344 -104 427 -202 -136 -212 -409 -440 -472 46 379 -353 -273 259 -98 16 -236 388 -357 -275 470 235 -383 -256 -261 -496 -454 158 -126 -108 9 417 -212 -334 288 157 -117 52 -281 -372 94 -240 131 219 -461 -60 -409 441 493 -426 282 68 -415 418 270 178 166 46 105 47 -318 -130 508 204
-318 118 452 -224 214 255 107 -449 237 -251 -419 -464 -191 -155 -328 -160 148 -120 79 309 366 117 -222 -450 -417 -436 -347 493 -4 -400 426 -15 -150 -31 -105 81 -250 281 -161 374 -245 355 -68 -232 -344 452 -497 -391 273 -445 -8 381 214 -401 -179 174 213 -311 349 -178 -172 473 293 -454
-371 -192 437 511 235 104 -36 -11 234 58 358 -97 345 203 80 137 409 219 453 -13 -390 347 -482 417 -104 403 -329 31 -162 48 -458 -305 165 364 13 118 -486 -232 159 -293 -173 423 476 506 242 -357 497 485 99 -123 308 183 264 -169 -183 -344 -205 -435 435 -356 -312 193 246 -148
179 -217 -464 -330 -28 455 -59 -73 277 -253 -176 299 -483 -252 256 -393 -37 -443 -307 200 -238 190 301 510 -474 -325 -153 -137 207 11 -296 220 -14 317 -306 367 -243 387 387 -101 395 -448 -507 -285 111 257 -385 96 259 -94 246 358 93 503 -424 425 -412 -245 143 33 -468 -35 163 -434
-479 -51 427 -439 135 -330 -66 244 203 -323 395 -464 -237 -173 -299 251 -403 187 -181 436 112 -40 496 431 164 -27 304 325 -7 329 -471 -213 155 -64 -451 482 110 -481 -412 -451 425 -266 415 -490 -230 -255 179 -59 240 -124 -29 -494 252 -155 437 -408 -102 64 416 -204 124 343 231 472
185 -20 -384 265 -371 -213 -37 -363 55 -87 165 260 -382 355 360 206 207 455 41 495 29 -112 458 96 -257 -229 63 -3 4 -285 -281 -397 -81 -497 390 96 -343 143 -3 -324 -97 5 -49 258 -382 436 405 -23 7 461 383 86 465 -296 -316 238 427 340 -324 -267 322 -204 474 -362
-220 -4 -351 -279 265 117 -239 216 -150 218 -100 101 159 201 100 226 -54 215 358 254 -298 293 -9 -322 -238 451 -486 -324 509 501 288 -223 105 31 -159 -385 285 -124 500 334 -187 496 -309 -280 41 198 53 -464 -212 376 -39 218 133 -95 405 -205 238 -70 -330 -49 464 -333 -39 -248
512 434 -143 -11 -496 335 -357 -75 367 67 52 -284 270 -71 -221 466 37 -138 -105 -186 137 402 -316 441 299 -449 -93 -44 267 67 -478 265 103 191 -7 -453 -334 -119 -19 192 391 -176 -478 -173 -129 -223 -302 -32 492 -468 282 289 -259 -477 229 310 260 -365 -204 -312 434 465 -448 -67
-67 365 461 -428 -165 -144 -130 -252 469 -75 -239 162 408 459 424 232 496 127 263 -304 -73 -75 -182 455 205 176 66 174 -428 -495 321 364 -259 -495 121 -186 71 -128 -57 477 252 222 95 -191 412 -79 -29 283 152 80 -112 81 -506 -375 296 -352 237 441 103 458 258 -198 273 511
-346 -465 -352 196 74 -340 307 -506 321 439 411 -83 231 234 -389 -282 31 425 54 94 -23 -33 176 311 120 181 31 -33 -22 308 -158 -314 -405 155 237 -11 -384 -84 -159 -73 -220 -420 257 -274 -432 -317 -440 116 4 -143 -168 83 28 -229 -254 30 -67 -285 -31 324 -303 -250 -191 -471
446 66 180 170 443 -233 498 165 487 180 -100 16 -267 319 -400 313 509 -224 130 -147 299 358 -232 -179 -472 181 -72 -201 51 325 -467 -283 -321 493 -314 18 -263 200 -216 -20 -310 432 -252 -56 -301 -500 -429 219 383 324 -479 244 398 -114 -282 176 210 -434 -183 -322 -81 206 -62 264
283 490 156 -194 -101 -381 343 450 -498 490 -323 502 -151 460 -181 465 180 -489 341 120 219 213 -492 -284 490 -200 -461 -52 67 86 444 112 35 -35 -464 -261 17 -147 -305 160 349 3 -277 360 -370 -26 -393 334 -293 -496 52 100 325 198 -66 8 -105 -409 22 224 -301 288 -65 245
444 449 51 -223 226 -281 -298 -304 444 -191 -384 -191 -484 -235 -245 152 -219 24 415 380 -370 -498 -405 -63 -424 -414 436 230 256 -449 -511 166 -204 445 -420 91 -154 3 -408 -335 174 479 499 499 36 -340 357 37 507 -93 80 475 -150 336 434 -59 374 508 -308 332 -341 304 104 75
-451 422 437 -89 247 13 -8 -81 -184 -69 137 369 464 -173 -240 300 22 337 489 -196 -328 -354 229 -370 -19 -62 354 -172 262 -384 -376 417 -203 -326 -393 16 408 -272 309 -359 -65 483 233 -237 -420 -19 -424 -76 -313 -461 337 399 -109 111 358 -438 473 -404 -30 -234 -205 -100 -312 173
-24 -421 -422 441 206 -453 -263 -296 -258 -85 173 239 -223 443 -491 86 -162 49 492 -332 -488 340 -343 -310 470 -244 11 264 -425 376 -108 139 396 308 317 -483 441 -147 -190 -394 -271 -346 -458 -240 -75 228 -55 -152 -87 -403 -359 455 -193 -121 407 386 453 446 -438 -167 -291 -107 -185 335
152 301 89 413 473 -215 48 -343 -104 -146 0 -187 -237 238 396 183 -111 -477 -393 -250 29 -261 -409 77 -402 -255 122 -232 47 -6 -22 -453 -445 -115 -259 -135 -98 429 365 -195 154 -373 -409 -420 303 62 272 -137 186 37 -460 -169 94 -7 -422 262 177 463 -56 201 330 438 -280 -107
404 139 497 -313 -257 -410 54 -31 206 310 124 126 -45 149 230 378 341 -447 -156 281 53 -177 -235 -142 406 66 305 43 -308 189 -204 -458 205 379 182 375 -458 40 -279 -206 418 -102 -236 220 43 -32 261 32 -282 250 113 -331 434 511 -258 183 255 -21 -267 13 280 18 -351 -488
-401 -63 -323 20 -397 405 -218 38 -310 -496 356 146 -381 167 413 248 -257 -219 50 138 331 10 424 -262 -418 467 -461 435 -313 66 -286 216 -503 379 -256 -233 14 -187 -193 -492 238 -327 -271 457 -106 435 -187 446 -379 109 -296 142 -201 183 271 -363 220 147 -205 -290 -322 -281 -28 251
-163 232 -400 -178 -105 315 47 -408 391 412 -466 79 -46 441 444 348 -429 -204 52 346 -151 -104 -46 -396 274 214 -431 -500 171 89 446 294 286 -26 307 -345 249 256 31 -179 -216 93 -357 -440 -384 419 -227 381 231 -299 353 -281 -377 191 399 -30 17 450 219 -403 -177 509 215 -93
29 135 243 148 -326 -304 -154 -286 189 -330 -240 -134 279 411 429 229 251 -236 -260 230 102 -382 -270 98 -337 320 410 -218 -465 232 222 -403 -445 -311 436 -69 -157 407 368 -317 32 -324 -186 -379 -275 290 82 -390 111 445 293 -414 331 -155 21 487 468 226 509 -426 143 -222 -338 142
244 -202 412 2 -505 -82 -172 347 391 -175 347 -390 151 -102 467 -107 510 -219 -402 -138 -394 12 127 -180 28 441 -252 291 109 -173 264 -31 -366 -508 125 -508 -108 61 -51 371 -244 444 -169 445 99 -12 -271 -504 135 395 -334 56 -65 349 -64 -61 281 -29 -481 122 189 117 416 57
-323 454 448 -35 510 -39 -294 161 81 36 26 -290 -447 -68 -327 -416 43 279 208 59 -150 -162 -422 331 -255 -297 57 31 433 402 -450 87 24 -370 73 -129 -142 73 -132 390 -175 -510 -190 -283 -253 469 118 389 272 -35 -144 -134 99 16 -142 16 382 -56 -114 472 -438 102 369 -6
-487 -165 241 -271 -296 101 511 70 246 -450 -363 -278 -27 194 249 -304 120 122 363 -19 127 452 -188 -362 -225 381 92 -230 223 -419 278 -284 144 -499 445 459 -411 -421 112 -327 -15 -445 196 357 474 294 210 -291 -129 101 -273 -177 -24 -275 329 254 235 -112 100 -481 -101 258 -381 -421
38 -6 236 500 -51 -372 -120 179 409 -281 -494 115 105 -204 366 386 -178 -116 270 468 414 306 -505 338 -301 202 -408 71 508 169 506 335 288 -131 105 -481 46 -261 -119 -199 -291 238 -1 -55 183 12 -123 41 242 -509 -227 -246 147 -277 266 355 368 169 -265 -9 73 -285 -63 219
3 -325 -147 148 -19 40 -435 -180 -72 164 4 495 -505 -495 136 368 453 -17 -423 -304 -85 -363 -198 -359 504 365 -459 -409 -101 415 511 457 155 -11 447 -11 263 -244 -267 -364 -464 -484 400 -490 83 509 282 426 -122 428 -29 -112 1 453 347 -305 267 -31 -322 352 -337 -209 39 -365
403 -331 -410 79 169 -503 367 -306 -5 484 -208 173 263 437 -315 465 -137 -364 414 -320 89 382 -497 450 450 -318 -387 430 -210 188 246 -475 -164 281 -337 180 -447 -466 -6 -432 478 284 -40 458 -461 -354 -274 -174 399 -351 -326 -279 437 490 165 393 -69 437 -186 276 -89 179 -300 63
-388 -212 -388 153 -319 229 -488 -68 132 -108 30 41 -242 -144 -228 -420 330 -43 -345 -262 480 24 -131 -194 330 502 13 471 -315 150 -367 393 504 437 342 -162 -136 44 -140 95 130 -28 64 23 439 426 -427 -203 -443 -171 -398 229 132 440 259 341 310 -324 405 21 -312 -251 -449 -26
-101 42 172 -32 -320 78 323 -116 -120 -30 301 -275 -105 19 461 57 156 136 247 -347 193 -230 357 -497 210 17 193 -330 -377 331 -401 6 -328 -292 -163 48 133 -73 -304 -171 -279 -227 -237 -205 -497 27 412 -1 -399 276 -422 220 465 -161 317 474 -388 -68 430 12 -276 -413 141 -399
197 -5 -91 354 -353 461 -510 83 66 219 -37 -261 319 -200 176 140 -461 291 -357 -72 -199 433 56 -320 -370 88 -191 -250 -367 -19 334 -442 368 -122 -458 -441 477 13 507 461 -269 -132 83 325 -102 -215 384 71 -346 -110 -124 443 343 -277 -441 -259 29 -287 -247 304 416 -388 341 -113
-157 -143 229 -366 213 462 364 -237 -144 -451 -165 -27 483 211 389 -246 -155 449 -81 253 -474 -77 -210 503 167 -456 133 -273 -99 330 -311 230 150 439 362 -247 365 -496 66 -70 -347 140 -172 193 -152 268 -227 -268 153 221 351 32 296 -268 -366 -90 278 23 244 -350 -447 -143 -197 41
-285 372 -173 204 101 -296 208 -285 -149 -281 235 -101 476 126 -283 -88 -98 -350 346 -372 -7 -482 -334 -496 -17 254 -182 370 464 -86 -274 -149 14 450 -251 -133 -485 491 -265 -339 82 151 268 88 344 -326 -153 19 167 174 88 -391 167 -18 -425 -246 418 83 57 385 71 198 -334 130
196 -100 -184 209 468 53 146 -180 300 458 27 240 -248 332 -288 392 248 -48 218 249 -34 -432 -451 -470 11 356 401 -193 -253 -28 110 -236 -133 -438 -87 -132 -49 296 215 420 -24 -178 19 146 -190 -200 -278 -258 -276 -98 -186 -11 121 240 403 -173 -291 -263 -56 19 -138 -483 37 -503
-471 -331 340 357 206 489 -88 495 -83 -36 -160 113 -145 -99 476 -402 -177 -479 234 342 -191 -71 -204 423 -199 -245 -166 435 -128 -105 -63 377 -72 110 -378 333 -55 -159 117 -283 100 23 -481 -319 -388 446 312 -275 407 -19 -475 -201 54 -480 -436 161 -114 48 -19 -22 300 82 99 320
381 -495 -113 208 -232 -231 488 399 125 -231 -313 17 224 231 389 228 -237 -391 -148 -288 312 118 -336 -81 -406 -75 173 8 -449 150 25 -338 -389 39 510 -302 195 -266 279 -89 345 -406 429 -142 52 368 -381 -409 -423 -299 401 147 -350 219 -92 -348 200 291 -104 -257 390 271 285 -172
304 -373 239 231 -248 104 317 101 -253 -169 -356 -400 -76 -375 -12 369 91 -26 467 27 -325 129 423 40 315 428 -250 -281 185 -375 -508 178 492 -101 -28 -419 -182 -63 398 -274 340 -301 -49 508 281 108 -350 109 -16 359 -394 -466 319 130 12 276 108 -22 364 479 504 115 -325 361
336 -251 330 -281 317 -243 -416 439 304 -199 64 -24 360 272 40 -352 8 -499 402 443 267 454 -322 264 -435 -436 -173 469 -85 -398 -378 468 65 -22 266 -507 281 496 262 -237 187 34 -240 461 71 308 -121 269 414 -308 192 117 168 -327 384 192 -214 -347 356 -44 -397 153 173 -249
-189 308 -251 -491 -178 -381 103 28 -453 -60 -492 106 -184 -64 -456 -245 -458 317 -249 331 444 -46 -221 -455 301 416 -245 -474 94 316 -431 178 366 -433 -269 -141 0 257 -229 188 -98 53 145 86 -183 386 316 481 -243 246 -18 370 482 -212 -251 422 407 -309 30 399 -393 26 236 296
-473 391 -58 232 311 -285 -359 -350 -446 1 -155 -110 291 -407 -337 295 -479 -300 341 -495 -159 -440 157 278 -167 -273 131 336 80 39 387 -72 26 50 66 356 -382 189 -137 102 268 -334 -75 259 347 -127 -150 -326 -316 307 280 -323 -378 300 306 -480 448 25 -417 53 300 430 -250 -411
-333 254 -457 234 -509 272 -405 214 -189 354 -229 -366 87 -398 -125 -204 389 278 41 19 56 -341 -15 -402 -170 -399 -477 125 389 -232 156 353 463 485 54 322 -496 370 -25 197 484 481 -50 163 108 117 -479 -319 -433 -433 -348 -346 24 -315 287 -500 444 -81 -181 -134 445 480 20 -252
431 -95 140 196 26 394 -202 179 83 -156 400 -301 488 -262 -469 400 110 -169 -203 -45 509 509 338 -47 -488 -481 -492 15 437 303 -213 -227 -244 -180 -26 -27 -396 442 486 -374 -105 -18 365 -264 73 -35 -343 289 -350 -11 252 108 307 -175 -383 275 -81 -273 114 434 287 -474 32 260
77 -125 -507 356 486 449 480 -45 248 507 -125 475 -249 275 -275 182 -107 315 246 -511 -197 -277 452 -448 -491 42 -307 -384 -99 370 184 -207 293 6 -481 318 498 358 152 -420 199 350 30 9 119 -297 -291 -158 74 -249 -442 94 -259 482 396 286 99 -143 451 -88 -437 -484 -493 61
63 -219 74 -359 -219 -234 -12 -398 57 428 249 426 108 -472 -40 487 240 466 -415 -242 -167 -225 181 -291 -404 336 421 271 -396 20 17 -235 -401 138 -23 -355 226 -177 -39 -187 292 -139 466 56 -56 -425 -441 -361 -248 -439 203 -21 -385 -177 -270 -333 15 360 -109 465 -397 117 384 -180
-427 -423 330 -380 324 265 369 -511 -437 -262 243 -322 30 -400 418 309 252 140 -46 -35 404 -144 -332 -338 287 50 137 504 290 106 219 174 -209 440 -259 -54 268 62 345 -249 493 234 -345 -324 149 -241 177 17 451 -492 489 -433 -300 -445 -507 -245 206 461 211 -457 -374 -116 283 408
358 400 341 112 -10 -35 -318 -296 173 -107 -298 -506 -161 160 393 -440 248 469 395 228 -106 252 -494 -135 -474 -134 -208 260 78 -186 -204 -24 303 230 -107 -279 -289 209 -249 52 250 -24 -361 -323 70 503 36 -168 390 135 44 -5 -358 350 271 403 22 20 173 -35 347 129 154 -486
194 152 -360 -216 279 449 -454 408 272 272 506 452 207 389 -254 -31 -467 209 -278 279 -15 466 128 81 -198 -170 295 -196 -241 403 280 442 211 -355 -478 -396 -141 -464 -151 -430 -232 182 160 -450 -171 341 -371 -190 -204 41 -203 -228 158 442 330 -246 170 -187 -441 -499 449 -383 52 113
-101 -287 229 496 -188 53 177 116 -383 467 -46 123 -116 511 -100 -127 -278 -258 -477 355 296 89 496 479 -216 32 159 161 263 -14 -183 -73 -105 307 -94 -240 -348 -115 -43 161 88 464 329 325 -208 -293 -397 -72 -425 -81 326 -243 43 -183 -40 -503 -147 511 35 -503 -124 332 -360 -470
406 131 -9 422 -233 -504 -452 507 -508 510 -462 -17 479 -394 -376 -407 -161 -4 376 -59 510 111 -4 -127 326 197 -428 -338 -84 -59 363 -215 -500 -44 123 -132 488 -106 195 -184 -269 -398 -413 184 -205 -480 510 146 -416 205 168 -507 431 -481 -103 -93 165 -342 193 262 -419 99 386 -386
5 -139 -319 44 -45 146 -197 332 386 -397 -2 289 167 495 338 191 154 198 -383 400 270 -429 -46 64 -354 -217 -472 -490 126 -13 437 -404 79 -373 -439 -382 -477 249 30 -210 -127 -86 -170 -386 -228 -187 -431 213 156 76 -433 221 285 301 205 379 240 -223 454 309 -259 482 -433 240
459 -133 -431 -417 -273 25 -57 -279 -376 -397 40 -368 -167 112 422 -321 95 267 -79 -431 268 389 96 151 -341 432 -408 -192 -450 112 -97 -445 -32 -459 100 123 296 -505 417 -115 -174 -168 290 240 161 11 180 -178 -332 226 -234 -445 -208 -199 273 -441 138 -111 -99 424 206 115 -203 -91
151 477 -81 490 114 373 -271 -97 19 -271 -68 -504 -417 480 496 -392 396 -241 506 498 474 335 -422 -478 280 -34 246 -246 -137 25 225 386 485 -312 -285 423 159 -283 -487 109 -506 -1 244 -383 332 -434 301 -355 -354 -263 128 501 -367 -387 204 -359 -2 -52 -262 354 458 394 260 -394
-71 -118 161 49 241 433 -237 206 461 451 394 200 -336 186 -166 384 13 17 -386 -314 24 408 129 -51 -232 486 111 -63 -86 -77 447 154 15 -409 -402 -353 311 -368 214 -51 -270 202 -21 186 162 409 -278 -140 253 482 -79 -380 135 -4 -315 459 79 -446 238 425 225 31 -391 -296
-303 -490 299 -59 -278 -496 -177 372 22 330 313 -357 -14 -270 -117 -103 309 -78 424 4 -124 -270 -435 -477 -25 -431 -393 3 -415 226 316 423 55 -57 -296 -272 477 -412 -431 -69 319 485 -212 446 465 439 253 309 488 16 286 -447 511 -286 -301 501 395 -149 -232 -300 225 -497 -104 447
367 297 500 179 -429 36 -92 438 -131 426 261 -274 -367 23 -349 -342 392 507 307 448 -449 -359 215 64 -366 178 429 -249 13 -144 -133 -245 253 -509 318 -100 244 351 -489 307 -89 424 -283 -329 164 -403 -22 -192 370 9 -436 79 -489 481 -372 438 192 436 -3 -343 446 -21 271 11
-447 286 -116 -234 -172 377 68 -15 225 366 -194 231 214 -129 178 -155 37 -488 -255 25 -276 199 -448 -387 420 -420 250 419 -180 438 -135 252 -262 -383 -308 -132 -200 399 281 -184 140 -54 -16 230 165 352 -26 -285 144 325 98 7 -171 271 415 -332 -125 370 -233 467 340 -360 -493 -408
-99 34 387 182 -297 -98 393 230 437 -435 495 285 -67 -504 77 -327 -379 -222 -316 275 -269 108 325 76 196 -184 -67 512 -140 -350 -78 270 -332 397 -457 93 459 -108 -91 430 -104 69 -183 -408 352 152 -442 233 155 -509 -126 482 121 318 370 -312 151 390 -407 -142 210 54 -381 -91
280 -53 -42 182 24 -283 -173 -71 237 125 259 -64 -201 -75 -39 -215 -73 234 -79 -370 29 -318 -290 20 -138 -394 -396 -166 -166 -5 435 -397 -219 -259 -237 -424 -78 -434 -402 70 -303 -18 486 429 -20 -178 -354 31 -508 151 -361 487 512 468 117 -67 -6 193 -62 -463 -210 -19 92 -135
-125 412 -214 -275 209 429 -173 468 96 -398 -395 -486 159 389 -290 -16 -481 423 -199 168 262 -278 214 19 -180 50 510 237 146 -256 278 482 -480 403 133 446 420 314 -353 139 -288 214 -441 -50 -489 499 133 -4 -245 -293 72 384 460 -336 -186 215 -239 180 -51 -440 404 -340 -479 -240
149 422 -208 -180 355 153 63 230 -512 -318 -344 -125 -138 -444 252 321 481 -35 -512 -250 171 -372 340 -471 -457 -197 352 270 281 -408 199 -26 -151 -271 -485 184 -75 224 72 -302 148 410 310 -501 488 69 21 -213 -366 206 -114 -15 300 61 -280 438 -350 374 270 -409 324 48 289 229
