-3675 441 1414 -1450 2709 -3407 -420 -30 -59 -6821 -1850 84 1206 3655 31 -408 -451 439 1315 2181 4563 2303 5023 389 -1213 732 -4718 -586 -2968 520 3038 -492 -5449 3948 -1455 2678 -1122 3370 -1761 1120 -6253 2804 343 858 3084 761 -222 -427 -553 1623 -1683 78 246 -154 -1461 2432 -4492 -1970 1498 1502 -1293 1927 3504 -399
-3671 436 1407 -1450 2708 -3403 -414 -41 -61 -6817 -1850 84 1206 3662 29 -406 -480 433 1341 2215 4562 2291 5010 367 -1215 729 -4728 -593 -2925 525 3026 -449 -5411 3892 -1449 2698 -1112 3326 -1726 1144 -6264 2768 320 829 3051 732 -131 -443 -553 1634 -1685 70 246 -152 -1467 2430 -4497 -1963 1495 1502 -1291 1921 3498 -414
-3671 436 1407 -1450 2708 -3403 -414 -41 -61 -6817 -1850 84 1206 3662 29 -406 -480 433 1341 2215 4562 2291 5010 367 -1215 729 -4728 -593 -2925 525 3026 -449 -5411 3892 -1449 2698 -1112 3326 -1726 1144 -6264 2768 320 829 3051 732 -131 -443 -553 1634 -1685 70 246 -152 -1467 2430 -4497 -1963 1495 1502 -1291 1921 3498 -414
-3671 436 1407 -1450 2708 -3403 -414 -41 -61 -6817 -1850 84 1206 3662 29 -406 -480 433 1341 2215 4562 2291 5010 367 -1215 729 -4728 -593 -2925 525 3026 -449 -5411 3892 -1449 2698 -1112 3326 -1726 1144 -6264 2768 320 829 3051 732 -131 -443 -553 1634 -1685 70 246 -152 -1467 2430 -4497 -1963 1495 1502 -1291 1921 3498 -414
-3671 436 1407 -1450 2708 -3403 -414 -41 -61 -6817 -1850 84 1206 3662 29 -406 -480 433 1341 2215 4562 2291 5010 367 -1215 729 -4728 -593 -2925 525 3026 -449 -5411 3892 -1449 2698 -1112 3326 -1726 1144 -6264 2768 320 829 3051 732 -131 -443 -553 1634 -1685 70 246 -152 -1467 2430 -4497 -1963 1495 1502 -1291 1921 3498 -414
-3671 436 1407 -1450 2708 -3403 -414 -41 -61 -6817 -1850 84 1206 3662 29 -406 -480 433 1341 2215 4562 2291 5010 367 -1215 729 -4728 -593 -2925 525 3026 -449 -5411 3892 -1449 2698 -1112 3326 -1726 1144 -6264 2768 320 829 3051 732 -131 -443 -553 1634 -1685 70 246 -152 -1467 2430 -4497 -1963 1495 1502 -1291 1921 3498 -414
-3671 436 1407 -1450 2708 -3403 -414 -41 -61 -6817 -1850 84 1206 3662 29 -406 -480 433 1341 2215 4562 2291 5010 367 -1215 729 -4728 -593 -2925 525 3026 -449 -5411 3892 -1449 2698 -1112 3326 -1726 1144 -6264 2768 320 829 3051 732 -131 -443 -553 1634 -1685 70 246 -152 -1467 2430 -4497 -1963 1495 1502 -1291 1921 3498 -414
-3671 436 1407 -1450 2708 -3403 -414 -41 -61 -6817 -1850 84 1206 3662 29 -406 -480 433 1341 2215 4562 2291 5010 367 -1215 729 -4728 -593 -2925 525 3026 -449 -5411 3892 -1449 2698 -1112 3326 -1726 1144 -6264 2768 320 829 3051 732 -131 -443 -553 1634 -1685 70 246 -152 -1467 2430 -4497 -1963 1495 1502 -1291 1921 3498 -414
-3671 436 1407 -1450 2708 -3403 -414 -41 -61 -6817 -1850 84 1206 3662 29 -406 -480 433 1341 2215 4562 2291 5010 367 -1215 729 -4728 -593 -2925 525 3026 -449 -5411 3892 -1449 2698 -1112 3326 -1726 1144 -6264 2768 320 829 3051 732 -131 -443 -553 1634 -1685 70 246 -152 -1467 2430 -4497 -1963 1495 1502 -1291 1921 3498 -414
-3671 432 1406 -1448 2709 -3396 -409 -48 -60 -6816 -1853 85 1202 3667 30 -404 -466 427 1337 2201 4551 2297 5020 376 -1217 723 -4723 -592 -2946 520 3018 -462 -5414 3890 -1451 2704 -1103 3328 -1728 1145 -6270 2773 319 830 3054 732 -133 -446 -544 1631 -1694 61 242 -148 -1469 2429 -4503 -1968 1493 1501 -1294 1922 3490 -417
-3666 441 1405 -1449 2710 -3406 -417 -41 -62 -6814 -1850 87 1205 3660 28 -406 -470 439 1334 2205 4558 2297 5014 371 -1211 734 -4729 -595 -2930 523 3026 -458 -5419 3900 -1451 2693 -1113 3328 -1735 1142 -6265 2771 324 827 3051 736 -140 -443 -538 1628 -1694 55 245 -148 -1469 2431 -4501 -1970 1492 1501 -1293 1919 3492 -418
-3671 436 1407 -1450 2708 -3403 -414 -41 -61 -6817 -1850 84 1206 3662 29 -406 -480 433 1341 2215 4562 2291 5010 367 -1215 729 -4728 -593 -2925 525 3026 -449 -5411 3892 -1449 2698 -1112 3326 -1726 1144 -6264 2768 320 829 3051 732 -131 -443 -553 1634 -1685 70 246 -152 -1467 2430 -4497 -1963 1495 1502 -1291 1921 3498 -414
-3671 436 1407 -1450 2708 -3403 -414 -41 -61 -6817 -1850 84 1206 3662 29 -406 -480 433 1341 2215 4562 2291 5010 367 -1215 729 -4728 -593 -2925 525 3026 -449 -5411 3892 -1449 2698 -1112 3326 -1726 1144 -6264 2768 320 829 3051 732 -131 -443 -553 1634 -1685 70 246 -152 -1467 2430 -4497 -1963 1495 1502 -1291 1921 3498 -414
-3671 436 1407 -1450 2708 -3403 -414 -41 -61 -6817 -1850 84 1206 3662 29 -406 -480 433 1341 2215 4562 2291 5010 367 -1215 729 -4728 -593 -2925 525 3026 -449 -5411 3892 -1449 2698 -1112 3326 -1726 1144 -6264 2768 320 829 3051 732 -131 -443 -553 1634 -1685 70 246 -152 -1467 2430 -4497 -1963 1495 1502 -1291 1921 3498 -414
-3671 436 1407 -1450 2708 -3403 -414 -41 -61 -6817 -1850 84 1206 3662 29 -406 -480 433 1341 2215 4562 2291 5010 367 -1215 729 -4728 -593 -2925 525 3026 -449 -5411 3892 -1449 2698 -1112 3326 -1726 1144 -6264 2768 320 829 3051 732 -131 -443 -553 1634 -1685 70 246 -152 -1467 2430 -4497 -1963 1495 1502 -1291 1921 3498 -414
-3671 436 1407 -1450 2708 -3403 -414 -41 -61 -6817 -1850 84 1206 3662 29 -406 -480 433 1341 2215 4562 2291 5010 367 -1215 729 -4728 -593 -2925 525 3026 -449 -5411 3892 -1449 2698 -1112 3326 -1726 1144 -6264 2768 320 829 3051 732 -131 -443 -553 1634 -1685 70 246 -152 -1467 2430 -4497 -1963 1495 1502 -1291 1921 3498 -414
-3675 439 1412 -1455 2704 -3411 -418 -30 -58 -6820 -1847 78 1210 3657 30 -405 -477 437 1335 2211 4566 2293 5010 370 -1212 732 -4728 -592 -2928 526 3032 -454 -5423 3904 -1453 2701 -1104 3342 -1735 1137 -6267 2785 325 841 3065 739 -159 -442 -611 1659 -1678 126 223 -156 -1470 2416 -4504 -1946 1502 1498 -1298 1947 3494 -406
-3677 448 1421 -1459 2703 -3417 -427 -10 -54 -6825 -1846 79 1207 3645 33 -406 -471 442 1324 2200 4576 2294 5011 378 -1213 734 -4722 -586 -2944 526 3046 -474 -5443 3943 -1454 2674 -1128 3368 -1754 1121 -6250 2799 341 857 3081 757 -213 -425 -623 1657 -1668 143 225 -161 -1465 2418 -4494 -1944 1507 1498 -1296 1952 3506 -393
-3678 450 1421 -1457 2706 -3419 -429 -9 -56 -6826 -1845 80 1209 3643 33 -407 -460 438 1315 2188 4576 2298 5017 389 -1214 728 -4716 -582 -2967 525 3047 -488 -5436 3941 -1451 2665 -1141 3362 -1749 1122 -6243 2787 339 853 3074 755 -202 -421 -596 1640 -1666 120 240 -161 -1459 2427 -4487 -1952 1505 1501 -1292 1938 3514 -390
-3671 464 1421 -1466 2698 -3434 -436 9 -48 -6824 -1843 76 1207 3636 32 -403 -433 432 1302 2162 4560 2310 5033 406 -1215 721 -4708 -582 -3004 517 3036 -512 -5452 3954 -1457 2681 -1118 3387 -1759 1112 -6250 2818 346 876 3100 764 -246 -423 -593 1641 -1677 115 232 -157 -1463 2423 -4497 -1956 1503 1499 -1297 1943 3501 -395
-3674 429 1409 -1444 2713 -3393 -410 -51 -64 -6818 -1853 87 1204 3666 31 -408 -486 448 1337 2219 4573 2290 5001 360 -1210 746 -4733 -592 -2906 528 3042 -452 -5419 3912 -1448 2674 -1135 3333 -1735 1137 -6251 2766 329 829 3051 740 -149 -432 -494 1597 -1688 18 273 -150 -1457 2446 -4487 -1984 1491 1506 -1285 1896 3509 -408
-3671 436 1407 -1450 2708 -3403 -414 -41 -61 -6817 -1850 84 1206 3662 29 -406 -480 433 1341 2215 4562 2291 5010 367 -1215 729 -4728 -593 -2925 525 3026 -449 -5411 3892 -1449 2698 -1112 3326 -1726 1144 -6264 2768 320 829 3051 732 -131 -443 -553 1634 -1685 70 246 -152 -1467 2430 -4497 -1963 1495 1502 -1291 1921 3498 -414
-3671 436 1407 -1450 2708 -3403 -414 -41 -61 -6817 -1850 84 1206 3662 29 -406 -480 433 1341 2215 4562 2291 5010 367 -1215 729 -4728 -593 -2925 525 3026 -449 -5411 3892 -1449 2698 -1112 3326 -1726 1144 -6264 2768 320 829 3051 732 -131 -443 -553 1634 -1685 70 246 -152 -1467 2430 -4497 -1963 1495 1502 -1291 1921 3498 -414
-3671 436 1407 -1450 2708 -3403 -414 -41 -61 -6817 -1850 84 1206 3662 29 -406 -480 433 1341 2215 4562 2291 5010 367 -1215 729 -4728 -593 -2925 525 3026 -449 -5411 3892 -1449 2698 -1112 3326 -1726 1144 -6264 2768 320 829 3051 732 -131 -443 -553 1634 -1685 70 246 -152 -1467 2430 -4497 -1963 1495 1502 -1291 1921 3498 -414
-3671 436 1407 -1450 2708 -3403 -414 -41 -61 -6817 -1850 84 1206 3662 29 -406 -480 433 1341 2215 4562 2291 5010 367 -1215 729 -4728 -593 -2925 525 3026 -449 -5411 3892 -1449 2698 -1112 3326 -1726 1144 -6264 2768 320 829 3051 732 -131 -443 -553 1634 -1685 70 246 -152 -1467 2430 -4497 -1963 1495 1502 -1291 1921 3498 -414
-3671 436 1407 -1450 2708 -3403 -414 -41 -61 -6817 -1850 84 1206 3662 29 -406 -480 433 1341 2215 4562 2291 5010 367 -1215 729 -4728 -593 -2925 525 3026 -449 -5411 3892 -1449 2698 -1112 3326 -1726 1144 -6264 2768 320 829 3051 732 -131 -443 -553 1634 -1685 70 246 -152 -1467 2430 -4497 -1963 1495 1502 -1291 1921 3498 -414
-3673 446 1413 -1451 2710 -3416 -426 -26 -62 -6819 -1846 82 1212 3651 30 -409 -446 437 1306 2173 4573 2305 5025 399 -1213 726 -4712 -581 -2988 522 3046 -502 -5436 3931 -1450 2675 -1130 3341 -1755 1132 -6255 2776 334 833 3056 751 -176 -433 -581 1638 -1675 103 239 -158 -1462 2427 -4489 -1959 1501 1501 -1293 1935 3508 -398
-3670 437 1408 -1451 2707 -3403 -414 -39 -60 -6817 -1850 83 1205 3661 30 -405 -483 437 1342 2218 4563 2290 5008 364 -1213 733 -4730 -594 -2917 526 3029 -447 -5415 3898 -1450 2696 -1111 3332 -1729 1141 -6264 2773 322 833 3056 735 -141 -441 -548 1630 -1684 65 250 -152 -1466 2432 -4495 -1964 1495 1502 -1290 1918 3501 -412
-3671 436 1407 -1450 2708 -3403 -414 -41 -61 -6817 -1850 84 1206 3662 29 -406 -480 433 1341 2215 4562 2291 5010 367 -1215 729 -4728 -593 -2925 525 3026 -449 -5411 3892 -1449 2698 -1112 3326 -1726 1144 -6264 2768 320 829 3051 732 -131 -443 -553 1634 -1685 70 246 -152 -1467 2430 -4497 -1963 1495 1502 -1291 1921 3498 -414
-3671 436 1407 -1450 2708 -3403 -414 -41 -61 -6817 -1850 84 1206 3662 29 -406 -480 433 1341 2215 4562 2291 5010 367 -1215 729 -4728 -593 -2925 525 3026 -449 -5411 3892 -1449 2698 -1112 3326 -1726 1144 -6264 2768 320 829 3051 732 -131 -443 -553 1634 -1685 70 246 -152 -1467 2430 -4497 -1963 1495 1502 -1291 1921 3498 -414
-3671 436 1407 -1450 2708 -3403 -414 -41 -61 -6817 -1850 84 1206 3662 29 -406 -480 433 1341 2215 4562 2291 5010 367 -1215 729 -4728 -593 -2925 525 3026 -449 -5411 3892 -1449 2698 -1112 3326 -1726 1144 -6264 2768 320 829 3051 732 -131 -443 -553 1634 -1685 70 246 -152 -1467 2430 -4497 -1963 1495 1502 -1291 1921 3498 -414
-3671 436 1407 -1450 2708 -3403 -414 -41 -61 -6817 -1850 84 1206 3662 29 -406 -480 433 1341 2215 4562 2291 5010 367 -1215 729 -4728 -593 -2925 525 3026 -449 -5411 3892 -1449 2698 -1112 3326 -1726 1144 -6264 2768 320 829 3051 732 -131 -443 -553 1634 -1685 70 246 -152 -1467 2430 -4497 -1963 1495 1502 -1291 1921 3498 -414
-3660 464 1409 -1464 2699 -3430 -430 -6 -51 -6815 -1845 80 1204 3644 28 -401 -432 428 1315 2169 4540 2314 5036 398 -1212 719 -4716 -595 -2986 515 3012 -489 -5435 3916 -1457 2712 -1088 3361 -1743 1129 -6271 2807 330 859 3085 747 -194 -442 -543 1628 -1696 61 241 -148 -1469 2429 -4505 -1970 1493 1500 -1296 1924 3487 -415
-3675 438 1415 -1445 2715 -3400 -420 -35 -63 -6821 -1851 89 1203 3655 33 -410 -475 443 1328 2205 4574 2292 5008 372 -1214 738 -4725 -587 -2933 525 3045 -470 -5424 3926 -1448 2661 -1148 3341 -1741 1132 -6243 2767 334 833 3054 746 -165 -425 -527 1611 -1683 51 261 -153 -1458 2439 -4488 -1975 1495 1504 -1288 1911 3509 -403
-3671 436 1407 -1450 2708 -3403 -414 -41 -61 -6817 -1850 84 1206 3662 29 -406 -480 433 1341 2215 4562 2291 5010 367 -1215 729 -4728 -593 -2925 525 3026 -449 -5411 3892 -1449 2698 -1112 3326 -1726 1144 -6264 2768 320 829 3051 732 -131 -443 -553 1634 -1685 70 246 -152 -1467 2430 -4497 -1963 1495 1502 -1291 1921 3498 -414
-3671 436 1407 -1450 2708 -3403 -414 -41 -61 -6817 -1850 84 1206 3662 29 -406 -480 433 1341 2215 4562 2291 5010 367 -1215 729 -4728 -593 -2925 525 3026 -449 -5411 3892 -1449 2698 -1112 3326 -1726 1144 -6264 2768 320 829 3051 732 -131 -443 -553 1634 -1685 70 246 -152 -1467 2430 -4497 -1963 1495 1502 -1291 1921 3498 -414
-3671 436 1407 -1450 2708 -3403 -414 -41 -61 -6817 -1850 84 1206 3662 29 -406 -480 433 1341 2215 4562 2291 5010 367 -1215 729 -4728 -593 -2925 525 3026 -449 -5411 3892 -1449 2698 -1112 3326 -1726 1144 -6264 2768 320 829 3051 732 -131 -443 -553 1634 -1685 70 246 -152 -1467 2430 -4497 -1963 1495 1502 -1291 1921 3498 -414
-3671 436 1407 -1450 2708 -3403 -414 -41 -61 -6817 -1850 84 1206 3662 29 -406 -480 433 1341 2215 4562 2291 5010 367 -1215 729 -4728 -593 -2925 525 3026 -449 -5411 3892 -1449 2698 -1112 3326 -1726 1144 -6264 2768 320 829 3051 732 -131 -443 -553 1634 -1685 70 246 -152 -1467 2430 -4497 -1963 1495 1502 -1291 1921 3498 -414
-3669 438 1407 -1452 2707 -3404 -414 -39 -59 -6816 -1851 83 1204 3662 29 -404 -472 430 1338 2207 4556 2294 5016 372 -1216 725 -4725 -593 -2936 522 3022 -456 -5415 3893 -1451 2703 -1104 3332 -1728 1142 -6268 2775 321 834 3057 733 -140 -444 -552 1634 -1690 68 241 -150 -1469 2428 -4502 -1965 1494 1501 -1293 1924 3492 -416
-3678 437 1414 -1441 2718 -3402 -422 -42 -68 -6820 -1851 89 1210 3657 31 -413 -450 435 1307 2173 4578 2301 5024 399 -1217 725 -4708 -576 -2993 521 3051 -508 -5423 3924 -1444 2649 -1161 3320 -1747 1139 -6242 2746 331 810 3031 744 -139 -427 -576 1636 -1680 97 238 -156 -1462 2427 -4492 -1962 1499 1501 -1294 1934 3504 -401
-3671 436 1407 -1451 2708 -3403 -414 -40 -61 -6817 -1850 84 1205 3662 29 -405 -481 434 1341 2215 4563 2291 5009 366 -1215 730 -4728 -593 -2923 525 3027 -449 -5412 3893 -1450 2697 -1112 3327 -1727 1144 -6264 2769 320 829 3052 732 -133 -443 -552 1633 -1684 69 247 -152 -1467 2430 -4496 -1963 1495 1502 -1290 1920 3499 -413
-3671 436 1407 -1450 2708 -3403 -414 -41 -61 -6817 -1850 84 1206 3662 29 -406 -480 433 1341 2215 4562 2291 5010 367 -1215 729 -4728 -593 -2925 525 3026 -449 -5411 3892 -1449 2698 -1112 3326 -1726 1144 -6264 2768 320 829 3051 732 -131 -443 -553 1634 -1685 70 246 -152 -1467 2430 -4497 -1963 1495 1502 -1291 1921 3498 -414
-3671 436 1407 -1450 2708 -3403 -414 -41 -61 -6817 -1850 84 1206 3662 29 -406 -480 433 1341 2215 4562 2291 5010 367 -1215 729 -4728 -593 -2925 525 3026 -449 -5411 3892 -1449 2698 -1112 3326 -1726 1144 -6264 2768 320 829 3051 732 -131 -443 -553 1634 -1685 70 246 -152 -1467 2430 -4497 -1963 1495 1502 -1291 1921 3498 -414
-3671 436 1407 -1450 2708 -3403 -414 -41 -61 -6817 -1850 84 1206 3662 29 -406 -480 433 1341 2215 4562 2291 5010 367 -1215 729 -4728 -593 -2925 525 3026 -449 -5411 3892 -1449 2698 -1112 3326 -1726 1144 -6264 2768 320 829 3051 732 -131 -443 -553 1634 -1685 70 246 -152 -1467 2430 -4497 -1963 1495 1502 -1291 1921 3498 -414
-3671 436 1407 -1450 2708 -3403 -414 -41 -61 -6817 -1850 84 1206 3662 29 -406 -480 433 1341 2215 4562 2291 5010 367 -1215 729 -4728 -593 -2925 525 3026 -449 -5411 3892 -1449 2698 -1112 3326 -1726 1144 -6264 2768 320 829 3051 732 -131 -443 -553 1634 -1685 70 246 -152 -1467 2430 -4497 -1963 1495 1502 -1291 1921 3498 -414
-3660 475 1413 -1470 2697 -3448 -442 14 -51 -6817 -1838 76 1212 3631 28 -402 -468 442 1325 2203 4567 2300 5012 376 -1207 733 -4727 -595 -2937 527 3032 -461 -5442 3932 -1458 2706 -1092 3379 -1748 1120 -6265 2819 337 874 3099 755 -224 -435 -607 1653 -1674 124 229 -158 -1467 2419 -4500 -1948 1503 1499 -1296 1944 3499 -402
-3677 439 1418 -1447 2715 -3401 -421 -31 -61 -6823 -1852 89 1202 3653 34 -410 -470 434 1329 2199 4568 2292 5015 378 -1218 730 -4720 -583 -2949 522 3040 -476 -5423 3926 -1448 2660 -1150 3342 -1739 1131 -6241 2767 333 835 3055 745 -165 -423 -535 1613 -1678 59 262 -155 -1456 2439 -4485 -1972 1497 1505 -1287 1912 3514 -399
-3671 436 1407 -1450 2708 -3403 -414 -41 -61 -6817 -1850 84 1206 3662 29 -406 -480 433 1341 2215 4562 2291 5010 367 -1215 729 -4728 -593 -2925 525 3026 -449 -5411 3892 -1449 2698 -1112 3326 -1726 1144 -6264 2768 320 829 3051 732 -131 -443 -553 1634 -1685 70 246 -152 -1467 2430 -4497 -1963 1495 1502 -1291 1921 3498 -414
-3671 436 1407 -1450 2708 -3403 -414 -41 -61 -6817 -1850 84 1206 3662 29 -406 -480 433 1341 2215 4562 2291 5010 367 -1215 729 -4728 -593 -2925 525 3026 -449 -5411 3892 -1449 2698 -1112 3326 -1726 1144 -6264 2768 320 829 3051 732 -131 -443 -553 1634 -1685 70 246 -152 -1467 2430 -4497 -1963 1495 1502 -1291 1921 3498 -414
-3671 436 1407 -1450 2708 -3403 -414 -41 -61 -6817 -1850 84 1206 3662 29 -406 -480 433 1341 2215 4562 2291 5010 367 -1215 729 -4728 -593 -2925 525 3026 -449 -5411 3892 -1449 2698 -1112 3326 -1726 1144 -6264 2768 320 829 3051 732 -131 -443 -553 1634 -1685 70 246 -152 -1467 2430 -4497 -1963 1495 1502 -1291 1921 3498 -414
