453 -1324 -558 993 -40 1290 -593 566 155 -310 -1081 -1589 354 -528 127 941 38 318 1015 -211 819 -1740 1011 -147 -574 936 -654 -4 -667 -454 99 551 513 214 -251 -662 385 90 278 -818 607 -139 514 -2186 681 259 509 530 344 -107 1119 817 -134 324 -286 164 -984 -64 -373 -169 852 -224 366 1145
85 -1079 -440 686 -136 684 -454 -276 -333 -420 -1163 -701 405 593 -76 890 -30 -568 1116 18 196 -877 1457 397 -1236 551 -609 -57 206 -1049 416 643 157 595 333 -550 338 164 400 -794 -479 -182 1190 -1710 600 -44 -100 478 749 -570 1255 503 176 45 -47 -463 35 374 -56 692 -175 -16 437 880
85 -1079 -440 686 -136 684 -454 -276 -333 -420 -1163 -701 405 593 -76 890 -30 -568 1116 18 196 -877 1457 397 -1236 551 -609 -57 206 -1049 416 643 157 595 333 -550 338 164 400 -794 -479 -182 1190 -1710 600 -44 -100 478 749 -570 1255 503 176 45 -47 -463 35 374 -56 692 -175 -16 437 880
85 -1079 -440 686 -136 684 -454 -276 -333 -420 -1163 -701 405 593 -76 890 -30 -568 1116 18 196 -877 1457 397 -1236 551 -609 -57 206 -1049 416 643 157 595 333 -550 338 164 400 -794 -479 -182 1190 -1710 600 -44 -100 478 749 -570 1255 503 176 45 -47 -463 35 374 -56 692 -175 -16 437 880
85 -1079 -440 686 -136 684 -454 -276 -333 -420 -1163 -701 405 593 -76 890 -30 -568 1116 18 196 -877 1457 397 -1236 551 -609 -57 206 -1049 416 643 157 595 333 -550 338 164 400 -794 -479 -182 1190 -1710 600 -44 -100 478 749 -570 1255 503 176 45 -47 -463 35 374 -56 692 -175 -16 437 880
85 -1079 -440 686 -136 684 -454 -276 -333 -420 -1163 -701 405 593 -76 890 -30 -568 1116 18 196 -877 1457 397 -1236 551 -609 -57 206 -1049 416 643 157 595 333 -550 338 164 400 -794 -479 -182 1190 -1710 600 -44 -100 478 749 -570 1255 503 176 45 -47 -463 35 374 -56 692 -175 -16 437 880
85 -1079 -440 686 -136 684 -454 -276 -333 -420 -1163 -701 405 593 -76 890 -30 -568 1116 18 196 -877 1457 397 -1236 551 -609 -57 206 -1049 416 643 157 595 333 -550 338 164 400 -794 -479 -182 1190 -1710 600 -44 -100 478 749 -570 1255 503 176 45 -47 -463 35 374 -56 692 -175 -16 437 880
85 -1079 -440 686 -136 684 -454 -276 -333 -420 -1163 -701 405 593 -76 890 -30 -568 1116 18 196 -877 1457 397 -1236 551 -609 -57 206 -1049 416 643 157 595 333 -550 338 164 400 -794 -479 -182 1190 -1710 600 -44 -100 478 749 -570 1255 503 176 45 -47 -463 35 374 -56 692 -175 -16 437 880
85 -1079 -440 686 -136 684 -454 -276 -333 -420 -1163 -701 405 593 -76 890 -30 -568 1116 18 196 -877 1457 397 -1236 551 -609 -57 206 -1049 416 643 157 595 333 -550 338 164 400 -794 -479 -182 1190 -1710 600 -44 -100 478 749 -570 1255 503 176 45 -47 -463 35 374 -56 692 -175 -16 437 880
32 -1217 -479 484 -32 663 -485 -206 -450 -439 -1062 -893 197 266 -84 1030 181 -468 1103 -167 569 -1062 1397 365 -1230 662 -653 -114 254 -875 136 576 291 542 262 -460 204 -137 277 -762 -399 -15 1313 -1789 644 -106 -42 399 764 -605 936 454 238 52 -60 -95 -426 155 85 652 -126 -89 472 883
88 -1370 -433 641 -369 675 -527 -273 -347 -250 -1084 -982 258 360 -231 991 154 -341 1011 80 271 -1087 1183 274 -959 624 -710 -133 184 -753 413 761 202 604 128 -338 -1 157 402 -523 -422 21 1332 -1793 552 -187 -195 720 720 -353 896 481 294 205 -74 -395 -140 376 -122 268 -148 0 332 1088
85 -1079 -440 686 -136 684 -454 -276 -333 -420 -1163 -701 405 593 -76 890 -30 -568 1116 18 196 -877 1457 397 -1236 551 -609 -57 206 -1049 416 643 157 595 333 -550 338 164 400 -794 -479 -182 1190 -1710 600 -44 -100 478 749 -570 1255 503 176 45 -47 -463 35 374 -56 692 -175 -16 437 880
85 -1079 -440 686 -136 684 -454 -276 -333 -420 -1163 -701 405 593 -76 890 -30 -568 1116 18 196 -877 1457 397 -1236 551 -609 -57 206 -1049 416 643 157 595 333 -550 338 164 400 -794 -479 -182 1190 -1710 600 -44 -100 478 749 -570 1255 503 176 45 -47 -463 35 374 -56 692 -175 -16 437 880
85 -1079 -440 686 -136 684 -454 -276 -333 -420 -1163 -701 405 593 -76 890 -30 -568 1116 18 196 -877 1457 397 -1236 551 -609 -57 206 -1049 416 643 157 595 333 -550 338 164 400 -794 -479 -182 1190 -1710 600 -44 -100 478 749 -570 1255 503 176 45 -47 -463 35 374 -56 692 -175 -16 437 880
85 -1079 -440 686 -136 684 -454 -276 -333 -420 -1163 -701 405 593 -76 890 -30 -568 1116 18 196 -877 1457 397 -1236 551 -609 -57 206 -1049 416 643 157 595 333 -550 338 164 400 -794 -479 -182 1190 -1710 600 -44 -100 478 749 -570 1255 503 176 45 -47 -463 35 374 -56 692 -175 -16 437 880
85 -1079 -440 686 -136 684 -454 -276 -333 -420 -1163 -701 405 593 -76 890 -30 -568 1116 18 196 -877 1457 397 -1236 551 -609 -57 206 -1049 416 643 157 595 333 -550 338 164 400 -794 -479 -182 1190 -1710 600 -44 -100 478 749 -570 1255 503 176 45 -47 -463 35 374 -56 692 -175 -16 437 880
231 -892 -270 429 405 964 -170 48 -250 -617 -1216 -926 402 -229 -98 641 -70 -406 983 -108 518 -1348 1439 473 -1087 740 -271 -3 26 -775 -77 465 205 566 185 -315 616 34 287 -800 130 -527 715 -1725 488 321 109 274 608 -549 976 555 70 57 -52 -263 -449 70 -2 564 462 -388 473 1159
674 -783 -99 931 861 983 -320 755 135 -612 -1030 -786 616 -613 -565 478 -211 -140 884 -278 732 -1375 1358 300 -856 681 108 44 -996 -673 142 429 246 560 -2 -523 646 104 304 -727 546 -683 262 -1784 429 835 667 195 409 -610 1240 1081 -415 -106 329 -300 -893 -345 -181 389 944 -577 369 1245
609 -858 53 1132 708 1110 -257 731 259 -781 -921 -819 493 -706 -332 307 -465 18 858 -236 305 -1531 1273 242 -704 784 84 118 -1184 -715 598 216 250 651 77 -714 643 247 605 -864 726 -839 230 -1613 302 922 550 270 206 -583 1517 961 -200 -121 193 -81 -586 -211 -393 339 811 -466 314 1111
685 -1039 -88 845 676 1037 -430 756 -153 -614 -882 -1089 496 -870 -48 407 -243 33 1008 -493 1167 -1537 1193 240 -502 899 -248 -32 -838 -278 28 180 782 227 102 -868 707 -362 353 -620 706 -436 299 -1940 444 651 793 -126 519 -473 1121 806 -324 33 -88 322 -1247 -492 -298 177 835 -468 424 848
261 -1240 -735 1125 -461 767 -810 453 -126 -177 -1205 -919 651 399 -518 1297 -173 189 717 56 51 -993 1565 -367 -714 658 -882 -192 -931 -484 741 844 62 610 293 -867 -290 848 446 -421 142 -352 1009 -1546 807 475 421 872 418 -112 1496 1380 373 476 291 -368 -445 -70 -502 -278 389 -323 103 783
85 -1079 -440 686 -136 684 -454 -276 -333 -420 -1163 -701 405 593 -76 890 -30 -568 1116 18 196 -877 1457 397 -1236 551 -609 -57 206 -1049 416 643 157 595 333 -550 338 164 400 -794 -479 -182 1190 -1710 600 -44 -100 478 749 -570 1255 503 176 45 -47 -463 35 374 -56 692 -175 -16 437 880
85 -1079 -440 686 -136 684 -454 -276 -333 -420 -1163 -701 405 593 -76 890 -30 -568 1116 18 196 -877 1457 397 -1236 551 -609 -57 206 -1049 416 643 157 595 333 -550 338 164 400 -794 -479 -182 1190 -1710 600 -44 -100 478 749 -570 1255 503 176 45 -47 -463 35 374 -56 692 -175 -16 437 880
85 -1079 -440 686 -136 684 -454 -276 -333 -420 -1163 -701 405 593 -76 890 -30 -568 1116 18 196 -877 1457 397 -1236 551 -609 -57 206 -1049 416 643 157 595 333 -550 338 164 400 -794 -479 -182 1190 -1710 600 -44 -100 478 749 -570 1255 503 176 45 -47 -463 35 374 -56 692 -175 -16 437 880
85 -1079 -440 686 -136 684 -454 -276 -333 -420 -1163 -701 405 593 -76 890 -30 -568 1116 18 196 -877 1457 397 -1236 551 -609 -57 206 -1049 416 643 157 595 333 -550 338 164 400 -794 -479 -182 1190 -1710 600 -44 -100 478 749 -570 1255 503 176 45 -47 -463 35 374 -56 692 -175 -16 437 880
85 -1079 -440 686 -136 684 -454 -276 -333 -420 -1163 -701 405 593 -76 890 -30 -568 1116 18 196 -877 1457 397 -1236 551 -609 -57 206 -1049 416 643 157 595 333 -550 338 164 400 -794 -479 -182 1190 -1710 600 -44 -100 478 749 -570 1255 503 176 45 -47 -463 35 374 -56 692 -175 -16 437 880
499 -1040 79 993 -23 1871 -386 243 -151 -610 -1223 -1706 -264 -658 351 147 -265 314 940 -13 115 -2421 650 255 -435 931 -740 414 -127 -1051 516 407 861 488 -416 -482 559 351 199 -1455 760 -497 509 -1826 -46 339 -430 672 -255 -97 577 233 66 -169 -190 58 68 639 -126 -330 619 12 619 1364
93 -1094 -493 775 -48 735 -510 -189 -249 -383 -1122 -742 499 546 -206 928 -19 -514 1099 73 207 -859 1498 331 -1223 571 -649 -95 48 -965 479 637 73 654 342 -674 300 173 427 -760 -348 -227 1107 -1778 628 89 73 511 759 -574 1423 671 134 62 87 -427 -111 243 -55 619 33 -62 438 955
85 -1079 -440 686 -136 684 -454 -276 -333 -420 -1163 -701 405 593 -76 890 -30 -568 1116 18 196 -877 1457 397 -1236 551 -609 -57 206 -1049 416 643 157 595 333 -550 338 164 400 -794 -479 -182 1190 -1710 600 -44 -100 478 749 -570 1255 503 176 45 -47 -463 35 374 -56 692 -175 -16 437 880
85 -1079 -440 686 -136 684 -454 -276 -333 -420 -1163 -701 405 593 -76 890 -30 -568 1116 18 196 -877 1457 397 -1236 551 -609 -57 206 -1049 416 643 157 595 333 -550 338 164 400 -794 -479 -182 1190 -1710 600 -44 -100 478 749 -570 1255 503 176 45 -47 -463 35 374 -56 692 -175 -16 437 880
85 -1079 -440 686 -136 684 -454 -276 -333 -420 -1163 -701 405 593 -76 890 -30 -568 1116 18 196 -877 1457 397 -1236 551 -609 -57 206 -1049 416 643 157 595 333 -550 338 164 400 -794 -479 -182 1190 -1710 600 -44 -100 478 749 -570 1255 503 176 45 -47 -463 35 374 -56 692 -175 -16 437 880
85 -1079 -440 686 -136 684 -454 -276 -333 -420 -1163 -701 405 593 -76 890 -30 -568 1116 18 196 -877 1457 397 -1236 551 -609 -57 206 -1049 416 643 157 595 333 -550 338 164 400 -794 -479 -182 1190 -1710 600 -44 -100 478 749 -570 1255 503 176 45 -47 -463 35 374 -56 692 -175 -16 437 880
218 -1383 -375 395 33 891 -544 27 -351 -291 -911 -1256 279 -364 245 728 165 -339 1329 -266 1153 -1403 1044 451 -1041 886 -872 32 254 -509 13 316 736 464 116 -626 497 -501 144 -743 68 126 1060 -2026 586 -31 110 225 854 -667 850 409 -67 19 -143 343 -644 142 -169 363 276 95 673 963
502 -1114 -647 1130 -273 764 -723 709 29 -213 -1129 -833 481 152 -537 1105 -295 381 778 -11 145 -1137 1477 -294 -652 750 -456 -57 -1312 -652 660 719 93 602 18 -743 -91 800 402 -475 380 -263 695 -1486 799 583 602 684 310 -80 1434 1334 166 407 286 -359 -678 -45 -613 -233 530 -446 30 816
85 -1079 -440 686 -136 684 -454 -276 -333 -420 -1163 -701 405 593 -76 890 -30 -568 1116 18 196 -877 1457 397 -1236 551 -609 -57 206 -1049 416 643 157 595 333 -550 338 164 400 -794 -479 -182 1190 -1710 600 -44 -100 478 749 -570 1255 503 176 45 -47 -463 35 374 -56 692 -175 -16 437 880
85 -1079 -440 686 -136 684 -454 -276 -333 -420 -1163 -701 405 593 -76 890 -30 -568 1116 18 196 -877 1457 397 -1236 551 -609 -57 206 -1049 416 643 157 595 333 -550 338 164 400 -794 -479 -182 1190 -1710 600 -44 -100 478 749 -570 1255 503 176 45 -47 -463 35 374 -56 692 -175 -16 437 880
85 -1079 -440 686 -136 684 -454 -276 -333 -420 -1163 -701 405 593 -76 890 -30 -568 1116 18 196 -877 1457 397 -1236 551 -609 -57 206 -1049 416 643 157 595 333 -550 338 164 400 -794 -479 -182 1190 -1710 600 -44 -100 478 749 -570 1255 503 176 45 -47 -463 35 374 -56 692 -175 -16 437 880
85 -1079 -440 686 -136 684 -454 -276 -333 -420 -1163 -701 405 593 -76 890 -30 -568 1116 18 196 -877 1457 397 -1236 551 -609 -57 206 -1049 416 643 157 595 333 -550 338 164 400 -794 -479 -182 1190 -1710 600 -44 -100 478 749 -570 1255 503 176 45 -47 -463 35 374 -56 692 -175 -16 437 880
67 -1161 -422 556 -5 599 -473 -245 -423 -406 -1107 -780 284 391 -79 934 71 -530 1092 -65 441 -962 1439 411 -1186 635 -576 -124 208 -928 236 566 275 527 303 -498 306 -67 345 -697 -408 -21 1250 -1818 641 -139 58 338 776 -568 1067 476 175 74 -93 -229 -302 250 -3 667 -168 -45 444 814
596 -942 -125 712 -169 1166 -575 536 -125 -451 -1329 -1253 -175 -576 39 386 -414 400 641 -307 -220 -1979 1073 -183 -55 863 -208 137 -841 -804 385 441 662 530 -372 -139 130 601 352 -939 529 -192 645 -1447 366 309 133 576 16 48 623 326 292 220 -232 -26 -283 333 -440 -375 373 -400 125 854
88 -1079 -462 710 -95 694 -478 -253 -296 -391 -1154 -723 439 575 -125 907 -28 -557 1109 36 207 -872 1476 384 -1236 548 -610 -64 158 -1030 425 647 138 614 331 -574 325 162 393 -780 -446 -193 1156 -1743 612 1 -37 481 756 -573 1301 570 157 52 2 -449 -23 327 -62 671 -103 -32 434 904
85 -1079 -440 686 -136 684 -454 -276 -333 -420 -1163 -701 405 593 -76 890 -30 -568 1116 18 196 -877 1457 397 -1236 551 -609 -57 206 -1049 416 643 157 595 333 -550 338 164 400 -794 -479 -182 1190 -1710 600 -44 -100 478 749 -570 1255 503 176 45 -47 -463 35 374 -56 692 -175 -16 437 880
85 -1079 -440 686 -136 684 -454 -276 -333 -420 -1163 -701 405 593 -76 890 -30 -568 1116 18 196 -877 1457 397 -1236 551 -609 -57 206 -1049 416 643 157 595 333 -550 338 164 400 -794 -479 -182 1190 -1710 600 -44 -100 478 749 -570 1255 503 176 45 -47 -463 35 374 -56 692 -175 -16 437 880
85 -1079 -440 686 -136 684 -454 -276 -333 -420 -1163 -701 405 593 -76 890 -30 -568 1116 18 196 -877 1457 397 -1236 551 -609 -57 206 -1049 416 643 157 595 333 -550 338 164 400 -794 -479 -182 1190 -1710 600 -44 -100 478 749 -570 1255 503 176 45 -47 -463 35 374 -56 692 -175 -16 437 880
85 -1079 -440 686 -136 684 -454 -276 -333 -420 -1163 -701 405 593 -76 890 -30 -568 1116 18 196 -877 1457 397 -1236 551 -609 -57 206 -1049 416 643 157 595 333 -550 338 164 400 -794 -479 -182 1190 -1710 600 -44 -100 478 749 -570 1255 503 176 45 -47 -463 35 374 -56 692 -175 -16 437 880
433 -979 -135 353 372 1030 -85 98 110 -382 -1147 -1158 575 -485 265 445 -261 -347 1023 -40 751 -1347 1134 646 -1123 998 -481 58 -82 -698 90 351 713 339 244 -634 947 -131 288 -801 211 -554 384 -1917 287 218 50 99 709 -585 1209 675 -149 121 -113 21 -209 191 -322 360 606 -51 704 1129
533 -1005 -453 1158 47 948 -693 653 24 -447 -1164 -719 408 -38 -451 841 -266 318 994 -46 201 -1175 1546 -84 -941 688 -307 91 -1345 -873 750 588 32 696 -16 -819 121 612 497 -775 372 -274 617 -1546 710 708 638 499 401 -413 1708 1128 -53 215 265 -218 -756 4 -490 148 508 -341 152 901
85 -1079 -440 686 -136 684 -454 -276 -333 -420 -1163 -701 405 593 -76 890 -30 -568 1116 18 196 -877 1457 397 -1236 551 -609 -57 206 -1049 416 643 157 595 333 -550 338 164 400 -794 -479 -182 1190 -1710 600 -44 -100 478 749 -570 1255 503 176 45 -47 -463 35 374 -56 692 -175 -16 437 880
85 -1079 -440 686 -136 684 -454 -276 -333 -420 -1163 -701 405 593 -76 890 -30 -568 1116 18 196 -877 1457 397 -1236 551 -609 -57 206 -1049 416 643 157 595 333 -550 338 164 400 -794 -479 -182 1190 -1710 600 -44 -100 478 749 -570 1255 503 176 45 -47 -463 35 374 -56 692 -175 -16 437 880
85 -1079 -440 686 -136 684 -454 -276 -333 -420 -1163 -701 405 593 -76 890 -30 -568 1116 18 196 -877 1457 397 -1236 551 -609 -57 206 -1049 416 643 157 595 333 -550 338 164 400 -794 -479 -182 1190 -1710 600 -44 -100 478 749 -570 1255 503 176 45 -47 -463 35 374 -56 692 -175 -16 437 880
