-686 -198 -255 -677 -603 1846 626 -696 -676 3355 -696 506 1035 -647 1148 -353 692 -628 573 -456 -526 323 -486 649 1928 -235 1373 202 233 1000 -62 517 -693 -620 -311 779 -203 608 1823 317 -442 -52 3245 -670 218 341 -301 -606 11 976 -198 425 -514 -433 414 -345 653 -95 198 3639 6587 727 3179 -34 2759 -537 -625 -589 -238 -415 -674 -536 -68 675 -695 1259 -48 -352 -606 239 -585 -333 266 128 -671 -616 66 -161 146 -249 677 -154 -685 -379 -350 2453 946 28 -693 469 3303 159 -539 1260 -460 768 3076 2966 5753 268 -597 -79 -676 129 -339 1942 4721 -537 2348 414 -636 -157 41 604 717 312 -696 169
192 -333 -367 -508 41 763 839 -547 -647 3044 -672 1337 606 804 998 220 2639 526 -164 -637 -370 -201 216 508 1576 -592 2352 -579 748 512 190 1087 -596 -579 2319 3079 320 394 1819 -467 -684 1138 1280 -696 -134 128 -446 -538 2634 348 -145 2427 -673 -669 -159 -392 1101 495 11 2535 4012 960 2920 119 203 -572 -657 -408 -539 39 -599 -609 -453 306 -672 2552 -44 -309 736 -379 -244 -379 399 -339 -696 -587 -494 -197 -576 -94 1209 372 -668 -369 605 2665 1228 -154 -646 -189 3410 96 -688 -166 -386 933 2050 1745 5197 -164 -584 -370 -695 -389 -122 225 1824 -559 2273 -185 -693 -621 -648 -21 1311 787 -685 179
192 -333 -367 -508 41 763 839 -547 -647 3044 -672 1337 606 804 998 220 2639 526 -164 -637 -370 -201 216 508 1576 -592 2352 -579 748 512 190 1087 -596 -579 2319 3079 320 394 1819 -467 -684 1138 1280 -696 -134 128 -446 -538 2634 348 -145 2427 -673 -669 -159 -392 1101 495 11 2535 4012 960 2920 119 203 -572 -657 -408 -539 39 -599 -609 -453 306 -672 2552 -44 -309 736 -379 -244 -379 399 -339 -696 -587 -494 -197 -576 -94 1209 372 -668 -369 605 2665 1228 -154 -646 -189 3410 96 -688 -166 -386 933 2050 1745 5197 -164 -584 -370 -695 -389 -122 225 1824 -559 2273 -185 -693 -621 -648 -21 1311 787 -685 179
192 -333 -367 -508 41 763 839 -547 -647 3044 -672 1337 606 804 998 220 2639 526 -164 -637 -370 -201 216 508 1576 -592 2352 -579 748 512 190 1087 -596 -579 2319 3079 320 394 1819 -467 -684 1138 1280 -696 -134 128 -446 -538 2634 348 -145 2427 -673 -669 -159 -392 1101 495 11 2535 4012 960 2920 119 203 -572 -657 -408 -539 39 -599 -609 -453 306 -672 2552 -44 -309 736 -379 -244 -379 399 -339 -696 -587 -494 -197 -576 -94 1209 372 -668 -369 605 2665 1228 -154 -646 -189 3410 96 -688 -166 -386 933 2050 1745 5197 -164 -584 -370 -695 -389 -122 225 1824 -559 2273 -185 -693 -621 -648 -21 1311 787 -685 179
192 -333 -367 -508 41 763 839 -547 -647 3044 -672 1337 606 804 998 220 2639 526 -164 -637 -370 -201 216 508 1576 -592 2352 -579 748 512 190 1087 -596 -579 2319 3079 320 394 1819 -467 -684 1138 1280 -696 -134 128 -446 -538 2634 348 -145 2427 -673 -669 -159 -392 1101 495 11 2535 4012 960 2920 119 203 -572 -657 -408 -539 39 -599 -609 -453 306 -672 2552 -44 -309 736 -379 -244 -379 399 -339 -696 -587 -494 -197 -576 -94 1209 372 -668 -369 605 2665 1228 -154 -646 -189 3410 96 -688 -166 -386 933 2050 1745 5197 -164 -584 -370 -695 -389 -122 225 1824 -559 2273 -185 -693 -621 -648 -21 1311 787 -685 179
192 -333 -367 -508 41 763 839 -547 -647 3044 -672 1337 606 804 998 220 2639 526 -164 -637 -370 -201 216 508 1576 -592 2352 -579 748 512 190 1087 -596 -579 2319 3079 320 394 1819 -467 -684 1138 1280 -696 -134 128 -446 -538 2634 348 -145 2427 -673 -669 -159 -392 1101 495 11 2535 4012 960 2920 119 203 -572 -657 -408 -539 39 -599 -609 -453 306 -672 2552 -44 -309 736 -379 -244 -379 399 -339 -696 -587 -494 -197 -576 -94 1209 372 -668 -369 605 2665 1228 -154 -646 -189 3410 96 -688 -166 -386 933 2050 1745 5197 -164 -584 -370 -695 -389 -122 225 1824 -559 2273 -185 -693 -621 -648 -21 1311 787 -685 179
192 -333 -367 -508 41 763 839 -547 -647 3044 -672 1337 606 804 998 220 2639 526 -164 -637 -370 -201 216 508 1576 -592 2352 -579 748 512 190 1087 -596 -579 2319 3079 320 394 1819 -467 -684 1138 1280 -696 -134 128 -446 -538 2634 348 -145 2427 -673 -669 -159 -392 1101 495 11 2535 4012 960 2920 119 203 -572 -657 -408 -539 39 -599 -609 -453 306 -672 2552 -44 -309 736 -379 -244 -379 399 -339 -696 -587 -494 -197 -576 -94 1209 372 -668 -369 605 2665 1228 -154 -646 -189 3410 96 -688 -166 -386 933 2050 1745 5197 -164 -584 -370 -695 -389 -122 225 1824 -559 2273 -185 -693 -621 -648 -21 1311 787 -685 179
192 -333 -367 -508 41 763 839 -547 -647 3044 -672 1337 606 804 998 220 2639 526 -164 -637 -370 -201 216 508 1576 -592 2352 -579 748 512 190 1087 -596 -579 2319 3079 320 394 1819 -467 -684 1138 1280 -696 -134 128 -446 -538 2634 348 -145 2427 -673 -669 -159 -392 1101 495 11 2535 4012 960 2920 119 203 -572 -657 -408 -539 39 -599 -609 -453 306 -672 2552 -44 -309 736 -379 -244 -379 399 -339 -696 -587 -494 -197 -576 -94 1209 372 -668 -369 605 2665 1228 -154 -646 -189 3410 96 -688 -166 -386 933 2050 1745 5197 -164 -584 -370 -695 -389 -122 225 1824 -559 2273 -185 -693 -621 -648 -21 1311 787 -685 179
192 -333 -367 -508 41 763 839 -547 -647 3044 -672 1337 606 804 998 220 2639 526 -164 -637 -370 -201 216 508 1576 -592 2352 -579 748 512 190 1087 -596 -579 2319 3079 320 394 1819 -467 -684 1138 1280 -696 -134 128 -446 -538 2634 348 -145 2427 -673 -669 -159 -392 1101 495 11 2535 4012 960 2920 119 203 -572 -657 -408 -539 39 -599 -609 -453 306 -672 2552 -44 -309 736 -379 -244 -379 399 -339 -696 -587 -494 -197 -576 -94 1209 372 -668 -369 605 2665 1228 -154 -646 -189 3410 96 -688 -166 -386 933 2050 1745 5197 -164 -584 -370 -695 -389 -122 225 1824 -559 2273 -185 -693 -621 -648 -21 1311 787 -685 179
-270 -283 -168 -519 -268 525 1056 -615 -678 3587 -692 831 283 299 1025 612 2771 159 5 -631 -295 -239 165 1001 1854 -482 2052 -600 761 451 205 1181 -645 -558 1473 2769 180 495 1367 -220 -629 1107 1205 -689 14 -47 -504 -574 2411 428 168 1841 -679 -676 -93 -542 1017 776 -98 2646 4334 840 2674 405 210 -455 -630 -334 -281 -95 -580 -567 -321 175 -685 2161 -372 -334 470 -383 -399 -504 579 -205 -695 -531 -468 -286 -604 -317 1071 201 -671 -423 334 2730 1993 -144 -648 -89 3783 482 -695 -139 -303 1237 1595 2156 4464 -425 -651 -172 -696 -365 41 535 1784 -334 2657 -117 -628 -579 -636 -194 997 928 -687 655
47 -177 -508 -365 -274 597 612 -696 -667 2887 -690 1415 1199 631 1250 275 2689 -324 -140 -636 -86 -148 177 268 1717 -474 1810 -585 1024 -61 272 498 -654 -644 1727 2628 686 -22 1530 -480 -665 769 1438 -689 -110 -267 -479 -560 2789 750 -129 1788 -696 -670 387 -170 920 576 -8 3007 4523 997 2387 288 244 -583 -647 -597 -279 -175 -567 -527 -72 257 -662 2282 -460 -402 669 -551 -297 -398 446 -331 -694 -539 -522 -355 -592 31 1098 143 -696 -382 295 2778 1155 -333 -696 -300 3142 131 -693 595 -271 1197 1214 2572 5013 -222 -613 -302 -693 -328 135 520 2039 -195 2177 -63 -676 -536 -446 107 739 622 -695 284
192 -333 -367 -508 41 763 839 -547 -647 3044 -672 1337 606 804 998 220 2639 526 -164 -637 -370 -201 216 508 1576 -592 2352 -579 748 512 190 1087 -596 -579 2319 3079 320 394 1819 -467 -684 1138 1280 -696 -134 128 -446 -538 2634 348 -145 2427 -673 -669 -159 -392 1101 495 11 2535 4012 960 2920 119 203 -572 -657 -408 -539 39 -599 -609 -453 306 -672 2552 -44 -309 736 -379 -244 -379 399 -339 -696 -587 -494 -197 -576 -94 1209 372 -668 -369 605 2665 1228 -154 -646 -189 3410 96 -688 -166 -386 933 2050 1745 5197 -164 -584 -370 -695 -389 -122 225 1824 -559 2273 -185 -693 -621 -648 -21 1311 787 -685 179
192 -333 -367 -508 41 763 839 -547 -647 3044 -672 1337 606 804 998 220 2639 526 -164 -637 -370 -201 216 508 1576 -592 2352 -579 748 512 190 1087 -596 -579 2319 3079 320 394 1819 -467 -684 1138 1280 -696 -134 128 -446 -538 2634 348 -145 2427 -673 -669 -159 -392 1101 495 11 2535 4012 960 2920 119 203 -572 -657 -408 -539 39 -599 -609 -453 306 -672 2552 -44 -309 736 -379 -244 -379 399 -339 -696 -587 -494 -197 -576 -94 1209 372 -668 -369 605 2665 1228 -154 -646 -189 3410 96 -688 -166 -386 933 2050 1745 5197 -164 -584 -370 -695 -389 -122 225 1824 -559 2273 -185 -693 -621 -648 -21 1311 787 -685 179
192 -333 -367 -508 41 763 839 -547 -647 3044 -672 1337 606 804 998 220 2639 526 -164 -637 -370 -201 216 508 1576 -592 2352 -579 748 512 190 1087 -596 -579 2319 3079 320 394 1819 -467 -684 1138 1280 -696 -134 128 -446 -538 2634 348 -145 2427 -673 -669 -159 -392 1101 495 11 2535 4012 960 2920 119 203 -572 -657 -408 -539 39 -599 -609 -453 306 -672 2552 -44 -309 736 -379 -244 -379 399 -339 -696 -587 -494 -197 -576 -94 1209 372 -668 -369 605 2665 1228 -154 -646 -189 3410 96 -688 -166 -386 933 2050 1745 5197 -164 -584 -370 -695 -389 -122 225 1824 -559 2273 -185 -693 -621 -648 -21 1311 787 -685 179
192 -333 -367 -508 41 763 839 -547 -647 3044 -672 1337 606 804 998 220 2639 526 -164 -637 -370 -201 216 508 1576 -592 2352 -579 748 512 190 1087 -596 -579 2319 3079 320 394 1819 -467 -684 1138 1280 -696 -134 128 -446 -538 2634 348 -145 2427 -673 -669 -159 -392 1101 495 11 2535 4012 960 2920 119 203 -572 -657 -408 -539 39 -599 -609 -453 306 -672 2552 -44 -309 736 -379 -244 -379 399 -339 -696 -587 -494 -197 -576 -94 1209 372 -668 -369 605 2665 1228 -154 -646 -189 3410 96 -688 -166 -386 933 2050 1745 5197 -164 -584 -370 -695 -389 -122 225 1824 -559 2273 -185 -693 -621 -648 -21 1311 787 -685 179
192 -333 -367 -508 41 763 839 -547 -647 3044 -672 1337 606 804 998 220 2639 526 -164 -637 -370 -201 216 508 1576 -592 2352 -579 748 512 190 1087 -596 -579 2319 3079 320 394 1819 -467 -684 1138 1280 -696 -134 128 -446 -538 2634 348 -145 2427 -673 -669 -159 -392 1101 495 11 2535 4012 960 2920 119 203 -572 -657 -408 -539 39 -599 -609 -453 306 -672 2552 -44 -309 736 -379 -244 -379 399 -339 -696 -587 -494 -197 -576 -94 1209 372 -668 -369 605 2665 1228 -154 -646 -189 3410 96 -688 -166 -386 933 2050 1745 5197 -164 -584 -370 -695 -389 -122 225 1824 -559 2273 -185 -693 -621 -648 -21 1311 787 -685 179
-46 -222 321 -591 524 1286 94 -423 -684 3507 -696 430 -5 208 862 577 1390 -97 373 -691 -613 -271 -154 330 1380 -414 2056 -480 654 877 39 1242 -677 -423 764 2624 678 921 1871 174 -428 428 899 -684 243 388 -446 -639 1231 645 -248 1134 -565 -633 -572 -612 1742 282 -120 3150 5078 1005 3592 480 1683 -134 -556 -210 -664 -147 -624 -563 -301 486 -692 2314 604 -136 -156 410 -213 -552 11 49 -675 -669 -110 -369 -341 -305 932 127 -516 -259 574 2875 1383 341 -609 292 3687 33 -694 -523 -298 1213 2889 1298 4525 143 -606 -188 -695 -404 -493 178 2413 -687 2346 -232 -673 -608 -564 25 1487 925 -690 568
-344 156 1220 -696 -20 1892 180 -566 -645 4225 -660 -145 -165 -618 714 42 -168 -690 1178 -218 -695 -164 -172 923 1798 -400 2284 -234 400 1751 -335 716 -640 -445 -80 2382 313 1264 2526 214 -430 185 1707 -696 135 1472 -379 -541 -101 652 -192 385 161 -492 -373 -651 1356 172 259 3027 5213 1018 4413 341 2729 -180 -680 -636 -666 -59 -615 -464 -329 1026 -695 1994 1172 -247 -573 582 -342 -510 -337 241 -645 -695 660 623 18 32 1390 -427 -452 -223 -47 2407 623 620 -491 992 2013 -264 -603 63 -328 1021 4508 1103 5304 1226 -467 -294 -470 -407 -666 306 4193 -679 1971 -187 -695 -515 -370 386 1736 640 -696 29
-445 22 194 -650 45 1721 61 -461 -468 3740 -686 411 303 -673 970 -331 88 -675 1035 -141 -695 -38 -302 785 2024 -363 2659 95 -209 2001 -88 908 -636 -473 -232 1730 300 1094 2542 215 -465 233 1474 -694 -350 1515 -544 -560 -271 651 -361 512 533 -543 -134 -570 988 -132 249 2742 5389 1663 3840 -116 2715 -383 -686 -637 -651 -27 -682 -633 -488 1764 -696 1410 1444 -253 -568 756 -382 -383 -302 133 -623 -696 807 738 274 138 873 -78 -437 -249 -53 2190 33 590 -346 478 2068 -316 -669 420 -514 653 4431 1087 5405 1953 -498 -78 -595 203 -649 441 4606 -642 1994 -379 -694 -451 -325 476 2327 756 -696 -139
-622 89 779 -680 -336 1510 301 -592 -578 4007 -696 -161 -11 -690 992 121 8 -644 1579 -206 -694 72 -574 1750 1650 -356 2060 8 -261 1276 -431 1216 -696 -549 -424 1318 -208 1736 2153 1190 -108 430 2117 -692 325 731 -442 -338 -475 570 105 113 325 -434 -119 -593 643 138 112 2795 5667 1438 3374 230 3143 -256 -696 -558 -502 -74 -686 -588 -372 1346 -687 976 538 -238 -653 307 -536 -542 -263 713 -677 -674 621 303 197 -448 1195 -302 -457 -176 -569 1416 1429 720 -229 499 2557 -279 -536 750 -589 940 4176 1939 4165 792 -683 623 -621 241 -526 1455 4755 -675 2234 -139 -673 -23 -122 -37 1427 1034 -691 664
-382 -216 -661 -670 -560 683 803 -695 -374 3070 -696 2152 1977 -66 1283 -560 1981 -646 85 -665 -327 -230 645 444 2712 -628 1759 -455 137 990 26 173 -497 -620 1735 1322 -235 -289 1342 -427 -678 1218 2600 -668 -343 -11 -537 -655 686 668 315 2111 -503 -536 300 41 -156 -97 1839 3367 5047 1294 1442 -528 1054 -644 -687 -637 -304 -474 -542 -669 -481 821 -649 2434 -45 -415 85 -290 -39 -332 602 -641 -683 -537 -356 777 -437 472 1539 366 -696 -448 -52 1076 212 -323 -694 -175 747 -97 -689 1441 -306 699 1790 1585 6427 897 -529 -48 -644 -350 -109 713 3723 -615 2489 502 -695 -65 -333 1369 1038 1011 -691 -391
192 -333 -367 -508 41 763 839 -547 -647 3044 -672 1337 606 804 998 220 2639 526 -164 -637 -370 -201 216 508 1576 -592 2352 -579 748 512 190 1087 -596 -579 2319 3079 320 394 1819 -467 -684 1138 1280 -696 -134 128 -446 -538 2634 348 -145 2427 -673 -669 -159 -392 1101 495 11 2535 4012 960 2920 119 203 -572 -657 -408 -539 39 -599 -609 -453 306 -672 2552 -44 -309 736 -379 -244 -379 399 -339 -696 -587 -494 -197 -576 -94 1209 372 -668 -369 605 2665 1228 -154 -646 -189 3410 96 -688 -166 -386 933 2050 1745 5197 -164 -584 -370 -695 -389 -122 225 1824 -559 2273 -185 -693 -621 -648 -21 1311 787 -685 179
192 -333 -367 -508 41 763 839 -547 -647 3044 -672 1337 606 804 998 220 2639 526 -164 -637 -370 -201 216 508 1576 -592 2352 -579 748 512 190 1087 -596 -579 2319 3079 320 394 1819 -467 -684 1138 1280 -696 -134 128 -446 -538 2634 348 -145 2427 -673 -669 -159 -392 1101 495 11 2535 4012 960 2920 119 203 -572 -657 -408 -539 39 -599 -609 -453 306 -672 2552 -44 -309 736 -379 -244 -379 399 -339 -696 -587 -494 -197 -576 -94 1209 372 -668 -369 605 2665 1228 -154 -646 -189 3410 96 -688 -166 -386 933 2050 1745 5197 -164 -584 -370 -695 -389 -122 225 1824 -559 2273 -185 -693 -621 -648 -21 1311 787 -685 179
192 -333 -367 -508 41 763 839 -547 -647 3044 -672 1337 606 804 998 220 2639 526 -164 -637 -370 -201 216 508 1576 -592 2352 -579 748 512 190 1087 -596 -579 2319 3079 320 394 1819 -467 -684 1138 1280 -696 -134 128 -446 -538 2634 348 -145 2427 -673 -669 -159 -392 1101 495 11 2535 4012 960 2920 119 203 -572 -657 -408 -539 39 -599 -609 -453 306 -672 2552 -44 -309 736 -379 -244 -379 399 -339 -696 -587 -494 -197 -576 -94 1209 372 -668 -369 605 2665 1228 -154 -646 -189 3410 96 -688 -166 -386 933 2050 1745 5197 -164 -584 -370 -695 -389 -122 225 1824 -559 2273 -185 -693 -621 -648 -21 1311 787 -685 179
192 -333 -367 -508 41 763 839 -547 -647 3044 -672 1337 606 804 998 220 2639 526 -164 -637 -370 -201 216 508 1576 -592 2352 -579 748 512 190 1087 -596 -579 2319 3079 320 394 1819 -467 -684 1138 1280 -696 -134 128 -446 -538 2634 348 -145 2427 -673 -669 -159 -392 1101 495 11 2535 4012 960 2920 119 203 -572 -657 -408 -539 39 -599 -609 -453 306 -672 2552 -44 -309 736 -379 -244 -379 399 -339 -696 -587 -494 -197 -576 -94 1209 372 -668 -369 605 2665 1228 -154 -646 -189 3410 96 -688 -166 -386 933 2050 1745 5197 -164 -584 -370 -695 -389 -122 225 1824 -559 2273 -185 -693 -621 -648 -21 1311 787 -685 179
192 -333 -367 -508 41 763 839 -547 -647 3044 -672 1337 606 804 998 220 2639 526 -164 -637 -370 -201 216 508 1576 -592 2352 -579 748 512 190 1087 -596 -579 2319 3079 320 394 1819 -467 -684 1138 1280 -696 -134 128 -446 -538 2634 348 -145 2427 -673 -669 -159 -392 1101 495 11 2535 4012 960 2920 119 203 -572 -657 -408 -539 39 -599 -609 -453 306 -672 2552 -44 -309 736 -379 -244 -379 399 -339 -696 -587 -494 -197 -576 -94 1209 372 -668 -369 605 2665 1228 -154 -646 -189 3410 96 -688 -166 -386 933 2050 1745 5197 -164 -584 -370 -695 -389 -122 225 1824 -559 2273 -185 -693 -621 -648 -21 1311 787 -685 179
-538 -371 -552 -497 -511 1825 -24 -691 -685 3245 -694 378 1301 -668 1266 799 874 -573 138 -480 -538 1151 -534 -417 2377 183 2592 467 136 1179 1559 449 -692 -559 -633 1343 875 1007 3433 -44 357 -189 1136 -609 -192 631 -457 -662 1044 949 -348 269 -186 -523 670 -466 1447 -214 -311 5407 5986 762 3562 195 2816 -576 -659 -600 -264 -570 -695 -593 156 270 -607 419 307 -410 -546 870 -683 -379 70 1663 -629 -690 513 -445 127 -193 -317 -463 -642 115 575 4760 -71 -163 -643 650 5540 -24 -600 686 -614 1250 3266 1851 5334 1054 -515 -366 -631 596 -195 890 3810 -673 1861 -370 -660 -628 179 648 988 -371 -635 192
77 -294 -325 -616 43 936 1029 -576 -603 3190 -677 1534 526 568 1126 94 2592 286 119 -670 -404 -239 142 544 1548 -599 2249 -559 690 506 72 1191 -576 -565 2353 3106 101 415 1770 -470 -684 1217 1535 -694 -34 239 -401 -562 2126 404 -155 2318 -639 -662 -189 -443 973 513 146 2410 4264 1166 3039 22 400 -562 -670 -508 -545 67 -587 -636 -476 340 -677 2451 66 -384 649 -332 -177 -338 327 -428 -695 -585 -434 -83 -564 -36 1307 379 -646 -401 510 2519 1342 -72 -613 -28 2838 114 -687 26 -388 993 2022 1656 5435 -57 -615 -351 -678 -361 -170 230 2275 -591 2171 -165 -691 -562 -629 51 1439 948 -685 -3
192 -333 -367 -508 41 763 839 -547 -647 3044 -672 1337 606 804 998 220 2639 526 -164 -637 -370 -201 216 508 1576 -592 2352 -579 748 512 190 1087 -596 -579 2319 3079 320 394 1819 -467 -684 1138 1280 -696 -134 128 -446 -538 2634 348 -145 2427 -673 -669 -159 -392 1101 495 11 2535 4012 960 2920 119 203 -572 -657 -408 -539 39 -599 -609 -453 306 -672 2552 -44 -309 736 -379 -244 -379 399 -339 -696 -587 -494 -197 -576 -94 1209 372 -668 -369 605 2665 1228 -154 -646 -189 3410 96 -688 -166 -386 933 2050 1745 5197 -164 -584 -370 -695 -389 -122 225 1824 -559 2273 -185 -693 -621 -648 -21 1311 787 -685 179
192 -333 -367 -508 41 763 839 -547 -647 3044 -672 1337 606 804 998 220 2639 526 -164 -637 -370 -201 216 508 1576 -592 2352 -579 748 512 190 1087 -596 -579 2319 3079 320 394 1819 -467 -684 1138 1280 -696 -134 128 -446 -538 2634 348 -145 2427 -673 -669 -159 -392 1101 495 11 2535 4012 960 2920 119 203 -572 -657 -408 -539 39 -599 -609 -453 306 -672 2552 -44 -309 736 -379 -244 -379 399 -339 -696 -587 -494 -197 -576 -94 1209 372 -668 -369 605 2665 1228 -154 -646 -189 3410 96 -688 -166 -386 933 2050 1745 5197 -164 -584 -370 -695 -389 -122 225 1824 -559 2273 -185 -693 -621 -648 -21 1311 787 -685 179
192 -333 -367 -508 41 763 839 -547 -647 3044 -672 1337 606 804 998 220 2639 526 -164 -637 -370 -201 216 508 1576 -592 2352 -579 748 512 190 1087 -596 -579 2319 3079 320 394 1819 -467 -684 1138 1280 -696 -134 128 -446 -538 2634 348 -145 2427 -673 -669 -159 -392 1101 495 11 2535 4012 960 2920 119 203 -572 -657 -408 -539 39 -599 -609 -453 306 -672 2552 -44 -309 736 -379 -244 -379 399 -339 -696 -587 -494 -197 -576 -94 1209 372 -668 -369 605 2665 1228 -154 -646 -189 3410 96 -688 -166 -386 933 2050 1745 5197 -164 -584 -370 -695 -389 -122 225 1824 -559 2273 -185 -693 -621 -648 -21 1311 787 -685 179
192 -333 -367 -508 41 763 839 -547 -647 3044 -672 1337 606 804 998 220 2639 526 -164 -637 -370 -201 216 508 1576 -592 2352 -579 748 512 190 1087 -596 -579 2319 3079 320 394 1819 -467 -684 1138 1280 -696 -134 128 -446 -538 2634 348 -145 2427 -673 -669 -159 -392 1101 495 11 2535 4012 960 2920 119 203 -572 -657 -408 -539 39 -599 -609 -453 306 -672 2552 -44 -309 736 -379 -244 -379 399 -339 -696 -587 -494 -197 -576 -94 1209 372 -668 -369 605 2665 1228 -154 -646 -189 3410 96 -688 -166 -386 933 2050 1745 5197 -164 -584 -370 -695 -389 -122 225 1824 -559 2273 -185 -693 -621 -648 -21 1311 787 -685 179
-418 -218 24 -383 -228 465 1109 -670 -678 3516 -693 203 539 -313 978 1086 2407 -362 798 -656 -268 -175 -516 1230 994 -346 1842 -468 222 57 -259 1375 -691 -689 632 2153 -173 1024 2066 540 -439 1035 1891 -687 873 -116 -71 -682 1168 275 299 1075 -663 -607 343 -507 1148 690 -313 2554 4737 895 2666 640 1389 -321 -629 -304 -243 -73 -676 -437 -43 -24 -696 1232 -412 -303 105 -235 -575 -504 274 420 -674 -477 -451 -601 -492 -524 866 478 -633 -397 -241 2625 3435 161 -477 114 4128 271 -591 380 -601 1025 1741 3111 3970 -550 -691 151 -696 149 229 1519 2512 -234 2297 71 -639 -451 -371 -370 334 644 -637 965
-518 30 -487 -652 -640 944 566 -690 -523 3287 -680 1093 1904 -437 1103 -591 961 -687 -71 -542 -531 -128 922 733 3003 -531 2040 -342 204 1627 -21 -69 -515 -617 846 1092 -77 -159 1791 -411 -686 763 2813 -683 -529 389 -566 -694 340 600 269 1551 -433 -519 509 -191 -166 -132 1852 3236 5067 876 1897 -426 1449 -595 -675 -679 -398 -434 -598 -601 -465 1062 -641 2368 119 -299 -172 -86 -242 -428 350 -609 -654 -632 -136 1229 -308 789 1361 79 -696 -443 -251 1267 -132 -204 -674 21 723 -116 -647 1476 -227 497 3115 1825 6450 1360 -347 -209 -536 -352 -473 1109 4446 -646 2262 446 -696 -246 -301 1649 1358 896 -686 -406
192 -333 -367 -508 41 763 839 -547 -647 3044 -672 1337 606 804 998 220 2639 526 -164 -637 -370 -201 216 508 1576 -592 2352 -579 748 512 190 1087 -596 -579 2319 3079 320 394 1819 -467 -684 1138 1280 -696 -134 128 -446 -538 2634 348 -145 2427 -673 -669 -159 -392 1101 495 11 2535 4012 960 2920 119 203 -572 -657 -408 -539 39 -599 -609 -453 306 -672 2552 -44 -309 736 -379 -244 -379 399 -339 -696 -587 -494 -197 -576 -94 1209 372 -668 -369 605 2665 1228 -154 -646 -189 3410 96 -688 -166 -386 933 2050 1745 5197 -164 -584 -370 -695 -389 -122 225 1824 -559 2273 -185 -693 -621 -648 -21 1311 787 -685 179
192 -333 -367 -508 41 763 839 -547 -647 3044 -672 1337 606 804 998 220 2639 526 -164 -637 -370 -201 216 508 1576 -592 2352 -579 748 512 190 1087 -596 -579 2319 3079 320 394 1819 -467 -684 1138 1280 -696 -134 128 -446 -538 2634 348 -145 2427 -673 -669 -159 -392 1101 495 11 2535 4012 960 2920 119 203 -572 -657 -408 -539 39 -599 -609 -453 306 -672 2552 -44 -309 736 -379 -244 -379 399 -339 -696 -587 -494 -197 -576 -94 1209 372 -668 -369 605 2665 1228 -154 -646 -189 3410 96 -688 -166 -386 933 2050 1745 5197 -164 -584 -370 -695 -389 -122 225 1824 -559 2273 -185 -693 -621 -648 -21 1311 787 -685 179
192 -333 -367 -508 41 763 839 -547 -647 3044 -672 1337 606 804 998 220 2639 526 -164 -637 -370 -201 216 508 1576 -592 2352 -579 748 512 190 1087 -596 -579 2319 3079 320 394 1819 -467 -684 1138 1280 -696 -134 128 -446 -538 2634 348 -145 2427 -673 -669 -159 -392 1101 495 11 2535 4012 960 2920 119 203 -572 -657 -408 -539 39 -599 -609 -453 306 -672 2552 -44 -309 736 -379 -244 -379 399 -339 -696 -587 -494 -197 -576 -94 1209 372 -668 -369 605 2665 1228 -154 -646 -189 3410 96 -688 -166 -386 933 2050 1745 5197 -164 -584 -370 -695 -389 -122 225 1824 -559 2273 -185 -693 -621 -648 -21 1311 787 -685 179
192 -333 -367 -508 41 763 839 -547 -647 3044 -672 1337 606 804 998 220 2639 526 -164 -637 -370 -201 216 508 1576 -592 2352 -579 748 512 190 1087 -596 -579 2319 3079 320 394 1819 -467 -684 1138 1280 -696 -134 128 -446 -538 2634 348 -145 2427 -673 -669 -159 -392 1101 495 11 2535 4012 960 2920 119 203 -572 -657 -408 -539 39 -599 -609 -453 306 -672 2552 -44 -309 736 -379 -244 -379 399 -339 -696 -587 -494 -197 -576 -94 1209 372 -668 -369 605 2665 1228 -154 -646 -189 3410 96 -688 -166 -386 933 2050 1745 5197 -164 -584 -370 -695 -389 -122 225 1824 -559 2273 -185 -693 -621 -648 -21 1311 787 -685 179
-57 -254 -213 -531 -160 641 928 -573 -662 3275 -689 914 422 416 1058 591 2550 331 -90 -623 -348 -256 130 927 1654 -559 2245 -605 772 417 31 1199 -623 -565 1848 2879 282 525 1566 -330 -653 1182 1253 -692 -27 -10 -506 -564 2393 420 42 2082 -682 -666 -182 -487 955 722 -33 2467 4157 898 2702 406 311 -494 -634 -352 -429 55 -583 -586 -390 332 -682 2435 -262 -240 701 -438 -313 -530 405 -222 -696 -548 -504 -252 -601 -283 1331 217 -659 -328 281 2389 1721 -181 -628 -164 3599 292 -694 -146 -362 1095 1913 1984 4521 -377 -635 -199 -694 -371 -24 508 1879 -411 2393 -176 -664 -580 -652 -158 1209 977 -687 566
-528 43 -601 -675 -696 1426 -339 -681 -692 2720 -696 178 2187 -637 1328 149 -143 -436 -570 -389 -552 646 145 -392 3686 157 2399 125 524 1698 1350 -267 -666 -548 -583 566 1355 197 2089 -286 -396 -309 1452 -635 -637 345 -692 -637 930 1428 -174 260 -339 -474 894 -94 181 -256 390 5560 5281 412 2259 171 2135 -601 -668 -654 -191 -605 -632 -572 -67 944 -434 1582 -160 -71 -529 210 -645 -646 135 395 -637 -695 374 331 207 424 113 -655 -262 58 -150 2715 -565 -420 -545 -76 3702 -161 -511 922 -265 1015 3968 2312 4827 1588 -305 -398 -696 -86 -439 1616 4099 -589 2194 -35 -665 -576 -52 1689 1401 -131 -326 592
153 -308 -340 -542 24 819 912 -563 -638 3140 -670 1364 558 727 1027 227 2589 449 -80 -647 -391 -219 189 518 1581 -595 2338 -572 758 511 155 1126 -589 -573 2324 3104 250 415 1799 -465 -684 1150 1364 -696 -81 171 -434 -546 2466 376 -149 2399 -664 -665 -178 -427 1068 520 35 2508 4079 996 2955 108 267 -562 -661 -445 -537 43 -586 -615 -455 294 -671 2552 -14 -332 706 -361 -223 -377 365 -363 -696 -585 -469 -157 -576 -68 1268 345 -663 -380 580 2643 1283 -135 -642 -127 3226 101 -688 -110 -388 971 2070 1703 5284 -142 -593 -385 -691 -398 -136 222 1962 -560 2242 -180 -691 -616 -644 1 1328 812 -686 123
192 -333 -367 -508 41 763 839 -547 -647 3044 -672 1337 606 804 998 220 2639 526 -164 -637 -370 -201 216 508 1576 -592 2352 -579 748 512 190 1087 -596 -579 2319 3079 320 394 1819 -467 -684 1138 1280 -696 -134 128 -446 -538 2634 348 -145 2427 -673 -669 -159 -392 1101 495 11 2535 4012 960 2920 119 203 -572 -657 -408 -539 39 -599 -609 -453 306 -672 2552 -44 -309 736 -379 -244 -379 399 -339 -696 -587 -494 -197 -576 -94 1209 372 -668 -369 605 2665 1228 -154 -646 -189 3410 96 -688 -166 -386 933 2050 1745 5197 -164 -584 -370 -695 -389 -122 225 1824 -559 2273 -185 -693 -621 -648 -21 1311 787 -685 179
192 -333 -367 -508 41 763 839 -547 -647 3044 -672 1337 606 804 998 220 2639 526 -164 -637 -370 -201 216 508 1576 -592 2352 -579 748 512 190 1087 -596 -579 2319 3079 320 394 1819 -467 -684 1138 1280 -696 -134 128 -446 -538 2634 348 -145 2427 -673 -669 -159 -392 1101 495 11 2535 4012 960 2920 119 203 -572 -657 -408 -539 39 -599 -609 -453 306 -672 2552 -44 -309 736 -379 -244 -379 399 -339 -696 -587 -494 -197 -576 -94 1209 372 -668 -369 605 2665 1228 -154 -646 -189 3410 96 -688 -166 -386 933 2050 1745 5197 -164 -584 -370 -695 -389 -122 225 1824 -559 2273 -185 -693 -621 -648 -21 1311 787 -685 179
192 -333 -367 -508 41 763 839 -547 -647 3044 -672 1337 606 804 998 220 2639 526 -164 -637 -370 -201 216 508 1576 -592 2352 -579 748 512 190 1087 -596 -579 2319 3079 320 394 1819 -467 -684 1138 1280 -696 -134 128 -446 -538 2634 348 -145 2427 -673 -669 -159 -392 1101 495 11 2535 4012 960 2920 119 203 -572 -657 -408 -539 39 -599 -609 -453 306 -672 2552 -44 -309 736 -379 -244 -379 399 -339 -696 -587 -494 -197 -576 -94 1209 372 -668 -369 605 2665 1228 -154 -646 -189 3410 96 -688 -166 -386 933 2050 1745 5197 -164 -584 -370 -695 -389 -122 225 1824 -559 2273 -185 -693 -621 -648 -21 1311 787 -685 179
192 -333 -367 -508 41 763 839 -547 -647 3044 -672 1337 606 804 998 220 2639 526 -164 -637 -370 -201 216 508 1576 -592 2352 -579 748 512 190 1087 -596 -579 2319 3079 320 394 1819 -467 -684 1138 1280 -696 -134 128 -446 -538 2634 348 -145 2427 -673 -669 -159 -392 1101 495 11 2535 4012 960 2920 119 203 -572 -657 -408 -539 39 -599 -609 -453 306 -672 2552 -44 -309 736 -379 -244 -379 399 -339 -696 -587 -494 -197 -576 -94 1209 372 -668 -369 605 2665 1228 -154 -646 -189 3410 96 -688 -166 -386 933 2050 1745 5197 -164 -584 -370 -695 -389 -122 225 1824 -559 2273 -185 -693 -621 -648 -21 1311 787 -685 179
76 -334 6 -508 727 1019 232 -466 -631 3041 -696 129 552 -193 842 807 1364 -248 904 -695 -635 -308 -616 413 678 -545 2216 -269 -175 384 -468 1433 -694 -628 541 2217 114 1454 3137 674 -495 678 1508 -679 1258 169 147 -696 455 385 -283 1221 -443 -432 -388 -487 1790 15 -171 2294 4739 1393 3305 299 2912 -249 -608 -159 -680 115 -686 -518 -184 411 -676 2151 742 -153 -145 360 -417 -468 -221 845 -679 -622 -420 -562 -244 -529 1164 458 -464 -82 165 2168 2001 435 -474 215 3696 -425 -610 -239 -676 659 3069 1401 4484 -147 -639 -75 -696 -2 -287 669 2468 -691 2237 -108 -695 -495 -281 -167 887 260 -645 534
-587 -5 -346 -620 -568 1120 941 -608 -427 3685 -664 997 1107 -543 1227 -588 1133 -695 58 -517 -616 -33 401 908 2840 -425 2275 -340 112 1996 179 359 -459 -584 766 1649 -144 219 1946 -475 -696 755 2541 -692 -573 804 -574 -693 130 658 -65 1600 -32 -560 375 -424 48 -26 1270 2524 4906 1125 2864 -410 1428 -564 -672 -690 -525 -188 -649 -668 -548 937 -616 2041 326 -281 -293 398 -240 -391 316 -596 -641 -660 48 1306 -301 610 992 77 -680 -522 -263 1685 55 67 -548 146 1321 -121 -688 1069 -381 560 3965 1908 6254 1452 -479 -245 -513 -110 -490 1119 4567 -670 2361 228 -696 -390 -429 995 1989 1228 -686 -394
192 -333 -367 -508 41 763 839 -547 -647 3044 -672 1337 606 804 998 220 2639 526 -164 -637 -370 -201 216 508 1576 -592 2352 -579 748 512 190 1087 -596 -579 2319 3079 320 394 1819 -467 -684 1138 1280 -696 -134 128 -446 -538 2634 348 -145 2427 -673 -669 -159 -392 1101 495 11 2535 4012 960 2920 119 203 -572 -657 -408 -539 39 -599 -609 -453 306 -672 2552 -44 -309 736 -379 -244 -379 399 -339 -696 -587 -494 -197 -576 -94 1209 372 -668 -369 605 2665 1228 -154 -646 -189 3410 96 -688 -166 -386 933 2050 1745 5197 -164 -584 -370 -695 -389 -122 225 1824 -559 2273 -185 -693 -621 -648 -21 1311 787 -685 179
192 -333 -367 -508 41 763 839 -547 -647 3044 -672 1337 606 804 998 220 2639 526 -164 -637 -370 -201 216 508 1576 -592 2352 -579 748 512 190 1087 -596 -579 2319 3079 320 394 1819 -467 -684 1138 1280 -696 -134 128 -446 -538 2634 348 -145 2427 -673 -669 -159 -392 1101 495 11 2535 4012 960 2920 119 203 -572 -657 -408 -539 39 -599 -609 -453 306 -672 2552 -44 -309 736 -379 -244 -379 399 -339 -696 -587 -494 -197 -576 -94 1209 372 -668 -369 605 2665 1228 -154 -646 -189 3410 96 -688 -166 -386 933 2050 1745 5197 -164 -584 -370 -695 -389 -122 225 1824 -559 2273 -185 -693 -621 -648 -21 1311 787 -685 179
192 -333 -367 -508 41 763 839 -547 -647 3044 -672 1337 606 804 998 220 2639 526 -164 -637 -370 -201 216 508 1576 -592 2352 -579 748 512 190 1087 -596 -579 2319 3079 320 394 1819 -467 -684 1138 1280 -696 -134 128 -446 -538 2634 348 -145 2427 -673 -669 -159 -392 1101 495 11 2535 4012 960 2920 119 203 -572 -657 -408 -539 39 -599 -609 -453 306 -672 2552 -44 -309 736 -379 -244 -379 399 -339 -696 -587 -494 -197 -576 -94 1209 372 -668 -369 605 2665 1228 -154 -646 -189 3410 96 -688 -166 -386 933 2050 1745 5197 -164 -584 -370 -695 -389 -122 225 1824 -559 2273 -185 -693 -621 -648 -21 1311 787 -685 179
