-5434 -2162 9561 6456 -507 -2430 -1322 -610 782 996 -3465 -5962 2971 -4147 -768 -9193 -4308 -3717 4389 2295 -2096 2587 -4481 3761 -6296 4590 -13590 7156 3995 -4028 2951 -962 -10622 8596 -5931 2156 -3139 1124 9631 -5174 -3580 -7300 2277 2922 3226 658 -6125 5687 276 496 -11153 5825 -1208 -800 -3907 -6273 -5558 -3714 -2282 8602 -5693 385 5480 -534
-1609 -3503 9635 4340 6648 -5793 -5860 -348 5129 -1139 -4590 -5432 -601 2521 3497 -9892 -8746 -3047 -96 5191 -5380 172 -3416 -148 -8946 3345 -12386 2948 4924 -4186 1275 1645 -6655 8911 -5673 1770 -6274 3272 6837 -9203 -1828 -6914 5821 5891 1058 5325 -10210 6893 -704 2844 -9086 2919 -3177 -6750 -1651 -2252 -5986 1517 3713 13957 -6772 -2473 6205 -3901
-1609 -3503 9635 4340 6648 -5793 -5860 -348 5129 -1139 -4590 -5432 -601 2521 3497 -9892 -8746 -3047 -96 5191 -5380 172 -3416 -148 -8946 3345 -12386 2948 4924 -4186 1275 1645 -6655 8911 -5673 1770 -6274 3272 6837 -9203 -1828 -6914 5821 5891 1058 5325 -10210 6893 -704 2844 -9086 2919 -3177 -6750 -1651 -2252 -5986 1517 3713 13957 -6772 -2473 6205 -3901
-1609 -3503 9635 4340 6648 -5793 -5860 -348 5129 -1139 -4590 -5432 -601 2521 3497 -9892 -8746 -3047 -96 5191 -5380 172 -3416 -148 -8946 3345 -12386 2948 4924 -4186 1275 1645 -6655 8911 -5673 1770 -6274 3272 6837 -9203 -1828 -6914 5821 5891 1058 5325 -10210 6893 -704 2844 -9086 2919 -3177 -6750 -1651 -2252 -5986 1517 3713 13957 -6772 -2473 6205 -3901
-1609 -3503 9635 4340 6648 -5793 -5860 -348 5129 -1139 -4590 -5432 -601 2521 3497 -9892 -8746 -3047 -96 5191 -5380 172 -3416 -148 -8946 3345 -12386 2948 4924 -4186 1275 1645 -6655 8911 -5673 1770 -6274 3272 6837 -9203 -1828 -6914 5821 5891 1058 5325 -10210 6893 -704 2844 -9086 2919 -3177 -6750 -1651 -2252 -5986 1517 3713 13957 -6772 -2473 6205 -3901
-1609 -3503 9635 4340 6648 -5793 -5860 -348 5129 -1139 -4590 -5432 -601 2521 3497 -9892 -8746 -3047 -96 5191 -5380 172 -3416 -148 -8946 3345 -12386 2948 4924 -4186 1275 1645 -6655 8911 -5673 1770 -6274 3272 6837 -9203 -1828 -6914 5821 5891 1058 5325 -10210 6893 -704 2844 -9086 2919 -3177 -6750 -1651 -2252 -5986 1517 3713 13957 -6772 -2473 6205 -3901
-1609 -3503 9635 4340 6648 -5793 -5860 -348 5129 -1139 -4590 -5432 -601 2521 3497 -9892 -8746 -3047 -96 5191 -5380 172 -3416 -148 -8946 3345 -12386 2948 4924 -4186 1275 1645 -6655 8911 -5673 1770 -6274 3272 6837 -9203 -1828 -6914 5821 5891 1058 5325 -10210 6893 -704 2844 -9086 2919 -3177 -6750 -1651 -2252 -5986 1517 3713 13957 -6772 -2473 6205 -3901
-1609 -3503 9635 4340 6648 -5793 -5860 -348 5129 -1139 -4590 -5432 -601 2521 3497 -9892 -8746 -3047 -96 5191 -5380 172 -3416 -148 -8946 3345 -12386 2948 4924 -4186 1275 1645 -6655 8911 -5673 1770 -6274 3272 6837 -9203 -1828 -6914 5821 5891 1058 5325 -10210 6893 -704 2844 -9086 2919 -3177 -6750 -1651 -2252 -5986 1517 3713 13957 -6772 -2473 6205 -3901
-1609 -3503 9635 4340 6648 -5793 -5860 -348 5129 -1139 -4590 -5432 -601 2521 3497 -9892 -8746 -3047 -96 5191 -5380 172 -3416 -148 -8946 3345 -12386 2948 4924 -4186 1275 1645 -6655 8911 -5673 1770 -6274 3272 6837 -9203 -1828 -6914 5821 5891 1058 5325 -10210 6893 -704 2844 -9086 2919 -3177 -6750 -1651 -2252 -5986 1517 3713 13957 -6772 -2473 6205 -3901
-1342 -3250 11455 4454 5873 -4840 -4728 -1285 4240 -1522 -3612 -5507 -564 722 1369 -9314 -8548 -1336 953 7058 -4747 275 -3857 -435 -9984 3635 -12991 4763 6875 -4072 973 -607 -8662 7888 -5445 964 -7626 3138 5961 -9321 -3921 -7357 5597 6585 1979 5637 -9394 5203 -1360 4591 -10641 3315 -2325 -7098 -602 -1453 -4504 507 2466 15813 -5017 -2753 7261 -5540
-306 -4568 10214 4933 4966 -4899 -3523 -128 4329 -1268 -3962 -5580 -268 464 1653 -8880 -8242 -1980 -1352 5838 -4576 1042 -1237 -571 -7947 6836 -12636 4352 5243 -4049 -80 754 -7775 8942 -2692 3321 -7541 2136 5694 -7091 -2852 -7731 6108 6725 1590 3750 -8943 7368 2262 2400 -9854 2517 -1533 -6245 -159 -1278 -7373 786 2867 13045 -6557 -1677 6864 -3237
-1609 -3503 9635 4340 6648 -5793 -5860 -348 5129 -1139 -4590 -5432 -601 2521 3497 -9892 -8746 -3047 -96 5191 -5380 172 -3416 -148 -8946 3345 -12386 2948 4924 -4186 1275 1645 -6655 8911 -5673 1770 -6274 3272 6837 -9203 -1828 -6914 5821 5891 1058 5325 -10210 6893 -704 2844 -9086 2919 -3177 -6750 -1651 -2252 -5986 1517 3713 13957 -6772 -2473 6205 -3901
-1609 -3503 9635 4340 6648 -5793 -5860 -348 5129 -1139 -4590 -5432 -601 2521 3497 -9892 -8746 -3047 -96 5191 -5380 172 -3416 -148 -8946 3345 -12386 2948 4924 -4186 1275 1645 -6655 8911 -5673 1770 -6274 3272 6837 -9203 -1828 -6914 5821 5891 1058 5325 -10210 6893 -704 2844 -9086 2919 -3177 -6750 -1651 -2252 -5986 1517 3713 13957 -6772 -2473 6205 -3901
-1609 -3503 9635 4340 6648 -5793 -5860 -348 5129 -1139 -4590 -5432 -601 2521 3497 -9892 -8746 -3047 -96 5191 -5380 172 -3416 -148 -8946 3345 -12386 2948 4924 -4186 1275 1645 -6655 8911 -5673 1770 -6274 3272 6837 -9203 -1828 -6914 5821 5891 1058 5325 -10210 6893 -704 2844 -9086 2919 -3177 -6750 -1651 -2252 -5986 1517 3713 13957 -6772 -2473 6205 -3901
-1609 -3503 9635 4340 6648 -5793 -5860 -348 5129 -1139 -4590 -5432 -601 2521 3497 -9892 -8746 -3047 -96 5191 -5380 172 -3416 -148 -8946 3345 -12386 2948 4924 -4186 1275 1645 -6655 8911 -5673 1770 -6274 3272 6837 -9203 -1828 -6914 5821 5891 1058 5325 -10210 6893 -704 2844 -9086 2919 -3177 -6750 -1651 -2252 -5986 1517 3713 13957 -6772 -2473 6205 -3901
-1609 -3503 9635 4340 6648 -5793 -5860 -348 5129 -1139 -4590 -5432 -601 2521 3497 -9892 -8746 -3047 -96 5191 -5380 172 -3416 -148 -8946 3345 -12386 2948 4924 -4186 1275 1645 -6655 8911 -5673 1770 -6274 3272 6837 -9203 -1828 -6914 5821 5891 1058 5325 -10210 6893 -704 2844 -9086 2919 -3177 -6750 -1651 -2252 -5986 1517 3713 13957 -6772 -2473 6205 -3901
-3153 -1731 7748 4786 3940 -6365 -4940 -2570 1137 -12 -5361 -4697 -787 -8 3260 -9904 -7008 -2930 3314 5333 -3518 -535 -6774 891 -7439 -69 -14007 4932 4558 -3319 4191 111 -6479 6873 -9828 279 -4352 3335 8564 -8562 -2633 -4373 1522 6672 1494 4744 -8395 6904 -2702 2482 -10185 5455 -3199 -2966 -3793 -3188 -4891 -1243 750 10885 -6229 -3002 7828 -2432
-6514 -387 9845 5523 2798 -2785 -1988 -5246 935 1569 -5056 -4975 2629 440 2926 -8490 -5995 -4736 6464 2024 -1953 2734 -6030 2889 -5060 -2633 -16134 5761 2280 -3669 6978 -2694 -6937 8293 -9589 2698 -1232 3342 12252 -7945 -2591 -5230 1019 2547 2402 5129 -6282 10754 -3183 -1165 -10572 7233 -2585 528 -7317 -6420 -5143 -4740 -2895 9097 -6683 -1490 5864 1781
-7439 -75 9459 4686 3160 -927 -2373 -4293 1042 1292 -4201 -4176 5152 -921 2485 -9233 -6392 -4568 5834 440 -1013 1926 -5726 4143 -4544 -2359 -13590 5600 3490 -4066 5943 -520 -5984 8691 -12045 3406 -313 1482 14115 -8084 -1650 -3580 2076 1507 1813 4015 -3162 10509 -3329 -2466 -8898 7092 -2958 438 -6868 -8141 -5550 -2693 -3250 9691 -6363 -68 4805 2288
-8615 -1388 12291 4659 1296 -1813 -1687 -4816 161 471 -3723 -5374 4815 -3713 -248 -7760 -7207 -3159 9243 2263 997 3143 -8037 2480 -4592 -2927 -14637 8245 5008 -2603 6736 -2631 -10155 7121 -10897 3384 -1219 2664 12422 -6451 -5915 -4084 590 2786 2891 2986 -2008 7227 -3497 -1083 -13086 6323 -3060 -2150 -5065 -7762 -2218 -4917 -6460 11840 -5357 -909 4533 1354
-4880 -2924 13727 3075 3349 -2718 -3066 -2126 3786 -955 -2215 -4802 4864 108 1621 -11581 -7456 -4692 -1946 2467 -4515 1582 -2081 4063 -5980 7162 -13136 1843 3294 -4226 2287 487 -7248 10317 -3367 4567 -3226 903 6201 -6421 1032 -7317 6929 1389 3481 5390 -7428 9756 4184 -426 -8952 6829 -3687 -3727 -2067 -4731 -8452 2135 -334 10233 -5491 1834 4054 -482
-1609 -3503 9635 4340 6648 -5793 -5860 -348 5129 -1139 -4590 -5432 -601 2521 3497 -9892 -8746 -3047 -96 5191 -5380 172 -3416 -148 -8946 3345 -12386 2948 4924 -4186 1275 1645 -6655 8911 -5673 1770 -6274 3272 6837 -9203 -1828 -6914 5821 5891 1058 5325 -10210 6893 -704 2844 -9086 2919 -3177 -6750 -1651 -2252 -5986 1517 3713 13957 -6772 -2473 6205 -3901
-1609 -3503 9635 4340 6648 -5793 -5860 -348 5129 -1139 -4590 -5432 -601 2521 3497 -9892 -8746 -3047 -96 5191 -5380 172 -3416 -148 -8946 3345 -12386 2948 4924 -4186 1275 1645 -6655 8911 -5673 1770 -6274 3272 6837 -9203 -1828 -6914 5821 5891 1058 5325 -10210 6893 -704 2844 -9086 2919 -3177 -6750 -1651 -2252 -5986 1517 3713 13957 -6772 -2473 6205 -3901
-1609 -3503 9635 4340 6648 -5793 -5860 -348 5129 -1139 -4590 -5432 -601 2521 3497 -9892 -8746 -3047 -96 5191 -5380 172 -3416 -148 -8946 3345 -12386 2948 4924 -4186 1275 1645 -6655 8911 -5673 1770 -6274 3272 6837 -9203 -1828 -6914 5821 5891 1058 5325 -10210 6893 -704 2844 -9086 2919 -3177 -6750 -1651 -2252 -5986 1517 3713 13957 -6772 -2473 6205 -3901
-1609 -3503 9635 4340 6648 -5793 -5860 -348 5129 -1139 -4590 -5432 -601 2521 3497 -9892 -8746 -3047 -96 5191 -5380 172 -3416 -148 -8946 3345 -12386 2948 4924 -4186 1275 1645 -6655 8911 -5673 1770 -6274 3272 6837 -9203 -1828 -6914 5821 5891 1058 5325 -10210 6893 -704 2844 -9086 2919 -3177 -6750 -1651 -2252 -5986 1517 3713 13957 -6772 -2473 6205 -3901
-1609 -3503 9635 4340 6648 -5793 -5860 -348 5129 -1139 -4590 -5432 -601 2521 3497 -9892 -8746 -3047 -96 5191 -5380 172 -3416 -148 -8946 3345 -12386 2948 4924 -4186 1275 1645 -6655 8911 -5673 1770 -6274 3272 6837 -9203 -1828 -6914 5821 5891 1058 5325 -10210 6893 -704 2844 -9086 2919 -3177 -6750 -1651 -2252 -5986 1517 3713 13957 -6772 -2473 6205 -3901
-722 349 4682 8620 -1206 -4158 -565 1396 278 1138 -3199 -4694 3407 -3770 3615 -8237 -3338 -1408 2746 156 -1100 -449 -2960 919 -4074 5661 -12307 9187 4916 -3593 967 368 -5760 9847 -7987 166 -4482 -339 10188 -4926 -3769 -4717 1706 4427 1750 -64 -3760 8264 -2201 2747 -10351 2625 1028 1273 -5625 -7515 -5259 -5300 -199 8745 -9126 618 8742 -280
-2584 -3391 10440 4204 6315 -5155 -5426 -1062 4670 -1407 -4460 -5299 191 2708 3140 -9884 -8690 -3146 175 5240 -4783 1003 -3690 773 -8957 2688 -12802 2723 5000 -4662 2232 1431 -7055 9747 -5422 2300 -5417 2586 6719 -9002 -2012 -6831 5359 5088 1424 5582 -10315 7506 -1028 2285 -8491 3292 -3711 -6208 -1373 -2186 -6341 1441 3089 13534 -6658 -2345 5404 -3171
-1609 -3503 9635 4340 6648 -5793 -5860 -348 5129 -1139 -4590 -5432 -601 2521 3497 -9892 -8746 -3047 -96 5191 -5380 172 -3416 -148 -8946 3345 -12386 2948 4924 -4186 1275 1645 -6655 8911 -5673 1770 -6274 3272 6837 -9203 -1828 -6914 5821 5891 1058 5325 -10210 6893 -704 2844 -9086 2919 -3177 -6750 -1651 -2252 -5986 1517 3713 13957 -6772 -2473 6205 -3901
-1609 -3503 9635 4340 6648 -5793 -5860 -348 5129 -1139 -4590 -5432 -601 2521 3497 -9892 -8746 -3047 -96 5191 -5380 172 -3416 -148 -8946 3345 -12386 2948 4924 -4186 1275 1645 -6655 8911 -5673 1770 -6274 3272 6837 -9203 -1828 -6914 5821 5891 1058 5325 -10210 6893 -704 2844 -9086 2919 -3177 -6750 -1651 -2252 -5986 1517 3713 13957 -6772 -2473 6205 -3901
-1609 -3503 9635 4340 6648 -5793 -5860 -348 5129 -1139 -4590 -5432 -601 2521 3497 -9892 -8746 -3047 -96 5191 -5380 172 -3416 -148 -8946 3345 -12386 2948 4924 -4186 1275 1645 -6655 8911 -5673 1770 -6274 3272 6837 -9203 -1828 -6914 5821 5891 1058 5325 -10210 6893 -704 2844 -9086 2919 -3177 -6750 -1651 -2252 -5986 1517 3713 13957 -6772 -2473 6205 -3901
-1609 -3503 9635 4340 6648 -5793 -5860 -348 5129 -1139 -4590 -5432 -601 2521 3497 -9892 -8746 -3047 -96 5191 -5380 172 -3416 -148 -8946 3345 -12386 2948 4924 -4186 1275 1645 -6655 8911 -5673 1770 -6274 3272 6837 -9203 -1828 -6914 5821 5891 1058 5325 -10210 6893 -704 2844 -9086 2919 -3177 -6750 -1651 -2252 -5986 1517 3713 13957 -6772 -2473 6205 -3901
-3022 -3387 11799 6955 3962 -6445 -4528 -1319 4340 -2623 -5747 -7026 -24 -2342 -519 -8391 -10721 424 4184 7873 -2908 2506 -6159 -214 -7555 2226 -11868 8118 7755 -2804 2357 -420 -12586 7341 -7247 1954 -6544 2296 5715 -5768 -8359 -6533 3710 6147 1216 2364 -6350 2219 -2755 2787 -13160 2463 -3032 -6979 549 -1467 -1841 -1109 1226 15972 -4802 -2912 5755 -4625
-5374 -1812 13700 4168 3617 -932 -2858 -2889 3480 535 -3369 -4343 5736 224 1365 -10220 -6701 -5365 303 650 -4612 2005 -1715 4739 -5700 6056 -14337 3010 1823 -3484 2172 -1461 -6863 9388 -4410 5456 -1987 877 8977 -6729 1670 -8078 6744 31 3430 5089 -6547 10898 3975 -1768 -10187 8285 -2559 -1978 -3649 -6436 -7887 59 -1643 9472 -4987 2354 3469 -364
-1609 -3503 9635 4340 6648 -5793 -5860 -348 5129 -1139 -4590 -5432 -601 2521 3497 -9892 -8746 -3047 -96 5191 -5380 172 -3416 -148 -8946 3345 -12386 2948 4924 -4186 1275 1645 -6655 8911 -5673 1770 -6274 3272 6837 -9203 -1828 -6914 5821 5891 1058 5325 -10210 6893 -704 2844 -9086 2919 -3177 -6750 -1651 -2252 -5986 1517 3713 13957 -6772 -2473 6205 -3901
-1609 -3503 9635 4340 6648 -5793 -5860 -348 5129 -1139 -4590 -5432 -601 2521 3497 -9892 -8746 -3047 -96 5191 -5380 172 -3416 -148 -8946 3345 -12386 2948 4924 -4186 1275 1645 -6655 8911 -5673 1770 -6274 3272 6837 -9203 -1828 -6914 5821 5891 1058 5325 -10210 6893 -704 2844 -9086 2919 -3177 -6750 -1651 -2252 -5986 1517 3713 13957 -6772 -2473 6205 -3901
-1609 -3503 9635 4340 6648 -5793 -5860 -348 5129 -1139 -4590 -5432 -601 2521 3497 -9892 -8746 -3047 -96 5191 -5380 172 -3416 -148 -8946 3345 -12386 2948 4924 -4186 1275 1645 -6655 8911 -5673 1770 -6274 3272 6837 -9203 -1828 -6914 5821 5891 1058 5325 -10210 6893 -704 2844 -9086 2919 -3177 -6750 -1651 -2252 -5986 1517 3713 13957 -6772 -2473 6205 -3901
-1609 -3503 9635 4340 6648 -5793 -5860 -348 5129 -1139 -4590 -5432 -601 2521 3497 -9892 -8746 -3047 -96 5191 -5380 172 -3416 -148 -8946 3345 -12386 2948 4924 -4186 1275 1645 -6655 8911 -5673 1770 -6274 3272 6837 -9203 -1828 -6914 5821 5891 1058 5325 -10210 6893 -704 2844 -9086 2919 -3177 -6750 -1651 -2252 -5986 1517 3713 13957 -6772 -2473 6205 -3901
-1531 -3972 10807 4095 6389 -5096 -5496 -1244 4677 -1437 -3958 -5676 -800 1198 2248 -9637 -9280 -2226 891 6074 -4744 253 -4106 -586 -9510 3072 -12906 3921 5679 -3923 1256 28 -8070 7803 -5906 1674 -6958 3663 6133 -9333 -3186 -7022 4946 6466 1309 5571 -9412 5735 -965 3675 -10659 2783 -2768 -7877 -896 -1631 -4780 952 2608 14687 -5719 -3145 6491 -4817
-464 -559 6954 6231 -831 -2076 -359 -115 332 2769 -2729 -4223 5033 -3965 3643 -8881 -3351 -5072 1870 -3373 -2610 -1236 340 2155 -3028 8756 -14035 8053 1781 -2041 -1652 -2734 -4764 7488 -4843 1597 -4505 1063 10836 -5783 1274 -7133 2895 4470 3359 2499 -3251 10446 4230 963 -12360 4295 3361 1237 -5888 -9611 -7562 -5352 -2365 7047 -7275 2014 8100 500
-1784 -3402 9900 4351 6434 -5654 -5687 -617 5025 -1175 -4571 -5510 -372 2669 3455 -9917 -8789 -3134 4 5230 -5245 474 -3479 123 -8978 3114 -12586 2964 4902 -4454 1587 1458 -6808 9178 -5442 1918 -6054 3137 6659 -9197 -1889 -7035 5577 5661 1150 5559 -10298 7120 -889 2729 -9026 3026 -3311 -6563 -1549 -2192 -6131 1359 3596 13851 -6773 -2517 6037 -3656
-1609 -3503 9635 4340 6648 -5793 -5860 -348 5129 -1139 -4590 -5432 -601 2521 3497 -9892 -8746 -3047 -96 5191 -5380 172 -3416 -148 -8946 3345 -12386 2948 4924 -4186 1275 1645 -6655 8911 -5673 1770 -6274 3272 6837 -9203 -1828 -6914 5821 5891 1058 5325 -10210 6893 -704 2844 -9086 2919 -3177 -6750 -1651 -2252 -5986 1517 3713 13957 -6772 -2473 6205 -3901
-1609 -3503 9635 4340 6648 -5793 -5860 -348 5129 -1139 -4590 -5432 -601 2521 3497 -9892 -8746 -3047 -96 5191 -5380 172 -3416 -148 -8946 3345 -12386 2948 4924 -4186 1275 1645 -6655 8911 -5673 1770 -6274 3272 6837 -9203 -1828 -6914 5821 5891 1058 5325 -10210 6893 -704 2844 -9086 2919 -3177 -6750 -1651 -2252 -5986 1517 3713 13957 -6772 -2473 6205 -3901
-1609 -3503 9635 4340 6648 -5793 -5860 -348 5129 -1139 -4590 -5432 -601 2521 3497 -9892 -8746 -3047 -96 5191 -5380 172 -3416 -148 -8946 3345 -12386 2948 4924 -4186 1275 1645 -6655 8911 -5673 1770 -6274 3272 6837 -9203 -1828 -6914 5821 5891 1058 5325 -10210 6893 -704 2844 -9086 2919 -3177 -6750 -1651 -2252 -5986 1517 3713 13957 -6772 -2473 6205 -3901
-1609 -3503 9635 4340 6648 -5793 -5860 -348 5129 -1139 -4590 -5432 -601 2521 3497 -9892 -8746 -3047 -96 5191 -5380 172 -3416 -148 -8946 3345 -12386 2948 4924 -4186 1275 1645 -6655 8911 -5673 1770 -6274 3272 6837 -9203 -1828 -6914 5821 5891 1058 5325 -10210 6893 -704 2844 -9086 2919 -3177 -6750 -1651 -2252 -5986 1517 3713 13957 -6772 -2473 6205 -3901
-4582 -2961 7630 5844 2526 -8092 -5526 -2296 2918 -1435 -6326 -6965 -1128 -1156 2699 -10808 -9518 -2399 4645 4567 -2280 1967 -7590 790 -4243 -809 -11636 6530 3843 -2518 5279 2857 -8891 6954 -11828 2234 -3334 4370 8485 -6197 -5584 -2986 70 4882 -524 1715 -5822 4808 -4237 736 -11249 3678 -4502 -4934 -3722 -4133 -2661 -1272 1372 10355 -6981 -2489 5840 690
-5999 -1029 13549 5015 4629 -806 -3866 -2624 2607 7 -3817 -5031 5769 1689 1975 -9968 -6976 -5794 2446 412 -3600 1276 -2359 5267 -6920 3460 -14517 3640 2983 -4865 3113 -1421 -6862 10171 -6289 4928 -1803 318 11348 -9019 1160 -7173 6192 -731 3826 5448 -6484 9636 1518 -1717 -9094 7524 -2857 -1406 -3611 -7638 -8047 -551 -1424 11039 -5065 1519 2753 -398
-1609 -3503 9635 4340 6648 -5793 -5860 -348 5129 -1139 -4590 -5432 -601 2521 3497 -9892 -8746 -3047 -96 5191 -5380 172 -3416 -148 -8946 3345 -12386 2948 4924 -4186 1275 1645 -6655 8911 -5673 1770 -6274 3272 6837 -9203 -1828 -6914 5821 5891 1058 5325 -10210 6893 -704 2844 -9086 2919 -3177 -6750 -1651 -2252 -5986 1517 3713 13957 -6772 -2473 6205 -3901
-1609 -3503 9635 4340 6648 -5793 -5860 -348 5129 -1139 -4590 -5432 -601 2521 3497 -9892 -8746 -3047 -96 5191 -5380 172 -3416 -148 -8946 3345 -12386 2948 4924 -4186 1275 1645 -6655 8911 -5673 1770 -6274 3272 6837 -9203 -1828 -6914 5821 5891 1058 5325 -10210 6893 -704 2844 -9086 2919 -3177 -6750 -1651 -2252 -5986 1517 3713 13957 -6772 -2473 6205 -3901
-1609 -3503 9635 4340 6648 -5793 -5860 -348 5129 -1139 -4590 -5432 -601 2521 3497 -9892 -8746 -3047 -96 5191 -5380 172 -3416 -148 -8946 3345 -12386 2948 4924 -4186 1275 1645 -6655 8911 -5673 1770 -6274 3272 6837 -9203 -1828 -6914 5821 5891 1058 5325 -10210 6893 -704 2844 -9086 2919 -3177 -6750 -1651 -2252 -5986 1517 3713 13957 -6772 -2473 6205 -3901
