-1120 -340 7993 6498 -1925 465 470 -230 1300 7511 280 -2993 1905 -5346 -46 -7393 -2525 -3008 2446 999 -5516 2416 -8052 3665 -3037 3166 -6134 7194 7097 -2691 571 -125 -4020 4429 -2800 844 -1279 -1223 10005 -3844 2451 -7592 1913 4275 277 424 -4626 5389 1132 -124 -8113 4843 -375 -83 -1077 -6678 658 -676 -2117 6795 -3658 -373 2070 -341
2183 -1560 7360 4603 3807 -1726 -3210 628 4927 5372 -567 -3073 -1058 -688 3395 -7377 -5721 -1600 -1323 2942 -7192 -308 -6995 -53 -4374 2251 -4802 3437 6568 -2180 -1025 1776 -431 4077 -2873 361 -3603 484 6970 -6740 4457 -6698 3990 5893 -1354 4242 -7069 5959 -44 2030 -6046 2468 -2132 -4487 547 -2612 -526 3057 2413 9756 -3454 -2735 2410 -2726
2183 -1560 7360 4603 3807 -1726 -3210 628 4927 5372 -567 -3073 -1058 -688 3395 -7377 -5721 -1600 -1323 2942 -7192 -308 -6995 -53 -4374 2251 -4802 3437 6568 -2180 -1025 1776 -431 4077 -2873 361 -3603 484 6970 -6740 4457 -6698 3990 5893 -1354 4242 -7069 5959 -44 2030 -6046 2468 -2132 -4487 547 -2612 -526 3057 2413 9756 -3454 -2735 2410 -2726
2183 -1560 7360 4603 3807 -1726 -3210 628 4927 5372 -567 -3073 -1058 -688 3395 -7377 -5721 -1600 -1323 2942 -7192 -308 -6995 -53 -4374 2251 -4802 3437 6568 -2180 -1025 1776 -431 4077 -2873 361 -3603 484 6970 -6740 4457 -6698 3990 5893 -1354 4242 -7069 5959 -44 2030 -6046 2468 -2132 -4487 547 -2612 -526 3057 2413 9756 -3454 -2735 2410 -2726
2183 -1560 7360 4603 3807 -1726 -3210 628 4927 5372 -567 -3073 -1058 -688 3395 -7377 -5721 -1600 -1323 2942 -7192 -308 -6995 -53 -4374 2251 -4802 3437 6568 -2180 -1025 1776 -431 4077 -2873 361 -3603 484 6970 -6740 4457 -6698 3990 5893 -1354 4242 -7069 5959 -44 2030 -6046 2468 -2132 -4487 547 -2612 -526 3057 2413 9756 -3454 -2735 2410 -2726
2183 -1560 7360 4603 3807 -1726 -3210 628 4927 5372 -567 -3073 -1058 -688 3395 -7377 -5721 -1600 -1323 2942 -7192 -308 -6995 -53 -4374 2251 -4802 3437 6568 -2180 -1025 1776 -431 4077 -2873 361 -3603 484 6970 -6740 4457 -6698 3990 5893 -1354 4242 -7069 5959 -44 2030 -6046 2468 -2132 -4487 547 -2612 -526 3057 2413 9756 -3454 -2735 2410 -2726
2183 -1560 7360 4603 3807 -1726 -3210 628 4927 5372 -567 -3073 -1058 -688 3395 -7377 -5721 -1600 -1323 2942 -7192 -308 -6995 -53 -4374 2251 -4802 3437 6568 -2180 -1025 1776 -431 4077 -2873 361 -3603 484 6970 -6740 4457 -6698 3990 5893 -1354 4242 -7069 5959 -44 2030 -6046 2468 -2132 -4487 547 -2612 -526 3057 2413 9756 -3454 -2735 2410 -2726
2183 -1560 7360 4603 3807 -1726 -3210 628 4927 5372 -567 -3073 -1058 -688 3395 -7377 -5721 -1600 -1323 2942 -7192 -308 -6995 -53 -4374 2251 -4802 3437 6568 -2180 -1025 1776 -431 4077 -2873 361 -3603 484 6970 -6740 4457 -6698 3990 5893 -1354 4242 -7069 5959 -44 2030 -6046 2468 -2132 -4487 547 -2612 -526 3057 2413 9756 -3454 -2735 2410 -2726
2183 -1560 7360 4603 3807 -1726 -3210 628 4927 5372 -567 -3073 -1058 -688 3395 -7377 -5721 -1600 -1323 2942 -7192 -308 -6995 -53 -4374 2251 -4802 3437 6568 -2180 -1025 1776 -431 4077 -2873 361 -3603 484 6970 -6740 4457 -6698 3990 5893 -1354 4242 -7069 5959 -44 2030 -6046 2468 -2132 -4487 547 -2612 -526 3057 2413 9756 -3454 -2735 2410 -2726
2322 -1235 8471 4654 2994 -967 -2257 -164 4155 4889 86 -2903 -859 -1792 1670 -6819 -5566 -361 -504 4360 -6764 -110 -7069 -273 -5023 2288 -5082 4692 7753 -2170 -1023 68 -2037 3188 -2572 -349 -4419 567 6143 -6643 2659 -6950 3568 6242 -678 4351 -6280 4529 -574 3270 -6776 2698 -1489 -4624 1299 -2222 924 2340 1270 10811 -2080 -2819 3071 -3880
3099 -2436 7879 5076 2581 -1257 -1586 628 4273 5120 -344 -3272 -908 -2369 1964 -7100 -5868 -1184 -2481 3323 -7053 344 -5474 -495 -4146 4865 -5284 4546 6875 -2579 -2340 839 -1569 4032 -617 1251 -4668 -601 6106 -5695 3550 -7947 4044 6637 -1134 3042 -6413 6156 2144 1379 -6772 2065 -1180 -4567 1587 -2174 -1708 2385 1677 9507 -3618 -2401 2913 -2650
2183 -1560 7360 4603 3807 -1726 -3210 628 4927 5372 -567 -3073 -1058 -688 3395 -7377 -5721 -1600 -1323 2942 -7192 -308 -6995 -53 -4374 2251 -4802 3437 6568 -2180 -1025 1776 -431 4077 -2873 361 -3603 484 6970 -6740 4457 -6698 3990 5893 -1354 4242 -7069 5959 -44 2030 -6046 2468 -2132 -4487 547 -2612 -526 3057 2413 9756 -3454 -2735 2410 -2726
2183 -1560 7360 4603 3807 -1726 -3210 628 4927 5372 -567 -3073 -1058 -688 3395 -7377 -5721 -1600 -1323 2942 -7192 -308 -6995 -53 -4374 2251 -4802 3437 6568 -2180 -1025 1776 -431 4077 -2873 361 -3603 484 6970 -6740 4457 -6698 3990 5893 -1354 4242 -7069 5959 -44 2030 -6046 2468 -2132 -4487 547 -2612 -526 3057 2413 9756 -3454 -2735 2410 -2726
2183 -1560 7360 4603 3807 -1726 -3210 628 4927 5372 -567 -3073 -1058 -688 3395 -7377 -5721 -1600 -1323 2942 -7192 -308 -6995 -53 -4374 2251 -4802 3437 6568 -2180 -1025 1776 -431 4077 -2873 361 -3603 484 6970 -6740 4457 -6698 3990 5893 -1354 4242 -7069 5959 -44 2030 -6046 2468 -2132 -4487 547 -2612 -526 3057 2413 9756 -3454 -2735 2410 -2726
2183 -1560 7360 4603 3807 -1726 -3210 628 4927 5372 -567 -3073 -1058 -688 3395 -7377 -5721 -1600 -1323 2942 -7192 -308 -6995 -53 -4374 2251 -4802 3437 6568 -2180 -1025 1776 -431 4077 -2873 361 -3603 484 6970 -6740 4457 -6698 3990 5893 -1354 4242 -7069 5959 -44 2030 -6046 2468 -2132 -4487 547 -2612 -526 3057 2413 9756 -3454 -2735 2410 -2726
2183 -1560 7360 4603 3807 -1726 -3210 628 4927 5372 -567 -3073 -1058 -688 3395 -7377 -5721 -1600 -1323 2942 -7192 -308 -6995 -53 -4374 2251 -4802 3437 6568 -2180 -1025 1776 -431 4077 -2873 361 -3603 484 6970 -6740 4457 -6698 3990 5893 -1354 4242 -7069 5959 -44 2030 -6046 2468 -2132 -4487 547 -2612 -526 3057 2413 9756 -3454 -2735 2410 -2726
1109 -163 6227 5582 1547 -2301 -2654 -1224 2044 6890 -988 -2246 -1071 -1911 3570 -7343 -4362 -1526 1680 3490 -6096 -325 -9840 913 -3292 -375 -6425 5352 6918 -1614 1875 955 -148 2820 -6063 -833 -2257 840 8985 -6337 3713 -4499 1263 6996 -795 3858 -5888 6602 -1314 1985 -6810 4741 -1956 -1449 -967 -3455 923 1386 266 8023 -3497 -2822 4002 -1708
-1994 634 7149 5271 91 406 -270 -3879 1322 7516 -983 -2569 1285 -1296 3300 -5832 -3363 -3154 3907 751 -4843 2053 -8748 2353 -1600 -2403 -8079 5462 5400 -2003 3553 -1340 -649 3553 -5506 1089 103 575 11083 -5662 3038 -4908 989 3313 -169 3360 -4444 9018 -1583 -1007 -7034 5239 -1146 1277 -4023 -5814 859 -1190 -2533 6151 -4137 -1503 2185 1379
-2812 787 6643 4368 338 1590 -759 -3305 1174 7342 -565 -2098 3173 -2420 2662 -6457 -3651 -3312 3334 -625 -3978 1419 -8664 3221 -1477 -2430 -6323 5173 6380 -2434 2292 343 -79 3669 -7634 1646 674 -1095 12210 -5852 3491 -3698 1686 2268 -663 2322 -2154 8690 -1717 -2163 -6163 5133 -1762 1083 -3755 -7493 167 127 -2806 6541 -3969 -646 1281 1731
-3390 96 8619 4508 -820 1108 90 -3356 947 6411 -38 -2473 2938 -4005 518 -4936 -4043 -1939 5704 1115 -2739 2401 -9641 2013 -1396 -2606 -6323 7099 7092 -1373 3344 -980 -3286 2813 -6222 1822 100 423 10695 -4342 417 -3996 646 3473 212 1823 -1165 6315 -1793 -945 -8386 4596 -1464 -781 -1859 -6922 3239 -1103 -4864 8043 -2858 -1041 1126 1338
-791 -1297 10580 3015 1217 286 -1088 -1622 3472 5088 1018 -2751 2714 -2741 2009 -9408 -4966 -3816 -2774 508 -6800 582 -6414 3545 -2819 4868 -5532 2416 5942 -2986 -813 432 -1124 4896 -1375 2519 -1053 -2209 6225 -5232 5950 -7264 4737 2008 63 3629 -5673 7654 3694 -1138 -6503 4611 -3035 -2816 -348 -4975 -2399 3639 -678 7410 -3241 562 704 -313
2183 -1560 7360 4603 3807 -1726 -3210 628 4927 5372 -567 -3073 -1058 -688 3395 -7377 -5721 -1600 -1323 2942 -7192 -308 -6995 -53 -4374 2251 -4802 3437 6568 -2180 -1025 1776 -431 4077 -2873 361 -3603 484 6970 -6740 4457 -6698 3990 5893 -1354 4242 -7069 5959 -44 2030 -6046 2468 -2132 -4487 547 -2612 -526 3057 2413 9756 -3454 -2735 2410 -2726
2183 -1560 7360 4603 3807 -1726 -3210 628 4927 5372 -567 -3073 -1058 -688 3395 -7377 -5721 -1600 -1323 2942 -7192 -308 -6995 -53 -4374 2251 -4802 3437 6568 -2180 -1025 1776 -431 4077 -2873 361 -3603 484 6970 -6740 4457 -6698 3990 5893 -1354 4242 -7069 5959 -44 2030 -6046 2468 -2132 -4487 547 -2612 -526 3057 2413 9756 -3454 -2735 2410 -2726
2183 -1560 7360 4603 3807 -1726 -3210 628 4927 5372 -567 -3073 -1058 -688 3395 -7377 -5721 -1600 -1323 2942 -7192 -308 -6995 -53 -4374 2251 -4802 3437 6568 -2180 -1025 1776 -431 4077 -2873 361 -3603 484 6970 -6740 4457 -6698 3990 5893 -1354 4242 -7069 5959 -44 2030 -6046 2468 -2132 -4487 547 -2612 -526 3057 2413 9756 -3454 -2735 2410 -2726
2183 -1560 7360 4603 3807 -1726 -3210 628 4927 5372 -567 -3073 -1058 -688 3395 -7377 -5721 -1600 -1323 2942 -7192 -308 -6995 -53 -4374 2251 -4802 3437 6568 -2180 -1025 1776 -431 4077 -2873 361 -3603 484 6970 -6740 4457 -6698 3990 5893 -1354 4242 -7069 5959 -44 2030 -6046 2468 -2132 -4487 547 -2612 -526 3057 2413 9756 -3454 -2735 2410 -2726
2183 -1560 7360 4603 3807 -1726 -3210 628 4927 5372 -567 -3073 -1058 -688 3395 -7377 -5721 -1600 -1323 2942 -7192 -308 -6995 -53 -4374 2251 -4802 3437 6568 -2180 -1025 1776 -431 4077 -2873 361 -3603 484 6970 -6740 4457 -6698 3990 5893 -1354 4242 -7069 5959 -44 2030 -6046 2468 -2132 -4487 547 -2612 -526 3057 2413 9756 -3454 -2735 2410 -2726
2506 1223 3133 8140 -2889 -1800 631 1424 839 7705 311 -2189 2512 -5329 3172 -6360 -1812 -1414 846 -1283 -4500 138 -6921 647 -1642 3826 -5407 8374 7250 -2184 -1785 815 -586 5036 -4783 -1302 -2904 -3006 10407 -3492 1888 -5527 1155 5030 -649 -560 -2261 7244 -739 1447 -7445 2366 1036 1782 -2956 -8081 -292 -2963 -916 6861 -6765 -709 4345 -638
1436 -1497 8148 4493 3529 -1302 -2888 -2 4571 5211 -517 -2997 -537 -525 3263 -7534 -5788 -1760 -1129 2974 -6862 317 -7367 715 -4476 1743 -5186 3337 6844 -2668 -350 1630 -694 4742 -2739 872 -2969 -69 6964 -6728 4272 -6723 3745 5399 -1124 4397 -7407 6504 -321 1621 -5821 2664 -2567 -4159 658 -2643 -712 3142 1951 9632 -3596 -2651 1806 -2268
2183 -1560 7360 4603 3807 -1726 -3210 628 4927 5372 -567 -3073 -1058 -688 3395 -7377 -5721 -1600 -1323 2942 -7192 -308 -6995 -53 -4374 2251 -4802 3437 6568 -2180 -1025 1776 -431 4077 -2873 361 -3603 484 6970 -6740 4457 -6698 3990 5893 -1354 4242 -7069 5959 -44 2030 -6046 2468 -2132 -4487 547 -2612 -526 3057 2413 9756 -3454 -2735 2410 -2726
2183 -1560 7360 4603 3807 -1726 -3210 628 4927 5372 -567 -3073 -1058 -688 3395 -7377 -5721 -1600 -1323 2942 -7192 -308 -6995 -53 -4374 2251 -4802 3437 6568 -2180 -1025 1776 -431 4077 -2873 361 -3603 484 6970 -6740 4457 -6698 3990 5893 -1354 4242 -7069 5959 -44 2030 -6046 2468 -2132 -4487 547 -2612 -526 3057 2413 9756 -3454 -2735 2410 -2726
2183 -1560 7360 4603 3807 -1726 -3210 628 4927 5372 -567 -3073 -1058 -688 3395 -7377 -5721 -1600 -1323 2942 -7192 -308 -6995 -53 -4374 2251 -4802 3437 6568 -2180 -1025 1776 -431 4077 -2873 361 -3603 484 6970 -6740 4457 -6698 3990 5893 -1354 4242 -7069 5959 -44 2030 -6046 2468 -2132 -4487 547 -2612 -526 3057 2413 9756 -3454 -2735 2410 -2726
2183 -1560 7360 4603 3807 -1726 -3210 628 4927 5372 -567 -3073 -1058 -688 3395 -7377 -5721 -1600 -1323 2942 -7192 -308 -6995 -53 -4374 2251 -4802 3437 6568 -2180 -1025 1776 -431 4077 -2873 361 -3603 484 6970 -6740 4457 -6698 3990 5893 -1354 4242 -7069 5959 -44 2030 -6046 2468 -2132 -4487 547 -2612 -526 3057 2413 9756 -3454 -2735 2410 -2726
1082 -1061 8762 6727 1683 -2129 -1868 -225 4291 4099 -1450 -3573 -349 -3403 182 -5702 -6991 1019 1913 5202 -5614 1955 -8316 -19 -3165 1232 -3892 7214 8555 -1316 275 587 -5085 2969 -3613 673 -3649 352 6200 -3799 -831 -6257 2492 6200 -1053 1994 -3881 2579 -1506 2126 -8371 2250 -1610 -4315 2375 -2377 3226 1304 698 11244 -2037 -2890 1954 -3070
-1356 -545 10177 3738 1217 1620 -986 -2394 2999 6090 25 -2422 3409 -2410 1746 -7999 -4199 -4396 -1053 -856 -6792 969 -5929 3874 -2601 3803 -6658 3105 4946 -2238 -847 -982 -847 4025 -1950 3017 -250 -2167 8183 -5308 6063 -7745 4677 843 -2 3187 -5002 8430 3516 -2194 -7253 5580 -1954 -1380 -1567 -6170 -1753 1905 -1604 6571 -2902 999 268 -271
2183 -1560 7360 4603 3807 -1726 -3210 628 4927 5372 -567 -3073 -1058 -688 3395 -7377 -5721 -1600 -1323 2942 -7192 -308 -6995 -53 -4374 2251 -4802 3437 6568 -2180 -1025 1776 -431 4077 -2873 361 -3603 484 6970 -6740 4457 -6698 3990 5893 -1354 4242 -7069 5959 -44 2030 -6046 2468 -2132 -4487 547 -2612 -526 3057 2413 9756 -3454 -2735 2410 -2726
2183 -1560 7360 4603 3807 -1726 -3210 628 4927 5372 -567 -3073 -1058 -688 3395 -7377 -5721 -1600 -1323 2942 -7192 -308 -6995 -53 -4374 2251 -4802 3437 6568 -2180 -1025 1776 -431 4077 -2873 361 -3603 484 6970 -6740 4457 -6698 3990 5893 -1354 4242 -7069 5959 -44 2030 -6046 2468 -2132 -4487 547 -2612 -526 3057 2413 9756 -3454 -2735 2410 -2726
2183 -1560 7360 4603 3807 -1726 -3210 628 4927 5372 -567 -3073 -1058 -688 3395 -7377 -5721 -1600 -1323 2942 -7192 -308 -6995 -53 -4374 2251 -4802 3437 6568 -2180 -1025 1776 -431 4077 -2873 361 -3603 484 6970 -6740 4457 -6698 3990 5893 -1354 4242 -7069 5959 -44 2030 -6046 2468 -2132 -4487 547 -2612 -526 3057 2413 9756 -3454 -2735 2410 -2726
2183 -1560 7360 4603 3807 -1726 -3210 628 4927 5372 -567 -3073 -1058 -688 3395 -7377 -5721 -1600 -1323 2942 -7192 -308 -6995 -53 -4374 2251 -4802 3437 6568 -2180 -1025 1776 -431 4077 -2873 361 -3603 484 6970 -6740 4457 -6698 3990 5893 -1354 4242 -7069 5959 -44 2030 -6046 2468 -2132 -4487 547 -2612 -526 3057 2413 9756 -3454 -2735 2410 -2726
2297 -1746 8186 4515 3525 -1018 -2779 -6 4643 5119 -38 -3061 -1016 -1447 2469 -7003 -6024 -893 -447 3711 -6679 -97 -7302 -318 -4679 2023 -5056 4246 7112 -1950 -798 660 -1504 3293 -2893 319 -3959 1025 6434 -6708 3374 -6707 3288 6384 -1093 4504 -6368 5162 -181 2705 -6904 2424 -1697 -5206 1229 -2188 741 2749 1572 10236 -2513 -3095 2664 -3240
2312 234 4682 5689 -2353 400 771 -198 683 8084 626 -2103 3385 -5204 3054 -6611 -1658 -4318 215 -3799 -5143 -936 -4202 1784 -1090 5850 -6817 6880 4643 -1092 -3682 -1799 273 2635 -2078 -434 -2426 -1947 9788 -4377 5709 -7259 1768 4247 247 1400 -2249 8284 4001 -285 -8515 3287 2478 1188 -2986 -9067 -1892 -2620 -2387 4881 -4666 649 3752 312
2053 -1482 7603 4607 3622 -1626 -3061 407 4832 5337 -557 -3120 -906 -558 3412 -7423 -5764 -1677 -1239 2968 -7110 -75 -7071 171 -4405 2082 -4964 3466 6605 -2405 -789 1635 -532 4281 -2695 499 -3428 385 6858 -6757 4397 -6797 3838 5757 -1291 4401 -7197 6150 -190 1953 -6045 2510 -2223 -4355 593 -2578 -592 2981 2336 9715 -3514 -2759 2289 -2558
2183 -1560 7360 4603 3807 -1726 -3210 628 4927 5372 -567 -3073 -1058 -688 3395 -7377 -5721 -1600 -1323 2942 -7192 -308 -6995 -53 -4374 2251 -4802 3437 6568 -2180 -1025 1776 -431 4077 -2873 361 -3603 484 6970 -6740 4457 -6698 3990 5893 -1354 4242 -7069 5959 -44 2030 -6046 2468 -2132 -4487 547 -2612 -526 3057 2413 9756 -3454 -2735 2410 -2726
2183 -1560 7360 4603 3807 -1726 -3210 628 4927 5372 -567 -3073 -1058 -688 3395 -7377 -5721 -1600 -1323 2942 -7192 -308 -6995 -53 -4374 2251 -4802 3437 6568 -2180 -1025 1776 -431 4077 -2873 361 -3603 484 6970 -6740 4457 -6698 3990 5893 -1354 4242 -7069 5959 -44 2030 -6046 2468 -2132 -4487 547 -2612 -526 3057 2413 9756 -3454 -2735 2410 -2726
2183 -1560 7360 4603 3807 -1726 -3210 628 4927 5372 -567 -3073 -1058 -688 3395 -7377 -5721 -1600 -1323 2942 -7192 -308 -6995 -53 -4374 2251 -4802 3437 6568 -2180 -1025 1776 -431 4077 -2873 361 -3603 484 6970 -6740 4457 -6698 3990 5893 -1354 4242 -7069 5959 -44 2030 -6046 2468 -2132 -4487 547 -2612 -526 3057 2413 9756 -3454 -2735 2410 -2726
2183 -1560 7360 4603 3807 -1726 -3210 628 4927 5372 -567 -3073 -1058 -688 3395 -7377 -5721 -1600 -1323 2942 -7192 -308 -6995 -53 -4374 2251 -4802 3437 6568 -2180 -1025 1776 -431 4077 -2873 361 -3603 484 6970 -6740 4457 -6698 3990 5893 -1354 4242 -7069 5959 -44 2030 -6046 2468 -2132 -4487 547 -2612 -526 3057 2413 9756 -3454 -2735 2410 -2726
-33 -937 6283 6781 631 -3573 -3020 -897 3420 5801 -1662 -3745 -1313 -2449 3048 -7816 -6127 -967 2959 3047 -5151 1907 -10180 887 -492 -1005 -4192 6868 6701 -847 2844 3508 -2334 3276 -7622 1209 -1537 1996 9227 -4264 1461 -3227 543 5933 -2129 1685 -3552 5292 -2480 804 -7762 3435 -2679 -2937 -679 -4310 2754 1474 1234 8040 -4079 -2515 2418 1046
-1741 52 9834 4376 1800 1634 -1663 -2034 2382 5855 -201 -2900 3517 -1045 2193 -7397 -4279 -4508 492 -906 -5875 518 -6288 4128 -3169 1931 -6715 3498 5855 -2984 -108 -750 -703 4560 -3218 2713 -180 -2326 9838 -6629 5670 -6847 4329 385 445 3394 -4816 7567 1638 -1787 -6441 5150 -1899 -699 -1414 -6992 -1704 1461 -1423 7437 -2813 361 -285 -275
2183 -1560 7360 4603 3807 -1726 -3210 628 4927 5372 -567 -3073 -1058 -688 3395 -7377 -5721 -1600 -1323 2942 -7192 -308 -6995 -53 -4374 2251 -4802 3437 6568 -2180 -1025 1776 -431 4077 -2873 361 -3603 484 6970 -6740 4457 -6698 3990 5893 -1354 4242 -7069 5959 -44 2030 -6046 2468 -2132 -4487 547 -2612 -526 3057 2413 9756 -3454 -2735 2410 -2726
2183 -1560 7360 4603 3807 -1726 -3210 628 4927 5372 -567 -3073 -1058 -688 3395 -7377 -5721 -1600 -1323 2942 -7192 -308 -6995 -53 -4374 2251 -4802 3437 6568 -2180 -1025 1776 -431 4077 -2873 361 -3603 484 6970 -6740 4457 -6698 3990 5893 -1354 4242 -7069 5959 -44 2030 -6046 2468 -2132 -4487 547 -2612 -526 3057 2413 9756 -3454 -2735 2410 -2726
2183 -1560 7360 4603 3807 -1726 -3210 628 4927 5372 -567 -3073 -1058 -688 3395 -7377 -5721 -1600 -1323 2942 -7192 -308 -6995 -53 -4374 2251 -4802 3437 6568 -2180 -1025 1776 -431 4077 -2873 361 -3603 484 6970 -6740 4457 -6698 3990 5893 -1354 4242 -7069 5959 -44 2030 -6046 2468 -2132 -4487 547 -2612 -526 3057 2413 9756 -3454 -2735 2410 -2726
