-4070 -31 8734 5009 265 -2337 57 -302 1141 1684 -1268 -2859 2733 -2256 -77 -7467 -2838 -2589 3339 2644 -1692 4101 -3755 3765 -3938 3562 -9709 6368 4369 -2220 2921 -571 -8269 7345 -3904 2894 -2180 1467 8121 -2845 -2711 -5089 2050 4726 2675 958 -4668 4765 585 1122 -9178 4645 -220 -260 -2257 -4510 -3020 -2281 -887 7656 -4597 1127 4730 -704
-682 -1222 8028 3276 5592 -4221 -3429 518 4614 40 -1964 -2929 -172 1999 3216 -7407 -5878 -1262 -325 4400 -3554 1348 -3034 168 -5134 2640 -8143 2796 4064 -1749 1207 1314 -4469 6726 -3873 2289 -4321 2872 5336 -5651 -426 -4410 4000 6197 911 4546 -6909 5319 -504 3098 -7081 2360 -1909 -4456 -615 -752 -3884 1418 3362 10388 -4310 -1246 4841 -2966
-682 -1222 8028 3276 5592 -4221 -3429 518 4614 40 -1964 -2929 -172 1999 3216 -7407 -5878 -1262 -325 4400 -3554 1348 -3034 168 -5134 2640 -8143 2796 4064 -1749 1207 1314 -4469 6726 -3873 2289 -4321 2872 5336 -5651 -426 -4410 4000 6197 911 4546 -6909 5319 -504 3098 -7081 2360 -1909 -4456 -615 -752 -3884 1418 3362 10388 -4310 -1246 4841 -2966
-682 -1222 8028 3276 5592 -4221 -3429 518 4614 40 -1964 -2929 -172 1999 3216 -7407 -5878 -1262 -325 4400 -3554 1348 -3034 168 -5134 2640 -8143 2796 4064 -1749 1207 1314 -4469 6726 -3873 2289 -4321 2872 5336 -5651 -426 -4410 4000 6197 911 4546 -6909 5319 -504 3098 -7081 2360 -1909 -4456 -615 -752 -3884 1418 3362 10388 -4310 -1246 4841 -2966
-682 -1222 8028 3276 5592 -4221 -3429 518 4614 40 -1964 -2929 -172 1999 3216 -7407 -5878 -1262 -325 4400 -3554 1348 -3034 168 -5134 2640 -8143 2796 4064 -1749 1207 1314 -4469 6726 -3873 2289 -4321 2872 5336 -5651 -426 -4410 4000 6197 911 4546 -6909 5319 -504 3098 -7081 2360 -1909 -4456 -615 -752 -3884 1418 3362 10388 -4310 -1246 4841 -2966
-682 -1222 8028 3276 5592 -4221 -3429 518 4614 40 -1964 -2929 -172 1999 3216 -7407 -5878 -1262 -325 4400 -3554 1348 -3034 168 -5134 2640 -8143 2796 4064 -1749 1207 1314 -4469 6726 -3873 2289 -4321 2872 5336 -5651 -426 -4410 4000 6197 911 4546 -6909 5319 -504 3098 -7081 2360 -1909 -4456 -615 -752 -3884 1418 3362 10388 -4310 -1246 4841 -2966
-682 -1222 8028 3276 5592 -4221 -3429 518 4614 40 -1964 -2929 -172 1999 3216 -7407 -5878 -1262 -325 4400 -3554 1348 -3034 168 -5134 2640 -8143 2796 4064 -1749 1207 1314 -4469 6726 -3873 2289 -4321 2872 5336 -5651 -426 -4410 4000 6197 911 4546 -6909 5319 -504 3098 -7081 2360 -1909 -4456 -615 -752 -3884 1418 3362 10388 -4310 -1246 4841 -2966
-682 -1222 8028 3276 5592 -4221 -3429 518 4614 40 -1964 -2929 -172 1999 3216 -7407 -5878 -1262 -325 4400 -3554 1348 -3034 168 -5134 2640 -8143 2796 4064 -1749 1207 1314 -4469 6726 -3873 2289 -4321 2872 5336 -5651 -426 -4410 4000 6197 911 4546 -6909 5319 -504 3098 -7081 2360 -1909 -4456 -615 -752 -3884 1418 3362 10388 -4310 -1246 4841 -2966
-682 -1222 8028 3276 5592 -4221 -3429 518 4614 40 -1964 -2929 -172 1999 3216 -7407 -5878 -1262 -325 4400 -3554 1348 -3034 168 -5134 2640 -8143 2796 4064 -1749 1207 1314 -4469 6726 -3873 2289 -4321 2872 5336 -5651 -426 -4410 4000 6197 911 4546 -6909 5319 -504 3098 -7081 2360 -1909 -4456 -615 -752 -3884 1418 3362 10388 -4310 -1246 4841 -2966
-449 -916 9001 3346 4720 -3380 -2485 -239 3857 -242 -1283 -2749 -13 851 1559 -6818 -5671 -89 421 5657 -3247 1477 -3204 -41 -5688 2639 -8233 3990 5228 -1743 1122 -312 -5830 5743 -3525 1539 -5032 2852 4563 -5550 -1974 -4686 3569 6473 1475 4606 -6113 3938 -981 4216 -7693 2558 -1293 -4550 142 -437 -2368 777 2218 11292 -2945 -1364 5348 -4034
102 -2024 8468 3653 4443 -3823 -1870 510 3944 -371 -1780 -3084 1 479 1827 -7080 -5962 -842 -1390 4763 -3274 2014 -1434 -240 -4895 5108 -8637 3799 4233 -2097 26 394 -5644 6719 -1736 3173 -5314 1900 4410 -4577 -1441 -5474 4019 6855 1186 3384 -6229 5438 1568 2486 -7746 1943 -984 -4488 336 -269 -5081 711 2665 10083 -4456 -871 5350 -2877
-682 -1222 8028 3276 5592 -4221 -3429 518 4614 40 -1964 -2929 -172 1999 3216 -7407 -5878 -1262 -325 4400 -3554 1348 -3034 168 -5134 2640 -8143 2796 4064 -1749 1207 1314 -4469 6726 -3873 2289 -4321 2872 5336 -5651 -426 -4410 4000 6197 911 4546 -6909 5319 -504 3098 -7081 2360 -1909 -4456 -615 -752 -3884 1418 3362 10388 -4310 -1246 4841 -2966
-682 -1222 8028 3276 5592 -4221 -3429 518 4614 40 -1964 -2929 -172 1999 3216 -7407 -5878 -1262 -325 4400 -3554 1348 -3034 168 -5134 2640 -8143 2796 4064 -1749 1207 1314 -4469 6726 -3873 2289 -4321 2872 5336 -5651 -426 -4410 4000 6197 911 4546 -6909 5319 -504 3098 -7081 2360 -1909 -4456 -615 -752 -3884 1418 3362 10388 -4310 -1246 4841 -2966
-682 -1222 8028 3276 5592 -4221 -3429 518 4614 40 -1964 -2929 -172 1999 3216 -7407 -5878 -1262 -325 4400 -3554 1348 -3034 168 -5134 2640 -8143 2796 4064 -1749 1207 1314 -4469 6726 -3873 2289 -4321 2872 5336 -5651 -426 -4410 4000 6197 911 4546 -6909 5319 -504 3098 -7081 2360 -1909 -4456 -615 -752 -3884 1418 3362 10388 -4310 -1246 4841 -2966
-682 -1222 8028 3276 5592 -4221 -3429 518 4614 40 -1964 -2929 -172 1999 3216 -7407 -5878 -1262 -325 4400 -3554 1348 -3034 168 -5134 2640 -8143 2796 4064 -1749 1207 1314 -4469 6726 -3873 2289 -4321 2872 5336 -5651 -426 -4410 4000 6197 911 4546 -6909 5319 -504 3098 -7081 2360 -1909 -4456 -615 -752 -3884 1418 3362 10388 -4310 -1246 4841 -2966
-682 -1222 8028 3276 5592 -4221 -3429 518 4614 40 -1964 -2929 -172 1999 3216 -7407 -5878 -1262 -325 4400 -3554 1348 -3034 168 -5134 2640 -8143 2796 4064 -1749 1207 1314 -4469 6726 -3873 2289 -4321 2872 5336 -5651 -426 -4410 4000 6197 911 4546 -6909 5319 -504 3098 -7081 2360 -1909 -4456 -615 -752 -3884 1418 3362 10388 -4310 -1246 4841 -2966
-1839 129 6979 4147 3512 -4889 -2911 -1247 1850 1246 -2427 -2139 -142 949 3374 -7376 -4587 -1174 2580 4985 -2343 1407 -5573 1102 -4134 153 -9843 4594 4283 -1189 4078 504 -4390 5655 -6965 1238 -3063 3331 7178 -5224 -1358 -2196 1402 7271 1556 4198 -5798 5904 -1782 3122 -7852 4567 -1750 -1559 -2115 -1484 -2657 -237 1360 8759 -4396 -1243 6466 -1999
-4606 874 7772 3905 1987 -2135 -617 -3748 1165 2163 -2321 -2439 2042 1348 3109 -5892 -3591 -2733 4618 2251 -1352 3557 -4751 2458 -2450 -1807 -11147 4718 2955 -1577 5526 -1669 -4603 6174 -6339 2915 -769 2927 9219 -4627 -1680 -2698 1135 3717 2013 3690 -4433 8216 -2008 187 -7947 5032 -980 1046 -4937 -3834 -2483 -2588 -1373 6879 -4923 -72 4558 975
-5527 1046 7465 3109 2289 -1052 -1111 -3276 1047 2007 -1977 -2035 3932 303 2560 -6637 -3948 -2950 4167 967 -517 3037 -4746 3368 -2395 -1876 -9714 4544 3942 -2031 4443 -84 -4177 6448 -8559 3531 -248 1383 10520 -4910 -1305 -1576 1838 2786 1589 2766 -2299 8085 -2167 -937 -7288 5027 -1589 880 -4792 -5535 -3231 -1383 -1663 7425 -4876 760 3807 1340
-5800 361 9123 3227 1028 -1360 -263 -3234 818 1349 -1354 -2348 3575 -1355 465 -5020 -4191 -1595 6270 2499 485 3823 -5751 2144 -2213 -2031 -9302 6299 4626 -999 5219 -1333 -6927 5347 -6968 3528 -724 2685 8909 -3411 -3955 -1909 802 3855 2286 2209 -1326 5663 -2163 182 -9177 4399 -1282 -900 -2824 -4963 -66 -2444 -3639 8629 -3660 298 3430 950
-3593 -981 11217 1764 3169 -2342 -1413 -1656 3247 -296 -472 -2642 3474 71 1907 -9438 -5212 -3396 -1720 2112 -3158 2237 -2463 3638 -3688 5205 -8967 1829 3483 -2536 1460 22 -5232 7625 -2474 4397 -1927 333 4640 -4242 963 -4971 4764 2509 2312 4005 -5639 7003 3137 55 -7603 4408 -2775 -2884 -1490 -3005 -5758 1957 418 8233 -4151 1921 3276 -665
-682 -1222 8028 3276 5592 -4221 -3429 518 4614 40 -1964 -2929 -172 1999 3216 -7407 -5878 -1262 -325 4400 -3554 1348 -3034 168 -5134 2640 -8143 2796 4064 -1749 1207 1314 -4469 6726 -3873 2289 -4321 2872 5336 -5651 -426 -4410 4000 6197 911 4546 -6909 5319 -504 3098 -7081 2360 -1909 -4456 -615 -752 -3884 1418 3362 10388 -4310 -1246 4841 -2966
-682 -1222 8028 3276 5592 -4221 -3429 518 4614 40 -1964 -2929 -172 1999 3216 -7407 -5878 -1262 -325 4400 -3554 1348 -3034 168 -5134 2640 -8143 2796 4064 -1749 1207 1314 -4469 6726 -3873 2289 -4321 2872 5336 -5651 -426 -4410 4000 6197 911 4546 -6909 5319 -504 3098 -7081 2360 -1909 -4456 -615 -752 -3884 1418 3362 10388 -4310 -1246 4841 -2966
-682 -1222 8028 3276 5592 -4221 -3429 518 4614 40 -1964 -2929 -172 1999 3216 -7407 -5878 -1262 -325 4400 -3554 1348 -3034 168 -5134 2640 -8143 2796 4064 -1749 1207 1314 -4469 6726 -3873 2289 -4321 2872 5336 -5651 -426 -4410 4000 6197 911 4546 -6909 5319 -504 3098 -7081 2360 -1909 -4456 -615 -752 -3884 1418 3362 10388 -4310 -1246 4841 -2966
-682 -1222 8028 3276 5592 -4221 -3429 518 4614 40 -1964 -2929 -172 1999 3216 -7407 -5878 -1262 -325 4400 -3554 1348 -3034 168 -5134 2640 -8143 2796 4064 -1749 1207 1314 -4469 6726 -3873 2289 -4321 2872 5336 -5651 -426 -4410 4000 6197 911 4546 -6909 5319 -504 3098 -7081 2360 -1909 -4456 -615 -752 -3884 1418 3362 10388 -4310 -1246 4841 -2966
-682 -1222 8028 3276 5592 -4221 -3429 518 4614 40 -1964 -2929 -172 1999 3216 -7407 -5878 -1262 -325 4400 -3554 1348 -3034 168 -5134 2640 -8143 2796 4064 -1749 1207 1314 -4469 6726 -3873 2289 -4321 2872 5336 -5651 -426 -4410 4000 6197 911 4546 -6909 5319 -504 3098 -7081 2360 -1909 -4456 -615 -752 -3884 1418 3362 10388 -4310 -1246 4841 -2966
-661 1506 4173 6683 -630 -4652 204 1310 709 1803 -1288 -2127 3400 -2231 3063 -6607 -2198 -1077 1852 493 -656 1990 -2644 904 -2669 4279 -9249 7635 4539 -1757 727 320 -5143 8122 -5932 890 -3831 -220 8645 -2528 -3407 -3151 1347 5543 1844 18 -2411 6655 -1263 2713 -8718 2338 1151 1550 -4158 -5933 -4069 -4577 293 7885 -7737 856 7096 -1012
-1430 -1147 8724 3125 5314 -3827 -3101 -84 4237 -198 -1924 -2833 336 2180 3063 -7500 -5902 -1397 -123 4422 -3156 1956 -3304 896 -5203 2146 -8500 2669 4261 -2191 1875 1159 -4752 7351 -3733 2785 -3698 2367 5261 -5582 -675 -4360 3739 5688 1160 4664 -7183 5785 -766 2700 -6829 2522 -2301 -4111 -522 -746 -4081 1461 2912 10202 -4425 -1136 4272 -2511
-682 -1222 8028 3276 5592 -4221 -3429 518 4614 40 -1964 -2929 -172 1999 3216 -7407 -5878 -1262 -325 4400 -3554 1348 -3034 168 -5134 2640 -8143 2796 4064 -1749 1207 1314 -4469 6726 -3873 2289 -4321 2872 5336 -5651 -426 -4410 4000 6197 911 4546 -6909 5319 -504 3098 -7081 2360 -1909 -4456 -615 -752 -3884 1418 3362 10388 -4310 -1246 4841 -2966
-682 -1222 8028 3276 5592 -4221 -3429 518 4614 40 -1964 -2929 -172 1999 3216 -7407 -5878 -1262 -325 4400 -3554 1348 -3034 168 -5134 2640 -8143 2796 4064 -1749 1207 1314 -4469 6726 -3873 2289 -4321 2872 5336 -5651 -426 -4410 4000 6197 911 4546 -6909 5319 -504 3098 -7081 2360 -1909 -4456 -615 -752 -3884 1418 3362 10388 -4310 -1246 4841 -2966
-682 -1222 8028 3276 5592 -4221 -3429 518 4614 40 -1964 -2929 -172 1999 3216 -7407 -5878 -1262 -325 4400 -3554 1348 -3034 168 -5134 2640 -8143 2796 4064 -1749 1207 1314 -4469 6726 -3873 2289 -4321 2872 5336 -5651 -426 -4410 4000 6197 911 4546 -6909 5319 -504 3098 -7081 2360 -1909 -4456 -615 -752 -3884 1418 3362 10388 -4310 -1246 4841 -2966
-682 -1222 8028 3276 5592 -4221 -3429 518 4614 40 -1964 -2929 -172 1999 3216 -7407 -5878 -1262 -325 4400 -3554 1348 -3034 168 -5134 2640 -8143 2796 4064 -1749 1207 1314 -4469 6726 -3873 2289 -4321 2872 5336 -5651 -426 -4410 4000 6197 911 4546 -6909 5319 -504 3098 -7081 2360 -1909 -4456 -615 -752 -3884 1418 3362 10388 -4310 -1246 4841 -2966
-1571 -716 9082 5203 3384 -4401 -2085 -262 3911 -943 -2673 -3319 459 -698 141 -5633 -6855 1196 2642 6294 -2138 3371 -4309 209 -3832 1595 -6931 6257 5853 -918 2289 160 -8538 5422 -4419 2452 -4198 2602 4519 -2804 -5156 -3934 2500 6317 1104 2324 -3795 2047 -1825 3056 -9013 2089 -1380 -4168 1147 -582 -159 -196 1633 11456 -2840 -1409 4181 -3193
-4112 -259 10938 2521 3156 -1002 -1329 -2417 2828 817 -1407 -2351 4171 314 1676 -8169 -4507 -4016 -93 752 -3280 2599 -2116 4006 -3497 4210 -10071 2542 2594 -1847 1386 -1362 -4917 6799 -3035 4874 -1151 318 6642 -4394 1221 -5556 4762 1390 2219 3614 -5060 7862 2988 -996 -8388 5434 -1767 -1514 -2668 -4262 -5105 338 -506 7483 -3845 2344 2820 -618
-682 -1222 8028 3276 5592 -4221 -3429 518 4614 40 -1964 -2929 -172 1999 3216 -7407 -5878 -1262 -325 4400 -3554 1348 -3034 168 -5134 2640 -8143 2796 4064 -1749 1207 1314 -4469 6726 -3873 2289 -4321 2872 5336 -5651 -426 -4410 4000 6197 911 4546 -6909 5319 -504 3098 -7081 2360 -1909 -4456 -615 -752 -3884 1418 3362 10388 -4310 -1246 4841 -2966
-682 -1222 8028 3276 5592 -4221 -3429 518 4614 40 -1964 -2929 -172 1999 3216 -7407 -5878 -1262 -325 4400 -3554 1348 -3034 168 -5134 2640 -8143 2796 4064 -1749 1207 1314 -4469 6726 -3873 2289 -4321 2872 5336 -5651 -426 -4410 4000 6197 911 4546 -6909 5319 -504 3098 -7081 2360 -1909 -4456 -615 -752 -3884 1418 3362 10388 -4310 -1246 4841 -2966
-682 -1222 8028 3276 5592 -4221 -3429 518 4614 40 -1964 -2929 -172 1999 3216 -7407 -5878 -1262 -325 4400 -3554 1348 -3034 168 -5134 2640 -8143 2796 4064 -1749 1207 1314 -4469 6726 -3873 2289 -4321 2872 5336 -5651 -426 -4410 4000 6197 911 4546 -6909 5319 -504 3098 -7081 2360 -1909 -4456 -615 -752 -3884 1418 3362 10388 -4310 -1246 4841 -2966
-682 -1222 8028 3276 5592 -4221 -3429 518 4614 40 -1964 -2929 -172 1999 3216 -7407 -5878 -1262 -325 4400 -3554 1348 -3034 168 -5134 2640 -8143 2796 4064 -1749 1207 1314 -4469 6726 -3873 2289 -4321 2872 5336 -5651 -426 -4410 4000 6197 911 4546 -6909 5319 -504 3098 -7081 2360 -1909 -4456 -615 -752 -3884 1418 3362 10388 -4310 -1246 4841 -2966
-519 -1396 8760 3198 5263 -3482 -2996 -86 4327 -109 -1425 -2905 -147 1221 2321 -7010 -6128 -590 492 5079 -3113 1516 -3374 -84 -5385 2400 -8282 3563 4596 -1530 1375 248 -5400 5901 -3855 2209 -4618 3336 4824 -5611 -1373 -4428 3311 6631 1120 4768 -6214 4542 -622 3707 -7846 2306 -1491 -5115 57 -377 -2602 1145 2526 10780 -3379 -1606 5012 -3436
-609 526 5797 4570 -296 -2327 395 -287 584 2759 -877 -2112 4324 -2443 3061 -7070 -2087 -4082 1192 -2188 -1656 810 -352 2065 -2115 6438 -10659 6456 2289 -749 -1378 -2275 -4047 5701 -3294 1592 -3423 588 8477 -3588 811 -5239 1996 4882 2581 1948 -2440 7993 3542 945 -9994 3349 2641 1026 -4227 -7320 -5505 -4250 -1290 6067 -5796 2125 6502 -54
-810 -1143 8238 3268 5404 -4120 -3277 306 4510 -5 -1952 -2965 -25 2124 3223 -7430 -5904 -1331 -242 4416 -3458 1571 -3090 382 -5151 2472 -8282 2814 4084 -1957 1434 1175 -4562 6909 -3695 2419 -4143 2776 5209 -5650 -492 -4485 3844 6051 973 4686 -7013 5485 -642 3018 -7063 2391 -1989 -4317 -572 -714 -3943 1339 3280 10322 -4358 -1263 4719 -2797
-682 -1222 8028 3276 5592 -4221 -3429 518 4614 40 -1964 -2929 -172 1999 3216 -7407 -5878 -1262 -325 4400 -3554 1348 -3034 168 -5134 2640 -8143 2796 4064 -1749 1207 1314 -4469 6726 -3873 2289 -4321 2872 5336 -5651 -426 -4410 4000 6197 911 4546 -6909 5319 -504 3098 -7081 2360 -1909 -4456 -615 -752 -3884 1418 3362 10388 -4310 -1246 4841 -2966
-682 -1222 8028 3276 5592 -4221 -3429 518 4614 40 -1964 -2929 -172 1999 3216 -7407 -5878 -1262 -325 4400 -3554 1348 -3034 168 -5134 2640 -8143 2796 4064 -1749 1207 1314 -4469 6726 -3873 2289 -4321 2872 5336 -5651 -426 -4410 4000 6197 911 4546 -6909 5319 -504 3098 -7081 2360 -1909 -4456 -615 -752 -3884 1418 3362 10388 -4310 -1246 4841 -2966
-682 -1222 8028 3276 5592 -4221 -3429 518 4614 40 -1964 -2929 -172 1999 3216 -7407 -5878 -1262 -325 4400 -3554 1348 -3034 168 -5134 2640 -8143 2796 4064 -1749 1207 1314 -4469 6726 -3873 2289 -4321 2872 5336 -5651 -426 -4410 4000 6197 911 4546 -6909 5319 -504 3098 -7081 2360 -1909 -4456 -615 -752 -3884 1418 3362 10388 -4310 -1246 4841 -2966
-682 -1222 8028 3276 5592 -4221 -3429 518 4614 40 -1964 -2929 -172 1999 3216 -7407 -5878 -1262 -325 4400 -3554 1348 -3034 168 -5134 2640 -8143 2796 4064 -1749 1207 1314 -4469 6726 -3873 2289 -4321 2872 5336 -5651 -426 -4410 4000 6197 911 4546 -6909 5319 -504 3098 -7081 2360 -1909 -4456 -615 -752 -3884 1418 3362 10388 -4310 -1246 4841 -2966
-2885 -567 6883 5144 2594 -6025 -3211 -882 3094 143 -3011 -3491 -354 435 2808 -7653 -6128 -620 3716 4469 -1369 3480 -5720 1058 -1438 -434 -7579 5894 3948 -443 4913 2863 -6393 6004 -8279 3140 -2325 4388 7213 -3177 -3482 -911 708 6145 327 2092 -3540 4547 -2833 1957 -8575 3242 -2380 -2916 -1811 -2227 -927 -170 2243 8587 -4851 -915 4873 612
-4420 318 10531 3145 3672 -941 -1974 -2050 2217 667 -1595 -2803 4239 1593 2103 -7533 -4550 -4114 1393 669 -2431 2120 -2507 4232 -4016 2355 -10010 2920 3487 -2570 2057 -1127 -4683 7235 -4232 4520 -1064 123 8236 -5666 911 -4687 4395 930 2604 3787 -4849 6988 1150 -613 -7529 4993 -1706 -844 -2486 -5066 -4972 -68 -344 8266 -3721 1691 2229 -610
-682 -1222 8028 3276 5592 -4221 -3429 518 4614 40 -1964 -2929 -172 1999 3216 -7407 -5878 -1262 -325 4400 -3554 1348 -3034 168 -5134 2640 -8143 2796 4064 -1749 1207 1314 -4469 6726 -3873 2289 -4321 2872 5336 -5651 -426 -4410 4000 6197 911 4546 -6909 5319 -504 3098 -7081 2360 -1909 -4456 -615 -752 -3884 1418 3362 10388 -4310 -1246 4841 -2966
-682 -1222 8028 3276 5592 -4221 -3429 518 4614 40 -1964 -2929 -172 1999 3216 -7407 -5878 -1262 -325 4400 -3554 1348 -3034 168 -5134 2640 -8143 2796 4064 -1749 1207 1314 -4469 6726 -3873 2289 -4321 2872 5336 -5651 -426 -4410 4000 6197 911 4546 -6909 5319 -504 3098 -7081 2360 -1909 -4456 -615 -752 -3884 1418 3362 10388 -4310 -1246 4841 -2966
-682 -1222 8028 3276 5592 -4221 -3429 518 4614 40 -1964 -2929 -172 1999 3216 -7407 -5878 -1262 -325 4400 -3554 1348 -3034 168 -5134 2640 -8143 2796 4064 -1749 1207 1314 -4469 6726 -3873 2289 -4321 2872 5336 -5651 -426 -4410 4000 6197 911 4546 -6909 5319 -504 3098 -7081 2360 -1909 -4456 -615 -752 -3884 1418 3362 10388 -4310 -1246 4841 -2966
