81 82 82 82 82 82 82 82 82 81 81 82 82 82 82 82 80 81 83 77 89 82 82 82 82 82 78 84 82 82 82 82 75 86 82 82 82 82 81 77 82 82 82 82 82 76 86 82 82 82
82 83 83 83 83 83 83 83 83 87 89 83 83 83 83 83 75 68 66 68 95 83 83 83 83 83 71 85 83 83 83 83 85 87 83 83 83 83 85 75 83 83 83 83 83 71 79 83 83 83
82 83 83 83 83 83 83 83 83 87 89 83 83 83 83 83 75 68 66 68 95 83 83 83 83 83 71 85 83 83 83 83 85 87 83 83 83 83 85 75 83 83 83 83 83 71 79 83 83 83
82 83 83 83 83 83 83 83 83 87 89 83 83 83 83 83 75 68 66 68 95 83 83 83 83 83 71 85 83 83 83 83 85 87 83 83 83 83 85 75 83 83 83 83 83 71 79 83 83 83
82 83 83 83 83 83 83 83 83 87 89 83 83 83 83 83 75 68 66 68 95 83 83 83 83 83 71 85 83 83 83 83 85 87 83 83 83 83 85 75 83 83 83 83 83 71 79 83 83 83
82 83 83 83 83 83 83 83 83 87 89 83 83 83 83 83 75 68 66 68 95 83 83 83 83 83 71 85 83 83 83 83 85 87 83 83 83 83 85 75 83 83 83 83 83 71 79 83 83 83
82 83 83 83 83 83 83 83 83 87 89 83 83 83 83 83 75 68 66 68 95 83 83 83 83 83 71 85 83 83 83 83 85 87 83 83 83 83 85 75 83 83 83 83 83 71 79 83 83 83
82 83 83 83 83 83 83 83 83 87 89 83 83 83 83 83 75 68 66 68 95 83 83 83 83 83 71 85 83 83 83 83 85 87 83 83 83 83 85 75 83 83 83 83 83 71 79 83 83 83
82 83 83 83 83 83 83 83 83 87 89 83 83 83 83 83 75 68 66 68 95 83 83 83 83 83 71 85 83 83 83 83 85 87 83 83 83 83 85 75 83 83 83 83 83 71 79 83 83 83
87 82 82 82 82 82 82 82 82 86 89 82 82 82 82 82 76 69 68 70 95 82 82 82 82 82 79 84 82 82 82 82 85 87 82 82 82 82 84 80 83 82 82 82 82 72 80 82 82 82
83 83 83 83 83 83 83 83 83 86 86 83 83 83 83 83 77 71 69 71 91 83 83 83 83 83 74 84 83 83 83 83 86 84 83 83 83 83 84 75 83 83 83 83 83 74 79 83 83 83
82 83 83 83 83 83 83 83 83 87 89 83 83 83 83 83 75 68 66 68 95 83 83 83 83 83 71 85 83 83 83 83 85 87 83 83 83 83 85 75 83 83 83 83 83 71 79 83 83 83
82 83 83 83 83 83 83 83 83 87 89 83 83 83 83 83 75 68 66 68 95 83 83 83 83 83 71 85 83 83 83 83 85 87 83 83 83 83 85 75 83 83 83 83 83 71 79 83 83 83
82 83 83 83 83 83 83 83 83 87 89 83 83 83 83 83 75 68 66 68 95 83 83 83 83 83 71 85 83 83 83 83 85 87 83 83 83 83 85 75 83 83 83 83 83 71 79 83 83 83
82 83 83 83 83 83 83 83 83 87 89 83 83 83 83 83 75 68 66 68 95 83 83 83 83 83 71 85 83 83 83 83 85 87 83 83 83 83 85 75 83 83 83 83 83 71 79 83 83 83
82 83 83 83 83 83 83 83 83 87 89 83 83 83 83 83 75 68 66 68 95 83 83 83 83 83 71 85 83 83 83 83 85 87 83 83 83 83 85 75 83 83 83 83 83 71 79 83 83 83
81 83 83 83 83 83 83 83 83 86 89 83 83 83 83 83 77 71 68 70 94 83 83 83 83 83 69 85 83 83 83 83 83 88 83 83 83 83 84 73 83 83 83 83 83 72 80 83 83 83
77 83 83 83 83 83 83 83 83 82 85 83 83 83 83 83 78 78 78 73 91 83 83 83 83 83 68 85 83 83 83 83 75 88 83 83 83 83 82 71 83 83 83 83 83 73 85 83 83 83
78 82 82 82 82 82 82 82 82 81 84 82 82 82 82 82 79 81 83 76 93 82 82 82 82 82 69 84 82 82 82 82 74 92 82 82 82 82 81 74 83 82 82 82 82 74 88 82 82 82
85 81 81 81 81 81 81 81 81 80 84 81 81 81 81 81 81 85 89 83 93 81 81 81 81 81 81 83 81 81 81 81 76 92 81 81 81 81 80 81 81 81 81 81 81 78 89 81 81 81
73 84 84 84 84 84 84 84 84 85 84 84 84 84 84 84 77 72 71 69 86 84 84 84 84 84 67 85 84 84 84 84 79 82 84 84 84 84 84 69 84 84 84 84 84 72 80 84 84 84
82 83 83 83 83 83 83 83 83 87 89 83 83 83 83 83 75 68 66 68 95 83 83 83 83 83 71 85 83 83 83 83 85 87 83 83 83 83 85 75 83 83 83 83 83 71 79 83 83 83
82 83 83 83 83 83 83 83 83 87 89 83 83 83 83 83 75 68 66 68 95 83 83 83 83 83 71 85 83 83 83 83 85 87 83 83 83 83 85 75 83 83 83 83 83 71 79 83 83 83
82 83 83 83 83 83 83 83 83 87 89 83 83 83 83 83 75 68 66 68 95 83 83 83 83 83 71 85 83 83 83 83 85 87 83 83 83 83 85 75 83 83 83 83 83 71 79 83 83 83
82 83 83 83 83 83 83 83 83 87 89 83 83 83 83 83 75 68 66 68 95 83 83 83 83 83 71 85 83 83 83 83 85 87 83 83 83 83 85 75 83 83 83 83 83 71 79 83 83 83
82 83 83 83 83 83 83 83 83 87 89 83 83 83 83 83 75 68 66 68 95 83 83 83 83 83 71 85 83 83 83 83 85 87 83 83 83 83 85 75 83 83 83 83 83 71 79 83 83 83
82 82 82 82 82 82 82 82 82 79 80 82 82 82 82 82 80 84 86 80 94 82 82 82 82 82 73 84 82 82 82 82 75 93 82 82 82 82 80 76 82 82 82 82 82 78 90 82 82 82
81 83 83 83 83 83 83 83 83 87 89 83 83 83 83 83 76 68 66 68 92 83 83 83 83 83 70 85 83 83 83 83 84 85 83 83 83 83 85 73 84 83 83 83 83 71 79 83 83 83
82 83 83 83 83 83 83 83 83 87 89 83 83 83 83 83 75 68 66 68 95 83 83 83 83 83 71 85 83 83 83 83 85 87 83 83 83 83 85 75 83 83 83 83 83 71 79 83 83 83
82 83 83 83 83 83 83 83 83 87 89 83 83 83 83 83 75 68 66 68 95 83 83 83 83 83 71 85 83 83 83 83 85 87 83 83 83 83 85 75 83 83 83 83 83 71 79 83 83 83
82 83 83 83 83 83 83 83 83 87 89 83 83 83 83 83 75 68 66 68 95 83 83 83 83 83 71 85 83 83 83 83 85 87 83 83 83 83 85 75 83 83 83 83 83 71 79 83 83 83
82 83 83 83 83 83 83 83 83 87 89 83 83 83 83 83 75 68 66 68 95 83 83 83 83 83 71 85 83 83 83 83 85 87 83 83 83 83 85 75 83 83 83 83 83 71 79 83 83 83
94 81 81 81 81 81 81 81 81 86 87 81 81 81 81 81 79 76 75 81 95 81 81 81 81 81 87 83 81 81 81 81 91 88 81 81 81 81 83 83 81 81 81 81 81 79 82 81 81 81
75 84 84 84 84 84 84 84 84 83 83 84 84 84 84 84 77 76 78 72 87 84 84 84 84 84 70 85 84 84 84 84 75 85 84 84 84 84 82 72 84 84 84 84 84 71 84 84 84 84
82 83 83 83 83 83 83 83 83 87 89 83 83 83 83 83 75 68 66 68 95 83 83 83 83 83 71 85 83 83 83 83 85 87 83 83 83 83 85 75 83 83 83 83 83 71 79 83 83 83
82 83 83 83 83 83 83 83 83 87 89 83 83 83 83 83 75 68 66 68 95 83 83 83 83 83 71 85 83 83 83 83 85 87 83 83 83 83 85 75 83 83 83 83 83 71 79 83 83 83
82 83 83 83 83 83 83 83 83 87 89 83 83 83 83 83 75 68 66 68 95 83 83 83 83 83 71 85 83 83 83 83 85 87 83 83 83 83 85 75 83 83 83 83 83 71 79 83 83 83
82 83 83 83 83 83 83 83 83 87 89 83 83 83 83 83 75 68 66 68 95 83 83 83 83 83 71 85 83 83 83 83 85 87 83 83 83 83 85 75 83 83 83 83 83 71 79 83 83 83
85 83 83 83 83 83 83 83 83 87 89 83 83 83 83 83 75 68 67 69 95 83 83 83 83 83 75 84 83 83 83 83 86 87 83 83 83 83 84 78 83 83 83 83 83 72 79 83 83 83
78 82 82 82 82 82 82 82 82 76 78 82 82 82 82 82 79 85 89 79 94 82 82 82 82 82 73 84 82 82 82 82 69 94 82 82 82 82 78 78 82 82 82 82 82 76 93 82 82 82
82 83 83 83 83 83 83 83 83 87 89 83 83 83 83 83 75 68 66 68 94 83 83 83 83 83 71 85 83 83 83 83 85 87 83 83 83 83 85 75 83 83 83 83 83 71 79 83 83 83
82 83 83 83 83 83 83 83 83 87 89 83 83 83 83 83 75 68 66 68 95 83 83 83 83 83 71 85 83 83 83 83 85 87 83 83 83 83 85 75 83 83 83 83 83 71 79 83 83 83
82 83 83 83 83 83 83 83 83 87 89 83 83 83 83 83 75 68 66 68 95 83 83 83 83 83 71 85 83 83 83 83 85 87 83 83 83 83 85 75 83 83 83 83 83 71 79 83 83 83
82 83 83 83 83 83 83 83 83 87 89 83 83 83 83 83 75 68 66 68 95 83 83 83 83 83 71 85 83 83 83 83 85 87 83 83 83 83 85 75 83 83 83 83 83 71 79 83 83 83
82 83 83 83 83 83 83 83 83 87 89 83 83 83 83 83 75 68 66 68 95 83 83 83 83 83 71 85 83 83 83 83 85 87 83 83 83 83 85 75 83 83 83 83 83 71 79 83 83 83
82 83 83 83 83 83 83 83 83 87 88 83 83 83 83 83 77 74 71 76 95 83 83 83 83 83 68 84 83 83 83 83 88 89 83 83 83 83 85 71 83 83 83 83 83 76 80 83 83 83
78 83 83 83 83 83 83 83 83 82 84 83 83 83 83 83 78 76 78 71 89 83 83 83 83 83 74 84 83 83 83 83 73 87 83 83 83 83 81 77 83 83 83 83 83 71 86 83 83 83
82 83 83 83 83 83 83 83 83 87 89 83 83 83 83 83 75 68 66 68 95 83 83 83 83 83 71 85 83 83 83 83 85 87 83 83 83 83 85 75 83 83 83 83 83 71 79 83 83 83
82 83 83 83 83 83 83 83 83 87 89 83 83 83 83 83 75 68 66 68 95 83 83 83 83 83 71 85 83 83 83 83 85 87 83 83 83 83 85 75 83 83 83 83 83 71 79 83 83 83
82 83 83 83 83 83 83 83 83 87 89 83 83 83 83 83 75 68 66 68 95 83 83 83 83 83 71 85 83 83 83 83 85 87 83 83 83 83 85 75 83 83 83 83 83 71 79 83 83 83
