88 81 81 81 81 81 81 81 81 80 78 81 81 81 81 81 74 83 85 85 93 81 81 81 81 81 78 81 81 81 81 81 87 97 81 81 81 81 80 79 81 81 81 81 81 80 91 81 81 81
89 81 81 81 81 81 81 81 81 76 81 81 81 81 81 81 77 83 88 81 96 81 81 81 81 81 81 81 81 81 81 81 80 97 81 81 81 81 77 83 81 81 81 81 81 82 89 81 81 81
89 81 81 81 81 81 81 81 81 76 81 81 81 81 81 81 77 83 88 81 96 81 81 81 81 81 81 81 81 81 81 81 80 97 81 81 81 81 77 83 81 81 81 81 81 82 89 81 81 81
89 81 81 81 81 81 81 81 81 76 81 81 81 81 81 81 77 83 88 81 96 81 81 81 81 81 81 81 81 81 81 81 80 97 81 81 81 81 77 83 81 81 81 81 81 82 89 81 81 81
89 81 81 81 81 81 81 81 81 76 81 81 81 81 81 81 77 83 88 81 96 81 81 81 81 81 81 81 81 81 81 81 80 97 81 81 81 81 77 83 81 81 81 81 81 82 89 81 81 81
89 81 81 81 81 81 81 81 81 76 81 81 81 81 81 81 77 83 88 81 96 81 81 81 81 81 81 81 81 81 81 81 80 97 81 81 81 81 77 83 81 81 81 81 81 82 89 81 81 81
89 81 81 81 81 81 81 81 81 76 81 81 81 81 81 81 77 83 88 81 96 81 81 81 81 81 81 81 81 81 81 81 80 97 81 81 81 81 77 83 81 81 81 81 81 82 89 81 81 81
89 81 81 81 81 81 81 81 81 76 81 81 81 81 81 81 77 83 88 81 96 81 81 81 81 81 81 81 81 81 81 81 80 97 81 81 81 81 77 83 81 81 81 81 81 82 89 81 81 81
89 81 81 81 81 81 81 81 81 76 81 81 81 81 81 81 77 83 88 81 96 81 81 81 81 81 81 81 81 81 81 81 80 97 81 81 81 81 77 83 81 81 81 81 81 82 89 81 81 81
91 81 81 81 81 81 81 81 81 77 83 81 81 81 81 81 75 82 87 82 99 81 81 81 81 81 83 81 81 81 81 81 82 100 81 81 81 81 77 86 81 81 81 81 81 80 92 81 81 81
86 81 81 81 81 81 81 81 81 75 81 81 81 81 81 81 75 82 86 78 96 81 81 81 81 81 81 81 81 81 81 81 77 98 81 81 81 81 77 85 81 81 81 81 81 79 91 81 81 81
89 81 81 81 81 81 81 81 81 76 81 81 81 81 81 81 77 83 88 81 96 81 81 81 81 81 81 81 81 81 81 81 80 97 81 81 81 81 77 83 81 81 81 81 81 82 89 81 81 81
89 81 81 81 81 81 81 81 81 76 81 81 81 81 81 81 77 83 88 81 96 81 81 81 81 81 81 81 81 81 81 81 80 97 81 81 81 81 77 83 81 81 81 81 81 82 89 81 81 81
89 81 81 81 81 81 81 81 81 76 81 81 81 81 81 81 77 83 88 81 96 81 81 81 81 81 81 81 81 81 81 81 80 97 81 81 81 81 77 83 81 81 81 81 81 82 89 81 81 81
89 81 81 81 81 81 81 81 81 76 81 81 81 81 81 81 77 83 88 81 96 81 81 81 81 81 81 81 81 81 81 81 80 97 81 81 81 81 77 83 81 81 81 81 81 82 89 81 81 81
89 81 81 81 81 81 81 81 81 76 81 81 81 81 81 81 77 83 88 81 96 81 81 81 81 81 81 81 81 81 81 81 80 97 81 81 81 81 77 83 81 81 81 81 81 82 89 81 81 81
89 81 81 81 81 81 81 81 81 79 80 81 81 81 81 81 80 83 88 83 90 81 81 81 81 81 81 81 81 81 81 81 83 91 81 81 81 81 79 80 81 81 81 81 81 84 85 81 81 81
89 81 81 81 81 81 81 81 81 84 79 81 81 81 81 81 78 79 83 86 91 81 81 81 81 81 78 81 81 81 81 81 95 90 81 81 81 81 82 74 81 81 81 81 81 84 85 81 81 81
89 81 81 81 81 81 81 81 81 83 78 81 81 81 81 81 78 80 84 86 90 81 81 81 81 81 76 82 81 81 81 81 93 90 81 81 81 81 82 72 81 81 81 81 81 83 86 81 81 81
89 82 82 82 82 82 82 82 82 87 81 82 82 82 82 82 78 76 77 82 84 82 82 82 82 82 81 81 82 82 82 82 98 84 82 82 82 82 84 74 82 82 82 82 82 81 81 82 82 82
89 81 81 81 81 81 81 81 81 76 78 81 81 81 81 81 73 84 88 84 99 81 81 81 81 81 80 81 81 81 81 81 83 103 81 81 81 81 77 83 81 81 81 81 81 81 96 81 81 81
89 81 81 81 81 81 81 81 81 76 81 81 81 81 81 81 77 83 88 81 96 81 81 81 81 81 81 81 81 81 81 81 80 97 81 81 81 81 77 83 81 81 81 81 81 82 89 81 81 81
89 81 81 81 81 81 81 81 81 76 81 81 81 81 81 81 77 83 88 81 96 81 81 81 81 81 81 81 81 81 81 81 80 97 81 81 81 81 77 83 81 81 81 81 81 82 89 81 81 81
89 81 81 81 81 81 81 81 81 76 81 81 81 81 81 81 77 83 88 81 96 81 81 81 81 81 81 81 81 81 81 81 80 97 81 81 81 81 77 83 81 81 81 81 81 82 89 81 81 81
89 81 81 81 81 81 81 81 81 76 81 81 81 81 81 81 77 83 88 81 96 81 81 81 81 81 81 81 81 81 81 81 80 97 81 81 81 81 77 83 81 81 81 81 81 82 89 81 81 81
89 81 81 81 81 81 81 81 81 76 81 81 81 81 81 81 77 83 88 81 96 81 81 81 81 81 81 81 81 81 81 81 80 97 81 81 81 81 77 83 81 81 81 81 81 82 89 81 81 81
84 82 82 82 82 82 82 82 82 77 77 82 82 82 82 82 78 85 88 82 88 82 82 82 82 82 77 82 82 82 82 82 79 92 82 82 82 82 79 78 82 82 82 82 82 80 88 82 82 82
90 81 81 81 81 81 81 81 81 76 81 81 81 81 81 81 76 82 87 81 96 81 81 81 81 81 82 81 81 81 81 81 82 97 81 81 81 81 77 83 81 81 81 81 81 82 89 81 81 81
89 81 81 81 81 81 81 81 81 76 81 81 81 81 81 81 77 83 88 81 96 81 81 81 81 81 81 81 81 81 81 81 80 97 81 81 81 81 77 83 81 81 81 81 81 82 89 81 81 81
89 81 81 81 81 81 81 81 81 76 81 81 81 81 81 81 77 83 88 81 96 81 81 81 81 81 81 81 81 81 81 81 80 97 81 81 81 81 77 83 81 81 81 81 81 82 89 81 81 81
89 81 81 81 81 81 81 81 81 76 81 81 81 81 81 81 77 83 88 81 96 81 81 81 81 81 81 81 81 81 81 81 80 97 81 81 81 81 77 83 81 81 81 81 81 82 89 81 81 81
89 81 81 81 81 81 81 81 81 76 81 81 81 81 81 81 77 83 88 81 96 81 81 81 81 81 81 81 81 81 81 81 80 97 81 81 81 81 77 83 81 81 81 81 81 82 89 81 81 81
88 82 82 82 82 82 82 82 82 82 85 82 82 82 82 82 76 75 77 75 87 82 82 82 82 82 85 81 82 82 82 82 86 87 82 82 82 82 80 83 82 82 82 82 82 78 82 82 82 82
88 81 81 81 81 81 81 81 81 79 78 81 81 81 81 81 72 81 85 85 99 81 81 81 81 81 75 82 81 81 81 81 88 102 81 81 81 81 79 78 81 81 81 81 81 80 96 81 81 81
89 81 81 81 81 81 81 81 81 76 81 81 81 81 81 81 77 83 88 81 96 81 81 81 81 81 81 81 81 81 81 81 80 97 81 81 81 81 77 83 81 81 81 81 81 82 89 81 81 81
89 81 81 81 81 81 81 81 81 76 81 81 81 81 81 81 77 83 88 81 96 81 81 81 81 81 81 81 81 81 81 81 80 97 81 81 81 81 77 83 81 81 81 81 81 82 89 81 81 81
89 81 81 81 81 81 81 81 81 76 81 81 81 81 81 81 77 83 88 81 96 81 81 81 81 81 81 81 81 81 81 81 80 97 81 81 81 81 77 83 81 81 81 81 81 82 89 81 81 81
89 81 81 81 81 81 81 81 81 76 81 81 81 81 81 81 77 83 88 81 96 81 81 81 81 81 81 81 81 81 81 81 80 97 81 81 81 81 77 83 81 81 81 81 81 82 89 81 81 81
90 81 81 81 81 81 81 81 81 77 82 81 81 81 81 81 76 82 86 80 96 81 81 81 81 81 83 81 81 81 81 81 81 97 81 81 81 81 77 84 81 81 81 81 81 81 89 81 81 81
84 81 81 81 81 81 81 81 81 76 75 81 81 81 81 81 74 87 91 85 94 81 81 81 81 81 72 82 81 81 81 81 78 100 81 81 81 81 78 78 81 81 81 81 81 78 96 81 81 81
90 81 81 81 81 81 81 81 81 76 81 81 81 81 81 81 77 83 87 81 96 81 81 81 81 81 82 81 81 81 81 81 81 97 81 81 81 81 77 83 81 81 81 81 81 82 89 81 81 81
89 81 81 81 81 81 81 81 81 76 81 81 81 81 81 81 77 83 88 81 96 81 81 81 81 81 81 81 81 81 81 81 80 97 81 81 81 81 77 83 81 81 81 81 81 82 89 81 81 81
89 81 81 81 81 81 81 81 81 76 81 81 81 81 81 81 77 83 88 81 96 81 81 81 81 81 81 81 81 81 81 81 80 97 81 81 81 81 77 83 81 81 81 81 81 82 89 81 81 81
89 81 81 81 81 81 81 81 81 76 81 81 81 81 81 81 77 83 88 81 96 81 81 81 81 81 81 81 81 81 81 81 80 97 81 81 81 81 77 83 81 81 81 81 81 82 89 81 81 81
89 81 81 81 81 81 81 81 81 76 81 81 81 81 81 81 77 83 88 81 96 81 81 81 81 81 81 81 81 81 81 81 80 97 81 81 81 81 77 83 81 81 81 81 81 82 89 81 81 81
84 83 83 83 83 83 83 83 83 82 81 83 83 83 83 83 82 75 77 73 79 83 83 83 83 83 82 80 83 83 83 83 83 79 83 83 83 83 81 77 82 83 83 83 83 81 74 83 83 83
90 81 81 81 81 81 81 81 81 80 79 81 81 81 81 81 72 81 85 86 100 81 81 81 81 81 74 82 81 81 81 81 91 102 81 81 81 81 80 76 81 81 81 81 81 80 95 81 81 81
89 81 81 81 81 81 81 81 81 76 81 81 81 81 81 81 77 83 88 81 96 81 81 81 81 81 81 81 81 81 81 81 80 97 81 81 81 81 77 83 81 81 81 81 81 82 89 81 81 81
89 81 81 81 81 81 81 81 81 76 81 81 81 81 81 81 77 83 88 81 96 81 81 81 81 81 81 81 81 81 81 81 80 97 81 81 81 81 77 83 81 81 81 81 81 82 89 81 81 81
89 81 81 81 81 81 81 81 81 76 81 81 81 81 81 81 77 83 88 81 96 81 81 81 81 81 81 81 81 81 81 81 80 97 81 81 81 81 77 83 81 81 81 81 81 82 89 81 81 81
