58 87 87 87 87 87 87 87 87 85 75 87 87 87 87 87 85 70 69 65 66 87 87 87 87 87 56 83 87 87 87 87 78 65 87 87 87 87 87 57 85 87 87 87 87 81 68 87 87 87
58 87 87 87 87 87 87 87 87 87 79 87 87 87 87 87 88 70 65 63 59 87 87 87 87 87 70 81 87 87 87 87 78 57 87 87 87 87 87 65 85 87 87 87 87 80 60 87 87 87
58 87 87 87 87 87 87 87 87 87 79 87 87 87 87 87 88 70 65 63 59 87 87 87 87 87 70 81 87 87 87 87 78 57 87 87 87 87 87 65 85 87 87 87 87 80 60 87 87 87
58 87 87 87 87 87 87 87 87 87 79 87 87 87 87 87 88 70 65 63 59 87 87 87 87 87 70 81 87 87 87 87 78 57 87 87 87 87 87 65 85 87 87 87 87 80 60 87 87 87
58 87 87 87 87 87 87 87 87 87 79 87 87 87 87 87 88 70 65 63 59 87 87 87 87 87 70 81 87 87 87 87 78 57 87 87 87 87 87 65 85 87 87 87 87 80 60 87 87 87
58 87 87 87 87 87 87 87 87 87 79 87 87 87 87 87 88 70 65 63 59 87 87 87 87 87 70 81 87 87 87 87 78 57 87 87 87 87 87 65 85 87 87 87 87 80 60 87 87 87
58 87 87 87 87 87 87 87 87 87 79 87 87 87 87 87 88 70 65 63 59 87 87 87 87 87 70 81 87 87 87 87 78 57 87 87 87 87 87 65 85 87 87 87 87 80 60 87 87 87
58 87 87 87 87 87 87 87 87 87 79 87 87 87 87 87 88 70 65 63 59 87 87 87 87 87 70 81 87 87 87 87 78 57 87 87 87 87 87 65 85 87 87 87 87 80 60 87 87 87
58 87 87 87 87 87 87 87 87 87 79 87 87 87 87 87 88 70 65 63 59 87 87 87 87 87 70 81 87 87 87 87 78 57 87 87 87 87 87 65 85 87 87 87 87 80 60 87 87 87
59 86 86 86 86 86 86 86 86 89 78 86 86 86 86 86 92 71 66 67 55 86 86 86 86 86 69 81 86 86 86 86 84 54 86 86 86 86 89 62 85 86 86 86 86 85 58 86 86 86
59 86 86 86 86 86 86 86 86 90 79 86 86 86 86 86 91 73 67 69 55 86 86 86 86 86 70 81 86 86 86 86 84 55 86 86 86 86 90 64 84 86 86 86 86 83 59 86 86 86
58 87 87 87 87 87 87 87 87 87 79 87 87 87 87 87 88 70 65 63 59 87 87 87 87 87 70 81 87 87 87 87 78 57 87 87 87 87 87 65 85 87 87 87 87 80 60 87 87 87
58 87 87 87 87 87 87 87 87 87 79 87 87 87 87 87 88 70 65 63 59 87 87 87 87 87 70 81 87 87 87 87 78 57 87 87 87 87 87 65 85 87 87 87 87 80 60 87 87 87
58 87 87 87 87 87 87 87 87 87 79 87 87 87 87 87 88 70 65 63 59 87 87 87 87 87 70 81 87 87 87 87 78 57 87 87 87 87 87 65 85 87 87 87 87 80 60 87 87 87
58 87 87 87 87 87 87 87 87 87 79 87 87 87 87 87 88 70 65 63 59 87 87 87 87 87 70 81 87 87 87 87 78 57 87 87 87 87 87 65 85 87 87 87 87 80 60 87 87 87
58 87 87 87 87 87 87 87 87 87 79 87 87 87 87 87 88 70 65 63 59 87 87 87 87 87 70 81 87 87 87 87 78 57 87 87 87 87 87 65 85 87 87 87 87 80 60 87 87 87
51 89 89 89 89 89 89 89 89 86 75 89 89 89 89 89 82 60 59 54 57 89 89 89 89 89 58 83 89 89 89 89 74 52 89 89 89 89 88 54 87 89 89 89 89 79 56 89 89 89
50 89 89 89 89 89 89 89 89 83 76 89 89 89 89 89 77 59 58 51 65 89 89 89 89 89 51 85 89 89 89 89 70 59 89 89 89 89 85 50 88 89 89 89 89 73 62 89 89 89
53 89 89 89 89 89 89 89 89 80 75 89 89 89 89 89 77 64 63 54 71 89 89 89 89 89 53 86 89 89 89 89 68 66 89 89 89 89 82 54 87 89 89 89 89 74 69 89 89 89
53 88 88 88 88 88 88 88 88 83 73 88 88 88 88 88 81 64 62 58 65 88 88 88 88 88 52 85 88 88 88 88 75 60 88 88 88 88 85 49 87 88 88 88 88 81 64 88 88 88
64 85 85 85 85 85 85 85 85 82 78 85 85 85 85 85 88 80 76 73 70 85 85 85 85 85 73 83 85 85 85 85 79 68 85 85 85 85 83 67 84 85 85 85 85 84 72 85 85 85
58 87 87 87 87 87 87 87 87 87 79 87 87 87 87 87 88 70 65 63 59 87 87 87 87 87 70 81 87 87 87 87 78 57 87 87 87 87 87 65 85 87 87 87 87 80 60 87 87 87
58 87 87 87 87 87 87 87 87 87 79 87 87 87 87 87 88 70 65 63 59 87 87 87 87 87 70 81 87 87 87 87 78 57 87 87 87 87 87 65 85 87 87 87 87 80 60 87 87 87
58 87 87 87 87 87 87 87 87 87 79 87 87 87 87 87 88 70 65 63 59 87 87 87 87 87 70 81 87 87 87 87 78 57 87 87 87 87 87 65 85 87 87 87 87 80 60 87 87 87
58 87 87 87 87 87 87 87 87 87 79 87 87 87 87 87 88 70 65 63 59 87 87 87 87 87 70 81 87 87 87 87 78 57 87 87 87 87 87 65 85 87 87 87 87 80 60 87 87 87
58 87 87 87 87 87 87 87 87 87 79 87 87 87 87 87 88 70 65 63 59 87 87 87 87 87 70 81 87 87 87 87 78 57 87 87 87 87 87 65 85 87 87 87 87 80 60 87 87 87
54 88 88 88 88 88 88 88 88 87 77 88 88 88 88 88 82 65 66 59 64 88 88 88 88 88 54 82 88 88 88 88 73 64 88 88 88 88 89 58 86 88 88 88 88 73 66 88 88 88
59 87 87 87 87 87 87 87 87 86 78 87 87 87 87 87 87 71 66 64 61 87 87 87 87 87 70 82 87 87 87 87 77 59 87 87 87 87 86 65 85 87 87 87 87 80 62 87 87 87
58 87 87 87 87 87 87 87 87 87 79 87 87 87 87 87 88 70 65 63 59 87 87 87 87 87 70 81 87 87 87 87 78 57 87 87 87 87 87 65 85 87 87 87 87 80 60 87 87 87
58 87 87 87 87 87 87 87 87 87 79 87 87 87 87 87 88 70 65 63 59 87 87 87 87 87 70 81 87 87 87 87 78 57 87 87 87 87 87 65 85 87 87 87 87 80 60 87 87 87
58 87 87 87 87 87 87 87 87 87 79 87 87 87 87 87 88 70 65 63 59 87 87 87 87 87 70 81 87 87 87 87 78 57 87 87 87 87 87 65 85 87 87 87 87 80 60 87 87 87
58 87 87 87 87 87 87 87 87 87 79 87 87 87 87 87 88 70 65 63 59 87 87 87 87 87 70 81 87 87 87 87 78 57 87 87 87 87 87 65 85 87 87 87 87 80 60 87 87 87
59 86 86 86 86 86 86 86 86 88 75 86 86 86 86 86 92 70 67 69 56 86 86 86 86 86 67 81 86 86 86 86 84 54 86 86 86 86 89 59 85 86 86 86 86 89 59 86 86 86
60 86 86 86 86 86 86 86 86 82 77 86 86 86 86 86 86 76 71 67 69 86 86 86 86 86 65 84 86 86 86 86 77 67 86 86 86 86 83 63 85 86 86 86 86 81 71 86 86 86
58 87 87 87 87 87 87 87 87 87 79 87 87 87 87 87 88 70 65 63 59 87 87 87 87 87 70 81 87 87 87 87 78 57 87 87 87 87 87 65 85 87 87 87 87 80 60 87 87 87
58 87 87 87 87 87 87 87 87 87 79 87 87 87 87 87 88 70 65 63 59 87 87 87 87 87 70 81 87 87 87 87 78 57 87 87 87 87 87 65 85 87 87 87 87 80 60 87 87 87
58 87 87 87 87 87 87 87 87 87 79 87 87 87 87 87 88 70 65 63 59 87 87 87 87 87 70 81 87 87 87 87 78 57 87 87 87 87 87 65 85 87 87 87 87 80 60 87 87 87
58 87 87 87 87 87 87 87 87 87 79 87 87 87 87 87 88 70 65 63 59 87 87 87 87 87 70 81 87 87 87 87 78 57 87 87 87 87 87 65 85 87 87 87 87 80 60 87 87 87
58 87 87 87 87 87 87 87 87 88 78 87 87 87 87 87 90 70 65 65 56 87 87 87 87 87 69 81 87 87 87 87 81 54 87 87 87 87 89 62 85 87 87 87 87 83 58 87 87 87
54 88 88 88 88 88 88 88 88 87 78 88 88 88 88 88 84 69 66 62 62 88 88 88 88 88 54 83 88 88 88 88 77 62 88 88 88 88 89 57 86 88 88 88 88 74 65 88 88 88
58 87 87 87 87 87 87 87 87 87 79 87 87 87 87 87 88 70 66 63 59 87 87 87 87 87 70 82 87 87 87 87 77 57 87 87 87 87 87 65 85 87 87 87 87 80 61 87 87 87
58 87 87 87 87 87 87 87 87 87 79 87 87 87 87 87 88 70 65 63 59 87 87 87 87 87 70 81 87 87 87 87 78 57 87 87 87 87 87 65 85 87 87 87 87 80 60 87 87 87
58 87 87 87 87 87 87 87 87 87 79 87 87 87 87 87 88 70 65 63 59 87 87 87 87 87 70 81 87 87 87 87 78 57 87 87 87 87 87 65 85 87 87 87 87 80 60 87 87 87
58 87 87 87 87 87 87 87 87 87 79 87 87 87 87 87 88 70 65 63 59 87 87 87 87 87 70 81 87 87 87 87 78 57 87 87 87 87 87 65 85 87 87 87 87 80 60 87 87 87
58 87 87 87 87 87 87 87 87 87 79 87 87 87 87 87 88 70 65 63 59 87 87 87 87 87 70 81 87 87 87 87 78 57 87 87 87 87 87 65 85 87 87 87 87 80 60 87 87 87
52 89 89 89 89 89 89 89 89 83 74 89 89 89 89 89 80 60 60 54 61 89 89 89 89 89 57 83 89 89 89 89 71 56 89 89 89 89 86 54 87 89 89 89 89 79 60 89 89 89
59 86 86 86 86 86 86 86 86 81 77 86 86 86 86 86 84 75 71 64 72 86 86 86 86 86 63 85 86 86 86 86 73 69 86 86 86 86 82 63 86 86 86 86 86 79 72 86 86 86
58 87 87 87 87 87 87 87 87 87 79 87 87 87 87 87 88 70 65 63 59 87 87 87 87 87 70 81 87 87 87 87 78 57 87 87 87 87 87 65 85 87 87 87 87 80 60 87 87 87
58 87 87 87 87 87 87 87 87 87 79 87 87 87 87 87 88 70 65 63 59 87 87 87 87 87 70 81 87 87 87 87 78 57 87 87 87 87 87 65 85 87 87 87 87 80 60 87 87 87
58 87 87 87 87 87 87 87 87 87 79 87 87 87 87 87 88 70 65 63 59 87 87 87 87 87 70 81 87 87 87 87 78 57 87 87 87 87 87 65 85 87 87 87 87 80 60 87 87 87
