70 85 85 85 85 85 85 85 85 86 81 85 85 85 85 85 77 76 73 76 78 85 85 85 85 85 60 86 85 85 85 85 89 75 85 85 85 85 85 54 85 85 85 85 85 76 79 85 85 85
81 82 82 82 82 82 82 82 82 86 78 82 82 82 82 82 93 86 85 89 70 82 82 82 82 82 86 81 82 82 82 82 96 68 82 82 82 82 83 67 82 82 82 82 82 93 74 82 82 82
81 82 82 82 82 82 82 82 82 86 78 82 82 82 82 82 93 86 85 89 70 82 82 82 82 82 86 81 82 82 82 82 96 68 82 82 82 82 83 67 82 82 82 82 82 93 74 82 82 82
81 82 82 82 82 82 82 82 82 86 78 82 82 82 82 82 93 86 85 89 70 82 82 82 82 82 86 81 82 82 82 82 96 68 82 82 82 82 83 67 82 82 82 82 82 93 74 82 82 82
81 82 82 82 82 82 82 82 82 86 78 82 82 82 82 82 93 86 85 89 70 82 82 82 82 82 86 81 82 82 82 82 96 68 82 82 82 82 83 67 82 82 82 82 82 93 74 82 82 82
81 82 82 82 82 82 82 82 82 86 78 82 82 82 82 82 93 86 85 89 70 82 82 82 82 82 86 81 82 82 82 82 96 68 82 82 82 82 83 67 82 82 82 82 82 93 74 82 82 82
81 82 82 82 82 82 82 82 82 86 78 82 82 82 82 82 93 86 85 89 70 82 82 82 82 82 86 81 82 82 82 82 96 68 82 82 82 82 83 67 82 82 82 82 82 93 74 82 82 82
81 82 82 82 82 82 82 82 82 86 78 82 82 82 82 82 93 86 85 89 70 82 82 82 82 82 86 81 82 82 82 82 96 68 82 82 82 82 83 67 82 82 82 82 82 93 74 82 82 82
81 82 82 82 82 82 82 82 82 86 78 82 82 82 82 82 93 86 85 89 70 82 82 82 82 82 86 81 82 82 82 82 96 68 82 82 82 82 83 67 82 82 82 82 82 93 74 82 82 82
81 82 82 82 82 82 82 82 82 87 78 82 82 82 82 82 94 86 85 91 69 82 82 82 82 82 84 82 82 82 82 82 99 66 82 82 82 82 83 64 82 82 82 82 82 96 72 82 82 82
80 82 82 82 82 82 82 82 82 87 77 82 82 82 82 82 90 86 86 91 71 82 82 82 82 82 78 82 82 82 82 82 96 70 82 82 82 82 84 63 82 82 82 82 82 91 77 82 82 82
81 82 82 82 82 82 82 82 82 86 78 82 82 82 82 82 93 86 85 89 70 82 82 82 82 82 86 81 82 82 82 82 96 68 82 82 82 82 83 67 82 82 82 82 82 93 74 82 82 82
81 82 82 82 82 82 82 82 82 86 78 82 82 82 82 82 93 86 85 89 70 82 82 82 82 82 86 81 82 82 82 82 96 68 82 82 82 82 83 67 82 82 82 82 82 93 74 82 82 82
81 82 82 82 82 82 82 82 82 86 78 82 82 82 82 82 93 86 85 89 70 82 82 82 82 82 86 81 82 82 82 82 96 68 82 82 82 82 83 67 82 82 82 82 82 93 74 82 82 82
81 82 82 82 82 82 82 82 82 86 78 82 82 82 82 82 93 86 85 89 70 82 82 82 82 82 86 81 82 82 82 82 96 68 82 82 82 82 83 67 82 82 82 82 82 93 74 82 82 82
81 82 82 82 82 82 82 82 82 86 78 82 82 82 82 82 93 86 85 89 70 82 82 82 82 82 86 81 82 82 82 82 96 68 82 82 82 82 83 67 82 82 82 82 82 93 74 82 82 82
77 83 83 83 83 83 83 83 83 87 79 83 83 83 83 83 90 85 80 86 71 83 83 83 83 83 77 83 83 83 83 83 96 68 83 83 83 83 84 62 83 83 83 83 83 91 72 83 83 83
73 84 84 84 84 84 84 84 84 87 82 84 84 84 84 84 77 76 71 75 79 84 84 84 84 84 66 85 84 84 84 84 88 75 84 84 84 84 85 61 85 84 84 84 84 75 79 84 84 84
75 84 84 84 84 84 84 84 84 86 83 84 84 84 84 84 77 76 72 73 81 84 84 84 84 84 72 85 84 84 84 84 85 77 84 84 84 84 84 67 84 84 84 84 84 75 79 84 84 84
69 85 85 85 85 85 85 85 85 87 84 85 85 85 85 85 73 70 66 68 79 85 85 85 85 85 62 86 85 85 85 85 87 73 85 85 85 85 85 56 86 85 85 85 85 75 74 85 85 85
82 82 82 82 82 82 82 82 82 87 80 82 82 82 82 82 86 82 85 83 74 82 82 82 82 82 83 82 82 82 82 82 91 74 82 82 82 82 83 69 82 82 82 82 82 81 81 82 82 82
81 82 82 82 82 82 82 82 82 86 78 82 82 82 82 82 93 86 85 89 70 82 82 82 82 82 86 81 82 82 82 82 96 68 82 82 82 82 83 67 82 82 82 82 82 93 74 82 82 82
81 82 82 82 82 82 82 82 82 86 78 82 82 82 82 82 93 86 85 89 70 82 82 82 82 82 86 81 82 82 82 82 96 68 82 82 82 82 83 67 82 82 82 82 82 93 74 82 82 82
81 82 82 82 82 82 82 82 82 86 78 82 82 82 82 82 93 86 85 89 70 82 82 82 82 82 86 81 82 82 82 82 96 68 82 82 82 82 83 67 82 82 82 82 82 93 74 82 82 82
81 82 82 82 82 82 82 82 82 86 78 82 82 82 82 82 93 86 85 89 70 82 82 82 82 82 86 81 82 82 82 82 96 68 82 82 82 82 83 67 82 82 82 82 82 93 74 82 82 82
81 82 82 82 82 82 82 82 82 86 78 82 82 82 82 82 93 86 85 89 70 82 82 82 82 82 86 81 82 82 82 82 96 68 82 82 82 82 83 67 82 82 82 82 82 93 74 82 82 82
74 83 83 83 83 83 83 83 83 84 77 83 83 83 83 83 82 87 82 88 78 83 83 83 83 83 63 85 83 83 83 83 88 77 83 83 83 83 84 58 84 83 83 83 83 83 83 83 83 83
80 82 82 82 82 82 82 82 82 87 79 82 82 82 82 82 92 85 84 87 70 82 82 82 82 82 84 82 82 82 82 82 96 68 82 82 82 82 83 66 82 82 82 82 82 91 74 82 82 82
81 82 82 82 82 82 82 82 82 86 78 82 82 82 82 82 93 86 85 89 70 82 82 82 82 82 86 81 82 82 82 82 96 68 82 82 82 82 83 67 82 82 82 82 82 93 74 82 82 82
81 82 82 82 82 82 82 82 82 86 78 82 82 82 82 82 93 86 85 89 70 82 82 82 82 82 86 81 82 82 82 82 96 68 82 82 82 82 83 67 82 82 82 82 82 93 74 82 82 82
81 82 82 82 82 82 82 82 82 86 78 82 82 82 82 82 93 86 85 89 70 82 82 82 82 82 86 81 82 82 82 82 96 68 82 82 82 82 83 67 82 82 82 82 82 93 74 82 82 82
81 82 82 82 82 82 82 82 82 86 78 82 82 82 82 82 93 86 85 89 70 82 82 82 82 82 86 81 82 82 82 82 96 68 82 82 82 82 83 67 82 82 82 82 82 93 74 82 82 82
72 84 84 84 84 84 84 84 84 87 79 84 84 84 84 84 86 78 77 81 69 84 84 84 84 84 70 84 84 84 84 84 97 64 84 84 84 84 84 54 84 84 84 84 84 92 69 84 84 84
81 83 83 83 83 83 83 83 83 86 81 83 83 83 83 83 81 79 81 79 78 83 83 83 83 83 80 83 83 83 83 83 87 78 83 83 83 83 83 71 82 83 83 83 83 75 83 83 83 83
81 82 82 82 82 82 82 82 82 86 78 82 82 82 82 82 93 86 85 89 70 82 82 82 82 82 86 81 82 82 82 82 96 68 82 82 82 82 83 67 82 82 82 82 82 93 74 82 82 82
81 82 82 82 82 82 82 82 82 86 78 82 82 82 82 82 93 86 85 89 70 82 82 82 82 82 86 81 82 82 82 82 96 68 82 82 82 82 83 67 82 82 82 82 82 93 74 82 82 82
81 82 82 82 82 82 82 82 82 86 78 82 82 82 82 82 93 86 85 89 70 82 82 82 82 82 86 81 82 82 82 82 96 68 82 82 82 82 83 67 82 82 82 82 82 93 74 82 82 82
81 82 82 82 82 82 82 82 82 86 78 82 82 82 82 82 93 86 85 89 70 82 82 82 82 82 86 81 82 82 82 82 96 68 82 82 82 82 83 67 82 82 82 82 82 93 74 82 82 82
80 82 82 82 82 82 82 82 82 87 78 82 82 82 82 82 93 85 84 89 69 82 82 82 82 82 84 82 82 82 82 82 97 66 82 82 82 82 83 65 82 82 82 82 82 94 72 82 82 82
83 82 82 82 82 82 82 82 82 84 78 82 82 82 82 82 82 89 87 90 81 82 82 82 82 82 73 84 82 82 82 82 85 84 82 82 82 82 83 69 82 82 82 82 82 77 89 82 82 82
81 82 82 82 82 82 82 82 82 87 78 82 82 82 82 82 93 86 85 89 70 82 82 82 82 82 85 82 82 82 82 82 96 68 82 82 82 82 83 67 82 82 82 82 82 93 74 82 82 82
81 82 82 82 82 82 82 82 82 86 78 82 82 82 82 82 93 86 85 89 70 82 82 82 82 82 86 81 82 82 82 82 96 68 82 82 82 82 83 67 82 82 82 82 82 93 74 82 82 82
81 82 82 82 82 82 82 82 82 86 78 82 82 82 82 82 93 86 85 89 70 82 82 82 82 82 86 81 82 82 82 82 96 68 82 82 82 82 83 67 82 82 82 82 82 93 74 82 82 82
81 82 82 82 82 82 82 82 82 86 78 82 82 82 82 82 93 86 85 89 70 82 82 82 82 82 86 81 82 82 82 82 96 68 82 82 82 82 83 67 82 82 82 82 82 93 74 82 82 82
81 82 82 82 82 82 82 82 82 86 78 82 82 82 82 82 93 86 85 89 70 82 82 82 82 82 86 81 82 82 82 82 96 68 82 82 82 82 83 67 82 82 82 82 82 93 74 82 82 82
68 85 85 85 85 85 85 85 85 87 82 85 85 85 85 85 81 75 70 73 72 85 85 85 85 85 67 85 85 85 85 85 94 65 85 85 85 85 85 55 85 85 85 85 85 86 68 85 85 85
82 83 83 83 83 83 83 83 83 86 83 83 83 83 83 83 81 79 79 78 79 83 83 83 83 83 81 83 83 83 83 83 86 78 83 83 83 83 83 73 83 83 83 83 83 75 82 83 83 83
81 82 82 82 82 82 82 82 82 86 78 82 82 82 82 82 93 86 85 89 70 82 82 82 82 82 86 81 82 82 82 82 96 68 82 82 82 82 83 67 82 82 82 82 82 93 74 82 82 82
81 82 82 82 82 82 82 82 82 86 78 82 82 82 82 82 93 86 85 89 70 82 82 82 82 82 86 81 82 82 82 82 96 68 82 82 82 82 83 67 82 82 82 82 82 93 74 82 82 82
81 82 82 82 82 82 82 82 82 86 78 82 82 82 82 82 93 86 85 89 70 82 82 82 82 82 86 81 82 82 82 82 96 68 82 82 82 82 83 67 82 82 82 82 82 93 74 82 82 82
