4037 2374 949 1356 1437 130 -539 -2387 -855 -2487 2975 101 -2130 2013 4459 928 -1930 158 1888 518 2866 -3406 -1460 -1550 1047 -617 2023 -752 -1191 -80 -1404 -1785 -2812 1548 1108 -332 -2237 2997 -541 -4301 -2220 2386 -737 2175 309 -4574 611 -721 -2616 699 -3356 -1521 2817 1789 1063 2609 -682 1485 -3796 -1028 714 -4008 -1694 -114
2867 372 3710 -549 -933 -2012 989 -2271 -2828 -968 2762 -1334 -902 2131 3734 -153 209 -472 698 -1095 -711 -4111 -681 -1567 -2523 -150 3927 403 -2837 -2626 -1733 -653 -2934 -363 2151 -1210 1218 761 179 -1559 -1043 3344 228 621 181 -6452 -969 -1016 -1037 782 -3335 -2153 2865 2057 2961 2108 -1755 559 -5278 -3345 -3553 -4544 -1043 -1203
2867 372 3710 -549 -933 -2012 989 -2271 -2828 -968 2762 -1334 -902 2131 3734 -153 209 -472 698 -1095 -711 -4111 -681 -1567 -2523 -150 3927 403 -2837 -2626 -1733 -653 -2934 -363 2151 -1210 1218 761 179 -1559 -1043 3344 228 621 181 -6452 -969 -1016 -1037 782 -3335 -2153 2865 2057 2961 2108 -1755 559 -5278 -3345 -3553 -4544 -1043 -1203
2867 372 3710 -549 -933 -2012 989 -2271 -2828 -968 2762 -1334 -902 2131 3734 -153 209 -472 698 -1095 -711 -4111 -681 -1567 -2523 -150 3927 403 -2837 -2626 -1733 -653 -2934 -363 2151 -1210 1218 761 179 -1559 -1043 3344 228 621 181 -6452 -969 -1016 -1037 782 -3335 -2153 2865 2057 2961 2108 -1755 559 -5278 -3345 -3553 -4544 -1043 -1203
2867 372 3710 -549 -933 -2012 989 -2271 -2828 -968 2762 -1334 -902 2131 3734 -153 209 -472 698 -1095 -711 -4111 -681 -1567 -2523 -150 3927 403 -2837 -2626 -1733 -653 -2934 -363 2151 -1210 1218 761 179 -1559 -1043 3344 228 621 181 -6452 -969 -1016 -1037 782 -3335 -2153 2865 2057 2961 2108 -1755 559 -5278 -3345 -3553 -4544 -1043 -1203
2867 372 3710 -549 -933 -2012 989 -2271 -2828 -968 2762 -1334 -902 2131 3734 -153 209 -472 698 -1095 -711 -4111 -681 -1567 -2523 -150 3927 403 -2837 -2626 -1733 -653 -2934 -363 2151 -1210 1218 761 179 -1559 -1043 3344 228 621 181 -6452 -969 -1016 -1037 782 -3335 -2153 2865 2057 2961 2108 -1755 559 -5278 -3345 -3553 -4544 -1043 -1203
2867 372 3710 -549 -933 -2012 989 -2271 -2828 -968 2762 -1334 -902 2131 3734 -153 209 -472 698 -1095 -711 -4111 -681 -1567 -2523 -150 3927 403 -2837 -2626 -1733 -653 -2934 -363 2151 -1210 1218 761 179 -1559 -1043 3344 228 621 181 -6452 -969 -1016 -1037 782 -3335 -2153 2865 2057 2961 2108 -1755 559 -5278 -3345 -3553 -4544 -1043 -1203
2867 372 3710 -549 -933 -2012 989 -2271 -2828 -968 2762 -1334 -902 2131 3734 -153 209 -472 698 -1095 -711 -4111 -681 -1567 -2523 -150 3927 403 -2837 -2626 -1733 -653 -2934 -363 2151 -1210 1218 761 179 -1559 -1043 3344 228 621 181 -6452 -969 -1016 -1037 782 -3335 -2153 2865 2057 2961 2108 -1755 559 -5278 -3345 -3553 -4544 -1043 -1203
2867 372 3710 -549 -933 -2012 989 -2271 -2828 -968 2762 -1334 -902 2131 3734 -153 209 -472 698 -1095 -711 -4111 -681 -1567 -2523 -150 3927 403 -2837 -2626 -1733 -653 -2934 -363 2151 -1210 1218 761 179 -1559 -1043 3344 228 621 181 -6452 -969 -1016 -1037 782 -3335 -2153 2865 2057 2961 2108 -1755 559 -5278 -3345 -3553 -4544 -1043 -1203
2225 415 3966 -299 -1074 -1303 755 -2412 -2456 -1406 2515 -1212 -397 1737 2872 160 798 -176 856 -1488 -1021 -4298 -1044 -1614 -1910 224 3222 711 -2874 -1704 -2607 -628 -2976 -499 1803 -843 1187 1129 -339 -1399 -1511 2911 349 234 612 -6801 -1082 -921 -738 565 -3276 -2186 3757 2216 3049 1655 -1184 289 -5068 -2698 -2914 -5227 -1424 -505
2486 408 3192 472 4 -1528 353 -2028 -1964 -961 3776 -1297 -348 2113 2719 -92 -477 308 808 -1374 -353 -4251 -813 -1887 -2049 38 2838 467 -2141 -1572 -1726 -1555 -3157 490 1736 -1474 575 1064 -380 -1538 -1681 2752 606 1045 -27 -6983 -575 -2131 -163 101 -3855 -3142 3225 1655 3825 1475 -1127 58 -4700 -2123 -2985 -4350 -1172 149
2867 372 3710 -549 -933 -2012 989 -2271 -2828 -968 2762 -1334 -902 2131 3734 -153 209 -472 698 -1095 -711 -4111 -681 -1567 -2523 -150 3927 403 -2837 -2626 -1733 -653 -2934 -363 2151 -1210 1218 761 179 -1559 -1043 3344 228 621 181 -6452 -969 -1016 -1037 782 -3335 -2153 2865 2057 2961 2108 -1755 559 -5278 -3345 -3553 -4544 -1043 -1203
2867 372 3710 -549 -933 -2012 989 -2271 -2828 -968 2762 -1334 -902 2131 3734 -153 209 -472 698 -1095 -711 -4111 -681 -1567 -2523 -150 3927 403 -2837 -2626 -1733 -653 -2934 -363 2151 -1210 1218 761 179 -1559 -1043 3344 228 621 181 -6452 -969 -1016 -1037 782 -3335 -2153 2865 2057 2961 2108 -1755 559 -5278 -3345 -3553 -4544 -1043 -1203
2867 372 3710 -549 -933 -2012 989 -2271 -2828 -968 2762 -1334 -902 2131 3734 -153 209 -472 698 -1095 -711 -4111 -681 -1567 -2523 -150 3927 403 -2837 -2626 -1733 -653 -2934 -363 2151 -1210 1218 761 179 -1559 -1043 3344 228 621 181 -6452 -969 -1016 -1037 782 -3335 -2153 2865 2057 2961 2108 -1755 559 -5278 -3345 -3553 -4544 -1043 -1203
2867 372 3710 -549 -933 -2012 989 -2271 -2828 -968 2762 -1334 -902 2131 3734 -153 209 -472 698 -1095 -711 -4111 -681 -1567 -2523 -150 3927 403 -2837 -2626 -1733 -653 -2934 -363 2151 -1210 1218 761 179 -1559 -1043 3344 228 621 181 -6452 -969 -1016 -1037 782 -3335 -2153 2865 2057 2961 2108 -1755 559 -5278 -3345 -3553 -4544 -1043 -1203
2867 372 3710 -549 -933 -2012 989 -2271 -2828 -968 2762 -1334 -902 2131 3734 -153 209 -472 698 -1095 -711 -4111 -681 -1567 -2523 -150 3927 403 -2837 -2626 -1733 -653 -2934 -363 2151 -1210 1218 761 179 -1559 -1043 3344 228 621 181 -6452 -969 -1016 -1037 782 -3335 -2153 2865 2057 2961 2108 -1755 559 -5278 -3345 -3553 -4544 -1043 -1203
3823 1040 3081 -949 -248 -2148 1178 -1550 -2893 -1079 1206 -1292 -2100 1956 4276 1218 -685 -1575 597 -376 -554 -3958 -911 -1262 -1081 -867 3712 -218 -2590 -2807 -1519 -837 -3286 -134 2410 -613 -58 1494 165 -3364 -1559 3262 -884 27 516 -5036 -1177 178 -2343 1377 -3593 -720 3166 2238 1584 3331 -680 2322 -5583 -2067 -2786 -3879 -201 -1876
4863 2663 1380 -314 541 27 -401 -859 -1993 -2939 415 386 -2376 2161 5529 889 -1910 -950 1057 2245 2492 -2767 -626 -1207 368 -1865 2710 -1318 -2567 -2180 -1090 -307 -2887 1342 1971 -10 -2146 2739 477 -4977 -1040 1995 -873 1831 -486 -3866 -570 313 -3597 1631 -3138 -856 1737 2900 415 3896 66 1887 -5082 -2500 -771 -3232 -1286 -1325
4958 2909 780 4 790 -69 161 -1478 -2483 -2918 606 617 -2909 2202 5903 333 -2287 -944 921 2384 2750 -2538 -1045 -1112 1173 -1741 3682 -1409 -1395 -2454 -923 -604 -1958 1526 1935 534 -2299 2970 1125 -4853 -367 3111 -778 1915 -1189 -3239 -16 1059 -3841 1998 -3069 -424 1215 2252 35 4759 -229 1066 -4891 -3087 -150 -2918 -1363 -1712
3827 3463 608 483 543 1041 -738 -1865 -1675 -2598 -439 -535 -2171 1725 4096 990 -2249 -274 754 1749 2577 -3311 -1374 -744 2000 -1637 2535 -1010 -1188 -973 -1647 -242 -2030 1096 614 956 -2353 2974 -393 -4871 -1247 3452 -353 2379 -168 -4011 -854 592 -3749 1060 -2589 540 2409 2775 -436 4062 561 824 -4014 -1581 441 -3253 -1196 -25
3732 2270 1536 879 1507 -277 361 -2296 -1723 -2502 3805 -254 -794 1883 3848 94 -1230 -137 1168 203 2844 -2862 -916 -804 -1848 -167 2957 -900 -1629 -2272 -409 -1383 -3304 385 1971 -1329 -15 2486 1356 -2066 -1132 3694 1752 2357 -1178 -6210 604 -1811 -1638 1033 -3386 -1830 1346 1798 2749 2383 -459 -2205 -4566 -4617 -943 -3927 -2253 -710
2867 372 3710 -549 -933 -2012 989 -2271 -2828 -968 2762 -1334 -902 2131 3734 -153 209 -472 698 -1095 -711 -4111 -681 -1567 -2523 -150 3927 403 -2837 -2626 -1733 -653 -2934 -363 2151 -1210 1218 761 179 -1559 -1043 3344 228 621 181 -6452 -969 -1016 -1037 782 -3335 -2153 2865 2057 2961 2108 -1755 559 -5278 -3345 -3553 -4544 -1043 -1203
2867 372 3710 -549 -933 -2012 989 -2271 -2828 -968 2762 -1334 -902 2131 3734 -153 209 -472 698 -1095 -711 -4111 -681 -1567 -2523 -150 3927 403 -2837 -2626 -1733 -653 -2934 -363 2151 -1210 1218 761 179 -1559 -1043 3344 228 621 181 -6452 -969 -1016 -1037 782 -3335 -2153 2865 2057 2961 2108 -1755 559 -5278 -3345 -3553 -4544 -1043 -1203
2867 372 3710 -549 -933 -2012 989 -2271 -2828 -968 2762 -1334 -902 2131 3734 -153 209 -472 698 -1095 -711 -4111 -681 -1567 -2523 -150 3927 403 -2837 -2626 -1733 -653 -2934 -363 2151 -1210 1218 761 179 -1559 -1043 3344 228 621 181 -6452 -969 -1016 -1037 782 -3335 -2153 2865 2057 2961 2108 -1755 559 -5278 -3345 -3553 -4544 -1043 -1203
2867 372 3710 -549 -933 -2012 989 -2271 -2828 -968 2762 -1334 -902 2131 3734 -153 209 -472 698 -1095 -711 -4111 -681 -1567 -2523 -150 3927 403 -2837 -2626 -1733 -653 -2934 -363 2151 -1210 1218 761 179 -1559 -1043 3344 228 621 181 -6452 -969 -1016 -1037 782 -3335 -2153 2865 2057 2961 2108 -1755 559 -5278 -3345 -3553 -4544 -1043 -1203
2867 372 3710 -549 -933 -2012 989 -2271 -2828 -968 2762 -1334 -902 2131 3734 -153 209 -472 698 -1095 -711 -4111 -681 -1567 -2523 -150 3927 403 -2837 -2626 -1733 -653 -2934 -363 2151 -1210 1218 761 179 -1559 -1043 3344 228 621 181 -6452 -969 -1016 -1037 782 -3335 -2153 2865 2057 2961 2108 -1755 559 -5278 -3345 -3553 -4544 -1043 -1203
3798 1696 300 735 1727 -1808 -711 -1638 -1540 -1878 2907 1120 -2472 3432 4839 404 -2961 67 1350 798 1570 -3482 -1160 -2616 1567 -718 3529 -357 -816 -662 -223 -2675 -1958 1768 1536 80 -3091 1748 -435 -3593 -1890 1603 -2325 480 131 -4054 788 -20 -2726 -223 -4533 -2552 2853 1302 2002 2699 -1175 3857 -3031 97 279 -3507 -443 -675
3227 678 3564 -144 -1030 -1648 896 -2083 -2712 -1176 2508 -1026 -720 2041 3837 14 118 -519 744 -763 -305 -3624 -769 -1420 -2500 -252 3580 60 -2898 -2758 -1731 -486 -3098 -445 2258 -1124 1138 913 435 -1787 -1119 3387 419 921 53 -6398 -1055 -1223 -1403 904 -3242 -1780 2471 2166 2734 2295 -1440 365 -5131 -3762 -3337 -4479 -1340 -1578
2867 372 3710 -549 -933 -2012 989 -2271 -2828 -968 2762 -1334 -902 2131 3734 -153 209 -472 698 -1095 -711 -4111 -681 -1567 -2523 -150 3927 403 -2837 -2626 -1733 -653 -2934 -363 2151 -1210 1218 761 179 -1559 -1043 3344 228 621 181 -6452 -969 -1016 -1037 782 -3335 -2153 2865 2057 2961 2108 -1755 559 -5278 -3345 -3553 -4544 -1043 -1203
2867 372 3710 -549 -933 -2012 989 -2271 -2828 -968 2762 -1334 -902 2131 3734 -153 209 -472 698 -1095 -711 -4111 -681 -1567 -2523 -150 3927 403 -2837 -2626 -1733 -653 -2934 -363 2151 -1210 1218 761 179 -1559 -1043 3344 228 621 181 -6452 -969 -1016 -1037 782 -3335 -2153 2865 2057 2961 2108 -1755 559 -5278 -3345 -3553 -4544 -1043 -1203
2867 372 3710 -549 -933 -2012 989 -2271 -2828 -968 2762 -1334 -902 2131 3734 -153 209 -472 698 -1095 -711 -4111 -681 -1567 -2523 -150 3927 403 -2837 -2626 -1733 -653 -2934 -363 2151 -1210 1218 761 179 -1559 -1043 3344 228 621 181 -6452 -969 -1016 -1037 782 -3335 -2153 2865 2057 2961 2108 -1755 559 -5278 -3345 -3553 -4544 -1043 -1203
2867 372 3710 -549 -933 -2012 989 -2271 -2828 -968 2762 -1334 -902 2131 3734 -153 209 -472 698 -1095 -711 -4111 -681 -1567 -2523 -150 3927 403 -2837 -2626 -1733 -653 -2934 -363 2151 -1210 1218 761 179 -1559 -1043 3344 228 621 181 -6452 -969 -1016 -1037 782 -3335 -2153 2865 2057 2961 2108 -1755 559 -5278 -3345 -3553 -4544 -1043 -1203
2181 1168 3306 861 -1372 -287 69 -2449 -2078 -691 1152 -2926 -894 647 1805 1175 -436 89 704 -1905 -882 -4747 -1322 -1672 -627 75 2152 375 -2066 -656 -2972 368 -2246 -56 232 -424 550 791 -1733 -1868 -2679 3767 472 955 1352 -6588 -1709 -1066 -1718 -324 -2765 216 3906 2474 1696 1856 -924 814 -4149 -1618 -2294 -4849 -1076 511
4020 2932 1215 595 2027 486 -345 -1947 -1454 -3274 3561 176 -1522 2149 4863 -225 -1638 2 1408 1479 3914 -2904 -930 -1077 -749 -525 2821 -954 -1498 -1789 -571 -1250 -2997 1534 1656 -969 -1146 3192 1138 -3044 -720 2484 1379 2736 -1469 -5704 1307 -813 -1809 1463 -3512 -2344 1375 2136 2220 2797 -365 -2020 -4928 -4561 -320 -3759 -2429 -124
2867 372 3710 -549 -933 -2012 989 -2271 -2828 -968 2762 -1334 -902 2131 3734 -153 209 -472 698 -1095 -711 -4111 -681 -1567 -2523 -150 3927 403 -2837 -2626 -1733 -653 -2934 -363 2151 -1210 1218 761 179 -1559 -1043 3344 228 621 181 -6452 -969 -1016 -1037 782 -3335 -2153 2865 2057 2961 2108 -1755 559 -5278 -3345 -3553 -4544 -1043 -1203
2867 372 3710 -549 -933 -2012 989 -2271 -2828 -968 2762 -1334 -902 2131 3734 -153 209 -472 698 -1095 -711 -4111 -681 -1567 -2523 -150 3927 403 -2837 -2626 -1733 -653 -2934 -363 2151 -1210 1218 761 179 -1559 -1043 3344 228 621 181 -6452 -969 -1016 -1037 782 -3335 -2153 2865 2057 2961 2108 -1755 559 -5278 -3345 -3553 -4544 -1043 -1203
2867 372 3710 -549 -933 -2012 989 -2271 -2828 -968 2762 -1334 -902 2131 3734 -153 209 -472 698 -1095 -711 -4111 -681 -1567 -2523 -150 3927 403 -2837 -2626 -1733 -653 -2934 -363 2151 -1210 1218 761 179 -1559 -1043 3344 228 621 181 -6452 -969 -1016 -1037 782 -3335 -2153 2865 2057 2961 2108 -1755 559 -5278 -3345 -3553 -4544 -1043 -1203
2867 372 3710 -549 -933 -2012 989 -2271 -2828 -968 2762 -1334 -902 2131 3734 -153 209 -472 698 -1095 -711 -4111 -681 -1567 -2523 -150 3927 403 -2837 -2626 -1733 -653 -2934 -363 2151 -1210 1218 761 179 -1559 -1043 3344 228 621 181 -6452 -969 -1016 -1037 782 -3335 -2153 2865 2057 2961 2108 -1755 559 -5278 -3345 -3553 -4544 -1043 -1203
2437 598 3773 -325 -1037 -1410 791 -2466 -2617 -1009 2485 -1514 -521 1995 3130 67 324 -329 649 -1427 -986 -4455 -829 -1425 -2087 -195 3598 695 -2867 -2147 -2233 -667 -3059 -575 1730 -1006 1197 970 -228 -1583 -1334 3351 385 537 384 -6675 -1350 -857 -826 646 -3226 -2011 3430 2189 2969 2024 -1314 327 -5181 -2912 -3279 -4829 -1200 -596
3394 2566 -123 267 3762 -1069 -1205 -2018 -838 -3012 4863 1196 -2300 4085 5125 -486 -3332 689 1528 1427 3353 -3488 -1168 -1986 1989 -1212 3824 -384 -449 68 540 -3328 -2429 2266 1904 -470 -3552 3211 200 -3709 -773 603 -1236 1379 -1787 -4511 2448 420 -1717 297 -4835 -4536 2818 1449 3081 2457 -786 1379 -3579 -491 831 -3102 -1200 932
2996 491 3702 -392 -979 -1880 914 -2171 -2769 -1066 2689 -1230 -809 2129 3736 -81 174 -454 702 -969 -630 -3930 -707 -1538 -2528 -202 3831 302 -2921 -2631 -1726 -577 -3016 -399 2199 -1217 1208 812 259 -1607 -1073 3282 280 694 141 -6474 -1011 -1090 -1157 764 -3308 -2059 2755 2123 2955 2119 -1671 547 -5213 -3453 -3504 -4520 -1146 -1307
2867 372 3710 -549 -933 -2012 989 -2271 -2828 -968 2762 -1334 -902 2131 3734 -153 209 -472 698 -1095 -711 -4111 -681 -1567 -2523 -150 3927 403 -2837 -2626 -1733 -653 -2934 -363 2151 -1210 1218 761 179 -1559 -1043 3344 228 621 181 -6452 -969 -1016 -1037 782 -3335 -2153 2865 2057 2961 2108 -1755 559 -5278 -3345 -3553 -4544 -1043 -1203
2867 372 3710 -549 -933 -2012 989 -2271 -2828 -968 2762 -1334 -902 2131 3734 -153 209 -472 698 -1095 -711 -4111 -681 -1567 -2523 -150 3927 403 -2837 -2626 -1733 -653 -2934 -363 2151 -1210 1218 761 179 -1559 -1043 3344 228 621 181 -6452 -969 -1016 -1037 782 -3335 -2153 2865 2057 2961 2108 -1755 559 -5278 -3345 -3553 -4544 -1043 -1203
2867 372 3710 -549 -933 -2012 989 -2271 -2828 -968 2762 -1334 -902 2131 3734 -153 209 -472 698 -1095 -711 -4111 -681 -1567 -2523 -150 3927 403 -2837 -2626 -1733 -653 -2934 -363 2151 -1210 1218 761 179 -1559 -1043 3344 228 621 181 -6452 -969 -1016 -1037 782 -3335 -2153 2865 2057 2961 2108 -1755 559 -5278 -3345 -3553 -4544 -1043 -1203
2867 372 3710 -549 -933 -2012 989 -2271 -2828 -968 2762 -1334 -902 2131 3734 -153 209 -472 698 -1095 -711 -4111 -681 -1567 -2523 -150 3927 403 -2837 -2626 -1733 -653 -2934 -363 2151 -1210 1218 761 179 -1559 -1043 3344 228 621 181 -6452 -969 -1016 -1037 782 -3335 -2153 2865 2057 2961 2108 -1755 559 -5278 -3345 -3553 -4544 -1043 -1203
3886 1768 2220 146 -526 -1782 609 -2119 -3257 150 81 -2977 -2296 824 3480 1461 -2231 -1320 384 -1120 -365 -4073 -439 -1058 -714 -1651 3795 -341 -1994 -2624 -1416 90 -2376 -158 980 -379 -264 982 -742 -3726 -2095 5153 -643 1049 1204 -4213 -2530 -176 -3703 378 -2588 1735 2565 2363 218 3966 -1002 2685 -4784 -1507 -2666 -3209 30 -1135
4219 2766 1780 458 1133 396 -435 -2061 -1619 -3795 2868 487 -2052 2464 5388 -379 -712 31 1246 1846 3536 -2283 -1577 -1217 -312 -785 3111 -802 -1818 -1872 -994 -410 -2646 1330 2306 -361 -1250 3099 1213 -3185 -343 2502 831 2657 -1556 -4999 1329 8 -2458 1666 -3365 -2092 1441 2361 1479 3291 -913 -1360 -4820 -5030 -569 -4047 -2623 -1159
2867 372 3710 -549 -933 -2012 989 -2271 -2828 -968 2762 -1334 -902 2131 3734 -153 209 -472 698 -1095 -711 -4111 -681 -1567 -2523 -150 3927 403 -2837 -2626 -1733 -653 -2934 -363 2151 -1210 1218 761 179 -1559 -1043 3344 228 621 181 -6452 -969 -1016 -1037 782 -3335 -2153 2865 2057 2961 2108 -1755 559 -5278 -3345 -3553 -4544 -1043 -1203
2867 372 3710 -549 -933 -2012 989 -2271 -2828 -968 2762 -1334 -902 2131 3734 -153 209 -472 698 -1095 -711 -4111 -681 -1567 -2523 -150 3927 403 -2837 -2626 -1733 -653 -2934 -363 2151 -1210 1218 761 179 -1559 -1043 3344 228 621 181 -6452 -969 -1016 -1037 782 -3335 -2153 2865 2057 2961 2108 -1755 559 -5278 -3345 -3553 -4544 -1043 -1203
2867 372 3710 -549 -933 -2012 989 -2271 -2828 -968 2762 -1334 -902 2131 3734 -153 209 -472 698 -1095 -711 -4111 -681 -1567 -2523 -150 3927 403 -2837 -2626 -1733 -653 -2934 -363 2151 -1210 1218 761 179 -1559 -1043 3344 228 621 181 -6452 -969 -1016 -1037 782 -3335 -2153 2865 2057 2961 2108 -1755 559 -5278 -3345 -3553 -4544 -1043 -1203
