476 1223 1223 1223 1223 1223 1223 1223 1223 1309 1036 1223 1223 1223 1223 1223 819 786 635 763 916 1223 1223 1223 1223 1223 -193 1292 1223 1223 1223 1223 1421 742 1223 1223 1223 1223 1237 -599 1243 1223 1223 1223 1223 808 955 1223 1223 1223
523 549 549 549 549 549 549 549 549 776 381 549 549 549 549 549 1082 770 730 909 -102 549 549 549 549 549 752 536 549 549 549 549 1199 -204 549 549 549 549 611 -251 540 549 549 549 549 1091 132 549 549 549
523 549 549 549 549 549 549 549 549 776 381 549 549 549 549 549 1082 770 730 909 -102 549 549 549 549 549 752 536 549 549 549 549 1199 -204 549 549 549 549 611 -251 540 549 549 549 549 1091 132 549 549 549
523 549 549 549 549 549 549 549 549 776 381 549 549 549 549 549 1082 770 730 909 -102 549 549 549 549 549 752 536 549 549 549 549 1199 -204 549 549 549 549 611 -251 540 549 549 549 549 1091 132 549 549 549
523 549 549 549 549 549 549 549 549 776 381 549 549 549 549 549 1082 770 730 909 -102 549 549 549 549 549 752 536 549 549 549 549 1199 -204 549 549 549 549 611 -251 540 549 549 549 549 1091 132 549 549 549
523 549 549 549 549 549 549 549 549 776 381 549 549 549 549 549 1082 770 730 909 -102 549 549 549 549 549 752 536 549 549 549 549 1199 -204 549 549 549 549 611 -251 540 549 549 549 549 1091 132 549 549 549
523 549 549 549 549 549 549 549 549 776 381 549 549 549 549 549 1082 770 730 909 -102 549 549 549 549 549 752 536 549 549 549 549 1199 -204 549 549 549 549 611 -251 540 549 549 549 549 1091 132 549 549 549
523 549 549 549 549 549 549 549 549 776 381 549 549 549 549 549 1082 770 730 909 -102 549 549 549 549 549 752 536 549 549 549 549 1199 -204 549 549 549 549 611 -251 540 549 549 549 549 1091 132 549 549 549
523 549 549 549 549 549 549 549 549 776 381 549 549 549 549 549 1082 770 730 909 -102 549 549 549 549 549 752 536 549 549 549 549 1199 -204 549 549 549 549 611 -251 540 549 549 549 549 1091 132 549 549 549
600 660 660 660 660 660 660 660 660 913 456 660 660 660 660 660 1209 870 834 1092 -57 660 660 660 660 660 747 652 660 660 660 660 1424 -190 660 660 660 660 740 -371 651 660 660 660 660 1302 152 660 660 660
672 760 760 760 760 760 760 760 760 988 516 760 760 760 760 760 1151 940 972 1197 159 760 760 760 760 760 582 778 760 760 760 760 1411 100 760 760 760 760 841 -347 754 760 760 760 760 1173 496 760 760 760
523 549 549 549 549 549 549 549 549 776 381 549 549 549 549 549 1082 770 730 909 -102 549 549 549 549 549 752 536 549 549 549 549 1199 -204 549 549 549 549 611 -251 540 549 549 549 549 1091 132 549 549 549
523 549 549 549 549 549 549 549 549 776 381 549 549 549 549 549 1082 770 730 909 -102 549 549 549 549 549 752 536 549 549 549 549 1199 -204 549 549 549 549 611 -251 540 549 549 549 549 1091 132 549 549 549
523 549 549 549 549 549 549 549 549 776 381 549 549 549 549 549 1082 770 730 909 -102 549 549 549 549 549 752 536 549 549 549 549 1199 -204 549 549 549 549 611 -251 540 549 549 549 549 1091 132 549 549 549
523 549 549 549 549 549 549 549 549 776 381 549 549 549 549 549 1082 770 730 909 -102 549 549 549 549 549 752 536 549 549 549 549 1199 -204 549 549 549 549 611 -251 540 549 549 549 549 1091 132 549 549 549
523 549 549 549 549 549 549 549 549 776 381 549 549 549 549 549 1082 770 730 909 -102 549 549 549 549 549 752 536 549 549 549 549 1199 -204 549 549 549 549 611 -251 540 549 549 549 549 1091 132 549 549 549
511 788 788 788 788 788 788 788 788 1024 621 788 788 788 788 788 1121 887 642 957 147 788 788 788 788 788 519 796 788 788 788 788 1423 -25 788 788 788 788 876 -396 795 788 788 788 788 1177 254 788 788 788
302 891 891 891 891 891 891 891 891 1034 793 891 891 891 891 891 540 450 207 402 644 891 891 891 891 891 -131 936 891 891 891 891 1087 446 891 891 891 891 942 -451 909 891 891 891 891 435 608 891 891 891
306 759 759 759 759 759 759 759 759 850 734 759 759 759 759 759 411 372 163 176 600 759 759 759 759 759 130 800 759 759 759 759 823 428 759 759 759 759 758 -169 779 759 759 759 759 278 542 759 759 759
158 1053 1053 1053 1053 1053 1053 1053 1053 1118 979 1053 1053 1053 1053 1053 438 257 26 107 744 1053 1053 1053 1053 1053 -246 1094 1053 1053 1053 1053 1149 391 1053 1053 1053 1053 1036 -655 1076 1053 1053 1053 1053 514 483 1053 1053 1053
347 341 341 341 341 341 341 341 341 577 240 341 341 341 341 341 510 342 460 390 -63 341 341 341 341 341 373 352 341 341 341 341 776 -60 341 341 341 341 375 -397 332 341 341 341 341 278 273 341 341 341
523 549 549 549 549 549 549 549 549 776 381 549 549 549 549 549 1082 770 730 909 -102 549 549 549 549 549 752 536 549 549 549 549 1199 -204 549 549 549 549 611 -251 540 549 549 549 549 1091 132 549 549 549
523 549 549 549 549 549 549 549 549 776 381 549 549 549 549 549 1082 770 730 909 -102 549 549 549 549 549 752 536 549 549 549 549 1199 -204 549 549 549 549 611 -251 540 549 549 549 549 1091 132 549 549 549
523 549 549 549 549 549 549 549 549 776 381 549 549 549 549 549 1082 770 730 909 -102 549 549 549 549 549 752 536 549 549 549 549 1199 -204 549 549 549 549 611 -251 540 549 549 549 549 1091 132 549 549 549
523 549 549 549 549 549 549 549 549 776 381 549 549 549 549 549 1082 770 730 909 -102 549 549 549 549 549 752 536 549 549 549 549 1199 -204 549 549 549 549 611 -251 540 549 549 549 549 1091 132 549 549 549
523 549 549 549 549 549 549 549 549 776 381 549 549 549 549 549 1082 770 730 909 -102 549 549 549 549 549 752 536 549 549 549 549 1199 -204 549 549 549 549 611 -251 540 549 549 549 549 1091 132 549 549 549
997 1484 1484 1484 1484 1484 1484 1484 1484 1535 1197 1484 1484 1484 1484 1484 1415 1654 1452 1704 1213 1484 1484 1484 1484 1484 327 1596 1484 1484 1484 1484 1718 1192 1484 1484 1484 1484 1536 -14 1516 1484 1484 1484 1484 1485 1459 1484 1484 1484
459 535 535 535 535 535 535 535 535 774 374 535 535 535 535 535 986 662 622 791 -98 535 535 535 535 535 615 526 535 535 535 535 1168 -216 535 535 535 535 602 -360 528 535 535 535 535 970 119 535 535 535
523 549 549 549 549 549 549 549 549 776 381 549 549 549 549 549 1082 770 730 909 -102 549 549 549 549 549 752 536 549 549 549 549 1199 -204 549 549 549 549 611 -251 540 549 549 549 549 1091 132 549 549 549
523 549 549 549 549 549 549 549 549 776 381 549 549 549 549 549 1082 770 730 909 -102 549 549 549 549 549 752 536 549 549 549 549 1199 -204 549 549 549 549 611 -251 540 549 549 549 549 1091 132 549 549 549
523 549 549 549 549 549 549 549 549 776 381 549 549 549 549 549 1082 770 730 909 -102 549 549 549 549 549 752 536 549 549 549 549 1199 -204 549 549 549 549 611 -251 540 549 549 549 549 1091 132 549 549 549
523 549 549 549 549 549 549 549 549 776 381 549 549 549 549 549 1082 770 730 909 -102 549 549 549 549 549 752 536 549 549 549 549 1199 -204 549 549 549 549 611 -251 540 549 549 549 549 1091 132 549 549 549
390 1027 1027 1027 1027 1027 1027 1027 1027 1175 789 1027 1027 1027 1027 1027 1113 755 651 908 234 1027 1027 1027 1027 1027 284 1030 1027 1027 1027 1027 1641 -67 1027 1027 1027 1027 1055 -755 1031 1027 1027 1027 1027 1410 227 1027 1027 1027
350 423 423 423 423 423 423 423 423 601 367 423 423 423 423 423 344 257 338 258 193 423 423 423 423 423 267 441 423 423 423 423 654 202 423 423 423 423 436 -214 417 423 423 423 423 35 458 423 423 423
523 549 549 549 549 549 549 549 549 776 381 549 549 549 549 549 1082 770 730 909 -102 549 549 549 549 549 752 536 549 549 549 549 1199 -204 549 549 549 549 611 -251 540 549 549 549 549 1091 132 549 549 549
523 549 549 549 549 549 549 549 549 776 381 549 549 549 549 549 1082 770 730 909 -102 549 549 549 549 549 752 536 549 549 549 549 1199 -204 549 549 549 549 611 -251 540 549 549 549 549 1091 132 549 549 549
523 549 549 549 549 549 549 549 549 776 381 549 549 549 549 549 1082 770 730 909 -102 549 549 549 549 549 752 536 549 549 549 549 1199 -204 549 549 549 549 611 -251 540 549 549 549 549 1091 132 549 549 549
523 549 549 549 549 549 549 549 549 776 381 549 549 549 549 549 1082 770 730 909 -102 549 549 549 549 549 752 536 549 549 549 549 1199 -204 549 549 549 549 611 -251 540 549 549 549 549 1091 132 549 549 549
511 613 613 613 613 613 613 613 613 856 434 613 613 613 613 613 1112 760 705 930 -96 613 613 613 613 613 709 599 613 613 613 613 1319 -248 613 613 613 613 682 -368 605 613 613 613 613 1178 81 613 613 613
1207 1158 1158 1158 1158 1158 1158 1158 1158 1264 991 1158 1158 1158 1158 1158 1168 1504 1431 1548 1131 1158 1158 1158 1158 1158 706 1266 1158 1158 1158 1158 1310 1279 1158 1158 1158 1158 1211 496 1178 1158 1158 1158 1158 913 1518 1158 1158 1158
511 543 543 543 543 543 543 543 543 778 375 543 543 543 543 543 1062 748 709 891 -103 543 543 543 543 543 715 532 543 543 543 543 1195 -206 543 543 543 543 609 -281 535 543 543 543 543 1059 133 543 543 543
523 549 549 549 549 549 549 549 549 776 381 549 549 549 549 549 1082 770 730 909 -102 549 549 549 549 549 752 536 549 549 549 549 1199 -204 549 549 549 549 611 -251 540 549 549 549 549 1091 132 549 549 549
523 549 549 549 549 549 549 549 549 776 381 549 549 549 549 549 1082 770 730 909 -102 549 549 549 549 549 752 536 549 549 549 549 1199 -204 549 549 549 549 611 -251 540 549 549 549 549 1091 132 549 549 549
523 549 549 549 549 549 549 549 549 776 381 549 549 549 549 549 1082 770 730 909 -102 549 549 549 549 549 752 536 549 549 549 549 1199 -204 549 549 549 549 611 -251 540 549 549 549 549 1091 132 549 549 549
523 549 549 549 549 549 549 549 549 776 381 549 549 549 549 549 1082 770 730 909 -102 549 549 549 549 549 752 536 549 549 549 549 1199 -204 549 549 549 549 611 -251 540 549 549 549 549 1091 132 549 549 549
-21 888 888 888 888 888 888 888 888 1006 744 888 888 888 888 888 713 383 79 284 209 888 888 888 888 888 -90 888 888 888 888 888 1303 -181 888 888 888 888 897 -905 904 888 888 888 888 965 11 888 888 888
435 474 474 474 474 474 474 474 474 637 474 474 474 474 474 474 388 288 302 231 291 474 474 474 474 474 409 490 474 474 474 474 656 262 474 474 474 474 482 -40 471 474 474 474 474 81 449 474 474 474
523 549 549 549 549 549 549 549 549 776 381 549 549 549 549 549 1082 770 730 909 -102 549 549 549 549 549 752 536 549 549 549 549 1199 -204 549 549 549 549 611 -251 540 549 549 549 549 1091 132 549 549 549
523 549 549 549 549 549 549 549 549 776 381 549 549 549 549 549 1082 770 730 909 -102 549 549 549 549 549 752 536 549 549 549 549 1199 -204 549 549 549 549 611 -251 540 549 549 549 549 1091 132 549 549 549
523 549 549 549 549 549 549 549 549 776 381 549 549 549 549 549 1082 770 730 909 -102 549 549 549 549 549 752 536 549 549 549 549 1199 -204 549 549 549 549 611 -251 540 549 549 549 549 1091 132 549 549 549
