973 1031 1031 1031 1031 1031 1031 1031 1031 966 979 1031 1031 1031 1031 1031 928 942 1050 780 1334 1031 1031 1031 1031 1031 830 1104 1031 1031 1031 1031 669 1220 1031 1031 1031 1031 961 773 1038 1031 1031 1031 1031 698 1195 1031 1031 1031
-954 -899 -899 -899 -899 -899 -899 -899 -899 -726 -624 -899 -899 -899 -899 -899 -1328 -1748 -1868 -1724 -372 -899 -899 -899 -899 -899 -1553 -825 -899 -899 -899 -899 -809 -714 -899 -899 -899 -899 -833 -1328 -892 -899 -899 -899 -899 -1562 -1097 -899 -899 -899
-954 -899 -899 -899 -899 -899 -899 -899 -899 -726 -624 -899 -899 -899 -899 -899 -1328 -1748 -1868 -1724 -372 -899 -899 -899 -899 -899 -1553 -825 -899 -899 -899 -899 -809 -714 -899 -899 -899 -899 -833 -1328 -892 -899 -899 -899 -899 -1562 -1097 -899 -899 -899
-954 -899 -899 -899 -899 -899 -899 -899 -899 -726 -624 -899 -899 -899 -899 -899 -1328 -1748 -1868 -1724 -372 -899 -899 -899 -899 -899 -1553 -825 -899 -899 -899 -899 -809 -714 -899 -899 -899 -899 -833 -1328 -892 -899 -899 -899 -899 -1562 -1097 -899 -899 -899
-954 -899 -899 -899 -899 -899 -899 -899 -899 -726 -624 -899 -899 -899 -899 -899 -1328 -1748 -1868 -1724 -372 -899 -899 -899 -899 -899 -1553 -825 -899 -899 -899 -899 -809 -714 -899 -899 -899 -899 -833 -1328 -892 -899 -899 -899 -899 -1562 -1097 -899 -899 -899
-954 -899 -899 -899 -899 -899 -899 -899 -899 -726 -624 -899 -899 -899 -899 -899 -1328 -1748 -1868 -1724 -372 -899 -899 -899 -899 -899 -1553 -825 -899 -899 -899 -899 -809 -714 -899 -899 -899 -899 -833 -1328 -892 -899 -899 -899 -899 -1562 -1097 -899 -899 -899
-954 -899 -899 -899 -899 -899 -899 -899 -899 -726 -624 -899 -899 -899 -899 -899 -1328 -1748 -1868 -1724 -372 -899 -899 -899 -899 -899 -1553 -825 -899 -899 -899 -899 -809 -714 -899 -899 -899 -899 -833 -1328 -892 -899 -899 -899 -899 -1562 -1097 -899 -899 -899
-954 -899 -899 -899 -899 -899 -899 -899 -899 -726 -624 -899 -899 -899 -899 -899 -1328 -1748 -1868 -1724 -372 -899 -899 -899 -899 -899 -1553 -825 -899 -899 -899 -899 -809 -714 -899 -899 -899 -899 -833 -1328 -892 -899 -899 -899 -899 -1562 -1097 -899 -899 -899
-954 -899 -899 -899 -899 -899 -899 -899 -899 -726 -624 -899 -899 -899 -899 -899 -1328 -1748 -1868 -1724 -372 -899 -899 -899 -899 -899 -1553 -825 -899 -899 -899 -899 -809 -714 -899 -899 -899 -899 -833 -1328 -892 -899 -899 -899 -899 -1562 -1097 -899 -899 -899
-714 -934 -934 -934 -934 -934 -934 -934 -934 -754 -631 -934 -934 -934 -934 -934 -1275 -1675 -1738 -1591 -363 -934 -934 -934 -934 -934 -1125 -856 -934 -934 -934 -934 -793 -715 -934 -934 -934 -934 -876 -1037 -925 -934 -934 -934 -934 -1493 -1057 -934 -934 -934
-568 -570 -570 -570 -570 -570 -570 -570 -570 -419 -406 -570 -570 -570 -570 -570 -878 -1234 -1340 -1191 -174 -570 -570 -570 -570 -570 -1023 -496 -570 -570 -570 -570 -432 -500 -570 -570 -570 -570 -512 -1010 -561 -570 -570 -570 -570 -1028 -775 -570 -570 -570
-954 -899 -899 -899 -899 -899 -899 -899 -899 -726 -624 -899 -899 -899 -899 -899 -1328 -1748 -1868 -1724 -372 -899 -899 -899 -899 -899 -1553 -825 -899 -899 -899 -899 -809 -714 -899 -899 -899 -899 -833 -1328 -892 -899 -899 -899 -899 -1562 -1097 -899 -899 -899
-954 -899 -899 -899 -899 -899 -899 -899 -899 -726 -624 -899 -899 -899 -899 -899 -1328 -1748 -1868 -1724 -372 -899 -899 -899 -899 -899 -1553 -825 -899 -899 -899 -899 -809 -714 -899 -899 -899 -899 -833 -1328 -892 -899 -899 -899 -899 -1562 -1097 -899 -899 -899
-954 -899 -899 -899 -899 -899 -899 -899 -899 -726 -624 -899 -899 -899 -899 -899 -1328 -1748 -1868 -1724 -372 -899 -899 -899 -899 -899 -1553 -825 -899 -899 -899 -899 -809 -714 -899 -899 -899 -899 -833 -1328 -892 -899 -899 -899 -899 -1562 -1097 -899 -899 -899
-954 -899 -899 -899 -899 -899 -899 -899 -899 -726 -624 -899 -899 -899 -899 -899 -1328 -1748 -1868 -1724 -372 -899 -899 -899 -899 -899 -1553 -825 -899 -899 -899 -899 -809 -714 -899 -899 -899 -899 -833 -1328 -892 -899 -899 -899 -899 -1562 -1097 -899 -899 -899
-954 -899 -899 -899 -899 -899 -899 -899 -899 -726 -624 -899 -899 -899 -899 -899 -1328 -1748 -1868 -1724 -372 -899 -899 -899 -899 -899 -1553 -825 -899 -899 -899 -899 -809 -714 -899 -899 -899 -899 -833 -1328 -892 -899 -899 -899 -899 -1562 -1097 -899 -899 -899
-361 -238 -238 -238 -238 -238 -238 -238 -238 -92 33 -238 -238 -238 -238 -238 -569 -872 -1035 -919 276 -238 -238 -238 -238 -238 -1002 -151 -238 -238 -238 -238 -232 -23 -238 -238 -238 -238 -176 -772 -224 -238 -238 -238 -238 -846 -419 -238 -238 -238
1078 1371 1371 1371 1371 1371 1371 1371 1371 1310 1454 1371 1371 1371 1371 1371 1109 1112 1129 863 1721 1371 1371 1371 1371 1371 541 1469 1371 1371 1371 1371 933 1623 1371 1371 1371 1371 1324 743 1387 1371 1371 1371 1371 822 1465 1371 1371 1371
1294 1501 1501 1501 1501 1501 1501 1501 1501 1418 1573 1501 1501 1501 1501 1501 1350 1440 1525 1184 1981 1501 1501 1501 1501 1501 793 1597 1501 1501 1501 1501 1047 1941 1501 1501 1501 1501 1439 1067 1511 1501 1501 1501 1501 1047 1772 1501 1501 1501
1478 1276 1276 1276 1276 1276 1276 1276 1276 1222 1397 1276 1276 1276 1276 1276 1253 1477 1646 1366 1838 1276 1276 1276 1276 1276 1253 1380 1276 1276 1276 1276 1000 1787 1276 1276 1276 1276 1224 1294 1290 1276 1276 1276 1276 1101 1664 1276 1276 1276
-251 307 307 307 307 307 307 307 307 350 302 307 307 307 307 307 -46 -315 -379 -529 401 307 307 307 307 307 -622 361 307 307 307 307 26 201 307 307 307 307 299 -512 314 307 307 307 307 -360 80 307 307 307
-954 -899 -899 -899 -899 -899 -899 -899 -899 -726 -624 -899 -899 -899 -899 -899 -1328 -1748 -1868 -1724 -372 -899 -899 -899 -899 -899 -1553 -825 -899 -899 -899 -899 -809 -714 -899 -899 -899 -899 -833 -1328 -892 -899 -899 -899 -899 -1562 -1097 -899 -899 -899
-954 -899 -899 -899 -899 -899 -899 -899 -899 -726 -624 -899 -899 -899 -899 -899 -1328 -1748 -1868 -1724 -372 -899 -899 -899 -899 -899 -1553 -825 -899 -899 -899 -899 -809 -714 -899 -899 -899 -899 -833 -1328 -892 -899 -899 -899 -899 -1562 -1097 -899 -899 -899
-954 -899 -899 -899 -899 -899 -899 -899 -899 -726 -624 -899 -899 -899 -899 -899 -1328 -1748 -1868 -1724 -372 -899 -899 -899 -899 -899 -1553 -825 -899 -899 -899 -899 -809 -714 -899 -899 -899 -899 -833 -1328 -892 -899 -899 -899 -899 -1562 -1097 -899 -899 -899
-954 -899 -899 -899 -899 -899 -899 -899 -899 -726 -624 -899 -899 -899 -899 -899 -1328 -1748 -1868 -1724 -372 -899 -899 -899 -899 -899 -1553 -825 -899 -899 -899 -899 -809 -714 -899 -899 -899 -899 -833 -1328 -892 -899 -899 -899 -899 -1562 -1097 -899 -899 -899
-954 -899 -899 -899 -899 -899 -899 -899 -899 -726 -624 -899 -899 -899 -899 -899 -1328 -1748 -1868 -1724 -372 -899 -899 -899 -899 -899 -1553 -825 -899 -899 -899 -899 -809 -714 -899 -899 -899 -899 -833 -1328 -892 -899 -899 -899 -899 -1562 -1097 -899 -899 -899
1108 1118 1118 1118 1118 1118 1118 1118 1118 955 1034 1118 1118 1118 1118 1118 1043 1238 1299 1044 1700 1118 1118 1118 1118 1118 657 1216 1118 1118 1118 1118 753 1660 1118 1118 1118 1118 1018 836 1124 1118 1118 1118 1118 914 1517 1118 1118 1118
-745 -610 -610 -610 -610 -610 -610 -610 -610 -443 -362 -610 -610 -610 -610 -610 -1016 -1447 -1589 -1478 -190 -610 -610 -610 -610 -610 -1339 -538 -610 -610 -610 -610 -571 -513 -610 -610 -610 -610 -547 -1144 -600 -610 -610 -610 -610 -1285 -856 -610 -610 -610
-954 -899 -899 -899 -899 -899 -899 -899 -899 -726 -624 -899 -899 -899 -899 -899 -1328 -1748 -1868 -1724 -372 -899 -899 -899 -899 -899 -1553 -825 -899 -899 -899 -899 -809 -714 -899 -899 -899 -899 -833 -1328 -892 -899 -899 -899 -899 -1562 -1097 -899 -899 -899
-954 -899 -899 -899 -899 -899 -899 -899 -899 -726 -624 -899 -899 -899 -899 -899 -1328 -1748 -1868 -1724 -372 -899 -899 -899 -899 -899 -1553 -825 -899 -899 -899 -899 -809 -714 -899 -899 -899 -899 -833 -1328 -892 -899 -899 -899 -899 -1562 -1097 -899 -899 -899
-954 -899 -899 -899 -899 -899 -899 -899 -899 -726 -624 -899 -899 -899 -899 -899 -1328 -1748 -1868 -1724 -372 -899 -899 -899 -899 -899 -1553 -825 -899 -899 -899 -899 -809 -714 -899 -899 -899 -899 -833 -1328 -892 -899 -899 -899 -899 -1562 -1097 -899 -899 -899
-954 -899 -899 -899 -899 -899 -899 -899 -899 -726 -624 -899 -899 -899 -899 -899 -1328 -1748 -1868 -1724 -372 -899 -899 -899 -899 -899 -1553 -825 -899 -899 -899 -899 -809 -714 -899 -899 -899 -899 -833 -1328 -892 -899 -899 -899 -899 -1562 -1097 -899 -899 -899
-362 -1005 -1005 -1005 -1005 -1005 -1005 -1005 -1005 -750 -678 -1005 -1005 -1005 -1005 -1005 -1119 -1255 -1286 -989 -341 -1005 -1005 -1005 -1005 -1005 -700 -905 -1005 -1005 -1005 -1005 -533 -642 -1005 -1005 -1005 -1005 -889 -871 -987 -1005 -1005 -1005 -1005 -1090 -951 -1005 -1005 -1005
448 909 909 909 909 909 909 909 909 858 866 909 909 909 909 909 595 526 612 281 1097 909 909 909 909 909 165 977 909 909 909 909 449 997 909 909 909 909 847 293 915 909 909 909 909 270 949 909 909 909
-954 -899 -899 -899 -899 -899 -899 -899 -899 -726 -624 -899 -899 -899 -899 -899 -1328 -1748 -1868 -1724 -372 -899 -899 -899 -899 -899 -1553 -825 -899 -899 -899 -899 -809 -714 -899 -899 -899 -899 -833 -1328 -892 -899 -899 -899 -899 -1562 -1097 -899 -899 -899
-954 -899 -899 -899 -899 -899 -899 -899 -899 -726 -624 -899 -899 -899 -899 -899 -1328 -1748 -1868 -1724 -372 -899 -899 -899 -899 -899 -1553 -825 -899 -899 -899 -899 -809 -714 -899 -899 -899 -899 -833 -1328 -892 -899 -899 -899 -899 -1562 -1097 -899 -899 -899
-954 -899 -899 -899 -899 -899 -899 -899 -899 -726 -624 -899 -899 -899 -899 -899 -1328 -1748 -1868 -1724 -372 -899 -899 -899 -899 -899 -1553 -825 -899 -899 -899 -899 -809 -714 -899 -899 -899 -899 -833 -1328 -892 -899 -899 -899 -899 -1562 -1097 -899 -899 -899
-954 -899 -899 -899 -899 -899 -899 -899 -899 -726 -624 -899 -899 -899 -899 -899 -1328 -1748 -1868 -1724 -372 -899 -899 -899 -899 -899 -1553 -825 -899 -899 -899 -899 -809 -714 -899 -899 -899 -899 -833 -1328 -892 -899 -899 -899 -899 -1562 -1097 -899 -899 -899
-814 -916 -916 -916 -916 -916 -916 -916 -916 -733 -604 -916 -916 -916 -916 -916 -1308 -1711 -1798 -1632 -339 -916 -916 -916 -916 -916 -1312 -837 -916 -916 -916 -916 -772 -702 -916 -916 -916 -916 -848 -1166 -907 -916 -916 -916 -916 -1509 -1083 -916 -916 -916
1309 1542 1542 1542 1542 1542 1542 1542 1542 1235 1341 1542 1542 1542 1542 1542 1401 1678 1892 1371 2076 1542 1542 1542 1542 1542 1074 1619 1542 1542 1542 1542 834 2089 1542 1542 1542 1542 1351 1333 1538 1542 1542 1542 1542 1232 2050 1542 1542 1542
-874 -801 -801 -801 -801 -801 -801 -801 -801 -636 -535 -801 -801 -801 -801 -801 -1223 -1640 -1768 -1639 -299 -801 -801 -801 -801 -801 -1479 -727 -801 -801 -801 -801 -735 -631 -801 -801 -801 -801 -739 -1255 -793 -801 -801 -801 -801 -1466 -1002 -801 -801 -801
-954 -899 -899 -899 -899 -899 -899 -899 -899 -726 -624 -899 -899 -899 -899 -899 -1328 -1748 -1868 -1724 -372 -899 -899 -899 -899 -899 -1553 -825 -899 -899 -899 -899 -809 -714 -899 -899 -899 -899 -833 -1328 -892 -899 -899 -899 -899 -1562 -1097 -899 -899 -899
-954 -899 -899 -899 -899 -899 -899 -899 -899 -726 -624 -899 -899 -899 -899 -899 -1328 -1748 -1868 -1724 -372 -899 -899 -899 -899 -899 -1553 -825 -899 -899 -899 -899 -809 -714 -899 -899 -899 -899 -833 -1328 -892 -899 -899 -899 -899 -1562 -1097 -899 -899 -899
-954 -899 -899 -899 -899 -899 -899 -899 -899 -726 -624 -899 -899 -899 -899 -899 -1328 -1748 -1868 -1724 -372 -899 -899 -899 -899 -899 -1553 -825 -899 -899 -899 -899 -809 -714 -899 -899 -899 -899 -833 -1328 -892 -899 -899 -899 -899 -1562 -1097 -899 -899 -899
-954 -899 -899 -899 -899 -899 -899 -899 -899 -726 -624 -899 -899 -899 -899 -899 -1328 -1748 -1868 -1724 -372 -899 -899 -899 -899 -899 -1553 -825 -899 -899 -899 -899 -809 -714 -899 -899 -899 -899 -833 -1328 -892 -899 -899 -899 -899 -1562 -1097 -899 -899 -899
-405 -369 -369 -369 -369 -369 -369 -369 -369 -168 -84 -369 -369 -369 -369 -369 -667 -837 -981 -729 222 -369 -369 -369 -369 -369 -1170 -277 -369 -369 -369 -369 -112 -60 -369 -369 -369 -369 -250 -1001 -355 -369 -369 -369 -369 -705 -479 -369 -369 -369
673 949 949 949 949 949 949 949 949 881 976 949 949 949 949 949 662 562 696 304 1222 949 949 949 949 949 446 1004 949 949 949 949 438 1149 949 949 949 949 866 642 949 949 949 949 949 282 1081 949 949 949
-954 -899 -899 -899 -899 -899 -899 -899 -899 -726 -624 -899 -899 -899 -899 -899 -1328 -1748 -1868 -1724 -372 -899 -899 -899 -899 -899 -1553 -825 -899 -899 -899 -899 -809 -714 -899 -899 -899 -899 -833 -1328 -892 -899 -899 -899 -899 -1562 -1097 -899 -899 -899
-954 -899 -899 -899 -899 -899 -899 -899 -899 -726 -624 -899 -899 -899 -899 -899 -1328 -1748 -1868 -1724 -372 -899 -899 -899 -899 -899 -1553 -825 -899 -899 -899 -899 -809 -714 -899 -899 -899 -899 -833 -1328 -892 -899 -899 -899 -899 -1562 -1097 -899 -899 -899
-954 -899 -899 -899 -899 -899 -899 -899 -899 -726 -624 -899 -899 -899 -899 -899 -1328 -1748 -1868 -1724 -372 -899 -899 -899 -899 -899 -1553 -825 -899 -899 -899 -899 -809 -714 -899 -899 -899 -899 -833 -1328 -892 -899 -899 -899 -899 -1562 -1097 -899 -899 -899
