-267 -620 -620 -620 -620 -620 -620 -620 -620 -693 -756 -620 -620 -620 -620 -620 -1014 -536 -420 -428 -72 -620 -620 -620 -620 -620 -801 -617 -620 -620 -620 -620 -333 103 -620 -620 -620 -620 -685 -707 -622 -620 -620 -620 -620 -656 -139 -620 -620 -620
170 -227 -227 -227 -227 -227 -227 -227 -227 -494 -219 -227 -227 -227 -227 -227 -429 -117 95 -246 458 -227 -227 -227 -227 -227 -233 -240 -227 -227 -227 -227 -289 514 -227 -227 -227 -227 -424 -127 -237 -227 -227 -227 -227 -188 139 -227 -227 -227
170 -227 -227 -227 -227 -227 -227 -227 -227 -494 -219 -227 -227 -227 -227 -227 -429 -117 95 -246 458 -227 -227 -227 -227 -227 -233 -240 -227 -227 -227 -227 -289 514 -227 -227 -227 -227 -424 -127 -237 -227 -227 -227 -227 -188 139 -227 -227 -227
170 -227 -227 -227 -227 -227 -227 -227 -227 -494 -219 -227 -227 -227 -227 -227 -429 -117 95 -246 458 -227 -227 -227 -227 -227 -233 -240 -227 -227 -227 -227 -289 514 -227 -227 -227 -227 -424 -127 -237 -227 -227 -227 -227 -188 139 -227 -227 -227
170 -227 -227 -227 -227 -227 -227 -227 -227 -494 -219 -227 -227 -227 -227 -227 -429 -117 95 -246 458 -227 -227 -227 -227 -227 -233 -240 -227 -227 -227 -227 -289 514 -227 -227 -227 -227 -424 -127 -237 -227 -227 -227 -227 -188 139 -227 -227 -227
170 -227 -227 -227 -227 -227 -227 -227 -227 -494 -219 -227 -227 -227 -227 -227 -429 -117 95 -246 458 -227 -227 -227 -227 -227 -233 -240 -227 -227 -227 -227 -289 514 -227 -227 -227 -227 -424 -127 -237 -227 -227 -227 -227 -188 139 -227 -227 -227
170 -227 -227 -227 -227 -227 -227 -227 -227 -494 -219 -227 -227 -227 -227 -227 -429 -117 95 -246 458 -227 -227 -227 -227 -227 -233 -240 -227 -227 -227 -227 -289 514 -227 -227 -227 -227 -424 -127 -237 -227 -227 -227 -227 -188 139 -227 -227 -227
170 -227 -227 -227 -227 -227 -227 -227 -227 -494 -219 -227 -227 -227 -227 -227 -429 -117 95 -246 458 -227 -227 -227 -227 -227 -233 -240 -227 -227 -227 -227 -289 514 -227 -227 -227 -227 -424 -127 -237 -227 -227 -227 -227 -188 139 -227 -227 -227
170 -227 -227 -227 -227 -227 -227 -227 -227 -494 -219 -227 -227 -227 -227 -227 -429 -117 95 -246 458 -227 -227 -227 -227 -227 -233 -240 -227 -227 -227 -227 -289 514 -227 -227 -227 -227 -424 -127 -237 -227 -227 -227 -227 -188 139 -227 -227 -227
430 -65 -65 -65 -65 -65 -65 -65 -65 -275 50 -65 -65 -65 -65 -65 -347 26 242 -14 775 -65 -65 -65 -65 -65 34 -50 -65 -65 -65 -65 -17 819 -65 -65 -65 -65 -244 185 -63 -65 -65 -65 -65 -77 467 -65 -65 -65
71 -170 -170 -170 -170 -170 -170 -170 -170 -519 -191 -170 -170 -170 -170 -170 -520 -143 47 -366 487 -170 -170 -170 -170 -170 -193 -191 -170 -170 -170 -170 -400 589 -170 -170 -170 -170 -428 -3 -182 -170 -170 -170 -170 -292 271 -170 -170 -170
170 -227 -227 -227 -227 -227 -227 -227 -227 -494 -219 -227 -227 -227 -227 -227 -429 -117 95 -246 458 -227 -227 -227 -227 -227 -233 -240 -227 -227 -227 -227 -289 514 -227 -227 -227 -227 -424 -127 -237 -227 -227 -227 -227 -188 139 -227 -227 -227
170 -227 -227 -227 -227 -227 -227 -227 -227 -494 -219 -227 -227 -227 -227 -227 -429 -117 95 -246 458 -227 -227 -227 -227 -227 -233 -240 -227 -227 -227 -227 -289 514 -227 -227 -227 -227 -424 -127 -237 -227 -227 -227 -227 -188 139 -227 -227 -227
170 -227 -227 -227 -227 -227 -227 -227 -227 -494 -219 -227 -227 -227 -227 -227 -429 -117 95 -246 458 -227 -227 -227 -227 -227 -233 -240 -227 -227 -227 -227 -289 514 -227 -227 -227 -227 -424 -127 -237 -227 -227 -227 -227 -188 139 -227 -227 -227
170 -227 -227 -227 -227 -227 -227 -227 -227 -494 -219 -227 -227 -227 -227 -227 -429 -117 95 -246 458 -227 -227 -227 -227 -227 -233 -240 -227 -227 -227 -227 -289 514 -227 -227 -227 -227 -424 -127 -237 -227 -227 -227 -227 -188 139 -227 -227 -227
170 -227 -227 -227 -227 -227 -227 -227 -227 -494 -219 -227 -227 -227 -227 -227 -429 -117 95 -246 458 -227 -227 -227 -227 -227 -233 -240 -227 -227 -227 -227 -289 514 -227 -227 -227 -227 -424 -127 -237 -227 -227 -227 -227 -188 139 -227 -227 -227
90 -274 -274 -274 -274 -274 -274 -274 -274 -410 -359 -274 -274 -274 -274 -274 -309 -174 69 -189 160 -274 -274 -274 -274 -274 -285 -302 -274 -274 -274 -274 -190 201 -274 -274 -274 -274 -376 -318 -290 -274 -274 -274 -274 -127 -89 -274 -274 -274
-363 -767 -767 -767 -767 -767 -767 -767 -767 -629 -856 -767 -767 -767 -767 -767 -946 -871 -684 -513 -313 -767 -767 -767 -767 -767 -915 -748 -767 -767 -767 -767 -101 -338 -767 -767 -767 -767 -714 -1127 -768 -767 -767 -767 -767 -600 -562 -767 -767 -767
-282 -630 -630 -630 -630 -630 -630 -630 -630 -531 -820 -630 -630 -630 -630 -630 -815 -674 -517 -414 -235 -630 -630 -630 -630 -630 -905 -616 -630 -630 -630 -630 -84 -205 -630 -630 -630 -630 -597 -1101 -631 -630 -630 -630 -630 -526 -417 -630 -630 -630
132 -212 -212 -212 -212 -212 -212 -212 -212 55 -264 -212 -212 -212 -212 -212 -421 -533 -462 -179 -110 -212 -212 -212 -212 -212 -272 -230 -212 -212 -212 -212 512 -108 -212 -212 -212 -212 -118 -611 -221 -212 -212 -212 -212 -274 -231 -212 -212 -212
-309 -729 -729 -729 -729 -729 -729 -729 -729 -967 -863 -729 -729 -729 -729 -729 -1161 -580 -356 -571 117 -729 -729 -729 -729 -729 -754 -699 -729 -729 -729 -729 -619 263 -729 -729 -729 -729 -921 -633 -724 -729 -729 -729 -729 -728 6 -729 -729 -729
170 -227 -227 -227 -227 -227 -227 -227 -227 -494 -219 -227 -227 -227 -227 -227 -429 -117 95 -246 458 -227 -227 -227 -227 -227 -233 -240 -227 -227 -227 -227 -289 514 -227 -227 -227 -227 -424 -127 -237 -227 -227 -227 -227 -188 139 -227 -227 -227
170 -227 -227 -227 -227 -227 -227 -227 -227 -494 -219 -227 -227 -227 -227 -227 -429 -117 95 -246 458 -227 -227 -227 -227 -227 -233 -240 -227 -227 -227 -227 -289 514 -227 -227 -227 -227 -424 -127 -237 -227 -227 -227 -227 -188 139 -227 -227 -227
170 -227 -227 -227 -227 -227 -227 -227 -227 -494 -219 -227 -227 -227 -227 -227 -429 -117 95 -246 458 -227 -227 -227 -227 -227 -233 -240 -227 -227 -227 -227 -289 514 -227 -227 -227 -227 -424 -127 -237 -227 -227 -227 -227 -188 139 -227 -227 -227
170 -227 -227 -227 -227 -227 -227 -227 -227 -494 -219 -227 -227 -227 -227 -227 -429 -117 95 -246 458 -227 -227 -227 -227 -227 -233 -240 -227 -227 -227 -227 -289 514 -227 -227 -227 -227 -424 -127 -237 -227 -227 -227 -227 -188 139 -227 -227 -227
170 -227 -227 -227 -227 -227 -227 -227 -227 -494 -219 -227 -227 -227 -227 -227 -429 -117 95 -246 458 -227 -227 -227 -227 -227 -233 -240 -227 -227 -227 -227 -289 514 -227 -227 -227 -227 -424 -127 -237 -227 -227 -227 -227 -188 139 -227 -227 -227
-331 -460 -460 -460 -460 -460 -460 -460 -460 -685 -721 -460 -460 -460 -460 -460 -677 -315 -183 -472 -152 -460 -460 -460 -460 -460 -732 -460 -460 -460 -460 -460 -609 12 -460 -460 -460 -460 -592 -669 -466 -460 -460 -460 -460 -577 -186 -460 -460 -460
262 -168 -168 -168 -168 -168 -168 -168 -168 -402 -146 -168 -168 -168 -168 -168 -403 -114 102 -186 542 -168 -168 -168 -168 -168 -104 -175 -168 -168 -168 -168 -124 574 -168 -168 -168 -168 -357 -77 -176 -168 -168 -168 -168 -104 203 -168 -168 -168
170 -227 -227 -227 -227 -227 -227 -227 -227 -494 -219 -227 -227 -227 -227 -227 -429 -117 95 -246 458 -227 -227 -227 -227 -227 -233 -240 -227 -227 -227 -227 -289 514 -227 -227 -227 -227 -424 -127 -237 -227 -227 -227 -227 -188 139 -227 -227 -227
170 -227 -227 -227 -227 -227 -227 -227 -227 -494 -219 -227 -227 -227 -227 -227 -429 -117 95 -246 458 -227 -227 -227 -227 -227 -233 -240 -227 -227 -227 -227 -289 514 -227 -227 -227 -227 -424 -127 -237 -227 -227 -227 -227 -188 139 -227 -227 -227
170 -227 -227 -227 -227 -227 -227 -227 -227 -494 -219 -227 -227 -227 -227 -227 -429 -117 95 -246 458 -227 -227 -227 -227 -227 -233 -240 -227 -227 -227 -227 -289 514 -227 -227 -227 -227 -424 -127 -237 -227 -227 -227 -227 -188 139 -227 -227 -227
170 -227 -227 -227 -227 -227 -227 -227 -227 -494 -219 -227 -227 -227 -227 -227 -429 -117 95 -246 458 -227 -227 -227 -227 -227 -233 -240 -227 -227 -227 -227 -289 514 -227 -227 -227 -227 -424 -127 -237 -227 -227 -227 -227 -188 139 -227 -227 -227
957 670 670 670 670 670 670 670 670 650 804 670 670 670 670 670 371 292 392 316 900 670 670 670 670 670 791 591 670 670 670 670 881 913 670 670 670 670 572 692 643 670 670 670 670 472 647 670 670 670
-802 -1142 -1142 -1142 -1142 -1142 -1142 -1142 -1142 -1250 -1284 -1142 -1142 -1142 -1142 -1142 -1647 -1121 -921 -952 -314 -1142 -1142 -1142 -1142 -1142 -1444 -1103 -1142 -1142 -1142 -1142 -812 -196 -1142 -1142 -1142 -1142 -1244 -1296 -1136 -1142 -1142 -1142 -1142 -1185 -447 -1142 -1142 -1142
170 -227 -227 -227 -227 -227 -227 -227 -227 -494 -219 -227 -227 -227 -227 -227 -429 -117 95 -246 458 -227 -227 -227 -227 -227 -233 -240 -227 -227 -227 -227 -289 514 -227 -227 -227 -227 -424 -127 -237 -227 -227 -227 -227 -188 139 -227 -227 -227
170 -227 -227 -227 -227 -227 -227 -227 -227 -494 -219 -227 -227 -227 -227 -227 -429 -117 95 -246 458 -227 -227 -227 -227 -227 -233 -240 -227 -227 -227 -227 -289 514 -227 -227 -227 -227 -424 -127 -237 -227 -227 -227 -227 -188 139 -227 -227 -227
170 -227 -227 -227 -227 -227 -227 -227 -227 -494 -219 -227 -227 -227 -227 -227 -429 -117 95 -246 458 -227 -227 -227 -227 -227 -233 -240 -227 -227 -227 -227 -289 514 -227 -227 -227 -227 -424 -127 -237 -227 -227 -227 -227 -188 139 -227 -227 -227
170 -227 -227 -227 -227 -227 -227 -227 -227 -494 -219 -227 -227 -227 -227 -227 -429 -117 95 -246 458 -227 -227 -227 -227 -227 -233 -240 -227 -227 -227 -227 -289 514 -227 -227 -227 -227 -424 -127 -237 -227 -227 -227 -227 -188 139 -227 -227 -227
329 -103 -103 -103 -103 -103 -103 -103 -103 -315 -33 -103 -103 -103 -103 -103 -342 -62 132 -145 577 -103 -103 -103 -103 -103 -19 -114 -103 -103 -103 -103 -82 625 -103 -103 -103 -103 -284 63 -111 -103 -103 -103 -103 -119 274 -103 -103 -103
-1361 -1487 -1487 -1487 -1487 -1487 -1487 -1487 -1487 -1761 -1811 -1487 -1487 -1487 -1487 -1487 -1895 -1213 -1045 -1319 -888 -1487 -1487 -1487 -1487 -1487 -1998 -1448 -1487 -1487 -1487 -1487 -1643 -629 -1487 -1487 -1487 -1487 -1637 -1662 -1483 -1487 -1487 -1487 -1487 -1686 -801 -1487 -1487 -1487
216 -194 -194 -194 -194 -194 -194 -194 -194 -450 -177 -194 -194 -194 -194 -194 -414 -114 104 -219 505 -194 -194 -194 -194 -194 -168 -204 -194 -194 -194 -194 -215 549 -194 -194 -194 -194 -390 -95 -203 -194 -194 -194 -194 -149 177 -194 -194 -194
170 -227 -227 -227 -227 -227 -227 -227 -227 -494 -219 -227 -227 -227 -227 -227 -429 -117 95 -246 458 -227 -227 -227 -227 -227 -233 -240 -227 -227 -227 -227 -289 514 -227 -227 -227 -227 -424 -127 -237 -227 -227 -227 -227 -188 139 -227 -227 -227
170 -227 -227 -227 -227 -227 -227 -227 -227 -494 -219 -227 -227 -227 -227 -227 -429 -117 95 -246 458 -227 -227 -227 -227 -227 -233 -240 -227 -227 -227 -227 -289 514 -227 -227 -227 -227 -424 -127 -237 -227 -227 -227 -227 -188 139 -227 -227 -227
170 -227 -227 -227 -227 -227 -227 -227 -227 -494 -219 -227 -227 -227 -227 -227 -429 -117 95 -246 458 -227 -227 -227 -227 -227 -233 -240 -227 -227 -227 -227 -289 514 -227 -227 -227 -227 -424 -127 -237 -227 -227 -227 -227 -188 139 -227 -227 -227
170 -227 -227 -227 -227 -227 -227 -227 -227 -494 -219 -227 -227 -227 -227 -227 -429 -117 95 -246 458 -227 -227 -227 -227 -227 -233 -240 -227 -227 -227 -227 -289 514 -227 -227 -227 -227 -424 -127 -237 -227 -227 -227 -227 -188 139 -227 -227 -227
691 629 629 629 629 629 629 629 629 570 525 629 629 629 629 629 593 229 318 92 422 629 629 629 629 629 598 497 629 629 629 629 645 409 629 629 629 629 531 303 582 629 629 629 629 502 163 629 629 629
-501 -944 -944 -944 -944 -944 -944 -944 -944 -958 -1027 -944 -944 -944 -944 -944 -1439 -942 -746 -675 -82 -944 -944 -944 -944 -944 -1283 -890 -944 -944 -944 -944 -441 8 -944 -944 -944 -944 -989 -1190 -932 -944 -944 -944 -944 -965 -273 -944 -944 -944
170 -227 -227 -227 -227 -227 -227 -227 -227 -494 -219 -227 -227 -227 -227 -227 -429 -117 95 -246 458 -227 -227 -227 -227 -227 -233 -240 -227 -227 -227 -227 -289 514 -227 -227 -227 -227 -424 -127 -237 -227 -227 -227 -227 -188 139 -227 -227 -227
170 -227 -227 -227 -227 -227 -227 -227 -227 -494 -219 -227 -227 -227 -227 -227 -429 -117 95 -246 458 -227 -227 -227 -227 -227 -233 -240 -227 -227 -227 -227 -289 514 -227 -227 -227 -227 -424 -127 -237 -227 -227 -227 -227 -188 139 -227 -227 -227
170 -227 -227 -227 -227 -227 -227 -227 -227 -494 -219 -227 -227 -227 -227 -227 -429 -117 95 -246 458 -227 -227 -227 -227 -227 -233 -240 -227 -227 -227 -227 -289 514 -227 -227 -227 -227 -424 -127 -237 -227 -227 -227 -227 -188 139 -227 -227 -227
