-1745 -67 -67 -67 -67 -67 -67 -67 -67 -149 -647 -67 -67 -67 -67 -67 -151 -938 -1032 -1242 -1186 -67 -67 -67 -67 -67 -1835 -239 -67 -67 -67 -67 -511 -1250 -67 -67 -67 -67 -59 -1813 -136 -67 -67 -67 -67 -349 -1076 -67 -67 -67
-1897 -255 -255 -255 -255 -255 -255 -255 -255 -256 -665 -255 -255 -255 -255 -255 -199 -1134 -1415 -1546 -1861 -255 -255 -255 -255 -255 -1160 -513 -255 -255 -255 -255 -713 -2010 -255 -255 -255 -255 -224 -1426 -340 -255 -255 -255 -255 -596 -1742 -255 -255 -255
-1897 -255 -255 -255 -255 -255 -255 -255 -255 -256 -665 -255 -255 -255 -255 -255 -199 -1134 -1415 -1546 -1861 -255 -255 -255 -255 -255 -1160 -513 -255 -255 -255 -255 -713 -2010 -255 -255 -255 -255 -224 -1426 -340 -255 -255 -255 -255 -596 -1742 -255 -255 -255
-1897 -255 -255 -255 -255 -255 -255 -255 -255 -256 -665 -255 -255 -255 -255 -255 -199 -1134 -1415 -1546 -1861 -255 -255 -255 -255 -255 -1160 -513 -255 -255 -255 -255 -713 -2010 -255 -255 -255 -255 -224 -1426 -340 -255 -255 -255 -255 -596 -1742 -255 -255 -255
-1897 -255 -255 -255 -255 -255 -255 -255 -255 -256 -665 -255 -255 -255 -255 -255 -199 -1134 -1415 -1546 -1861 -255 -255 -255 -255 -255 -1160 -513 -255 -255 -255 -255 -713 -2010 -255 -255 -255 -255 -224 -1426 -340 -255 -255 -255 -255 -596 -1742 -255 -255 -255
-1897 -255 -255 -255 -255 -255 -255 -255 -255 -256 -665 -255 -255 -255 -255 -255 -199 -1134 -1415 -1546 -1861 -255 -255 -255 -255 -255 -1160 -513 -255 -255 -255 -255 -713 -2010 -255 -255 -255 -255 -224 -1426 -340 -255 -255 -255 -255 -596 -1742 -255 -255 -255
-1897 -255 -255 -255 -255 -255 -255 -255 -255 -256 -665 -255 -255 -255 -255 -255 -199 -1134 -1415 -1546 -1861 -255 -255 -255 -255 -255 -1160 -513 -255 -255 -255 -255 -713 -2010 -255 -255 -255 -255 -224 -1426 -340 -255 -255 -255 -255 -596 -1742 -255 -255 -255
-1897 -255 -255 -255 -255 -255 -255 -255 -255 -256 -665 -255 -255 -255 -255 -255 -199 -1134 -1415 -1546 -1861 -255 -255 -255 -255 -255 -1160 -513 -255 -255 -255 -255 -713 -2010 -255 -255 -255 -255 -224 -1426 -340 -255 -255 -255 -255 -596 -1742 -255 -255 -255
-1897 -255 -255 -255 -255 -255 -255 -255 -255 -256 -665 -255 -255 -255 -255 -255 -199 -1134 -1415 -1546 -1861 -255 -255 -255 -255 -255 -1160 -513 -255 -255 -255 -255 -713 -2010 -255 -255 -255 -255 -224 -1426 -340 -255 -255 -255 -255 -596 -1742 -255 -255 -255
-1736 -150 -150 -150 -150 -150 -150 -150 -150 -26 -593 -150 -150 -150 -150 -150 107 -934 -1258 -1163 -1966 -150 -150 -150 -150 -150 -1064 -416 -150 -150 -150 -150 -271 -2080 -150 -150 -150 -150 -8 -1527 -238 -150 -150 -150 -150 -197 -1782 -150 -150 -150
-1752 -205 -205 -205 -205 -205 -205 -205 -205 -39 -566 -205 -205 -205 -205 -205 41 -899 -1224 -1123 -2014 -205 -205 -205 -205 -205 -1076 -470 -205 -205 -205 -205 -295 -2055 -205 -205 -205 -205 -14 -1433 -293 -205 -205 -205 -205 -348 -1770 -205 -205 -205
-1897 -255 -255 -255 -255 -255 -255 -255 -255 -256 -665 -255 -255 -255 -255 -255 -199 -1134 -1415 -1546 -1861 -255 -255 -255 -255 -255 -1160 -513 -255 -255 -255 -255 -713 -2010 -255 -255 -255 -255 -224 -1426 -340 -255 -255 -255 -255 -596 -1742 -255 -255 -255
-1897 -255 -255 -255 -255 -255 -255 -255 -255 -256 -665 -255 -255 -255 -255 -255 -199 -1134 -1415 -1546 -1861 -255 -255 -255 -255 -255 -1160 -513 -255 -255 -255 -255 -713 -2010 -255 -255 -255 -255 -224 -1426 -340 -255 -255 -255 -255 -596 -1742 -255 -255 -255
-1897 -255 -255 -255 -255 -255 -255 -255 -255 -256 -665 -255 -255 -255 -255 -255 -199 -1134 -1415 -1546 -1861 -255 -255 -255 -255 -255 -1160 -513 -255 -255 -255 -255 -713 -2010 -255 -255 -255 -255 -224 -1426 -340 -255 -255 -255 -255 -596 -1742 -255 -255 -255
-1897 -255 -255 -255 -255 -255 -255 -255 -255 -256 -665 -255 -255 -255 -255 -255 -199 -1134 -1415 -1546 -1861 -255 -255 -255 -255 -255 -1160 -513 -255 -255 -255 -255 -713 -2010 -255 -255 -255 -255 -224 -1426 -340 -255 -255 -255 -255 -596 -1742 -255 -255 -255
-1897 -255 -255 -255 -255 -255 -255 -255 -255 -256 -665 -255 -255 -255 -255 -255 -199 -1134 -1415 -1546 -1861 -255 -255 -255 -255 -255 -1160 -513 -255 -255 -255 -255 -713 -2010 -255 -255 -255 -255 -224 -1426 -340 -255 -255 -255 -255 -596 -1742 -255 -255 -255
-2275 15 15 15 15 15 15 15 15 -133 -665 15 15 15 15 15 -315 -1589 -1707 -2002 -1825 15 15 15 15 15 -1710 -286 15 15 15 15 -731 -2170 15 15 15 15 -43 -2071 -91 15 15 15 15 -504 -1874 15 15 15
-2470 -81 -81 -81 -81 -81 -81 -81 -81 -388 -769 -81 -81 -81 -81 -81 -697 -1762 -1858 -2352 -1375 -81 -81 -81 -81 -81 -2388 -282 -81 -81 -81 -81 -1110 -1761 -81 -81 -81 -81 -272 -2450 -156 -81 -81 -81 -81 -905 -1570 -81 -81 -81
-2460 -351 -351 -351 -351 -351 -351 -351 -351 -775 -1038 -351 -351 -351 -351 -351 -947 -1688 -1748 -2373 -1226 -351 -351 -351 -351 -351 -2453 -475 -351 -351 -351 -351 -1459 -1562 -351 -351 -351 -351 -647 -2397 -401 -351 -351 -351 -351 -1081 -1377 -351 -351 -351
-1798 287 287 287 287 287 287 287 287 12 -493 287 287 287 287 287 -81 -1060 -1145 -1452 -965 287 287 287 287 287 -1861 128 287 287 287 287 -413 -1269 287 287 287 287 140 -2091 226 287 287 287 287 -63 -1026 287 287 287
-1749 -638 -638 -638 -638 -638 -638 -638 -638 -757 -991 -638 -638 -638 -638 -638 -468 -845 -1076 -1258 -1442 -638 -638 -638 -638 -638 -1263 -697 -638 -638 -638 -638 -925 -1541 -638 -638 -638 -638 -729 -1565 -659 -638 -638 -638 -638 -647 -1282 -638 -638 -638
-1897 -255 -255 -255 -255 -255 -255 -255 -255 -256 -665 -255 -255 -255 -255 -255 -199 -1134 -1415 -1546 -1861 -255 -255 -255 -255 -255 -1160 -513 -255 -255 -255 -255 -713 -2010 -255 -255 -255 -255 -224 -1426 -340 -255 -255 -255 -255 -596 -1742 -255 -255 -255
-1897 -255 -255 -255 -255 -255 -255 -255 -255 -256 -665 -255 -255 -255 -255 -255 -199 -1134 -1415 -1546 -1861 -255 -255 -255 -255 -255 -1160 -513 -255 -255 -255 -255 -713 -2010 -255 -255 -255 -255 -224 -1426 -340 -255 -255 -255 -255 -596 -1742 -255 -255 -255
-1897 -255 -255 -255 -255 -255 -255 -255 -255 -256 -665 -255 -255 -255 -255 -255 -199 -1134 -1415 -1546 -1861 -255 -255 -255 -255 -255 -1160 -513 -255 -255 -255 -255 -713 -2010 -255 -255 -255 -255 -224 -1426 -340 -255 -255 -255 -255 -596 -1742 -255 -255 -255
-1897 -255 -255 -255 -255 -255 -255 -255 -255 -256 -665 -255 -255 -255 -255 -255 -199 -1134 -1415 -1546 -1861 -255 -255 -255 -255 -255 -1160 -513 -255 -255 -255 -255 -713 -2010 -255 -255 -255 -255 -224 -1426 -340 -255 -255 -255 -255 -596 -1742 -255 -255 -255
-1897 -255 -255 -255 -255 -255 -255 -255 -255 -256 -665 -255 -255 -255 -255 -255 -199 -1134 -1415 -1546 -1861 -255 -255 -255 -255 -255 -1160 -513 -255 -255 -255 -255 -713 -2010 -255 -255 -255 -255 -224 -1426 -340 -255 -255 -255 -255 -596 -1742 -255 -255 -255
-1787 206 206 206 206 206 206 206 206 161 -330 206 206 206 206 206 -81 -995 -971 -1394 -1075 206 206 206 206 206 -1770 -60 206 206 206 206 -524 -1086 206 206 206 206 253 -1482 102 206 206 206 206 -541 -955 206 206 206
-1892 -321 -321 -321 -321 -321 -321 -321 -321 -367 -727 -321 -321 -321 -321 -321 -301 -1146 -1403 -1587 -1749 -321 -321 -321 -321 -321 -1202 -541 -321 -321 -321 -321 -816 -1926 -321 -321 -321 -321 -338 -1479 -393 -321 -321 -321 -321 -641 -1667 -321 -321 -321
-1897 -255 -255 -255 -255 -255 -255 -255 -255 -256 -665 -255 -255 -255 -255 -255 -199 -1134 -1415 -1546 -1861 -255 -255 -255 -255 -255 -1160 -513 -255 -255 -255 -255 -713 -2010 -255 -255 -255 -255 -224 -1426 -340 -255 -255 -255 -255 -596 -1742 -255 -255 -255
-1897 -255 -255 -255 -255 -255 -255 -255 -255 -256 -665 -255 -255 -255 -255 -255 -199 -1134 -1415 -1546 -1861 -255 -255 -255 -255 -255 -1160 -513 -255 -255 -255 -255 -713 -2010 -255 -255 -255 -255 -224 -1426 -340 -255 -255 -255 -255 -596 -1742 -255 -255 -255
-1897 -255 -255 -255 -255 -255 -255 -255 -255 -256 -665 -255 -255 -255 -255 -255 -199 -1134 -1415 -1546 -1861 -255 -255 -255 -255 -255 -1160 -513 -255 -255 -255 -255 -713 -2010 -255 -255 -255 -255 -224 -1426 -340 -255 -255 -255 -255 -596 -1742 -255 -255 -255
-1897 -255 -255 -255 -255 -255 -255 -255 -255 -256 -665 -255 -255 -255 -255 -255 -199 -1134 -1415 -1546 -1861 -255 -255 -255 -255 -255 -1160 -513 -255 -255 -255 -255 -713 -2010 -255 -255 -255 -255 -224 -1426 -340 -255 -255 -255 -255 -596 -1742 -255 -255 -255
-1068 487 487 487 487 487 487 487 487 561 -108 487 487 487 487 487 733 -391 -586 -467 -1298 487 487 487 487 487 -568 219 487 487 487 487 388 -1412 487 487 487 487 617 -1066 395 487 487 487 487 620 -1083 487 487 487
-2147 -691 -691 -691 -691 -691 -691 -691 -691 -865 -1117 -691 -691 -691 -691 -691 -696 -1191 -1450 -1681 -1588 -691 -691 -691 -691 -691 -1801 -770 -691 -691 -691 -691 -1137 -1729 -691 -691 -691 -691 -813 -1988 -720 -691 -691 -691 -691 -925 -1485 -691 -691 -691
-1897 -255 -255 -255 -255 -255 -255 -255 -255 -256 -665 -255 -255 -255 -255 -255 -199 -1134 -1415 -1546 -1861 -255 -255 -255 -255 -255 -1160 -513 -255 -255 -255 -255 -713 -2010 -255 -255 -255 -255 -224 -1426 -340 -255 -255 -255 -255 -596 -1742 -255 -255 -255
-1897 -255 -255 -255 -255 -255 -255 -255 -255 -256 -665 -255 -255 -255 -255 -255 -199 -1134 -1415 -1546 -1861 -255 -255 -255 -255 -255 -1160 -513 -255 -255 -255 -255 -713 -2010 -255 -255 -255 -255 -224 -1426 -340 -255 -255 -255 -255 -596 -1742 -255 -255 -255
-1897 -255 -255 -255 -255 -255 -255 -255 -255 -256 -665 -255 -255 -255 -255 -255 -199 -1134 -1415 -1546 -1861 -255 -255 -255 -255 -255 -1160 -513 -255 -255 -255 -255 -713 -2010 -255 -255 -255 -255 -224 -1426 -340 -255 -255 -255 -255 -596 -1742 -255 -255 -255
-1897 -255 -255 -255 -255 -255 -255 -255 -255 -256 -665 -255 -255 -255 -255 -255 -199 -1134 -1415 -1546 -1861 -255 -255 -255 -255 -255 -1160 -513 -255 -255 -255 -255 -713 -2010 -255 -255 -255 -255 -224 -1426 -340 -255 -255 -255 -255 -596 -1742 -255 -255 -255
-1823 -170 -170 -170 -170 -170 -170 -170 -170 -104 -619 -170 -170 -170 -170 -170 -13 -1045 -1359 -1344 -1962 -170 -170 -170 -170 -170 -1111 -439 -170 -170 -170 -170 -433 -2106 -170 -170 -170 -170 -75 -1526 -258 -170 -170 -170 -170 -336 -1808 -170 -170 -170
-2222 -209 -209 -209 -209 -209 -209 -209 -209 -212 -679 -209 -209 -209 -209 -209 -369 -1198 -1360 -1625 -1635 -209 -209 -209 -209 -209 -2170 -443 -209 -209 -209 -209 -750 -1600 -209 -209 -209 -209 -118 -1967 -299 -209 -209 -209 -209 -892 -1435 -209 -209 -209
-1884 -260 -260 -260 -260 -260 -260 -260 -260 -270 -665 -260 -260 -260 -260 -260 -214 -1130 -1402 -1550 -1820 -260 -260 -260 -260 -260 -1158 -509 -260 -260 -260 -260 -731 -1977 -260 -260 -260 -260 -240 -1426 -342 -260 -260 -260 -260 -602 -1712 -260 -260 -260
-1897 -255 -255 -255 -255 -255 -255 -255 -255 -256 -665 -255 -255 -255 -255 -255 -199 -1134 -1415 -1546 -1861 -255 -255 -255 -255 -255 -1160 -513 -255 -255 -255 -255 -713 -2010 -255 -255 -255 -255 -224 -1426 -340 -255 -255 -255 -255 -596 -1742 -255 -255 -255
-1897 -255 -255 -255 -255 -255 -255 -255 -255 -256 -665 -255 -255 -255 -255 -255 -199 -1134 -1415 -1546 -1861 -255 -255 -255 -255 -255 -1160 -513 -255 -255 -255 -255 -713 -2010 -255 -255 -255 -255 -224 -1426 -340 -255 -255 -255 -255 -596 -1742 -255 -255 -255
-1897 -255 -255 -255 -255 -255 -255 -255 -255 -256 -665 -255 -255 -255 -255 -255 -199 -1134 -1415 -1546 -1861 -255 -255 -255 -255 -255 -1160 -513 -255 -255 -255 -255 -713 -2010 -255 -255 -255 -255 -224 -1426 -340 -255 -255 -255 -255 -596 -1742 -255 -255 -255
-1897 -255 -255 -255 -255 -255 -255 -255 -255 -256 -665 -255 -255 -255 -255 -255 -199 -1134 -1415 -1546 -1861 -255 -255 -255 -255 -255 -1160 -513 -255 -255 -255 -255 -713 -2010 -255 -255 -255 -255 -224 -1426 -340 -255 -255 -255 -255 -596 -1742 -255 -255 -255
-1620 557 557 557 557 557 557 557 557 276 -228 557 557 557 557 557 136 -1054 -1061 -1480 -1006 557 557 557 557 557 -1285 287 557 557 557 557 -391 -1341 557 557 557 557 418 -1482 460 557 557 557 557 45 -1059 557 557 557
-2201 -683 -683 -683 -683 -683 -683 -683 -683 -937 -1138 -683 -683 -683 -683 -683 -784 -1236 -1488 -1873 -1442 -683 -683 -683 -683 -683 -1932 -760 -683 -683 -683 -683 -1367 -1604 -683 -683 -683 -683 -879 -1954 -711 -683 -683 -683 -683 -1056 -1390 -683 -683 -683
-1897 -255 -255 -255 -255 -255 -255 -255 -255 -256 -665 -255 -255 -255 -255 -255 -199 -1134 -1415 -1546 -1861 -255 -255 -255 -255 -255 -1160 -513 -255 -255 -255 -255 -713 -2010 -255 -255 -255 -255 -224 -1426 -340 -255 -255 -255 -255 -596 -1742 -255 -255 -255
-1897 -255 -255 -255 -255 -255 -255 -255 -255 -256 -665 -255 -255 -255 -255 -255 -199 -1134 -1415 -1546 -1861 -255 -255 -255 -255 -255 -1160 -513 -255 -255 -255 -255 -713 -2010 -255 -255 -255 -255 -224 -1426 -340 -255 -255 -255 -255 -596 -1742 -255 -255 -255
-1897 -255 -255 -255 -255 -255 -255 -255 -255 -256 -665 -255 -255 -255 -255 -255 -199 -1134 -1415 -1546 -1861 -255 -255 -255 -255 -255 -1160 -513 -255 -255 -255 -255 -713 -2010 -255 -255 -255 -255 -224 -1426 -340 -255 -255 -255 -255 -596 -1742 -255 -255 -255
