-4194 -680 947 -1599 2494 -2153 985 -1436 380 -6965 -2854 -597 425 5679 268 -5 1628 -801 1514 22 3370 2654 6970 2096 -938 -860 -4568 -973 -5715 807 1798 -793 -6046 2681 -1909 1514 -2393 2034 -1737 1948 -6882 1815 116 -748 1844 414 3460 -437 2337 1068 -2229 -2683 1018 -84 -2427 3801 -3669 -1899 2283 900 -126 1458 3603 -138
-3495 871 1425 -1499 2752 -3831 -805 390 -102 -6763 -1728 155 1268 3291 -6 -496 -883 549 1587 2573 4696 2100 4806 39 -1237 947 -4855 -576 -2280 576 3161 -147 -5518 4234 -1487 2842 -946 3716 -1821 907 -6197 3089 448 1268 3394 885 -832 -355 -1119 1908 -1584 597 71 -194 -1468 2294 -4580 -1770 1538 1461 -1330 2092 3459 -392
-3495 871 1425 -1499 2752 -3831 -805 390 -102 -6763 -1728 155 1268 3291 -6 -496 -883 549 1587 2573 4696 2100 4806 39 -1237 947 -4855 -576 -2280 576 3161 -147 -5518 4234 -1487 2842 -946 3716 -1821 907 -6197 3089 448 1268 3394 885 -832 -355 -1119 1908 -1584 597 71 -194 -1468 2294 -4580 -1770 1538 1461 -1330 2092 3459 -392
-3495 871 1425 -1499 2752 -3831 -805 390 -102 -6763 -1728 155 1268 3291 -6 -496 -883 549 1587 2573 4696 2100 4806 39 -1237 947 -4855 -576 -2280 576 3161 -147 -5518 4234 -1487 2842 -946 3716 -1821 907 -6197 3089 448 1268 3394 885 -832 -355 -1119 1908 -1584 597 71 -194 -1468 2294 -4580 -1770 1538 1461 -1330 2092 3459 -392
-3495 871 1425 -1499 2752 -3831 -805 390 -102 -6763 -1728 155 1268 3291 -6 -496 -883 549 1587 2573 4696 2100 4806 39 -1237 947 -4855 -576 -2280 576 3161 -147 -5518 4234 -1487 2842 -946 3716 -1821 907 -6197 3089 448 1268 3394 885 -832 -355 -1119 1908 -1584 597 71 -194 -1468 2294 -4580 -1770 1538 1461 -1330 2092 3459 -392
-3495 871 1425 -1499 2752 -3831 -805 390 -102 -6763 -1728 155 1268 3291 -6 -496 -883 549 1587 2573 4696 2100 4806 39 -1237 947 -4855 -576 -2280 576 3161 -147 -5518 4234 -1487 2842 -946 3716 -1821 907 -6197 3089 448 1268 3394 885 -832 -355 -1119 1908 -1584 597 71 -194 -1468 2294 -4580 -1770 1538 1461 -1330 2092 3459 -392
-3495 871 1425 -1499 2752 -3831 -805 390 -102 -6763 -1728 155 1268 3291 -6 -496 -883 549 1587 2573 4696 2100 4806 38 -1237 947 -4855 -576 -2280 576 3161 -147 -5518 4234 -1487 2842 -946 3716 -1821 907 -6197 3089 448 1268 3394 885 -832 -355 -1119 1908 -1584 597 71 -194 -1468 2294 -4580 -1770 1538 1461 -1330 2092 3459 -392
-3495 871 1425 -1499 2752 -3831 -805 390 -102 -6763 -1728 155 1268 3291 -6 -496 -883 549 1587 2573 4696 2100 4806 38 -1237 947 -4855 -576 -2280 576 3161 -147 -5518 4234 -1487 2842 -946 3716 -1821 907 -6197 3089 448 1268 3394 885 -832 -355 -1119 1908 -1584 597 71 -194 -1468 2294 -4580 -1770 1538 1461 -1330 2092 3459 -392
-3495 871 1425 -1499 2752 -3831 -805 390 -102 -6763 -1728 155 1268 3291 -6 -496 -883 549 1587 2573 4696 2100 4806 39 -1237 947 -4855 -576 -2280 576 3161 -147 -5518 4234 -1487 2842 -946 3716 -1821 907 -6197 3089 448 1268 3394 885 -832 -355 -1119 1908 -1584 597 71 -194 -1468 2294 -4580 -1770 1538 1461 -1330 2092 3459 -392
-3999 1493 2026 -1922 2574 -3767 -677 1148 509 -7034 -1993 -256 1084 3331 205 132 -205 320 1483 2595 3921 2427 4300 -37 -1022 321 -5135 -1527 -1953 604 2194 571 -5475 3325 -1824 3327 0 3638 -1900 1044 -7355 4053 470 933 3864 558 -258 -979 -1074 2010 -2293 458 -825 -182 -1888 2347 -3924 -2112 1606 1369 -1552 2679 3685 -443
-3199 791 1044 -1931 2323 -3792 -380 839 1025 -6762 -2494 514 339 3756 -96 110 -789 -54 1785 3298 3577 2047 4999 541 -1504 -182 -4762 -894 -2623 583 1900 289 -5874 3450 -1260 1888 -1236 3955 -1130 1628 -6378 3513 210 726 3851 391 -598 -142 -940 2137 -1309 649 208 -172 -1938 2619 -3913 -1281 1892 1599 -826 2681 4204 -390
-3495 871 1425 -1499 2752 -3831 -805 390 -102 -6763 -1728 155 1268 3291 -6 -496 -883 549 1587 2573 4696 2100 4806 39 -1237 947 -4855 -576 -2280 576 3161 -147 -5518 4234 -1487 2842 -946 3716 -1821 907 -6197 3089 448 1268 3394 885 -832 -355 -1119 1908 -1584 597 71 -194 -1468 2294 -4580 -1770 1538 1461 -1330 2092 3459 -392
-3495 871 1425 -1499 2752 -3831 -805 390 -102 -6763 -1728 155 1268 3291 -6 -496 -883 549 1587 2573 4696 2100 4806 38 -1237 947 -4855 -576 -2280 576 3161 -147 -5518 4234 -1487 2842 -946 3716 -1821 907 -6197 3089 448 1268 3394 885 -832 -355 -1119 1908 -1584 597 71 -194 -1468 2294 -4580 -1770 1538 1461 -1330 2092 3459 -392
-3495 871 1425 -1499 2752 -3831 -805 390 -102 -6763 -1728 155 1268 3291 -6 -496 -883 549 1587 2573 4696 2100 4806 38 -1237 947 -4855 -576 -2280 576 3161 -147 -5518 4234 -1487 2842 -946 3716 -1821 907 -6197 3089 448 1268 3394 885 -832 -355 -1119 1908 -1584 597 71 -194 -1468 2294 -4580 -1770 1538 1461 -1330 2092 3459 -392
-3495 871 1425 -1499 2752 -3831 -805 390 -102 -6763 -1728 155 1268 3291 -6 -496 -883 549 1587 2573 4696 2100 4806 38 -1237 947 -4855 -576 -2280 576 3161 -147 -5518 4234 -1487 2842 -946 3716 -1821 907 -6197 3089 448 1268 3394 885 -832 -355 -1119 1908 -1584 597 71 -194 -1468 2294 -4580 -1770 1538 1461 -1330 2092 3459 -392
-3495 871 1425 -1499 2752 -3831 -805 390 -102 -6763 -1728 155 1268 3291 -6 -496 -883 549 1587 2573 4696 2100 4806 38 -1237 947 -4855 -576 -2280 576 3161 -147 -5518 4234 -1487 2842 -946 3716 -1821 907 -6197 3089 448 1268 3394 885 -832 -355 -1119 1908 -1584 597 71 -194 -1468 2294 -4580 -1770 1538 1461 -1330 2092 3459 -392
-4317 -342 1686 -2234 2896 -3284 472 -367 -342 -7118 -2044 -663 1845 4100 248 402 1336 1058 1003 536 3976 3602 5603 1189 -274 2002 -5655 -164 -3446 1127 3739 -1377 -4715 3238 -1249 4582 83 2544 -1495 1493 -6696 2967 -324 1562 2794 509 1218 -1493 314 726 -2370 -1305 524 381 -1471 2320 -5571 -2807 1096 1586 -1576 913 2524 -1122
-5085 -1717 1392 -1070 2546 -1921 961 -2032 -174 -7304 -2371 -521 1839 5274 -90 -337 1799 1042 -734 261 4840 3352 5990 2512 -332 884 -4598 -266 -5275 944 4470 -2960 -4010 2957 -412 3092 -1090 1498 -1142 1786 -6448 625 -153 -435 1103 57 3052 -943 2292 -506 -2903 -3273 2091 858 -163 2626 -5353 -2939 746 1678 -1186 -319 3445 -756
-4946 -2193 1233 -122 2794 -1655 986 -3024 -487 -7084 -1656 -394 2402 5370 -91 -817 1174 1197 -950 -122 5542 2659 5166 1806 -1440 741 -3665 -168 -6153 85 4091 -3847 -4425 3835 -572 1997 -2340 733 -1820 1985 -5527 -37 -15 -1410 327 167 2549 -877 2897 -966 -2240 -2834 1536 -223 -106 2987 -5054 -3763 506 2118 -1113 -198 3629 -1067
-5775 -1550 2329 -988 2467 -1752 552 -1543 272 -7525 -2187 -735 1593 5185 227 -714 2045 1436 -1576 445 4046 3920 5155 1788 -446 392 -3744 -1726 -5060 341 2576 -2361 -4898 1992 -1723 2449 -594 996 -1585 2301 -7666 1609 -349 -1815 1172 -268 3479 -1459 3369 -257 -3109 -3521 816 373 -833 3024 -4638 -4682 671 1571 -1833 1203 3176 -1059
-3282 -198 1120 -747 3972 -1646 288 -1301 -652 -6639 -2131 1475 157 3817 351 -153 -585 -894 1053 1923 5749 2025 5171 1387 -2025 -768 -3618 331 -5887 294 3382 -883 -6952 4619 -1347 -203 -4530 2760 -2932 1526 -5174 1717 248 -615 1580 1597 -129 -262 -157 87 -479 80 1308 -237 -1222 3131 -2752 -2465 2156 1852 -1249 2334 5034 1331
-3495 871 1425 -1499 2752 -3831 -805 390 -102 -6763 -1728 155 1268 3291 -6 -496 -883 549 1587 2573 4696 2100 4806 39 -1237 947 -4855 -576 -2280 576 3161 -147 -5518 4234 -1487 2842 -946 3716 -1821 907 -6197 3089 448 1268 3394 885 -832 -355 -1119 1908 -1584 597 71 -194 -1468 2294 -4580 -1770 1538 1461 -1330 2092 3459 -392
-3495 871 1425 -1499 2752 -3831 -805 390 -102 -6763 -1728 155 1268 3291 -6 -496 -883 549 1587 2573 4696 2100 4806 38 -1237 947 -4855 -576 -2280 576 3161 -147 -5518 4234 -1487 2842 -946 3716 -1821 907 -6197 3089 448 1268 3394 885 -832 -355 -1119 1908 -1584 597 71 -194 -1468 2294 -4580 -1770 1538 1461 -1330 2092 3459 -392
-3495 871 1425 -1499 2752 -3831 -805 390 -102 -6763 -1728 155 1268 3291 -6 -496 -883 549 1587 2573 4696 2100 4806 38 -1237 947 -4855 -576 -2280 576 3161 -147 -5518 4234 -1487 2842 -946 3716 -1821 907 -6197 3089 448 1268 3394 885 -832 -355 -1119 1908 -1584 597 71 -194 -1468 2294 -4580 -1770 1538 1461 -1330 2092 3459 -392
-3495 871 1425 -1499 2752 -3831 -805 390 -102 -6763 -1728 155 1268 3291 -6 -496 -883 549 1587 2573 4696 2100 4806 39 -1237 947 -4855 -576 -2280 576 3161 -147 -5518 4234 -1487 2842 -946 3716 -1821 907 -6197 3089 448 1268 3394 885 -832 -355 -1119 1908 -1584 597 71 -194 -1468 2294 -4580 -1770 1538 1461 -1330 2092 3459 -392
-3495 871 1425 -1499 2752 -3831 -805 390 -102 -6763 -1728 155 1268 3291 -6 -496 -883 549 1587 2573 4696 2100 4806 39 -1237 947 -4855 -576 -2280 576 3161 -147 -5518 4234 -1487 2842 -946 3716 -1821 907 -6197 3089 448 1268 3394 885 -832 -355 -1119 1908 -1584 597 71 -194 -1468 2294 -4580 -1770 1538 1461 -1330 2092 3459 -392
-2652 -994 -8 -1788 902 -2584 2290 -2305 1073 -6306 -1306 -1256 1582 5867 -361 735 1680 -734 1380 337 1865 2918 6598 813 -2247 361 -4175 -764 -5293 -1164 1129 -2505 -3402 1808 -982 3279 -1643 2196 692 1880 -5410 1297 -234 108 2159 -680 2669 -757 1987 1484 -1549 -3080 1496 18 -1902 3207 -4659 -1438 1234 1670 -539 -296 3671 -1954
-3760 587 1527 -1058 3144 -3756 -573 260 -34 -7046 -1759 413 1408 3390 290 -418 -679 631 1193 2534 5178 2014 4733 377 -1241 767 -4755 -734 -2648 556 3561 -437 -5930 4363 -1304 2621 -1214 3313 -2113 1268 -6274 2964 601 691 3121 849 -582 -679 -926 1573 -1509 478 292 -245 -1250 2439 -4691 -1831 1733 1510 -1186 2045 3827 -219
-3495 871 1425 -1499 2752 -3831 -805 390 -102 -6763 -1728 155 1268 3291 -6 -496 -883 549 1587 2573 4696 2100 4806 38 -1237 947 -4855 -576 -2280 576 3161 -147 -5518 4234 -1487 2842 -946 3716 -1821 907 -6197 3089 448 1268 3394 885 -832 -355 -1119 1908 -1584 597 71 -194 -1468 2294 -4580 -1770 1538 1461 -1330 2092 3459 -392
-3495 871 1425 -1499 2752 -3831 -805 390 -102 -6763 -1728 155 1268 3291 -6 -496 -883 549 1587 2573 4696 2100 4806 38 -1237 947 -4855 -576 -2280 576 3161 -147 -5518 4234 -1487 2842 -946 3716 -1821 907 -6197 3089 448 1268 3394 885 -832 -355 -1119 1908 -1584 597 71 -194 -1468 2294 -4580 -1770 1538 1461 -1330 2092 3459 -392
-3495 871 1425 -1499 2752 -3831 -805 390 -102 -6763 -1728 155 1268 3291 -6 -496 -883 549 1587 2573 4696 2100 4806 38 -1237 947 -4855 -576 -2280 576 3161 -147 -5518 4234 -1487 2842 -946 3716 -1821 907 -6197 3089 448 1268 3394 885 -832 -355 -1119 1908 -1584 597 71 -194 -1468 2294 -4580 -1770 1538 1461 -1330 2092 3459 -392
-3495 871 1425 -1499 2752 -3831 -805 390 -102 -6763 -1728 155 1268 3291 -6 -496 -883 549 1587 2573 4696 2100 4806 38 -1237 947 -4855 -576 -2280 576 3161 -147 -5518 4234 -1487 2842 -946 3716 -1821 907 -6197 3089 448 1268 3394 885 -832 -355 -1119 1908 -1584 597 71 -194 -1468 2294 -4580 -1770 1538 1461 -1330 2092 3459 -392
-4234 503 2679 -2250 1695 -3539 -625 2222 967 -7672 -1700 -347 680 2546 374 -120 347 1215 500 2119 3622 3551 4882 154 177 914 -5566 -2409 -1895 563 1399 919 -6153 1334 -2437 3689 1206 3471 -1240 2040 -8169 4201 349 -332 3869 225 994 -1343 1067 1804 -2676 -804 -1098 176 -2758 2900 -3896 -2269 1662 1284 -1507 3109 2649 -36
-3769 -812 1219 -576 3675 -1205 386 -2307 -773 -6620 -2634 964 371 4377 10 -693 -609 -1175 897 1511 5661 2163 5758 1749 -1874 -1249 -3505 490 -6633 880 3484 -1411 -6025 4633 -1198 -399 -4488 2573 -2513 1411 -4846 679 370 -1021 1224 1342 755 516 1092 168 -823 -835 1645 -314 -978 3498 -2546 -2518 1736 1790 -1019 1443 4780 1133
-3495 871 1425 -1499 2752 -3831 -805 390 -102 -6763 -1728 155 1268 3291 -6 -496 -883 549 1587 2573 4696 2100 4806 39 -1237 947 -4855 -576 -2280 576 3161 -147 -5518 4234 -1487 2842 -946 3716 -1821 907 -6197 3089 448 1268 3394 885 -832 -355 -1119 1908 -1584 597 71 -194 -1468 2294 -4580 -1770 1538 1461 -1330 2092 3459 -392
-3495 871 1425 -1499 2752 -3831 -805 390 -102 -6763 -1728 155 1268 3291 -6 -496 -883 549 1587 2573 4696 2100 4806 39 -1237 947 -4855 -576 -2280 576 3161 -147 -5518 4234 -1487 2842 -946 3716 -1821 907 -6197 3089 448 1268 3394 885 -832 -355 -1119 1908 -1584 597 71 -194 -1468 2294 -4580 -1770 1538 1461 -1330 2092 3459 -392
-3495 871 1425 -1499 2752 -3831 -805 390 -102 -6763 -1728 155 1268 3291 -6 -496 -883 549 1587 2573 4696 2100 4806 39 -1237 947 -4855 -576 -2280 576 3161 -147 -5518 4234 -1487 2842 -946 3716 -1821 907 -6197 3089 448 1268 3394 885 -832 -355 -1119 1908 -1584 597 71 -194 -1468 2294 -4580 -1770 1538 1461 -1330 2092 3459 -392
-3495 871 1425 -1499 2752 -3831 -805 390 -102 -6763 -1728 155 1268 3291 -6 -496 -883 549 1587 2573 4696 2100 4806 39 -1237 947 -4855 -576 -2280 576 3161 -147 -5518 4234 -1487 2842 -946 3716 -1821 907 -6197 3089 448 1268 3394 885 -832 -355 -1119 1908 -1584 597 71 -194 -1468 2294 -4580 -1770 1538 1461 -1330 2092 3459 -392
-4139 1176 1838 -1893 2630 -3808 -875 920 203 -7027 -2003 -58 995 3300 110 -221 -496 756 1279 2763 4172 2461 4583 2 -1026 724 -4931 -1183 -1943 628 2443 201 -5397 3649 -1789 3007 -212 3756 -1925 1094 -7145 3628 137 1165 3878 616 -478 -636 -1089 2065 -2093 461 -413 -301 -1594 2196 -4209 -2303 1436 1494 -1659 2791 3431 -588
-2945 -780 -196 -1902 1428 -1687 1513 -3137 152 -5354 -2774 -513 228 6512 -723 480 819 -2149 2085 1100 1531 2615 6779 1639 -2741 -1594 -3168 748 -6377 -763 634 -1970 -2616 3094 -881 432 -3681 2537 191 937 -4873 351 -378 585 2067 -4 2163 1179 1899 1639 -802 -2616 2065 -330 -1810 2684 -3003 -2197 714 2141 -514 374 4290 -1493
-3598 817 1456 -1402 2863 -3817 -697 392 -65 -6860 -1742 267 1288 3326 92 -419 -805 581 1449 2622 4822 2111 4811 154 -1206 883 -4859 -646 -2368 536 3256 -208 -5604 4232 -1383 2805 -1015 3606 -1874 996 -6261 3079 506 1097 3355 871 -748 -484 -1095 1832 -1564 537 170 -169 -1405 2292 -4624 -1713 1586 1503 -1284 2085 3603 -309
-3495 871 1425 -1499 2752 -3831 -805 390 -102 -6763 -1728 155 1268 3291 -6 -496 -883 549 1587 2573 4696 2100 4806 39 -1237 947 -4855 -576 -2280 576 3161 -147 -5518 4234 -1487 2842 -946 3716 -1821 907 -6197 3089 448 1268 3394 885 -832 -355 -1119 1908 -1584 597 71 -194 -1468 2294 -4580 -1770 1538 1461 -1330 2092 3459 -392
-3495 871 1425 -1499 2752 -3831 -805 390 -102 -6763 -1728 155 1268 3291 -6 -496 -883 549 1587 2573 4696 2100 4806 38 -1237 947 -4855 -576 -2280 576 3161 -147 -5518 4234 -1487 2842 -946 3716 -1821 907 -6197 3089 448 1268 3394 885 -832 -355 -1119 1908 -1584 597 71 -194 -1468 2294 -4580 -1770 1538 1461 -1330 2092 3459 -392
-3495 871 1425 -1499 2752 -3831 -805 390 -102 -6763 -1728 155 1268 3291 -6 -496 -883 549 1587 2573 4696 2100 4806 38 -1237 947 -4855 -576 -2280 576 3161 -147 -5518 4234 -1487 2842 -946 3716 -1821 907 -6197 3089 448 1268 3394 885 -832 -355 -1119 1908 -1584 597 71 -194 -1468 2294 -4580 -1770 1538 1461 -1330 2092 3459 -392
-3495 871 1425 -1499 2752 -3831 -805 390 -102 -6763 -1728 155 1268 3291 -6 -496 -883 549 1587 2573 4696 2100 4806 38 -1237 947 -4855 -576 -2280 576 3161 -147 -5518 4234 -1487 2842 -946 3716 -1821 907 -6197 3089 448 1268 3394 885 -832 -355 -1119 1908 -1584 597 71 -194 -1468 2294 -4580 -1770 1538 1461 -1330 2092 3459 -392
-4230 -1210 1745 -2330 1838 -2860 2 566 -468 -7514 -1031 -391 1294 3232 311 -767 1027 2746 93 455 4481 4221 6038 746 434 3632 -5541 -677 -3195 438 3217 -1431 -5372 1871 -1603 4404 169 2615 -1230 2074 -7230 2253 -1118 411 2617 350 1544 -905 1929 240 -2810 -2248 814 363 -1836 2161 -5962 -2806 1052 1656 -1897 1689 1622 -637
-4039 -866 1573 132 3884 -1784 533 -2283 -911 -6935 -2460 749 1257 4695 475 -985 -438 -1024 704 1321 6108 1624 5243 1329 -1813 -1275 -3602 -23 -6543 383 3845 -1718 -5694 5185 -1236 263 -3980 1632 -2865 1417 -4961 753 1136 -1520 1197 914 1116 400 1531 414 -1214 -1037 1089 -1081 -808 3520 -3384 -2536 1662 1572 -665 662 5074 553
-3495 871 1425 -1499 2752 -3831 -805 390 -102 -6763 -1728 155 1268 3291 -6 -496 -883 549 1587 2573 4696 2100 4806 38 -1237 947 -4855 -576 -2280 576 3161 -147 -5518 4234 -1487 2842 -946 3716 -1821 907 -6197 3089 448 1268 3394 885 -832 -355 -1119 1908 -1584 597 71 -194 -1468 2294 -4580 -1770 1538 1461 -1330 2092 3459 -392
-3495 871 1425 -1499 2752 -3831 -805 390 -102 -6763 -1728 155 1268 3291 -6 -496 -883 549 1587 2573 4696 2100 4806 39 -1237 947 -4855 -576 -2280 576 3161 -147 -5518 4234 -1487 2842 -946 3716 -1821 907 -6197 3089 448 1268 3394 885 -832 -355 -1119 1908 -1584 597 71 -194 -1468 2294 -4580 -1770 1538 1461 -1330 2092 3459 -392
-3495 871 1425 -1499 2752 -3831 -805 390 -102 -6763 -1728 155 1268 3291 -6 -496 -883 549 1587 2573 4696 2100 4806 39 -1237 947 -4855 -576 -2280 576 3161 -147 -5518 4234 -1487 2842 -946 3716 -1821 907 -6197 3089 448 1268 3394 885 -832 -355 -1119 1908 -1584 597 71 -194 -1468 2294 -4580 -1770 1538 1461 -1330 2092 3459 -392
