-0.08317138254642487
0.0879325121641159
0.09116163849830627
0.04710668325424194
-0.09688928723335266
0.038888052105903625
0.11048923432826996
-0.08141422271728516
0.08624087274074554
-0.0351538360118866
-0.03595942258834839
0.00023987889289855957
0.0984664261341095
-0.09792472422122955
-0.11436240375041962
0.021907508373260498
0.002330183982849121
-0.0306045264005661
0.06654103100299835
0.06626713275909424
0.04075998067855835
-0.001995950937271118
0.05624350905418396
-0.013128682971000671
0.00816279649734497
-0.0488065630197525
0.045741111040115356
-0.092994824051857
0.10091568529605865
0.0704534649848938
-0.08242730796337128
-0.0932358056306839
-0.0880783200263977
-0.010914802551269531
-0.013701707124710083
-0.046191245317459106
0.08593164384365082
-0.015895172953605652
-0.00024107098579406738
-0.04845421016216278
0.06752224266529083
-0.11963604390621185
-0.036593690514564514
0.026773229241371155
0.07130594551563263
0.0744524747133255
-0.10264351963996887
0.09170618653297424
0.11985543370246887
-0.057967230677604675
-0.09230920672416687
-0.05937497317790985
-0.034272775053977966
0.0506538450717926
0.07515852153301239
0.08725783228874207
0.05026845633983612
0.02897205948829651
-0.10369691252708435
-0.05908031761646271
-0.01824633777141571
0.011094510555267334
0.00931711494922638
0.036479875445365906
-0.09708723425865173
-0.07553039491176605
-0.08457423746585846
0.07619328796863556
-0.09470544755458832
-0.08959431946277618
0.0563894659280777
0.056301966309547424
-0.043584227561950684
-0.059783950448036194
-0.07895714044570923
0.04398374259471893
0.028597503900527954
0.09470701217651367
0.005378782749176025
0.07333098351955414
-0.03775507211685181
0.1041496992111206
-0.0974404513835907
-0.0964406281709671
0.10106588900089264
-0.08223490417003632
0.07913908362388611
-0.012769490480422974
-0.03600993752479553
-0.057693272829055786
0.06224563717842102
-0.02902381122112274
0.039303869009017944
-0.0869552493095398
0.003260403871536255
0.11817571520805359
-0.03354494273662567
0.057654961943626404
0.04413078725337982
-0.09002088010311127
0.02376800775527954
0.10290783643722534
-0.011389002203941345
0.10732109844684601
0.08996368944644928
0.08280551433563232
-0.0949009507894516
-0.04537948966026306
-0.07271671295166016
-0.08960312604904175
-0.04077249765396118
-0.02891203761100769
-0.08731324970722198
0.07973770797252655
-0.02634984254837036
-0.07751548290252686
-0.032210394740104675
-0.005667343735694885
-0.07667766511440277
0.015284895896911621
0.03954370319843292
-0.07044599950313568
0.0599454790353775
-0.09901958703994751
-0.015129193663597107
-0.04231390357017517
-0.11915312707424164
-0.025119289755821228
