0.06592701375484467
0.048034653067588806
0.10451126098632812
0.04078218340873718
0.004198670387268066
-0.07711504399776459
-0.10268354415893555
0.08691470324993134
-0.04358217120170593
0.04630972445011139
-0.09611913561820984
0.059951260685920715
0.10308371484279633
-0.03421199321746826
-0.036309391260147095
0.0738082230091095
0.026099294424057007
0.00556047260761261
0.08027945458889008
0.03547638654708862
0.07368913292884827
-0.08871419727802277
0.0674196183681488
0.05267488956451416
0.12194544076919556
-0.07508251070976257
-0.04548853635787964
-0.01845148205757141
-0.057789236307144165
0.022929564118385315
0.004873290657997131
0.0367765873670578
0.09180557727813721
-0.0152130126953125
0.02647252380847931
-0.07710187137126923
0.09434539079666138
0.07488133013248444
-0.08990031480789185
0.07716883718967438
0.026736244559288025
0.09877020120620728
0.05593380331993103
-0.07764305174350739
0.006785780191421509
0.07949882745742798
-0.06292006373405457
-0.01628972589969635
-0.04916568100452423
-0.051966726779937744
0.09362119436264038
-0.07865846157073975
-0.0813257098197937
-0.04732196033000946
-0.09010612964630127
0.10899633169174194
0.008736580610275269
-0.1060456931591034
0.08036363124847412
0.07512260973453522
0.06123240292072296
0.08145812153816223
0.0016069263219833374
-0.058567360043525696
