-0.011826545000076294
-0.007524862885475159
0.0468129962682724
0.04790014028549194
-0.08558204770088196
-0.03428705036640167
0.03120747208595276
0.022873207926750183
-0.013495266437530518
0.01522555947303772
0.05048198997974396
0.07286834716796875
-0.060313880443573
-0.07957428693771362
0.02885739505290985
0.08257095515727997
0.07635557651519775
-0.042765408754348755
0.023874789476394653
-0.04308706521987915
-0.056068092584609985
-0.07910199463367462
0.09219872951507568
-0.019428417086601257
0.11436967551708221
-0.10204574465751648
-0.11572742462158203
0.10087978839874268
-0.09525184333324432
0.05166815221309662
-0.019185945391654968
-0.10639376938343048
0.023087963461875916
-0.015566378831863403
0.054913684725761414
0.06634381413459778
0.06196281313896179
0.09814453125
0.12238381803035736
-0.11203877627849579
-0.03643830120563507
0.039211660623550415
-0.015881001949310303
0.0017420649528503418
-0.09181550145149231
0.02976609766483307
-0.10760314762592316
0.11635203659534454
-0.09337747097015381
0.06412608921527863
0.03786768019199371
0.1135023981332779
-0.12082080543041229
0.024560540914535522
-0.11977119743824005
0.04335646331310272
-0.04152122139930725
-0.09365463256835938
0.07434870302677155
0.04506872594356537
-0.046062156558036804
-0.05135612189769745
-0.0847523957490921
-0.05281588435173035
