-2212 -1278 8704 6913 -3176 -313 -308 -1146 687 8127 -535 -4456 1411 -7274 -926 -9726 -3896 -4474 2059 326 -7478 2024 -10515 3519 -4508 2922 -8219 7746 7630 -4094 -186 -1020 -5686 4434 -4224 140 -2402 -2336 11113 -5475 2066 -9964 1421 4250 -539 -362 -6412 5584 486 -1019 -10589 4930 -1320 -970 -2160 -8870 -83 -1681 -3406 7269 -5252 -1317 1610 -1280
1977 -2860 8667 5105 4075 -3074 -4992 -32 5523 6098 -1577 -4815 -2211 -1733 3543 -10377 -8236 -2912 -2553 2958 -10138 -1242 -9884 -912 -6495 2065 -7049 3598 7643 -3662 -2168 1452 -1400 4424 -4557 -378 -5500 -218 8163 -9553 4915 -9500 4312 6772 -2593 4637 -9979 6857 -901 1779 -8657 2346 -3599 -6643 -137 -4219 -1524 3106 2275 11763 -5307 -4378 2270 -4367
1977 -2860 8667 5105 4075 -3074 -4992 -32 5523 6098 -1577 -4815 -2211 -1733 3543 -10377 -8236 -2912 -2553 2958 -10138 -1242 -9884 -912 -6495 2065 -7049 3598 7643 -3662 -2168 1452 -1400 4424 -4557 -378 -5500 -218 8163 -9553 4915 -9500 4312 6772 -2593 4637 -9979 6857 -901 1779 -8657 2346 -3599 -6643 -137 -4219 -1524 3106 2275 11763 -5307 -4378 2270 -4367
1977 -2860 8667 5105 4075 -3074 -4992 -32 5523 6098 -1577 -4815 -2211 -1733 3543 -10377 -8236 -2912 -2553 2958 -10138 -1242 -9884 -912 -6495 2065 -7049 3598 7643 -3662 -2168 1452 -1400 4424 -4557 -378 -5500 -218 8163 -9553 4915 -9500 4312 6772 -2593 4637 -9979 6857 -901 1779 -8657 2346 -3599 -6643 -137 -4219 -1524 3106 2275 11763 -5307 -4378 2270 -4367
1977 -2860 8667 5105 4075 -3074 -4992 -32 5523 6098 -1577 -4815 -2211 -1733 3543 -10377 -8236 -2912 -2553 2958 -10138 -1242 -9884 -912 -6495 2065 -7049 3598 7643 -3662 -2168 1452 -1400 4424 -4557 -378 -5500 -218 8163 -9553 4915 -9500 4312 6772 -2593 4637 -9979 6857 -901 1779 -8657 2346 -3599 -6643 -137 -4219 -1524 3106 2275 11763 -5307 -4378 2270 -4367
1977 -2860 8667 5105 4075 -3074 -4992 -32 5523 6098 -1577 -4815 -2211 -1733 3543 -10377 -8236 -2912 -2553 2958 -10138 -1242 -9884 -912 -6495 2065 -7049 3598 7643 -3662 -2168 1452 -1400 4424 -4557 -378 -5500 -218 8163 -9553 4915 -9500 4312 6772 -2593 4637 -9979 6857 -901 1779 -8657 2346 -3599 -6643 -137 -4219 -1524 3106 2275 11763 -5307 -4378 2270 -4367
1977 -2860 8667 5105 4075 -3074 -4992 -32 5523 6098 -1577 -4815 -2211 -1733 3543 -10377 -8236 -2912 -2553 2958 -10138 -1242 -9884 -912 -6495 2065 -7049 3598 7643 -3662 -2168 1452 -1400 4424 -4557 -378 -5500 -218 8163 -9553 4915 -9500 4312 6772 -2593 4637 -9979 6857 -901 1779 -8657 2346 -3599 -6643 -137 -4219 -1524 3106 2275 11763 -5307 -4378 2270 -4367
1977 -2860 8667 5105 4075 -3074 -4992 -32 5523 6098 -1577 -4815 -2211 -1733 3543 -10377 -8236 -2912 -2553 2958 -10138 -1242 -9884 -912 -6495 2065 -7049 3598 7643 -3662 -2168 1452 -1400 4424 -4557 -378 -5500 -218 8163 -9553 4915 -9500 4312 6772 -2593 4637 -9979 6857 -901 1779 -8657 2346 -3599 -6643 -137 -4219 -1524 3106 2275 11763 -5307 -4378 2270 -4367
1977 -2860 8667 5105 4075 -3074 -4992 -32 5523 6098 -1577 -4815 -2211 -1733 3543 -10377 -8236 -2912 -2553 2958 -10138 -1242 -9884 -912 -6495 2065 -7049 3598 7643 -3662 -2168 1452 -1400 4424 -4557 -378 -5500 -218 8163 -9553 4915 -9500 4312 6772 -2593 4637 -9979 6857 -901 1779 -8657 2346 -3599 -6643 -137 -4219 -1524 3106 2275 11763 -5307 -4378 2270 -4367
2296 -2465 10529 5419 3197 -2106 -3834 -1031 4750 5733 -696 -4698 -1962 -3211 1424 -9940 -8263 -1295 -1487 5024 -9867 -959 -10275 -1177 -7537 2251 -7614 5469 9567 -3718 -2181 -721 -3539 3456 -4255 -1280 -6727 -53 7411 -9704 2748 -10115 3964 7544 -1719 5012 -9218 5251 -1580 3565 -9883 2800 -2805 -7002 928 -3787 425 2321 888 13660 -3596 -4586 3299 -6006
3273 -3640 9242 5741 2625 -2167 -2579 186 4739 5796 -1027 -4685 -1731 -3556 1855 -9465 -7926 -2077 -3696 3552 -9406 -168 -7434 -1216 -5776 5478 -7197 5080 7988 -3819 -3520 450 -2557 4438 -1369 965 -6428 -1349 7027 -7710 3836 -10522 4452 7691 -2014 3201 -8608 7090 2080 1124 -9056 1981 -2072 -6302 1384 -3313 -2731 2380 1496 11276 -5116 -3596 3040 -3907
1977 -2860 8667 5105 4075 -3074 -4992 -32 5523 6098 -1577 -4815 -2211 -1733 3543 -10377 -8236 -2912 -2553 2958 -10138 -1242 -9884 -912 -6495 2065 -7049 3598 7643 -3662 -2168 1452 -1400 4424 -4557 -378 -5500 -218 8163 -9553 4915 -9500 4312 6772 -2593 4637 -9979 6857 -901 1779 -8657 2346 -3599 -6643 -137 -4219 -1524 3106 2275 11763 -5307 -4378 2270 -4367
1977 -2860 8667 5105 4075 -3074 -4992 -32 5523 6098 -1577 -4815 -2211 -1733 3543 -10377 -8236 -2912 -2553 2958 -10138 -1242 -9884 -912 -6495 2065 -7049 3598 7643 -3662 -2168 1451 -1400 4424 -4557 -378 -5500 -218 8163 -9553 4915 -9500 4312 6772 -2593 4637 -9979 6857 -901 1779 -8657 2346 -3599 -6643 -137 -4219 -1524 3106 2275 11763 -5307 -4378 2270 -4367
1977 -2860 8667 5105 4075 -3074 -4992 -32 5523 6098 -1577 -4815 -2211 -1733 3543 -10377 -8236 -2912 -2553 2958 -10138 -1242 -9884 -912 -6495 2065 -7049 3598 7643 -3662 -2168 1451 -1400 4424 -4557 -378 -5500 -218 8163 -9553 4915 -9500 4312 6772 -2593 4637 -9979 6857 -901 1779 -8657 2346 -3599 -6643 -137 -4219 -1524 3106 2275 11763 -5307 -4378 2270 -4367
1977 -2860 8667 5105 4075 -3074 -4992 -32 5523 6098 -1577 -4815 -2211 -1733 3543 -10377 -8236 -2912 -2553 2958 -10138 -1242 -9884 -912 -6495 2065 -7049 3598 7643 -3662 -2168 1452 -1400 4424 -4557 -378 -5500 -218 8163 -9553 4915 -9500 4312 6772 -2593 4637 -9979 6857 -901 1779 -8657 2346 -3599 -6643 -137 -4219 -1524 3106 2275 11763 -5307 -4378 2270 -4367
1977 -2860 8667 5105 4075 -3074 -4992 -32 5523 6098 -1577 -4815 -2211 -1733 3543 -10377 -8236 -2912 -2553 2958 -10138 -1242 -9884 -912 -6495 2065 -7049 3598 7643 -3662 -2168 1452 -1400 4424 -4557 -378 -5500 -218 8163 -9553 4915 -9500 4312 6772 -2593 4637 -9979 6857 -901 1779 -8657 2346 -3599 -6643 -137 -4219 -1524 3106 2275 11763 -5307 -4378 2270 -4367
291 -1278 6607 5812 832 -3918 -4353 -2589 1445 7425 -2298 -3850 -2399 -3436 3328 -10140 -6461 -2962 996 3230 -8602 -1479 -13222 49 -5140 -1540 -9008 5527 7461 -3070 1236 101 -1260 2403 -8560 -2106 -3864 -40 10011 -8899 3504 -6631 481 7556 -2059 3684 -8345 7071 -2699 1373 -9483 4774 -3492 -2866 -2271 -5341 62 633 -750 8823 -5394 -4561 3861 -3185
-3511 -52 8523 6052 -767 -351 -1241 -5991 854 9007 -2180 -4268 806 -2592 3458 -8563 -5313 -5037 4256 102 -7261 1816 -12400 2211 -2991 -4049 -11520 6303 6221 -3522 3790 -2649 -1741 3790 -8133 548 -750 -130 13702 -8338 3112 -7345 416 3474 -1108 3536 -6736 10984 -2969 -2212 -10144 6009 -2394 795 -6181 -8539 244 -2452 -4220 7210 -6331 -2865 1990 929
-4370 333 7984 5012 -254 1382 -1687 -5015 839 8898 -1434 -3437 3450 -3858 2783 -9133 -5467 -5024 3660 -1512 -5893 1159 -12016 3513 -2626 -3871 -8958 6064 7641 -3876 2299 -247 -799 4099 -10670 1455 184 -2127 15259 -8342 3866 -5528 1507 2268 -1562 2338 -3510 10660 -2939 -3522 -8748 6011 -2998 720 -5602 -10486 -477 -529 -4362 7851 -5882 -1540 978 1567
-5629 -814 10958 5280 -2078 584 -821 -5582 362 7909 -998 -4362 3112 -6478 -231 -7764 -6531 -3624 6933 594 -4730 2371 -14263 1834 -2875 -4546 -9680 8860 8850 -2842 3673 -2300 -5486 2940 -9541 1571 -808 -361 13827 -6943 -370 -6465 -54 3850 -653 1571 -2556 7776 -3423 -2251 -12529 5402 -2968 -2026 -3514 -10507 3527 -2469 -7665 10164 -4895 -2384 609 901
-1466 -2113 13053 3393 1097 -92 -1846 -2527 3976 6040 842 -3969 3008 -3957 2108 -12469 -6798 -5329 -3999 191 -9139 286 -8647 4070 -4056 5758 -7521 2627 7131 -4270 -1496 95 -1892 5794 -2212 2760 -1801 -3278 7491 -7137 7140 -9731 5591 2107 -376 4176 -7700 9316 4260 -1910 -8760 5431 -4332 -4053 -901 -6809 -3520 4189 -1322 9005 -4595 261 442 -857
1977 -2860 8667 5105 4075 -3074 -4992 -32 5523 6098 -1577 -4815 -2211 -1733 3543 -10377 -8236 -2912 -2553 2958 -10138 -1242 -9884 -912 -6495 2065 -7049 3598 7643 -3662 -2168 1452 -1400 4424 -4557 -378 -5500 -218 8163 -9553 4915 -9500 4312 6772 -2593 4637 -9979 6857 -901 1779 -8657 2346 -3599 -6643 -137 -4219 -1524 3106 2275 11763 -5307 -4378 2270 -4367
1977 -2860 8667 5105 4075 -3074 -4992 -32 5523 6098 -1577 -4815 -2211 -1733 3543 -10377 -8236 -2912 -2553 2958 -10138 -1242 -9884 -912 -6495 2065 -7049 3598 7643 -3662 -2168 1452 -1400 4424 -4557 -378 -5500 -218 8163 -9553 4915 -9500 4312 6772 -2593 4637 -9979 6857 -901 1779 -8657 2346 -3599 -6643 -137 -4219 -1524 3106 2275 11763 -5307 -4378 2270 -4367
1977 -2860 8667 5105 4075 -3074 -4992 -32 5523 6098 -1577 -4815 -2211 -1733 3543 -10377 -8236 -2912 -2553 2958 -10138 -1242 -9884 -912 -6495 2065 -7049 3598 7643 -3662 -2168 1452 -1400 4424 -4557 -378 -5500 -218 8163 -9553 4915 -9500 4312 6772 -2593 4637 -9979 6857 -901 1779 -8657 2346 -3599 -6643 -137 -4219 -1524 3106 2275 11763 -5307 -4378 2270 -4367
1977 -2860 8667 5105 4075 -3074 -4992 -32 5523 6098 -1577 -4815 -2211 -1733 3543 -10377 -8236 -2912 -2553 2958 -10138 -1242 -9884 -912 -6495 2065 -7049 3598 7643 -3662 -2168 1452 -1400 4424 -4557 -378 -5500 -218 8163 -9553 4915 -9500 4312 6772 -2593 4637 -9979 6857 -901 1779 -8657 2346 -3599 -6643 -137 -4219 -1524 3106 2275 11763 -5307 -4378 2270 -4367
1977 -2860 8667 5105 4075 -3074 -4992 -32 5523 6098 -1577 -4815 -2211 -1733 3543 -10377 -8236 -2912 -2553 2958 -10138 -1242 -9884 -912 -6495 2065 -7049 3598 7643 -3662 -2168 1452 -1400 4424 -4557 -378 -5500 -218 8163 -9553 4915 -9500 4312 6772 -2593 4637 -9979 6857 -901 1779 -8657 2346 -3599 -6643 -137 -4219 -1524 3106 2275 11763 -5307 -4378 2270 -4367
2452 943 3190 9078 -3893 -2612 247 1179 491 8567 -130 -3070 2459 -6763 3235 -7975 -2627 -2159 500 -2004 -5788 -333 -8636 265 -2427 4004 -6855 9354 8031 -3064 -2595 463 -1185 5428 -6121 -2027 -3911 -4031 11744 -4603 1725 -6996 863 5420 -1259 -1154 -3154 8025 -1365 1206 -9252 2288 723 1600 -3973 -10000 -838 -3980 -1573 7574 -8452 -1329 4615 -1246
994 -2734 9526 4881 3655 -2486 -4502 -833 4979 5792 -1489 -4641 -1514 -1499 3317 -10408 -8188 -3068 -2266 2950 -9553 -428 -10196 78 -6521 1384 -7423 3411 7869 -4222 -1276 1241 -1714 5196 -4313 277 -4605 -919 8021 -9384 4599 -9377 3930 6032 -2260 4758 -10247 7436 -1239 1229 -8230 2556 -4094 -6118 6 -4191 -1736 3162 1649 11413 -5402 -4201 1465 -3714
1977 -2860 8667 5105 4075 -3074 -4992 -32 5523 6098 -1577 -4815 -2211 -1733 3543 -10377 -8236 -2912 -2553 2958 -10138 -1242 -9884 -912 -6495 2065 -7049 3598 7643 -3662 -2168 1451 -1400 4424 -4557 -378 -5500 -218 8163 -9553 4915 -9500 4312 6772 -2593 4637 -9979 6857 -901 1779 -8657 2346 -3599 -6643 -137 -4219 -1524 3106 2275 11763 -5307 -4378 2270 -4367
1977 -2860 8667 5105 4075 -3074 -4992 -32 5523 6098 -1577 -4815 -2211 -1733 3543 -10377 -8236 -2912 -2553 2958 -10138 -1242 -9884 -912 -6495 2065 -7049 3598 7643 -3662 -2168 1451 -1400 4424 -4557 -378 -5500 -218 8163 -9553 4915 -9500 4312 6772 -2593 4637 -9979 6857 -901 1779 -8657 2346 -3599 -6643 -137 -4219 -1524 3106 2275 11763 -5307 -4378 2270 -4367
1977 -2860 8667 5105 4075 -3074 -4992 -32 5523 6098 -1577 -4815 -2211 -1733 3543 -10377 -8236 -2912 -2553 2958 -10138 -1242 -9884 -912 -6495 2065 -7049 3598 7643 -3662 -2168 1452 -1400 4424 -4557 -378 -5500 -218 8163 -9553 4915 -9500 4312 6772 -2593 4637 -9979 6857 -901 1779 -8657 2346 -3599 -6643 -137 -4219 -1524 3106 2275 11763 -5307 -4378 2270 -4367
1977 -2860 8667 5105 4075 -3074 -4992 -32 5523 6098 -1577 -4815 -2211 -1733 3543 -10377 -8236 -2912 -2553 2958 -10138 -1242 -9884 -912 -6495 2065 -7049 3598 7643 -3662 -2168 1452 -1400 4424 -4557 -378 -5500 -218 8163 -9553 4915 -9500 4312 6772 -2593 4637 -9979 6857 -901 1779 -8657 2346 -3599 -6643 -137 -4219 -1524 3106 2275 11763 -5307 -4378 2270 -4367
420 -2467 10764 8024 1230 -3906 -3554 -1341 4742 4483 -2991 -5850 -1508 -5622 -792 -8718 -10455 335 1540 5970 -8600 1595 -12239 -1063 -5302 622 -6281 8680 10487 -2810 -668 -247 -7887 2961 -5905 -132 -5953 -564 7313 -6155 -2157 -9467 2319 7314 -2456 1649 -6266 2436 -3066 1826 -12314 1994 -3206 -6850 2161 -4239 3308 719 -98 14108 -3782 -4930 1595 -5172
-2200 -1136 12932 4483 1175 1704 -1715 -3563 3513 7569 -389 -3599 4052 -3582 1869 -10916 -5931 -6188 -1803 -1544 -9332 850 -8201 4661 -3834 4569 -9157 3653 6069 -3357 -1532 -1710 -1532 4859 -2980 3538 -749 -3264 10315 -7385 7533 -10583 5715 685 -423 3760 -6984 10639 4192 -3299 -9938 6900 -2985 -2232 -2477 -8516 -2721 2079 -2525 8200 -4228 889 -70 -777
1977 -2860 8667 5105 4075 -3074 -4992 -32 5523 6098 -1577 -4815 -2211 -1733 3543 -10377 -8236 -2912 -2553 2958 -10138 -1242 -9884 -912 -6495 2065 -7049 3598 7643 -3662 -2168 1452 -1400 4424 -4557 -378 -5500 -218 8163 -9553 4915 -9500 4312 6772 -2593 4637 -9979 6857 -901 1779 -8657 2346 -3599 -6643 -137 -4219 -1524 3106 2275 11763 -5307 -4378 2270 -4367
1977 -2860 8667 5105 4075 -3074 -4992 -32 5523 6098 -1577 -4815 -2211 -1733 3543 -10377 -8236 -2912 -2553 2958 -10138 -1242 -9884 -912 -6495 2065 -7049 3598 7643 -3662 -2168 1452 -1400 4424 -4557 -378 -5500 -218 8163 -9553 4915 -9500 4312 6772 -2593 4637 -9979 6857 -901 1779 -8657 2346 -3599 -6643 -137 -4219 -1524 3106 2275 11763 -5307 -4378 2270 -4367
1977 -2860 8667 5105 4075 -3074 -4992 -32 5523 6098 -1577 -4815 -2211 -1733 3543 -10377 -8236 -2912 -2553 2958 -10138 -1242 -9884 -912 -6495 2065 -7049 3598 7643 -3662 -2168 1452 -1400 4424 -4557 -378 -5500 -218 8163 -9553 4915 -9500 4312 6772 -2593 4637 -9979 6857 -901 1779 -8657 2346 -3599 -6643 -137 -4219 -1524 3106 2275 11763 -5307 -4378 2270 -4367
1977 -2860 8667 5105 4075 -3074 -4992 -32 5523 6098 -1577 -4815 -2211 -1733 3543 -10377 -8236 -2912 -2553 2958 -10138 -1242 -9884 -912 -6495 2065 -7049 3598 7643 -3662 -2168 1452 -1400 4424 -4557 -378 -5500 -218 8163 -9553 4915 -9500 4312 6772 -2593 4637 -9979 6857 -901 1779 -8657 2346 -3599 -6643 -137 -4219 -1524 3106 2275 11763 -5307 -4378 2270 -4367
2072 -3249 9822 4991 3687 -2290 -4609 -960 5159 5785 -1000 -4980 -2288 -2856 2298 -10167 -8879 -2126 -1539 3932 -9740 -1079 -10560 -1369 -7108 1712 -7604 4637 8408 -3517 -2002 -83 -2930 3383 -4758 -531 -6161 398 7515 -9779 3489 -9777 3375 7451 -2390 4977 -9331 5842 -1189 2608 -10036 2239 -3184 -7801 667 -3830 24 2666 1117 12519 -4258 -5024 2554 -5215
2619 -53 5665 6961 -3380 160 638 -609 524 10039 451 -3058 3998 -7045 3572 -8855 -2486 -5907 -78 -5238 -6968 -1558 -5757 1939 -1756 7168 -9119 8492 5615 -1758 -5088 -2668 -4 3033 -3026 -913 -3473 -2858 12231 -5983 6986 -9687 1919 5106 -37 1445 -3246 10296 4790 -721 -11302 3872 2832 1173 -4194 -12012 -2787 -3723 -3423 5921 -6354 479 4470 47
1798 -2759 8954 5092 3821 -2945 -4795 -323 5381 6033 -1567 -4871 -2017 -1568 3551 -10419 -8280 -3011 -2446 2978 -10015 -945 -9965 -628 -6527 1836 -7248 3620 7667 -3949 -1866 1259 -1534 4671 -4324 -204 -5268 -351 7993 -9560 4821 -9611 4100 6575 -2513 4826 -10128 7081 -1094 1670 -8643 2387 -3714 -6463 -84 -4173 -1612 2996 2163 11677 -5379 -4405 2103 -4146
1977 -2860 8667 5105 4075 -3074 -4992 -32 5523 6098 -1577 -4815 -2211 -1733 3543 -10377 -8236 -2912 -2553 2958 -10138 -1242 -9884 -912 -6495 2065 -7049 3598 7643 -3662 -2168 1452 -1400 4424 -4557 -378 -5500 -218 8163 -9553 4915 -9500 4312 6772 -2593 4637 -9979 6857 -901 1779 -8657 2346 -3599 -6643 -137 -4219 -1524 3106 2275 11763 -5307 -4378 2270 -4367
1977 -2860 8667 5105 4075 -3074 -4992 -32 5523 6098 -1577 -4815 -2211 -1733 3543 -10377 -8236 -2912 -2553 2958 -10138 -1242 -9884 -912 -6495 2065 -7049 3598 7643 -3662 -2168 1451 -1400 4424 -4557 -378 -5500 -218 8163 -9553 4915 -9500 4312 6772 -2593 4637 -9979 6857 -901 1779 -8657 2346 -3599 -6643 -137 -4219 -1524 3106 2275 11763 -5307 -4378 2270 -4367
1977 -2860 8667 5105 4075 -3074 -4992 -32 5523 6098 -1577 -4815 -2211 -1733 3543 -10377 -8236 -2912 -2553 2958 -10138 -1242 -9884 -912 -6495 2065 -7049 3598 7643 -3662 -2168 1451 -1400 4424 -4557 -378 -5500 -218 8163 -9553 4915 -9500 4312 6772 -2593 4637 -9979 6857 -901 1779 -8657 2346 -3599 -6643 -137 -4219 -1524 3106 2275 11763 -5307 -4378 2270 -4367
1977 -2860 8667 5105 4075 -3074 -4992 -32 5523 6098 -1577 -4815 -2211 -1733 3543 -10377 -8236 -2912 -2553 2958 -10138 -1242 -9884 -912 -6495 2065 -7049 3598 7643 -3662 -2168 1451 -1400 4424 -4557 -378 -5500 -218 8163 -9553 4915 -9500 4312 6772 -2593 4637 -9979 6857 -901 1779 -8657 2346 -3599 -6643 -137 -4219 -1524 3106 2275 11763 -5307 -4378 2270 -4367
-1354 -2457 6352 6961 -543 -5674 -4999 -2408 2859 5765 -3342 -5883 -2915 -4302 2406 -10850 -8789 -2494 2298 2404 -7598 1014 -13735 -232 -1914 -2540 -6428 7067 6862 -2347 2156 2967 -4162 2683 -10614 162 -3189 1122 9945 -6516 469 -5251 -651 5926 -3911 743 -5647 5144 -4339 -333 -10784 2878 -4582 -4897 -2142 -6572 2047 485 192 8497 -6291 -4382 1637 -37
-2855 -463 12584 5304 1868 1646 -2752 -3246 2644 7277 -801 -4401 4159 -1926 2392 -10399 -6241 -6547 123 -1741 -8369 158 -8920 4973 -4760 2042 -9490 4133 7277 -4514 -677 -1533 -1471 5549 -4826 3086 -773 -3635 12590 -9375 7030 -9666 5242 -19 60 3994 -6956 9560 1652 -2916 -9125 6337 -3067 -1466 -2419 -9859 -2806 1416 -2430 9386 -4286 -51 -913 -900
1977 -2860 8667 5105 4075 -3074 -4992 -32 5523 6098 -1577 -4815 -2211 -1733 3543 -10377 -8236 -2912 -2553 2958 -10138 -1242 -9884 -912 -6495 2065 -7049 3598 7643 -3662 -2168 1452 -1400 4424 -4557 -378 -5500 -218 8163 -9553 4915 -9500 4312 6772 -2593 4637 -9979 6857 -901 1779 -8657 2346 -3599 -6643 -137 -4219 -1524 3106 2275 11763 -5307 -4378 2270 -4367
1977 -2860 8667 5105 4075 -3074 -4992 -32 5523 6098 -1577 -4815 -2211 -1733 3543 -10377 -8236 -2912 -2553 2958 -10138 -1242 -9884 -912 -6495 2065 -7049 3598 7643 -3662 -2168 1451 -1400 4424 -4557 -378 -5500 -218 8163 -9553 4915 -9500 4312 6772 -2593 4637 -9979 6857 -901 1779 -8657 2346 -3599 -6643 -137 -4219 -1524 3106 2275 11763 -5307 -4378 2270 -4367
1977 -2860 8667 5105 4075 -3074 -4992 -32 5523 6098 -1577 -4815 -2211 -1733 3543 -10377 -8236 -2912 -2553 2958 -10138 -1242 -9884 -912 -6495 2065 -7049 3598 7643 -3662 -2168 1451 -1400 4424 -4557 -378 -5500 -218 8163 -9553 4915 -9500 4312 6772 -2593 4637 -9979 6857 -901 1779 -8657 2346 -3599 -6643 -137 -4219 -1524 3106 2275 11763 -5307 -4378 2270 -4367
