-44 -479 155 -350 507 -88 -431 -160 -247 -398 -438 -402 78 -290 419 414 336 135 -397 322 -108 143 -224 -350 373 -314 76 -384 -106 367 163 161 466 255 -282 -32 -445 209 -430 253 71 -306 -244 435 -308 302 116 79 102 -409 -144 -362 297 220 -306 -153 -398 -4 404 -17 -105 -27 32 248
444 -354 -182 39 -88 -57 -336 -347 331 -105 -26 -12 479 289 36 334 467 -500 -424 465 191 130 -6 276 -221 -459 -178 371 19 -193 161 -186 145 -142 -141 169 -294 231 -46 471 -14 -250 46 124 287 161 439 250 -41 -470 -383 3 324 -75 145 152 -394 -152 -97 -227 483 -126 -287 -73
229 395 311 349 -20 43 -61 -53 -180 -269 -218 -84 -74 186 -136 334 -125 -463 500 456 -393 -90 -161 -419 115 -462 -472 68 -396 -402 475 -454 112 -453 467 -136 281 136 416 205 -74 155 39 235 -458 -274 -261 305 -217 199 413 -248 428 -6 -415 399 371 185 -457 -59 280 214 -276 -200
-65 187 -343 55 342 -263 84 394 -37 248 209 -344 -510 353 -267 344 429 476 -218 175 4 -19 134 94 205 273 -87 -246 -99 350 327 193 51 -101 151 310 -43 259 -140 369 -44 -238 334 464 -443 -264 299 -168 100 -139 -216 -252 353 508 -119 306 100 -244 449 335 77 -316 405 14
253 68 -9 -398 313 5 -378 -408 118 -499 -413 322 249 -236 -221 25 -280 -408 420 426 60 -313 415 -502 74 -233 335 -475 -27 -36 386 161 452 370 -168 -115 -511 463 505 396 -330 233 -257 446 315 -172 -94 -297 -507 -363 111 462 -393 466 173 446 -491 296 374 -417 -504 0 168 153
-256 -136 -381 80 -301 359 98 396 215 30 -148 29 504 155 206 149 461 -228 272 -195 11 334 117 74 -222 84 16 -378 -83 281 -199 429 -360 321 261 92 428 -52 416 -146 -457 419 -512 369 204 323 -271 307 114 449 -445 362 -266 211 -244 360 -294 -127 4 160 195 -484 -139 -107
-435 63 243 84 -314 -118 -106 220 184 7 476 89 -321 307 465 -259 -191 90 141 -80 -159 -41 429 182 -100 287 427 -358 286 -67 238 -54 -286 481 135 497 -128 -480 220 -122 -215 -438 172 -178 -167 509 -141 -360 -481 378 -65 -246 250 248 4 122 388 -33 -378 -151 349 -389 -432 -123
287 -355 -433 229 143 270 -403 420 -498 -190 203 -408 230 270 253 461 284 -457 -505 -3 423 -228 -509 -49 -366 -324 206 -289 -417 190 494 34 72 182 -178 -106 227 327 181 -274 -448 323 402 -497 -236 0 227 107 29 94 -79 425 -185 -2 221 -463 355 402 288 -283 512 -505 339 -449
-311 -120 250 47 -492 -69 146 -115 -225 69 400 122 329 298 56 225 -294 -208 -255 -47 403 -340 338 248 214 6 15 -192 -23 -459 -29 370 95 211 -323 -189 440 -379 160 -326 -264 283 373 -286 -29 414 105 -460 11 -255 -230 -443 69 -412 126 473 114 350 -32 -424 -310 -301 -8 84
445 289 -299 -436 353 -437 68 -182 204 -375 504 -341 -352 239 -478 -409 -58 59 376 38 14 -107 175 -85 -217 -257 -296 351 243 -76 388 -377 -137 -42 -120 -71 354 -151 -413 -345 -436 -462 433 -304 355 390 159 -74 -310 -490 -410 90 -325 86 -377 -223 -324 -420 -81 39 -263 59 158 -223
65 12 -315 -115 327 404 -60 330 41 325 -453 -497 -272 439 -425 -141 -168 -470 -73 352 -372 424 -20 -50 -164 95 376 -373 -45 259 -127 -390 94 -309 478 -341 159 -202 73 62 57 271 -240 -416 152 238 88 -74 -496 -464 -211 -244 273 155 -221 64 152 -297 286 118 -496 127 -221 171
32 368 351 -407 193 214 -195 117 -134 404 61 -199 124 -484 14 -91 497 -190 -268 -40 -410 447 -295 156 -108 41 462 -107 479 -118 -256 372 474 465 78 187 -188 -507 228 217 19 190 -452 207 400 444 -272 -75 235 -474 420 -504 -398 -173 429 167 -220 317 96 403 -394 93 403 278
414 77 -212 -137 14 402 -130 302 -182 -281 -435 -507 283 -402 -278 -482 -161 439 -80 -355 -431 -357 90 410 194 254 -326 -309 -293 491 -209 497 -185 335 -333 120 296 -257 -194 345 -352 -383 -120 62 128 -6 288 301 335 -243 -319 91 104 -424 -87 -92 -163 -18 413 105 104 229 -50 118
18 -495 -244 204 163 -219 474 378 -36 -86 -496 420 -134 380 -373 -280 -370 -501 -505 499 -389 44 -14 -40 441 -151 503 -175 -81 224 313 491 391 31 271 37 90 457 40 -5 280 93 222 453 55 408 -33 354 371 440 472 129 -99 304 391 -151 -173 -29 117 2 447 -41 363 -442
297 -456 9 475 -191 310 -116 288 234 15 103 75 489 116 -113 -322 -214 -222 -93 290 137 273 -39 498 465 16 -30 -367 -114 -52 -177 -441 363 -360 34 -317 -145 -284 181 -425 -499 467 -473 495 425 -465 -430 343 -218 158 -158 -165 -218 -503 259 -230 -434 -141 -165 293 6 436 -502 37
173 228 -142 210 -268 -297 195 -282 67 -110 -346 262 487 99 -66 -203 -52 459 222 -61 -34 213 -164 -495 190 -33 -159 411 502 319 -22 -375 361 223 -162 -258 -491 507 -402 -353 79 86 -459 -381 -169 498 399 79 115 81 -420 -481 -92 -325 395 269 86 -399 374 -441 -426 -384 12 -310
-42 448 507 247 402 -340 -193 449 -310 -476 -94 -74 253 -275 -287 -347 112 -392 -249 439 178 -326 372 -390 -195 282 193 80 73 -431 -75 331 307 4 -486 462 -296 -460 -473 -491 -477 20 -109 -247 -145 -77 -408 -128 -42 160 285 88 -416 -350 -27 47 256 -130 129 -74 18 -105 57 -205
-307 370 107 -462 307 -482 -268 447 341 -442 244 72 -364 50 -262 208 -27 -29 130 81 -507 -423 -257 -163 -183 -62 429 -443 -93 -87 270 503 477 -166 -147 -137 27 433 -162 129 244 -162 -432 43 -366 462 -212 -132 -301 257 177 58 -207 -60 441 9 -201 146 398 -125 216 -367 119 -239
-341 103 114 -343 -250 -102 462 -75 482 -342 -177 -57 244 -104 160 174 -104 -88 304 275 82 324 31 52 199 -420 138 160 503 -248 470 476 -95 508 101 414 -340 -380 -465 148 -253 498 -61 45 39 -83 -306 469 265 109 511 490 397 449 -187 274 303 -259 -84 321 486 -414 107 203
-204 413 -116 102 125 426 156 135 -440 -378 -134 156 474 -221 90 512 427 -486 504 -50 186 -183 203 -26 459 -187 -11 -285 -320 -405 338 259 87 149 -193 171 273 -222 -510 139 -432 -279 481 460 461 -90 -230 284 -17 225 340 410 247 -4 -143 -207 243 -41 -116 -484 164 411 186 359
-29 -353 -220 440 -383 306 399 207 -319 136 -398 8 -391 -240 57 10 -76 -334 -259 85 -488 30 181 376 -240 470 -157 -249 82 486 -402 185 -400 353 -84 -334 -47 -463 -307 -149 -122 306 -151 93 178 234 459 87 220 -490 322 -506 -457 -179 -88 155 382 456 -48 261 214 -399 -17 -436
134 20 -376 186 196 6 316 431 -188 359 60 -127 16 -195 179 422 275 -31 372 -334 -510 53 -441 -12 -250 300 297 -283 146 -312 191 10 459 294 78 162 -373 -41 -14 -333 -481 -124 -31 -128 83 -351 170 264 495 228 -175 -145 -427 114 259 -391 409 -83 -170 236 -378 227 -305 -103
504 -61 218 -347 -299 272 11 -325 205 390 -367 -380 -47 -510 402 383 512 -35 -512 -19 -342 233 -98 -193 504 326 -446 -499 -512 439 -323 -355 -181 -430 -332 491 38 -488 38 -197 124 139 287 -373 268 152 -488 485 -108 446 464 398 -172 -57 -75 -171 117 289 162 437 457 -330 174 -347
-313 116 -331 -152 448 253 -232 119 363 -232 465 -474 465 175 279 165 285 -38 486 474 -20 228 397 -311 -332 28 -102 -158 163 -285 245 -477 -405 -443 82 170 -31 232 319 142 27 -424 -28 -406 -8 68 260 -387 -200 -14 -148 386 -305 -443 -344 406 364 322 -498 67 -161 230 33 -58
8 198 512 -285 -228 146 -108 -87 244 -201 438 102 328 432 173 -464 -167 -323 -219 -180 -307 -476 454 -345 -283 207 -243 329 502 241 -289 -319 302 406 350 -186 -335 -330 159 73 -51 135 -292 83 -240 -331 -79 25 -374 -290 -487 499 258 152 -504 -280 396 388 -136 71 502 -216 238 330
205 -292 -250 460 160 -384 -46 -412 -268 -251 -497 28 453 -345 -389 400 137 323 408 97 296 315 240 380 -247 460 -411 -295 202 -187 -171 -257 477 -319 124 -310 -236 -494 145 -489 35 349 150 -80 -105 -234 -134 -214 14 -171 -84 -118 211 359 311 -369 449 164 289 -198 76 -418 331 329
-3 381 -230 -49 -141 -81 -383 -165 456 169 428 133 13 491 315 0 -132 460 179 -477 118 161 -179 180 350 -321 390 -405 500 48 -208 179 -193 317 -72 320 -135 -79 18 -201 -238 -266 114 154 -254 406 491 404 323 295 -359 457 406 -299 -390 -180 -355 -495 191 104 96 -298 -169 -427
99 -105 -10 115 42 158 -207 314 -8 365 -402 482 467 -239 -387 -321 465 -221 64 -7 146 484 -378 333 -309 168 92 -27 -417 -395 -374 473 382 236 -117 -491 -291 140 -302 342 -500 -240 62 -100 -49 251 409 -1 -447 -397 129 358 125 -275 95 -383 30 -490 30 -266 -56 -478 -116 490
-182 -114 31 225 446 -54 43 25 -450 511 -85 -396 451 -54 451 383 390 184 -256 357 -196 -227 61 -335 -224 -130 357 -395 -9 162 106 -455 -274 173 70 489 -426 -79 131 -103 -108 -450 -504 411 50 337 -493 232 420 -34 -61 -279 30 462 88 141 125 -118 441 -417 469 -76 266 34
-424 427 216 502 460 23 452 184 500 430 212 60 378 129 430 -228 -108 202 314 -80 -225 0 -80 247 -334 114 435 7 -277 11 -79 -470 164 -255 -116 -311 385 181 167 -409 -46 313 127 -474 27 225 -46 82 269 405 402 264 250 155 211 -405 316 -8 -72 -32 -360 337 366 66
81 277 15 3 -219 -198 14 167 -68 501 -148 497 448 347 -244 -48 -233 222 -243 -192 418 -354 -81 -366 -355 270 -145 504 200 -414 185 417 479 295 107 -498 -422 7 -412 -296 395 216 144 -216 -16 -491 181 257 181 29 104 -21 435 392 37 -402 -175 -78 203 287 459 -166 -120 -372
-177 59 -361 -168 -166 -281 -39 432 287 -493 152 -17 170 -392 59 128 -314 270 511 391 -384 -384 338 455 -372 -346 460 -224 389 -172 438 -63 67 -118 -156 273 114 -459 334 -9 289 -294 -344 245 -205 449 -402 36 -506 409 15 -376 -241 -445 188 -192 -18 -351 -350 -2 36 33 63 444
-46 471 -480 86 -271 345 -364 74 -54 158 -291 256 -121 -410 -124 -70 461 214 460 462 -472 377 -96 -350 473 -107 368 17 -60 162 -368 390 -411 -193 345 70 -234 -276 -171 402 432 158 194 503 509 -273 492 347 -383 -367 362 283 -255 -262 485 295 86 -443 -493 -470 -261 -359 119 -491
506 393 230 333 162 -187 -147 -87 355 -96 -1 -472 245 171 -314 183 465 117 -180 -168 -290 -290 146 -319 130 -256 459 160 -268 111 294 439 -435 -95 51 -68 410 85 144 487 -335 -483 60 -203 -36 -428 274 -238 473 -509 461 -192 508 -110 506 311 -81 349 -32 -322 -90 226 -337 69
482 -280 346 -122 329 -505 -307 -180 302 -86 74 -32 -412 -378 361 385 -174 302 -151 98 -160 3 -507 208 178 -309 -328 -437 -265 -295 157 492 469 493 310 -349 410 96 -260 -447 96 -462 130 -19 -186 -76 -438 -353 136 -287 -162 -249 42 -186 84 -114 -475 448 -240 461 306 69 -304 337
62 47 248 136 366 -487 -444 -144 -67 357 311 -56 -239 387 378 344 -508 155 99 224 86 398 488 -10 508 -466 76 -220 402 -401 -64 -494 499 418 281 281 -130 151 173 -17 -352 291 293 266 506 -85 -359 -55 -444 92 -42 -332 332 -215 -443 -64 -371 369 -208 -237 18 46 229 -384
117 -418 -451 42 253 -45 -116 107 -80 393 -353 422 -359 169 -220 -298 -501 27 -334 118 305 -330 253 -372 -465 3 -491 -169 96 -296 -238 -82 246 -502 -205 278 -507 20 315 413 -276 182 -405 -184 3 456 483 29 90 -417 -452 94 322 208 -356 130 -492 -108 -22 -243 -68 -185 415 -87
-269 -346 -47 -352 54 -343 499 466 343 305 -279 -133 -155 484 40 340 64 50 495 -477 428 -115 -283 -48 -340 -405 -221 215 -136 58 -362 -178 -361 -2 -406 82 -496 -280 -437 -166 -219 -63 -412 -346 -54 186 -95 -152 -47 203 12 153 -456 162 56 -450 505 -40 209 -11 -237 -219 254 293
-379 75 358 416 -257 -57 -499 463 215 -189 390 182 -247 -382 464 -12 -417 -221 345 -1 -418 152 307 -347 241 171 -441 -297 -225 280 -164 -375 227 237 -437 198 417 -428 133 -396 -415 271 281 -417 -399 -471 -75 190 -419 -176 -382 -512 85 140 -20 375 426 -415 485 141 -324 228 372 230
-410 478 124 -84 8 -35 236 210 -51 435 -369 292 200 -21 -449 -175 165 -198 -229 374 249 129 -349 -466 400 -188 -82 502 -97 303 -179 337 -474 -345 339 -239 -364 155 -385 321 69 286 83 200 -171 407 235 -282 -507 -100 -306 500 -272 276 -19 -408 70 401 -301 -186 151 -317 119 296
180 -52 -390 136 -287 -359 116 303 43 -286 73 -218 122 -453 83 263 220 162 508 4 375 -376 -1 -427 -362 -53 -247 57 432 -500 96 -276 -15 -311 -171 101 409 -123 -92 153 -138 319 -32 260 -246 -182 -178 388 145 44 426 -39 356 325 249 -3 487 40 -476 -19 -462 -159 -108 -237
-321 498 -36 59 331 92 -446 66 -83 381 317 -168 233 508 433 -230 -215 361 -250 84 289 429 42 -463 454 233 233 -336 -286 356 -123 -349 -407 459 -90 -136 7 -358 -462 -123 -163 208 -73 7 -172 83 -293 -46 182 357 -123 77 -472 -299 -192 -296 6 206 -491 507 487 -328 -318 181
-29 431 236 244 -21 154 474 130 254 -400 -381 -228 -80 -431 -501 -70 -372 -359 -165 -451 -405 414 -268 111 -437 -52 57 -190 -175 250 385 -141 40 448 7 56 57 300 -230 -271 174 -494 -454 287 391 -420 -449 -493 268 -358 76 176 -414 -193 -17 -421 316 -406 55 175 -465 240 -473 125
-240 -90 -389 -195 415 286 22 -39 -383 -327 -487 -2 123 -303 -198 308 -502 121 -293 -149 343 188 -39 -470 363 -173 -247 -346 12 -406 488 224 46 -187 474 33 318 -478 88 442 182 65 117 -14 20 194 -274 -336 124 -461 510 110 88 -425 -400 337 -346 -105 93 195 347 272 503 88
49 336 -471 -273 -280 -429 -132 -488 -211 -474 444 -259 355 481 -359 -434 304 -235 -311 81 -508 426 -415 -149 213 -136 -281 400 -447 204 364 269 -479 -339 138 244 446 262 -51 443 -410 -297 55 432 356 -132 -206 -179 -191 324 378 -434 -324 -2 369 511 278 -368 133 176 -130 16 -35 448
44 61 15 270 236 491 281 -130 144 358 -368 -493 -242 -338 326 -93 -279 -281 -157 -135 -189 -182 -357 439 202 -299 34 -228 89 154 -278 39 240 426 61 60 499 -301 270 -240 -95 -415 -125 -86 -362 306 -104 -232 -325 94 478 -408 -50 460 -384 134 427 -385 -447 17 -251 -232 35 -192
-399 -411 32 492 439 436 313 174 -392 60 -198 116 -388 264 167 -148 379 -441 -250 88 -440 -99 -51 -236 497 -15 46 338 -319 497 271 172 -260 396 5 -12 470 -141 -370 417 -508 -18 418 -147 70 -100 -127 -252 -417 245 139 18 -4 315 478 380 413 -63 490 13 -261 324 -85 493
-170 -305 -444 229 -136 298 -65 -195 284 -110 262 -165 -434 -355 -13 395 263 262 420 -447 260 15 198 125 182 343 185 152 90 -218 251 -246 219 -48 373 183 490 416 177 505 -218 -60 1 -503 -509 -271 -400 286 -248 -49 -9 296 138 405 -65 -285 255 -7 -430 499 501 24 28 461
123 325 -316 245 502 24 414 -442 159 62 166 -83 -44 -397 -68 443 -114 239 -178 -232 -332 -407 392 -478 -341 300 -73 -36 -398 260 -296 148 -136 440 -225 -414 -385 -49 340 -114 25 144 440 512 -290 354 -474 315 186 276 252 -137 -478 -91 478 285 272 -208 492 131 69 368 127 318
145 -151 -322 217 -13 -177 159 -213 -298 -280 470 -10 221 77 199 -467 -291 -321 168 301 -239 -45 496 -511 -185 64 167 370 359 -361 -93 67 65 207 -134 349 339 53 349 57 -34 -273 -347 378 224 313 -98 71 215 -103 380 277 449 180 481 28 98 72 -379 -346 222 235 34 150
-236 -321 394 -273 -306 104 505 -130 132 -227 -53 154 27 344 434 76 80 467 -44 21 -102 24 -391 -347 193 492 492 -168 -434 330 72 -211 374 -251 -297 275 345 84 -255 428 -508 -205 178 -438 251 470 -324 -175 197 375 -473 -122 308 509 69 -394 251 491 -278 449 87 173 284 -438
-397 252 -123 385 508 306 -422 92 -6 -61 451 -283 -371 63 101 -475 116 -142 90 -391 -219 142 30 121 204 398 234 -207 -218 -147 264 363 376 130 16 -273 -313 60 -476 -226 -27 49 446 -191 -127 482 194 -66 -266 -24 -405 303 -278 -378 447 131 -196 -319 -99 246 -420 -176 -272 -146
-470 -261 38 -313 -26 -306 506 -62 -263 -478 460 -209 462 486 252 87 17 47 -256 -418 175 -278 -416 -276 13 -266 -363 394 -362 18 477 -304 203 320 -249 -197 -124 -13 -362 -329 239 -51 -274 -302 192 -361 469 -426 -464 -258 185 -404 80 443 -240 -438 -269 -76 331 381 481 122 -348 242
-101 -127 203 -323 -291 -305 460 104 -488 188 -5 -7 182 396 263 161 465 -204 261 -484 -422 -353 237 427 182 299 246 -249 -381 -435 355 -30 -400 -158 -433 390 383 173 -339 232 -167 202 -283 -67 -388 -150 44 -226 161 191 -301 -168 77 -265 -161 449 118 -391 375 343 52 169 -89 18
-245 -464 -161 10 494 475 30 190 0 -142 -286 305 -170 38 63 -170 -48 392 -207 -318 -499 241 203 -483 285 -14 308 462 503 -308 -442 -144 -487 114 87 39 144 -444 50 273 -1 -176 53 -388 -38 -33 253 -362 390 118 -484 82 457 396 -384 42 -354 -95 24 499 -176 24 -429 324
-340 -388 -31 -417 419 -371 -240 -6 132 449 -207 -7 -169 -430 342 -298 -73 -501 -469 -435 -218 35 41 28 186 113 490 137 336 268 346 -411 -199 -408 326 70 231 -264 245 164 -355 113 323 196 -329 -428 -175 -444 394 41 441 -269 510 -246 170 -43 -291 393 -472 25 -509 261 219 319
480 200 -336 219 240 -56 112 -227 -25 -211 120 310 -425 278 -202 135 171 256 353 76 -248 142 -172 -168 263 -504 -507 434 15 -319 232 458 -432 287 47 -138 -469 490 50 154 153 -51 205 -163 -407 -247 277 -41 278 -35 432 12 -20 497 -345 -101 -393 502 55 170 -137 -476 303 -246
34 118 176 85 202 244 435 236 430 -168 194 -253 -353 179 -39 444 472 -441 -16 -71 425 -213 -396 375 386 -425 -388 217 251 111 -62 -210 112 -72 129 353 -438 38 7 412 -226 1 235 84 87 363 99 468 -33 332 1 -226 415 223 359 466 -104 357 338 391 369 -99 49 -62
-412 -62 186 -351 420 290 303 -430 -166 -504 -240 123 331 329 -174 -501 272 -176 -353 -360 -423 -270 -493 237 457 486 40 29 246 507 1 -391 437 393 4 324 107 -22 -427 -216 -73 506 34 -341 317 -185 -323 -279 465 177 -287 422 14 -439 -156 144 452 -512 260 -277 -509 -227 -180 40
-100 434 -30 -107 -247 -452 205 19 312 62 -466 204 255 -489 49 -128 -466 46 256 -162 -224 -242 -112 -312 354 441 -181 -169 -44 -156 477 -476 -287 478 -299 -504 -415 -400 -115 345 221 -473 234 495 -24 302 167 336 263 246 200 -404 -508 -160 -411 -411 -24 -220 -494 -343 -115 78 361 -481
-389 187 -493 177 -249 52 -382 -379 41 -77 429 -111 -31 -463 105 153 -270 -321 -423 263 310 -269 -295 237 -473 439 12 122 -89 -228 206 151 -509 38 19 414 287 -176 193 -333 -258 -437 -160 472 399 -268 -233 345 -188 -309 -64 417 238 214 42 112 397 70 -170 460 -361 422 369 -2
259 -355 309 170 -128 -244 246 -429 163 -498 198 171 -78 -9 -437 -334 -122 32 218 -5 443 -243 498 -176 327 -255 32 -484 331 -275 56 454 -236 -472 -366 281 -70 -504 339 -91 503 -446 97 375 483 -154 -122 380 -492 -125 202 -421 -478 212 402 -255 189 359 -338 13 -406 -224 354 348
-203 -274 -327 77 297 381 -32 427 38 495 -274 -333 -422 442 311 330 -128 227 362 303 445 -125 -397 171 297 -17 -435 -224 469 384 405 -93 -467 114 -38 8 -162 -56 335 -39 -314 -445 -93 -410 -36 15 -337 250 -65 317 424 -317 295 281 -246 -272 -486 -90 104 251 44 175 224 26
228 -247 102 232 424 -428 281 -443 193 117 -234 -120 226 -446 -169 463 383 -246 -51 430 266 442 360 -161 -324 -142 -147 244 223 427 323 -506 -131 -271 -366 -335 95 243 -259 -490 324 282 -398 -78 -402 18 23 -47 94 -345 -168 -341 314 -292 77 7 -306 -511 397 -216 -281 -420 40 -441
-44 47 140 425 -501 -333 -410 -44 21 48 -60 49 229 -375 220 -117 -482 -23 271 -244 -7 509 -90 436 91 421 -342 -261 -291 125 368 -155 -70 197 -186 499 233 -221 276 258 -228 274 -259 125 28 151 389 -3 -263 442 -11 256 412 196 228 148 251 168 -152 -459 -197 -83 110 36
153 -157 -55 495 -23 -214 280 -392 -404 -344 -457 36 -29 467 -374 78 -71 -30 394 -116 -473 356 -456 -270 212 -52 -178 -347 -146 -472 -193 353 -101 -445 -126 340 -126 -137 -467 -219 204 373 -371 -195 -490 206 167 74 196 497 109 464 242 510 376 -142 166 19 -468 -142 263 -413 383 -303
-198 315 -174 146 -230 203 -234 177 -224 205 292 -342 178 305 -477 197 -18 460 -296 19 417 -230 58 -84 271 -314 496 -394 289 -368 80 85 444 -377 479 203 190 -249 -244 -82 403 -288 372 -459 -300 -206 271 456 -334 -381 -507 -189 -175 -259 -237 -113 140 246 -291 182 -473 144 -234 -95
-186 -76 282 -330 -236 -392 -442 347 -326 433 323 -274 64 -424 -58 -64 -276 375 -370 -25 -153 -424 -141 201 -2 -325 193 178 -142 -155 57 351 218 -366 -382 -483 -45 334 -235 362 -78 -80 19 354 -487 426 -413 -317 67 -80 18 149 204 -98 -387 -102 477 -178 127 -116 146 396 -206 -298
-130 -352 170 23 -222 -230 479 -149 -207 310 249 116 -300 -347 -1 -460 -467 357 -463 -150 248 471 411 -130 -127 228 372 -334 374 -319 -61 -11 62 42 428 -436 314 -495 -132 -233 44 -375 417 213 -349 -47 403 -220 -386 269 -389 332 162 -318 -322 -398 154 -490 -417 -237 299 -494 -418 -468
-49 222 -28 -97 231 453 -78 -95 -405 471 -277 -389 -477 421 372 -351 -4 -102 -89 -432 483 394 444 338 -242 -290 -414 -37 -91 -1 -48 233 -78 -151 6 32 345 2 376 -55 -287 149 379 428 68 -102 372 -251 381 184 410 -485 -402 -470 -15 428 365 -435 255 289 203 -507 -409 70
498 249 -163 -257 -363 35 409 -266 -148 -471 312 469 -394 -309 203 -248 -54 356 -36 -211 -53 325 -150 -217 -115 -55 -155 56 -184 -208 -195 -15 326 7 507 214 70 -65 100 -210 402 -480 -507 148 398 397 46 -399 297 -354 214 231 -480 216 -501 304 403 118 448 283 303 -473 -275 423
-348 -89 -326 435 222 195 460 -409 -8 40 -201 -447 -270 -223 -323 360 259 352 405 -51 329 362 110 -77 472 140 243 -204 61 276 294 -364 401 -285 -163 -12 -385 348 -441 89 183 -263 420 -265 -482 -323 -314 33 8 88 -483 455 277 196 14 357 -293 142 447 -133 -162 38 118 -274
-82 -195 -204 180 76 26 -222 -328 -360 -46 -96 159 -227 73 -388 -452 64 -398 -18 325 -200 459 301 -303 486 190 -400 252 298 -424 28 -214 496 -239 56 436 -97 -438 72 487 -103 -157 -198 -110 -250 -335 260 -421 416 401 51 -185 -267 55 -281 329 196 -473 167 11 -66 -452 367 -76
-496 236 -374 257 39 388 346 -144 -76 194 295 272 361 -281 -98 -153 -472 292 284 -105 -58 -491 170 37 -461 -79 -5 84 370 234 32 388 -382 -474 229 508 462 313 147 -189 303 17 443 393 -473 55 -48 343 -66 -166 12 -299 -252 -420 -498 -259 -424 295 -370 -338 185 -408 397 185
285 489 -431 -99 379 258 177 405 -153 14 275 -27 72 377 5 -70 -102 444 483 -5 77 -375 -12 -26 125 -155 -190 469 -283 -91 -56 -409 107 449 379 99 36 -104 -490 409 500 477 174 -443 -260 402 196 121 459 389 -31 -250 496 129 458 -376 -124 143 370 170 -260 437 -435 -8
-449 224 451 313 74 163 73 -422 368 -72 394 -130 -398 439 101 -249 176 -434 297 160 156 161 252 121 451 -144 -501 422 -482 412 -498 281 -191 -266 146 -238 -126 455 -103 -418 327 228 122 155 -448 302 -41 -40 -87 52 -126 21 -215 -171 280 244 -501 301 149 -278 -204 502 425 -180
101 76 -459 189 -176 -108 -379 -340 160 -352 380 -334 297 -37 424 251 475 -86 -22 256 -427 279 -454 284 -244 -370 125 501 49 374 328 385 355 42 196 139 271 -495 298 -304 465 -148 -96 129 255 -115 178 460 -403 -289 113 -24 -202 -241 -346 229 305 340 30 -235 -272 308 43 107
203 -328 202 -111 -120 -441 157 119 400 393 -184 -231 -380 -50 203 454 74 0 -271 -477 319 -154 -137 346 -494 -23 -440 -345 -112 -9 188 -38 -286 -303 -508 295 100 -127 66 -57 472 132 -438 -335 -439 251 387 -493 447 -212 -210 -46 493 323 224 12 474 244 80 55 27 -257 404 -207
449 -237 154 270 403 354 -507 246 184 -461 2 472 496 -235 -15 -461 99 -93 -462 -162 -192 -151 429 -62 407 -235 -477 -458 -220 154 121 153 23 457 -7 289 -121 1 -319 -109 -321 -11 -49 448 -28 255 123 146 -450 -409 -136 -435 212 -98 87 108 348 225 443 -409 491 -426 28 -358
389 238 -110 348 53 -472 -418 -351 -494 76 264 386 258 439 496 -388 -106 -106 -169 512 311 -212 -392 403 -146 -41 -199 -102 304 -253 27 27 255 104 338 163 67 14 443 406 75 421 -87 -385 -116 -331 162 -502 -471 -35 -454 337 397 384 -20 -247 -106 -444 279 -95 484 354 -241 -146
-253 232 -16 37 92 128 79 357 -126 283 304 -276 -26 73 466 20 -25 510 164 -73 283 -45 -381 -41 493 472 -97 -264 -380 -336 497 -322 355 -471 448 77 331 -343 506 -275 -273 211 -289 54 -468 147 -151 133 499 286 375 368 -465 18 474 506 -419 508 210 307 446 -20 -3 375
-422 130 181 31 -105 144 -13 251 -35 60 -305 453 106 81 -395 309 46 -279 -106 370 440 247 97 -124 -480 115 327 -91 370 191 -129 348 389 283 330 -239 -54 359 122 443 -158 20 209 -510 -294 -61 -216 -505 -156 -320 489 241 -314 -167 -400 -35 -459 -102 278 0 -406 -104 449 344
-286 471 -266 135 464 -344 60 399 448 -316 509 -93 -394 -377 123 84 459 -173 -181 449 -384 -414 485 -130 -59 204 -450 491 489 -294 -179 -76 -437 -444 -272 245 159 -368 -366 277 429 -269 -89 -292 360 207 -215 -149 -320 142 259 300 57 -335 -107 -431 51 435 -472 -46 -126 -89 -269 162
-276 -125 -176 264 -508 -247 284 193 218 268 -40 -52 220 225 -384 -156 375 349 -200 -511 457 -50 -241 -465 391 -14 468 69 -247 58 255 -495 -373 14 -326 154 -313 26 160 -322 -161 376 202 153 -56 20 220 63 -42 125 -348 -263 500 -109 -493 408 493 -99 291 126 -508 -195 120 -146
-291 -194 -149 -47 -371 254 -245 -141 186 -320 -181 164 347 80 -6 179 -399 70 -226 110 -63 -139 -192 -229 407 227 266 341 -87 229 362 476 12 -105 460 -311 162 456 302 -28 -28 12 -236 -267 416 -216 77 -339 344 -20 295 -248 271 -427 -48 497 -221 -252 441 -191 346 -315 -114 140
-506 -11 -369 147 438 -41 -194 195 -472 -320 -442 243 -496 -176 -282 409 296 -358 295 -417 80 8 89 204 289 -95 147 -245 -331 222 -163 -49 496 329 375 349 -192 -255 109 242 284 152 -145 67 32 333 336 442 -449 465 232 303 454 167 -64 40 80 31 -166 -245 193 -275 270 -94
-36 502 -35 293 -339 -197 89 -341 -44 476 174 476 318 144 286 283 -12 124 -55 93 96 -207 -222 -68 -412 -470 132 -427 -166 -257 -120 -52 -384 -75 176 -133 418 -5 130 -422 -41 -480 44 346 312 -99 495 48 -274 -500 -127 -351 120 334 101 18 -236 192 -378 10 -428 205 230 12
10 199 334 -35 122 472 -318 -420 2 305 416 -411 407 128 -225 157 -169 401 159 -72 -186 262 412 -504 -4 285 410 -48 -275 -218 288 -10 442 66 241 -203 348 328 343 -74 397 -342 -349 -402 270 301 -14 484 380 466 343 99 -302 473 -49 -416 188 404 -333 280 -249 -145 -332 134
-388 303 -477 -80 -447 366 -458 297 -132 135 -379 225 74 -307 -122 -82 267 86 256 -180 -157 237 -53 -50 375 -190 4 343 -42 165 292 -194 -383 266 -339 -303 323 -132 -372 -241 512 -166 316 152 -302 -258 -344 -122 337 -421 249 -475 373 86 -55 -73 -66 391 -460 454 -83 -242 401 389
-234 484 200 -407 289 223 32 -305 -292 382 -275 -259 -103 442 187 136 -342 -21 -352 -163 393 289 -90 90 144 226 49 34 -77 -256 -377 -451 78 231 -144 -303 -407 6 123 138 480 -484 163 243 -207 -272 411 451 36 -227 132 297 -123 416 457 370 70 -56 481 -284 -327 369 -305 -196
-483 173 471 -112 -34 360 319 -90 483 97 -146 59 -150 106 -231 -165 -309 -153 -404 341 209 0 -369 -285 311 -314 -176 -370 -233 -218 -34 -270 -64 -155 475 338 230 331 54 207 385 270 -191 139 -217 212 -265 -460 -9 -20 -300 -99 51 -458 -327 -267 -108 -100 142 -96 -248 -346 401 242
-154 93 -272 374 341 -278 -492 198 -113 318 -118 -509 249 -413 -205 -14 461 -156 -248 471 -290 -230 -256 252 174 -313 211 295 250 -285 -314 197 -314 170 -390 163 236 149 -369 42 49 -25 443 -80 -408 2 357 358 -203 56 180 224 -377 -219 286 503 -439 272 -18 -312 416 339 -485 -273
-27 31 -473 280 -34 129 -61 -1 -377 -296 15 272 174 3 370 -451 290 -155 -61 -405 32 -343 475 -175 -277 347 411 317 -429 250 -501 -152 -100 -428 396 -307 80 -134 -499 86 48 -206 -419 -491 144 -465 -439 137 445 430 -142 -256 12 65 485 -310 273 -65 80 311 -349 207 -446 -134
58 -477 -433 476 -411 103 503 -94 357 -290 297 289 229 50 431 -149 -159 213 500 -400 256 -346 -409 89 -135 -228 67 -457 116 427 -296 220 115 -190 -356 348 -405 320 -509 -310 -412 -472 85 41 200 -332 66 336 248 379 -158 289 12 -268 -215 106 -8 -16 -101 -468 -399 -157 -157 71
299 328 -245 -464 -4 241 -390 82 63 -53 -369 302 -197 -42 -10 -44 176 4 -482 189 360 213 181 -6 449 404 -379 509 459 -195 300 350 502 438 -372 -511 -253 334 -89 335 -145 -189 345 -482 -330 372 -221 174 -476 183 113 33 -120 0 -401 91 -335 171 159 -333 159 -142 287 -338
39 18 115 458 -18 80 -63 149 -73 389 -393 342 -309 345 189 -324 214 485 -14 195 245 -368 442 37 -40 -198 -269 -132 97 -489 -401 186 -373 123 175 -324 82 -94 295 336 -98 -152 29 -146 52 -355 424 294 -457 106 -271 -66 142 445 -496 371 -350 -97 280 455 -150 -331 186 -490
48 -187 267 -6 192 -488 324 305 -237 -350 -372 -346 216 -111 -63 358 -305 305 163 333 -381 55 67 -39 82 -101 -109 249 -192 -250 222 86 -438 304 339 -250 -356 421 -36 231 -27 401 -167 369 275 508 -382 -264 -506 -95 -32 -153 -100 466 314 -1 511 501 -310 43 449 271 -445 -38
-322 -41 10 2 -186 -265 -33 -298 398 -48 -400 -288 -238 160 -502 293 -144 127 -170 414 488 -438 481 153 -44 -416 -24 155 -11 407 430 294 172 361 -234 -311 121 251 9 127 313 -278 -418 26 -219 -16 -25 37 51 -58 438 407 -211 320 338 -411 -207 -478 -403 281 -16 -51 -296 -365
-299 269 -346 56 116 297 -315 -230 391 156 -359 435 43 48 63 356 247 -210 428 474 360 140 -143 -502 -131 -440 23 -12 148 -231 457 -147 -51 -11 -43 289 157 -315 298 -71 -4 434 -12 -401 -52 163 150 -270 425 -318 214 -188 -476 -452 366 53 -95 -288 506 94 466 130 -340 -194
389 177 173 301 347 114 66 -163 230 -248 231 379 210 347 -117 46 23 437 -134 -103 -231 -31 -386 333 123 -79 -424 111 438 -125 -11 -196 150 146 -175 287 509 492 -435 336 -293 -430 -113 13 430 -365 -370 33 -470 311 287 160 163 433 -81 -204 132 -363 68 -474 -339 -130 -147 137
454 477 -144 390 397 -143 -384 323 21 153 329 303 -171 230 58 -405 458 -174 323 -283 -40 25 -369 -355 -316 -118 -340 378 328 -373 -280 192 -349 -218 8 -319 -399 -235 182 -18 -214 -14 30 470 389 -399 149 -350 146 -381 -43 -488 254 -251 -423 -442 507 86 280 356 -168 -378 208 24
204 151 117 -178 -128 341 -438 187 481 -323 -36 -173 338 -484 -336 -355 -218 503 349 -205 141 458 47 473 -454 262 -216 -258 255 384 262 -418 325 -5 -306 -156 232 -273 -244 -310 155 -250 300 228 -311 -199 -374 -318 -43 356 323 -405 99 385 -169 423 -118 -427 -281 -234 184 -440 302 -365
-79 -332 -512 400 -461 102 219 -363 409 -136 -360 251 121 -310 -335 463 -293 161 298 51 94 -20 20 502 368 309 -349 -480 -460 -84 508 128 435 -454 72 44 -147 291 -456 423 -120 5 -28 -36 498 -387 85 -314 238 6 -404 180 243 71 -366 -35 -146 -376 495 373 117 8 -492 -26
244 194 38 329 -88 274 185 289 -264 -345 367 76 320 -439 -351 428 -287 295 -171 -377 485 414 427 -223 -19 -264 -266 229 146 -395 -93 397 -468 364 342 502 424 -267 -94 343 135 -409 297 -62 -35 470 63 -183 401 -461 -142 251 -26 -65 -363 119 75 426 -36 185 -435 -66 -51 335
-20 -121 500 -439 -51 177 274 -353 -126 342 -486 -276 -238 255 280 347 363 -51 -365 201 161 3 50 461 -281 137 -468 -213 210 44 -283 350 267 -370 306 -116 -443 -417 -24 -66 69 438 137 433 45 -29 -342 -158 -119 -390 -389 -78 478 199 -476 358 366 295 -272 -505 245 91 208 -371
377 -273 234 -505 131 -429 28 -132 -274 -307 -87 -204 272 -458 497 312 191 211 -213 476 -232 241 219 -465 -4 181 -205 -405 334 -320 292 -231 197 -122 -502 34 -218 -193 -210 -254 -44 -477 -488 283 51 36 -266 -270 -263 151 -258 2 41 267 -5 -385 -229 -360 -343 -43 -80 -107 -505 271
-408 74 -46 441 -352 54 -476 435 486 424 126 -369 182 395 378 261 -347 -268 258 -174 -266 -17 -411 -131 100 477 -464 259 -326 108 347 -480 501 280 80 -35 94 420 498 -358 279 -228 -393 -91 -244 -307 426 319 -167 -12 221 380 309 271 510 -486 442 161 -209 399 35 -227 -439 -68
-505 1 -224 414 359 -88 8 229 -227 88 -124 -303 111 -448 -493 477 -416 -224 350 -86 -202 328 6 -34 -95 239 104 82 253 275 192 -210 -487 -123 -53 -48 -138 -168 -189 -330 331 -50 490 485 362 -155 -83 55 254 -144 0 -130 293 -19 371 -77 -332 -468 322 264 248 -41 -206 84
-510 109 104 313 -387 -39 347 470 313 506 19 -238 -497 -164 -158 -246 -313 56 -406 -41 -481 8 -187 66 163 -227 -267 -284 -315 -347 30 -86 -189 185 -108 84 279 -464 237 -66 -238 -303 380 -439 230 342 -372 217 -479 -244 -432 -226 -204 -296 -68 -410 -350 185 117 15 -414 237 435 -236
-151 376 -133 -263 -309 -347 166 -422 -386 458 7 346 259 -386 -159 54 -429 117 -98 -125 506 -500 -182 85 39 -228 -366 -232 -458 292 284 233 158 504 419 315 -353 -201 474 -75 431 -18 474 -362 155 165 492 472 167 -486 184 -96 29 442 101 -244 215 225 429 336 -430 -319 162 -228
-383 -129 -504 457 63 456 -344 -333 192 275 64 365 -436 -332 452 -448 54 357 -423 -225 -316 354 -273 -36 -8 488 -139 141 -141 -25 388 -21 390 -426 301 65 83 29 -148 -452 -36 -144 452 -364 -428 95 187 -366 -354 -439 -235 -72 453 165 -471 14 -112 -79 141 -473 -70 12 -204 -393
-193 12 -81 -391 370 64 0 -403 -401 -120 -204 -126 254 -488 111 346 38 249 -361 141 307 -364 -292 -430 -95 161 -67 -414 268 45 306 92 -490 227 12 228 -110 358 204 264 230 247 256 -26 211 -1 360 -396 88 375 -410 36 -29 154 472 -221 209 445 -472 -303 -289 69 -34 29
-178 13 -194 -188 324 203 -332 -340 -475 50 -338 -30 -52 216 -416 412 -25 211 228 40 201 215 457 493 361 -438 18 -234 -437 -191 7 -350 -425 67 427 380 461 112 -333 -311 -215 -89 -272 -215 19 212 -153 254 287 117 414 121 158 -61 27 -180 -96 -27 472 -287 96 -85 217 -112
-390 -509 -136 71 -368 492 -488 -81 95 394 -68 126 352 -36 465 -74 -240 192 25 10 393 -182 228 -38 -325 163 -215 385 484 -455 8 472 -427 278 -314 -11 204 -279 56 478 340 450 494 90 -174 -436 506 -26 188 91 328 -338 89 165 398 -157 203 -502 238 71 297 -384 -351 -241
269 73 -127 -150 235 -203 133 -95 432 -418 304 -498 -96 -114 -222 -508 223 -382 142 96 177 32 -152 -350 108 214 296 -260 14 -349 -139 281 -431 -176 -476 267 -76 -470 -380 46 201 -2 -27 -511 511 -45 119 -260 288 432 19 -510 154 80 289 451 28 -509 -326 314 -318 -202 161 61
-361 393 477 -117 328 -236 -329 279 141 434 -294 -213 237 -1 -92 -432 153 -55 271 -63 471 -291 -213 254 6 406 167 334 171 488 -299 -301 -426 108 160 462 -261 116 -370 -500 -17 -77 -442 119 -476 -498 -164 -183 -39 -420 -242 -207 507 144 431 -368 256 -252 -247 -381 204 49 -397 -342
-90 -12 427 347 93 466 480 65 -35 473 -42 237 414 -116 423 -296 -444 -323 334 -407 201 51 -508 310 225 262 -386 -222 -82 -483 -345 -492 104 361 -59 476 379 28 22 376 215 326 82 443 -244 -498 -506 -439 -426 -456 -264 -283 -273 291 294 191 24 -452 -361 414 -20 194 3 -194
287 113 24 -408 -146 -22 335 81 -340 -442 125 -262 -356 -8 -335 37 385 182 -198 -2 -186 210 251 -272 -197 464 149 223 -468 -176 -323 -433 -251 187 167 461 -259 425 80 -397 0 -471 -400 -390 -437 -108 4 -449 122 -117 160 -159 -21 -426 483 -345 452 -303 -36 435 -66 -466 -323 286
-373 325 303 -218 -477 177 -252 -24 342 -312 -438 -341 -26 -138 263 -286 -293 -258 -89 195 -332 -468 278 290 443 326 -440 49 -109 -498 -331 -125 -105 -211 162 -110 -421 457 -53 -496 -300 504 461 491 208 -328 -100 -200 -455 315 432 408 -189 -260 -107 -450 272 -130 -500 -14 -9 129 25 33
-469 294 463 354 232 97 -2 463 -236 -441 -371 -430 -466 -93 210 -313 327 82 -25 9 -46 -7 -188 249 -94 459 -167 -202 -115 237 103 -114 180 -250 505 -274 80 233 -505 122 -349 118 -20 -164 345 -105 -44 -150 191 -489 187 434 379 -15 98 -468 394 216 166 59 125 36 90 361
293 -52 225 -318 -397 474 210 333 -56 -499 -288 394 -33 39 265 433 426 -373 -273 414 205 -245 207 34 -506 445 35 254 107 131 376 -109 262 222 -229 -10 -2 233 -408 11 37 -106 -478 -291 436 -158 150 -469 -442 336 -253 449 482 137 397 -42 -44 156 74 -151 293 -440 9 489
-452 -469 227 -364 321 -81 116 2 -387 -189 -10 269 293 -339 -80 201 380 445 211 -435 -50 -356 477 154 185 165 280 -300 376 510 478 -161 -118 345 123 333 200 275 -285 159 -439 -21 -402 248 341 -367 -388 -237 -76 250 -38 334 -59 -354 -26 -57 -389 499 -306 -130 -2 273 -137 315
210 217 -216 -170 154 -237 -485 -223 -351 -289 166 -54 296 88 -312 84 342 462 -322 498 -205 476 352 -22 1 437 -229 307 -46 138 168 284 286 377 357 69 -302 274 -1 160 -348 -103 -113 -78 7 -406 499 -122 42 -465 -438 367 -476 442 299 -484 10 99 -401 -407 -289 -414 -159 421
478 264 -17 -360 -138 -123 220 216 -283 148 -464 444 434 -209 -344 -432 -436 -361 -182 -229 174 398 80 53 181 256 -235 -367 100 485 -52 -145 251 -40 -473 458 178 504 -347 408 31 -371 -403 -482 76 124 -379 -9 -26 330 -48 268 373 320 -248 8 -403 321 -61 -55 -367 370 -252 -430
-209 294 -111 -73 322 469 -1 -171 -65 350 178 -251 377 353 -328 -243 -262 468 133 -66 188 -315 127 470 -72 -278 -445 211 -436 301 -87 67 370 306 -398 -106 -82 -368 510 -93 474 142 -180 467 -186 328 -207 90 210 435 275 -403 60 -281 386 110 30 -292 -43 259 -282 298 -408 214
461 357 328 -395 343 -290 -52 242 -406 141 182 5 393 20 494 161 324 354 174 327 -379 -180 166 432 -306 -358 -283 -378 467 480 493 278 -34 472 285 478 223 -79 263 -323 75 510 -99 487 164 480 425 -344 456 -416 -68 162 479 -285 156 506 -225 -159 -421 361 495 296 -504 -31
476 292 -316 436 -347 486 4 295 346 -468 473 209 -273 510 -505 -345 -340 113 234 -502 71 -339 -125 363 -97 245 -267 -77 -280 75 -215 174 211 -105 -12 27 35 -30 -427 -105 -68 79 -464 477 271 398 421 417 335 252 423 -271 38 451 -127 -173 -212 -148 -506 -200 396 138 -448 -68
-16 -325 149 54 111 -106 -155 -317 -96 123 248 454 -60 -263 236 -188 -359 -410 51 -337 -262 -99 -38 -322 135 -439 240 349 51 337 -362 444 -363 -178 512 -217 -220 496 443 78 -187 480 -182 470 -55 500 197 -293 245 431 -17 -4 453 477 372 399 -123 -366 -463 372 438 393 -15 -68
