43 80 35 -268 77 -26 -64 -6 -259 195 75 84 360 160 -267 155 -228 -239 211 132 -161 -321 -33 72 315 187 -138 -324 -230 -141 93 318 115 16 93 301 -88 -246 146 46 -89 -206 265 265 96 112 359 52 275 -233 176 -208 -241 -92 165 186 349 -182 68 -84 -317 2 359 -332 -159 109 -122 339 331 -26 106 -135 -12 337 -273 -333 -330 342 -357 302 247 -66 -290 316 153 60 -264 167 -22 -79 262 -92 -51 184 -288 0 -331 -78 -194 101 94 -114 -19 350 -215 215 321 -85 -197 50 -152 144 -246 -157 -103 273 -42 304 5 336 -268 312 30 38 307 -197 74 -142
-249 215 185 -348 -31 341 111 -348 148 306 -246 158 -319 -21 -332 -185 -185 80 -292 170 313 298 205 -345 16 -219 -351 -94 -361 -72 259 140 -116 296 261 79 337 -229 248 269 -318 -202 -123 -190 340 -35 -80 30 -324 -193 293 259 -48 16 -338 73 -320 71 54 -240 -362 -162 -35 -101 86 227 -357 -72 279 193 -201 282 -195 -349 -94 43 -24 320 -194 200 -304 -163 -248 -207 130 148 345 -225 147 179 -204 232 -30 222 -2 -43 -244 206 -139 -301 320 43 305 214 -65 -93 177 -175 -99 81 67 110 332 -204 -151 -289 -79 -66 -315 -350 254 -330 284 328 -128 340 71 253
-290 188 66 -184 -112 -60 198 191 269 -216 -3 73 296 322 -78 337 322 -106 275 135 7 -229 -125 56 -344 72 214 90 73 138 -83 210 -362 201 -348 112 255 244 314 -357 -136 -189 13 -311 250 -159 -347 279 178 120 -262 -133 287 206 142 -134 -15 -242 177 132 61 226 208 348 -355 279 84 -189 -286 -219 151 335 19 170 -311 -327 -308 76 -29 354 -247 80 225 218 322 140 148 162 170 -302 131 -118 302 -253 -185 -354 -236 302 225 -222 179 -203 191 -8 164 -174 118 -350 -235 320 -243 -314 219 -224 220 248 -296 -10 -298 -166 -81 -237 351 59 106 38 -177 -318
165 -94 325 214 235 354 246 -277 168 -8 -215 265 128 199 -333 -97 311 -278 278 -165 301 242 -213 281 -154 69 291 194 255 321 -6 86 53 273 -291 -57 -201 -182 146 -292 272 52 246 -287 -254 234 2 324 77 -233 71 318 -14 340 153 -317 -36 116 -167 360 99 -355 -310 215 153 -352 99 -276 18 -160 6 -147 -249 184 9 -186 49 -158 288 127 -39 -260 143 -291 -119 224 -47 -127 6 -27 176 188 -63 321 31 -18 -268 -202 -91 -105 -188 -91 79 -117 -91 -129 100 -121 296 32 -342 87 326 264 279 -137 328 362 -281 265 17 155 234 -331 359 -97 -316 96
267 -357 101 -157 -311 349 67 -231 89 164 -77 -302 -224 -300 -276 -225 -305 -208 219 59 282 163 -45 352 -37 -302 -155 304 -82 -6 -178 286 102 -311 255 318 80 -118 151 -109 -42 269 -342 332 -194 -58 -277 -222 -329 296 -54 -308 322 54 -349 -181 87 -11 -72 82 -90 226 -114 100 138 -60 -47 194 -79 -31 -207 338 63 -288 -70 46 343 324 34 -156 211 -330 -236 -197 -36 -331 90 -327 -158 112 -209 -163 29 -123 -220 -234 261 -11 265 -195 175 220 0 272 316 273 275 -173 -47 82 107 -112 18 -3 -292 -208 -134 339 232 130 133 -269 -294 -137 272 -264 -255 -292
-301 -306 210 -78 -167 -204 -148 -265 -181 306 -14 196 172 -289 117 176 59 312 127 -348 277 236 -19 -236 -69 185 36 126 -284 234 346 -83 -128 71 220 101 337 -254 -165 44 202 -95 -70 96 112 -360 192 -344 -271 -361 -169 -126 160 -113 -37 -188 -326 77 -4 -111 108 238 36 -351 237 133 330 325 -241 359 -129 26 15 -326 164 -334 286 224 262 241 -111 146 -34 100 -211 -332 259 -101 183 -236 -194 182 -351 -185 149 247 -354 130 -120 155 167 -296 -342 -322 131 292 -41 59 335 -124 -54 -124 -153 -114 -289 299 222 191 -285 286 18 203 121 -132 -304 101 327 70
236 -238 -273 -138 283 2 -128 103 -42 -323 49 -289 224 190 -284 -111 300 45 -117 -69 184 119 330 218 13 -68 81 -257 153 -113 -149 -101 352 337 -271 -191 61 -286 -197 154 -187 -211 -177 -173 -223 -287 139 -182 -163 -211 316 -64 326 -171 -244 316 -205 -187 -73 -328 103 304 359 294 321 -307 -145 -35 251 -187 186 -361 51 158 187 155 354 -244 -361 -318 40 -300 -94 152 136 -288 -232 37 333 163 -217 -245 152 227 -12 266 256 -321 -277 187 35 -351 -76 -275 -75 223 101 -273 -32 -292 256 -24 219 280 -219 -167 -29 52 -73 -234 361 -154 -306 -283 -68 70 -341 -227
-30 361 244 -285 -260 307 -90 181 -259 3 -252 328 332 -174 -153 -159 72 -186 164 191 358 232 -57 289 -224 -221 49 -31 206 304 -120 -303 -150 237 -327 -329 11 263 225 267 -210 280 134 42 348 161 -209 175 -210 -352 94 -337 331 -29 -222 -246 -234 -140 246 277 -118 -189 145 -161 -271 -52 122 59 171 -260 236 -335 -187 -31 207 105 225 -329 -42 296 -287 -56 -10 -181 136 14 89 -221 -253 230 98 286 197 -301 -130 174 -69 -121 -279 41 -198 -229 -338 -190 98 -352 188 294 -6 -168 -264 279 244 -120 353 -105 -76 -306 159 -121 -185 82 143 354 290 -10 191 343
253 135 -332 -341 69 202 113 -3 180 121 252 -326 235 -225 -232 -42 -84 -100 297 315 -280 -16 -334 -299 231 -289 -16 -72 219 288 -147 233 24 54 -283 -110 132 -200 172 179 -25 -261 277 139 -205 -67 161 -319 -4 42 -256 258 223 -283 302 -259 -115 210 -352 -268 36 -117 111 -253 324 -190 -110 14 299 303 -215 93 -127 187 -39 312 207 -348 219 266 -21 148 218 -62 -51 -226 219 -194 290 -59 -78 246 118 358 115 -199 323 -91 179 -135 -199 171 -193 288 216 137 -131 -278 263 -96 293 -260 -84 -135 -72 -9 -354 351 -27 305 -33 -159 137 3 40 -355 -208 -336
-4 196 -9 -335 -357 21 280 -163 -5 117 -32 -105 337 108 -186 266 -344 -71 -134 -55 38 112 -157 -313 -314 -153 40 223 71 81 -277 -215 -190 306 -86 -22 -193 45 66 119 -306 -87 185 314 64 -3 -80 -69 122 345 -222 156 -139 325 -270 -96 -95 117 165 -98 -172 236 -308 134 -142 -76 -39 165 -75 176 -260 46 78 -26 -323 4 -120 55 215 -37 270 186 52 54 -297 114 -298 -42 -131 267 -330 -278 -16 115 69 132 320 60 -247 -164 -211 -123 287 333 -171 302 -79 -226 64 -265 113 121 53 -108 -243 -17 216 -68 7 -135 249 -274 -53 -25 -242 -233 187 -104
-353 -50 -25 342 -276 287 128 -53 -111 -239 -140 -272 -12 17 -324 97 -337 -57 -249 229 -132 -113 -42 105 -50 65 -135 249 -202 -350 341 -6 -178 -242 -146 212 -346 -90 77 182 255 -339 50 355 143 -24 -116 -343 262 97 237 -336 139 38 258 -40 177 -212 -190 -153 -194 177 -8 63 -298 23 -347 -133 137 223 -250 -361 -203 345 268 -332 332 15 250 -145 -177 -279 237 -51 -320 28 -12 114 176 -236 244 319 355 -280 -137 117 333 106 11 -339 -199 154 -343 -44 263 -306 -328 -99 146 -9 12 -124 287 -238 3 -259 262 -226 -160 -361 15 161 49 150 -79 307 -186 -71
102 4 268 175 60 -108 -29 133 -152 83 323 329 -356 -246 -111 -163 -50 -43 -299 187 -153 -247 39 -12 77 99 -261 181 336 298 -162 -146 345 -186 356 361 213 255 239 -115 113 -1 55 -251 -232 0 72 -230 65 -248 309 -81 157 -51 74 242 291 -250 225 -288 -341 172 -336 -91 -315 268 -323 223 -321 76 -78 -269 -95 -99 39 -141 272 37 199 -313 68 147 -331 -135 319 86 7 180 319 52 -38 -147 228 -70 -165 -150 -127 -69 79 296 189 -294 131 -273 117 -221 8 333 -294 183 -232 42 95 -239 -134 -94 142 -99 210 -90 41 116 -234 333 116 74 -208 120
192 -25 183 -314 101 -255 -88 -196 58 110 317 -73 -122 104 -68 26 -248 -344 353 -97 -310 -152 -298 -80 -356 -315 180 -69 -70 282 -175 -227 310 84 336 -73 -160 -208 -362 -44 48 186 184 193 -39 195 -190 286 -68 9 -89 159 -101 7 104 236 100 -308 -290 187 -351 208 291 204 -53 170 18 282 91 170 -136 50 -132 110 -78 256 284 -153 -23 66 181 120 65 155 -240 -278 88 -335 98 69 213 -42 -32 -32 292 -119 242 -229 98 -181 -164 -337 228 171 -28 -236 -331 -83 324 -28 -227 14 22 -78 -287 282 240 -108 338 -129 280 -54 -16 121 -199 -83 63 54
-285 317 320 -99 261 -107 -129 -219 -100 -259 13 338 205 318 288 -57 323 343 -55 -148 -322 271 206 307 -71 251 143 190 117 228 279 -181 169 179 234 -275 -347 -37 -282 -300 275 -125 -11 95 -318 -318 -243 3 328 -174 147 218 -312 290 -267 -64 -143 340 127 -271 -304 -254 35 81 71 -210 -153 -214 -246 271 -87 -167 -297 30 -23 176 -88 -280 203 115 -88 109 -354 -73 -354 146 167 -228 -347 -133 250 174 61 -119 -250 155 -61 -48 -114 351 -96 -181 148 -198 -55 167 -82 -151 342 -320 -203 223 -122 213 -287 -56 -25 147 -246 321 -263 -238 114 194 -23 -269 -133 -164
163 -7 -281 151 183 93 -195 207 313 -275 -32 3 266 -244 -299 -11 -201 216 -228 -280 -300 -147 -304 159 9 -25 -242 243 -187 -307 276 236 279 137 -196 117 -180 337 -90 26 -197 277 -143 79 -254 -342 -11 -152 284 -316 -247 138 145 80 105 -236 -32 -272 -55 247 -260 -117 -120 -126 213 98 191 289 -77 -45 -325 -217 -308 325 354 5 -201 108 149 -118 15 197 124 161 -91 22 204 -323 187 -261 -222 305 -169 -161 245 95 284 -22 94 220 189 -144 -323 -110 31 -116 224 50 179 -245 218 9 286 118 14 356 355 184 256 350 117 -360 216 -322 -124 53 103 9
90 -118 -102 -343 -226 -351 -201 110 7 42 -184 -263 -241 169 262 -136 152 -11 240 19 -95 -46 328 197 329 -292 -276 -359 -21 134 -356 31 -203 -176 -225 239 -223 29 -338 -116 -278 59 156 -309 169 -209 16 -177 -117 142 -125 194 -361 107 -339 -104 -337 84 -79 -71 335 -202 -246 61 -125 -49 -186 -58 237 -285 37 -88 -81 -262 -70 -152 312 167 162 -116 112 137 213 -285 -20 -86 128 -263 -213 -304 342 51 -328 308 -248 337 -359 56 -115 8 -69 -104 333 -199 151 -76 -232 56 146 -61 -259 -268 -9 218 48 -65 -1 -96 202 181 290 272 -42 314 -115 -300 -193 -162
-130 303 130 -344 -279 -107 351 355 -304 38 -89 -174 -172 -298 286 -188 145 -17 -332 147 319 -86 22 353 -195 -306 -265 -140 -9 -253 -29 73 68 117 7 81 218 67 -69 -101 -286 34 113 142 93 330 -253 16 -41 -193 -38 26 47 277 -60 299 -35 -196 -87 18 280 259 345 -31 -336 52 9 -10 -29 5 247 92 257 -298 150 115 -193 -106 -9 272 114 -56 356 54 -34 232 -338 -253 329 177 51 168 -242 -2 -267 210 -194 310 -310 -249 115 -180 -158 -17 302 334 -220 137 -312 78 150 354 -10 -252 -103 -278 221 -341 -88 323 354 -8 -83 153 -272 -303 -124 78
-176 322 -280 -64 -144 -14 -142 -334 344 131 143 -327 -259 71 87 -192 171 311 -212 -19 -209 139 -248 239 142 125 -272 90 -232 -28 82 -213 76 -311 -339 -200 148 -176 -3 72 -113 62 -77 -165 -222 -318 -358 119 -272 59 -121 274 -199 -187 231 175 175 -167 138 -197 271 188 -4 -143 233 -195 -265 128 225 334 -198 337 161 -314 -126 333 -317 -334 89 80 113 37 -82 337 206 -99 -223 313 -338 7 -220 308 354 -185 -179 319 -310 130 -50 358 -159 -231 -83 140 -78 138 -111 -146 -48 275 -72 -239 324 34 128 156 257 -119 -111 -168 154 119 161 322 -280 272 -109 345
224 -95 310 148 95 151 -211 -77 333 244 -79 -219 -135 -315 -107 -85 -79 -188 202 -127 112 313 173 -349 323 119 -145 -359 -204 358 -170 317 -55 -195 350 104 -357 40 167 344 -165 -74 178 -96 46 -47 -298 84 154 158 -327 232 -290 -167 355 60 226 145 193 -177 96 -248 -60 224 -316 -112 -66 -232 -269 -259 -308 -20 -299 120 73 -290 218 -140 313 1 311 -135 -79 351 26 -122 188 -285 -251 282 -359 1 -302 -317 274 -296 160 232 49 -117 232 124 -72 271 -1 -125 147 328 343 -117 -230 -161 67 237 129 306 -282 188 -357 108 210 68 -308 -343 243 16 138 317
-195 118 -352 -195 245 190 51 -105 94 -180 250 -228 -310 -79 296 316 85 -120 -60 -298 -131 272 70 -292 -100 338 -21 -89 -67 -311 -245 193 -331 105 -249 345 330 -67 222 -361 156 33 -287 -66 129 -110 -326 -23 -11 -230 -291 196 -176 146 -2 -351 -286 -114 262 -93 256 270 76 97 -301 -155 -93 34 -11 -259 334 343 359 -158 161 -6 -202 62 137 -281 243 77 -166 -82 -78 304 -354 -43 -255 -152 119 357 -339 -72 185 -303 -307 252 -280 95 70 45 247 356 -253 -68 157 -165 91 311 -11 -157 -227 -170 -28 -101 254 16 -140 300 -59 -79 343 -261 -256 -50 -243 -334
201 -246 247 133 5 -322 109 -62 45 296 -204 -243 184 343 -332 276 187 -102 240 291 -230 -190 350 331 -231 -191 -137 -145 -24 -18 -272 -349 -52 171 98 -246 -256 -34 -222 165 -257 -246 265 117 -206 -236 -273 82 -137 -26 -218 -154 358 -351 -118 -100 151 284 303 157 -256 233 290 -342 351 -187 -154 -331 -272 176 245 326 -246 83 -178 -165 90 -242 -319 22 274 251 -12 337 -346 303 -72 -107 -11 126 238 -202 -361 -295 41 163 321 -34 -107 235 144 335 -319 -315 -88 31 187 357 -245 -324 -172 -81 257 -170 -171 261 128 198 -27 123 248 338 352 -171 -353 200 -287 340
-104 297 174 42 48 -195 201 -205 -245 -306 68 12 -297 179 -173 -269 222 189 -217 -161 97 -169 325 -180 348 54 -175 303 312 -157 -271 -3 -69 -174 5 29 -6 82 -357 258 160 349 -123 270 264 279 157 -215 -309 133 128 141 222 -147 -111 27 -246 199 -15 32 -263 -91 -21 -275 95 -303 271 -352 -150 317 -16 283 -169 -25 -243 16 251 -188 195 -360 -35 346 349 34 20 -292 -188 -81 -314 69 278 59 -24 -198 98 -218 -209 186 -85 -102 -219 -156 40 -262 -70 -25 227 268 -38 -159 103 160 314 -31 -257 -67 -300 56 -328 173 -19 -208 33 -337 49 -51 -102 -301
-185 -198 8 141 342 117 -303 64 350 -172 -35 -25 -345 164 -323 147 325 227 148 55 -95 -7 220 27 261 -257 243 277 346 190 258 345 -119 165 235 -262 276 -111 -156 -135 -175 185 155 -160 -255 -140 -358 -93 -302 76 150 179 190 15 -241 136 65 -133 -41 64 96 191 180 98 -165 -282 294 -331 -108 -159 279 102 62 -269 -145 197 30 250 -25 270 317 289 94 62 -332 -251 -262 222 -120 192 -5 -156 276 -55 -194 -333 338 114 -6 325 -284 127 131 55 -273 262 276 88 195 -124 -36 176 -342 -316 354 59 -108 -277 225 -324 -78 -83 -119 214 61 -54 -240 331
-91 204 -312 359 218 -70 -255 272 -83 310 -298 268 -120 -56 7 244 168 -291 7 161 -223 41 -22 346 -186 -54 300 115 86 95 -130 -169 317 -143 142 324 41 -124 91 99 -6 -236 51 -275 86 143 -308 240 18 37 -242 -78 173 136 6 39 310 354 85 -330 -146 259 266 -71 182 9 11 -313 338 -255 -153 -82 162 -92 -43 -16 -112 348 202 -315 42 -223 -335 208 -295 4 -333 51 -146 15 -187 210 -182 -122 330 89 114 -134 229 -352 256 10 186 135 361 -92 258 -353 -345 -127 -93 -15 -183 -16 -305 13 28 67 -163 301 -287 -78 -158 244 -69 -309 -293 263
49 214 -23 -7 -94 193 -151 -361 -167 -330 -150 282 -82 -3 2 -256 -319 128 96 200 -61 -124 -92 23 -243 -238 -62 22 212 -66 -119 195 217 -53 -68 -352 131 -15 270 -255 248 94 -256 -83 -291 -28 353 -129 356 99 -175 -159 286 -45 -329 322 -289 -282 -212 310 18 -358 -356 55 -75 236 -315 -248 -2 -170 -143 -336 -136 -234 210 -207 188 -73 -250 132 -244 -60 -310 -17 321 239 75 20 344 243 264 -306 127 347 143 -205 191 -259 313 117 -79 79 43 311 -173 292 -181 -7 -75 157 240 348 73 208 -41 342 192 -163 19 -238 242 -215 -150 330 -254 179 -111 232
13 -152 -324 -228 270 223 -110 -145 179 51 275 -34 248 -81 66 -18 215 -235 -304 317 -256 122 324 194 307 82 -115 243 31 -33 -305 263 336 117 -114 -196 -80 -318 -113 132 -227 305 -22 33 251 -308 327 -336 -47 -178 48 -83 72 207 73 -48 189 -215 17 53 -64 105 204 199 328 -347 313 -187 -99 237 -123 -22 263 151 -324 -319 -23 158 303 19 -332 -88 -121 66 349 -208 -332 52 142 125 124 8 -117 240 -143 294 -6 223 164 220 -127 63 -68 -30 160 13 148 242 -172 -254 -353 323 -351 39 -173 -318 -147 -221 182 -65 -354 -131 148 296 134 -41 -241 214
-70 238 -102 206 236 159 -17 -17 -252 -94 -64 -240 -210 171 -180 46 -86 -294 -319 187 224 -132 213 106 -257 361 -166 -274 335 327 39 29 -200 325 -289 -8 240 133 -200 -186 -167 -118 8 -195 -131 266 292 -264 338 269 -113 -161 208 138 -164 -252 -75 334 -209 -250 157 -65 -154 -9 -56 54 -85 -32 -108 -158 -358 27 -289 -114 -94 242 -109 -355 -306 -251 -41 -277 -316 58 -4 182 361 49 155 -193 -19 331 -155 224 -178 -240 98 -208 245 -292 -101 -229 -153 33 -212 -328 337 -318 -323 207 266 -342 -129 -268 -21 -110 92 -49 35 -48 231 -316 334 38 312 -199 -356 -345
79 12 -248 82 -193 160 289 179 -81 -171 203 -63 168 291 -293 194 -350 -247 -257 -192 -256 -91 -135 37 -289 -280 127 -163 249 337 102 -144 -282 210 -265 173 -298 299 -30 -203 -50 -171 -144 -236 -274 -180 346 353 -167 -234 -244 318 102 67 223 109 192 -30 -22 18 -215 267 -63 204 -309 356 107 -261 -313 133 148 216 -38 -6 147 -330 356 360 214 315 -226 115 235 231 176 307 -155 -91 -78 334 -213 -105 -146 -102 -231 98 190 -3 12 172 199 -134 237 179 -352 251 -82 10 277 156 -333 272 185 32 -358 -134 140 -253 340 52 40 20 -85 276 -228 9 349 192
-39 77 -219 39 326 59 7 -226 54 -37 -90 125 -52 202 -101 -83 136 338 175 -315 -253 176 206 32 -313 75 -165 -329 -191 -290 216 14 267 -255 217 -357 184 -214 -102 345 -7 -176 -184 -284 101 90 269 78 300 -101 -25 270 74 -31 -26 -294 -83 223 -337 148 334 -355 -97 228 -133 276 355 216 -191 -57 -68 34 65 -317 -287 -354 27 -144 310 -124 241 -328 -278 293 323 -307 276 71 -303 -188 -156 -185 -256 -172 -29 -86 289 -317 265 -59 292 -110 -31 -298 -241 164 -294 -43 -2 -299 -194 -239 -94 -223 -150 -281 68 51 -223 -175 -351 3 -121 -42 97 -267 -325 174
113 327 150 50 -360 80 -189 130 -166 -132 -68 348 38 283 -265 -80 -37 -109 122 185 217 261 -10 110 305 314 -200 57 211 -194 -348 93 244 -276 121 -209 57 267 -317 131 262 -123 -105 -63 47 60 232 96 56 137 87 -261 304 355 -59 236 45 -273 354 83 118 245 -203 255 359 334 -78 3 260 -321 81 -293 349 -204 -154 -248 252 -286 77 -51 -94 -251 -129 -237 325 209 -313 -236 314 23 116 261 330 -158 -157 71 342 198 -342 142 -355 -76 -90 -239 -262 -262 -57 88 76 -43 288 306 12 -262 315 268 -207 213 -30 -80 215 -28 289 52 328 249 -357 233
204 143 -77 -8 -329 117 76 168 239 47 -75 281 252 -354 91 -305 341 224 170 86 147 335 -315 -207 -13 250 151 -101 -185 -46 346 111 -54 -282 33 -164 335 334 226 -276 265 -98 -133 142 -14 -213 -271 80 27 -249 -281 47 352 54 43 -293 -182 205 356 -281 -221 214 -206 -184 -222 -99 -21 -131 46 218 -259 -237 89 4 93 -51 347 56 -21 108 120 -358 -302 -253 3 -188 -334 235 315 74 153 -351 -73 -220 -342 2 38 24 -342 141 94 -347 -342 -313 -82 -257 -222 183 288 203 235 138 125 245 247 -296 231 206 -227 -225 -297 -297 -17 169 -188 -74 252 -289
65 -263 256 43 -124 -143 352 -246 322 55 -311 339 -226 276 -258 158 -95 20 -218 256 60 -97 20 51 -284 28 -40 -293 202 -97 47 -133 -251 253 130 -362 -153 -215 343 -225 -273 344 -69 -265 -188 -333 255 -242 290 338 135 -350 270 -279 -330 315 -2 -107 -288 -74 295 102 -193 163 53 209 160 -261 125 86 94 -202 62 -278 289 324 -93 267 -146 145 -186 -50 287 314 -23 -7 -107 203 -31 302 -158 -341 204 31 294 41 -179 232 -248 -129 -227 297 -358 -9 -261 -29 100 39 134 -292 -108 -270 309 -201 -149 -100 172 -171 -6 306 -214 299 230 111 -126 -49 -169 -117
249 -200 -103 32 261 -239 115 -313 -297 60 287 -113 239 14 -125 212 -229 172 218 265 -196 -216 221 361 -62 240 172 212 -355 -56 323 -279 147 -126 276 -169 -225 249 359 -53 101 211 -327 -202 302 14 249 86 232 46 16 -62 229 336 -310 -200 -261 -209 -229 204 272 70 -145 -261 160 -121 301 61 -293 -139 -221 9 312 -346 -254 -201 -145 227 69 85 26 -9 58 -79 226 273 230 -220 -107 39 44 -52 80 188 116 -321 -20 -354 14 105 53 102 159 266 184 130 270 80 -195 -54 160 -8 -138 -6 279 200 184 345 255 -262 -22 -222 23 -275 -338 -204 -38 257
-313 -68 -61 100 207 -265 -217 2 -243 66 75 285 -180 -204 -63 -116 178 -114 59 -341 329 -12 223 -9 -78 152 315 -278 354 90 281 66 -322 -279 145 -14 -121 -277 -121 -58 -93 68 213 -35 -240 157 -72 -339 -258 200 -51 22 39 303 199 -207 165 99 -294 131 -313 343 -29 224 18 350 -37 -114 -138 -10 -311 -326 343 -126 -162 90 160 -148 4 208 -120 -181 11 -25 -184 27 313 95 -193 215 90 329 -21 -188 25 132 189 47 153 -128 95 -149 87 118 147 -234 -90 46 -19 139 76 -92 89 -328 260 -278 269 -129 -349 -252 248 12 -199 286 210 -93 237 340
154 -256 31 -111 252 -254 211 -208 -282 -199 190 -28 -163 224 -17 -215 -91 -258 -106 -240 237 210 -39 89 278 -92 -259 360 -306 -49 -189 342 248 71 233 280 -203 -9 297 82 -290 246 -275 -120 -149 -205 -165 -179 98 176 158 316 16 362 -44 236 -126 72 -233 138 294 -59 -169 220 -157 279 49 254 170 294 -305 -344 -36 -70 120 -149 335 199 47 -26 -85 -140 -140 -256 279 233 361 -117 138 -64 232 55 -65 268 181 -298 143 241 -264 325 -199 144 -58 57 -131 -18 183 -81 146 254 16 358 -358 197 -83 -186 -242 53 216 -194 -185 250 -201 132 -254 -134 -23 299
3 -118 207 358 79 -280 103 278 113 -193 213 -130 288 196 -72 95 -212 -91 -4 -157 -314 -294 44 -321 323 -342 -170 126 356 -28 242 210 111 333 -352 -51 220 -145 -7 -352 328 -359 123 -311 122 -303 -292 233 103 -158 -102 -354 335 -181 -308 293 17 149 32 43 -123 -308 -94 -170 -152 113 -269 351 -27 -140 27 303 193 75 329 303 230 322 227 236 -24 -189 -54 34 -251 162 205 -132 311 -167 296 208 -79 -111 -4 336 30 191 -329 1 -328 232 -262 -262 -31 322 -67 330 -204 3 -238 -280 -243 -117 64 302 -67 26 -41 88 47 -220 -86 -325 321 -312 -238 -69
44 -309 41 -164 24 319 -80 231 -229 -355 71 -320 7 303 -65 -88 -44 111 -185 70 150 271 -224 209 -196 -325 316 153 -238 269 -123 336 -100 38 -239 99 -14 -198 63 104 -255 -263 198 204 340 82 257 -28 102 -273 295 272 248 256 -1 217 118 -46 186 -22 154 144 82 138 67 237 -153 -226 -291 -79 -102 115 351 -273 -22 115 42 -254 289 238 -167 234 106 -91 77 -137 -262 -64 321 285 102 -184 78 -310 39 -72 326 176 -243 -200 280 -57 -303 -242 -310 259 168 -227 -201 -42 -61 275 251 305 -333 -26 131 -4 -325 -355 -250 -198 336 135 127 73 217 -65
332 76 145 357 -175 114 -74 -81 -230 250 194 -123 65 -297 49 -340 57 132 -290 -341 357 5 -167 -276 210 191 221 -80 82 -44 120 69 -291 -303 333 -334 -5 -304 213 109 -191 110 -350 223 -11 -161 64 37 -331 64 -80 292 258 177 -192 188 129 -307 312 341 -92 -195 -153 -43 343 -6 222 85 -28 51 -153 16 -320 -320 186 24 330 -93 346 263 -75 -181 128 -162 145 -220 -158 -127 14 208 -145 -104 -227 -95 -69 -4 -293 -82 10 -137 -114 140 -156 -78 158 -103 -211 274 325 298 152 114 201 -290 -72 -317 25 83 -157 201 -67 92 18 -94 19 267 -103 -165
308 -66 -84 -209 -225 -197 -104 280 203 -77 261 -153 -103 48 308 -346 239 -198 -121 335 353 -234 -8 -118 -309 -18 331 324 -123 33 153 38 -333 99 64 88 316 -100 -11 169 -140 358 -180 189 123 -202 -88 -299 77 253 -184 -5 -50 -311 280 76 201 195 4 -280 -181 50 151 -126 295 77 185 -324 131 -136 353 -221 119 275 -275 -154 123 -142 -180 -348 -131 -165 219 -245 318 228 23 -283 -81 -81 240 23 284 -6 121 -199 -141 -352 66 279 144 182 184 80 -187 -3 90 176 206 183 9 38 72 33 -283 -160 241 10 291 20 -359 297 203 242 349 288 332 230
328 -307 -70 -150 -250 145 204 -121 -329 233 -55 154 359 76 96 207 -36 -338 343 285 290 -258 -321 220 -190 54 25 81 -339 -127 -344 -59 -112 165 -195 140 69 -175 -132 265 -40 18 -215 89 -132 -44 -349 3 153 -16 -91 -140 125 49 114 -87 192 322 59 18 259 -207 -57 15 -301 355 68 -1 -123 63 -7 299 168 33 303 266 -169 341 12 37 -269 151 -229 -216 147 213 -355 -117 -3 358 304 63 -152 217 133 -339 -236 350 -297 -127 -282 -274 354 211 61 134 53 -94 -148 -231 306 270 -17 -294 -317 217 -217 142 -245 -120 354 235 293 335 12 18 -284 49
-361 -208 -271 4 85 237 -161 356 325 155 -144 -293 228 -203 -251 35 19 -278 351 -317 -54 252 32 -266 -313 313 329 -48 -290 -66 199 48 146 -273 98 -338 -44 -15 -160 -31 195 306 71 -296 33 270 -218 -280 -202 -311 309 -315 -239 280 -287 37 330 321 144 334 212 -256 112 141 169 -38 28 17 -313 -239 -256 117 -323 116 357 -13 -17 175 207 191 361 -230 -84 -15 -157 -350 -274 206 73 -103 -316 -15 115 -2 -250 137 -138 -107 91 184 -205 -70 -232 -7 -263 -303 -165 268 -168 111 -103 289 -22 -175 -133 -16 270 223 -138 -123 -145 214 48 -115 339 -20 -358 -170
21 310 -335 -147 -237 -159 312 -234 135 -193 -41 -125 59 -265 -208 57 258 1 -3 -145 -31 -60 166 -68 -348 203 -281 62 153 -130 -311 -334 -121 -32 287 2 -7 -247 -130 -182 -324 -270 284 153 -257 -83 -246 -82 271 362 228 219 72 -228 -191 -237 -278 -165 141 -142 -115 87 214 346 200 -197 182 1 104 343 226 236 -206 -77 52 -173 -98 121 316 -101 -195 -272 50 109 -304 25 180 360 -183 162 -346 -321 -201 -352 -172 74 248 -228 282 295 224 8 -168 262 -206 362 341 106 -346 -108 156 237 -260 -85 -320 234 -27 -221 -111 -24 243 -129 -115 183 -279 -37 -98 246
255 -9 207 -18 -344 82 -34 132 77 144 -189 186 217 -272 344 186 231 309 -323 224 -258 -323 -25 43 58 61 -259 -71 -323 -302 212 -215 -344 -59 -159 241 156 269 -144 30 131 237 -32 -351 -205 -37 -277 142 291 -350 -192 166 78 -340 156 277 52 30 140 126 -283 113 326 202 -103 7 343 -224 342 -275 -290 -49 82 103 261 173 -1 292 -233 -210 353 191 284 -187 311 -336 100 21 100 -233 132 194 -262 -333 121 -234 287 -268 -254 99 185 348 -191 285 116 83 -303 167 40 301 -218 15 -123 -225 167 -76 42 226 -133 265 -27 211 -41 -138 310 -190 267 341
-344 241 272 188 127 143 -148 -198 85 -56 -302 -126 179 -287 -251 -132 -318 -128 219 -168 -155 199 282 -298 -194 241 -273 145 -287 97 152 307 -283 -275 -305 -32 -177 -270 -90 42 -107 241 -341 -340 -209 -64 143 357 349 -309 107 324 178 333 198 330 -60 -335 200 -46 -303 139 -270 46 -254 270 -267 153 -22 -69 -143 239 130 -221 159 -18 -195 108 -150 216 194 138 273 -66 248 -307 330 186 -16 298 -326 10 326 -196 344 -279 182 -82 -29 -153 142 -299 192 -57 354 -3 69 -71 137 232 -115 -252 -238 -83 -323 -230 -252 187 -254 -172 162 175 41 33 187 286 -40 58
-335 78 52 305 202 -134 49 234 -98 288 -67 354 210 -257 -293 -248 -225 283 -326 -139 246 -94 54 -286 -333 -185 -120 -211 269 319 -361 161 -346 48 -194 29 -308 -76 -234 162 132 -273 224 -20 143 288 -174 -127 362 -263 -286 -16 13 -336 54 214 60 310 185 -22 83 -110 -248 16 -322 106 -237 -288 205 -76 -227 -150 -231 -321 356 83 -19 67 349 259 260 -98 88 309 -33 -278 313 -181 -153 -184 65 -234 278 -78 -44 -346 313 -58 -12 21 60 64 194 22 79 -99 8 30 220 -148 -329 -124 -141 21 -168 120 287 -96 112 230 245 -8 -350 318 261 111 161 226
-105 206 26 39 -84 -7 -89 218 -95 116 -54 54 -69 21 -326 -20 238 -231 336 -178 -276 64 -144 -339 325 -260 67 -71 -245 0 -76 -110 87 248 24 19 -112 -192 -358 262 261 -140 71 -297 186 116 -211 -75 -343 -131 294 70 -98 -206 -160 146 -273 5 -80 193 -347 -52 233 84 76 -77 -283 53 356 -171 90 -45 106 202 103 0 187 -293 -290 243 234 -15 55 121 15 271 184 236 277 325 -51 324 -5 -291 311 -29 33 202 -283 321 -92 -305 39 172 -313 -49 280 172 -35 131 -259 91 -72 159 -62 -310 -155 -241 -300 -222 -25 -346 -313 129 36 243 -285 -91
148 101 320 -341 -69 132 -44 -181 105 -269 -178 -10 -62 -247 215 96 -312 92 296 -320 -184 52 -142 337 -141 176 299 -133 -8 -231 -104 291 232 190 103 -322 -360 -306 -304 -358 -338 95 267 334 -291 290 192 271 -103 360 -206 -198 244 207 -232 3 -130 14 125 15 120 -280 -21 288 -172 -131 -28 -277 -346 323 -266 -33 9 244 180 134 -213 304 140 182 149 -132 -324 -180 328 -73 -245 104 170 -114 223 118 -239 -337 108 178 276 -159 -44 166 -216 14 30 299 -312 140 263 -329 -182 217 -283 -191 360 55 -349 210 39 90 204 336 16 238 -109 76 -224 254 -44 267
-85 -149 123 349 181 352 273 -179 -242 -125 1 90 -120 -45 -147 327 358 -321 335 211 9 25 261 -300 -82 158 -22 -115 44 249 201 -115 340 -264 292 -239 14 133 -313 -74 99 -119 -35 -166 -174 -223 250 -270 171 191 29 -201 -47 28 271 -173 263 -274 -37 165 -188 217 -167 185 151 -283 -97 206 312 237 172 5 -191 197 17 94 216 84 -303 -102 -79 327 255 -291 345 -4 -350 -79 83 128 309 256 -338 20 -339 249 -299 -278 -232 361 89 111 69 255 100 34 -309 196 109 340 -191 -24 46 -137 108 -140 24 -303 -98 334 20 236 -228 -67 166 -283 350 -355
181 327 4 237 262 -170 -235 190 -184 262 306 294 -339 -147 -61 -145 206 131 -29 -301 2 334 256 -161 -286 -182 -187 -288 96 25 258 86 234 -354 35 314 279 314 -189 -31 -209 253 221 139 244 250 -129 -193 97 -227 -24 -264 308 242 302 -66 128 159 -336 -189 -32 224 -304 270 159 -4 -221 239 326 295 247 -270 -178 -359 -301 230 -173 -110 -163 -322 -186 -231 238 -353 -361 -178 -35 -141 55 -94 -88 267 -336 330 80 -302 101 126 23 -43 -241 -346 46 66 -317 338 219 316 -74 -96 43 -243 -152 -183 -141 220 96 -353 94 73 267 289 -319 140 113 -340 -4 209
121 130 -76 -260 267 -57 -264 -329 263 -218 -236 -224 180 133 308 -78 -355 181 -354 239 -133 -335 -83 59 -76 64 -15 252 287 138 159 -132 268 109 -76 -257 66 100 97 26 349 -30 304 30 -45 8 -131 -298 68 -59 332 128 -326 196 -102 253 158 16 127 -116 316 110 -179 -177 -58 -249 -120 -67 357 291 352 222 179 143 -208 -196 -307 354 92 -2 138 49 -154 344 -33 333 -349 -80 4 -121 -109 -334 -224 201 301 227 -128 -247 343 192 -239 35 -59 360 -185 284 -194 -54 -277 -296 23 -151 -359 -160 -129 -210 250 -296 286 191 -359 -78 -210 73 -20 170 20 -357
269 254 -97 57 108 -84 321 -346 -180 -8 42 278 56 -154 -319 -324 301 -36 98 -265 -134 -191 -271 -24 144 -236 -240 250 260 -245 -175 161 282 -239 344 351 -198 -210 176 -305 291 -128 -303 -303 -207 327 255 129 -341 108 -173 192 -219 324 224 -153 -270 -32 -153 -343 0 175 -161 -145 254 5 82 89 -154 193 -181 23 -106 357 140 -239 19 211 -90 -47 221 -262 340 -315 278 184 -136 60 10 -85 218 105 -175 -321 -105 -117 -4 259 344 -120 139 -21 -32 -352 -197 115 300 -327 349 213 -311 -213 140 187 -132 342 323 -351 254 108 111 -250 -157 35 -29 -247 266 -51
-65 190 260 297 61 282 -129 -121 -348 102 -173 223 13 -150 -264 279 170 -210 156 -218 18 -339 172 -233 247 -111 114 -208 -292 -51 -39 113 307 -58 -142 -22 -220 -164 108 111 -82 301 208 -60 -154 -6 -172 284 -8 123 162 293 248 341 -241 81 285 -42 -147 -219 253 -173 -265 349 225 52 43 -129 59 167 -349 32 -123 -339 -34 301 -135 -74 -136 301 7 307 129 -303 332 279 264 313 93 -351 328 -195 -134 -121 -129 -248 76 -83 -109 -65 -188 307 -141 27 -115 23 -120 -307 353 84 189 340 -201 -111 -175 -218 336 230 -175 -78 -225 -218 66 285 -216 -307 -66 -264
96 345 -126 252 -214 -164 -201 -144 58 -281 313 168 -178 -231 269 -102 106 -135 33 -241 -177 116 160 -98 244 100 173 272 188 198 76 88 -83 222 -47 47 20 122 -42 261 -148 -223 -251 -195 317 -212 -286 106 177 -270 229 145 -169 -206 -260 -136 -288 160 -63 307 112 126 -138 -158 162 248 -83 166 237 229 -129 60 285 222 -75 304 76 -291 -279 -171 85 322 219 -164 211 14 -302 178 -126 169 149 163 87 -108 70 -74 7 50 -308 -278 241 157 -276 -117 64 286 -358 90 -39 190 -352 356 49 355 -289 -117 -124 43 -51 342 175 90 -115 199 262 -243 149 -256
9 150 85 -254 -33 -110 145 53 -158 210 54 261 342 167 91 -182 -162 -58 -225 -328 312 -234 133 -354 -324 -195 211 87 -81 -159 172 -353 301 316 -3 79 177 192 -250 -74 -111 -68 10 -330 80 -193 9 328 -325 300 362 -190 -47 90 -336 -10 -89 -91 307 -290 337 -362 -353 -88 358 -134 -124 260 -268 306 186 -223 354 124 70 33 -90 -310 250 49 -12 83 302 49 -3 337 -4 172 -109 30 222 79 71 -237 356 117 2 -225 -202 -301 -152 78 -130 50 247 245 202 197 -314 -302 292 -285 -102 300 -347 217 -138 -229 324 212 112 125 337 -324 295 -244 -296 -69
-97 -155 -6 314 292 236 184 31 -64 128 -315 248 343 -259 -318 50 146 -306 281 -293 -147 -288 221 -220 121 139 8 -132 143 244 275 -333 -38 316 -54 183 -200 356 279 228 -318 167 41 0 -46 331 -223 -185 -126 288 314 -51 301 -54 92 51 -33 349 322 22 -291 52 -73 220 2 -11 -73 -178 272 108 -138 -310 -249 -11 268 -218 20 61 10 -1 -154 -296 261 -220 137 108 214 -218 -236 279 138 -356 -214 163 -27 150 158 257 -155 -303 -270 18 264 -350 290 -250 -236 -233 -17 -210 54 -254 -114 -181 -152 -273 357 -324 -350 -120 143 -215 -168 -317 -293 68 -19 -243
-277 -42 -337 -247 -27 -248 -72 -214 -210 135 302 146 235 -290 347 0 -61 72 45 100 -174 29 -302 -26 318 143 -348 -346 18 -180 -38 353 162 9 -167 14 239 295 240 248 -265 306 -95 -273 88 325 142 4 -129 -278 24 -264 251 -189 -114 -256 -350 46 -343 -176 -30 -94 -306 -142 -66 283 250 104 177 294 -225 -329 -167 43 -8 -27 -310 -51 -118 194 140 -143 65 -232 196 278 -35 60 179 -322 -179 15 -238 -224 181 -95 153 163 -259 66 330 332 48 228 -127 1 -33 -320 -78 246 12 -9 -69 -156 -208 304 203 271 64 163 171 214 62 -288 -232 -276 -25 192
-57 -8 123 -304 203 -244 298 -244 217 -242 183 253 265 273 -154 -304 82 361 -335 -67 97 -218 -292 -212 3 -183 338 311 -269 -139 -83 -268 -232 -234 180 -18 269 96 177 -344 119 -298 -335 284 44 358 199 -46 360 -129 126 227 -52 216 309 222 260 18 272 300 -175 -61 -260 -174 134 -194 339 135 80 204 53 -279 84 -218 -58 -206 306 181 157 29 -152 337 -36 254 -107 -211 -348 -292 231 5 -64 102 326 13 -49 345 210 63 -275 -331 -201 -240 -175 12 -190 -347 -67 -336 -34 19 179 -287 146 287 -83 -215 214 3 -56 -153 346 -311 204 -323 282 -236 132 203
174 154 -339 214 -353 -322 -120 108 274 -295 334 223 -325 -37 283 98 53 21 -343 -281 -53 -5 -134 -100 -346 -123 283 193 226 -306 28 -334 354 -331 -244 256 208 -185 354 -14 -332 305 134 -152 -143 -84 -126 -335 -309 -238 -350 294 59 -267 176 -276 -46 41 84 99 -7 -279 196 144 -164 -78 -187 277 282 321 -242 160 -290 -46 301 153 -35 -63 -47 -48 -42 -55 -316 176 130 -248 -92 -41 -181 180 -359 193 -237 0 41 -14 -308 -29 -329 284 306 -6 253 61 132 -12 -10 120 -57 186 -223 354 206 251 -312 179 -311 -302 -199 -176 -356 120 139 131 -144 -139 120 -15
-83 -12 75 -345 253 30 221 -233 118 -312 173 -356 -189 -295 -198 -349 168 -319 143 11 -231 304 -276 -30 283 -200 -321 -21 -172 -21 208 -33 52 55 -27 360 -153 -215 12 129 44 279 353 -166 -158 -120 -227 130 -26 -362 -356 -140 86 252 -241 -27 -221 82 44 245 41 -109 135 -8 -86 -137 123 289 344 171 -199 -341 -116 136 -9 79 -48 56 202 -273 243 208 203 225 318 252 216 -9 -178 62 -98 -284 114 -238 94 264 -183 237 -299 133 54 66 -177 -282 -75 361 -235 57 -344 -141 189 119 216 -223 -169 -296 -249 -303 -256 2 61 -79 -117 -150 132 93 -145 185
97 -267 -242 -232 -30 220 353 238 -45 -99 -116 -145 41 360 261 1 -259 308 111 144 -37 -221 -42 184 -153 178 -232 -107 -227 290 -130 256 12 -332 132 144 159 182 -8 -119 -333 126 -180 -101 -121 150 -318 235 85 -171 -243 12 104 22 -303 -211 147 257 141 -245 -237 43 250 307 187 103 94 -71 -186 -154 -5 -197 -324 86 291 -132 174 277 -78 -82 -345 -258 158 -343 64 41 338 309 -254 155 -190 -101 -318 -359 192 -69 300 -69 76 -262 260 345 355 161 315 2 94 318 -108 108 -271 -355 94 -353 -82 -348 -341 161 280 116 -28 304 208 -285 89 -143 294 -224
-63 200 -21 -244 -11 298 -68 -131 -198 191 38 147 184 140 -224 299 -147 -211 28 -350 -57 -217 -125 -263 -310 -176 -340 142 -89 -280 171 356 -351 -236 -131 43 -359 -31 108 -7 -160 -71 142 54 10 300 185 187 -175 297 -194 -268 111 302 8 -322 -33 361 342 264 -35 -360 110 -132 254 109 -182 301 111 317 -193 294 -88 67 318 -13 330 -96 -83 129 -243 -342 229 167 -354 -141 -111 -181 348 163 -316 93 354 -336 134 -125 154 18 -357 277 -270 55 -77 162 -165 246 -31 -128 242 12 232 300 333 31 -140 -46 80 -125 -43 204 24 -360 -83 166 84 354 -335 102
-148 351 -297 195 201 -38 276 -130 231 -356 -138 -85 131 168 -86 -189 285 -269 -23 220 326 129 -165 -202 -310 -196 267 323 -271 299 -114 -1 -86 65 -155 22 -311 208 115 -160 91 91 333 81 35 290 -11 -263 163 -182 -260 248 309 -19 347 -222 -173 136 57 181 -296 346 -196 314 -153 20 253 208 44 198 -114 -228 -308 -35 46 336 256 -85 57 161 299 -68 -333 305 -142 190 344 -264 -54 -301 -122 -198 -276 303 -313 288 -95 -89 186 -258 87 222 337 1 219 236 -19 127 186 -327 -98 -357 276 -184 184 253 -49 -122 -264 312 317 -49 186 -211 -250 268 183 283
247 117 -45 -353 245 -141 136 -48 141 83 119 230 -182 -339 337 -54 298 52 -135 282 299 141 331 278 -162 329 -350 193 -305 243 -249 281 -304 -277 -139 -46 266 350 -24 -137 338 -48 -30 354 104 132 -278 184 81 269 -12 62 -146 -36 41 -192 214 -65 195 109 151 228 235 -63 -66 -100 128 -329 224 -331 23 169 89 -301 -146 16 -63 257 353 29 -131 213 264 231 -282 322 -83 -165 85 10 93 334 45 254 -218 13 354 280 59 -150 43 -201 216 176 165 -134 333 -242 -38 81 -101 -295 58 -20 102 209 -342 -342 -144 -154 -100 -300 282 1 -99 -282 -276 -141
226 209 -347 137 30 305 -10 -244 -85 313 -191 283 -81 -361 305 -94 67 -276 127 -291 -120 -121 -204 -186 -328 -267 -182 -154 -253 92 -24 93 -359 -192 -343 347 -86 -207 211 128 -143 -342 -337 220 -158 -21 113 176 252 -185 326 -84 91 -58 237 337 -5 10 231 28 221 11 270 8 28 46 266 127 -60 173 -14 212 178 -194 -12 348 73 -82 -146 315 -245 -11 -248 -148 -17 -147 -352 19 -147 297 157 -129 153 101 210 255 -132 -34 -206 129 -116 152 -314 -266 -346 130 -312 303 -153 172 -241 -298 300 -287 -266 76 247 -156 -76 -44 118 275 344 -329 -119 -219 213 -158
