-354 254 241 83 -361 -491 -394 503 401 57 -508 172 393 -373 -166 -452 126 -483 342 189 -453 -178 -342 -139 94 -26 23 -128 31 -299 494 201 -78 202 -445 -324 -195 122 -300 132 -254 -276 1 -342 -472 -293 206 314 -345 446 -113 -261 460 452 -354 270 357 410 -69 -490 -268 251 -454 -482
-125 148 -149 -179 11 -208 -100 189 26 203 -414 -359 263 -241 -10 -430 -8 75 -474 -391 56 420 229 29 -4 444 240 501 304 355 229 134 28 231 78 433 188 -495 -37 -171 -406 308 456 57 352 -254 -367 -119 -240 183 159 -406 -44 418 -29 -245 407 420 63 336 410 -90 -204 -426
256 438 205 -108 404 -398 -34 -297 184 -409 -305 -445 -35 11 -444 -478 -505 -217 66 -47 -485 -256 437 134 266 73 -80 -151 -23 -206 -380 84 411 504 382 176 -355 -267 164 202 -102 82 419 -130 233 353 247 41 348 -271 -245 93 -332 336 347 456 -8 127 -409 -70 -244 360 344 357
355 41 386 125 234 -428 -225 465 247 -59 -190 482 159 -108 38 150 108 -327 187 425 -100 146 506 -231 88 170 212 -115 -22 -300 -488 -51 356 406 -81 -192 43 479 416 -384 -175 -421 151 -433 -292 234 -286 432 452 379 -433 -486 -277 430 -401 126 -150 -335 335 415 42 309 -3 -310
-1 193 201 -234 279 -291 -358 -483 -90 -77 273 130 -209 484 215 383 -250 -133 27 -175 283 -334 -168 -30 -246 -89 -452 -317 -489 -313 -349 177 265 -222 151 142 96 198 -153 -48 250 364 280 -12 455 427 -89 6 380 15 348 -181 458 400 275 -85 -68 -348 434 -245 -8 159 -7 -133
19 44 385 256 222 -375 416 -297 131 -6 -370 -175 182 256 -399 -115 -441 244 112 353 98 -323 262 -32 384 452 484 423 -375 318 212 -224 100 21 271 -465 129 -139 -237 -84 167 431 -123 -380 271 141 -119 -168 -385 -2 249 368 301 -371 64 -168 460 -444 -259 203 368 286 -376 -365
-190 68 -194 198 298 412 431 -190 -90 -447 115 -76 444 487 4 -144 507 211 -62 -168 214 318 -479 -49 149 102 189 27 -425 -456 -18 121 399 58 -421 464 258 493 80 258 31 -437 -511 -506 33 162 424 -468 -186 -372 -78 364 353 -326 -466 -187 161 111 475 132 332 -77 427 180
396 108 159 -326 442 375 -199 -403 -376 -256 -143 55 -388 9 426 -465 346 -209 -379 -366 334 -299 202 -420 315 282 -251 273 340 170 -260 398 -249 -276 -420 -366 -27 -451 123 360 -305 506 105 -61 510 -96 -298 -380 -308 -290 -218 -195 -308 -174 364 -55 120 189 431 106 234 -362 -301 284
78 -327 -64 -457 66 377 329 -249 58 -398 313 310 -304 401 -372 172 -10 486 497 30 373 359 223 162 364 398 -510 176 -379 274 13 -143 -129 220 -335 55 -86 460 255 251 -144 -70 -331 -333 -258 17 332 -45 185 507 430 137 191 -179 367 -59 443 -108 324 -187 -214 -176 -419 198
-274 -226 -455 -229 -321 -18 -253 104 417 -506 -106 134 -499 266 -35 -429 33 97 -7 -7 30 -163 -402 -404 -244 -181 464 47 -368 206 344 -80 398 -288 -23 -179 -480 -152 376 -38 375 359 126 512 -335 -275 -485 479 270 186 -390 -146 119 230 -261 432 -466 -365 -215 -374 115 -326 283 -393
-472 330 -250 41 413 219 307 -85 467 141 271 -190 35 398 -150 234 -451 453 179 -245 294 47 -345 -17 231 137 -227 -424 -354 -171 -499 446 -259 269 -56 242 452 449 -310 246 307 -196 170 -367 -337 -288 279 -420 304 -381 -425 193 -191 148 -305 -387 -14 272 -4 -228 -482 117 49 268
-257 89 456 -45 -462 440 -92 446 -456 441 -393 -242 385 -135 456 -249 -346 -368 -466 -436 4 -240 108 12 281 -476 -435 74 246 150 508 -254 -142 301 55 318 0 -342 -381 -104 -116 383 129 -374 396 233 -153 338 215 -306 -275 -292 -283 -323 14 408 14 51 434 376 -369 305 364 508
-424 -39 -339 265 -245 -482 -92 -30 -432 -490 174 -46 254 380 440 -113 -348 -64 -444 25 347 472 187 -233 493 456 -36 -13 430 473 -319 240 266 468 221 -490 139 -105 -207 282 -393 -243 -399 -239 46 -125 42 -19 448 20 143 416 -398 187 396 -295 -111 -200 -375 -417 -399 -234 -4 -228
-464 309 -331 304 461 501 -176 342 -257 -4 -41 -22 -210 107 -320 175 2 497 139 -384 -405 -261 -357 208 -334 -234 417 198 -224 -245 -481 -6 -283 74 -30 -160 151 34 27 -427 -284 291 -481 208 -268 -141 -413 303 209 -12 375 -105 316 362 -183 147 451 -115 -87 11 -118 300 397 -451
-8 -333 -339 -247 471 -239 279 -447 246 301 -102 214 288 -108 -17 183 78 -146 141 476 -124 250 373 -116 -61 296 437 -437 -336 -189 -142 -482 -56 -171 118 350 -384 150 -482 318 -261 482 -495 -62 -481 305 11 -416 474 59 -130 -31 122 67 -232 239 379 460 -257 -408 -6 110 -16 145
346 -107 73 -154 -42 466 21 94 297 -448 -256 -426 136 -340 453 84 422 -184 -209 11 256 181 -403 -38 286 207 -87 -309 275 -253 -485 -232 -171 -387 -378 227 300 -10 108 -140 -22 -286 -303 140 -268 -223 241 18 35 -74 220 -263 -92 477 480 -191 420 -194 -365 59 -125 256 426 422
195 185 -431 -344 -363 315 407 465 -286 -381 -232 473 -368 -307 278 -321 380 -189 432 -140 311 192 442 316 320 206 131 -115 302 55 -507 296 -181 382 -284 -491 473 61 -127 34 398 -32 -205 460 -222 35 144 133 315 399 433 -109 185 -371 422 53 -206 -336 445 392 202 235 -309 -509
-462 -182 233 355 393 -278 -210 85 -206 401 60 154 -82 136 407 -190 421 -207 139 -139 -418 389 -57 472 -131 508 -63 204 5 -330 -185 310 -374 299 -360 -132 -433 -346 162 113 21 366 -494 493 265 -160 247 -326 65 102 -184 -377 170 276 -481 -296 340 352 385 -396 -182 -341 -232 480
-191 -105 292 427 454 126 -220 417 193 505 477 474 265 500 -379 -242 501 167 372 -185 -99 -369 -374 -81 347 222 434 13 -105 81 83 216 447 -56 144 -307 -113 251 120 -144 149 243 -12 5 413 -254 -202 -290 238 424 187 -191 166 345 114 57 -284 -347 285 -395 483 -52 416 -223
-20 239 -237 116 381 270 491 -40 -4 471 119 43 -120 259 -461 88 -175 -456 227 -226 161 25 239 -248 92 149 -402 84 -86 248 -378 170 -217 475 -412 -14 177 16 471 -259 173 424 83 -50 54 470 19 381 357 -488 -7 231 -387 291 161 -40 -363 -32 -263 125 -106 1 481 -374
278 190 382 -257 261 235 398 108 490 -388 -114 -55 -408 348 -185 440 432 205 111 -171 66 -286 125 504 34 -399 280 446 -33 -504 -386 233 218 248 -321 -113 -339 -105 101 -451 52 -323 106 -399 -494 229 345 489 -143 -273 13 -430 -93 -212 303 -283 39 405 -222 264 -214 -122 302 -201
368 275 -400 223 434 -409 -52 -182 -420 -78 151 -427 69 463 46 -34 -428 -294 52 -62 -465 -293 -265 -121 -500 -380 -385 438 -296 -203 -501 15 282 -372 159 360 428 330 275 -506 361 125 -56 -46 -140 -335 -388 -363 75 -405 -296 228 -449 -83 127 -7 -122 -294 -203 363 257 144 -201 8
-497 -329 456 -217 -70 132 -49 -370 189 257 -55 -232 -362 41 -67 227 -244 -242 -13 -98 28 -316 315 -168 -296 33 -23 20 112 87 -179 90 -257 149 -304 306 244 -136 -141 70 -130 359 162 148 -504 82 224 252 -353 -454 110 -54 -59 -505 402 -294 -17 -95 255 -387 11 94 -349 44
-436 484 74 -160 -474 -314 -352 166 95 -291 142 -162 108 87 -477 -344 -58 373 -78 -97 373 -63 372 -468 456 -410 -230 157 -170 -464 -414 -163 488 -436 372 -374 85 -423 426 -395 -94 -418 -470 496 491 119 350 298 252 189 363 451 -159 -353 -295 -14 -312 -160 504 -154 -498 -266 262 239
-60 -314 -85 -59 -300 483 61 342 4 -302 -1 154 -435 -374 204 -108 -375 -341 -52 -13 -204 -194 -364 -121 77 57 -467 7 -81 -448 240 440 171 176 270 372 439 -161 287 -285 141 -203 198 468 -377 -400 301 203 -248 -358 -436 -360 -426 498 -239 -372 477 -100 -174 339 -456 331 234 422
497 458 -449 356 8 46 2 -160 -502 -219 -232 113 433 230 174 -76 282 261 395 284 84 475 -453 -442 255 179 -255 143 -245 -417 267 177 -507 319 487 -120 508 -309 -324 -501 492 217 477 -232 -78 -86 36 426 56 -506 42 -312 -228 22 -292 -207 491 -229 -433 -173 353 2 -460 59
19 -349 -165 75 310 14 -94 -293 46 -115 243 -75 293 -9 -181 -137 -309 -237 -381 -138 -213 -284 18 40 291 402 184 83 284 490 124 -503 509 -218 111 -56 244 -359 483 261 453 366 116 -430 451 -376 -303 355 333 -85 450 435 306 -4 470 302 463 296 5 -180 500 427 -327 476
-374 -83 -348 170 436 360 -469 290 228 81 -178 339 451 -272 219 287 -401 -439 244 -426 219 -441 94 -471 -340 446 -112 -294 -19 201 -414 -51 -204 -108 -168 -84 -7 -203 -402 446 224 -505 241 -460 -9 -289 132 35 -312 219 -36 -457 94 408 241 -344 -191 -124 -345 445 -159 -310 -45 123
99 74 -490 -276 -244 359 457 140 74 414 321 -461 349 477 -286 -463 -283 294 -173 -355 -220 -403 -329 -217 370 -379 -306 136 304 491 -199 -432 -272 -464 -396 -261 -222 -28 -207 234 -89 500 427 268 229 -382 469 -371 38 -209 243 -181 12 461 93 499 288 114 5 -12 322 238 -150 -314
277 284 364 -329 -204 182 42 355 153 -485 288 -179 -398 -281 451 390 -121 -388 -123 -247 301 -81 445 335 5 -11 182 -496 -116 -49 271 256 375 -138 -134 471 230 -121 319 -493 98 503 492 -445 343 -111 482 -95 455 458 -302 378 206 406 20 -186 338 -356 -176 -82 -323 -428 -1 1
-458 -1 -366 -467 60 -289 10 241 -6 -326 90 74 -187 305 21 297 -142 -382 368 62 -77 164 296 -352 321 118 -237 -414 -220 147 -63 91 -194 9 66 -411 -411 369 -414 110 205 261 21 84 -396 -69 -279 118 -285 -504 -423 -64 -84 -87 -221 -506 355 -290 376 -319 -12 173 -392 -264
171 6 -368 -123 -489 353 466 -132 172 -332 333 445 -124 292 -367 113 -483 392 -342 -509 -392 -275 368 468 57 -228 -184 -222 220 275 485 -126 -459 93 234 438 -219 119 508 417 -240 179 -66 -13 -219 -506 426 -430 94 83 30 279 -168 -353 -1 -231 142 -386 183 -398 -22 410 125 -308
-199 357 56 311 -44 106 -191 -327 400 67 -99 198 118 -26 -98 -112 199 -476 -444 -434 327 357 403 205 442 204 438 377 -114 -199 232 -89 -180 -115 -68 -366 -255 -499 -85 313 422 376 127 412 -454 460 -144 208 69 -224 -338 -249 -397 349 -230 343 227 -187 410 194 -226 -464 -462 -177
236 -196 46 152 -170 100 511 307 -139 -420 120 218 330 145 495 270 -32 137 304 -308 -56 -350 -105 -342 -317 -449 319 173 -322 61 423 -140 141 212 485 329 185 -141 392 -185 467 237 88 -263 -192 -312 229 -300 387 508 -488 -51 318 -197 225 -259 -220 509 226 405 194 424 122 58
375 401 -300 295 -89 -17 157 222 -470 119 356 -33 -233 323 -58 -68 -294 -180 -13 -72 -229 -98 -175 -50 -388 138 -450 -272 -201 339 300 -128 -500 348 -57 -91 122 -497 -132 26 -443 -35 -75 185 -212 -314 491 -246 194 112 157 321 28 -346 -326 360 384 113 -448 208 -324 509 177 -145
-444 -388 210 5 -350 75 -300 15 457 90 269 -171 -414 109 7 -471 503 -161 243 -168 -309 -37 263 408 -512 -76 501 427 -85 -369 268 -27 -72 4 354 371 412 289 -447 -255 -401 -215 25 298 -382 -63 470 227 -54 373 396 351 -57 -470 301 9 59 388 391 476 -293 -93 194 454
-42 363 -460 355 -503 -274 -248 273 423 201 393 166 -272 -233 -167 276 -359 -388 223 17 -448 -429 -397 96 110 194 431 418 505 -171 246 377 365 220 235 -220 201 -68 -468 -352 -59 -235 -415 262 188 18 414 -233 -55 -243 -35 502 503 374 357 484 -452 131 94 -237 -162 472 466 80
103 43 500 419 -255 346 379 -503 170 -313 16 343 -213 -457 -137 -28 -254 23 -332 -54 -457 -97 -173 373 -41 74 477 -425 166 -88 -277 -77 230 -96 245 -357 -5 -297 115 15 115 357 -9 -102 -11 -458 342 -437 -339 -494 333 467 -339 447 -461 262 368 -87 342 228 -336 -490 -92 -465
278 -99 52 296 444 250 -216 -420 -136 -378 355 463 406 356 143 -34 156 102 255 -404 -136 -251 487 451 -425 -200 343 109 -308 187 348 -470 23 -131 -45 -92 172 -305 454 108 -291 399 200 -106 -377 200 75 -10 476 -261 222 297 415 427 488 -111 -289 64 492 326 150 -450 410 -82
-56 -142 -388 -79 -495 46 -101 -404 -421 -159 -350 272 356 -267 -280 13 13 239 278 -443 5 -224 315 -203 -334 -92 129 -189 350 -436 -447 345 283 -106 -426 478 -261 26 308 -52 -421 245 328 313 47 85 -349 286 -446 -274 -189 495 78 -307 -183 -226 125 234 -472 -508 95 245 66 -309
507 -113 -36 -29 -165 72 39 -211 -451 -450 -62 321 -496 -194 -79 -271 -182 255 -408 -485 410 -16 101 58 -391 363 -346 369 -494 284 -422 353 433 -132 -359 79 90 -368 -410 -306 192 479 -273 154 474 -482 -281 -445 492 442 -211 251 123 15 -338 -509 294 -78 407 -94 -420 358 -189 443
495 473 -396 2 49 -414 399 -222 -181 -214 220 239 -499 322 -54 -213 -128 -496 -25 -81 180 355 351 -49 261 190 293 198 -8 -443 435 495 -397 -432 141 340 -333 -407 290 -233 -377 -77 -47 9 -426 303 147 443 -118 -48 201 -129 -1 508 -265 72 464 510 141 294 -134 384 318 -239
275 -278 -420 351 -486 337 -401 -37 124 175 471 492 64 -385 199 392 405 311 -340 -13 360 -392 -35 248 380 137 -321 -8 7 440 -495 369 -447 326 178 346 -333 368 -465 -342 -448 -442 314 -327 -283 -230 204 -509 -311 -48 494 -78 287 345 58 -38 93 -15 227 -233 165 127 359 -456
-346 -43 401 -150 380 413 -267 338 412 -302 337 463 -68 -334 232 -128 -478 -126 -471 170 -153 -167 422 186 -264 -124 -472 -428 -381 -391 -175 163 25 -136 473 -165 -459 -101 -491 297 325 -195 -186 -8 -178 -307 -302 -110 134 -258 139 -218 497 290 -146 -189 -430 54 400 440 330 39 -211 365
443 -289 -45 -268 444 -470 -490 -416 -275 -433 -508 56 -381 453 235 -264 -100 191 -58 464 -145 -276 114 -479 450 -133 136 24 -235 -498 -414 14 -303 -340 324 55 14 -251 -267 15 -128 105 402 -207 124 -492 287 -85 -65 -336 128 0 -396 -364 -364 -267 -20 167 16 -216 303 329 309 22
452 -359 100 -382 -371 428 436 222 -218 -505 59 -374 -324 239 -88 -68 101 80 -406 -319 -207 -491 1 -172 -448 -121 -386 264 407 171 -357 243 -168 -16 357 386 288 494 -453 272 502 -150 -222 -445 4 -219 -32 54 -21 -206 -437 -143 140 307 -461 81 347 416 327 -204 -10 16 -247 -33
123 -497 -92 325 -277 505 -308 396 -169 488 -477 285 -489 -181 -422 227 -142 -160 -457 -92 -66 160 -244 -315 -372 210 54 366 -500 235 443 -492 8 -308 258 -215 2 -436 492 -346 89 -88 91 61 -450 239 249 22 -308 -219 408 361 -463 264 135 -373 106 419 -140 -307 -450 -182 -202 296
-388 -39 -9 -225 -416 -435 -192 -79 15 -126 -186 511 193 -371 242 74 139 482 126 248 173 35 103 -431 461 263 117 124 -415 -81 -101 366 260 200 69 -445 -223 -304 -302 -487 -369 -507 -67 298 250 -57 -80 488 265 98 -145 -511 324 177 -389 -402 -292 -484 26 -494 168 -438 364 -417
-345 282 -465 264 84 145 127 20 37 -268 129 -407 -470 -445 -115 95 -460 183 3 -497 167 -381 -483 -79 73 230 -379 -105 375 350 219 300 -356 -92 405 3 83 117 -268 115 -300 2 -263 -47 507 -366 276 -129 63 266 185 -145 100 234 444 -489 -76 -428 -87 417 -419 205 217 -508
187 0 -158 -259 455 -326 217 182 -395 -112 -367 472 197 -8 -157 87 -27 247 -250 112 511 -479 144 510 39 267 478 -2 -335 69 -77 247 -368 64 506 -56 -33 225 240 429 -244 -145 171 -492 230 -325 -418 -55 -183 233 269 479 110 -318 -412 -505 73 -441 432 -466 -302 -24 -273 291
-93 160 50 124 226 72 288 -256 -454 358 428 -149 2 -44 -402 -20 118 -290 -430 -33 -328 -408 -248 56 122 -474 -31 -148 -297 -307 -224 73 -374 377 427 -203 424 51 -467 263 -87 -501 -46 329 -245 -373 -366 -90 -393 -173 277 269 294 -455 440 318 -201 -366 -26 -327 -441 350 478 244
194 -91 -133 447 -289 -457 -387 339 -489 264 401 285 469 -358 442 -355 422 -50 220 -77 -369 -133 -66 252 256 44 467 -112 -157 319 127 130 -388 317 -126 511 335 -263 406 123 -251 432 24 -122 6 -114 -27 -374 -507 189 -119 -89 -138 -390 362 -377 -187 -335 -109 509 29 413 -133 310
366 34 -267 336 112 -120 -457 495 -497 -149 314 54 -397 -495 -368 214 -144 -29 451 304 -277 205 -505 -510 371 -490 28 -51 -260 12 -350 -84 244 -109 308 -345 -461 384 301 -462 52 494 -401 97 -375 414 -129 -321 -502 -287 -57 -338 -142 47 -60 -116 118 432 58 26 138 -491 66 330
-26 -150 251 -320 -25 -465 162 336 288 280 284 -383 365 33 113 331 106 492 -38 438 -308 -441 -478 -484 -346 110 -475 202 -379 -277 -500 239 -68 51 32 37 -44 491 427 186 234 250 -262 -258 128 -238 -269 -359 163 378 505 -241 -9 -55 39 -247 -205 374 442 287 -357 475 122 -367
504 -36 -325 480 262 472 285 488 -304 53 -56 410 -387 -249 -58 116 330 -19 -97 -285 437 -79 104 14 202 372 328 207 434 76 437 -334 257 489 -236 343 -426 -268 471 47 -507 -468 -83 -9 -314 360 504 -137 -218 327 163 405 78 45 -228 465 -253 491 -463 -471 -326 176 -286 -93
-6 177 421 155 292 469 -117 18 312 -175 139 -367 -126 182 198 184 325 -489 41 140 36 -210 358 481 320 -130 206 -197 -434 -338 -468 23 -426 -124 154 -393 237 379 -64 215 151 428 343 500 65 -342 -390 478 15 336 449 -290 -127 487 -145 188 304 21 444 138 146 -122 -281 230
171 -88 -298 385 -348 152 401 61 159 -248 477 470 101 408 111 -124 -283 318 -445 462 -409 25 203 -73 -307 -238 461 269 16 -42 352 439 -267 66 -239 -182 485 92 -476 -467 -293 109 406 -37 -408 -81 -222 -196 -372 -21 -288 -501 -417 -183 296 405 107 -348 -458 299 267 -468 256 504
44 1 -360 -424 228 503 -329 -210 215 -401 190 -448 440 -117 -21 -502 435 436 -89 -111 -84 409 154 -258 151 163 461 -497 127 -131 -240 283 205 -489 -72 -270 -373 191 319 -488 348 -183 478 -55 177 -347 -401 -484 46 -218 -36 -491 212 -187 355 284 22 -210 -56 -462 307 309 507 -490
506 -161 -92 -262 -510 481 -29 -153 -425 34 156 -160 272 212 -480 180 65 -348 375 483 -328 450 105 221 498 385 161 461 -28 12 -10 -508 271 -123 -13 -508 145 -167 457 -36 -102 -413 -62 -421 170 -315 290 457 185 -70 -265 138 -393 -47 -315 92 -448 -368 427 324 -458 484 -100 -138
361 -205 -200 282 -57 388 -349 48 78 248 -119 -52 -80 -249 -370 -475 23 3 -294 -469 304 299 -258 72 -148 -500 -198 -436 34 -268 194 -231 -460 -95 -368 246 479 444 304 -40 -496 -327 -204 -51 -482 -32 57 178 132 217 -375 195 190 -437 -34 496 478 274 -176 -315 393 115 -179 -475
385 215 164 -162 131 -412 -493 -94 -161 -414 -334 1 445 -447 -11 -504 155 -338 59 345 34 245 -296 -304 -31 -436 -152 251 41 95 -264 -405 330 77 182 220 14 -364 2 492 199 234 475 -494 -108 -361 -257 -368 -22 -445 -43 158 -427 100 -82 -227 -222 480 -329 -29 -19 53 -221 -76
-372 -59 -333 -82 344 325 95 358 -44 -477 -64 -228 180 -167 461 -404 144 -128 -252 -510 77 -204 316 -49 -245 -332 441 308 -390 -140 329 98 181 431 364 -390 -110 479 329 -123 -208 -425 -125 433 422 -341 -152 64 76 -298 489 -465 -105 -385 81 152 -337 409 318 227 331 -245 90 509
-200 -148 -431 229 -44 -394 -469 160 226 -142 202 215 408 167 238 -246 -336 433 -222 14 -163 77 -493 -475 -88 220 380 -248 212 -62 -496 -54 493 455 338 -419 -450 -321 308 -114 4 90 330 52 244 300 165 -129 -27 -143 -173 76 301 1 -445 -87 140 -404 -479 76 15 121 213 -67
-181 -346 -214 74 416 -203 -31 445 -373 262 -6 441 382 -32 455 14 68 -162 325 483 98 -93 424 -437 82 -416 -422 -117 -446 317 -431 -288 -279 -416 -142 312 309 -455 7 385 76 -240 -200 3 -5 234 -99 -468 413 382 56 203 140 -469 -386 -386 73 143 416 284 173 -434 -160 -377
