-96 -72 -160 132 -306 -48 -88 -36 -196 437 -348 -146 -104 319 141 -110 251 -343 -56 147 266 47 -481 341 19 -46 -373 -441 421 -375 212 -1 -460 -227 32 489 -134 -432 -228 9 308 -320 177 106 -252 -12 322 474 -249 -115 -32 -90 80 297 -373 -394 351 472 393 -223 -189 -325 33 74
-76 380 377 190 -359 221 124 83 507 38 385 480 130 -343 169 307 445 -255 465 -182 -411 -193 -58 453 450 385 -422 319 -364 -270 352 -396 370 -425 -124 460 392 -216 -25 87 -149 265 -94 267 -103 302 198 212 -272 -221 -451 -225 -426 -454 361 -104 -125 -164 388 471 68 320 -460 273
153 6 413 477 389 196 135 -385 -413 181 26 -33 -247 432 276 53 -244 380 -491 -169 -104 -301 494 323 59 -392 506 191 208 -273 363 336 253 -442 450 -425 160 288 151 -222 15 -84 434 284 174 -42 -357 -320 -305 -82 -254 487 -267 -121 448 -101 -4 -342 386 230 210 -442 132 -335
463 -150 -299 293 -183 417 -33 74 -23 510 450 119 455 -3 -490 36 -308 183 -202 362 -78 472 -127 494 482 439 -110 138 -243 -479 318 453 -442 409 298 464 -10 -462 -18 90 329 323 -404 -75 329 318 330 297 127 -76 157 -395 102 201 350 250 416 -395 359 382 350 -124 -441 173
-192 238 -404 387 -493 48 -192 -100 -319 -475 440 348 -42 -381 262 -360 -6 -18 414 32 324 -222 311 -281 395 340 -334 191 65 109 -171 48 38 -403 462 160 429 57 -101 -12 333 -35 31 100 -167 -440 -197 496 337 -399 -238 481 169 -308 -354 -310 -200 300 -73 133 341 496 170 -184
192 -311 -22 210 -81 433 -376 -188 411 137 164 -402 446 -66 -419 314 -461 494 -41 -360 58 478 -466 114 -55 -202 -66 -207 -32 -414 298 -483 -129 365 19 98 287 365 -268 -180 -173 -61 503 -344 391 -61 128 -172 -66 -337 -398 -89 486 15 74 304 -203 -270 -469 -444 262 433 21 -262
-238 51 23 -356 -129 -432 -30 -254 494 -40 384 389 202 -414 -47 493 -66 93 -11 465 -482 -155 -351 479 -307 143 113 93 201 -303 -485 451 352 -260 -483 -133 -49 352 220 -301 118 66 36 275 390 130 -157 57 -161 -402 261 -481 -85 308 76 465 125 418 264 -452 95 348 195 49
-309 436 -107 -147 -480 -394 43 -474 150 210 -303 289 -42 367 107 336 81 214 236 349 196 430 -55 -477 -275 90 -413 -47 -369 125 -90 -59 481 163 -41 251 88 -490 -291 -50 -47 -243 -433 -247 -112 -237 150 54 106 -114 243 393 94 -36 152 212 -472 -47 189 157 -38 -256 383 108
-76 -489 449 -1 -95 -142 401 297 434 -128 266 382 -315 81 -190 392 56 183 317 -8 166 -457 14 -35 -367 158 -48 333 -382 -171 196 -442 -105 82 328 -209 489 -136 -299 -247 -293 -108 -499 -147 -120 -260 43 -308 382 -322 -214 216 263 455 -96 -372 -429 213 173 -43 -324 -152 -183 -99
181 -478 -154 -86 215 11 145 237 -500 -347 -365 -276 -307 -499 416 -274 442 465 184 373 -44 100 -477 -69 -370 242 199 45 -268 450 -479 321 275 -74 -425 375 462 229 -351 372 6 -228 -263 446 -100 -94 216 350 181 91 315 -246 -329 -78 61 264 324 -97 445 136 -97 -66 -498 370
320 180 298 -108 235 395 -457 124 0 498 171 502 168 -355 70 -414 -284 -160 -391 -325 -422 -64 397 -186 373 157 -209 395 161 -300 135 -404 -386 55 318 -437 232 -107 476 401 326 -484 283 55 -457 -25 -171 -470 422 437 444 -357 474 -36 320 -244 -411 340 187 -391 12 8 280 195
257 -314 -502 -201 -259 438 -68 -510 -415 -353 443 86 207 -480 -148 263 440 -413 -129 -437 -139 280 -72 -152 -300 192 -227 -504 272 -410 198 -130 -65 359 -49 -311 -417 -69 171 -267 -45 -303 -86 -482 -481 48 -273 280 -436 460 273 -439 -350 211 -457 -149 -357 -488 -178 -171 257 -8 -333 -312
328 3 214 -363 71 43 440 -452 -199 64 164 286 315 182 145 -345 -217 386 -97 -331 -214 437 350 -479 -237 12 -108 -173 150 -232 -65 183 -472 -43 474 450 481 84 -433 18 -421 423 192 512 502 169 -322 408 -170 304 446 -231 140 -442 270 -428 469 -86 387 -357 94 301 250 -194
187 46 -377 301 315 281 -23 395 190 -71 209 -37 244 -267 269 273 -387 -270 490 177 -107 7 -418 -408 -382 -52 -111 -260 5 -114 -306 -242 288 460 501 -247 -259 -504 174 -397 496 -72 -494 -35 31 437 430 -28 400 225 111 83 -266 -342 -28 -439 161 -486 -207 -356 -455 8 11 307
-307 -235 -318 447 476 -51 -17 -110 469 93 -88 378 354 -481 118 -249 208 -226 459 -252 -488 -224 -255 350 98 -484 -430 -147 40 -310 -139 210 169 -58 -219 -130 -222 -132 112 -463 -2 -374 312 -354 -475 -158 -503 179 -215 349 -12 -64 394 -123 -366 -471 -429 -182 -301 -412 60 -292 -206 13
1 -473 104 414 358 -463 -237 -40 -231 -134 -296 -506 -55 -455 477 -282 496 117 490 227 290 198 -335 87 24 154 -40 274 128 -376 71 -312 217 67 4 127 -122 -145 -500 447 82 -460 -440 138 -139 484 310 -344 -138 -364 328 231 -345 418 -285 438 340 465 -355 -151 -140 448 247 -106
310 78 419 189 349 -28 96 286 179 -488 178 37 -298 400 -285 -338 443 361 470 186 115 -498 -95 -198 -452 -416 -388 -314 358 -283 32 32 219 -110 429 -437 -301 198 327 -76 -297 -187 350 -222 438 283 106 -502 44 190 229 34 -231 215 -279 -89 -364 241 316 -60 493 254 -327 -142
-91 -5 89 26 -118 309 -44 421 -177 170 80 257 461 313 14 399 -119 351 253 -326 -278 319 456 82 417 227 413 414 -283 -320 504 -427 1 118 342 239 -480 59 42 -503 131 -320 301 323 231 -55 201 -114 377 -106 236 -471 -261 137 319 -130 470 113 161 486 -155 313 375 242
-241 266 350 -267 158 -1 -423 92 85 214 -112 161 -336 279 -194 -503 375 437 159 -295 -498 37 -131 443 -265 142 106 59 210 -82 -220 -352 -314 -51 95 -270 -211 72 123 85 -482 -206 -212 94 -479 -168 -55 159 251 138 240 -419 214 171 -467 -16 -156 -73 -131 -137 5 391 -233 162
-238 196 -110 -264 -71 462 19 382 275 22 -364 435 159 449 256 311 420 -279 158 -104 -332 56 -202 -198 -228 94 -298 202 -298 -286 82 -71 403 177 423 274 50 116 249 -178 -504 136 12 -157 -49 485 492 270 -286 -285 -296 331 -80 470 299 -169 -147 -15 -438 99 -361 498 -73 44
-443 -439 218 -19 152 204 -101 17 -452 -111 138 111 390 -327 413 101 363 -48 75 17 -283 408 380 -84 375 436 -130 -202 -355 394 38 315 -344 384 -191 270 463 -393 271 214 -59 -458 443 -335 469 367 -233 96 174 29 -287 127 129 276 -383 -452 130 -211 -298 16 330 -243 -60 306
-152 60 71 -431 -422 -200 -85 -290 -265 -64 114 60 -166 259 -158 21 354 -124 345 361 359 135 403 344 85 -155 -153 411 -188 -457 -242 -55 426 431 85 173 12 -297 -450 -194 461 348 -123 -374 125 -410 -194 92 -334 255 164 -267 -67 380 217 17 -268 -44 402 143 333 87 -404 343
180 -267 -35 164 301 68 466 -369 -396 134 328 383 -510 -437 279 -184 -217 -219 -161 316 -344 275 -331 -282 265 -391 433 1 -350 264 64 102 135 278 407 282 171 58 -240 66 312 19 413 -203 -314 -274 55 431 -155 172 301 -344 215 -218 -381 -156 457 -301 326 -278 378 189 45 -139
-108 -294 -26 -343 294 -325 -442 -493 -273 -478 -83 -90 25 -238 -337 -191 343 -487 45 324 505 -316 -469 -185 -408 16 250 -166 240 272 -293 -332 -162 64 60 -237 392 379 -75 -32 310 -504 -470 -501 333 -365 196 397 -30 -137 -248 -456 -474 14 -1 37 237 303 225 -296 -72 -232 267 392
151 -268 202 370 -56 417 301 349 -356 362 -422 369 459 -480 75 115 56 -479 343 -457 -354 338 267 -472 243 -357 112 233 35 57 -338 -72 -240 -240 -115 25 353 -235 75 -36 0 329 -362 260 213 117 371 -484 -141 82 258 257 227 76 255 -253 -243 -180 -410 239 104 -132 -45 138
232 448 -322 -481 -227 -52 479 -265 363 137 -106 8 -213 393 -158 -209 5 457 -207 -286 -224 -484 -366 -3 -177 -168 282 93 -277 158 42 413 -195 97 -106 -100 161 -510 -187 125 -407 -509 482 -25 168 -378 -245 -312 375 323 34 348 -43 18 -33 81 -458 -122 -450 432 419 -249 -197 -341
191 236 -448 -323 246 -475 3 104 394 -341 478 29 481 -290 79 146 -185 -349 213 -432 361 -480 131 493 56 -71 106 465 -431 -490 -224 -78 291 -29 -337 -330 213 495 326 -320 270 -248 370 292 -311 126 171 493 -505 117 -135 439 51 -509 462 -123 285 510 474 280 -248 465 495 284
242 130 -276 20 -39 -208 -395 14 -103 -306 418 -420 -353 -134 -373 353 -172 65 -226 -224 265 -19 -480 -450 -368 487 274 219 -95 -227 -286 -179 -360 -236 -14 77 -35 129 323 -442 -9 351 170 -464 -17 458 -190 209 78 -309 248 202 151 -453 156 -175 407 -399 197 -365 35 -330 99 -364
-138 -40 205 13 -236 369 -141 -460 -250 197 -464 221 77 -291 56 339 265 -343 -37 -230 461 -229 -504 -231 -105 439 504 235 -309 47 -289 295 -63 -233 -280 147 -377 -291 -77 475 209 118 -194 438 432 -425 254 -233 -66 -444 304 200 -55 -503 -108 189 -496 -262 143 309 -25 473 -295 1
463 347 -80 -82 32 -482 360 -67 -328 399 -349 -42 398 -21 -479 29 39 70 402 98 293 425 435 169 -71 195 411 -183 3 110 -160 -288 -289 42 449 -128 148 501 92 -327 -363 -464 173 166 87 -159 304 -271 498 176 128 58 214 200 206 -501 198 12 -27 24 -17 -297 -246 -3
-94 86 -185 37 -272 -434 460 484 -398 -162 80 -125 507 -44 314 -416 -102 -463 -2 -437 373 14 178 -258 486 15 341 209 -48 50 282 27 454 -125 -230 -258 317 98 -185 198 -103 142 344 -94 -99 311 -507 234 303 -219 -209 169 213 -448 9 259 -273 47 -282 -321 -294 -145 -159 -329
-363 490 -24 -62 426 -319 254 -207 482 -431 -371 -112 -402 392 -375 336 -286 -321 472 32 -144 48 242 312 397 -387 19 60 386 -205 274 -219 251 -130 -125 192 203 96 -66 168 -289 209 -168 -451 -109 441 -311 -446 207 287 -351 -464 -364 187 195 -408 -317 2 344 262 -263 348 77 -368
124 -232 -511 -179 84 160 101 508 459 -132 -352 -180 444 113 -369 239 -131 -168 -88 194 -226 -262 -102 488 434 -127 -259 160 -407 221 -357 266 -124 259 -67 141 -27 -62 -14 -192 -301 123 279 240 -7 39 472 -88 -399 -26 500 -313 -82 124 -253 -169 182 -172 -260 250 454 459 65 55
-165 105 -165 149 -307 -91 91 -44 415 240 -52 -478 -19 -139 -451 438 55 -498 -445 123 -174 -82 48 27 -9 -128 -446 349 -503 61 78 -176 150 -97 386 495 402 -446 495 -439 -403 270 468 377 -428 -450 506 207 236 -411 441 344 491 37 -115 88 124 -274 311 169 54 271 94 -408
228 327 427 -469 18 -471 408 -168 -496 -474 -299 32 -188 -398 46 -101 -370 -303 -316 -239 17 -502 241 189 -211 110 -327 -139 -17 -279 188 -77 -23 160 -147 -371 -213 71 334 -487 418 256 -149 507 12 136 -404 -201 -455 -280 466 244 113 41 -118 -215 -299 -467 342 202 -36 -102 -395 130
-281 83 23 -4 -348 40 -79 66 -384 -151 -56 282 499 422 -493 272 -194 324 180 -323 87 344 30 -401 -361 -205 -398 479 195 108 -136 439 -395 -246 -472 -291 -243 375 -332 -19 216 479 -190 -405 48 -48 -207 -95 314 20 371 103 232 -324 -464 -445 -469 87 -215 234 -374 -370 -257 -334
230 394 237 -47 -174 38 283 339 211 -352 -36 32 -359 -297 61 426 -307 17 -286 494 206 -391 76 168 -100 -376 -76 -323 285 59 284 281 32 -336 -156 -95 384 450 -305 250 94 -385 405 -234 -185 390 -350 114 -385 263 -105 -356 -458 -317 421 -366 -351 500 406 -309 281 273 305 -169
-214 303 94 10 -17 61 -389 7 -351 471 331 42 196 -299 -353 -456 347 263 270 79 -179 128 193 337 -461 -364 -54 306 -403 428 237 -367 -376 -309 359 415 -358 -186 -263 -386 378 161 217 25 356 -314 439 497 87 56 -69 293 240 -65 -321 -348 -414 135 363 332 304 -307 -2 476
-436 200 -60 -261 -36 37 65 -66 247 340 228 -194 102 197 177 -474 415 509 -415 413 -9 -475 250 467 408 -286 49 -178 420 -158 -366 27 240 32 391 55 487 -143 244 -148 478 8 -497 159 333 353 342 486 -408 -182 55 25 -51 -192 88 37 -17 6 155 -94 33 291 -183 -193
-90 -59 270 -119 -126 21 -193 360 405 -291 266 185 0 55 503 -76 -405 -405 -470 -122 -230 -403 495 449 -350 -102 296 189 -6 -146 358 -263 281 -390 287 -230 108 -394 -504 332 -281 474 244 83 430 -29 182 -187 -132 -292 250 -308 -43 -387 -6 219 196 -470 503 480 -16 274 426 -403
247 -57 89 -456 253 227 -250 438 -165 474 -386 400 362 177 -171 -135 -53 -339 196 337 -88 -85 451 -393 6 -481 -324 368 -272 -284 -353 216 265 -313 312 -277 170 137 238 48 68 158 23 -419 -405 483 254 -184 -231 508 -55 -240 -148 -172 -276 -238 -485 433 -435 -27 -190 397 -414 212
-322 -360 -271 -60 119 28 -276 -89 379 -204 -25 -495 112 -255 -84 -203 -466 -87 -88 503 251 -436 -458 496 213 27 464 -318 489 -148 -154 456 21 435 -429 460 -255 461 36 321 459 507 -275 -297 378 -231 -60 40 268 92 -475 -269 -477 -289 -2 1 280 160 -425 183 -217 62 491 138
-213 -160 384 -287 -336 54 -451 -487 -45 -124 118 -363 341 486 -6 -271 -167 -406 -102 -25 107 -45 -138 -52 198 -96 112 -393 9 474 -267 -254 -261 -318 62 232 -456 -342 -289 -228 -217 -237 379 -131 63 -320 76 98 196 -240 -195 -97 -413 164 455 455 352 253 12 -82 -407 34 209 -132
323 -240 130 335 266 -255 -79 -252 182 487 -218 235 85 126 57 -216 94 153 283 -464 130 433 -416 -171 -444 -279 -437 -466 -507 -268 440 -249 -505 509 144 256 -329 289 12 344 -129 -245 145 -198 252 -423 484 -252 491 -349 217 -119 279 -401 112 -430 -496 356 -234 225 76 418 -288 422
25 110 182 225 -239 109 353 372 -36 449 -51 -415 -507 510 -337 -234 250 341 -315 158 317 376 -415 -348 -204 -23 -38 356 90 469 185 371 -96 -357 24 -138 53 -337 -111 265 201 293 75 -399 -163 -64 -414 -413 11 245 14 234 -205 -470 -363 200 399 -350 26 61 -344 134 53 -201
-389 -43 -169 127 -15 354 36 57 -325 279 151 75 -424 421 -429 72 134 371 246 -124 510 -344 472 116 -240 64 -313 430 -89 -239 373 500 167 86 -466 312 394 326 -169 318 304 398 -356 -476 -1 -495 -100 -280 163 119 384 -463 328 381 -330 -333 24 454 331 -312 272 -44 477 217
-355 209 53 -244 154 -126 369 463 -297 -401 -420 -19 261 166 -27 -336 410 -251 294 -439 -175 90 494 94 -116 -42 403 -41 -175 275 -258 -395 47 -310 -340 -343 132 -494 116 -160 68 -414 288 11 173 19 -23 -297 468 -106 -250 347 27 368 354 -140 -507 -154 -107 182 -360 -223 253 -247
50 119 -501 430 -4 459 -318 20 -5 -227 279 305 136 104 -423 -195 -31 -214 -9 -480 -295 -344 84 -306 -177 -503 74 359 267 395 -24 -317 313 -123 -358 -244 440 295 213 -45 389 83 -138 43 228 405 295 -399 -365 -253 -242 53 -274 33 319 -282 -99 -277 185 -362 323 -40 -199 -311
70 -170 -440 -104 475 -496 273 378 108 -56 -21 147 452 41 -304 217 -140 -42 -505 323 275 -484 137 -220 -355 130 248 -55 -294 -484 -411 -303 -342 -444 193 238 -359 -88 217 -490 -193 -312 -490 -292 -312 -266 -353 270 430 -231 -44 159 -195 -304 -380 395 316 112 -437 -373 430 -260 370 -374
-126 453 -485 -6 468 286 -418 -507 -297 -154 -337 123 186 -189 45 -379 32 387 35 186 -91 -25 -56 66 -29 191 224 -503 14 -251 297 -121 161 359 86 -40 -404 187 469 -502 325 -288 -231 456 75 -258 -190 158 -59 -414 186 80 -44 -126 -255 -106 502 183 -466 -308 389 398 -347 -290
-315 142 -137 377 -423 483 -115 -62 381 437 -449 -505 -154 443 -475 -296 196 -422 -126 -318 499 25 359 -487 -70 -447 84 -156 208 -203 -101 -322 -138 110 -194 -388 41 292 -428 458 179 54 187 -43 451 -383 185 -239 -85 486 328 197 -490 -393 -40 504 395 433 -97 -318 -42 -108 -510 384
90 -140 386 114 -360 -414 -423 -453 -250 152 -397 -13 447 -88 -30 64 -173 -133 -393 262 299 -79 -486 428 125 -511 466 -273 -260 326 364 205 -480 366 -200 7 285 -189 -175 511 150 415 -402 20 -358 -162 290 -453 5 278 93 381 -293 -155 -138 302 323 -169 361 328 -33 -221 -329 450
-154 -40 -50 200 46 248 123 187 -198 464 58 -412 -176 320 31 284 -225 12 3 133 -332 -243 -276 -96 355 280 394 290 314 148 40 58 147 -409 97 195 -226 -77 -157 -456 -217 36 52 483 204 -40 -296 -58 114 257 -231 95 214 -15 195 -337 252 -263 -281 174 406 289 316 -410
375 288 254 -97 -420 -445 120 -337 229 -179 -383 -143 -491 272 152 414 283 82 58 -8 489 -251 107 455 88 -28 -84 -256 24 237 92 -167 -344 446 -484 252 -196 -86 1 197 388 -453 359 8 85 437 -273 25 -342 -484 -448 -120 108 -280 -291 -213 266 5 -360 399 273 -284 159 71
-62 483 -510 -511 268 247 70 68 68 -377 384 -124 196 -227 133 -436 -322 504 -111 -126 -189 -32 52 -406 336 288 -144 508 -18 -174 -491 63 -331 -148 373 -103 -133 11 -485 -506 254 -139 -41 193 -355 410 -344 398 101 -215 -316 206 -172 168 100 117 -453 -488 16 58 -40 -318 -30 -375
-302 -216 -433 -240 -237 33 -509 -38 -200 -123 494 418 -212 191 -109 -54 -388 198 -406 433 500 -496 -498 413 294 -226 -340 368 144 417 -53 -59 -463 66 -499 458 165 252 339 -288 332 -243 308 -162 -303 -99 312 490 -355 0 -258 171 471 46 111 -398 -361 223 63 -374 -270 -492 -396 -13
260 -78 331 -401 -288 370 169 -297 -509 -233 -209 -323 -502 -195 313 342 -1 401 292 -133 431 434 -349 -275 -186 445 -380 92 -9 415 45 -245 332 -309 -377 -368 -22 -503 -300 171 -339 -297 95 -87 246 83 -113 414 -21 -381 420 343 -414 -355 333 176 192 236 -257 -204 -107 441 278 452
126 -231 -483 340 -445 -317 4 234 -255 -31 -50 -263 -407 78 -29 -466 215 239 409 -436 57 90 -30 -170 311 -464 188 284 101 -437 -165 59 384 -231 66 -458 387 204 428 -359 -495 -484 -355 254 -197 -448 -478 -38 -272 487 -498 -499 -400 502 -377 285 -143 175 -80 -507 -459 -289 -139 -463
-137 60 154 -6 -227 -164 220 359 -364 -498 281 289 244 112 55 45 91 -4 253 116 76 311 176 -184 -58 -507 457 52 439 328 113 -123 234 410 200 -40 316 -105 -298 447 74 -463 -404 -445 391 -204 296 -350 306 33 234 -470 239 -467 383 -430 -267 -150 246 -480 -496 -228 483 -25
188 -401 -472 -346 -337 -309 341 446 274 -403 -113 115 -301 -408 -501 103 216 -16 350 -57 -32 -45 -223 -334 -302 313 290 393 89 469 -256 422 -258 -126 302 107 -394 479 177 -173 -245 -195 -436 386 473 -421 364 403 -374 26 -243 289 -38 434 -182 424 -496 -369 -354 -461 433 -363 337 444
-54 395 221 -435 -162 327 365 23 363 157 394 -460 247 -102 -302 -116 492 181 72 -347 296 396 -238 62 166 33 -67 -418 -200 -176 -146 -496 -71 422 -132 -429 -332 -301 120 267 136 168 294 168 -346 -504 143 -300 -11 200 -234 318 397 470 471 -97 274 -16 -299 -314 67 353 -197 333
-284 -67 -309 -196 -136 283 -501 346 -130 248 -99 413 253 310 -346 12 46 -43 -328 50 284 234 23 -403 253 64 -274 -117 -113 -83 262 123 187 -441 82 -28 425 355 -355 41 -51 244 -422 335 265 -325 328 278 -132 -478 -448 -4 -30 183 447 25 -428 -9 423 -160 -393 208 -108 299
228 -469 -484 -260 418 -357 -396 448 -191 352 -133 431 -108 -227 -411 -366 -132 35 474 -269 160 -226 -455 -235 344 -487 -320 -187 -369 -42 227 494 -118 -344 384 469 -192 -152 -487 -16 -233 135 -23 332 80 -32 467 106 155 315 -239 267 -218 368 -266 126 -312 -216 209 239 -497 404 204 -302
44 370 42 6 -177 307 -251 245 175 -33 42 -360 -232 -174 -153 183 -69 475 -459 251 450 354 296 -381 178 21 -293 300 -484 478 -267 -257 -100 -487 262 423 61 -256 80 404 388 -511 443 302 265 -30 287 -376 95 -453 -440 -96 -25 -492 -472 -39 393 -108 -361 8 287 -101 346 303
