-1 199 140 -160 188 -405 -466 311 -305 -254 400 -192 -479 473 86 29 313 486 -494 189 355 476 -215 359 155 198 429 276 -389 -147 -268 129 392 -343 197 -344 -135 -21 -135 501 -51 358 397 -284 410 -358 -147 114 313 -378 -88 -317 468 502 -125 -255 -145 178 274 193 -262 309 155 -246
283 -29 428 -117 -131 177 -186 203 217 -303 447 -186 314 483 -321 -90 412 1 350 -396 -104 -299 208 -255 -353 172 358 503 292 86 428 345 -397 -384 115 -511 511 153 -224 -73 -167 -301 480 344 451 367 -2 270 263 258 460 -196 -131 -458 -492 238 -96 -323 486 135 277 130 483 -304
422 -267 496 300 -106 -323 -365 -443 274 -324 -398 463 -111 -54 -135 107 201 -391 412 -433 -319 -305 -347 -57 -152 -304 465 -406 350 189 190 -390 -202 24 -105 322 -228 -90 -365 -482 -484 182 431 47 -204 190 -129 -142 -58 -73 -180 8 -494 167 482 -368 -55 -442 -361 92 284 74 283 38
-30 -446 -146 -322 296 251 -10 184 -172 -83 -67 19 46 123 255 271 79 -134 -307 22 251 38 299 201 130 -455 110 120 490 60 190 -142 137 244 249 51 360 -510 -73 -106 356 -271 -87 -160 -327 -465 -301 209 -488 117 307 -236 198 348 171 -415 135 408 -216 508 318 291 -501 251
111 431 371 -182 -112 81 -89 356 -462 -371 -341 229 313 -394 416 247 106 -89 492 340 50 208 -444 503 54 268 -44 -318 -394 -370 110 367 361 302 -51 104 -505 170 -37 -279 439 -133 18 -252 497 -65 -57 466 -100 333 -288 497 -360 -178 374 71 -414 370 -331 230 439 -328 -251 -20
81 195 339 -182 -301 -123 162 -247 -116 268 116 -432 403 226 -359 41 435 64 6 347 317 -158 260 387 357 344 403 -418 -36 300 451 136 410 -203 -414 -28 160 94 -175 184 -117 -358 160 -399 467 -283 326 451 -50 -193 -447 78 323 -299 -393 194 180 180 311 -451 95 103 30 -280
393 454 6 -172 -367 -448 206 -194 -472 228 373 -322 359 -71 -187 312 -256 36 -293 -258 -78 6 -202 190 228 98 -394 147 -229 -413 -138 -40 -143 299 -358 19 365 -303 -23 -450 -158 499 -196 -300 232 -295 -181 -47 -82 -117 -115 440 -11 -216 240 371 -346 -490 170 -192 -419 -136 397 -329
-148 389 -470 227 402 -403 221 -512 505 -209 -77 -290 -16 308 -473 -70 -469 -175 -305 345 108 33 405 402 371 454 -232 333 337 305 285 144 -450 -168 215 -166 -421 54 92 -80 -263 326 -262 -28 30 434 -288 -499 99 157 190 -268 -484 -439 428 456 91 -474 -82 -55 43 -249 210 88
36 -391 -69 -239 -360 -184 271 -10 408 85 297 499 -66 -281 -88 -178 -27 303 133 457 271 487 75 -264 -245 -226 -430 175 -202 460 121 -333 237 124 241 458 -287 -502 394 72 -272 -424 354 106 100 -13 457 2 -297 187 366 -340 331 253 458 198 -428 -37 178 168 -183 69 251 141
-18 117 -17 -478 -214 297 -282 194 130 467 -402 -133 -42 -97 -67 -58 500 363 496 -300 509 -244 45 -429 476 487 247 -286 -396 133 -400 -273 186 6 503 -43 323 -21 -368 338 374 507 -58 -56 -139 -474 -234 -395 -400 256 426 347 342 160 -182 200 -481 376 25 31 440 -417 -11 170
-236 247 -37 158 -364 -112 -255 388 444 36 261 -124 3 -32 247 -65 509 12 -331 234 367 -10 -74 107 75 95 377 -302 313 395 127 279 157 -194 -419 -264 83 -348 -215 413 -220 -205 -164 -313 -124 504 433 511 -486 110 247 -195 347 -208 -249 352 -146 -181 455 502 431 327 -373 425
29 360 132 -6 -323 -178 379 -329 273 -435 -190 261 342 181 323 -192 -468 -397 73 505 230 -18 -404 -220 465 335 -178 -368 -466 -276 -407 249 -482 380 364 49 -234 175 107 -277 292 8 -506 -162 -301 83 348 90 15 -361 377 256 -284 -181 459 -111 -462 -96 -61 -115 132 -183 -221 -366
245 303 -439 -9 196 339 -468 68 -418 97 -459 159 277 -135 -149 -410 111 420 -36 466 443 92 285 -437 -227 -13 212 142 101 60 97 300 381 80 292 -365 324 -36 473 -154 -42 217 118 -360 360 502 -406 491 -338 -431 89 -250 -388 359 142 -462 510 159 -108 474 -15 -317 36 88
-1 159 -188 -167 -137 187 -139 -410 -499 396 103 -296 -287 -86 -88 -188 382 -71 252 -213 423 -219 43 441 -172 -98 -491 -236 245 -479 -317 -24 406 377 202 -19 -134 329 467 -53 -287 -458 -23 395 -129 -397 -171 -44 110 -301 -299 -231 232 -402 -170 -434 -173 -22 -361 406 -202 39 355 181
440 -424 319 58 -303 -86 -263 154 117 -74 -384 -76 -283 335 -373 316 -167 109 235 -200 219 261 -122 355 63 335 -250 307 208 -141 448 -19 284 224 91 -234 311 -355 -137 -252 30 100 -475 -143 509 124 96 9 -172 290 441 -67 -362 -244 282 -390 -70 349 -59 -234 255 448 182 -164
178 485 328 -239 -260 61 145 -56 -321 278 216 -380 219 44 348 223 285 320 -440 254 -265 -243 20 270 373 -121 -47 511 192 -220 -426 -115 1 109 -210 20 369 -80 -406 219 -187 81 -285 253 355 220 -148 -95 177 154 -82 95 205 357 165 385 -184 401 -111 -111 -141 -464 478 -8
-301 415 -92 192 -411 199 7 -380 -182 67 95 -45 46 -389 294 -293 285 378 274 493 -162 2 -142 -341 -442 -402 -372 -376 176 -88 40 -105 193 350 152 -260 -380 39 3 -33 -445 436 -478 354 460 -35 -218 -362 504 -34 -362 -193 -162 362 128 -279 239 10 200 -442 -74 492 55 485
-150 -24 -389 109 2 482 291 -51 -220 11 -447 333 -126 -159 414 -443 -353 446 324 442 -277 357 199 -363 -76 -407 226 -331 42 -369 416 58 -68 -70 -46 418 119 480 -139 -126 297 401 -218 22 -187 -331 404 433 -322 131 -484 -480 -1 -334 101 -8 207 507 148 49 -266 97 4 213
9 181 63 -115 -268 -424 61 260 -325 -114 -114 -156 -321 -460 419 235 409 -351 -322 435 -149 145 269 480 -248 493 -233 257 -131 437 -299 219 -255 -510 -246 -470 228 153 482 -482 181 -465 310 -316 -105 -339 -416 9 252 339 341 -418 -309 -45 414 -434 66 5 419 -374 449 -240 127 -301
474 89 443 -368 442 -327 489 179 181 311 -301 9 -400 80 475 67 -326 -222 -288 -477 479 -211 417 -343 -169 -65 -14 -225 -109 -225 -54 142 -497 142 413 405 73 -501 -289 -470 -351 -140 48 11 -457 209 200 408 -76 -8 -357 -70 -36 -398 281 -27 40 -468 -334 469 467 -351 278 313
-203 498 186 315 438 -3 227 -126 259 -401 -136 151 -170 256 -44 -359 -479 -227 -221 -278 -495 380 19 -7 -221 40 315 -189 368 -195 359 162 169 482 -430 92 -142 -127 -177 -492 -45 -220 411 -204 -407 409 -121 -4 -286 -436 -250 87 -311 361 -203 -366 141 507 -456 -273 313 -457 -375 292
271 498 219 65 -425 -184 -389 -47 9 405 -262 263 176 121 -377 252 -510 -45 -59 -127 -457 -45 -474 255 417 145 35 193 -353 306 511 -97 472 -25 -63 -48 203 345 -482 -74 -304 102 -38 327 474 -323 299 397 317 81 -253 123 -485 -331 100 99 357 -453 -90 424 -115 36 498 140
-1 -246 -471 249 319 -459 -230 493 468 470 -217 -45 155 277 300 -382 243 -218 203 363 -388 26 -213 458 44 480 -236 361 32 -314 -267 43 -336 303 -293 402 266 476 -121 313 -268 -444 -338 -96 170 -17 -219 398 309 -271 -429 291 313 84 -161 -195 388 -128 -472 -406 -88 -13 247 -170
-54 -372 -221 226 127 43 447 -144 120 -511 61 -121 -124 182 -245 -346 100 -506 -143 -294 -475 496 -281 200 -370 -465 -36 244 -176 511 370 68 -329 -318 110 -329 60 -430 354 490 -78 -210 38 295 238 255 87 466 428 235 56 171 -131 407 164 495 -495 -193 -497 -188 143 -249 140 432
380 45 437 142 117 -479 -309 -174 475 -277 248 -247 -392 -118 255 512 206 -359 2 411 -134 254 -478 31 -333 -181 66 423 188 273 240 -179 -156 -494 214 168 417 401 27 364 -305 437 194 -37 -503 176 -173 -476 106 -10 127 394 -50 430 106 38 -444 -451 100 -498 111 43 -181 175
397 -52 -100 249 -386 -405 -176 5 -387 375 94 167 -178 -422 374 -274 -467 411 164 264 -406 -314 -191 139 498 -459 10 52 -487 207 122 -45 250 91 -143 368 -67 364 -79 -249 -12 306 163 -35 -407 -406 61 -6 -475 397 157 -105 -355 -305 -468 479 316 495 202 -186 -331 459 -341 216
46 -462 -354 -110 425 284 383 347 374 228 194 -34 406 -451 -373 83 3 309 234 -4 459 -388 483 280 74 -330 222 -333 -94 269 -65 -122 312 254 291 118 24 105 -421 235 489 372 -305 -397 214 -172 -32 432 -183 97 444 217 -77 -497 402 -459 -58 -433 -239 105 -131 112 -133 230
407 -236 164 -38 500 -422 -390 -121 -154 417 -158 -33 -262 -248 144 -465 -243 -264 -241 321 209 -243 -63 416 114 -66 197 -240 -84 -74 -242 -326 401 -503 8 -365 287 343 -78 375 18 -446 -123 250 492 -328 296 508 309 -272 475 60 -479 226 -506 -508 94 -171 433 -481 157 116 -357 -83
-138 -221 -498 -117 -100 -95 204 363 356 69 -234 -470 -382 389 -479 407 95 155 -156 190 -81 178 419 -284 -286 -249 244 77 258 445 -348 -170 209 275 61 -456 -26 441 -463 297 349 394 -452 117 249 63 -248 207 -462 -19 174 -336 303 -358 159 441 448 328 -247 227 134 -392 -294 40
-364 -272 409 -29 104 16 -441 146 491 407 -434 501 -510 175 -328 403 226 -441 133 294 -472 -308 -344 -133 302 362 -304 178 -477 -347 -100 140 15 -57 23 227 66 40 111 12 -376 -67 -233 -309 -108 -504 -352 482 126 -71 338 453 201 306 254 372 501 343 -467 -266 411 -219 471 -425
399 7 221 -461 489 -176 -132 -461 84 -87 -295 -362 -246 -35 98 -94 -59 -373 -296 257 -234 46 -290 419 -22 -389 -499 -468 -503 436 483 -395 186 324 45 79 -26 -497 320 230 -61 178 109 224 409 -385 -271 223 -278 46 476 191 -504 373 -339 -436 274 232 445 309 -283 -81 -110 145
51 -7 -123 434 -159 -321 -82 82 -11 -448 143 6 -59 218 -267 281 -34 -231 299 64 -70 -18 133 181 -44 323 76 26 -233 -227 -31 -292 -393 -148 359 -458 -50 398 -274 361 202 -53 470 499 468 -160 -250 -237 -55 -55 67 375 2 -443 74 1 145 157 329 378 478 349 -218 -63
24 -165 -445 351 438 -90 373 -63 -120 291 429 -476 391 475 437 303 -235 493 509 -352 343 9 453 239 24 -49 37 386 -440 391 -343 -181 420 48 -292 -192 -175 278 -365 -15 338 175 8 156 133 10 313 264 -173 433 433 76 493 -95 -291 375 -17 -444 -164 -432 511 262 238 -169
-96 -400 -55 400 156 215 -315 70 0 -303 72 -437 196 278 -186 -461 224 -290 413 -448 -225 -252 -500 -142 -490 -487 435 -225 56 -261 -439 -286 408 218 -161 -500 -424 -458 358 -170 437 -293 390 31 -188 437 -257 113 81 -296 489 374 319 -452 468 149 -218 227 -374 -246 8 222 -255 462
199 279 -95 -325 168 446 238 -292 382 -365 -306 335 -185 276 -264 -292 493 -500 -173 444 232 -359 195 151 314 -59 -366 418 -33 -436 -303 -16 400 -405 304 234 -307 -362 -194 -167 -493 106 -266 268 -213 -24 -121 310 -442 -234 -412 -240 -466 468 -339 -63 -112 118 454 -278 -219 -292 -143 482
384 -5 -32 252 -500 -420 -189 -239 -137 -509 -107 227 9 10 424 416 413 75 -65 429 -74 -349 -445 -395 488 179 -289 489 273 203 493 -408 360 368 -290 -158 377 324 461 -478 -424 -351 119 173 -331 142 -129 -351 -291 167 463 55 -414 51 -222 288 466 59 486 221 -67 389 425 -238
351 21 -72 -81 129 -261 -389 -82 -62 60 215 399 341 235 291 505 -187 136 284 444 240 340 323 -480 69 -506 -92 458 226 10 120 -494 -151 -301 -143 67 -197 218 141 91 -444 435 201 510 245 -451 -466 -206 367 451 -154 -103 -179 293 -344 477 480 168 270 -15 -169 -311 -173 -279
-150 -335 -174 169 252 145 181 -291 437 231 45 368 382 285 -22 6 -453 184 -436 52 -509 -303 -324 -67 135 398 216 386 -458 407 158 184 -123 326 330 -353 -468 486 -72 -30 -6 -75 143 97 -486 -5 -17 27 146 142 -427 181 390 -19 -273 310 251 -24 11 1 -260 141 -326 -301
-73 61 -421 187 493 -339 231 65 -169 336 -31 -417 410 -106 -203 485 245 291 -350 410 -315 -353 -31 -230 268 168 -418 481 -334 374 -300 -133 405 -174 339 290 -58 46 -236 316 -411 -81 -259 360 -275 154 181 283 -51 -74 193 -283 28 453 -253 -135 277 -170 279 242 -282 -129 -288 510
-35 268 159 190 251 166 -381 -393 -128 -233 418 469 -181 -486 85 -210 281 342 -130 351 469 23 377 201 356 -193 -436 282 129 -429 371 110 24 432 -251 35 312 -448 -16 -178 -258 157 274 414 -27 -371 86 302 457 -414 -506 90 289 -221 430 354 -1 -411 468 109 -371 -293 -434 172
-475 -387 -410 172 -63 134 -336 362 -260 -454 -209 -144 -118 76 212 406 184 -199 -178 -250 134 -337 445 298 -433 192 262 -355 -298 125 18 128 474 -19 -68 -195 305 -415 -372 92 -22 132 307 -437 -342 -265 469 465 132 -215 151 443 -275 461 277 181 4 -126 386 -332 -45 -174 259 -229
-182 -135 59 -81 -509 -261 -430 473 -238 -429 -270 -300 -78 235 -266 115 -376 -328 -283 167 35 100 -486 -464 -156 217 -461 -53 428 -183 248 -362 -239 -191 404 -195 -82 159 -234 287 204 130 134 412 111 -100 391 161 -173 464 502 444 -418 -322 480 -359 -106 -180 -212 357 190 -319 487 -481
-267 451 -170 341 297 -369 288 -68 62 -134 -380 -149 383 493 177 140 444 -470 256 260 -167 -225 323 -11 -74 -60 153 -123 463 -376 -451 -320 -92 -280 239 -50 315 -417 -156 74 -65 -270 267 402 -26 66 -336 -365 -235 -109 479 226 115 51 149 -457 -10 236 -203 512 -41 -268 -455 276
424 -55 -82 -246 258 -249 386 -139 127 218 106 -483 -85 138 300 -224 214 37 324 26 -115 -326 -500 -348 -121 474 334 363 -30 301 54 25 234 -414 -237 -496 139 392 -403 -444 479 44 34 451 -243 -119 -498 -209 504 -40 226 -174 301 337 -451 465 512 186 -147 -382 -454 149 -404 -397
392 -440 -122 407 -291 -166 -404 -147 -156 405 483 318 -96 477 261 -317 -471 250 241 -330 -107 -341 -273 318 -154 147 -146 55 -287 -231 -208 -497 -267 16 196 272 -424 299 -111 -213 -474 169 -140 387 -125 -166 -83 167 294 -418 266 -413 -4 -192 392 71 418 -303 335 419 316 241 162 -465
-464 337 -281 238 261 475 -399 -486 484 444 -396 -335 306 -29 -329 -448 158 -344 -63 394 113 155 34 -83 476 453 497 44 -463 -214 117 -214 262 267 329 -426 219 243 -487 19 464 510 385 484 -287 187 -231 -317 -17 153 -95 120 -353 331 278 -312 283 263 -236 8 -284 238 -234 -381
-61 1 124 231 -360 100 102 155 -505 212 -97 -243 -112 -71 -444 79 103 240 475 310 333 491 -309 398 -302 234 190 186 219 203 446 -412 70 362 -263 -495 75 288 430 -101 309 -23 85 -214 -24 70 -37 -192 472 -348 -80 -486 296 188 -329 408 215 -493 -45 -217 -339 218 -102 120
-139 -414 -202 -417 297 304 -405 7 424 -364 -453 -331 -29 -161 -57 503 158 -415 -330 -338 -372 -290 391 204 412 496 -497 486 -257 171 -85 191 -311 -220 -511 353 78 463 341 -447 -343 -153 18 -217 503 -302 -382 70 132 258 -118 -231 388 -125 78 -330 -98 -111 471 -459 63 148 -165 -70
-72 69 370 440 122 -418 -123 -434 -257 160 -412 101 245 -319 -197 410 -24 -392 482 -13 433 50 480 445 229 -107 30 449 98 477 -28 320 -256 -52 -118 -7 -137 307 287 -87 -186 -496 -398 89 -356 -443 449 201 318 -243 463 68 -478 344 -313 -320 -44 -39 189 137 73 -5 -500 -217
77 -58 -353 227 417 -257 -422 356 223 49 250 39 453 -22 452 486 135 85 399 -258 74 448 213 402 -150 304 -12 372 89 -457 -141 507 499 -333 328 161 113 247 293 -232 -485 -318 227 190 265 426 -333 -330 214 487 -482 -85 413 -463 432 152 -49 -291 -290 -146 -219 259 -94 -483
489 127 -427 -390 -414 -426 -136 374 -508 -19 -500 86 486 -246 215 374 -195 -181 201 -363 37 198 -274 348 -109 16 383 -179 252 379 -273 -399 414 448 98 406 -1 -317 -328 104 399 -294 -81 -91 -25 145 -37 53 398 -312 483 139 -32 -110 247 407 161 438 79 454 -109 229 125 303
47 14 347 -122 483 -386 -380 494 -252 178 -230 -56 378 -69 -372 123 37 -35 -426 378 44 -124 366 369 18 -82 -225 -273 118 226 -400 313 -237 195 -18 344 -198 -236 -286 -139 448 -113 -120 -124 -413 440 183 -72 -394 126 209 -407 104 -352 -316 480 -379 422 -440 -126 332 -113 440 -257
-446 -263 226 -195 -225 294 -172 -79 -214 -167 -63 119 12 223 399 83 -259 232 -288 -36 -98 407 -224 126 -209 423 -270 209 -435 153 395 402 396 -192 461 -431 409 -119 410 458 297 -220 -453 -198 485 -180 164 496 -117 -272 -370 -334 -64 -396 -470 229 -76 -439 486 -75 -458 101 486 273
-290 154 -31 -221 -228 -386 144 171 204 -230 -268 25 255 -101 -477 114 296 -248 -454 255 -409 -435 -488 -403 238 -435 -34 -324 -328 66 330 -274 -501 -398 354 -367 165 -40 -236 178 -442 20 370 344 -322 245 -306 409 10 -298 -290 -113 -12 65 -492 92 138 -289 242 172 -435 213 398 434
-397 172 200 -374 307 330 254 313 251 350 325 -212 -111 94 266 303 -216 -105 -416 -208 -152 -2 131 -351 -142 -171 -458 73 -460 212 -31 -484 70 109 -343 457 247 -333 15 -225 -328 208 -256 -172 199 76 129 214 -261 225 479 -265 -360 1 68 105 160 230 -95 -341 -340 -105 455 226
59 -213 107 -108 291 -459 126 -265 353 187 -479 470 -103 -466 -437 -317 261 3 301 174 492 -126 -326 -486 -462 257 -117 -341 374 -386 199 -351 -138 402 -203 149 -124 -168 253 489 413 -68 371 -373 225 -426 70 25 -249 -351 -475 249 173 92 140 -281 -353 -317 431 -216 -22 -42 -495 -489
315 427 389 -71 -188 284 9 -239 256 304 -221 192 411 -340 -220 253 437 333 -369 -266 -283 75 57 -174 296 452 203 -451 -164 -327 -227 37 -370 -321 -11 276 157 133 -307 -148 357 26 -507 -381 488 -185 121 -390 359 -65 -82 -320 215 369 -302 361 438 340 49 94 465 -49 -399 -512
16 81 -413 371 -311 -394 -424 70 -310 360 29 -235 -383 370 -418 -110 -132 -465 -416 -39 -279 308 406 -14 -477 19 334 -108 141 -89 107 -279 -268 30 3 252 399 -2 -443 -343 -432 -479 -247 -495 -482 -245 -493 -288 -69 -235 127 -473 330 445 -158 359 -352 -398 484 -6 -280 415 342 -158
-72 -193 406 376 232 -130 219 121 347 412 -355 -301 -259 -74 -335 -276 482 81 376 -141 201 362 -71 443 -234 312 83 95 -227 114 466 35 162 394 -17 -423 -127 -380 -383 -486 -318 -21 351 -198 481 -468 53 363 341 386 198 -108 -414 -137 372 -17 -200 17 162 -113 171 -48 225 40
-243 502 84 -437 179 298 261 -55 -185 -379 -477 -75 -44 -227 324 -180 -400 -1 -471 -345 -474 263 -342 -354 239 -46 66 329 412 -70 347 -226 -160 -506 -474 35 291 -309 -503 -404 279 -310 -34 340 -236 217 273 282 -241 -270 203 -481 243 -453 391 -429 -305 -476 196 -432 -99 295 433 -65
-146 -482 -495 354 -22 471 229 395 -289 21 -435 -324 -475 -410 -22 -187 -169 -464 -11 159 159 -156 55 366 -360 -504 -459 401 124 -51 -506 -70 192 400 456 -197 262 -220 110 466 -13 250 280 -311 -471 56 -415 -396 -114 -72 202 -101 454 383 156 358 -432 22 78 134 413 210 -179 401
353 -326 100 -444 -497 374 -135 76 391 -132 428 -498 462 218 -451 -291 -184 -69 3 411 446 -198 -345 317 -63 -208 23 -31 496 318 -441 -256 -4 -23 -189 388 136 297 -418 412 130 -355 -153 410 -430 -185 -296 -93 461 -53 -279 -212 353 -310 -163 198 407 446 196 376 -27 141 87 269
448 484 352 -225 45 -229 27 -392 162 177 186 267 288 341 450 -126 -237 -137 -207 -27 -64 201 312 -23 -397 494 -306 78 490 -449 91 -424 -132 389 263 -6 -443 -30 354 -390 -507 135 99 -184 278 2 80 81 -304 -250 297 -57 250 -314 411 -312 -423 218 -491 -81 3 404 107 498
-488 468 350 477 -409 -450 224 -303 263 -431 -379 -63 347 210 -155 -194 381 -278 -490 275 -427 -396 33 30 17 -75 -8 -383 -13 -230 -1 -44 -378 -206 243 382 181 232 -319 153 111 -448 -68 -353 -351 14 -10 -333 125 -469 110 -127 -466 18 -178 -289 493 256 245 -246 44 -239 360 -270
