-329 342 -438 442 436 372 -182 224 -32 183 383 61 391 203 -423 462 154 -80 23 -44 -214 126 148 -348 115 -491 -127 47 -249 417 -386 -339 -303 139 156 -36 -22 321 310 -299 -73 -11 -77 -466 157 -398 267 -268 -136 -150 145 -295 -380 382 296 322 -299 -18 -435 -364 -294 200 -197 415
1 -446 23 76 73 -123 -245 -221 -150 -81 64 -445 425 380 -506 -390 212 269 -127 -118 -499 441 88 482 -492 447 -140 181 -342 -300 -13 -495 313 120 361 494 493 49 -460 -253 497 -401 -43 -234 169 -311 -368 460 -92 321 -245 479 213 -88 87 -243 95 -107 -177 313 -355 179 -204 -18
-54 64 314 264 17 304 136 261 193 408 -183 30 -500 291 -260 -115 485 -384 502 218 504 -26 -86 -417 309 -57 235 -99 310 -365 41 -159 358 -210 -454 -238 -154 413 -386 -127 166 -477 -390 11 -42 -188 -163 55 359 -210 -129 438 -371 -379 -267 -192 -122 -263 -114 -313 330 302 -202 235
509 -24 34 223 -223 302 510 127 -236 -334 171 -270 22 512 46 475 167 218 65 -459 -466 -356 135 237 -369 -220 395 426 -164 -440 190 460 -116 36 -112 489 -121 -406 -5 128 -390 -443 225 -214 291 -299 -297 380 -36 -382 37 34 354 -147 -326 31 -158 459 460 -164 24 -189 349 440
259 -433 -27 -491 89 211 -411 457 353 240 236 -177 -439 12 285 -439 -510 -61 -331 -228 408 323 -104 272 126 0 400 176 301 151 -355 120 -368 -419 -34 475 327 182 452 -5 -317 269 429 -155 -506 -83 -405 46 421 -304 165 -389 -303 53 386 -429 -64 107 -314 70 -94 -439 60 474
-288 151 -273 42 185 -278 -148 154 -171 212 -212 104 227 177 392 275 -47 83 365 -491 438 -338 -468 175 260 -440 -101 -371 -238 190 -198 -321 366 131 -311 170 225 111 -48 -1 66 471 488 115 -84 194 -273 -317 306 456 58 -170 -44 -326 131 78 87 -189 -172 -248 -400 -249 279 -478
400 413 -221 -488 89 -279 -117 -1 -177 313 -230 110 -52 -364 -31 240 315 -470 465 169 128 -255 182 -484 -463 -5 24 -386 0 -113 -150 -308 125 -240 -66 19 496 -510 -320 320 491 354 481 117 266 223 -45 -309 138 424 439 300 -32 -312 13 460 -234 221 509 -67 -179 449 100 -22
-191 -436 159 408 462 438 311 -228 -353 -248 -363 -370 496 40 -157 280 -340 372 -319 -345 163 38 -362 365 -419 -398 332 -326 -398 -93 511 190 169 -77 247 -69 265 -454 356 -278 341 -94 497 -500 223 192 279 -192 108 392 -31 389 -401 -328 156 164 -78 393 159 465 429 478 88 49
-495 89 -35 182 -460 -438 -328 491 315 277 -316 0 -201 -287 384 -265 -96 -27 -449 -71 48 47 262 210 -253 -254 -484 -364 -19 211 -504 319 -506 -210 43 -459 -440 392 428 156 -297 381 470 240 83 -121 -411 215 -414 -37 336 65 -2 34 9 184 -462 356 -173 372 111 97 -391 485
457 -127 223 -425 -446 -26 -299 1 33 -294 -451 -134 -334 147 409 -93 74 -403 -231 -400 459 -305 -326 374 -131 -508 -272 390 -242 389 -194 229 352 -127 41 124 -408 -63 426 479 90 -182 -100 388 53 -468 256 287 -442 403 -317 -391 359 259 -276 382 215 116 -512 -291 327 248 77 -309
163 -174 -70 -400 86 41 -288 30 69 -5 -503 491 -232 239 -290 -7 -382 214 -323 -190 191 -217 -497 351 -477 256 283 428 101 64 -198 488 345 73 161 302 180 -105 15 -216 55 194 466 221 -157 458 -137 -502 489 399 -97 -147 -215 409 -500 -103 200 -299 -424 -55 -181 -194 -346 -57
80 -70 399 209 -136 -205 -255 173 118 -18 -388 214 457 -501 -449 181 364 -26 -462 -404 103 -454 -181 43 301 286 471 248 -349 -86 100 -442 291 389 245 -253 43 -500 -257 -41 149 -339 -371 -418 -354 -248 -230 372 149 -215 183 -432 -148 -447 183 129 -145 106 -203 -41 188 -26 449 99
-187 156 -479 503 -172 -280 156 -129 245 -152 86 -282 346 -27 225 241 80 497 -260 82 387 -410 -292 -378 -328 -2 377 430 148 -186 446 -108 133 253 259 -460 405 -329 -202 -26 370 -303 -120 -327 -232 129 -287 29 -283 289 -46 172 449 146 -315 -317 -197 -508 -167 -241 -453 329 58 389
-152 273 274 176 -432 -356 -352 -104 -92 -209 322 -30 -285 -430 -509 -272 -509 345 -253 200 -353 94 -499 -34 -34 -457 -301 454 -135 226 -243 483 -53 -168 384 -227 -307 28 17 -298 99 -30 217 -92 469 162 478 -37 19 -511 460 334 -271 292 337 -258 344 -189 -283 231 283 216 -204 280
-89 -120 314 -300 -212 245 -474 -388 10 -427 -260 22 -337 50 332 27 -253 436 183 -1 391 -248 131 167 171 -118 148 482 -153 -79 160 0 -79 368 337 -21 410 24 154 -146 -486 -85 -395 264 491 -451 -24 -156 -67 148 330 462 443 -71 -308 -146 -111 -333 -35 488 -310 450 503 -402
53 396 -411 456 52 -226 -26 218 14 -187 463 -172 -283 -249 269 -292 -210 357 460 169 -290 275 -91 308 99 -289 279 414 -229 497 342 -468 216 -86 -223 -109 -73 511 110 64 276 201 -403 350 -131 335 -336 -258 -94 -235 354 -278 75 -92 43 77 -313 -288 437 -282 144 -254 -218 14
-18 -98 490 28 48 -288 -93 -78 -363 -497 -145 343 -100 432 -161 -142 56 -64 170 163 116 -29 344 -184 243 253 313 423 372 -462 -90 -440 -30 -193 -440 -50 -214 421 -376 -200 -293 363 448 44 107 378 -319 -154 -301 -404 -426 8 31 449 -350 -234 -35 -331 156 374 136 446 -196 -197
264 383 320 -88 181 -139 -132 128 -355 -223 -191 124 -29 414 31 -27 147 -448 -272 -234 -289 444 25 -433 -447 62 291 -432 -48 -358 -249 -484 -468 67 29 51 135 -41 168 -260 -406 381 -111 141 -292 -152 -459 47 73 -326 -453 -201 -434 -105 491 -54 4 464 -13 505 -50 -116 118 35
-45 64 167 264 -74 -410 -422 -71 494 15 -287 30 -21 -460 -446 412 486 333 296 -18 63 -500 -393 266 -107 338 -290 -157 483 -91 227 139 -453 -457 -504 -190 213 218 -112 130 -390 194 -334 161 -423 137 -471 -35 147 461 -424 -215 -387 334 -453 -237 -170 149 339 110 -360 238 -407 202
174 -506 -19 173 -347 218 -329 -357 328 24 -65 -440 -326 -255 -92 -431 118 330 -286 -177 -271 133 460 334 269 405 -47 -126 -452 352 397 -331 -339 -273 -368 -324 450 467 188 -496 -33 383 -104 437 -459 -53 10 137 -481 373 -395 439 -333 114 -117 283 192 -196 32 -316 -422 291 -83 -39
-323 -134 -98 -158 -324 26 351 -146 -348 -422 -254 -437 -412 -337 48 -430 -348 -185 78 266 231 71 -180 402 435 367 -219 16 -231 -341 -225 95 -242 -86 77 -132 -94 -345 5 158 287 -77 -481 -365 510 -393 343 -153 339 502 481 172 92 -289 36 -235 133 142 -70 -116 -190 283 -85 -2
-90 416 109 165 477 17 354 -34 -334 65 63 458 -479 -180 -210 218 86 -140 -279 156 91 -415 12 403 361 -233 214 -85 121 306 496 367 -260 -72 -252 277 -83 32 -42 -243 -281 -122 -408 103 -504 -138 22 139 -79 -235 375 367 -287 232 21 138 253 -109 76 310 192 -158 -109 -135
-416 -20 159 223 129 -480 -3 -198 -307 171 -383 280 -504 -412 287 245 -31 205 -424 -322 261 60 -364 -438 161 34 -399 -376 -271 -146 -392 -374 -255 -199 -267 -222 284 -20 490 -424 -189 -124 496 283 456 494 136 438 -273 328 -171 204 427 126 473 -24 197 273 493 345 457 -55 -148 -192
381 300 -143 -406 -315 499 64 -326 232 412 -219 260 139 53 42 111 -302 378 147 -33 35 -303 -146 -20 -10 489 -437 96 -330 -427 -234 426 -12 -440 -205 43 491 -70 -52 -461 121 271 -466 -458 384 263 263 -260 -3 258 -127 320 -468 344 -128 290 -355 337 423 -208 29 236 34 113
165 -456 155 -293 -24 339 -363 -422 -444 -273 -405 210 -463 463 -166 -33 138 142 -153 410 4 -417 -116 -61 -307 406 -48 -399 -320 357 152 392 449 -367 290 89 52 374 465 -198 -457 -436 -119 -257 54 -310 215 17 -207 -421 -412 282 502 232 454 10 163 -477 447 328 281 90 429 154
444 -258 -280 64 372 -214 -348 277 -444 -35 496 -361 -490 174 239 -417 68 351 -163 366 454 -206 -312 -164 26 377 484 -301 -432 -56 150 -256 82 426 343 485 303 -156 -281 -94 -490 188 -487 318 410 141 211 389 -175 264 -437 -43 -75 502 42 -17 493 -409 441 -404 -262 161 505 -332
258 266 382 -18 111 364 129 -401 155 -138 -194 -18 -33 -509 -52 -80 -318 35 -224 -210 -477 -511 -131 -94 80 250 -227 -434 -364 399 99 282 -58 116 63 99 72 -193 490 -213 288 -1 85 -60 104 85 -221 459 462 -196 485 106 341 1 243 185 95 -320 204 98 365 -14 81 72
-95 -411 -471 95 -185 -254 484 258 220 120 -229 466 32 -344 -348 -56 -414 -339 180 229 92 -371 -384 308 209 110 470 143 504 66 -280 -334 -438 -440 -196 -49 505 -95 23 183 -243 -154 328 -487 272 -229 -212 -24 -426 -104 144 -399 -327 42 -394 437 136 -474 -249 225 490 -93 -106 110
226 -453 355 319 -504 6 -405 -418 440 56 -290 -497 17 344 421 -279 -3 -334 -422 -154 60 -400 212 231 126 342 -167 466 257 266 221 353 -281 -179 -76 346 -208 -131 67 380 231 -414 -477 -257 -459 -403 205 -54 103 180 -459 -396 -33 -451 -380 -25 -241 443 -356 235 443 -241 -169 418
-53 157 134 106 -351 352 400 459 -380 -158 -218 -384 -316 -40 -165 115 327 375 162 -412 376 194 -52 -492 13 -438 387 128 -89 150 139 287 -201 -197 322 508 -12 -75 -471 -470 -198 -4 -76 358 187 371 414 127 464 151 -383 355 -187 -239 -207 -267 -217 277 -455 332 507 384 -132 -404
461 -399 -47 78 -478 20 49 -299 -64 -360 -450 -215 -454 48 -52 105 -280 60 268 355 -469 -186 -159 220 342 491 427 -198 141 -238 -465 427 -464 217 498 -295 475 -262 -7 103 -126 -244 260 48 -116 -409 46 50 -77 148 423 -427 -221 362 51 379 -348 -497 23 -495 -472 -357 -486 56
-442 13 -385 -228 440 -121 498 427 50 110 -348 115 484 -70 -279 -171 496 473 139 433 -408 463 85 -271 467 8 295 -473 -59 35 -337 -506 -238 -262 305 -463 -292 311 352 117 487 349 176 142 -411 -57 242 -152 -89 353 -421 -352 300 116 181 123 332 266 11 -393 326 179 -197 435
285 -505 -48 -66 -383 12 52 -314 -73 -315 -175 -142 -424 -317 -119 -353 -158 290 234 -299 483 460 151 -350 267 -99 -69 -390 238 301 304 481 -187 366 -174 -95 220 427 104 389 -476 -163 -427 -332 -414 -499 403 164 -466 361 361 -187 199 -82 -384 296 238 -212 216 113 121 449 -405 -446
-295 314 68 -190 -318 -160 -122 -1 -428 497 -136 -28 -295 -452 -121 244 455 97 -401 509 75 7 -170 -370 -305 192 473 -146 -319 19 263 -448 398 409 235 382 -110 -266 469 432 473 -192 233 159 414 492 -358 -382 348 219 106 376 -124 -363 146 407 462 502 -140 287 -139 -322 366 93
-228 -203 208 430 61 295 -94 -488 6 -388 -489 -246 43 -138 268 -293 278 -358 407 202 -255 155 490 309 -131 472 -241 -308 373 -241 221 508 -170 327 -311 -500 -292 -250 -81 -190 -380 33 -319 340 -353 88 296 -190 -219 111 -227 -251 278 -39 -114 367 458 -477 376 218 -19 -201 -53 -141
302 389 508 -489 -28 -98 -405 -386 -276 -97 -161 464 -425 -266 243 333 342 -451 -85 -29 55 -11 -17 -338 -304 141 120 459 372 463 -379 -319 -383 -408 28 87 -126 -225 -172 263 12 298 230 286 -18 -379 156 18 -227 -315 -213 329 -449 52 -304 436 491 -167 -86 336 333 465 -411 -504
-490 -273 -111 -445 -254 318 504 -41 474 42 -491 174 69 -72 188 241 469 -335 130 -479 -130 160 -98 -40 -153 -507 -302 385 -436 188 -2 -390 -270 253 104 87 -219 260 32 -282 227 -350 -347 -333 -298 -202 -229 -417 -272 412 38 497 -292 -285 -158 82 -393 388 317 123 -120 -302 -124 -49
187 -430 473 153 321 502 -7 -315 47 -143 103 -181 -441 -399 -381 492 433 -482 45 81 -469 300 -195 -231 450 -440 389 96 -308 -192 375 -214 -68 -169 311 -425 326 334 254 267 441 307 -496 -134 187 275 -298 290 143 -11 -13 256 -13 -139 443 -273 387 9 -152 -366 493 218 204 -221
137 -208 205 -303 429 -221 447 -94 -261 119 189 -450 479 76 -410 -252 -272 301 7 -399 -396 -305 197 422 93 57 -440 417 -215 -79 -420 -412 20 294 -95 -481 277 286 6 52 -246 -9 -167 -397 427 -43 44 -188 64 -447 -10 222 71 59 42 -401 -188 102 -499 -27 -274 372 197 105
443 -427 -335 88 -159 -3 -25 448 -68 118 254 431 -138 201 281 120 12 413 -451 403 -189 22 4 365 -284 296 -29 158 -292 -257 166 -453 -106 230 -353 439 386 144 -358 -324 171 317 -391 511 17 -161 415 -203 146 -344 151 492 -307 386 -349 267 -295 -509 -275 382 508 -186 -451 255
-233 145 -335 219 -229 -389 196 497 181 143 -51 138 -14 467 -314 -205 260 -416 -25 -239 -42 -269 -204 507 -439 -227 350 -121 400 -28 -38 -93 -450 270 5 -308 379 -269 362 501 -420 -10 -270 -464 435 489 64 309 -174 451 -129 -257 200 -350 346 -210 8 -308 -153 -202 -359 373 215 177
-443 80 396 -447 228 -463 141 -344 354 335 -326 -489 -288 83 452 -42 179 165 251 -322 358 -100 388 -284 149 -185 220 196 -416 281 94 -69 -367 -62 -442 313 15 489 -31 -302 -495 16 396 -155 -198 -86 -175 -333 -124 -394 353 -8 250 347 237 -98 178 -302 -424 100 241 -465 -263 29
268 -266 -58 386 472 -320 271 -249 -52 -353 130 -412 -475 -352 398 261 -317 -153 -334 10 -47 -506 -266 136 -126 430 -69 325 87 100 428 497 195 -3 229 -13 5 203 -227 386 426 309 392 -187 -91 -26 -184 -66 -475 253 -274 486 255 198 276 -91 -16 -161 -195 5 485 -144 -250 414
506 -138 -29 338 -375 298 -23 -259 -317 276 355 148 -490 185 509 410 -462 -157 -288 -172 -216 -353 48 437 252 234 -371 13 -80 -143 -43 206 117 -10 -505 384 -122 377 -407 72 360 508 -252 57 441 -163 346 76 217 -360 -489 161 -188 -267 -500 -400 -7 69 168 169 226 -416 132 -388
-75 -196 380 -78 186 457 70 274 -26 52 188 60 490 -324 182 10 257 503 -170 -268 -242 409 504 -136 -91 458 -163 179 -222 -187 295 64 -25 209 151 -59 321 -49 507 -438 -333 -322 -322 478 499 226 -300 164 251 44 -347 493 -60 100 389 -429 -82 -298 259 125 441 63 61 -280
248 95 -474 54 -192 -187 -249 -411 -105 271 -403 331 0 -173 -145 480 5 -58 440 189 -231 28 457 173 -147 43 -172 -103 24 10 -296 505 366 104 -364 409 80 498 -100 -299 -381 127 -447 -444 -452 455 248 96 131 -115 -124 42 156 -439 178 -344 154 436 274 286 268 -371 -6 286
-295 173 -50 114 -219 394 172 15 18 -159 -32 -333 -484 6 -306 474 229 43 -6 324 -45 482 417 -239 -500 -442 290 483 -351 -356 124 276 -457 92 464 164 -50 -285 -8 -436 -302 137 267 -335 357 -417 32 506 -75 -214 -233 330 -453 277 -325 146 -91 -194 -189 495 193 -185 267 212
429 -142 -67 -421 508 -114 -478 -114 277 29 -414 93 16 -420 299 -344 -401 -194 509 27 -468 3 16 401 232 -29 233 330 -339 154 -383 280 131 360 38 394 219 341 369 132 -174 71 -216 -504 424 -58 433 141 -236 445 298 239 361 -323 341 -243 -184 -63 -219 -191 286 -170 107 -132
249 155 -161 276 294 -39 -440 194 202 398 -494 304 443 229 -319 362 -107 361 -105 175 74 11 308 -182 -262 -359 -372 309 -80 -97 180 -278 389 211 -436 -110 -63 -218 -81 341 294 34 293 -65 -82 -470 -458 -280 416 233 -52 -84 -374 -360 -208 203 360 159 68 -141 286 96 -296 -317
70 58 -264 -242 252 98 -346 -73 60 321 308 286 -42 -424 -352 -396 367 235 -143 40 14 102 -156 203 -470 18 -321 336 330 91 -317 -381 -198 290 -417 225 138 440 165 -142 -425 -195 -350 -57 11 -409 -499 67 -286 406 497 -149 330 -482 502 421 -77 3 262 -46 184 385 102 -350
124 -217 14 323 454 98 -335 -49 -117 173 445 441 182 410 300 -26 510 334 -127 -291 -86 245 391 372 299 450 411 -222 -51 25 384 -146 -232 59 287 293 511 173 221 23 -93 450 -108 160 -185 350 259 302 -376 358 -28 -247 295 117 341 -98 54 425 -71 228 -259 -76 366 502
-142 234 -232 -62 -357 -481 -267 -431 -30 -189 368 -148 -118 -23 -30 301 -333 -497 122 378 -473 -201 -378 -6 -475 70 -334 -140 368 -17 -175 370 249 -277 -166 -230 110 390 -146 8 -234 -470 141 261 -356 372 128 232 378 504 -80 -215 -140 482 -3 -269 327 -437 440 276 416 432 -383 -317
-122 166 -293 431 61 -227 -212 234 -201 -99 -360 -338 244 302 -233 -457 -494 480 -430 19 -62 -416 -233 107 -307 87 148 238 304 -141 28 -203 -126 -465 195 469 173 419 65 4 285 -450 -465 -212 -18 444 -4 -124 163 -409 -312 181 -255 -208 294 -73 -95 490 76 265 164 -105 303 211
217 -364 -235 -71 -171 69 105 -464 -242 456 335 152 -441 161 -148 487 -294 176 -24 -435 -1 244 130 387 290 -64 -21 510 289 -325 8 217 -225 -461 -53 35 498 441 -458 -248 450 136 380 -456 480 458 367 400 164 -500 31 -416 161 294 339 107 135 5 -351 -174 51 -40 460 -408
-485 -282 14 193 141 -249 -41 256 -423 64 204 312 217 347 -130 -305 -271 409 -173 454 416 -426 -172 -364 -191 -405 60 -507 267 -452 102 -464 181 310 -110 -66 -218 118 -288 446 329 117 -182 -119 -377 236 36 -428 440 268 296 -156 465 -37 501 194 299 221 -286 93 412 96 403 385
-401 -284 243 -461 157 -1 -40 117 73 202 -411 -314 -424 -282 -507 -492 -496 268 -493 -286 223 -251 230 -43 -360 -394 117 324 -233 60 -44 152 -66 97 -191 427 -345 -2 -304 27 179 502 142 -466 77 342 -318 -350 508 367 186 -510 -474 206 -178 -262 58 20 487 -106 249 -319 301 381
-148 397 416 -155 -72 -311 337 502 -432 383 322 -213 -221 455 -260 24 204 -240 117 379 -349 -27 352 353 -349 26 89 76 491 -93 -149 -484 322 63 159 -193 -58 -197 244 250 -403 -426 -455 5 507 -146 103 -245 -43 -460 11 -175 284 134 8 -111 157 408 -426 504 45 -167 -477 -281
257 -508 182 141 62 -45 -109 -239 -399 304 -106 -25 -106 241 36 349 129 -13 236 -172 23 137 -260 435 -35 123 45 235 273 110 164 306 -125 -148 -214 19 -235 188 -20 155 208 -259 -308 -45 -13 -287 21 -177 -194 496 451 68 384 323 -147 185 -464 433 165 301 -460 290 -350 425
-51 6 -486 452 -225 299 353 262 119 324 170 -321 -472 237 -390 170 164 -362 -73 347 196 -393 -488 -125 314 -109 62 -429 318 504 224 421 -219 -508 -304 -398 261 303 -384 103 -59 363 406 512 50 -196 -180 184 -481 -275 201 286 -128 120 489 86 -14 87 -412 329 -438 -342 -419 -47
103 -101 -422 -423 -460 275 -367 313 -100 -105 59 9 3 246 -290 -412 29 299 484 -277 -148 254 317 443 -145 -478 -251 -215 347 -264 -352 -284 -11 -59 -94 -230 -119 480 -249 -506 320 231 6 482 -229 226 177 -248 -142 -265 11 293 399 80 -501 -428 172 190 89 -139 496 417 -138 -193
469 -317 -121 320 -351 -231 259 -109 -258 170 434 72 129 -199 1 464 399 -117 -64 -42 477 -343 151 -148 -443 -365 -179 -224 -344 -153 4 104 -421 -363 413 16 143 -55 258 -125 206 -335 -320 348 42 -186 -375 359 -52 336 240 420 -345 504 391 470 19 207 -84 392 -4 -157 -144 203
18 -294 -505 140 -436 -328 506 124 34 -279 163 -189 -329 105 124 392 316 -429 -512 93 -263 276 -8 232 192 242 -217 -74 -421 240 437 444 -292 334 -172 -323 384 -158 -60 104 24 -318 -461 435 -491 192 84 -157 -188 -50 -240 -224 403 124 -412 -218 368 25 -138 -396 344 1 -373 -490
445 -327 -79 197 -376 244 -169 -354 174 -81 -38 -276 323 -172 477 365 -463 -392 -224 -112 -436 -353 171 294 273 -29 -509 219 322 380 301 322 -287 157 430 -243 -297 230 -2 -293 -319 -226 387 473 -451 -47 281 -437 -485 -219 -443 504 -322 472 485 -136 507 210 426 374 -310 -255 84 -289
78 -182 182 250 426 -8 -137 69 225 450 -11 292 -106 218 -97 498 415 151 456 500 230 -122 -143 -34 0 -330 445 104 -437 164 177 -142 -2 437 -364 152 90 -135 83 -341 -133 -275 -122 -319 454 10 -228 -205 244 252 152 77 242 178 47 308 -173 102 307 -510 -441 -354 478 277
-265 203 11 108 92 -445 397 -364 -157 -28 -303 203 -311 -362 -493 -250 10 105 255 -462 213 -28 31 -158 -148 -425 419 388 325 -245 501 511 309 -479 -144 -261 162 268 262 -144 30 313 -356 -157 212 369 -71 -235 -300 -187 90 193 -363 -211 438 -383 -263 472 9 -414 -109 224 123 95
352 28 -490 -52 431 -292 275 396 473 -218 71 418 486 61 55 227 -55 234 435 -2 59 -349 412 -244 332 -77 7 304 403 -108 338 398 407 -216 -299 -219 -237 436 -483 233 -321 285 -180 208 -300 160 451 145 -366 446 -48 -54 -255 391 -113 -64 111 145 20 -273 -352 125 289 499
379 104 -442 -80 -396 -312 -70 364 -1 -101 270 300 -3 1 -169 -142 327 -477 149 -420 340 34 210 -479 143 -266 -226 -444 -488 294 -399 -373 -147 -68 503 429 -56 -326 -351 -241 -438 300 437 356 369 -376 -316 51 -263 -473 184 -252 -366 -281 -189 491 382 -342 -379 -67 -36 396 475 59
-255 -209 290 -352 457 -345 -349 -343 170 181 56 461 -365 -365 -325 -230 275 -31 207 -493 -434 287 -504 -301 468 322 40 -219 -205 -280 225 325 -445 223 410 -367 76 325 -150 84 290 -32 -32 110 71 312 123 -1 41 -1 -159 -403 105 132 -463 76 -36 452 -71 466 -3 378 -185 196
-405 135 191 33 48 -306 -192 -182 6 -397 441 81 329 134 224 -72 489 -78 -203 190 407 353 444 419 336 250 168 -115 29 -499 -335 -385 -322 434 -248 -486 -477 447 -69 453 -135 186 -169 -207 472 -365 72 -408 69 176 -335 298 75 -402 442 -213 460 428 -111 201 346 -406 279 -389
426 -103 337 -211 -185 -56 -319 478 -5 393 -183 -45 -365 -98 -385 447 194 -452 -280 -144 -417 -125 -248 -158 108 -139 -262 226 433 -24 498 -403 -158 -223 240 -296 -429 -500 494 -151 -508 -426 316 -41 -82 -497 -508 -478 492 176 -253 337 426 -487 147 -52 474 230 -352 -127 361 -274 -47 -32
-162 -171 490 184 67 -501 -83 -85 364 302 220 63 -148 -115 164 277 -434 -275 -277 343 445 -315 -223 -277 393 380 -335 110 -244 -304 -502 -202 -52 -68 153 446 97 391 349 -413 -450 144 263 -52 -62 73 -389 80 -43 -475 -146 -25 -139 231 226 213 341 -460 -409 425 47 101 -369 339
-217 -214 58 182 -3 243 -215 -469 391 -402 37 -278 -510 -148 -69 112 129 -130 497 -174 284 -459 177 -361 -171 17 -1 -262 -21 264 -214 28 317 506 358 298 -64 -77 202 -69 277 234 155 -163 -495 175 -6 -497 -42 -141 376 123 137 170 -427 -226 100 -214 197 -109 245 223 16 191
415 -391 -247 150 -214 -145 360 -485 146 -61 -459 -422 -386 186 359 27 -354 -507 464 476 112 -366 -34 -177 217 -236 365 77 350 -19 356 -367 -265 10 380 380 327 237 209 -20 104 140 -54 236 -451 -36 362 -199 111 317 245 -446 110 -219 213 480 7 446 -280 -452 -201 273 87 8
324 466 -35 -298 234 85 -382 -235 -241 340 -62 119 88 421 320 434 -288 -353 -259 -406 -139 -252 -138 176 494 372 -305 -103 162 279 279 435 -457 -461 -231 -387 264 295 145 176 217 -90 -357 223 256 -291 76 -261 -192 491 -320 -312 -93 190 241 23 -35 -131 459 -117 -427 220 489 -11
264 -105 121 446 -201 470 -356 8 340 227 -329 124 -126 -456 289 -385 283 368 -494 398 365 -95 -78 -390 258 -207 -369 -55 397 -241 -332 378 -81 -69 175 -260 -439 314 398 -137 -93 370 362 457 -117 309 -108 406 256 115 222 335 -253 -137 196 33 235 86 -257 -338 445 23 138 -289
386 449 23 427 80 -139 496 -246 169 292 212 79 268 155 -187 7 263 -158 -77 -50 187 494 486 -449 252 197 389 -308 -378 -462 186 9 363 -470 121 405 -76 -63 -177 234 -326 487 -251 298 332 -151 257 -480 -181 37 -154 -352 -506 -90 50 -152 -187 -122 -48 -360 486 -307 65 -269
-148 327 -341 -509 344 -439 -442 229 -461 10 434 -104 -13 287 127 380 -14 251 469 40 -455 -314 -389 -411 505 50 -248 342 -411 -169 -109 478 -1 -325 -71 -276 172 -202 243 -342 -172 210 -75 389 278 197 322 -454 396 -396 226 -502 177 119 410 290 -155 188 217 169 -454 -460 -164 -219
239 356 446 464 -399 -384 -130 -66 5 -209 -351 270 6 -180 435 269 16 -136 -116 -195 -469 -3 187 395 325 102 96 -345 129 -140 419 -202 -323 -168 4 -115 -162 -253 131 40 -281 -86 337 188 321 -72 -482 305 -126 154 233 -422 -370 450 -63 -480 -389 124 -201 326 -89 -5 -427 -8
120 -53 438 -422 -483 -137 383 -411 493 -45 -419 -78 -436 -312 -482 188 140 323 422 -190 -206 -193 -62 -39 489 22 438 349 25 -236 450 -78 -414 349 339 423 -438 425 -58 416 -354 385 11 382 -122 -78 197 21 444 37 -473 -357 50 -383 -373 -473 -416 8 141 10 86 181 492 266
404 479 92 -149 -388 209 185 142 -48 -90 433 390 327 296 303 115 -497 6 5 -406 -447 130 -379 343 -324 173 222 56 376 -346 175 -434 483 -169 370 -112 -213 363 -110 -324 227 124 156 -448 425 64 164 -109 -382 -234 30 -4 -303 391 171 111 -407 -335 -248 405 -428 173 116 450
-343 -207 -385 -400 235 449 89 233 -448 -34 454 224 -295 338 391 253 212 113 364 293 -338 -427 121 -422 -454 -402 -338 458 310 -389 -229 -400 -139 -408 475 -203 -498 -220 -70 142 14 510 297 277 -245 -349 342 -36 -111 -187 -14 -425 148 404 -426 -368 -131 -80 357 337 -330 -118 -407 464
25 -421 -251 -475 269 67 -80 -345 -198 346 -85 244 134 406 460 397 132 -382 -123 -369 206 277 363 -41 148 14 509 173 -346 -45 227 137 4 -48 -101 -507 445 -88 -289 253 362 -105 127 60 300 -1 214 84 336 345 93 -72 49 -165 429 -432 231 375 -305 -239 507 295 504 427
-393 428 76 -44 382 361 -69 -121 195 331 -324 -365 438 327 -106 138 479 -466 -108 -335 432 489 -211 -360 252 -122 -448 -98 440 -210 470 286 -310 -321 -352 457 67 498 93 79 -482 232 304 -255 385 261 156 -388 -357 -6 -10 163 17 180 361 249 -248 200 470 483 -296 -269 -311 167
482 -354 -297 -209 145 332 310 -401 400 470 -376 141 207 342 111 -403 293 -44 -421 345 -465 -402 -449 -77 -512 -356 253 -256 328 88 132 -488 -337 -206 260 331 -494 -393 45 -480 -484 -308 399 -23 146 427 -306 -494 -125 153 -301 155 -346 414 144 21 173 -58 -9 -128 292 -80 201 -218
-332 -260 282 498 -329 501 -417 -69 79 -136 -76 342 2 181 -140 177 -342 -339 224 -59 115 212 -447 -95 339 -159 179 380 417 475 104 284 146 181 -321 208 -305 -224 12 -140 -56 300 297 -418 232 246 180 209 150 407 -392 114 457 275 33 -326 -379 309 434 -429 288 256 99 -139
-255 329 323 -162 -17 -125 405 77 -118 -401 -368 -135 16 354 129 224 14 -362 503 213 -344 47 -164 149 -68 347 -249 -391 -445 499 -421 326 -194 -18 -392 -217 -161 366 -174 -314 -14 260 357 -217 -30 -343 -107 434 -467 -117 -454 510 -279 397 -499 -489 493 92 -439 -453 136 209 -134 -117
-169 -433 403 305 -378 -58 107 50 382 124 -478 -75 116 -459 395 -202 -418 -334 63 -378 454 -378 -80 -436 -203 -447 134 52 126 -199 -338 79 -481 -51 31 -492 -504 -43 177 233 -2 320 -35 509 337 -460 424 -470 433 263 255 -145 505 459 290 -411 -326 466 451 109 -315 -306 454 -334
-494 -105 126 -481 -306 -184 420 -97 -256 176 155 -383 -281 364 100 77 233 486 -28 99 -209 -502 -391 431 -109 -225 189 -374 466 -246 358 433 -290 -396 -426 -33 456 -72 -326 424 19 -506 -171 246 -484 232 -229 -353 -490 -191 181 -390 86 -114 -347 -39 -126 343 327 275 -79 138 237 -142
-171 -449 -400 330 279 -109 -489 -422 100 -322 28 48 -181 393 486 -287 311 -40 412 302 165 -219 -183 -377 -50 -204 301 -399 -510 -199 -52 -184 217 -80 -252 79 -211 390 -230 -386 44 123 225 -505 32 368 -133 -34 81 -80 68 434 480 382 -100 -324 418 77 360 -380 -167 172 183 -224
-98 -280 -163 -74 -459 320 10 385 463 258 492 147 -354 23 231 -407 -97 110 -76 -444 -451 -92 170 -228 117 -368 325 -340 276 -502 243 -459 326 -230 377 226 149 316 6 395 -32 77 -147 -475 425 6 -486 172 464 -95 480 -21 484 -119 -406 -431 -66 443 -493 -483 -498 128 372 452
512 124 -329 446 184 323 -337 460 193 452 76 145 -505 -373 0 74 -251 175 -110 298 179 -284 -248 -418 479 -408 227 131 -156 438 -383 176 -262 268 -463 183 -395 488 78 -10 -401 125 -211 -474 282 111 -431 -493 25 179 -196 55 243 -418 5 -6 72 281 310 121 494 417 -254 -430
458 -301 -231 -464 -386 409 -72 317 -184 -107 -202 100 64 442 -384 97 270 331 394 27 -431 -427 33 -439 -451 -119 509 -38 -21 251 244 -185 -140 -297 -328 -391 184 368 -510 437 102 -225 -84 49 -220 351 213 297 382 -57 476 56 471 146 -502 334 511 124 -341 2 324 68 96 -15
349 -178 127 378 479 -460 186 -157 96 390 -65 474 -486 485 166 -138 310 -195 257 439 82 497 -100 212 -279 227 -42 442 -86 -159 -448 352 -140 436 -64 505 2 71 121 6 147 101 -68 98 -209 488 -162 372 307 -347 233 386 383 -481 396 -455 87 -195 167 -13 3 -163 -491 -16
59 44 -142 177 146 -347 -104 12 307 127 -322 -353 -242 -202 -273 461 241 -250 62 -455 344 -266 207 -395 -105 476 178 341 80 -127 -147 412 -192 305 426 -429 507 -479 404 -341 -223 247 -283 480 297 5 17 504 450 -276 -249 229 284 -307 414 -194 245 -378 -36 245 -261 -329 -346 45
41 -339 104 -362 85 270 -256 398 -341 448 -307 -8 374 3 -136 110 213 -17 -455 420 320 460 201 -356 480 -159 -512 -329 2 -197 181 486 -455 -161 -285 -318 -510 451 -370 -425 268 -305 -127 242 221 112 320 367 -319 -128 -322 28 16 380 -493 159 -24 -282 51 -473 458 510 -163 -327
433 -148 -415 0 445 -229 -154 -47 282 -300 -303 130 -380 -41 -286 -402 384 -382 70 -352 -317 425 -405 487 213 5 477 303 92 201 105 30 220 -104 284 -470 510 503 -144 -84 -352 -42 -332 355 156 -163 -274 500 146 508 330 -467 12 -49 -24 176 -226 377 -373 -107 426 240 -231 149
-500 -307 -454 141 -251 198 -458 -180 315 311 413 39 -187 -5 -171 320 -411 -185 180 -319 -438 458 97 47 -471 199 -445 148 491 392 -32 264 -76 -321 359 -336 321 490 342 -496 234 -37 -193 -126 478 -170 -194 189 295 316 198 502 322 351 -372 -267 -289 -507 130 482 490 396 -340 397
28 -289 -109 328 359 -431 112 272 375 -186 -491 442 444 169 374 221 -25 -242 -65 134 310 -344 -37 397 40 192 466 96 -306 -316 -327 32 17 29 40 -401 -234 -26 177 45 502 -245 -251 205 193 174 503 476 509 -337 -367 -164 -8 -340 -247 414 -153 -241 -443 -62 122 -507 -119 -357
-160 -373 -55 -219 -110 -19 87 46 -509 -243 -298 -250 406 -314 -378 73 125 -247 266 -160 -481 -89 201 259 -95 158 -182 -270 318 251 -460 461 82 442 159 425 -33 -271 -463 -316 358 135 350 89 133 2 -168 -335 -228 348 -369 263 162 -141 93 501 -418 -183 8 444 -164 -420 289 359
61 -446 186 -184 -168 -478 138 -10 236 332 458 61 4 158 118 -4 154 121 198 -492 -117 -456 76 -37 19 363 8 56 -292 405 -127 -344 273 505 163 -149 -434 501 -218 17 167 455 -230 -316 -258 228 47 -241 -36 -367 383 235 338 -76 -423 253 -148 326 69 -473 255 478 -285 -477
422 488 343 -172 389 439 52 0 -293 -296 84 -445 105 -399 318 -332 55 -270 417 -376 386 -183 -509 348 -44 498 -419 -365 -438 137 466 -117 390 469 -408 -172 96 63 -44 161 -121 314 -469 -106 -3 196 -134 -211 -175 118 -22 494 191 113 -171 -361 487 -39 182 -122 -148 -251 291 -469
-161 37 477 -105 -237 359 -377 -266 363 164 -158 -10 -477 357 68 405 146 -244 -457 139 -484 287 12 -2 -299 -502 -126 139 74 -432 -422 -99 271 -160 -434 508 -174 -209 25 -503 -193 387 160 -188 327 -349 -241 57 -299 334 -286 122 317 -371 26 -448 269 456 126 -138 -403 -1 126 56
-449 -113 -117 358 -388 -138 59 417 368 -145 219 191 424 -289 -158 225 214 15 494 78 328 -148 -398 -297 100 -511 -169 -1 93 159 10 -233 -421 -264 -378 467 -257 -145 338 -303 473 -380 165 163 211 322 389 -42 -251 -357 -195 -469 -432 -211 50 499 203 423 -11 261 -304 90 235 143
261 -44 -364 49 188 232 -299 360 224 -342 439 132 317 345 -178 -246 143 124 6 -13 -62 106 134 26 -486 315 199 228 486 415 -79 -268 -224 -320 276 -181 346 -79 443 -309 424 -161 120 304 -224 -262 -418 10 54 168 197 304 9 289 -333 -3 -83 -493 -9 -178 256 261 -131 125
-275 65 42 132 -10 316 -361 -491 92 -290 326 -473 77 -473 -295 -101 442 291 136 343 460 410 340 339 329 137 -469 261 173 510 -269 138 386 35 -57 -213 127 -78 -425 291 -400 327 229 -83 -480 17 -316 504 506 282 246 226 45 -447 -183 -52 367 -274 -386 388 -143 230 56 508
-150 -180 74 -164 106 340 452 -501 -154 173 477 -426 -160 140 -379 -274 140 492 -418 -408 74 -328 -278 333 -103 138 180 -207 -279 -373 43 -11 -289 483 186 79 226 192 439 210 221 261 -220 -63 -193 103 -181 -34 -453 472 -402 201 -459 -369 301 161 416 413 -217 -122 51 -183 312 346
-366 -368 -310 170 495 414 103 -260 446 114 -511 -494 422 348 -113 -485 -445 -213 -21 173 -136 492 26 185 -82 119 339 308 369 -58 -54 132 -488 -15 37 -380 -90 -250 406 -52 -82 445 -345 61 491 511 -448 -287 -156 258 437 478 24 -24 246 277 -430 -60 -510 -155 -130 100 -400 -457
-439 -165 447 -44 -238 -484 451 -400 -334 -157 -233 -111 -201 -149 380 498 334 16 -318 -436 -134 362 195 175 424 437 45 -448 -36 -265 509 -190 -492 -269 34 -345 -108 153 -10 371 181 -152 148 -6 405 -288 -143 -211 -33 332 -136 -20 -342 482 315 448 -265 291 -475 -159 332 404 503 -262
378 80 -59 -436 327 -241 -467 -202 -131 -309 374 278 -63 352 489 -6 381 83 -335 212 -413 -227 -6 86 -327 440 441 438 476 43 -178 158 -488 -94 419 -27 -393 -109 -298 313 110 -205 290 439 -257 482 -327 -495 -329 59 287 -297 -358 363 178 -357 -34 506 -327 -157 338 -452 -222 -322
434 89 -216 -65 418 54 -8 443 301 57 -241 -401 -300 250 -6 -9 414 -92 -274 399 377 66 3 462 248 28 126 292 41 18 340 -47 444 305 -301 -249 385 -337 161 -48 -42 -359 -177 -489 216 229 289 350 409 334 -342 241 -432 -226 -418 205 -231 162 -346 63 -361 -350 146 195
-191 262 -391 429 500 -193 -80 496 -495 420 79 -337 -497 430 -340 9 254 -237 -407 -367 -490 204 467 496 -347 -470 -14 93 344 433 -451 -361 82 84 5 -247 408 -454 -429 30 434 -56 -170 -333 393 -138 455 -55 463 -193 -324 19 77 271 -144 -242 290 321 284 -259 -382 -439 -507 -23
-438 249 342 29 250 47 139 3 332 -43 211 20 109 390 -53 431 -403 -341 -5 162 397 440 288 -117 155 -487 -175 433 -347 272 23 -259 399 -135 -495 -341 244 -84 -190 -174 -24 393 -219 -459 -349 349 430 -57 -54 -154 -348 142 280 -327 486 129 413 -367 -334 224 71 -302 -201 -412
498 -511 363 216 187 -260 181 318 355 -101 329 190 381 -452 -280 -104 316 -463 307 342 25 389 302 30 196 -253 5 -456 243 433 150 -153 -484 -111 189 -507 -185 -293 -85 -158 -21 -305 -256 366 285 -235 55 -273 -302 463 122 -440 -419 214 -43 406 391 -167 382 -181 339 148 195 73
-116 65 351 27 54 60 256 -332 474 -51 263 207 287 -153 402 -101 60 102 242 241 -392 464 -406 -421 354 225 100 -355 -425 180 -334 -439 -88 -237 -462 250 -41 -101 104 -331 33 -125 170 -137 373 -92 -165 -176 388 13 -47 492 314 37 -61 -341 -257 -171 111 -456 -471 408 446 -263
-384 -147 45 180 -360 169 111 -159 -69 -454 -412 -308 -380 -383 344 -193 263 -339 -289 234 123 -157 -240 -413 -26 -164 272 418 -305 -310 -155 499 -27 -393 77 189 158 -212 -95 6 -190 107 370 -349 260 -411 -47 229 29 -401 -87 131 102 -354 218 179 247 -102 216 105 442 273 232 -40
-309 82 37 -217 -251 155 -118 254 -370 178 71 -363 199 -393 429 432 319 346 -8 -384 83 345 458 275 488 460 -360 -143 384 309 329 41 384 -121 370 360 25 -313 446 -316 6 121 -431 -305 -128 -448 -150 -27 26 162 -390 459 216 -81 -419 -477 -392 -39 -369 -249 53 287 -110 309
40 -305 176 197 364 -7 -145 -303 -235 477 -183 507 -475 3 -461 -74 -504 25 -110 -122 254 284 95 -210 259 254 318 434 -239 442 472 -465 270 -359 -208 444 -415 24 -129 -82 110 -394 28 127 -483 -209 -21 -132 115 320 -284 -139 485 108 -330 231 493 -143 -224 -192 362 -167 309 -264
390 320 229 -324 121 -88 -506 -296 -296 216 -280 414 -437 362 -278 -261 53 448 152 83 389 -9 -179 495 -2 347 -154 306 103 -293 475 -62 213 155 269 -11 311 363 491 -430 457 310 -213 60 -319 -334 -511 7 50 491 352 494 -490 -175 -384 -107 41 -133 -383 -219 -162 -214 -242 -218
114 4 -300 225 -78 213 81 -62 -385 -197 470 -102 78 260 -352 -507 395 -162 217 107 237 -283 -473 475 466 266 483 441 113 204 13 -426 410 468 432 202 245 -19 3 -169 -402 98 -312 -40 292 -387 -226 149 -213 -152 -256 70 -105 -30 -387 346 385 -449 -108 -359 454 393 -58 -473
97 -200 10 -231 -47 440 108 -452 -407 -326 -132 -91 46 76 -317 -227 362 -273 427 106 59 226 418 250 406 -167 -207 450 265 -161 -87 -247 -409 212 -176 -182 192 -277 -42 -363 105 195 407 -253 289 -106 -33 -323 -26 -474 -252 207 -359 -354 104 -329 -387 -366 276 -1 272 409 -49 113
266 437 135 61 -99 -186 -468 17 295 -237 -92 -439 504 153 121 242 249 151 -4 -180 92 65 35 -438 362 4 -69 77 37 -490 278 438 170 20 -203 -280 127 -394 -495 284 376 -407 -194 425 447 245 -222 -494 -357 102 247 -286 -84 431 -39 -350 -248 -305 -395 160 -167 -237 378 155
445 -494 -270 399 -109 327 288 -441 41 -317 -470 -164 -442 -244 300 342 505 -466 -330 313 -346 -141 -199 -1 58 69 -452 315 253 427 -69 423 -192 -44 32 -410 112 -99 430 282 -298 -411 194 372 -327 486 488 227 109 352 -152 375 -333 -475 441 493 33 -331 74 -237 -58 255 -97 -212
290 -285 -20 131 -199 -439 362 425 -488 252 279 -155 329 -468 414 313 -427 -349 220 -63 105 97 220 -247 -490 442 480 487 -221 -317 -175 416 -353 -395 454 92 454 -177 412 -239 -369 26 58 391 348 -152 -511 -491 234 -220 358 47 335 305 -231 -205 -51 13 -465 -390 -334 -106 136 -108
62 -385 -250 168 482 -9 157 -289 -231 -345 32 -79 197 325 -314 -269 323 134 -42 -272 435 164 314 -160 395 -478 94 -354 165 211 -35 -361 -208 376 -61 392 -277 143 -433 -509 496 249 407 166 284 -146 -345 -53 476 372 180 232 -304 -454 154 107 -333 31 -367 394 -196 346 -427 -359
-370 60 -444 275 166 78 36 -427 12 -168 -472 -463 471 -143 80 2 86 -23 -355 -246 -225 -420 452 -433 -361 92 -489 -175 474 -163 172 -291 -159 -7 28 -92 468 -413 -101 -347 -206 -340 -428 69 300 14 -216 122 83 31 115 -442 -18 -349 237 -117 60 357 112 135 249 321 -335 -320
92 -26 4 452 -300 176 -103 -506 -486 -206 -5 -281 181 350 -248 -159 467 -45 -500 141 206 -175 171 370 95 485 -289 -469 41 299 153 48 -367 -369 -336 310 -39 -233 350 257 196 -11 478 424 405 456 88 -239 332 210 -55 481 225 -282 510 -343 70 -83 180 -175 343 -137 469 -177
210 -207 510 -10 -154 246 198 500 180 -286 64 416 195 -278 44 -149 52 -376 -469 -293 339 -337 199 -381 296 8 -194 -231 -303 -159 44 43 410 -26 -372 -72 -141 21 284 334 -466 -440 -287 -336 -398 -25 -465 -412 455 -78 -53 121 -382 -388 251 -418 485 -231 74 445 -67 318 -17 269
-136 361 -196 -311 -283 434 273 -290 -196 -289 -401 475 -312 204 342 -392 -193 269 471 22 391 -342 -241 41 487 129 368 138 29 -498 -321 -30 494 488 -218 -219 459 -277 289 -95 -172 -393 -485 292 71 487 208 226 249 -178 303 420 243 156 -429 -403 151 162 -109 -167 460 -209 -123 -199
