-352 310 412 194 435 458 150 -221 -482 40 490 -503 215 -463 -160 -422 -268 451 285 -168 -489 -222 -196 47 -58 382 -338 340 -50 321 470 -337 489 -460 40 -393 174 204 219 223 293 -290 126 458 462 -217 402 -509 -315 -307 445 -362 -130 33 -219 -71 -466 -459 -424 -506 120 -189 -311 -104
254 486 429 424 191 -283 125 -470 -93 268 119 425 355 -223 -87 -430 -222 -213 -71 -209 -15 -201 -299 39 -435 312 345 490 312 368 -404 -409 -119 239 498 -70 -428 -331 -250 443 -465 246 -252 -355 204 495 220 -226 368 262 -4 -249 243 -493 -427 359 -139 287 -170 -102 179 463 -185 307
497 425 454 -227 487 427 171 464 -328 -476 -454 149 296 411 -270 -259 190 -300 -384 -66 -75 2 -130 369 -419 -346 243 178 361 -28 -36 412 123 -247 350 151 -268 -411 435 143 -293 -27 -41 -319 132 -296 -340 -472 265 418 -402 -370 -316 322 -91 -68 -83 184 -427 -417 137 -485 29 -273
350 269 158 -172 313 190 -77 358 481 208 -476 484 430 -44 -139 414 243 117 -61 -298 343 168 -83 -308 -109 303 -153 324 274 110 -473 -360 -487 -220 94 461 18 3 498 232 230 387 13 475 -311 419 154 300 -113 -391 -67 496 -248 -503 -495 505 -150 -226 -469 469 243 -340 -338 120
-274 72 -432 -22 -237 150 -446 -490 -103 -83 267 202 156 504 -120 237 -66 389 -147 269 18 326 497 167 -227 -289 -398 197 -299 484 482 459 248 420 -263 -468 -23 368 391 -392 -159 367 226 -280 184 -173 -123 -40 215 -311 -507 -265 -492 -390 -378 -481 9 -174 -222 -270 -20 -30 402 90
509 293 -322 367 -307 -18 -416 -40 340 241 355 443 -102 -491 -252 154 -394 288 -195 387 68 -67 271 277 347 -229 299 -149 483 -358 -445 248 158 421 485 367 -275 -153 -369 -75 240 260 130 -174 -436 -286 55 211 -380 -474 -163 -407 441 463 -204 -82 -275 -153 -222 137 302 492 -38 -292
-344 280 237 -93 -291 34 -162 -95 30 -362 -485 272 -67 291 234 -359 -55 102 469 232 -357 306 481 -483 288 -307 239 -119 -490 397 -183 -508 72 -240 396 -413 485 490 75 -185 -478 433 36 -452 -352 -46 -92 -2 86 -417 86 370 254 46 -445 367 -113 334 269 -211 -132 413 363 270
90 424 80 -406 369 -413 -179 281 62 281 -303 259 271 -478 -202 375 -294 95 226 -421 507 441 269 494 -139 -364 -423 193 -424 -298 -169 83 477 -203 -279 78 -234 -398 171 90 -262 17 -86 377 -54 271 152 0 -278 -8 -94 -349 117 -76 114 131 -368 458 360 -423 -264 -223 152 333
272 250 245 -374 360 0 -55 -128 334 -299 -309 109 -315 -33 472 428 234 219 251 -328 438 179 -293 321 180 249 -258 -293 -37 301 -247 -177 440 -449 -146 475 -389 -140 -245 230 191 118 -388 -13 360 220 346 106 259 -346 121 109 261 19 -211 465 -120 -302 -418 -300 -132 70 369 -196
-25 -62 358 -72 303 -457 -66 64 -473 291 296 -141 97 330 105 323 73 -28 -500 457 -498 136 313 340 467 -25 -249 18 -40 353 229 330 -70 -326 -506 -475 -252 228 48 6 -424 -486 376 -43 -38 -80 271 -415 110 138 -359 158 -291 -163 242 -166 -116 -142 -424 -202 -150 -43 -16 461
378 -466 186 281 12 -473 252 184 -138 -167 -133 -355 16 -430 311 444 379 292 384 504 438 40 208 -472 159 -161 -417 283 87 -179 -487 -293 231 -390 -508 -318 436 6 358 -69 -118 -467 437 418 -195 405 182 -313 485 286 -264 369 -118 274 89 -470 -258 -374 -356 402 -81 425 -147 312
297 498 -382 -275 346 -427 -454 161 -408 506 -285 406 105 -447 -463 102 187 436 123 133 226 -251 -162 291 -297 67 -378 355 265 55 -475 283 -209 440 -156 238 -419 -2 413 183 303 -16 -391 481 453 -143 -264 -2 -477 -163 253 459 -322 433 -310 -166 -113 341 479 494 -261 -174 -140 -80
-60 -29 350 362 3 -260 -180 174 -424 -7 417 279 289 -434 150 -213 48 -87 -158 -3 301 -509 34 -448 61 -193 -372 -195 -241 436 336 47 242 -487 326 -82 -270 186 168 -467 -236 -289 132 0 -366 297 -149 -251 -206 26 -443 -41 -412 152 -99 97 303 166 -426 -44 -7 -358 424 51
-293 194 437 -114 -146 496 -62 213 442 221 -339 435 -107 -432 -324 272 -419 -145 442 -450 189 -99 -502 -319 -378 270 -182 -101 -329 -60 -173 -420 -377 -144 -117 268 -331 -473 224 -211 -324 -500 493 -114 119 -74 -485 406 287 301 -281 -378 223 124 336 248 -448 260 -321 422 201 -72 -206 -198
286 344 -391 266 -333 -352 340 335 -284 -500 335 330 -197 41 210 -231 -200 -197 101 323 321 -478 -92 392 -135 389 154 -46 185 186 -429 482 -392 -182 -80 -86 468 225 -314 357 462 92 -234 -222 109 101 511 238 -190 387 -330 111 71 -484 -48 229 195 291 -499 380 -55 -163 315 -359
-121 352 -494 75 263 -171 -210 -360 -9 319 -423 442 -40 -227 434 291 -59 340 -63 -185 44 480 355 202 60 -19 251 -119 393 199 348 157 -43 -37 153 -394 -175 71 344 -342 -467 350 387 -489 -144 246 -434 -77 309 -16 450 68 -484 -289 331 170 438 -304 -501 315 -200 -188 -97 -102
161 -410 450 -243 434 99 388 306 240 3 464 -211 -396 346 -202 236 -31 106 272 -70 338 283 -137 -112 287 396 57 402 -235 -182 498 447 -224 156 -117 430 392 359 -131 -132 -168 63 -431 -505 -121 322 391 481 -162 -306 145 484 -369 318 425 -508 490 436 458 2 -64 -417 -250 -313
442 122 -135 132 215 -317 -209 453 172 89 -372 -353 -412 -394 415 423 -275 -474 -114 85 416 -216 -223 364 -59 -401 -181 -461 170 211 388 -403 426 -149 81 106 -41 326 50 -379 374 -267 -78 -344 -431 -215 -317 250 511 88 431 -423 406 -344 -425 314 286 -57 466 347 154 392 -42 -285
-47 -125 -27 -52 348 70 339 -338 7 457 330 408 -268 364 -499 -432 -379 -493 296 -100 47 460 474 246 -9 51 140 -277 -12 303 -75 -466 -349 452 -235 -495 397 420 -457 448 -87 -279 -469 403 18 248 -214 -320 436 385 -368 316 -323 260 -455 35 -218 -486 399 -273 -495 389 -397 0
494 286 104 225 -19 -293 -387 -39 286 -6 -357 -54 -293 -440 -182 35 112 509 -330 322 -506 53 -380 358 249 407 412 321 -26 -344 -233 69 374 409 -263 314 -128 -50 197 -83 -275 -234 314 177 -506 -206 374 -444 496 -193 312 -90 -509 -299 -224 461 229 75 156 78 364 -398 232 492
-300 10 -31 -312 271 222 350 30 -319 -165 457 -256 -396 453 202 300 272 125 181 311 8 439 175 59 -358 -429 23 304 426 319 -185 2 -122 442 336 -250 -358 402 148 -418 -231 373 509 -234 -473 -80 376 -48 -253 -278 -71 -140 -266 48 97 -204 327 -132 -198 -499 -429 185 -259 -374
448 475 418 -287 -319 -293 -158 430 -120 -295 350 -503 -100 -470 -378 497 483 504 449 377 -94 280 -258 205 453 -411 182 -120 397 342 -400 -235 370 277 271 -287 -311 -475 -238 345 445 -265 -230 -250 -101 -236 -353 -279 168 98 -407 203 248 -237 -189 -227 452 -455 -81 232 -99 -268 295 412
491 118 -405 -212 433 -114 95 81 -276 241 -193 330 62 -134 -336 -433 -104 373 87 426 -186 -200 -184 -25 225 100 38 407 -68 -343 -448 -230 -181 -368 302 -356 478 -121 344 -130 477 -246 -321 -404 416 -68 -385 165 423 218 18 -423 7 115 -321 -123 375 -155 -438 56 266 -91 -128 -121
480 -384 351 -140 157 -21 35 -73 303 -392 -441 472 -81 -154 15 191 -230 -451 -5 56 245 -4 -102 401 -100 341 -136 430 -95 -502 -334 163 388 41 -427 451 90 -315 99 458 -254 248 -376 -177 238 -407 333 442 325 354 -45 -458 154 497 241 301 -224 51 456 -54 -385 380 -170 447
-31 -335 -510 -478 -128 300 5 438 -263 353 449 187 -17 289 3 60 105 -380 462 185 133 375 277 72 250 410 407 337 108 -496 500 236 374 485 -222 -101 -483 482 -276 -498 509 -331 -504 -358 -9 -106 381 -163 -55 -232 -62 -94 141 303 -193 337 362 61 -503 -60 -181 453 -181 -22
138 289 -221 418 4 -160 -175 371 -121 230 -189 417 20 291 369 -330 -101 -28 -254 170 -255 386 -447 474 -329 -184 -451 -146 250 433 162 -464 -387 104 -350 254 118 -220 458 -442 383 -248 373 -87 -16 384 -405 66 370 179 83 -105 90 18 425 -193 425 -463 -99 173 -78 444 -176 -214
-397 144 274 152 127 -432 -293 404 371 340 261 -19 -121 107 -57 38 -327 -401 -22 347 -256 -241 -300 206 148 -146 120 -272 331 -405 340 -477 16 10 -393 39 283 -482 -434 205 -505 244 422 -31 -396 329 -192 385 -380 187 349 371 -166 -445 335 363 54 299 -489 -190 488 446 164 371
-240 505 -166 -213 -24 447 181 -116 481 420 -62 470 -291 -255 -73 47 -25 -131 88 80 242 219 397 -192 -341 42 122 -411 162 -440 271 -180 -357 319 -503 -22 138 49 -511 -105 424 -472 365 186 91 -71 -382 103 43 174 81 275 -112 363 322 401 491 255 -138 -236 344 -168 35 235
286 384 -244 420 -153 -305 -403 468 305 -389 -489 118 -259 334 437 -183 -486 -120 -393 -89 -207 -242 -368 -269 -422 -149 42 458 -125 436 -447 -52 -339 181 89 320 28 273 -405 -422 -404 236 192 -347 -434 -322 341 249 284 -201 363 2 -74 474 226 27 -412 -254 52 -490 -301 -84 120 478
379 -174 280 -326 -320 274 153 217 -297 279 48 30 -197 -392 39 -29 482 -117 -206 169 345 52 -477 49 -207 486 147 -149 -457 236 455 -201 -131 -234 -150 364 255 378 -468 -227 -367 115 -93 332 -39 51 356 -189 -390 72 -381 -209 -302 3 497 375 195 390 405 -367 310 381 -478 90
388 -91 300 456 187 306 -393 166 10 -35 144 -350 391 77 163 333 -337 -485 246 184 -430 317 217 182 429 0 410 -175 188 -242 302 -129 -141 -511 -458 -75 -126 390 -428 -290 -128 69 -123 -50 -396 -279 231 42 -8 -396 36 199 462 375 -169 280 85 59 -93 -397 339 479 102 -78
-92 142 -342 80 364 409 76 215 105 -412 -342 -246 16 -134 111 -322 -96 -255 467 169 448 -459 325 110 436 253 307 -105 -331 282 378 -389 26 193 -96 -51 -456 -487 -358 -270 -238 102 -114 79 -313 427 -351 41 387 484 261 137 -247 22 22 170 -328 -269 -483 -117 -196 -22 -130 -410
-172 -497 252 -336 244 -53 -249 54 -171 -479 298 -72 435 -367 86 -492 304 196 65 280 222 224 -73 312 -319 414 -139 415 -212 -147 -473 202 -46 -301 430 -446 -94 382 -404 383 -368 -169 -216 -299 184 428 -371 142 84 109 478 -360 132 219 31 -41 440 442 259 198 177 -371 -396 -88
403 -31 52 -443 502 264 -318 -309 -144 45 -275 -148 -419 328 379 -155 168 336 -376 184 226 464 284 -160 -1 -8 412 469 353 -99 -190 97 251 -447 -258 -91 7 -281 -451 234 449 -502 -181 -327 500 338 -487 -337 210 -256 -87 129 -197 366 -32 151 -252 170 -417 -190 101 -374 278 321
207 -368 -226 -386 37 357 508 355 -218 -147 -113 -219 144 156 70 -229 -100 -279 -249 250 21 73 -295 167 -78 243 468 -461 405 49 -63 276 436 323 392 -497 430 364 221 327 241 -377 41 51 230 -426 -208 252 180 -1 -444 -196 -172 -147 -220 507 -195 120 -182 93 -155 427 -398 415
-129 -48 31 -452 126 -23 -456 188 -512 230 196 18 -160 500 311 -435 252 177 -78 322 210 432 148 485 -373 -209 417 -216 -70 240 -95 -460 28 -237 258 42 188 -148 -59 484 -498 35 87 -210 143 28 204 256 -49 74 87 -265 119 64 -160 116 432 489 366 305 -362 372 -52 474
-208 -336 68 264 -73 74 130 -117 -241 482 159 105 -292 -138 -48 263 -419 -208 -128 128 236 -30 211 440 238 307 53 501 -325 135 -240 329 20 -97 157 483 -36 38 -328 -476 -482 -466 -399 -199 181 -86 120 -395 -345 181 -462 218 296 107 -3 -441 -153 133 -264 -381 -43 -85 -492 -472
107 28 409 -92 -16 444 265 -276 -292 407 380 480 -13 143 -227 392 -354 167 388 -411 -95 -512 235 -373 18 167 -368 277 218 505 146 -16 472 -501 -144 332 -72 97 356 220 232 100 74 -380 -123 484 222 408 371 -109 346 33 408 438 -250 272 -349 142 -503 456 -374 -181 -378 383
62 -111 336 -399 501 -48 261 -352 132 -455 -274 341 -63 259 -13 -141 390 -369 91 20 398 261 42 482 268 292 -264 55 -258 449 112 -330 -171 192 494 278 -194 352 28 -67 -181 130 -220 6 307 -360 -271 357 -335 -102 -414 -236 335 504 -84 -41 -316 -222 468 -337 511 -468 240 -281
432 25 -239 253 -488 281 348 -195 366 -341 372 474 -17 173 -339 -162 -398 -10 -272 386 121 -299 138 -62 458 -328 -238 -472 -387 -511 -307 447 -362 506 406 -508 11 -99 38 394 451 -101 -370 -138 246 -7 207 148 357 185 -191 32 -232 -445 -142 -372 223 352 143 262 -392 -42 -87 321
114 22 -222 315 74 -344 -357 -222 214 154 300 359 171 321 -502 230 493 443 -280 458 456 -386 -471 -246 -240 53 -72 -186 230 434 -213 188 102 -349 -284 -330 -209 276 360 416 160 -194 -507 271 348 133 -293 163 -267 218 467 -16 342 368 -255 306 -16 -93 298 297 -315 434 -382 -176
290 189 6 355 -49 -506 476 -77 28 202 -182 246 -481 -511 172 403 -99 166 377 -118 -64 -113 100 -477 367 278 -302 -284 -222 -221 -501 -29 139 -454 -58 225 182 110 -496 13 88 -119 -370 -323 457 237 215 -331 347 13 -443 -166 -404 178 86 220 189 -47 337 111 -304 -313 24 -62
469 446 2 -70 66 496 180 -158 -321 -263 -412 -489 -117 362 15 -468 33 -176 76 483 -382 -482 -358 229 -49 -26 67 -278 -251 465 78 -68 -387 173 355 177 -244 352 286 471 300 -279 63 -369 154 -243 -194 132 -355 -309 447 -242 -293 157 181 -163 -422 -455 495 154 -62 222 235 -217
312 23 478 145 269 -429 53 -114 237 11 -45 -360 -230 -377 -417 -145 -36 -169 -316 -140 465 476 69 315 -169 119 205 -5 142 236 -44 -377 -455 498 -152 389 -127 -22 275 -495 204 -491 89 313 108 198 -262 251 -222 -442 -38 -275 -46 -459 254 -251 -87 -26 -506 -94 -70 511 80 -386
304 -306 315 -319 -446 -4 220 155 81 299 422 68 272 436 312 -192 -476 137 236 420 268 -308 75 -369 -455 -438 280 -508 43 188 -474 -126 452 -17 -366 78 -35 282 390 -68 -508 -456 -239 364 -206 -18 385 -327 -35 -35 13 -367 28 393 130 128 -403 256 182 169 -153 286 -103 258
508 -279 312 -456 255 385 133 105 -3 184 293 452 165 -133 -471 17 -320 -446 -68 -39 307 38 -343 246 -501 -50 -468 -63 275 -404 -431 279 -474 428 -223 232 303 149 -268 -347 -211 253 480 179 -489 -285 -153 -72 131 296 114 398 64 307 -127 308 373 -84 -96 294 144 -359 10 418
-80 253 -229 -369 -96 -319 -227 -266 -60 -281 365 316 131 -27 -9 83 14 376 -406 422 -245 456 -272 120 188 -461 -222 -392 346 -35 -225 -281 -499 -113 -332 16 448 -389 476 -12 -216 -229 -169 55 -442 -422 -177 -481 -233 492 489 -272 28 -407 136 -276 -261 -153 -174 -161 -109 -7 -376 -421
-485 -419 303 474 465 366 -47 6 -394 -83 64 -388 468 399 293 239 327 -276 -247 50 392 372 -276 180 -32 452 471 -20 -290 172 506 -340 248 184 428 69 -211 -97 -186 -131 146 162 -501 367 349 228 34 -270 307 476 -56 -471 512 152 32 402 -408 -441 -364 -40 -389 296 30 -488
59 -71 -19 -194 237 135 440 -20 -23 -327 -170 299 -56 382 376 3 -237 -41 -494 -291 -409 479 -379 -29 2 -240 7 257 -215 480 134 -78 -338 182 211 349 -289 -69 -461 -84 51 -445 -470 248 -23 507 436 -469 476 -369 -316 76 396 -306 201 497 -474 188 -155 -94 181 69 179 -288
-492 390 289 -106 94 -126 193 -291 196 -27 120 -141 -16 -174 -336 -455 -423 267 -367 -164 -189 -337 222 357 110 -201 -258 200 455 342 29 -448 200 -307 230 -13 -279 -449 218 440 22 27 190 -105 -400 320 310 177 -163 -476 247 92 96 -468 10 -8 423 -493 500 498 -212 374 172 -214
-251 173 292 188 -465 -218 246 506 375 -429 -322 343 -178 -412 -378 240 207 -328 -464 287 52 -447 -74 -153 -67 -173 353 204 -18 470 84 -297 -386 70 475 -298 -204 -493 73 511 -19 -358 63 113 438 243 2 -484 186 -409 350 -486 84 -315 -51 419 374 -481 472 -116 500 -23 -206 109
-36 -190 -260 369 -224 -125 -150 197 386 412 451 -233 -243 293 -184 490 409 279 -412 22 -310 -340 -142 -206 -390 -321 9 153 260 252 -12 136 -447 247 -122 -327 -214 303 251 342 -427 -477 204 295 -504 162 509 -30 -179 188 -141 213 -166 -378 -317 -350 -84 61 -18 32 34 -97 -226 363
-497 181 -249 167 -51 213 93 -490 -429 510 61 154 410 193 248 256 -505 177 419 157 295 459 207 116 454 28 -442 -249 -62 72 74 -271 499 -424 173 244 -273 -7 -269 -274 370 -82 -81 164 27 272 318 -205 184 79 -351 -162 -275 39 269 -128 -369 503 -376 455 -404 -509 482 -279
118 510 97 398 161 283 -206 218 3 -413 -363 -133 452 -200 -111 376 356 -491 -232 450 49 -19 496 23 4 -195 -68 400 -131 500 120 -456 -109 -349 495 -262 186 -1 327 -164 -499 -370 42 266 -103 -38 -510 398 -352 -54 203 -53 228 192 428 -357 -498 304 -447 284 -138 207 -506 -301
-466 263 -482 133 -227 411 -512 -307 423 -29 -174 376 233 162 354 -170 -42 185 210 -446 339 -348 220 -165 192 -253 -499 384 441 -111 -193 185 127 54 497 483 -502 468 -173 188 23 252 -197 507 367 98 -422 -164 317 -244 -92 379 338 121 -129 -181 116 -10 441 -486 -241 454 -128 -358
452 242 -271 505 511 361 -47 188 -322 -346 160 291 -150 130 148 -245 -235 -102 -99 -199 -414 -339 -327 -352 -291 -174 -129 -135 70 202 -234 -22 -247 -41 391 -145 175 -332 -245 178 333 145 226 106 127 154 -465 -213 215 151 -363 339 318 -223 -357 76 -130 -459 163 264 74 51 229 16
86 -429 271 484 -65 -367 10 -24 5 190 -246 169 438 353 94 -459 -474 466 -259 102 -160 58 -298 -58 231 -463 -38 325 -353 -448 -486 246 -183 -355 239 83 139 421 244 9 346 116 -290 -289 106 -27 328 -339 -109 -14 97 307 -241 507 -498 175 -86 -453 57 -319 224 248 -230 132
71 -135 -381 -294 -368 -395 -443 -224 332 128 -472 348 467 -346 47 91 -50 -178 -3 402 -204 -186 -462 444 -127 -215 475 382 181 -171 -98 279 246 -293 -175 275 197 -207 322 208 -64 189 -126 103 51 -299 -417 42 -306 496 -184 326 -307 140 306 -398 -127 45 -191 21 263 -89 380 260
159 -441 -244 221 -90 -148 -200 -18 316 88 -218 -31 444 400 32 494 -38 260 344 25 -263 330 444 34 420 470 12 -457 -133 22 434 164 194 129 33 -203 -235 472 493 28 142 -419 -384 -423 -16 464 210 340 461 510 -12 -510 -184 320 221 496 492 -28 364 30 203 -282 -302 -298
-343 475 11 423 -494 -65 -189 433 -36 -77 -237 -199 442 -388 202 -173 363 -128 425 -342 -197 -487 409 -367 85 -250 383 -350 -505 421 -467 428 -69 437 -58 495 264 288 474 -215 187 171 -33 -180 444 346 28 175 192 -165 -505 -22 -424 -428 -370 373 -265 -287 165 415 407 -437 -325 -474
-228 -448 508 509 428 -157 -288 -318 -106 471 -433 -368 -202 224 87 -259 189 228 436 -190 466 -274 299 100 -269 216 131 -491 -496 20 459 -361 -435 -496 -22 -126 -437 -355 -381 461 -245 -485 358 381 327 12 -500 254 -312 51 495 12 -370 245 -89 -25 -24 -52 52 394 -47 257 487 -61
165 -63 481 -456 413 -312 149 33 -173 -172 436 -109 -320 -484 25 -324 -193 -28 431 57 -327 -89 -183 -449 233 455 -361 -45 326 -113 175 -450 380 -16 253 22 -42 148 -260 348 -211 277 332 -482 140 -444 -333 -105 -432 -356 -377 -148 286 67 38 -389 346 -162 288 -425 -300 -237 -93 271
22 -32 285 212 -307 102 138 343 -96 -437 -311 -19 -241 506 -502 498 -494 327 -178 -102 -510 -335 -132 24 80 -187 56 443 398 0 -401 -346 87 -247 10 285 378 -296 180 204 309 135 -497 172 -451 -379 448 423 443 13 -298 450 -94 -86 163 -144 8 43 54 415 461 -40 -94 424
-65 -243 274 -94 168 -156 -27 -367 -138 477 264 263 482 506 507 -130 -126 -466 240 309 84 -288 155 199 -505 -224 -50 258 221 -444 -211 368 399 -343 -360 -190 31 -483 -440 269 501 -430 -141 141 295 88 -205 -151 -365 86 -205 -394 -465 160 -435 196 438 104 164 -237 -128 -35 165 -439
