308 139 -268 -99 -303 -95 -259 -276 -259 -114 -221 -174 395 -216 252 -94 194 3 30 -377 -455 -421 304 -345 4 111 508 340 115 266 350 40 74 162 271 256 259 -387 -420 408 165 329 -113 91 -505 -216 -408 357 236 56 202 -139 116 -51 404 333 262 -336 355 414 350 375 402 -474
388 487 -85 -456 -176 -362 -192 423 490 0 37 -331 -246 -37 -189 -214 404 202 117 370 -386 187 -156 154 -361 304 126 202 -47 3 -399 429 67 -259 477 9 26 -426 -82 -409 -88 -364 120 170 -103 489 441 46 -268 -503 -214 -430 357 -505 -20 339 502 106 -344 274 364 -353 383 -210
-387 418 -107 -113 -335 -105 238 -448 -211 321 -103 57 461 390 -25 185 -213 79 412 219 -32 346 -94 -422 -411 -498 -91 -450 130 421 -379 -148 -342 -309 -485 -371 -457 285 -164 -180 322 -244 -257 -141 273 291 -254 -180 -273 446 401 -190 -62 -346 -9 -451 -76 -199 253 -94 -445 243 463 242
-364 -495 -296 -139 -308 -369 -101 273 -399 -423 411 -141 -249 -37 38 158 125 220 -334 305 -447 91 -152 -375 -260 189 230 -325 -386 239 -140 -499 48 -497 -7 -369 -47 313 -71 -466 -419 -122 496 94 -236 11 501 -400 -1 -195 -339 -464 -421 -286 162 -305 -4 -500 -195 117 -466 187 -96 46
351 -166 83 -282 -236 157 -481 60 435 180 35 -71 398 -501 294 444 -74 294 63 342 269 11 -447 -451 -25 361 426 -335 120 -492 -373 429 -410 -57 -174 115 -270 -431 49 277 213 195 239 -442 -287 -469 33 75 -252 511 -145 -32 462 -304 207 -266 -465 -400 356 475 -356 -206 -396 214
299 -297 273 -65 -379 452 -270 290 135 488 -360 -334 -344 340 338 -333 428 146 -455 -137 303 -160 294 295 320 258 -148 6 38 482 419 441 278 232 -264 157 -189 -472 -40 -284 -459 -83 425 -353 232 271 372 -401 445 -406 192 433 -61 -450 227 204 100 367 264 240 8 296 258 315
-408 -223 -140 -143 450 -59 -485 161 436 278 409 -143 240 -361 -3 506 -135 402 -305 392 378 392 -1 -302 9 -46 362 -401 -346 302 406 -295 -366 82 -183 -212 139 -30 -333 332 -82 -410 257 246 89 482 332 -371 -485 -147 -402 479 135 394 -229 38 247 -200 174 233 379 424 22 -392
-101 -393 -40 65 51 136 2 -239 -164 -26 -1 -3 -289 -240 468 -129 252 -126 173 -248 108 -160 -30 247 509 -47 265 286 -114 4 -426 326 400 304 460 -496 292 301 -190 467 -307 498 288 426 -14 344 278 -424 -299 -165 -317 -209 -332 -183 301 290 -140 -450 -254 21 404 49 -147 -189
-391 -238 -211 -66 -400 -346 -470 -77 -318 -31 -510 250 92 342 509 -49 265 -433 -349 -91 78 313 52 -281 -260 402 31 -262 -132 458 231 -392 373 -479 17 -19 124 -448 -401 -313 40 -205 -221 -227 -39 78 -451 338 -75 -436 -192 133 107 -239 -20 -356 -266 368 223 -401 119 -356 -290 259
-458 169 230 -93 -257 17 389 -219 237 -207 -42 -352 -390 -510 283 -356 463 61 -199 106 228 -387 502 298 -112 407 -511 -263 -165 199 185 43 -503 -276 -172 306 309 -426 17 61 373 461 -77 53 -115 257 -422 16 -103 -304 109 447 -423 -114 42 -142 108 -441 76 373 -400 -7 -175 416
-106 -41 -231 182 -150 234 -152 -171 218 -120 166 -370 365 493 -327 166 62 93 421 -294 155 333 -436 -231 -19 -12 110 -316 -458 -238 -437 61 488 325 201 -185 -333 10 481 390 116 -94 -199 400 133 -406 370 -29 407 -22 -495 167 127 153 -347 -239 166 -188 -474 -51 413 299 108 202
0 196 440 -396 123 364 101 64 196 209 -137 -452 -440 155 155 -59 418 -139 -291 280 167 363 86 -44 51 -7 334 495 267 -365 484 -135 -305 -300 -307 169 486 -152 -350 -241 323 143 500 367 -502 102 31 -399 -47 148 -293 -52 77 147 -300 -378 45 -359 107 283 -91 271 450 402
-30 -281 370 -396 146 174 37 2 -486 270 324 445 -268 346 -63 291 -388 95 224 118 64 -121 215 -219 205 -93 -445 81 -248 -2 -320 -500 40 14 21 -129 -104 -373 403 321 105 383 246 -478 -399 421 -386 -20 136 310 10 -389 356 -199 -448 166 -30 -341 -282 315 60 411 470 -21
-233 -244 144 252 -267 -25 77 -21 -341 -502 63 -306 -48 -128 -157 91 233 163 233 25 313 -23 -39 20 -239 -38 -488 -476 96 125 508 482 503 -86 422 151 -143 -23 508 291 -478 317 116 288 167 343 432 -141 -177 297 378 -345 -165 -227 -309 -395 -458 -136 -458 58 464 -384 270 412
323 -316 -34 -401 326 407 485 136 -156 -393 -337 -239 405 -157 -340 260 62 -477 55 493 316 417 177 -268 162 390 -309 -55 -25 421 -254 -108 -135 -238 257 430 276 -274 268 -78 235 -99 175 127 261 -307 -408 -84 470 480 -267 504 -208 458 371 -285 -221 437 -353 460 -509 241 427 492
-264 -383 -477 403 -340 -138 -247 0 -157 -148 -367 337 403 -159 237 431 -480 -92 -508 -116 225 -434 -276 -29 499 -463 -132 -264 170 350 -328 -242 198 197 193 -35 -275 462 -433 434 39 275 -287 443 -158 -139 -445 395 478 455 335 -175 353 -347 -69 422 312 -97 -90 189 119 -306 488 472
66 -432 -18 -336 299 231 -233 -182 269 -297 263 -329 314 335 -266 467 238 -345 314 -247 -488 432 -22 -273 131 246 47 -322 5 5 -16 139 -117 291 -439 -376 -323 -58 322 -413 -452 -471 219 -280 487 2 -289 22 -262 439 -56 -369 -97 295 351 -259 195 -54 232 -217 -491 -47 -198 406
-277 -56 -416 494 351 436 -83 -302 -52 436 123 -196 272 315 -234 479 278 -430 -485 -5 182 84 -326 206 -338 151 242 330 -263 -206 -108 492 357 309 216 12 101 -410 -303 42 -361 -162 -341 -269 -345 119 -370 422 129 -465 506 129 -477 -69 316 417 -34 -345 490 97 226 18 -483 -337
425 305 -171 -326 -28 -13 437 13 279 389 374 -268 -486 444 15 -127 3 -392 15 -450 -484 429 -49 -8 504 313 -309 -505 -286 191 -4 201 192 -297 -116 -42 -154 -496 -265 473 307 -402 481 384 395 -172 -29 -284 420 -300 -171 -353 232 -295 -279 -425 207 16 61 -194 -336 89 110 -439
160 -248 -484 -494 -321 216 162 -368 82 -67 -485 369 283 380 -474 -95 85 114 43 -435 427 -342 233 299 -78 -214 50 -10 -437 -348 272 147 148 42 190 -213 -60 359 -115 335 86 -337 383 -426 292 -143 -260 24 -11 -203 -360 -229 -476 -182 -49 -170 302 -404 326 434 -176 405 403 -168
124 -453 -275 213 324 135 456 -374 41 421 -75 312 196 -489 -171 483 -280 185 503 -441 235 -258 223 446 488 56 -117 -129 281 -199 79 -71 -154 -26 266 21 55 356 251 52 -165 -177 434 -509 173 2 -54 -64 -193 506 -289 431 -176 -421 474 -24 -95 260 -3 -101 -41 456 -82 74
-340 -477 201 -68 -504 -131 223 61 191 413 -366 100 -38 241 44 -332 276 -166 -217 64 -15 -27 -130 -69 -482 164 488 40 112 223 -257 -356 474 -330 440 51 -468 371 -168 -377 -461 95 -470 450 -353 308 -328 -492 296 178 -351 -372 82 401 -421 209 -131 -83 37 193 429 201 94 360
-158 -107 431 100 64 116 374 -150 -432 -5 451 -438 82 499 -250 411 -267 431 -427 433 -466 -326 -456 -479 364 -476 111 227 -242 -195 -475 -278 -508 -460 -51 -69 -44 -103 43 -162 -356 -132 372 388 333 336 9 141 110 -418 301 49 86 -274 266 206 -311 355 -417 168 -68 191 -277 415
102 -343 496 12 -329 2 -297 235 -466 170 73 22 200 -244 435 -156 252 -78 189 390 -330 -267 -448 -15 -167 -191 -255 -177 -457 395 -40 -199 -116 -313 -263 -47 169 -391 94 499 306 -267 338 153 370 -106 123 -293 -460 59 160 434 -358 -402 -249 408 288 465 -438 -305 -34 122 404 187
31 -231 -96 -72 20 -373 -171 -386 259 -248 34 468 -447 415 240 -71 239 162 -398 -142 -359 318 355 -380 292 136 -61 -18 375 -502 -293 435 -32 -81 -416 -229 41 -420 23 500 41 277 385 174 84 361 -452 -310 -57 -398 179 -443 172 511 -29 292 -49 -10 226 75 -128 360 177 486
-408 345 309 -407 469 29 -154 -104 -121 213 6 -446 475 241 -172 -205 368 370 -39 178 -347 -240 441 21 440 51 164 -76 -342 474 -51 62 396 356 -245 504 34 233 402 234 395 -160 -40 469 426 31 -195 88 452 -225 360 494 -421 72 -332 -71 174 92 -372 -103 101 -451 63 498
-236 243 -512 -293 455 -23 103 41 -437 189 62 489 274 -353 361 -343 -270 -366 181 -492 386 -43 -127 -326 -438 -296 434 -9 -121 -84 -465 203 -144 -186 278 353 333 -413 -265 -196 17 166 469 -347 -407 293 -329 387 -87 415 417 386 196 -162 203 67 -90 -28 422 -53 -508 -387 504 -175
-363 -61 -209 -285 -321 -94 -203 -186 208 -443 -191 340 -348 -434 -441 -411 259 -461 401 153 -375 -199 -299 321 -187 373 57 185 341 -173 -314 -327 -269 -360 157 80 -1 -182 90 -409 -264 -240 -17 -90 298 -144 57 -512 -4 268 -346 -326 491 116 490 -406 203 -67 -23 -13 275 78 -346 118
-33 -35 -263 -6 95 131 -200 -122 -153 -124 -509 -281 384 -166 -75 -229 155 115 304 -220 -429 -282 131 503 180 -6 -282 -166 -417 -143 254 -18 445 256 180 80 -419 153 -271 226 -410 504 136 -242 40 -179 400 -221 -147 68 43 -72 267 131 -455 -127 -93 -366 -238 77 456 430 298 52
-169 193 34 -378 -345 190 -256 -15 450 51 -339 -95 183 -340 13 458 156 -474 42 -426 -145 208 -340 -414 -131 310 371 -218 341 357 452 393 295 -34 -434 -251 -510 -243 238 -226 -319 -188 455 -161 127 -492 252 263 -251 271 320 369 360 211 270 448 -315 432 -55 -444 28 409 -308 461
-508 -423 265 31 351 -42 -431 -410 152 210 -183 -471 322 -208 153 -136 -338 -298 427 -144 -353 -463 29 276 -366 -386 37 259 -194 -486 198 -323 -165 378 -374 511 69 328 304 50 424 -490 128 -266 56 103 249 -156 -147 -467 312 -489 504 347 -430 -359 151 114 305 384 -449 260 217 -91
457 282 8 333 325 -386 -338 430 325 324 -373 -463 489 369 385 -266 -259 -123 323 -150 -362 4 299 354 -261 135 -86 303 93 -186 -4 -321 -350 -322 -346 126 -17 292 -418 79 467 -178 -440 198 188 346 -233 -171 -52 346 285 -174 226 46 -299 -387 -112 -52 285 -496 21 -316 -354 -20
434 -267 310 431 246 411 218 -184 -238 -234 -379 -343 -372 -165 -47 -202 505 -379 -170 -337 -436 -109 -332 -344 -209 -35 185 454 -379 505 -286 98 -38 468 241 -498 341 -393 -230 -68 -457 -252 -280 -471 388 -43 134 173 421 315 84 -70 -239 288 -442 399 -194 -507 -235 -88 -323 -446 37 -56
91 -253 -482 -325 437 -431 -279 430 -481 -3 362 -60 29 -299 238 201 415 19 43 50 474 244 423 48 -159 417 -49 217 216 386 -199 24 183 -479 241 137 471 -16 3 133 -255 254 398 104 143 -206 465 426 -74 223 -228 109 -499 448 -148 87 -500 -431 -414 -393 -119 -411 44 481
92 -467 375 196 307 187 164 174 -195 329 100 -331 156 -378 421 396 -319 -167 114 374 55 90 342 -136 96 490 164 268 -237 411 18 206 -290 300 -363 -57 -480 -358 -463 127 280 498 -289 496 -364 216 -42 -179 125 443 88 -78 -506 88 -315 -96 446 -277 -119 347 -20 -314 -454 447
293 -270 -28 356 229 -438 235 -110 -188 273 -365 -281 147 -334 -115 264 -336 -453 -41 97 -343 -502 282 14 226 -241 409 -436 39 -57 326 -146 108 138 154 -445 -36 147 -219 475 -184 -366 -121 -8 480 282 -384 224 195 367 -59 280 431 335 428 -508 170 217 -332 78 -346 -99 54 -161
-420 -176 296 75 12 -71 -308 146 283 346 -196 224 -402 -165 -62 215 476 138 -43 -121 107 -202 429 199 249 367 -158 188 135 -239 -98 -242 -379 372 359 363 -366 -417 -317 -400 -450 133 -183 -126 30 23 0 -511 -205 224 -153 432 -400 -372 -238 449 480 202 -462 -339 74 159 -128 2
267 74 -42 223 439 -159 -224 -379 -356 17 67 438 -232 -424 291 -445 -336 140 -70 -335 510 78 87 108 396 200 152 -470 59 18 458 173 235 324 -190 236 112 403 -274 -348 13 77 -449 311 71 14 57 107 -256 56 242 489 -388 470 10 -478 -403 -315 234 -489 -368 420 -103 163
-236 82 34 -398 205 414 -464 -420 259 -378 6 -444 8 247 -146 -236 433 26 -172 -382 -157 -129 -462 216 128 -479 175 -476 -235 -199 417 -207 9 -434 354 -316 367 438 -229 284 -496 228 420 481 502 66 -408 -273 -135 -381 478 153 241 -49 140 22 406 122 -184 45 417 -353 -341 -26
320 -29 402 -99 -509 -434 -21 -448 468 112 -137 -43 -220 14 261 -284 -201 -171 460 -236 245 86 90 -472 123 5 366 -28 -250 171 420 474 42 0 -90 -355 -156 311 163 -465 -391 -351 -397 364 -342 176 -65 223 396 -265 484 -240 -329 -113 166 -484 462 239 326 -237 -313 106 -458 -233
-122 27 284 225 181 -181 483 -102 -91 158 499 -71 -256 -202 40 3 184 -363 77 -445 247 464 188 -288 -230 -241 -13 334 -333 -286 280 356 421 -97 464 387 25 -440 137 298 -421 206 -386 407 -469 511 52 497 -132 486 341 -334 339 -182 197 -111 -59 113 29 211 14 434 -72 -390
-119 -447 -457 -350 188 -80 227 -211 -502 -440 -441 150 315 67 -447 -169 468 -68 49 282 13 479 163 -237 -245 -494 451 -358 -50 -463 -321 -98 112 -214 -164 -187 260 278 229 473 -123 -193 130 205 482 -407 314 271 385 -39 -29 122 -328 13 20 -16 120 203 377 110 -52 149 -421 -449
372 507 -435 -301 -273 175 -367 -186 61 -367 -24 333 110 -134 -213 446 -139 -189 -123 -19 -273 293 157 505 -442 -233 25 -265 106 358 -475 369 314 503 -273 -343 -390 -480 -67 89 283 -279 -227 215 268 -223 -416 -455 91 -208 5 -96 51 373 -491 79 424 253 -202 508 19 -18 502 456
408 -234 -255 348 428 -178 -455 -454 -212 204 -390 82 -416 63 -320 215 243 447 -104 -284 -58 137 -266 206 -387 303 -380 -249 -51 -413 113 -295 -49 190 -126 -455 -241 -382 -18 298 367 79 288 -130 -109 373 309 -154 392 359 75 19 -447 376 439 427 393 -389 428 264 -430 506 2 -178
432 -397 -151 238 260 -462 -222 -462 88 -287 96 160 34 61 -509 -85 -11 -411 -254 160 -302 110 -118 38 106 -352 -444 -337 -411 -103 217 -496 -442 247 -445 -282 -130 107 260 221 -197 85 -332 -28 145 -57 485 98 185 -481 273 44 223 -71 -172 475 -140 417 -161 -257 -384 211 -245 511
195 -395 150 395 231 -477 -271 -211 241 -57 85 281 -330 -177 -296 326 76 311 -352 302 59 117 -154 -356 -1 -195 -352 146 426 56 120 -14 365 -151 -275 1 -55 23 -44 -384 -70 -345 -225 -339 -367 -452 493 -279 -437 -487 262 -179 467 -496 70 -120 483 405 61 -401 -9 -172 -500 -491
-335 371 313 218 -511 338 -510 -278 -8 269 388 -161 335 219 -350 333 -145 49 303 -290 -423 160 -434 45 191 84 -215 -293 365 357 287 -502 -434 -296 285 87 324 250 -245 -120 -6 -134 43 -157 -294 85 -499 -166 313 -497 410 106 301 366 -347 -475 384 221 -444 471 280 169 -236 -170
84 340 -422 236 467 -2 -131 508 -25 341 -115 311 -148 141 -412 -503 225 -235 460 502 238 -33 -377 -313 422 9 -426 -204 -161 -147 281 -268 389 182 -250 -136 266 -123 -247 229 -345 103 -185 266 412 101 -343 334 -191 108 106 -324 -3 -306 161 -280 -493 170 302 363 455 479 -155 134
497 41 149 363 -499 -59 169 -44 157 457 -426 302 207 -425 502 429 -87 -120 -184 -93 315 93 403 178 -359 -256 360 -17 -149 255 224 82 472 257 -101 82 -330 -325 -405 371 60 499 -259 111 -141 182 418 482 98 -70 202 -225 -205 306 -292 -313 454 341 -366 -196 447 -355 430 89
67 78 -372 427 317 -497 145 -44 338 400 -466 423 -119 -271 101 -167 381 -281 -166 229 278 382 -483 276 298 -216 -319 -439 -307 -372 192 496 489 347 -509 393 363 -445 347 247 -471 387 168 -150 255 43 139 -411 -303 274 493 407 -418 -491 -217 208 453 -29 189 -282 -483 210 373 -10
-93 490 -144 130 -274 201 -428 -266 -295 -329 365 -374 -485 457 -466 -193 -147 434 416 -195 -127 -158 -155 226 -158 242 450 -78 158 -477 71 -12 363 -371 461 -332 430 -270 35 207 -378 -427 -447 343 -262 -169 -103 51 163 -261 137 -320 -454 -176 104 -21 285 368 145 29 -227 59 -393 22
202 -404 289 53 258 -322 451 -307 -357 -89 309 -221 -395 378 341 129 -61 458 236 -149 286 -262 -431 443 375 166 -137 -497 -10 227 15 -12 -313 -281 -231 -161 -352 -169 -221 -351 233 -218 67 172 -465 -139 -151 -164 46 84 440 -122 -33 124 439 331 358 307 -43 62 -384 -229 -416 147
12 -85 34 -475 441 -142 350 387 279 445 -290 101 93 129 424 63 -52 19 317 -282 277 -171 125 421 217 460 -200 -227 -350 -384 -182 173 -426 -484 -443 -39 294 -1 14 219 59 370 -125 -152 -144 147 506 -112 270 -175 -220 -237 -457 -235 313 133 453 500 -465 190 447 -510 -54 -488
510 -313 463 115 -28 -100 -102 -431 142 -37 -511 -177 -430 -54 175 358 118 -83 219 -361 308 280 -339 69 -477 146 -84 300 -391 -424 -270 -328 169 -329 -337 -140 99 151 370 426 -306 442 -63 503 -148 -183 18 422 240 -328 419 -203 -188 -36 151 212 193 -278 -63 320 -81 -296 -10 117
-461 406 -78 -399 -478 -80 375 -275 167 -98 -336 181 -405 25 433 -13 297 -418 333 -339 -80 -487 -439 -62 -471 -490 -492 -223 429 -271 -318 337 463 -68 108 17 386 -417 -358 189 -319 -156 157 440 -255 -366 211 379 -45 150 364 -29 500 178 9 -74 -91 -384 -266 -370 99 182 -91 -130
-258 -383 121 414 271 -410 266 226 30 -488 -462 331 -451 367 -355 -143 196 295 489 -361 -301 286 -394 -387 296 461 376 65 368 -322 161 -223 -85 -343 -403 -481 280 -446 -346 106 45 288 -221 311 0 -132 -396 492 -281 259 1 172 -231 -129 -34 -74 267 290 100 129 462 -420 158 83
9 375 -157 -352 54 320 -508 192 222 -434 -164 -214 466 161 43 -140 -59 -286 -60 -430 458 -449 -176 -482 397 -481 -486 -261 -15 -409 392 -345 -40 55 502 419 -196 118 131 323 111 -445 100 430 -140 -234 -7 389 -508 -499 -406 176 403 232 -195 313 -286 -500 405 4 -182 -316 -20 69
309 139 -3 -286 467 -336 -229 317 351 -440 -73 379 180 382 281 -60 126 -334 512 -185 -494 369 -132 -42 -426 251 -391 -443 -240 287 -504 238 -289 -278 110 87 311 -429 150 293 -11 69 247 -335 -420 -400 -321 -466 -98 -225 -104 508 -63 -90 162 -499 393 291 -196 490 -135 96 398 -10
-504 499 -63 260 -503 -228 207 -351 -429 -172 312 -265 318 477 208 -473 -237 13 20 -443 497 114 272 491 -78 -229 352 -83 476 -427 6 -490 394 -28 -177 -341 152 453 -497 166 -465 -21 117 -32 -3 458 -136 464 -152 -246 452 127 -239 -277 -349 150 -97 -101 -509 -31 -30 263 -399 219
-315 20 380 171 119 -290 -200 -50 -123 -379 244 243 -407 145 100 -490 436 -411 -273 -424 -273 42 78 -344 442 -161 204 -196 -242 -492 395 -483 465 -65 -371 401 -65 -7 177 272 -289 30 4 -124 -323 457 -78 417 264 237 299 62 303 -206 -408 149 -340 462 240 127 339 -490 262 -342
248 92 -286 331 -236 -376 391 -288 372 -151 283 394 232 106 -501 -46 -234 -118 -88 -129 50 264 59 -313 161 -292 -437 344 -497 -275 39 199 22 -351 -102 -262 203 381 -132 314 195 345 56 35 -327 458 -222 -101 293 -339 313 -180 -12 276 -293 155 425 250 -460 434 348 -346 332 -387
-288 -20 -68 459 18 133 165 338 22 67 369 256 252 -43 -351 -19 387 157 122 365 470 -262 -239 486 -377 -142 -33 -323 -119 70 -324 136 80 123 -503 -321 177 80 -194 509 -112 46 378 -86 -107 194 -428 149 375 330 351 -118 -362 -465 -411 362 461 -284 -503 -113 -110 -48 -297 58
272 -93 277 -456 -393 61 -443 -236 447 143 450 312 -219 432 -263 167 -154 -25 137 -429 -269 -336 478 -161 -37 -393 -503 -333 330 178 -444 -319 390 154 -223 86 -485 -204 421 481 188 237 388 -226 -303 -488 449 -114 -125 406 73 -107 335 182 -425 408 -255 249 -90 165 -119 -171 22 25
-13 -396 420 -74 262 -230 -154 -247 509 107 232 -67 457 511 253 293 178 -235 392 -459 -512 79 41 -406 155 -54 -503 56 494 -302 -75 210 337 41 -243 -403 266 54 233 -144 -148 99 -102 279 451 -72 -237 309 -252 -414 257 115 234 190 262 -231 184 -181 -74 -215 314 310 109 251
