-374 -161 -424 -457 -10 150 -128 317 -351 -466 -127 -353 -55 476 -465 464 -437 -406 -125 -403 -222 321 -359 139 125 257 190 -305 382 322 -4 -102 265 -280 -116 -184 -20 -425 354 407 28 319 29 -187 139 -452 507 499 -221 215 191 144 -496 167 488 308 -331 98 -274 -304 -75 459 60 136
351 226 77 177 -75 146 -198 -356 320 -355 -219 501 -97 -143 426 156 -265 -306 433 45 -262 -450 -347 39 -162 330 -115 57 163 359 -361 -387 246 397 188 -423 90 392 -410 -307 435 -356 276 -24 -383 -159 -292 348 -79 -303 160 129 -120 179 -249 159 -137 508 475 157 -299 435 -163 -411
313 59 96 -129 -221 280 -220 305 51 211 320 -97 466 177 -430 -31 -376 -509 -19 160 438 -1 -30 380 -368 67 143 -404 509 -284 -251 -406 -177 -254 -152 470 -179 311 -373 252 -448 423 16 39 -274 74 170 -334 489 -250 -214 108 -75 24 -165 182 243 -81 186 34 109 211 428 23
29 375 245 393 408 -217 138 75 -24 194 51 373 -33 379 -375 476 -126 -409 -414 381 -352 321 -214 -195 -144 -477 -189 313 403 -221 45 222 450 160 -397 -502 46 -455 -451 439 -418 -287 -84 78 -158 -3 -356 -73 378 -442 -39 70 396 -28 -398 -103 209 253 50 -135 148 475 -402 -339
166 88 -32 262 -221 -151 -242 19 380 254 385 -236 298 429 -341 179 -99 466 498 -295 -4 359 302 -187 31 -34 -283 -208 -56 16 -86 331 405 105 -371 -96 -134 -475 -187 330 -214 431 -114 249 -507 440 -57 -298 310 209 -496 -63 -399 -512 502 -117 348 226 407 90 -438 -135 311 -403
-392 367 -93 -32 278 496 -22 -255 -109 170 4 63 -355 476 -11 -294 207 -265 -304 -14 -171 264 -439 -424 457 345 86 465 -371 348 184 -475 267 -482 10 -147 -175 -111 191 347 489 236 -175 432 -479 -130 376 -410 6 329 -508 -291 -112 414 177 417 -463 -486 159 -340 177 280 -332 40
159 245 -141 226 445 8 -273 385 240 311 -224 -126 -132 469 140 337 385 221 -58 -278 467 -445 321 -488 -64 55 451 370 317 506 386 448 -261 189 245 -329 390 -461 36 -50 -436 -352 411 295 477 -130 -446 -379 -422 50 -322 202 387 376 -322 65 -12 -371 235 -107 76 -503 -504 -380
-78 -190 206 100 113 255 301 354 -112 371 145 -326 376 -263 394 -474 -404 305 -73 -86 256 -462 226 -73 -461 -297 495 -246 128 -504 -52 -283 58 -298 -171 -115 -6 -242 221 397 -124 -166 -479 237 2 -387 -429 -436 -236 -153 35 322 191 -381 -328 266 81 -159 458 232 443 393 349 497
-163 495 -137 -336 -120 451 -336 -46 -166 -437 -500 -87 -333 246 500 316 -97 236 -454 255 -66 448 -431 334 -384 -408 -315 -280 -367 449 -147 11 -406 -118 -88 180 -253 -347 197 -509 -15 -160 -58 239 -58 -392 106 3 119 -480 466 206 -502 -98 -131 -124 487 -376 132 238 492 323 115 -331
-306 0 37 92 279 409 393 -249 422 -467 -475 -88 -134 63 -113 -367 -312 260 -399 -426 -452 135 -17 -147 -170 263 -465 -26 376 -448 -410 312 219 343 77 -310 -225 200 -424 -281 -57 -293 -409 -139 47 -307 332 -322 -119 -371 241 -370 203 -275 -14 283 450 -52 456 436 -378 474 -393 -270
-351 374 -200 -51 407 -241 134 279 487 -437 13 11 237 2 -414 -5 -355 -228 310 -363 329 -262 -39 -457 363 -223 -330 -403 341 163 -484 -125 -365 -357 -347 134 -336 -212 198 -183 323 -135 -431 110 420 -424 267 262 -314 284 -209 -1 188 22 50 -158 -17 -331 402 158 -250 267 46 -8
275 -59 336 386 459 -510 389 200 -492 174 221 118 225 415 242 -304 -370 230 455 -296 508 -142 -292 340 -324 108 467 185 282 350 475 337 222 -330 147 142 432 -168 -385 -313 278 -444 482 61 -449 390 -284 407 72 -293 364 511 -495 -316 -244 -404 -127 -368 427 217 299 -499 331 69
-229 321 -28 -255 -287 25 -424 178 -365 290 329 313 135 55 -166 296 36 -142 95 -459 -189 404 -180 -265 23 -281 -122 -238 -461 320 -230 385 247 378 -236 262 344 -493 -400 -294 369 -423 -55 386 97 246 -440 -5 -346 -207 -258 131 237 405 178 405 388 241 -373 -254 -249 39 -488 230
340 165 396 -24 145 199 345 309 327 325 78 120 146 -390 -463 -219 -348 497 499 -211 236 -508 -269 -353 -216 434 156 354 -346 -411 -450 46 -19 -29 -390 -218 301 482 -158 -309 -267 -459 -318 -76 -322 -102 413 -458 -276 -144 -54 -206 -288 -209 -304 -103 -233 -317 302 343 209 -501 8 -75
-242 -298 -430 241 367 -173 -111 -505 250 361 21 253 -282 277 81 -367 -265 355 368 498 247 338 382 -398 -186 -113 294 -230 414 -265 -347 -92 -84 272 322 178 194 164 -249 -117 -11 415 -159 168 -269 -52 245 -280 201 -309 139 497 -304 -7 65 -368 498 435 283 403 -4 -78 -373 -355
430 -308 -257 256 -227 57 -267 353 -164 374 -177 -51 -72 -501 215 -348 -220 -13 111 359 284 -111 -254 319 382 -421 -288 -1 -377 43 -161 123 -100 -463 325 406 40 -354 260 -492 142 -143 208 299 -54 39 51 69 161 -484 -492 218 119 269 482 -178 232 129 188 489 15 -308 281 -235
257 -307 444 263 -50 -351 -97 284 245 172 362 383 -377 415 97 135 334 136 -29 423 -23 -353 269 55 -419 -128 251 -93 -483 -43 510 105 99 -433 -179 -180 -270 496 331 -347 218 -145 157 193 -264 506 181 -247 153 367 84 10 -251 -294 -401 487 -264 -155 -233 313 -339 195 -288 156
-383 -160 46 -346 490 -78 410 -374 212 80 141 -107 339 -29 498 139 -423 -410 133 -377 -273 -2 -490 399 14 -477 -147 -161 342 403 -418 -262 -127 222 -200 337 492 -13 44 -495 -269 336 -268 -185 472 -118 -417 -199 332 -37 -34 394 271 -416 -118 -25 487 309 205 485 95 -408 -398 166
15 -293 483 -26 -488 -240 -370 -7 -82 258 220 -307 459 -343 -492 155 -243 157 208 -100 -302 377 -154 -383 -125 14 441 85 381 271 -118 448 106 -468 294 -59 -499 -270 309 268 -131 70 480 -298 434 414 85 -79 223 362 74 338 28 -235 -286 -43 232 507 -189 387 50 121 -433 -263
-439 481 -309 -397 245 287 128 -166 -464 -291 12 5 439 322 -106 -324 -46 246 -392 -209 -223 -271 156 394 -344 -500 -298 -485 -204 -347 45 196 -129 39 232 -448 16 75 210 -401 460 -383 240 24 496 166 335 318 76 -378 -395 -225 -108 -399 278 -194 -115 -131 -170 498 505 -257 -103 -198
-163 69 -490 -421 -437 -150 -418 353 5 -96 295 -451 -409 458 196 -104 375 -272 -305 362 224 -400 -263 -292 271 -285 261 -87 -131 -61 -311 -181 62 -394 255 -186 432 -22 470 -308 270 511 -35 -320 -73 104 169 243 159 -92 -327 106 179 -460 -60 -105 -312 47 -441 60 114 394 112 -23
-291 -366 -284 -34 -363 54 166 -465 -31 465 -131 470 -295 -83 -4 -195 280 -221 353 -204 -215 -426 -230 -95 -112 172 -329 -343 -74 191 5 141 30 486 140 417 422 -170 406 202 -192 200 -17 -453 458 383 -259 403 500 499 50 289 -136 172 327 222 80 485 363 427 148 162 -428 321
-226 369 267 -160 426 224 106 -331 -189 55 -146 31 129 104 -191 271 445 -151 194 -371 153 366 258 475 249 487 -467 342 179 -492 178 -494 -160 78 333 -58 132 233 -99 461 -316 48 259 -388 429 -200 -143 63 -6 173 -138 85 -424 -270 -265 -276 49 471 -90 299 -509 -493 168 23
404 93 -62 185 405 -226 -2 -125 -439 499 -277 480 209 -61 -491 -155 -210 -12 237 -332 -437 163 506 509 -270 -148 -467 394 -474 89 118 134 -122 489 158 -211 155 -51 114 -72 -505 -1 129 10 276 23 450 365 167 418 -37 -292 151 -50 -315 -446 -252 -418 -393 367 -254 364 263 -284
402 -347 -174 -302 -217 -285 335 228 -223 140 -100 -12 -70 -67 350 -137 -331 506 240 456 -126 -490 251 -435 143 152 -76 41 -288 231 157 18 1 -147 323 431 -375 287 273 -384 384 -33 -393 -283 308 300 -81 502 351 -452 169 -338 131 -300 167 -40 -128 413 111 378 321 -85 301 -120
298 494 192 -94 147 -282 194 -103 -26 97 41 358 401 393 -261 -346 -96 171 93 194 247 -364 -441 267 210 -11 289 -89 364 -478 -387 -66 -351 -351 118 28 -265 -497 -479 30 355 -245 -429 -300 -16 -184 -130 6 -140 -505 308 -296 301 -96 377 -144 -452 79 -301 113 367 199 -11 -7
-237 133 45 -506 -248 187 216 -329 -294 389 390 291 -387 129 -362 302 43 70 -482 305 -439 24 321 -500 -381 111 -57 382 -362 138 282 -318 -181 136 -111 -279 -236 -215 162 309 194 -141 5 -302 -165 189 -96 356 -308 -258 316 -106 -28 -126 -308 375 482 -60 -246 -279 174 140 -234 -129
283 -283 430 -468 -270 -476 -358 -402 407 -236 -410 306 509 -326 -268 -3 -462 -169 382 53 453 319 -501 -425 -343 488 -157 -123 66 75 -262 185 142 -53 -431 141 298 -253 -435 246 317 -332 7 -254 -45 382 -275 -304 -404 285 38 335 164 143 -10 -313 392 -403 88 -169 349 -465 190 281
-153 -36 81 -175 -299 -199 -402 461 510 -285 282 435 127 -13 176 -300 -169 -41 84 -226 422 286 505 -279 55 -37 181 333 -303 -39 285 -494 268 299 441 238 379 -200 134 53 -252 -488 -373 296 -261 232 15 274 -330 192 127 130 -16 -310 139 -125 -45 357 -18 474 -323 -302 443 -25
367 134 346 -428 206 -199 -18 226 496 -379 450 157 112 -14 -254 -104 -2 67 2 59 505 -511 -68 66 -182 97 177 269 -259 -27 256 -135 -356 -200 -251 -417 -329 12 -220 41 -279 -149 509 -194 442 437 -434 430 -296 302 261 476 -305 202 212 480 138 188 -251 59 35 -112 9 -502
-342 54 428 -94 501 -313 -250 452 -302 307 443 -425 -5 -123 -162 -407 -110 -448 274 442 -138 153 208 44 -346 -134 301 -458 -480 -290 63 -424 -302 -116 98 412 245 105 4 -260 288 -239 -52 -285 300 -278 -82 -179 -448 -481 58 -6 362 -474 -254 -476 -331 -489 283 68 370 356 -191 -451
-79 143 1 265 -172 -266 501 111 511 -498 -447 331 35 -64 -187 -383 -319 -379 -127 -20 -244 -125 -491 338 -201 120 -142 148 -311 -56 416 154 255 -14 -444 -26 -367 66 -202 -171 300 185 -426 508 1 230 -331 -498 246 -345 29 390 -205 268 152 -479 -291 32 -393 -139 292 153 -116 364
25 106 -318 -140 447 -115 287 61 -126 -54 -304 479 438 258 -70 269 171 -125 -326 -46 79 -4 -117 10 477 -99 -339 -454 -199 215 311 -18 -322 291 449 -38 -339 22 -505 94 452 -7 -432 -227 -278 -195 -231 -260 -427 -499 74 -164 271 373 -467 242 -153 -136 -36 472 350 469 -369 -5
-174 -418 -323 -221 -336 -273 -76 -86 429 98 -85 -262 401 501 36 451 354 -30 -444 197 -408 408 55 417 -431 91 274 -105 21 5 212 -299 -342 -288 -505 -18 -357 -345 -5 91 330 -87 -268 -358 -293 238 414 143 -225 -386 382 361 -93 460 233 266 45 198 -337 -154 315 308 -185 -151
-201 -229 43 -189 376 372 -110 6 457 -490 -152 399 1 317 81 -149 309 364 431 241 20 472 -229 -493 3 171 161 126 -371 507 365 152 376 287 -10 -315 -125 90 119 -377 -196 375 -382 503 -345 -96 324 79 481 -58 222 334 87 -54 -157 339 -401 -464 26 -12 -397 -49 54 504
240 45 -483 383 274 439 -47 -226 -464 13 139 -334 351 416 278 323 -8 5 458 54 -384 91 91 -481 66 113 -177 329 179 117 -440 283 -91 307 24 425 508 -262 -246 -241 -413 449 -414 509 233 -203 451 360 453 78 289 86 178 24 -485 421 -454 -129 -288 -31 346 -293 87 -164
-366 -115 463 116 -6 443 378 108 4 -174 -423 -417 -213 -218 -495 -420 63 203 273 343 335 -235 -512 390 378 -449 512 451 141 -343 15 4 -349 -47 3 -64 35 68 42 -406 -346 -248 29 290 -301 -225 369 -199 -41 -405 -456 -398 -128 337 146 -175 -274 96 190 -269 122 -334 -55 100
-263 408 51 -307 411 -309 -119 436 -130 498 79 493 -55 -12 -23 242 317 221 -87 -229 -376 389 -216 187 490 -17 -4 -390 -332 502 -340 108 -101 75 -108 -187 -417 -469 -44 -9 101 461 -462 -441 -200 -398 30 -329 210 48 183 315 235 -153 35 74 310 12 128 452 333 -379 -501 2
21 -428 -498 233 -493 -74 429 276 230 -351 492 252 266 197 307 -506 -178 161 393 324 -382 -344 -91 -266 306 246 -71 61 128 -312 -137 -392 -485 -155 434 466 177 -67 -473 389 463 -384 138 203 -241 -298 335 422 -75 26 385 -180 -389 274 232 -401 -440 -215 289 -504 -89 348 -272 -364
-241 -72 230 -283 449 -365 302 489 240 273 220 148 -106 183 -28 86 -469 -312 -10 -198 -360 47 295 -32 301 -208 -161 175 333 -219 94 367 -497 -433 16 -405 169 -475 -408 -431 331 306 -359 -417 -205 64 235 159 161 -165 -14 -426 -349 38 -104 132 288 73 -407 274 217 489 -309 -457
476 143 -379 -68 91 -231 229 428 -451 11 124 247 -374 34 -199 -110 46 -92 290 -356 282 -4 -83 498 -357 -482 -400 319 1 158 -207 -229 -395 -135 415 419 -160 -443 -15 39 491 248 410 -331 127 -86 226 496 -47 309 161 -19 274 249 -194 -490 -463 -81 59 161 -441 -314 333 47
351 270 66 509 -329 -342 -230 354 -110 508 321 101 -506 320 -234 478 420 350 457 401 -380 13 -41 113 -278 -358 -398 -133 -285 -174 507 141 -281 -161 222 -380 49 -465 -213 81 369 239 -31 -415 259 450 283 422 508 272 -351 -357 289 -158 -500 20 82 39 -398 -218 -294 -436 477 -153
-311 -266 223 145 -322 -419 50 -65 -223 282 -94 -361 48 -111 -486 283 -221 11 -43 -223 339 18 -350 -179 -509 -449 60 9 196 356 -492 298 -312 51 -177 262 -99 69 393 -3 14 111 -201 187 504 -471 -341 361 232 354 -116 -226 434 -275 200 26 88 -172 -483 -170 419 -407 -451 401
361 -297 76 -325 -137 -185 230 -394 -127 -108 -180 -278 -403 106 77 444 -375 91 -506 -439 428 -116 -294 -396 -469 67 -440 -67 72 334 -81 92 316 297 142 312 55 -426 -257 -79 294 -219 150 402 208 504 422 -315 -332 -493 -284 136 244 -264 -68 -6 309 -313 285 -256 338 -51 283 -32
-134 -434 -383 80 460 -449 408 6 369 382 -30 -208 -28 33 432 123 -440 448 213 -379 177 426 -397 -451 156 137 -297 367 474 -193 379 200 -35 -325 -298 -320 -248 300 431 301 399 144 257 327 442 278 -66 -206 403 -43 59 -287 -7 423 -483 289 -55 464 -279 -136 -294 -336 229 -47
87 115 505 -358 95 491 -71 -299 163 132 -380 -225 -193 -32 208 305 -491 -418 351 -35 -205 97 -440 -509 -150 251 -414 -413 -7 217 -15 -134 491 66 -119 -311 -124 378 136 42 -252 247 134 180 354 -56 -96 -60 -398 330 -57 -227 -466 475 198 35 -305 401 -221 -16 267 -36 450 -263
-175 456 -497 222 -28 246 -507 90 -256 -235 9 243 202 -124 429 -439 -107 70 -428 -188 124 227 -206 425 -238 481 -120 355 -192 -104 -17 -431 -352 -235 -73 -239 -60 247 -176 495 263 337 -233 279 25 -428 -254 98 383 161 278 -266 -372 390 -311 -356 486 -506 155 452 -475 82 -378 93
337 24 211 -195 -474 -474 49 -184 37 245 5 -505 39 76 119 296 -168 414 -481 -44 493 -363 -470 511 441 34 -506 -208 -339 -277 1 378 -507 -178 481 352 74 -424 283 -75 380 284 -219 9 426 209 315 -125 134 -228 503 -214 170 -198 -98 -63 -512 -150 -419 -312 -270 320 437 -265
105 81 72 280 34 177 448 -258 -353 155 -169 182 -156 11 311 148 -116 -177 9 -76 -339 -414 -307 -445 -44 -506 -480 83 330 41 58 323 172 -217 -119 267 103 -144 235 194 -313 -62 -140 318 257 238 -421 -328 398 -417 192 19 -185 -480 366 98 -434 113 253 493 145 28 146 -11
-83 117 -408 -375 -73 400 416 95 259 -265 458 357 317 20 333 19 276 72 193 152 -5 -202 23 -476 112 203 373 348 126 157 -66 101 -232 441 296 -47 -285 -199 -162 198 -190 18 -97 -303 276 486 -458 -437 -59 91 -372 -77 109 -442 445 406 -253 -88 464 509 326 -406 -163 266
-368 384 -114 -155 -42 -189 166 69 -109 199 40 9 -458 342 -314 490 199 -427 273 222 309 -163 9 229 228 506 -341 -141 -214 -117 -146 -120 184 371 56 333 447 384 -460 -34 38 -510 -261 -399 -434 349 345 -73 510 128 -290 -90 489 424 -159 -218 400 265 297 24 -231 -132 -21 -74
177 -44 -199 271 -14 -313 350 14 30 -354 -246 93 89 -355 -267 -84 -285 -479 250 435 -329 51 221 -329 -270 280 -312 155 -218 -28 110 -127 -140 173 -474 -29 401 -115 213 -193 -332 317 -359 321 -32 -249 348 62 -245 -494 456 -198 368 224 -478 242 -413 77 -237 405 -180 -359 273 378
-22 205 -33 209 368 431 294 220 101 -398 -434 -101 -20 66 -144 -276 -225 5 432 -99 334 -99 392 -402 180 -68 137 -38 244 231 -274 -509 150 -82 423 -133 177 -471 22 -321 124 -344 498 -468 -390 -453 -476 -367 203 -461 -61 -406 -113 17 387 -11 -491 -72 -101 325 298 416 -463 -490
200 -323 328 432 -152 335 54 -137 -488 358 -296 -334 165 -429 265 219 6 -135 412 -486 158 -315 462 378 395 -455 -455 -51 -23 445 166 100 306 205 -28 -339 -169 381 443 -130 -97 217 175 -236 1 371 415 152 -7 177 -88 370 -15 423 202 -236 417 -157 121 -357 -494 277 379 108
265 426 -255 136 393 -99 410 40 -163 317 72 -166 -230 -462 -178 -505 -224 -379 49 -209 -469 110 -12 211 180 240 472 189 505 -377 -21 314 94 402 -473 24 -414 -167 -258 426 482 188 -121 191 505 -311 -206 -375 -473 -380 361 61 -395 113 173 -116 107 199 -244 386 104 -5 -442 -278
297 -151 -357 -285 316 432 174 346 -202 -56 -275 104 -60 218 422 300 -196 387 -57 264 215 264 500 -144 -489 132 -131 -43 156 -348 368 -326 -19 368 204 255 140 -263 -8 -303 -413 -139 -282 125 -46 -384 -336 161 453 -414 232 245 -391 -477 -416 -302 -380 -437 -29 -309 -328 -271 454 494
-10 -148 57 164 231 -333 255 -52 -365 -121 -439 -502 -426 369 60 -8 -506 -446 -303 -92 -392 336 169 -95 -105 16 311 -150 -37 -303 158 459 -467 -208 121 -281 471 -238 -333 392 372 -406 -261 493 -409 -98 -272 -129 -233 -210 -3 -223 119 304 -7 498 196 106 334 -26 -301 -229 -405 -240
-115 355 -171 196 -237 216 238 153 510 178 -360 237 -228 -475 276 86 256 25 419 -59 25 -124 0 -96 64 218 260 -120 -465 -344 501 219 -461 -236 -218 -136 -87 189 -334 246 -123 -198 5 118 -209 -68 510 319 -410 412 240 -214 -511 -159 -265 368 139 306 510 239 464 58 -357 -299
-166 -412 139 448 -253 -89 -149 369 -502 433 -219 -276 247 -427 5 -197 313 229 -346 -185 -304 473 486 482 118 98 71 81 -363 80 -417 -122 197 457 -502 422 315 -452 301 266 116 31 -431 -172 116 -189 -500 -376 -158 187 90 294 -85 -93 -210 -38 144 -36 133 -275 378 10 73 127
-271 -396 416 -275 510 372 27 -102 64 -416 -23 -447 -226 -376 -256 -288 250 -164 309 -241 -362 -319 373 438 432 233 -292 -165 -73 -152 255 -251 451 -140 394 467 197 251 241 -117 -133 -417 -319 -354 421 -227 -41 -265 203 97 165 458 479 -430 -388 141 50 -262 -170 403 -228 31 -344 127
-217 -400 -163 -209 444 -241 77 105 -19 -442 345 259 -109 408 374 -82 67 472 381 -66 -465 -204 115 5 -139 -207 -117 -168 -171 199 -307 -163 229 155 462 -434 132 490 510 -297 336 -243 159 24 -345 -395 114 110 455 -183 -256 432 -140 158 -187 193 183 -416 -65 -512 449 -133 102 -233
14 -270 -333 170 -155 256 -44 -381 -66 148 409 -379 78 -482 -304 -217 167 357 436 -432 391 -464 -112 465 494 -102 -330 279 -250 64 -468 88 -32 -95 -325 -19 342 239 -273 207 415 313 -237 427 -74 358 -292 477 270 31 49 445 253 501 -230 -356 94 -441 496 300 406 -75 352 288
131 -254 -315 37 -1 -146 103 -1 -137 290 -439 421 -364 -150 18 318 -218 -464 -31 270 161 -212 158 -259 -280 271 332 337 -338 -460 -50 482 -36 -184 -107 -347 -363 -365 496 307 416 -235 304 323 52 172 -464 490 -265 -464 -260 -294 -222 -97 367 37 306 420 -482 230 459 169 333 63
-139 -418 -307 -443 279 -364 14 -390 430 183 -378 323 -385 -78 -153 499 -167 485 308 -241 41 477 -218 -491 375 -376 217 380 183 291 454 -320 -25 485 -391 -74 393 181 510 -75 -326 -229 6 190 -242 -190 -465 -350 -33 45 -416 342 6 -384 -170 3 290 138 -125 190 -209 -10 -373 -22
