-78 -288 -315 -28 -139 361 167 292 166 480 -440 113 -142 -305 -255 207 -2 -177 -512 386 -240 -120 -2 -231 -332 426 -170 114 459 -61 44 -193 323 66 22 484 -232 -401 405 156 432 81 182 -285 -116 -172 -464 -13 3 -145 -176 -457 -32 510 -225 388 467 -490 -160 115 338 -73 -218 194
-388 -171 119 -148 335 401 -355 128 -43 417 36 196 -355 173 -253 -492 83 280 255 436 170 256 -508 253 350 -258 294 375 47 -307 -489 -118 -497 501 -72 46 -116 -226 -448 -196 438 -116 176 -509 -434 363 -378 -393 -317 -59 362 340 -151 232 -129 -377 70 -149 -29 181 173 -50 -200 -157
502 62 43 374 -290 12 -22 128 -346 205 -122 -231 172 -408 -463 436 -122 -448 233 -469 170 182 -325 286 -145 323 436 -137 -359 -148 170 107 -394 327 -47 -184 -485 405 211 175 -197 -328 464 -227 467 460 -438 173 -365 238 8 -369 468 276 -133 289 221 -300 379 -500 330 114 22 386
-407 -60 -415 103 -56 -111 152 -201 -492 84 -103 -382 288 -500 -508 -258 447 432 -110 252 -509 29 -51 -431 -486 399 -499 111 65 8 79 -374 463 104 -432 -252 -509 -102 -144 157 28 136 172 121 -106 -4 402 -154 -115 -502 230 72 145 -195 -83 454 -1 180 407 486 -457 130 11 321
364 -255 -408 -430 153 260 -164 69 197 29 -113 317 317 196 176 260 252 -368 -69 -449 -329 416 179 -195 -51 -199 -135 -220 -411 215 -469 445 502 -412 306 146 -363 418 -363 -199 500 480 -95 367 -390 2 169 476 221 40 294 -259 306 504 -218 -445 -17 -252 -290 -491 -177 339 41 328
189 -247 390 -265 216 263 -507 366 143 -261 365 -89 192 216 122 45 432 -352 -141 496 -294 -342 119 -475 452 -267 14 174 -74 286 326 255 -432 -278 348 -154 -380 53 -92 333 75 273 179 -180 119 453 -319 116 -185 344 353 -273 -227 332 -420 -489 138 12 -171 -301 -364 106 345 378
-382 -406 -312 -428 176 -61 248 -510 -338 460 -206 382 -369 261 213 10 -58 -271 342 314 150 265 376 -152 -471 459 -386 -360 56 -492 -47 237 429 473 -506 -444 -430 -78 -28 -23 184 434 -488 -39 -4 -129 -458 -291 -261 -447 257 229 132 436 -25 198 470 -426 -133 452 461 -355 300 -497
41 7 495 -364 412 -337 -53 -304 -112 -35 -158 84 440 68 -132 425 -407 -83 115 141 -206 375 -286 223 385 87 -224 -100 2 348 185 200 -7 -92 500 454 94 389 -439 -498 289 327 -20 22 -443 138 -42 72 389 -490 -96 -322 441 4 294 -387 479 -49 -229 296 -394 -104 100 -462
-184 458 -205 178 367 379 346 94 104 -265 345 -410 -370 -287 -253 493 -46 500 -279 150 -203 -64 -480 -497 33 188 -379 -452 58 113 -87 -391 -245 171 -298 156 -433 -190 410 488 159 305 -495 -399 335 -419 381 -494 -137 -368 195 -74 -336 -221 320 265 2 -487 -303 345 -241 -210 -441 401
49 435 -25 251 275 -123 -407 24 -148 252 -116 -137 101 -9 9 384 41 -67 221 -304 -360 -95 -462 275 201 -486 -225 36 244 47 462 320 270 335 22 -132 -201 139 -431 -449 298 295 5 200 -288 -233 49 400 416 345 331 -5 -266 -158 -297 120 210 -342 -161 -112 -263 -171 18 -173
-70 441 -34 22 87 -258 -355 -280 -6 431 311 295 -147 -481 -248 475 349 365 24 -146 329 387 -458 -313 -437 122 21 109 436 346 395 494 450 37 0 -206 135 152 452 286 276 -69 100 18 -153 189 28 -327 -315 -112 184 78 271 301 -62 -492 324 259 -382 -215 -285 428 31 -209
118 -417 -393 -251 395 53 104 300 176 35 14 41 -143 -274 19 -487 -454 -488 -68 147 -295 -24 -409 -221 -258 -282 489 339 96 308 22 497 -350 235 335 492 -99 -442 -337 -189 -287 -258 -242 -328 -208 -379 -461 193 -187 2 -411 -264 9 342 145 -157 -271 252 -433 -38 -479 -314 257 353
-455 11 476 82 -205 -260 2 293 170 152 -302 -23 339 171 248 -156 -266 -69 -395 413 48 -342 315 -393 229 248 335 -392 -281 221 405 -477 331 314 172 -168 286 208 -479 -142 -48 -216 411 -110 253 -472 311 29 -128 -244 408 -77 -394 -34 104 312 108 480 183 -453 -298 334 -407 -294
-188 127 -377 329 426 -55 -377 51 -310 -172 -122 186 74 33 92 396 -128 -190 -137 487 -234 102 -93 509 31 46 -227 309 206 250 -370 94 134 -94 320 317 -164 -73 -51 -194 260 -92 -180 -330 -1 322 -415 -281 -303 55 -170 64 -282 -101 82 454 171 -3 493 -3 361 96 -168 -308
-486 284 480 -447 138 404 -242 65 -108 76 194 -194 500 -182 -182 274 -331 230 262 13 -147 -215 303 248 506 -234 104 322 -229 473 6 203 224 -268 -358 -173 -245 -456 168 315 67 457 -503 419 -143 400 134 -312 -374 127 112 -391 412 -259 329 292 61 -61 -416 296 275 -267 -192 431
296 397 480 -34 -125 -444 236 252 -294 -415 57 404 -61 62 -171 285 219 -218 368 -139 -393 89 229 308 -376 -499 -462 391 149 -434 334 467 423 130 -187 189 -151 -276 216 -83 -176 -97 323 505 150 -420 451 -326 -15 -177 158 -479 -177 -50 147 255 300 430 -14 -4 298 -181 -219 114
310 -347 101 -199 269 420 107 -300 197 -321 131 -354 502 -512 131 22 118 -116 487 -376 356 261 -432 489 -152 -2 452 272 -396 -83 248 86 295 -280 42 212 -172 -289 -129 -248 -94 -315 -409 46 237 186 -256 194 389 411 -119 -416 -434 329 -273 -280 251 39 53 506 430 -81 -178 182
-385 -101 66 -456 391 429 -66 -505 -101 -301 -239 -160 274 -282 131 -64 -108 -228 407 -502 -130 322 -226 236 -208 -403 332 202 -198 -284 -183 493 65 -478 -26 246 391 -333 421 -240 -19 -71 -403 485 218 -188 -356 330 -458 -487 -248 410 -469 248 -38 -507 184 93 -51 17 81 310 -187 442
-94 41 178 286 -334 -418 267 -409 466 170 -131 501 -208 460 454 -15 457 438 241 -109 -392 -361 343 -23 201 -230 440 -224 -435 -388 -489 -163 -466 26 490 443 184 59 113 -207 -96 -296 -365 -87 393 -511 -416 -150 170 176 461 -394 -36 -191 294 -485 137 -74 -263 -59 -509 86 -233 -299
-352 -310 231 112 -415 327 -29 -415 -316 -341 458 -64 -344 -436 5 380 -498 -498 488 -72 -182 -359 -88 -398 -324 -271 148 -105 -314 329 -128 -205 332 -152 -126 -230 -506 18 -135 372 304 259 290 -497 297 255 -78 -402 -427 -336 105 -5 353 -66 165 -141 240 -503 -14 332 357 345 -219 442
465 206 145 -378 57 434 -176 -143 225 296 -294 -50 491 98 -231 -195 -224 -376 356 173 98 -65 -160 -468 348 374 191 207 115 -210 -262 153 -207 315 -40 -303 147 415 -196 136 344 -400 -291 -69 -77 28 307 314 -380 -444 289 27 359 -343 -297 500 -278 -288 70 66 158 -229 352 -74
-288 258 11 91 395 488 -69 445 -12 49 -176 -26 273 -483 -262 -358 394 433 105 92 221 261 316 -178 -485 -420 187 478 -424 185 508 94 341 -75 283 -429 -474 135 486 -375 374 -376 180 456 -362 -381 -330 -370 497 -310 318 509 16 -24 -457 227 491 137 -169 -512 130 449 426 348
-79 -53 102 -265 115 478 -498 -144 -28 416 180 -97 343 263 -59 219 -108 -447 -186 -268 -211 -63 223 25 -469 -209 -429 254 -397 123 -111 62 -287 1 -183 456 -36 -9 219 -331 50 -75 -202 -65 -341 -213 28 -232 278 -44 -242 -162 72 -85 67 -92 327 -478 489 -244 -89 106 -46 -488
-49 173 352 -56 137 -285 -126 -384 -506 -272 -25 480 -402 -496 -476 325 347 -246 -35 -422 -81 -327 372 459 10 1 -207 217 -186 -430 453 414 -153 -204 90 496 -435 -306 -253 -445 -272 254 394 -202 170 483 107 -96 301 -462 -357 123 317 361 396 72 244 446 260 348 -421 489 227 -268
207 -160 -121 -453 477 431 -360 124 265 -414 -500 -289 -419 264 113 -464 -394 -182 325 -501 -207 -93 281 492 -181 420 -446 386 -15 89 -253 -123 -224 -430 -255 413 -364 -261 -478 278 -295 97 -52 -302 -460 286 -142 107 89 -167 -219 471 448 247 -455 335 469 506 -239 182 -186 -125 -484 3
294 -39 -85 -62 -150 -12 490 506 -404 -490 227 377 302 96 87 431 -318 -19 -192 -276 -458 474 -474 -420 238 419 233 -358 453 -418 132 179 -151 -402 -270 290 -259 -236 251 -390 -125 -41 387 -179 -32 388 8 -301 14 -181 29 -98 267 48 -94 56 -87 -45 67 -145 457 -440 426 130
-204 90 37 -205 95 -276 11 -116 243 50 160 -111 -321 -304 -436 -473 402 -25 -26 121 -55 373 434 248 293 508 177 417 380 212 329 184 -294 -247 -238 469 342 -261 -180 -256 -143 402 180 -272 -285 413 -13 -179 329 -375 252 -184 175 -265 -74 -399 143 -306 471 -312 404 456 -122 113
-227 328 95 233 -27 406 353 -397 288 -182 -479 327 437 291 -502 199 152 -190 -111 -249 12 -25 -212 -104 -13 -157 86 405 -170 -48 199 109 -358 429 -91 -6 -303 -2 241 -19 -148 292 -349 14 -378 -246 -340 462 309 -75 102 -24 414 -299 299 -200 298 59 -434 390 258 -60 -154 -12
-383 -30 437 10 -98 469 238 -34 -494 294 -58 -201 -324 18 342 -486 58 49 36 -13 -21 462 138 -40 -430 -424 -268 251 -242 -235 37 315 266 237 138 -50 411 -402 -175 -176 201 -19 -481 338 32 -205 -130 -275 -276 -290 -135 -364 26 319 -330 328 -160 119 -497 368 455 267 455 95
-423 384 -19 -174 511 352 -239 274 295 -435 153 399 -78 -504 366 -52 54 275 123 356 500 363 498 15 507 -22 -439 446 342 475 386 317 -267 -231 -388 -310 350 400 205 -155 -458 498 504 367 70 502 500 -113 82 -199 255 95 491 151 -114 331 -219 383 -411 -188 -228 135 -287 -320
324 338 -277 -2 -92 48 303 213 315 124 -474 505 -79 375 -483 -467 463 55 126 415 441 474 -257 227 -247 236 0 -499 402 477 24 -378 387 7 289 -195 -99 -384 -330 399 309 -333 -481 -427 -425 -59 -471 -395 409 -36 -390 44 445 -370 -351 462 11 51 -476 454 -285 257 301 264
387 239 -203 -500 48 -417 -497 -173 -151 97 -394 -401 -323 -105 51 63 285 284 -261 -336 -479 269 48 -215 -101 508 29 107 294 464 -342 422 -355 -461 -443 -397 176 355 197 302 376 -434 308 -231 -87 -393 10 -423 381 -44 -176 453 -374 -101 -507 -246 397 160 52 289 -243 127 -100 470
309 274 -302 357 197 257 269 -183 230 -163 -354 -290 67 60 -229 -431 -461 124 -8 454 28 -24 -169 -132 -381 431 -328 262 414 -34 -77 -28 -407 -415 -255 145 495 -472 161 -133 382 -349 -59 -228 -504 -352 -380 -486 237 -349 -267 -223 -455 -340 -150 -413 -299 241 -254 -132 449 390 0 -428
284 -271 -253 379 99 -139 130 85 -95 315 191 -232 412 74 -307 -281 274 -315 -70 485 -269 -440 -482 -148 -121 -313 -318 447 -295 265 -457 -510 488 -50 113 -510 -476 -496 310 245 -187 210 -224 503 74 -166 392 508 -50 434 -216 70 141 -346 -429 -98 -280 -150 167 -290 64 426 -186 -482
-460 -219 -437 377 182 236 -275 -200 484 -208 307 -115 351 246 -292 -332 258 499 -354 328 -352 464 76 -260 463 -171 130 144 281 -21 -198 457 452 186 15 -105 -463 30 82 288 496 208 126 -202 -461 -421 -285 329 -416 327 -133 -214 2 279 425 -187 239 236 235 -127 114 380 -144 -261
-295 492 156 -136 -433 -69 -297 501 -20 170 -430 395 3 -480 -179 75 -441 362 219 184 -471 -496 80 -438 50 -46 -281 433 -211 36 284 257 351 -140 -403 369 -188 -207 128 111 83 -344 -78 384 5 -472 78 185 170 -425 402 25 -416 104 471 -324 -74 17 446 -485 -173 276 -228 49
429 139 108 -283 59 237 52 -71 245 445 343 -276 73 484 -36 435 31 -401 -129 -447 500 474 -441 -7 -409 174 -2 -498 -89 507 35 -128 -8 -446 60 148 108 298 297 88 152 -60 -100 483 293 -268 348 333 349 -33 358 296 -419 -191 -302 -231 -104 -277 324 -492 67 423 497 -383
369 64 -361 511 -417 351 -243 -287 471 -362 216 423 77 239 -199 178 -93 161 -406 151 -412 -238 -17 255 5 -507 252 87 98 29 484 65 -240 -441 14 67 -305 12 -96 -500 -480 257 136 -171 306 97 297 -461 0 -8 79 -29 -192 -416 219 24 -429 -335 -137 333 176 321 250 -323
-374 -474 -240 293 -101 303 -485 -34 327 401 263 -1 -92 470 435 427 318 -440 -226 481 -298 -36 -456 39 190 379 0 275 253 -19 -19 -432 -297 -233 298 233 -136 -373 -248 223 -308 -99 -326 458 208 308 -362 -310 -41 -131 15 410 -505 120 -283 306 -134 427 452 -335 188 471 -17 -64
-168 -156 350 336 -338 -476 201 -364 257 87 45 -291 296 -375 126 150 493 -483 181 123 288 -184 163 339 -87 146 -417 256 87 -277 -276 155 428 355 355 -89 -278 -365 169 -482 21 -439 497 -10 -97 -498 320 -169 321 512 -233 382 126 -180 55 221 419 -378 -207 -29 375 30 -381 -317
199 93 313 130 -186 294 -13 -438 -316 206 -322 -438 -236 -411 -320 -255 -37 -300 18 -235 -285 44 170 69 137 39 78 -330 451 284 254 271 424 -495 -276 -389 23 45 -253 374 -90 198 186 -295 253 305 -324 -325 206 123 -51 -147 180 -348 -194 338 -421 -320 -331 -327 -502 392 123 -401
-507 -399 438 440 211 -295 90 -485 -252 -454 -132 185 447 130 5 -362 36 476 21 461 263 321 -143 325 161 -285 -242 412 360 486 120 -332 -130 158 -505 -46 170 505 335 -111 223 -151 -69 194 438 -47 -216 -5 506 21 -406 46 -495 -17 397 -455 -417 207 -286 414 370 278 -246 -413
-208 -204 198 -459 -433 -489 20 -454 -448 -401 411 403 99 133 -440 -240 -172 209 -295 300 -485 -57 395 95 198 -122 -224 155 468 -210 506 304 81 239 -431 -365 2 236 -254 -429 -9 53 -471 -89 -254 133 -263 293 240 428 -192 -233 46 268 -293 496 313 396 -294 -257 -164 -387 118 -50
313 -144 243 -427 21 -489 100 -140 -149 313 335 -153 413 -442 -161 -229 247 -319 -328 -184 76 -204 105 -414 -199 -155 -123 -66 312 -512 5 221 137 234 397 -468 92 -481 -94 98 335 -118 -97 386 -148 -232 361 507 70 392 -392 170 400 -508 450 -339 206 45 426 -489 -61 36 -357 -21
-81 -444 -232 304 -154 -146 -44 78 -51 127 208 189 339 -61 195 -401 -273 -458 -450 73 -153 248 -478 -373 -131 -69 -239 317 -178 -93 -173 -229 7 58 -32 430 -317 -284 -426 50 -153 -50 502 -126 -271 172 -69 -418 -253 163 444 -445 117 118 -16 170 22 -179 -166 11 -301 509 -167 195
-129 324 495 70 313 147 -99 -65 -462 -322 8 317 397 79 -189 -274 416 335 289 -445 -239 -85 272 279 434 418 285 352 -434 -320 -495 44 -380 229 -339 199 264 91 -114 -510 -291 -100 381 -482 -180 156 -71 -218 243 290 -277 -450 59 160 -174 210 -54 -8 79 244 142 -482 176 440
30 -370 341 335 405 358 -245 26 383 432 419 -218 -345 490 286 60 -80 -453 462 -52 -258 371 -466 133 408 -286 270 129 -104 -242 280 491 -31 56 207 -59 261 -86 216 82 -42 -227 97 68 165 450 -207 -370 147 121 -355 370 -390 -184 21 -267 502 -95 -142 382 -308 -220 -172 -175
142 -162 305 -494 267 449 -150 -50 -170 172 -222 246 -207 -180 -159 371 422 -431 -392 -496 42 485 -447 339 -457 397 300 -194 -480 -343 -392 196 8 -41 -370 -358 453 6 -266 -11 -236 -266 347 -339 245 -181 -385 -45 -43 -72 289 -88 -114 219 -348 -492 -208 29 364 -43 -463 231 83 -45
-359 -249 -275 -139 -285 -317 246 -375 14 -159 -170 -382 -196 371 -170 195 -294 147 342 -308 -460 415 290 -328 278 -299 -24 -435 -77 337 -377 228 317 239 322 -235 -184 -269 -300 73 -337 -141 463 -401 197 479 -454 508 394 266 -447 -222 -180 508 229 -469 375 -12 -428 -99 482 -454 -14 498
31 -87 315 155 -459 -275 170 71 -432 272 480 -171 189 31 314 373 176 242 -121 147 -117 -313 -163 23 491 -256 -268 -328 431 149 -433 138 163 -400 -318 -508 -302 430 -189 -266 227 360 -77 -219 234 -144 189 207 7 -444 288 -130 -213 37 -190 279 -326 487 -164 477 -232 -260 -220 -422
400 26 172 -253 308 468 257 244 -267 -389 461 -488 333 -351 -179 477 -37 48 -75 44 396 -249 193 89 476 -406 307 -181 -353 319 -438 -339 -297 230 508 511 -335 -77 338 39 25 68 165 -494 -492 339 -15 42 16 -32 -417 392 -508 433 -382 319 477 -57 274 -421 57 35 64 -125
-176 474 -317 492 302 183 -399 497 496 -419 -211 492 -58 -497 -95 354 98 226 352 -422 149 -328 360 128 107 258 -82 -321 -256 -11 208 -213 -242 412 76 -112 304 -199 -273 -161 92 151 348 -448 506 -298 -318 -27 112 -426 -181 414 109 -415 -247 398 104 14 511 451 -291 -7 -337 -281
108 345 -371 -416 -466 325 37 196 508 -420 91 -332 458 -265 493 148 20 322 -216 168 187 -368 294 205 -297 -189 194 116 395 -95 -364 -454 126 -282 79 275 122 -297 203 -387 -346 382 -135 211 161 -195 147 210 -111 299 74 342 282 27 428 -500 -338 136 404 338 -166 -379 444 499
-180 189 230 -44 -440 155 400 -256 -75 -93 106 250 243 -236 27 13 224 406 199 95 203 -196 -206 -62 481 304 -27 425 180 -213 -73 -113 -40 397 307 -381 85 -165 -65 -314 481 -270 -452 -499 -512 -296 39 -209 -354 66 13 158 97 -242 -66 228 30 -239 -447 432 205 392 422 372
-429 240 -113 -204 -196 -484 -59 422 -395 -329 233 -146 420 -223 245 -134 -446 356 -184 508 -498 -478 -386 302 -153 -78 -440 447 -134 151 -24 -309 304 -456 277 482 -458 311 -51 65 -14 289 -291 165 301 70 -220 -424 -23 310 -182 -349 -431 -283 -157 -436 30 155 -393 414 200 251 281 -162
158 -29 333 38 -473 -488 -103 451 -326 -86 110 220 85 495 -463 199 -34 -35 18 -466 63 -415 453 410 10 -195 -477 329 167 200 400 -163 346 -511 245 -424 68 289 90 -190 -452 -315 204 250 394 491 464 122 503 -103 471 439 -186 171 -295 -368 -294 160 11 -397 -63 86 -20 -74
24 -40 355 429 -469 211 151 460 -236 -293 342 -85 446 380 383 193 -397 -337 207 -257 26 -262 -371 -156 -496 -186 169 -348 81 -335 -56 -213 -333 157 -413 120 -409 -463 -415 -343 223 3 -435 -92 190 -143 -244 -363 -244 270 -488 -304 417 79 85 411 -32 -508 -416 -501 -183 379 332 77
-391 -2 12 381 -89 -14 -475 -148 276 410 -12 -151 -18 -268 -46 -374 193 408 331 279 99 38 -41 194 -266 120 -92 112 281 -393 429 -210 -29 340 -25 -16 182 109 -280 490 -434 -411 341 442 161 -204 186 149 363 -497 -58 191 411 73 -7 99 -192 16 467 -195 -461 -477 251 272
-71 -285 292 -366 -398 -293 392 -236 17 -295 372 -142 199 -331 268 68 -439 409 307 332 154 -356 -144 468 -128 -39 252 -511 503 -227 -199 -371 119 397 69 250 237 -7 -490 -404 -327 -31 -507 25 -404 -97 386 -102 95 -78 -258 75 -440 51 270 91 438 -403 -117 -283 -296 290 484 310
-19 -292 257 -489 -416 182 135 -156 223 -60 507 186 -117 -199 386 70 -271 -448 334 115 241 92 -495 -442 423 -165 -215 -39 -99 -279 -501 -9 202 -49 -419 228 259 -368 396 85 300 -19 266 -117 -313 36 -56 -124 -320 -122 384 -308 -259 437 144 -391 -319 318 452 -298 8 -69 390 -252
-5 -56 101 346 -341 468 292 483 -243 371 457 129 467 204 405 -170 23 -378 -122 129 80 451 -341 -201 -439 -412 -316 259 -260 382 258 407 -272 -322 340 409 -133 -245 -335 92 -404 -55 509 202 47 -307 256 -249 256 388 241 -391 -241 -405 -97 352 18 477 112 380 -324 -141 -492 502
-429 334 -441 -470 -450 -505 487 -208 230 -127 240 149 -246 -450 244 -118 420 -407 -71 -418 -150 267 -214 166 37 -5 -20 14 264 48 -101 -325 195 -141 332 -29 304 146 155 206 277 -439 263 -427 -276 428 -377 -503 19 -112 146 319 -60 454 -404 -50 -17 -362 -252 -303 -120 -357 152 451
327 -9 109 -123 328 -388 -373 -489 311 182 -242 150 -139 -473 -358 -312 -265 -198 402 211 377 -400 -313 -74 -491 280 -26 148 241 -277 275 21 -71 -1 65 416 -285 -416 -397 336 180 -508 -499 278 -313 -284 205 386 486 -166 219 -319 -116 -332 -72 512 159 -455 260 -118 -189 -167 499 -335
-38 248 243 387 -251 139 468 496 95 -37 398 -450 -210 -332 -350 225 -100 2 441 -78 -260 -245 -81 -181 131 -469 -321 244 -206 382 59 337 21 110 -207 -433 87 128 -453 431 -2 -199 -52 114 322 -334 85 -160 -22 504 137 -482 -506 -8 -80 142 -209 185 443 223 145 -239 162 432
