155 901 -135 1637 -95 1113 1522 -1253 -731 98
59 1079 -358 1583 -175 1206 1543 -1297 -697 99
59 850 -67 1648 50 1164 1532 -1278 -646 333
-95 1101 -371 1474 -130 1064 1451 -1498 -551 317
66 932 -194 1639 -9 1153 1529 -1284 -644 274
15 901 -147 1632 43 1205 1516 -1323 -611 364
10 960 -281 1645 -62 1219 1515 -1359 -585 259
-5 1051 -386 1662 -12 1315 1459 -1341 -528 310
-35 1030 -452 1568 -87 1190 1532 -1397 -506 267
-122 1065 -471 1567 -109 1316 1586 -1394 -483 316
-174 1031 -467 1522 21 1317 1632 -1305 -455 381
6 1075 -314 1601 -125 1286 1542 -1301 -544 247
26 1096 -292 1529 -140 1123 1354 -1437 -661 179
-60 979 -281 1579 -28 1156 1486 -1492 -491 476
50 872 -202 1693 -56 1144 1500 -1381 -629 255
23 1001 -360 1599 -59 1254 1521 -1304 -554 184
13 924 -157 1544 -8 1065 1504 -1367 -667 318
41 977 -232 1599 -108 1141 1516 -1367 -690 223
-95 1100 -584 1572 -114 1264 1552 -1289 -456 159
15 952 -291 1700 17 1290 1467 -1365 -540 389
