0.06899439543485641
-0.04931149631738663
-0.0500856377184391
-0.01920246332883835
0.06565500050783157
-0.00555797666311264
-0.04413016140460968
0.043866030871868134
-0.03591901808977127
0.009517170488834381
0.05607060343027115
-0.05313960835337639
-0.05147399753332138
0.03530072420835495
-0.012978307902812958
-0.04253219813108444
0.028791725635528564
-0.02783055230975151
0.03774423152208328
0.018878698348999023
0.08505357056856155
-0.010224901139736176
-0.026870016008615494
0.08506759256124496
0.021376974880695343
-0.061015866696834564
-0.05239834263920784
0.034693680703639984
0.057146213948726654
0.07024534791707993
-0.002104721963405609
0.04180286079645157
0.005838401615619659
-0.017020829021930695
0.016147777438163757
0.06401709467172623
-0.04252010956406593
-0.012936532497406006
-0.039410579949617386
-0.030047837644815445
-0.02709866315126419
-0.0005862116813659668
-0.03817327320575714
-0.03162619471549988
0.06926276534795761
0.07369545847177505
-0.05886822193861008
0.048690371215343475
-0.04869117960333824
-0.04887719452381134
0.07249657064676285
-0.013678304851055145
0.04133967310190201
0.06506558507680893
-0.058737944811582565
-0.06672178953886032
-0.055485472083091736
-0.0005232244729995728
0.08522867411375046
0.06544376164674759
0.07432446628808975
0.06821297854185104
-0.0829952210187912
-0.053829584270715714
