-0.09259256720542908
-0.009185612201690674
-0.018180042505264282
-0.0778350979089737
0.03862713277339935
-0.048832595348358154
0.0812973827123642
-0.02952633798122406
0.11600932478904724
0.027234956622123718
-0.08118273317813873
-0.06748591363430023
-0.01623229682445526
-0.09681153297424316
0.10731123387813568
0.06641080975532532
-0.023811131715774536
0.015736669301986694
-0.11696305871009827
0.03500750660896301
0.007572948932647705
-0.06042018532752991
0.12253186106681824
-0.0008804649114608765
0.0906934142112732
0.11627247929573059
-0.1201416403055191
0.06979535520076752
-0.05608883500099182
-0.08384603261947632
-0.09600387513637543
-0.06796824932098389
-0.10843254625797272
-0.06678453087806702
-0.11484184861183167
-0.07089422643184662
-0.05223025381565094
0.07478725910186768
-0.11852651834487915
-0.016729533672332764
0.08564972877502441
-0.03266073763370514
0.06549955904483795
0.07359355688095093
0.039229050278663635
0.05587039887905121
0.02976474165916443
0.08736531436443329
0.12480676174163818
-0.044833049178123474
-0.11779552698135376
0.014432281255722046
0.0857878029346466
-0.016724959015846252
-0.11778697371482849
-0.01421692967414856
0.049592167139053345
0.002194613218307495
-0.028766781091690063
-0.00858636200428009
-0.01100778579711914
0.11222505569458008
-0.12361912429332733
-0.03815890848636627
