-0.07735098898410797
0.08186931908130646
0.036433517932891846
-0.04290178418159485
-0.03134487569332123
0.11828888952732086
0.024411261081695557
-0.0928502231836319
-0.026716649532318115
-0.10062915086746216
-0.0035697370767593384
-0.05761466920375824
0.02873234450817108
0.03276078402996063
-0.1052856296300888
0.05502299964427948
0.09040293097496033
-0.010675281286239624
-0.04606838524341583
0.052260711789131165
0.10659293830394745
-0.0165853351354599
0.10221816599369049
-0.012000828981399536
-0.06105247139930725
0.07239995896816254
0.08145491778850555
-0.10494568943977356
0.027061164379119873
0.05656521022319794
0.007470309734344482
-0.08268129825592041
0.026580139994621277
-0.06249476969242096
0.03782212734222412
-0.01539565622806549
-0.024987414479255676
0.0006353259086608887
-0.009420648217201233
-0.12255863845348358
-0.02526266872882843
-0.04785582423210144
-0.06944075226783752
-0.0665854811668396
-0.017294064164161682
0.014670878648757935
-0.08001077175140381
0.11601954698562622
-0.03315870463848114
-0.022115066647529602
-0.027197211980819702
0.054227039217948914
0.02970445156097412
-0.07998941838741302
-0.03347831964492798
-0.10772234201431274
-0.09337598085403442
-0.11310794949531555
-0.0425347238779068
-0.019902750849723816
0.0891495794057846
-0.02294476330280304
-0.04698936641216278
0.045817434787750244
