0.030947282910346985
-0.01922479271888733
-0.09186768531799316
0.07188154757022858
0.08372794091701508
0.10018783807754517
0.012474149465560913
0.09875909984111786
0.04742616415023804
-0.002321675419807434
-0.05737745761871338
-0.06964945793151855
-0.09090393781661987
0.08858802914619446
-0.0820281058549881
-0.012505203485488892
-0.06928478181362152
0.046577632427215576
0.08585740625858307
0.10756459832191467
0.09570969641208649
-0.08591118454933167
0.0036889612674713135
0.11703906953334808
-0.09752616286277771
0.004033178091049194
0.11043882369995117
0.03489960730075836
-0.08492031693458557
-0.0851588100194931
0.08649690449237823
-0.07277068495750427
-0.09687440097332001
-0.013734281063079834
0.07746651768684387
0.06531229615211487
0.08260898292064667
-0.061437636613845825
0.1229264885187149
0.0310928076505661
-0.10107280313968658
-0.08795183897018433
0.06515200436115265
0.02497616410255432
-0.08402353525161743
0.06269168853759766
0.07195992767810822
0.04894271492958069
-0.09709219634532928
-0.09701499342918396
0.10917027294635773
0.0983649492263794
-0.009606391191482544
-0.0993569940328598
0.005592912435531616
0.11693571507930756
-0.07127885520458221
0.10832463204860687
-0.07141703367233276
-0.09236975014209747
-0.032847896218299866
-0.06500637531280518
-0.06985747814178467
-0.03084424138069153
