141 150 0 137 -170 197 -340 -29 31 -350 2 -147 -7 39 -110 274 -152 -243 -80 73 -353 74 -312 -145 129 143 -262 295 -248 -281 280 28 155 -27 190 301 129 -9 164 182 -195 275 -344 162 -286 269 -167 -188 134 -136 -126 8 173 -266 90 39 252 34 -32 -59 334 347 199 307 -121 -182 110 77 78 -34 138 -254 72 -190 -253 132 -231 103 253 185 -325 119 -122 10 -293 156 -308 193 -353 59 185 74 -255 -202 -304 -18 59 104 300 281 -206 185 183 -247 -109 114 -94 -112 31 -196 -334 114 -294 -331 -41 -78 326 183 307 343 -70 -122 -26 -274 -294 -232 133 -150
-309 247 -241 -233 -145 150 -206 -168 -151 -213 -130 200 -274 244 -44 -90 12 -258 10 79 -192 113 1 -142 -138 -99 -38 -219 -299 95 54 7 211 359 178 133 -336 -21 -59 -272 -271 -168 -35 -223 -82 -132 -211 252 -338 21 56 -95 301 -181 -349 -16 199 159 -187 -35 -104 220 -130 -87 -359 66 167 297 79 -169 -254 -85 -7 -147 -26 -141 36 -294 185 247 295 351 -188 -332 -232 -206 345 147 -119 186 271 170 235 185 28 -235 -183 -298 236 -362 -104 256 -190 308 -167 50 -20 347 116 279 -20 -57 218 345 122 -150 -94 236 135 164 -74 -284 141 48 246 51 -171 -174
-60 -22 -62 -170 241 314 -145 218 -343 -249 231 101 316 -361 -151 306 -95 -87 -184 98 174 107 128 -319 296 172 -122 89 284 -62 -299 273 127 186 -91 324 228 -348 -35 -115 -6 -210 -284 4 -317 106 95 -186 -50 -243 27 208 66 170 -318 227 107 -106 -134 194 335 7 233 160 131 250 346 326 -238 66 -53 -114 44 -209 -77 -105 203 20 271 100 115 323 258 40 214 -351 -219 -54 -247 155 -88 242 -65 312 190 -299 -236 362 -61 251 -77 -291 -240 -91 63 -187 191 -47 -222 266 -319 39 -184 -183 -43 202 235 148 144 -104 53 -53 60 -12 -86 -70 142 333
294 185 -116 72 123 311 62 78 212 -166 -274 -239 -315 229 13 170 51 -212 -111 -109 273 153 300 332 -328 81 227 100 191 25 -25 89 -299 197 -153 77 -334 313 51 335 90 -10 -53 -32 73 89 -24 -64 -50 -146 188 304 252 -2 246 -57 -96 71 15 -111 214 263 206 -239 49 31 -322 -140 345 -4 352 262 206 -292 160 -60 69 -4 351 -304 -154 36 139 263 -238 326 318 -186 331 121 241 144 -35 -296 -239 162 -184 208 272 181 2 135 17 41 -318 227 -151 -217 276 178 -160 335 318 215 -267 -101 -192 32 160 354 -109 230 226 -277 116 -129 -84 350
83 205 251 -292 152 151 163 194 129 84 102 249 182 325 258 213 97 -214 -211 -90 -121 -153 -122 169 -204 -59 333 325 -53 -238 9 2 26 168 177 -14 -55 -115 -64 125 56 50 -190 -36 -228 -11 7 -299 270 144 -349 -4 -124 -43 149 -39 -324 75 312 -164 250 -235 -23 123 -305 17 219 -167 207 -205 -32 -220 -134 -281 -315 271 -274 -340 354 28 -253 309 244 253 116 326 -300 -288 187 310 -125 43 48 -307 264 -206 -75 325 227 -119 37 340 -121 161 156 222 45 186 343 -23 227 294 181 156 -110 -339 -145 73 177 59 168 -312 -356 -26 -166 316 300 -251
-147 -4 110 206 -10 232 95 236 0 32 -177 -64 270 -233 -349 -121 11 -253 -1 -36 -77 292 157 339 -51 71 20 183 -248 -73 -319 192 360 266 254 -230 142 -76 263 -56 70 -69 54 172 -316 -317 -6 -263 -44 152 -61 -80 172 239 -23 -276 -275 -198 -118 -153 -54 248 180 -167 39 -117 -245 28 266 -360 231 86 24 223 -51 -228 17 323 80 278 -276 -231 84 -209 217 -192 266 48 223 351 43 -336 294 59 -91 256 -144 302 80 -223 289 -26 -263 100 -129 -171 -300 6 -110 -58 117 -17 -115 -253 227 217 77 -343 70 354 317 -128 -35 189 -231 -143 -298 182
130 -79 -242 -355 -264 18 94 175 261 -243 -244 82 -353 -343 -179 -260 -231 -144 -357 20 274 -64 231 313 -102 89 147 172 -179 -288 248 -1 -202 -232 20 95 -256 -22 135 85 -237 4 188 207 -162 -55 349 5 -82 257 -314 -219 -261 -129 -17 -207 62 -169 274 -35 -12 -46 277 301 265 -159 110 166 263 -197 14 -361 105 79 337 -281 171 64 30 -45 -286 -66 47 156 63 287 286 341 -272 -230 -208 -330 272 153 244 -316 -139 61 52 -287 -278 -64 -162 -8 148 56 120 -323 -342 -315 -136 190 -130 -329 -123 271 45 358 150 -68 304 260 -265 -283 -131 29 259 82
-113 -260 -301 108 -352 143 -206 -201 20 193 -88 -43 -162 -20 -61 -331 52 -281 216 38 -32 -77 -325 347 -181 -350 85 103 -84 -248 211 -330 -248 189 -27 -264 148 144 83 -31 275 -313 -350 352 -81 232 -95 -59 332 -178 -9 -213 -332 269 245 -132 -252 277 -269 -212 78 181 299 68 -186 -301 251 346 -109 252 -113 121 123 -225 -190 -168 0 297 154 -191 -20 110 162 57 -319 236 -208 80 -227 -82 -281 -222 58 -307 -334 71 -7 -285 -271 -192 -280 160 327 169 11 241 184 -230 -316 -39 62 -269 -24 -36 -16 211 299 297 28 -84 -112 -198 14 109 -106 -288 -32 -133
27 -150 113 12 75 -319 -244 50 165 -24 256 -335 -78 119 297 -155 -235 -315 -252 -255 109 26 131 -74 152 61 4 -155 -95 -8 -192 -110 126 3 225 -83 7 -19 -167 146 -134 175 359 -66 -108 207 300 -51 306 174 -275 87 348 62 126 84 225 -59 250 208 -188 -335 -314 -245 46 129 -68 298 -57 93 -249 114 -158 -56 180 261 -100 -184 -240 -228 4 191 40 78 310 66 -86 28 0 -55 263 -285 142 350 107 -271 -103 -135 146 9 51 100 -233 -206 228 -43 71 142 64 330 -103 266 -274 -167 315 -355 228 -157 95 320 -263 -211 136 233 274 135 313 36
-126 34 324 -39 131 28 127 -136 -309 -170 199 240 -32 159 -12 85 -30 -108 -264 320 128 259 -79 272 348 270 -193 328 -61 -194 65 158 176 -197 289 117 -128 -142 -116 -95 -122 227 240 -73 -66 108 258 -259 241 254 -314 -134 346 242 189 114 356 -315 132 360 -285 -346 304 0 -191 108 140 -74 -224 -10 -128 -149 90 244 -218 217 18 241 28 -73 -357 -23 351 146 -101 107 -189 15 167 -114 -50 -344 -197 35 -276 -283 143 -350 -251 -165 -41 266 -47 -246 342 -309 -201 348 -2 -88 115 -146 -130 136 293 346 -85 25 30 -79 333 -58 -120 -32 155 95 -11 248
-243 -27 210 -183 139 321 -41 -30 240 261 77 -229 -209 306 44 109 -220 266 -186 128 -47 269 -227 296 215 -255 196 -17 113 151 79 -111 208 -42 -172 -301 178 250 165 216 108 317 -31 -336 199 -57 -68 290 20 -130 168 -332 -294 -57 -218 116 -6 -93 186 249 -319 127 -311 95 26 -219 308 41 -152 206 -347 14 -229 118 -33 -287 168 44 -71 -260 -312 -106 -301 -114 -266 276 -104 121 6 -224 312 -206 75 207 165 215 -201 -301 83 -3 -102 166 152 32 161 97 57 -276 -24 -331 -40 -18 145 -263 -103 -301 26 -38 200 347 -135 35 -347 136 192 -284 -275 -5
-294 -264 213 159 -36 139 -196 -99 151 225 225 -133 -84 97 343 35 97 -355 154 61 -246 -136 -98 352 14 304 -39 -349 -48 325 -164 48 148 259 110 -342 -228 -269 297 245 -134 -129 285 65 -356 185 211 256 -224 -183 246 243 -79 -334 122 -108 -59 323 137 37 48 -297 -173 -254 -339 293 35 -229 -185 -54 354 359 -343 -41 -182 174 86 53 -184 57 128 -356 115 -139 -332 -159 34 -285 -198 -72 -205 -350 220 -183 208 176 214 235 -318 226 20 349 48 -32 97 39 -232 197 -106 -96 -259 -82 77 -157 -125 -336 179 -62 282 269 -29 350 112 -244 143 64 -327 191
23 -277 -219 -244 -99 219 -21 162 327 225 -359 -46 -103 -17 70 -91 -252 -119 276 83 -161 -168 -178 -166 -205 -177 339 -198 -19 358 -104 -89 -243 61 -320 8 -273 138 -339 -139 -306 21 307 -7 -44 -187 217 176 -212 -203 -279 317 343 -347 271 192 -97 -335 204 322 -330 48 -4 -299 9 330 198 214 322 36 247 -297 -259 359 80 340 8 -254 -285 -338 251 -332 -193 -17 344 115 -241 -249 229 16 210 -178 51 -125 355 -69 -270 -348 -197 219 -50 -161 -54 7 164 -189 -225 232 -255 -296 -359 309 -117 336 -22 198 -65 -44 9 -228 -37 -293 307 -129 -103 64 25 306
-11 189 -346 -42 261 -263 -295 -122 -209 50 344 85 31 -206 62 300 -311 257 182 -32 -205 -306 -332 343 -156 4 120 -106 173 -319 140 -250 32 -275 -187 -184 187 312 -224 -243 264 -146 83 19 -47 -354 102 -245 -204 284 -182 -56 -360 176 83 90 -23 -216 248 -221 -318 259 224 289 84 174 249 345 6 -159 -337 86 3 99 -61 168 -255 -149 -156 -262 -184 -7 57 82 -211 59 -37 -341 -220 69 236 -11 -233 103 -316 168 -277 100 -277 -223 -199 61 354 91 -114 211 -65 -99 -238 271 -171 -168 -76 -56 174 277 -332 67 -20 -248 194 -123 -141 188 -44 138 -286 -96
-338 159 301 290 -298 -8 153 188 306 -93 229 325 -33 -327 75 252 -230 250 -345 188 217 -155 -23 -92 -291 42 -255 -111 242 331 -360 312 0 -116 273 -237 195 343 -250 9 213 -358 263 -280 -33 175 -350 198 -204 -285 22 -273 -208 -178 -87 52 -340 164 58 -227 169 239 126 -330 -175 355 -92 -20 -238 236 267 278 62 215 154 94 274 -215 334 309 296 336 48 -205 -272 156 -12 166 -253 208 118 146 -175 -131 -334 330 331 -262 249 -42 -163 41 144 126 -77 -120 52 60 329 -161 311 273 -322 -327 -129 -166 -283 -225 5 -236 -85 67 -159 97 285 -122 -13 124
242 -56 -262 89 302 133 -273 359 76 -108 56 -53 262 -289 93 -176 -138 -331 309 -194 316 21 -183 102 -241 -243 334 -258 -154 -342 -25 324 3 -163 257 246 193 299 168 -151 -305 -11 348 348 109 263 -177 -202 280 143 -182 256 110 -56 63 110 -281 109 -94 -347 -158 51 72 -308 -161 -259 17 56 -2 132 277 270 -10 -295 356 -294 -43 203 79 -327 -207 34 122 275 -360 317 250 -169 -268 -217 -349 -217 -239 -12 -203 61 -55 -244 -46 108 -326 -204 73 337 140 37 296 -279 231 -96 -239 117 -102 -221 271 137 326 -235 171 49 148 -66 251 -220 125 -20 -157 -105
-320 -334 93 -317 117 -90 328 -1 235 349 -228 -266 -128 -22 -50 -75 -252 46 -51 305 182 317 -23 -122 -93 -200 59 229 -64 -35 154 297 92 -276 148 -264 162 -220 152 133 -311 10 -37 -282 283 -44 -7 232 -256 70 -266 78 355 219 -21 -340 205 35 220 -78 6 -155 -276 -187 135 -202 -45 257 -349 153 -238 258 -245 -84 -338 149 353 321 113 -120 -98 -304 341 80 74 164 -73 115 349 -267 -210 356 -257 -30 -230 229 -332 -362 317 45 -252 -70 144 1 352 -27 -89 90 -179 12 -135 -333 -65 -131 -234 -292 213 110 -278 -163 67 -27 -199 -13 -204 183 72 116
-242 -348 -361 -356 -87 213 -334 -347 -235 -263 59 165 102 -301 337 186 306 -353 -30 327 170 -338 316 -253 -301 298 -323 -103 -333 -268 29 -188 170 -10 37 -330 276 94 -29 356 -315 338 126 -72 239 59 -179 44 237 -1 -238 137 -128 7 -212 353 311 -44 199 280 225 161 64 13 -245 256 218 -40 134 162 -258 -322 324 231 -149 -345 52 -330 67 167 -217 79 24 108 -324 169 -18 -91 -46 316 -134 352 88 28 -7 329 47 129 139 -91 31 235 166 145 -209 326 -35 -123 -285 -319 -187 177 -258 -114 -316 218 72 -178 297 165 -195 307 290 57 -220 -182 246 -277
-194 204 223 211 -234 -286 262 -31 -344 62 -161 244 84 -359 -208 -11 -39 -111 -86 -235 240 36 142 159 258 257 -301 131 89 93 -48 -189 -235 166 -103 336 189 56 182 -193 -257 226 260 -142 96 -311 115 328 290 -317 -310 80 241 -209 -62 -200 -39 -280 105 -140 -263 154 234 -131 208 158 -293 68 -235 83 -87 -5 -174 288 -218 189 -187 71 -57 181 -59 42 297 87 -265 -186 67 -282 -319 58 185 -234 202 179 317 325 -329 -311 102 53 239 -353 -185 361 212 97 -39 -83 -52 336 -336 -5 -276 323 109 -111 188 210 -15 -158 -125 -328 -86 -256 -351 300 188 122
67 132 -360 191 118 -274 285 -203 293 44 -340 -77 82 -73 10 -274 255 -360 -268 66 65 258 -190 -247 45 -240 -9 -261 361 -322 199 -175 -119 -253 -39 88 156 268 -280 246 1 351 233 52 -61 347 219 -335 255 218 -211 -68 144 173 258 -308 18 48 -167 -1 -88 -293 248 -354 170 225 354 -321 -42 -290 188 -312 -119 -110 -233 57 185 351 163 -53 157 241 313 341 248 21 -203 87 168 -48 -310 -233 45 322 28 30 9 300 287 179 132 -183 316 -202 154 -119 -93 -107 148 175 -333 -325 46 -270 76 103 250 215 -66 171 157 116 -228 192 -114 124 -23 -44
204 -72 -265 -118 -157 240 203 53 102 76 99 134 -191 -2 -171 -36 195 147 -347 244 -129 236 292 -186 -152 333 106 -190 -319 -348 -174 -309 145 237 -148 -127 24 -330 -198 60 -335 134 -8 174 65 17 318 151 -33 257 222 -238 -10 332 -218 63 343 -189 -228 -281 -157 342 -206 -195 112 361 294 266 -57 -234 47 220 38 -297 238 -308 -60 -358 255 -48 269 328 -16 256 86 -330 279 -154 327 -107 178 143 -190 -255 29 89 5 -273 41 -21 -356 -30 253 -8 -41 -307 353 135 190 -290 -121 188 -304 281 -157 -350 42 -134 -190 -1 316 170 319 -173 -7 335 148 -162
-33 -351 -184 355 334 -316 183 -360 -36 -315 357 -49 -48 -323 148 -318 -11 236 -180 -121 -87 -41 -196 86 20 -47 -181 -97 -5 141 -217 -259 62 -202 133 -39 -299 46 -13 243 -143 287 244 -225 322 -2 -73 304 -332 232 262 285 56 315 251 177 -186 -283 87 274 -361 -314 -4 73 -167 -122 141 -126 307 -174 186 55 -61 -89 -313 297 48 -30 -358 290 -159 156 -94 -202 -219 274 -348 86 -38 54 197 116 -351 -120 230 181 343 67 127 -337 -175 -181 -30 358 126 130 -54 270 122 186 251 -62 -195 -210 -76 -196 195 -223 -98 352 317 -126 362 -258 -21 180 268 -219
-57 133 222 -25 254 33 -175 -351 -30 284 355 -69 323 -231 265 -29 149 28 241 53 -284 -314 -259 164 -343 -190 9 5 169 -255 199 23 293 144 209 -208 205 -258 272 -333 -153 312 282 86 346 -210 248 189 -242 327 158 209 -2 342 265 303 328 -4 150 -221 76 300 -337 -221 136 113 -341 -124 -261 -24 -93 81 -160 277 259 -80 -313 40 -236 319 -95 347 -209 183 133 -259 353 85 -142 -157 190 -93 350 88 323 -222 2 -332 -316 -121 114 -210 45 -43 82 338 40 -239 276 76 118 -117 -97 135 -34 52 22 24 106 -311 292 -43 -359 33 175 -241 -56 40
184 -13 -314 -54 304 339 140 -133 224 -26 -278 -240 123 -332 -35 187 53 -324 -288 319 84 -317 206 328 152 -179 -264 280 -65 -161 159 -249 -34 274 -149 -225 175 -186 287 180 -142 -187 100 -68 198 -89 284 -270 -108 -63 -194 -74 -254 91 -273 352 306 217 250 -223 5 -22 295 10 185 101 -4 201 275 -32 309 295 139 -39 -116 16 -43 -252 -120 -238 -142 -296 321 -340 304 19 -134 178 -331 195 297 133 -222 213 -209 359 53 243 -133 -170 -305 -17 221 -30 -321 -176 -28 -349 4 -240 -178 -290 278 -44 271 -2 -357 241 21 -35 -139 288 -237 -41 352 -323 56 -27
69 274 117 177 157 -96 40 -25 -305 116 -361 -231 -44 -157 -314 168 165 -277 103 90 -231 355 -158 -164 -157 -241 -183 -177 -356 -300 -144 35 -68 155 252 191 -352 12 150 -236 114 271 -227 -148 348 31 44 -162 -286 275 -19 111 258 115 219 -189 330 215 -345 233 -237 329 0 172 330 127 -77 245 351 -143 227 128 -228 322 148 -121 143 57 0 66 -85 -250 201 -50 167 -180 -258 48 225 75 198 -219 -362 -33 -22 -122 278 -3 64 56 -76 -180 -75 -16 -61 1 267 -69 -339 200 286 -51 -298 270 112 190 -57 121 -1 -194 -38 236 301 115 346 -218 -31 -53
81 -78 11 222 -275 -331 288 -58 -212 14 302 -321 -116 -145 -244 -247 -77 -312 -141 -73 -191 269 130 -143 -126 176 254 218 295 357 285 140 -251 231 257 -153 -318 104 -282 -204 -11 305 256 142 237 265 104 269 -173 310 251 293 343 265 -268 187 -107 -190 119 130 -212 174 162 102 192 -85 355 29 -263 18 -205 185 17 -201 86 103 12 -110 88 56 161 176 305 -333 -66 -234 155 -60 -334 246 118 -321 142 212 256 114 -190 66 -261 -25 357 -86 -79 237 -135 -311 164 -332 -188 115 100 346 -15 -65 224 -255 -149 354 -124 303 108 -342 9 227 343 -15 259 141
-310 -157 -113 346 -278 81 -118 93 -294 -260 -71 -123 124 80 -281 -330 -305 125 70 46 320 -263 -74 -212 298 70 157 -49 120 -223 2 -177 294 252 -260 113 244 -268 -168 329 146 -125 -344 -299 -15 18 207 255 -345 -321 -276 -58 337 122 -234 299 -324 -172 -191 354 -307 -239 -18 -323 116 154 -68 34 264 329 31 165 -138 81 -174 278 -197 -44 111 205 68 -291 148 22 -324 249 -362 232 235 -304 349 -254 -160 310 -163 51 -3 -323 263 96 -18 -45 -356 -330 -163 55 305 282 -307 43 261 -69 199 -118 44 284 135 91 259 -260 -129 -139 348 -198 -344 18 360 82
185 -190 325 325 -135 -303 255 340 184 209 -341 -336 162 228 147 348 42 -209 355 123 265 36 -301 275 266 12 147 -216 -69 149 -279 -317 23 230 -97 137 97 -43 -281 -210 -220 298 165 359 173 -341 -11 -244 275 -188 139 56 -123 39 316 270 152 350 80 -140 96 -187 -69 52 62 289 -318 16 112 -118 -265 181 23 94 -236 -66 -6 -343 147 -111 -269 203 224 -253 237 -358 258 2 -297 -191 79 -53 125 -254 188 -290 211 172 72 305 -193 149 256 276 -145 -92 -359 -110 -261 -297 -185 113 1 185 -112 -299 -218 160 -77 -120 -150 -262 -67 253 356 21 -207 281
129 119 125 -174 68 -344 100 270 -234 -245 -311 -162 122 -144 -164 14 -142 -110 208 -24 259 -164 70 -277 -44 -81 -293 109 -213 147 273 113 40 214 192 90 73 -199 26 -136 69 -219 17 -59 152 69 -152 2 104 -194 -52 -128 -238 157 -153 273 -188 -124 153 122 -95 125 -115 -129 175 194 -229 356 184 207 231 -338 90 -5 35 260 248 -131 121 -312 -175 -196 -199 138 -186 45 320 247 121 -245 160 338 132 -308 -216 -356 299 -282 219 85 -71 37 -298 317 188 -232 -119 -45 55 -298 -207 163 -10 338 -233 283 279 29 -205 -303 -342 222 224 172 -58 61 189 -184
31 306 -323 -208 -343 -170 177 58 168 181 350 158 -61 -114 -241 -45 -260 64 -230 109 192 8 -18 -115 -214 98 -193 -126 -64 112 250 -168 355 -210 283 -263 33 330 -198 211 -324 116 52 155 -24 -250 -264 -98 9 -291 -31 128 -337 -302 65 357 -344 347 133 189 169 -260 197 346 50 14 11 -198 352 -193 -258 -241 -179 -100 211 32 237 86 121 168 352 91 204 271 -77 314 347 -341 -322 112 -16 305 348 259 -280 -151 -138 110 -258 -334 156 154 347 288 -66 199 -196 82 -163 63 343 81 -219 -282 -32 297 309 -199 -175 32 278 -231 -204 -87 -306 -264 -196 167
266 81 -212 -310 241 74 151 92 65 304 -105 318 87 -265 -270 140 155 -132 84 281 148 -291 -117 -212 296 -127 -82 124 -215 13 141 -219 341 -112 -12 -70 -188 -334 166 -244 -67 188 -337 348 -83 40 125 -72 -325 75 -347 -265 118 -358 33 -77 -13 137 185 85 -102 -115 160 -312 19 247 -260 207 141 146 349 13 -23 321 -343 -163 162 -194 -167 49 -14 293 -155 22 -259 300 -77 161 162 204 -119 -83 137 -339 292 160 202 -112 -74 333 283 219 -358 42 -177 319 -353 237 107 357 -28 -169 -55 -89 89 302 -233 332 -25 -93 -361 150 -264 345 -202 140 22 -162
349 266 -32 70 316 194 -225 -332 -61 -120 -183 -74 -245 -271 228 -91 223 -158 -264 292 -308 -234 277 -360 -178 10 -41 -93 -330 -271 347 275 83 -73 204 -9 -236 -171 -142 246 -93 92 -195 361 158 -18 -5 -77 80 60 322 230 -75 162 -4 238 -235 -37 353 46 314 315 71 -76 72 88 -288 267 294 -205 -166 265 -209 -290 -101 186 339 102 -246 304 55 -95 -189 -93 317 -159 -166 -308 -194 -154 -104 349 -11 -62 198 276 -151 17 267 -160 310 -26 -169 355 156 309 -292 -259 254 -253 341 -271 86 100 260 -110 75 97 -322 180 10 -43 -23 -252 170 231 -66 29
-155 -315 -283 32 -47 -120 206 -352 -260 -267 50 -109 127 211 89 79 -210 237 -75 -325 52 -276 166 117 -30 -139 -326 123 269 310 359 345 313 109 -52 -284 7 -13 277 312 84 165 318 175 361 243 -237 -264 -137 157 150 -343 170 -224 63 -295 -259 37 -238 -202 -109 -114 264 344 -200 138 -286 232 32 -182 191 -241 167 323 209 -327 329 -154 71 -143 296 10 22 237 263 138 -8 -69 -230 300 -20 360 -100 123 172 -292 -359 -289 247 -312 -314 -3 -168 263 -160 209 247 247 -267 19 -334 -93 -267 -65 221 -166 -354 142 -353 -306 128 -10 120 156 318 -140 -16 123
274 329 356 65 -226 -318 -165 289 15 255 -31 -361 -125 297 -305 154 178 36 293 -320 -127 -45 208 -184 -66 114 3 -312 280 -107 201 181 -87 -108 83 -191 358 -305 287 40 245 317 -310 -141 223 -306 247 222 -97 123 -19 -14 184 19 77 -154 -59 -36 224 221 -97 186 -203 -143 -55 -76 106 295 -53 -265 288 151 -144 169 344 187 -274 304 -95 326 -71 -78 96 -107 -340 -60 -320 -134 219 -157 171 59 202 312 -249 332 324 18 -99 -132 296 156 250 337 -332 -308 -165 83 -246 -206 -19 51 46 -147 326 78 -286 -156 270 -328 6 161 -252 353 190 131 -140 35
9 -104 293 281 25 203 70 -237 352 67 318 223 195 -161 -333 -113 288 231 23 136 33 -250 -117 299 -230 191 -120 164 -23 170 -28 169 -177 80 -86 187 177 237 -42 52 348 116 -103 -146 313 128 116 -351 -45 -219 -8 -159 313 -140 -320 347 -99 -166 -18 -250 -141 -66 210 -123 -50 290 181 -362 -53 -221 -333 -53 88 -262 -16 193 53 191 -255 94 266 -199 272 136 -76 -156 10 -312 -203 -200 48 203 246 113 281 -198 323 -163 265 -137 -140 331 -319 -171 35 -311 -176 -195 -52 165 -261 350 -347 -277 -175 297 -244 -130 308 -361 -207 213 151 -65 124 148 117 225
-332 -226 237 -74 -232 -52 -103 -65 50 0 114 -140 -308 -128 183 -217 -5 279 160 239 -318 275 323 210 -180 -283 306 -102 131 -308 73 298 18 -83 28 -247 -95 -67 -70 -186 201 44 -340 -132 -162 -345 288 -147 -242 -175 23 13 181 -255 -337 -144 254 -202 248 206 278 245 -248 -43 347 0 92 -26 190 -191 221 59 -205 97 -210 -91 -133 -160 -216 324 38 -81 -38 -251 300 -171 47 108 -32 -39 -254 203 -273 -315 3 -288 -246 -44 120 -3 -92 121 -160 -349 314 17 -31 -30 76 -234 102 -55 -138 -48 -61 -170 320 -280 -283 71 148 -330 297 181 315 16 -136 -187
319 -148 52 -293 222 111 -330 -291 -314 -144 -13 -312 39 287 -335 59 346 30 -74 -49 -237 -360 177 -47 79 -310 -99 -257 -111 -356 -139 -284 -45 -199 -150 128 173 -127 65 249 -33 -218 -267 91 246 147 131 -245 142 47 -122 216 293 -14 219 -329 243 281 136 -120 -26 29 -102 -203 -140 1 178 -344 -49 313 343 63 -30 280 348 155 -9 186 -266 38 -71 246 -22 66 -225 132 167 -221 296 44 -226 239 -3 278 157 -81 -152 -93 -281 110 -240 138 -299 179 134 138 242 -190 267 -301 -152 -166 320 -161 35 188 65 250 -245 -263 -246 56 331 -102 -212 54 205 195
-280 -132 163 -325 -266 34 288 -215 229 283 -200 -76 47 -296 290 -294 155 -94 -169 5 111 102 -323 -99 313 -106 -218 -97 -211 -239 263 -269 77 -106 -117 170 244 232 -256 222 -294 -175 -124 -36 -178 116 357 -76 312 -253 300 -144 335 211 296 49 -90 -232 205 -125 333 50 319 256 123 -265 -7 -13 18 -246 -208 159 -362 123 -344 252 281 285 178 341 144 -65 240 -99 55 -105 -106 -19 42 173 -81 166 -127 298 -49 103 -54 22 76 -316 -346 -68 285 85 -59 87 41 229 -2 -29 299 203 -120 -253 -45 -175 39 -296 -294 -235 -328 292 168 -348 -128 -332 119 169
-155 -264 -355 291 -170 -223 249 -42 -338 -231 196 196 -57 143 297 -27 178 -78 86 278 319 227 45 -185 -294 -125 142 -174 145 94 -152 309 -121 78 -249 224 -142 -66 -226 326 -71 90 -75 -248 -60 170 -251 131 20 151 -268 -269 71 242 165 306 -279 249 -243 -251 -89 344 -185 -58 -168 -144 -88 72 -81 215 -199 284 228 128 236 -70 342 270 321 111 -57 239 -121 246 358 233 -107 -85 220 268 337 -225 -241 -140 -247 248 -40 291 -94 -317 279 -22 324 198 -304 264 -140 -212 -328 165 -226 300 69 -280 208 -75 -99 -218 19 -309 -306 -325 -168 329 -334 161 -52 -133
8 234 -305 260 -43 -236 43 271 167 -282 -107 115 -35 114 95 144 118 271 300 -345 -328 63 166 -200 247 37 -178 82 181 348 -7 -264 -268 163 105 -150 -90 226 37 114 -53 297 94 146 119 223 -138 217 -287 -100 322 288 349 327 -317 105 338 -48 123 309 -284 297 -294 151 -87 -49 177 -154 117 37 54 313 210 -3 -147 306 238 116 -199 -31 -103 69 246 -158 -269 -178 -337 -103 -2 334 259 95 254 328 -227 -155 79 -296 123 272 289 310 -218 341 -96 -61 293 22 -26 145 -11 122 -122 -267 -270 -86 342 26 194 242 341 276 -119 286 -131 -60 136 -46
81 -320 210 -286 345 -81 148 -161 49 336 272 43 48 274 172 149 239 -48 45 269 -97 -213 176 -34 -5 -86 -353 -223 341 -55 -13 349 -245 -105 -68 -256 -127 100 89 130 -224 210 -311 143 -349 341 185 -2 184 128 5 113 -216 -81 -191 -62 292 -311 -70 307 224 -49 -292 -22 -193 -244 -339 176 8 -355 290 -122 187 -292 189 107 154 -332 -76 295 -134 127 41 -252 86 -287 191 158 -162 -249 -262 30 -358 237 73 156 347 -90 206 -161 308 -214 41 -181 316 -311 -243 -208 -199 -358 -102 -282 137 -305 -6 330 -243 293 -111 -269 166 62 196 -216 75 -24 2 39
-54 -152 181 124 124 174 -52 359 -223 -307 -327 276 354 303 23 1 176 -275 28 239 302 -160 305 -99 -322 153 323 353 195 -344 -295 -197 -342 -245 54 249 -330 -235 -6 -148 100 104 -254 213 -256 189 -58 -312 114 358 -334 23 206 260 72 32 -295 235 185 149 -350 -286 248 37 233 284 -148 -48 -257 -148 300 -121 169 -180 -36 -362 -192 354 -69 -97 -232 101 -39 -293 -166 310 -209 326 161 -255 356 0 -209 265 210 -352 -157 -73 14 243 -172 -46 -267 -307 -30 -66 359 258 -6 -194 -2 -281 -285 175 -245 -242 351 324 -127 353 165 184 -167 -210 279 -310 -209 139
-64 25 -121 316 -57 -354 -345 -348 -276 303 -215 334 -7 -229 219 -234 -58 -298 62 297 -163 123 -215 61 124 205 -78 -164 154 -6 2 -167 236 -25 -148 270 -40 202 -130 -235 0 175 181 258 190 201 -355 80 211 -62 191 -311 -67 -292 -240 -56 220 64 -20 349 -84 -69 -139 60 265 -13 -116 -307 51 -317 -28 -99 174 165 276 309 346 244 207 275 318 255 175 253 156 90 -165 163 -79 145 271 269 235 339 -261 353 -63 22 -61 122 -130 -318 75 40 320 -287 -124 -295 -346 -20 77 159 174 37 85 280 -229 -146 -126 182 -295 -137 218 214 176 325 65 -143
-236 -154 -44 -158 -88 50 -91 76 -78 -80 102 112 -59 -185 -178 241 310 15 -240 -205 286 -320 30 274 -332 -4 -240 358 -168 -49 319 -158 327 -136 -267 -243 273 -64 62 187 55 132 -100 -95 -104 157 -186 343 -315 -91 168 311 174 76 155 -48 13 -73 -339 -1 -235 -99 8 -147 211 -325 278 227 -291 -135 346 -17 323 -319 243 -92 279 316 169 354 46 209 -94 16 -73 -43 211 254 -265 -63 -335 -219 196 -205 149 -117 -349 236 94 243 -233 -234 190 -271 -289 264 100 73 -236 95 -56 -308 125 243 -117 193 29 -82 144 -135 20 -282 13 329 -351 -86 -38 333
10 -244 -53 173 -93 279 72 -154 -330 -159 347 116 41 -347 -104 -133 237 -109 111 326 9 -108 -160 300 -157 -66 52 -107 91 -66 120 9 277 -7 -287 -337 -234 -339 318 -116 128 -29 -271 -282 -348 -334 36 -284 -275 -6 -187 -6 -120 -175 36 -334 -63 -317 95 8 103 -85 -29 -77 -354 -161 -216 -247 232 -51 83 -291 -202 127 265 -328 -248 112 -15 -85 237 -343 -240 150 -13 252 -37 224 166 48 284 96 35 324 -72 -254 -164 -175 -28 226 -78 -274 -80 327 -191 -44 -66 306 300 -333 -181 320 -41 150 142 -196 225 37 -56 60 106 337 -167 -70 -148 216 -254 -283
-311 -212 -106 184 -139 286 -142 -64 95 -287 358 222 -98 331 264 236 -76 319 118 163 -62 -52 221 85 65 343 -153 -23 16 -223 -310 115 197 -202 253 277 174 -128 -192 195 -145 -301 93 256 249 -196 -97 279 -27 -255 326 11 237 -180 -261 -288 -260 -95 304 341 351 -327 314 -105 -296 153 305 361 230 -180 -180 -152 -143 -88 20 -232 -277 73 56 -353 336 75 249 -48 332 54 127 -189 245 147 -324 198 328 272 91 243 212 256 17 -356 -83 246 91 231 18 -73 160 250 191 -204 200 40 179 -194 309 310 -282 217 -174 -295 -244 353 313 332 -162 -152 205 -334
-138 231 328 307 166 -338 203 350 -119 -177 112 288 -133 -327 -82 237 -283 114 -146 -135 351 269 -195 195 -240 16 27 -187 225 -60 -66 -56 3 309 -82 -71 -260 -226 -70 274 64 -171 -313 108 -108 55 167 -99 -257 295 181 167 280 -61 -194 315 203 88 -144 54 126 36 43 -147 -196 75 233 114 -150 -217 -234 331 265 97 340 -272 199 41 155 -53 -158 229 216 175 -134 216 -134 225 -130 -169 138 -210 -260 -299 162 293 -350 230 117 -145 -308 -291 -85 229 -183 81 -139 -135 320 31 -172 18 76 335 -10 -50 60 -249 -56 -82 37 238 230 51 -246 -147 -281 -84
-301 349 242 26 131 0 -188 -72 -124 -261 -136 244 -159 121 -29 -194 67 12 271 122 -309 -105 187 67 -343 3 339 251 -170 -70 -249 313 5 -245 328 274 -169 -130 -55 90 244 171 186 -266 -39 228 -269 -206 24 233 153 -192 90 176 -313 337 -276 214 -71 -91 -243 -203 -220 141 207 -308 356 -97 -207 -218 303 216 -20 -89 250 -8 133 260 13 -277 -251 -87 -284 18 234 -358 -178 23 -325 -121 119 -343 -330 -330 -103 259 -273 -189 -109 -239 222 -299 1 -184 -278 57 303 233 -174 132 -8 170 -110 282 354 -336 191 -279 202 -270 322 -17 -356 307 71 28 -268 319
17 333 64 -139 142 160 352 325 54 -127 78 -69 238 -173 69 241 -41 124 -87 276 -148 -36 -338 266 157 -348 51 360 241 288 59 -271 354 -266 -59 118 167 -279 266 -207 -89 -96 336 224 154 -350 -344 -299 -181 -218 -358 143 4 -269 -173 141 -114 146 -247 181 21 -160 -109 -319 56 291 -244 -246 194 -208 -219 -339 276 323 342 53 108 -291 -117 -55 -250 26 -27 68 -238 339 -149 -36 153 -128 -75 -78 -256 109 -14 39 304 236 -237 177 -247 179 -229 -279 166 -190 -220 129 -287 195 45 -121 -29 -353 -126 267 -300 343 -261 285 59 107 104 229 -150 -270 89 -58
-306 -8 -42 140 -142 39 -279 97 141 158 -134 -60 270 345 -343 -36 87 -110 -203 133 218 167 -99 -92 283 -27 -239 -320 231 182 -322 -122 305 135 0 -123 -357 -83 86 -328 -200 158 318 289 -268 150 322 269 -335 186 -95 -25 166 105 254 305 -70 -243 270 335 -267 3 -268 -157 126 254 -5 44 -73 -35 229 -194 -297 -195 94 -75 -112 -20 -227 -229 -283 -49 289 -20 -260 -309 -251 -357 -339 -17 236 -92 193 78 309 208 55 -212 -308 -239 -212 -19 200 83 352 127 24 -28 259 260 87 130 229 247 237 -8 -174 340 -8 10 132 80 -94 34 -17 -14 113 -335
238 152 132 -189 320 -201 335 -147 140 170 179 292 94 -262 284 291 -42 33 -290 -167 -358 215 23 -47 272 -188 -360 14 194 -118 354 -267 -57 202 -27 -136 128 -187 285 -255 -188 -264 200 92 -163 -341 297 123 303 -344 22 -103 97 254 -159 -36 -327 170 -14 -263 198 350 220 182 117 6 -223 -275 -342 129 65 -26 -64 312 -193 337 -69 -168 -274 -193 -227 224 -171 298 125 -87 192 -324 -188 -156 66 -277 223 269 114 109 -152 -322 334 143 -13 -40 -165 87 -325 243 294 -51 2 184 -100 -47 -64 207 15 236 -89 -161 -35 -269 -244 -197 276 -222 136 282 -289 -186
-332 -101 -125 231 -1 -154 -168 -141 -116 -193 200 -234 262 290 -284 -273 -213 225 137 -248 -157 -334 331 305 -53 -197 240 87 -334 -13 -200 -77 103 -158 153 -69 -86 -105 -279 -146 -258 231 296 -281 26 12 -294 -141 83 -237 -168 27 308 -263 247 -215 226 115 -361 -329 -324 -150 194 -185 143 -168 -188 329 229 86 213 -75 -167 -58 -333 174 41 57 18 -154 -57 -221 34 140 133 310 -172 -274 205 -329 -65 260 251 131 -204 -309 149 125 -189 -321 -323 260 -115 -205 -169 -216 -252 280 154 108 -346 346 299 248 135 21 -323 -93 -20 196 158 231 287 -213 -84 -218 -83 3
-159 -104 59 108 350 169 -193 -12 -212 -151 -86 -92 -141 52 231 112 96 -163 -154 -74 26 -354 -281 -48 -126 361 -357 87 297 255 -300 -71 46 352 263 102 -267 233 143 -295 140 -20 266 -335 353 4 -200 1 -147 272 48 -123 -11 -190 100 304 -349 -78 249 -73 343 -50 -204 345 -262 93 309 -114 -279 -324 109 278 347 341 204 251 -39 -227 -37 261 109 295 158 252 -16 187 308 -250 231 204 292 171 -194 -249 223 330 -204 -166 -208 45 128 -133 -94 -69 -228 323 330 -17 230 18 155 303 -118 194 33 -211 -296 -121 -168 -204 245 166 150 23 300 239 287 -336
-38 -243 -347 56 317 115 -134 344 -30 87 -204 -19 -293 244 -153 121 181 -20 -254 -132 274 243 -214 175 79 282 236 178 53 -350 145 254 -51 26 164 34 68 -234 -159 -122 -265 -199 -219 -176 -129 359 58 119 -165 31 -37 180 164 336 -130 30 -84 -268 -153 57 -23 -303 -258 29 228 249 -98 -87 -85 247 331 177 343 -292 311 181 -135 245 45 -270 -263 -102 -122 -48 306 40 273 21 75 -354 220 287 249 162 107 280 138 347 -145 361 204 -119 -202 -323 151 -92 155 41 -327 -69 -203 -233 121 -61 96 155 -109 -188 -315 -1 -188 -267 132 -236 -337 -355 -269 -340
-233 334 -65 -248 83 -187 -60 -47 -115 355 274 229 -199 186 -9 -14 -314 342 -337 206 -224 37 151 343 -126 -245 105 245 -35 31 240 260 -122 -101 119 -3 334 235 -212 59 -160 -103 -91 -10 -38 -37 -171 255 85 256 210 122 -312 -52 156 -285 6 -27 53 279 -4 51 191 262 -268 -324 123 -295 284 105 314 -222 -336 71 31 -147 303 -134 191 -74 19 -206 20 -330 309 138 -264 163 -27 -258 272 -55 -72 -45 132 68 -119 23 175 33 -176 62 74 292 -223 -270 174 131 -31 -189 360 355 221 76 -326 -40 -127 58 323 -101 -220 192 218 224 -10 200 330 -79
-311 234 41 139 -296 -228 -260 -327 281 61 -131 -52 -70 213 -29 68 155 82 -149 -198 66 241 -207 322 174 142 -113 -229 315 -13 -99 152 -261 153 27 -179 -161 -277 90 -135 273 302 -171 -291 -262 -139 130 -346 -309 10 -165 -108 -173 -331 -193 84 250 -285 43 76 57 90 339 167 -105 204 -235 -285 -340 344 243 -214 -135 -349 282 334 -157 335 328 248 -212 -60 -17 -172 -142 -321 351 -168 5 113 147 -325 340 152 -264 16 217 294 58 -79 -98 282 -318 -314 -145 -74 49 12 11 -37 -1 332 235 -94 -128 -227 138 -147 -139 -302 -340 25 262 177 -275 -207 90 -55
41 -146 -200 49 -62 -333 -265 190 286 -138 -289 -228 -10 218 66 -163 -273 -93 199 -339 -282 -177 98 324 -164 326 343 46 -360 349 -320 -64 -235 -136 239 295 100 139 -17 -289 182 -304 -112 297 357 307 -274 117 47 -248 -204 -180 -287 -56 -74 -22 -345 -137 230 13 331 -53 -29 -217 232 -299 49 100 -340 51 -11 -282 317 5 189 -89 -167 -10 -114 -305 -190 -157 96 -210 -132 -229 -23 -227 -293 -76 -6 -20 297 -72 9 -174 7 78 17 205 62 91 -244 -220 -291 -103 -298 -81 -301 213 -48 -314 260 -267 -128 245 308 30 38 -269 127 -86 152 136 -235 139 -86 267
276 -195 -106 308 26 -9 87 157 -99 -80 -263 172 -323 -13 -58 -85 -333 -358 -110 110 200 -166 72 14 -334 -105 220 344 102 -297 -306 -135 145 -312 295 272 -320 58 322 -180 142 81 47 -318 104 219 322 -119 -104 -11 -181 299 320 329 94 -235 -162 109 -256 -33 284 125 -57 260 -3 140 -201 -163 327 -47 108 225 -233 -282 -30 278 -22 -67 5 -354 -74 -271 -219 176 -345 -56 82 -133 -330 321 -282 -141 173 58 122 -117 12 316 -189 -277 -160 324 -101 -323 27 -256 -54 280 -71 -187 -39 201 -38 -304 -261 52 -243 -93 -165 141 213 -359 220 283 -135 309 268 -330
300 -266 169 313 272 191 326 -35 -338 -279 206 -309 -200 317 -317 7 -178 -344 -295 335 -188 298 -128 189 58 309 -350 -83 266 263 174 -300 -75 -223 63 -94 -303 -71 115 -304 -49 61 -311 -133 -120 290 268 67 -264 159 -207 -88 -312 299 23 115 -63 -245 317 -133 320 301 137 -120 -38 -260 -58 255 359 157 262 -270 -113 172 -167 208 -315 234 -270 266 -88 264 -145 19 191 51 298 -352 47 48 48 -252 -245 49 19 -202 -74 189 -38 -223 -191 144 -185 -128 334 -102 65 308 246 -359 -185 -244 5 -131 -40 -85 -183 131 -265 208 -248 -262 96 -9 -20 -48 -342 -63
-160 -190 -47 -165 165 -116 88 -142 58 -101 42 -226 350 -142 306 -359 -282 -149 44 -179 146 122 -4 -267 32 260 302 -354 178 279 256 2 16 76 35 284 22 -353 237 128 -99 -331 153 214 362 -122 323 -143 239 27 -360 -80 -94 -74 -49 -275 -306 -41 208 3 181 -282 23 -255 86 -214 -105 -286 109 -278 -130 -70 22 34 250 -95 211 288 -284 -317 133 282 -196 242 252 256 -276 -291 120 124 -153 112 -74 -58 310 131 -247 111 -265 -81 -240 -101 261 -360 -347 49 -328 -20 200 -147 10 21 11 -139 -256 -332 -68 257 180 135 -151 203 290 306 -121 103 111 238
-261 24 87 116 -320 200 -205 -316 -361 98 85 -137 -230 129 113 -236 -163 -83 223 115 -270 -224 116 244 -272 -47 -169 99 -313 151 357 -114 161 331 -246 227 -331 247 298 292 -4 186 108 -242 -70 -286 216 -315 -311 -101 256 177 233 271 303 -335 217 269 -9 154 -181 192 168 -338 -199 -119 -32 -54 -306 272 357 329 -117 -223 -76 -46 210 73 -336 -326 241 273 -127 224 -128 -170 -329 22 -32 93 -69 -86 -275 -77 -277 -198 232 8 -76 -102 -7 266 1 -276 -201 141 -292 -4 -290 11 274 160 -298 132 259 -282 188 143 -44 28 216 -189 -222 -74 -109 -24 11 -195
16 -6 188 -18 237 204 257 -32 71 -312 -251 -214 39 -107 262 91 356 -3 155 -54 99 60 313 -61 170 4 -222 -194 -284 230 310 -336 -357 199 134 -282 -188 196 -71 -156 -192 -208 64 -241 146 -95 8 -280 -92 -102 348 47 232 -324 320 -285 274 70 24 -280 220 135 -237 149 123 -48 300 36 -166 -221 -194 -29 -8 175 244 -62 -29 -330 -295 -4 108 347 -68 -361 16 -128 -247 -289 -46 -26 -353 4 95 -189 -275 59 22 -246 187 258 -128 31 -104 -121 27 281 -150 -334 338 -113 -146 300 312 -212 70 -148 -22 160 142 197 -246 340 -276 -335 -150 -57 172 -38
-215 35 287 -118 -240 -12 312 -75 330 137 212 -149 -149 24 79 -127 127 -332 25 232 -345 327 -42 309 -307 325 188 -259 -132 -56 264 -305 82 208 219 68 -236 -233 -54 -94 -362 298 65 100 -118 170 163 187 106 -301 141 -158 -205 286 -193 124 354 -145 -315 -359 335 182 74 -303 338 187 -9 67 84 362 118 165 -206 -45 -116 -310 163 172 -56 306 -358 216 -65 211 1 -310 -90 313 -104 57 335 -295 87 166 -95 -170 -322 -330 -302 128 296 -49 -334 260 -154 311 253 290 63 24 -156 -161 118 -277 58 -30 271 -58 226 2 -155 -56 22 -226 -315 288 -37 347
249 101 -317 -100 129 -129 208 329 95 -169 -291 -319 -21 324 256 -208 -97 -108 176 -130 60 304 -111 103 -205 186 330 210 -58 2 -338 23 -115 -189 87 -163 -314 25 -183 -179 -308 -274 -75 323 -225 -51 -214 35 -223 -127 -63 213 176 1 169 316 -24 172 21 -122 -197 213 -274 -37 84 -89 105 234 77 -196 177 31 210 -253 -163 -215 311 -317 -60 312 -117 -245 193 246 274 151 -53 -320 165 -76 -163 -73 11 100 299 28 37 -361 267 354 -294 330 -200 255 -326 132 -232 137 211 -324 -311 335 -45 253 -12 -260 102 -301 -2 225 -72 -10 -351 -153 268 172 -135 -324
