375 14 -276 -232 240 -281 362 -444 55 80 -447 266 -441 397 -336 92 -50 160 399 -2 464 362 493 193 -137 -342 276 -310 371 407 -157 -156 249 -325 -203 358 -100 263 -474 264 391 157 405 -65 157 249 -491 52 422 47 457 67 -480 395 -427 15 -284 -325 -204 345 -115 -32 222 316
-318 316 -289 498 -389 -18 291 362 -198 392 -244 343 345 -483 -171 498 88 17 114 -308 234 423 388 -387 -367 -91 -304 -285 -355 88 -505 -381 -166 71 440 -269 476 -463 21 -1 338 274 -500 104 -392 183 20 369 -235 431 -296 -270 434 323 206 354 395 511 74 81 -84 186 -265 -404
112 251 137 -154 504 -319 -510 498 -375 379 -135 -202 -87 -281 -208 -459 -112 -128 335 -179 384 -183 215 65 208 -227 -365 -157 -511 -173 317 -509 -357 -203 448 433 -21 -284 -254 349 -316 -499 446 -261 40 342 39 416 401 120 437 98 105 -321 425 60 -170 -59 191 -355 362 -45 93 -397
47 -101 -135 -352 55 -32 -479 75 79 42 -453 55 -83 -330 23 156 -196 272 -327 163 305 -123 373 -472 81 133 -325 306 204 492 -5 -405 -202 75 -154 437 174 151 -427 -30 -256 -511 477 296 -245 -338 -7 239 469 100 63 -495 -88 269 266 207 460 -320 -356 341 -226 228 432 -201
98 364 434 428 391 -427 461 -494 461 -140 160 312 -109 191 -471 -258 -477 508 -416 -509 489 506 -267 283 344 475 17 460 457 -333 431 365 -88 27 -93 -265 440 -223 442 -296 -163 -482 75 219 -244 65 313 18 270 42 -468 150 489 -145 460 -366 -189 -206 -404 150 -32 -192 -269 -189
475 383 -134 -428 326 -466 507 -150 496 126 286 4 275 66 115 409 -467 297 346 24 -467 390 -268 419 327 -511 -497 339 -490 -486 -142 335 447 -479 -230 -48 -351 -28 -102 319 -463 453 56 -23 -189 -68 -166 -414 -231 270 -34 -215 429 -292 -502 -310 460 -299 -96 108 499 413 -393 -48
-503 176 205 -254 248 -341 356 397 261 -299 -353 60 490 -324 64 355 -138 -93 226 276 264 -146 100 -509 405 8 110 -63 321 -337 -110 464 349 311 222 -28 -187 207 66 405 -249 214 344 -378 -242 -290 -135 -387 464 59 473 187 85 -150 351 363 132 -403 502 334 251 -43 489 59
61 -84 -442 378 83 233 139 -366 131 45 20 324 -225 167 209 -436 -84 -460 -460 377 -40 43 16 351 -452 -381 -454 1 -304 80 -408 9 442 268 -30 126 20 367 -297 326 80 26 -94 -498 -76 188 -6 -54 -121 -494 363 -67 289 -504 445 392 332 -232 219 270 90 -243 -464 -337
434 291 -379 -4 -311 209 381 446 -271 -385 -507 293 -18 -191 -82 -205 11 -6 188 422 -432 -19 -226 -239 65 -225 -299 6 -286 230 90 -503 -67 -415 -147 384 -508 133 -489 428 156 489 154 -451 288 -189 385 164 448 -171 311 59 70 -399 -285 -445 339 -16 -5 491 -243 -443 -484 -226
-405 -407 240 -109 453 502 -232 -323 -288 -463 -351 5 -143 320 106 -27 -453 138 -86 339 -50 -117 -3 -142 -444 -197 -360 -386 -118 -425 -316 -102 122 -476 -134 -134 492 238 -403 90 400 -235 414 -206 339 -392 164 26 467 496 -236 404 434 -384 58 -305 -292 -141 -372 350 -464 368 308 501
-506 443 248 -328 405 267 494 449 -224 -253 338 -72 -201 352 67 59 144 58 18 95 98 -490 -84 -193 284 -269 493 120 -32 75 25 -376 -446 -273 -144 314 304 -440 -175 -412 -243 -339 -49 -483 -315 362 -448 283 -38 -198 -107 504 -142 -144 213 174 426 180 -94 173 -187 -456 -369 -154
42 -32 -443 -505 280 -104 135 -213 455 -390 -21 19 194 -350 -180 -111 368 439 -234 219 47 419 89 255 -374 199 136 -163 -478 -181 -176 -434 208 -465 171 -143 -95 -120 -11 -378 -73 336 -276 129 173 164 9 238 -315 449 453 140 432 482 -174 -199 324 445 -152 -150 166 146 139 -386
-366 420 91 445 -224 190 -400 -289 399 233 20 100 -149 467 148 416 -154 -25 134 -213 -349 -309 -274 471 -191 -185 385 -127 -79 101 -230 -141 -341 361 228 251 455 -418 492 381 188 416 -73 432 -399 -421 -186 -143 -385 -107 221 -453 277 43 -245 150 -392 16 -483 -93 -491 425 3 -425
-351 -292 399 182 177 134 -60 401 463 491 155 -58 12 -117 -484 378 475 -309 -175 478 384 -344 304 66 -160 477 -131 71 -79 -464 195 -375 43 -425 154 226 -270 16 279 -457 -297 -215 -342 260 -444 -371 186 365 86 -78 312 -381 458 -360 141 -159 271 -489 -306 506 -459 92 -65 498
-309 -52 360 -338 351 496 122 -62 -230 11 -437 -396 397 339 113 213 309 -343 11 -266 48 46 -164 -146 121 -510 -334 -98 72 148 120 -417 79 363 41 -372 -48 -148 418 10 243 200 -14 -273 3 146 467 485 59 157 -418 264 382 205 210 -147 -211 245 332 -201 -186 336 373 112
-460 -342 -140 99 -467 496 206 350 -429 317 62 -255 -341 -15 -269 -220 -412 282 195 235 82 467 -287 -480 4 45 -2 390 -177 -163 28 -335 157 -125 -73 278 -76 -178 -115 -486 -102 -275 187 -428 139 -105 -353 503 115 83 -22 359 -16 200 -192 -147 -83 -445 -291 -27 -122 394 -63 -288
-454 -83 -148 -273 169 -99 -293 285 -114 488 -24 -108 223 -26 327 -246 165 264 237 -364 -190 359 351 -314 -31 144 251 185 356 -246 323 428 109 -264 -88 -296 -223 214 351 411 -346 -505 195 -99 -102 251 201 110 -139 -441 203 294 -127 -456 -192 -38 79 -156 -340 -484 -155 240 463 -176
-100 -383 432 462 -274 4 260 -262 -179 498 -180 397 -411 -43 -200 0 -210 4 -159 197 -349 59 -354 477 172 241 -279 -373 -342 -468 -200 -336 -62 499 333 38 -201 -172 377 -400 128 92 -344 -253 418 -35 -100 -430 -24 -23 -395 254 -402 -423 -179 409 49 -145 -225 33 179 133 -127 134
-236 -108 127 -289 -347 386 451 -494 170 -124 -179 -189 286 114 61 -507 402 462 135 -27 142 156 -322 254 385 -455 -451 -342 92 436 238 380 -382 -364 -276 -438 -361 -170 -191 100 -326 -237 66 -235 -368 -413 29 37 -80 -354 107 -434 106 138 -491 151 67 -229 -372 -175 257 484 -116 -455
65 10 -416 322 -215 373 -45 -430 398 198 -134 483 -261 156 -64 4 -168 -83 216 -143 -280 5 -496 -504 -508 254 -458 297 262 -511 -353 -270 -12 -46 -190 184 249 -508 150 -241 -160 -216 152 -227 505 -382 -65 6 -112 -56 4 53 411 72 -6 451 408 -47 -23 36 425 -290 -445 324
-56 384 -14 -496 37 -438 494 180 -350 -475 263 -324 -205 58 -387 159 -506 -82 -113 189 139 -468 197 314 -488 178 199 -39 -103 191 418 -46 -26 64 -475 -120 -67 142 127 -64 -505 354 28 67 -180 -15 -31 114 109 -305 383 -470 354 57 355 -325 -14 -378 -348 222 456 -280 -31 -363
-430 -500 156 102 33 -94 -455 -453 270 463 436 -99 194 -142 -197 41 -116 192 161 404 320 -511 -486 302 6 293 -130 485 397 -204 63 222 456 256 373 -21 266 -248 -168 261 -266 -100 187 -3 -383 -273 110 -202 -225 99 -131 452 -122 209 -202 -190 356 289 -190 -291 171 211 -264 -413
-371 503 -431 475 -171 371 265 -439 -346 -134 -184 19 18 -280 -490 213 -178 408 184 8 -361 162 -36 269 -244 292 -439 485 -223 -151 70 -335 -490 121 32 -245 -207 179 139 -55 -511 199 330 89 263 196 -30 -411 -149 -509 -183 -346 81 -271 374 451 -193 -487 -464 334 -167 -33 455 475
-334 -444 -14 175 -191 -238 -113 -141 -208 -272 -29 10 63 -179 -276 508 -5 101 -479 158 167 -276 301 284 -272 -398 -223 -440 33 432 498 355 180 -8 -498 -296 397 93 -415 -344 -339 -438 207 -300 -316 -510 298 -184 -330 230 -378 178 107 -381 131 317 123 -386 104 269 -144 -6 192 -354
246 343 482 -448 -345 -289 -446 -20 -152 -174 271 -254 -131 507 -418 435 144 -210 25 -170 -109 -302 316 -320 -212 393 363 80 395 -121 -235 -171 83 -111 -28 -463 -4 -455 -52 109 129 -290 161 -169 -34 53 56 -6 -262 -176 -385 -71 34 -61 194 20 502 394 434 -229 -452 -94 -227 -317
419 -81 331 -177 -441 -286 -272 -34 -404 -261 363 471 -233 -68 -265 -78 180 179 -257 323 -94 -284 431 50 342 -10 90 -33 -139 207 -408 147 74 199 -265 -321 223 149 337 -197 -436 -45 -372 302 -329 210 0 -404 -509 372 -295 18 -208 -39 473 -371 -131 53 347 71 -40 140 324 -184
234 -466 -11 -189 -482 307 228 341 -7 -348 238 -465 -246 465 -361 -486 88 -308 406 159 -323 -171 60 471 167 -276 333 -255 -139 -291 359 -446 -409 338 359 84 478 -459 -418 -486 -115 -174 415 29 5 421 -311 -229 155 -77 -67 108 -307 -485 -260 295 -442 435 378 -101 261 145 -313 392
317 -441 78 431 34 146 -62 -482 -259 -381 359 -55 254 122 -445 273 -423 -170 465 174 17 -365 163 244 -416 -13 142 213 -346 377 -314 40 22 -421 -167 -466 337 378 501 -486 185 470 459 380 -318 283 501 265 -93 136 -470 -268 -402 500 -79 431 395 310 100 -440 -324 -177 -320 -240
193 369 -150 82 308 -441 -262 135 64 -329 345 406 -421 -4 183 48 444 -287 70 230 27 96 -268 -188 480 52 452 -162 324 -21 -411 -491 465 69 18 356 441 479 172 414 -428 409 -210 43 -179 -407 387 133 472 505 -478 137 239 -462 -159 -219 354 332 71 -15 -99 298 129 295
505 377 -156 19 454 37 -262 -262 -258 -274 -79 -387 494 251 -70 -490 485 295 -470 -339 -100 265 212 -497 -277 306 104 -312 -490 417 -299 507 96 482 16 454 355 434 332 138 -87 462 -459 61 -386 -489 214 -39 45 82 -133 483 -63 96 252 345 349 -265 -343 -294 249 -472 86 -109
-403 319 76 151 -347 -196 121 182 -462 334 -193 458 491 -91 334 319 35 68 443 -415 -195 443 481 370 -38 142 177 34 -389 222 288 -227 193 444 171 346 416 -376 371 462 445 264 369 -269 -281 -124 -374 201 77 321 431 -197 224 -385 85 -360 477 -273 -322 -476 431 -92 434 -485
412 254 -188 -172 181 78 -180 326 -56 225 -121 9 -328 -163 -183 -431 380 21 258 191 -126 23 128 168 -434 -114 -132 -73 -182 -193 280 -245 243 -291 236 -267 -141 -414 -271 -359 -228 125 103 91 -297 -280 134 -404 -122 179 -356 280 -40 364 -313 48 -145 -26 66 -218 364 417 103 -411
180 -181 -378 5 -70 -465 -89 -438 -206 -503 123 -507 78 -478 -190 -131 -226 466 244 -384 257 36 -176 -256 108 -358 425 -390 408 -440 387 -395 472 -497 -481 -158 -386 397 143 -190 498 -29 180 374 90 40 130 -463 -229 238 207 -411 223 479 -478 21 443 -261 112 -408 -178 -153 457 299
-354 451 83 -156 445 -267 -72 -413 322 -461 -371 -390 -265 -511 306 79 121 -493 -278 464 -326 -468 -455 -351 213 -272 494 160 -281 413 85 -191 -62 -140 62 437 290 179 409 -65 467 78 263 361 -408 127 -146 475 305 181 365 -425 -157 -367 -35 -325 -183 404 63 -418 -3 -84 365 412
342 -272 -257 -237 470 108 231 -81 316 -469 -430 -126 -379 -442 462 175 -50 251 -424 -336 225 38 445 -112 -193 307 -173 -225 -158 5 -482 103 334 403 -44 -435 -397 -469 449 -486 184 341 -200 180 -115 -281 -442 -160 45 -238 409 89 -146 -421 -111 348 387 -109 48 -323 -136 -434 -249 313
400 394 -404 -164 -501 400 -77 143 39 -226 -310 -153 425 -275 108 -15 -184 280 342 -466 132 -20 -120 485 -296 142 27 234 194 274 321 299 70 -101 267 -280 75 140 -419 422 -413 -262 -122 -258 446 169 -175 79 -484 -455 -403 125 -308 -417 -26 405 94 431 -331 281 -477 -262 49 -9
-134 52 -190 -429 -118 -7 217 300 469 168 114 -480 22 -290 283 -182 -391 19 -65 -482 -481 422 331 -181 484 338 -426 -127 422 -118 -96 219 -471 345 391 -193 -198 97 114 291 412 -46 -152 323 415 -401 -186 510 -49 494 406 405 503 357 -193 -62 -121 -80 410 -446 -368 -219 423 -210
271 146 235 -384 369 300 -505 -230 178 -48 175 -408 204 294 -379 17 -331 162 278 -349 126 -369 -221 -125 488 -122 -132 -254 -293 -227 345 315 -140 -302 284 292 8 72 -197 214 112 335 -512 138 448 434 396 -370 -430 -267 -350 -245 -82 255 2 342 192 330 326 509 -461 -398 171 -113
63 324 -175 101 223 -325 -131 52 358 227 445 -27 -207 -426 -29 -315 -98 -380 -71 376 318 -228 -425 -313 -506 -313 83 312 -118 -294 -368 -272 256 66 446 -169 407 317 313 385 115 -501 55 -437 235 -194 34 120 131 439 -407 -78 -284 -71 -35 469 61 457 -416 -33 296 147 -180 -126
-77 213 -398 476 -294 10 239 386 263 215 -209 -269 225 396 480 41 109 30 -481 305 489 -279 -241 336 249 -245 -464 -445 257 463 -423 -239 -257 405 -246 220 292 481 -218 -307 -134 -312 -21 191 -273 -443 235 -229 -330 369 -407 224 273 166 -10 -421 -39 470 -56 165 -258 -234 -135 178
-89 -473 -132 -171 156 -503 313 240 54 270 -34 305 -307 -350 -487 53 -274 142 -426 186 -246 -295 -492 -445 231 258 384 -274 -266 -385 323 -280 19 327 498 73 14 366 -449 43 345 -474 -357 -411 -364 238 -253 -11 -275 83 -381 488 -364 -440 -230 -169 -356 -441 381 -65 -313 -363 124 478
429 -421 73 299 512 52 377 -453 474 -119 510 25 209 456 328 32 329 372 -242 15 249 -426 -83 -124 1 -493 -276 29 -46 -152 448 61 249 61 -75 58 245 -172 -186 -170 -348 432 245 -107 491 488 -148 310 -293 449 -146 172 -136 386 -290 217 40 -505 -186 41 342 219 194 169
6 -125 116 -345 -26 476 -403 -331 -360 -478 199 -305 31 -22 481 462 172 -92 142 268 30 132 -303 -489 -267 -386 -339 81 -28 24 -160 185 472 312 491 260 436 452 -12 -489 -468 93 362 425 -456 -272 -174 -392 -382 48 -455 -159 313 -99 -96 189 -128 456 401 277 132 -417 179 381
-259 -368 -237 19 255 16 366 -357 -58 93 -446 382 -123 38 -187 169 474 -54 -346 46 -179 474 100 -94 439 226 -262 -114 -351 -17 114 111 349 -474 183 139 489 -226 449 -36 -273 369 196 41 -449 337 148 312 -106 -113 310 104 -449 -371 464 108 261 -238 -433 154 -442 232 53 206
279 -88 473 -391 -247 -420 -405 77 233 -280 386 428 245 -190 478 203 226 -143 439 100 -498 97 -124 -465 -506 -189 24 124 -19 -183 454 -279 328 -478 116 -269 -329 93 -329 194 -424 -357 -454 441 -338 -356 391 -385 -257 112 25 460 -480 33 505 -415 246 -335 -158 446 -24 -144 284 -427
-213 -229 179 -28 -497 -111 130 -82 124 273 444 -262 257 131 260 254 37 58 451 133 -187 -168 -278 211 -418 394 -331 -9 444 119 -367 47 74 506 -102 -128 -115 230 195 -130 -294 108 330 267 -311 -45 123 -396 494 148 -506 -363 -284 83 465 -260 -271 -300 -221 145 86 455 414 21
198 336 -3 -181 -498 475 -154 -17 117 393 -126 -74 -81 248 -300 174 313 466 111 112 -245 -380 302 438 263 318 -336 34 -64 41 -163 -454 380 202 -259 -21 116 199 -421 22 14 496 -194 72 280 -397 -371 211 80 -320 305 22 11 311 -62 235 -194 178 -486 -220 -203 -161 344 -367
180 97 109 -405 0 -470 153 -291 -437 -368 -337 -439 21 503 -52 13 32 91 259 -405 288 -400 509 -373 170 -145 200 -418 -288 68 510 192 -334 147 441 309 -100 148 -274 63 58 -50 320 -284 442 -417 135 -146 360 -359 -224 490 378 281 350 -31 -227 -124 -260 -109 -501 365 34 -293
-23 -46 139 57 -221 -263 -351 -480 -488 -334 -412 405 -41 158 -451 -427 215 -53 462 296 117 450 -128 -120 -361 0 -312 63 504 -279 -227 45 -98 152 -80 -423 408 -150 -502 -117 194 -422 -414 35 -490 -38 290 -215 146 32 35 211 459 -330 -437 241 -394 181 -511 212 298 -20 -229 -150
-231 250 -80 286 270 -214 -251 61 498 -399 -105 -468 404 141 -234 423 -443 -473 1 411 158 -78 -210 -480 79 388 109 111 399 205 455 -330 88 -297 470 -130 480 211 -502 -17 -510 -246 245 -29 -276 77 -171 -422 42 13 -46 100 224 390 65 460 101 -174 501 173 -200 -386 94 -441
-94 202 457 -186 -48 -414 55 105 99 91 205 -326 136 373 -88 -202 -373 204 425 248 -434 -161 205 174 -463 392 474 -496 196 -71 374 -87 -356 -375 -45 300 321 316 -317 397 -448 -458 -224 112 142 509 -359 -246 246 -72 -34 420 82 291 -181 179 239 149 -154 241 -115 -49 -106 139
-196 311 483 17 -383 478 -143 -19 -483 -143 267 70 -109 -337 -382 -445 -492 392 504 -118 -183 1 149 -512 -158 -13 487 171 -117 430 104 472 -27 506 307 -441 -108 -111 -234 -49 413 -132 -181 272 -271 -114 -406 -141 250 -160 -157 -170 -477 -160 108 281 240 -480 -49 -43 -421 -185 461 -207
-490 -134 436 -177 -64 302 -386 117 -441 482 119 94 -131 420 465 179 504 62 -483 17 -399 100 150 400 240 496 298 -187 511 466 486 293 184 500 -209 -395 -301 -214 425 -206 -381 247 -66 -184 -395 -443 248 -470 -487 116 277 -98 -431 -411 -221 -5 35 -16 -506 -195 338 -400 361 -8
-106 -132 -444 -243 438 -9 -288 443 411 -490 406 -375 -90 -170 -16 -4 -386 415 -48 284 -371 378 442 400 150 -162 226 470 -319 455 -359 -71 210 367 493 -199 159 -479 243 473 -133 7 -53 -377 -403 -130 -164 443 97 350 315 70 -13 -467 374 -62 483 206 511 242 261 -48 113 415
-452 302 -460 458 -174 298 52 289 379 -256 -110 -334 472 511 167 -294 -232 -130 349 320 177 -50 388 161 -110 -100 -157 -235 -293 -106 306 398 -97 492 -288 199 -284 -474 168 370 425 180 -434 -190 136 -443 316 277 -280 -396 407 -55 3 -67 343 417 453 416 -455 389 408 472 -11 460
-437 420 -345 99 374 -104 -227 -199 469 54 54 -145 -165 395 -86 -139 -266 111 -45 44 -420 398 442 -345 282 151 -342 -384 412 -389 440 44 -243 -3 276 469 384 -345 -396 352 74 390 -312 -460 377 -285 -270 -72 326 84 -477 16 -427 483 -251 62 337 200 398 362 196 -189 -163 -359
220 319 -178 -170 -298 -279 -166 29 -302 -179 350 27 245 304 -147 -265 83 235 -378 412 -151 -266 -136 177 -434 439 404 335 397 -402 -231 -399 242 15 -117 -456 203 117 348 -297 -20 -46 -346 -62 149 -429 340 -238 -23 124 -252 249 483 -159 379 -101 -103 397 326 -406 -347 86 -144 -67
-212 509 -188 -343 175 -293 8 506 -445 -11 482 3 -147 -365 -28 107 87 19 -76 210 -370 32 367 381 57 -186 -439 -318 466 393 511 -396 -408 481 394 -117 381 -5 -435 -379 -14 484 81 -400 329 -56 -277 -443 15 310 100 -443 -180 -47 -154 -324 -230 388 285 391 186 -508 -379 -324
430 -50 374 -457 359 196 258 -75 129 489 6 -459 -400 86 44 289 295 -153 -421 -216 -395 125 400 -165 -348 -338 124 -511 282 -103 23 -168 -259 -338 -351 130 273 121 78 110 494 -363 414 126 -222 282 352 -304 -492 40 479 96 13 95 210 -123 -197 51 2 457 -359 -311 -1 302
72 229 260 -265 437 -453 -510 -246 289 86 247 175 -423 280 28 -103 -482 178 375 52 -48 -394 -23 242 12 -71 384 353 -98 -413 -397 -506 -378 332 272 -155 45 -44 -310 30 -194 267 387 -44 109 162 188 427 -43 497 -385 276 -175 178 -323 -183 216 137 431 -352 231 403 44 -379
265 -157 363 426 217 306 352 -199 -17 -323 355 343 237 324 -275 307 -487 105 -506 -469 -272 132 -131 -221 168 36 -124 -205 199 450 28 -82 149 -394 -98 -41 -62 46 49 511 363 336 -216 -323 189 277 126 -125 -75 -132 251 108 -340 -4 255 -269 -160 -54 426 456 160 12 174 -84
-432 420 173 -71 104 450 104 500 -1 287 376 -456 -2 18 -331 -212 157 -256 115 -124 23 -4 261 24 310 -169 124 -487 -27 -339 360 393 -508 75 506 167 -194 -174 452 111 488 233 -174 467 38 18 -372 -247 -286 337 262 55 -352 9 5 97 488 -242 436 -326 484 400 266 -205
511 -413 123 94 -496 -180 -411 267 272 -46 -29 -275 -227 83 417 0 -472 423 -93 -15 -46 -481 -177 -354 -8 -172 -88 -346 -471 -430 373 -369 482 -227 -295 235 502 170 -265 -119 -55 -180 141 -338 -81 -420 -316 211 -57 -226 -207 503 -289 -134 287 -398 -163 84 490 -322 52 -95 352 111
-368 -228 -489 120 -169 136 214 474 -337 -457 -356 330 -252 328 -6 -240 -92 -226 16 -332 55 450 204 207 88 -493 -355 246 270 -456 244 -100 194 -124 169 509 217 420 -75 269 390 150 321 511 -202 -500 227 -325 -357 -112 374 -44 -496 -162 214 -297 -230 -177 -289 -245 -8 -272 -510 -97
