28 -25 -252 242 321 96 -66 450 360 484 506 -425 408 36 291 416 157 315 -87 196 143 393 193 426 127 429 80 -357 -84 -389 -286 -197 382 -499 332 -407 -333 368 414 245 -511 -91 -450 73 32 -398 397 15 -485 298 77 108 -155 383 224 108 408 -398 417 -393 -30 484 326 236
322 375 -107 336 -362 133 287 362 -249 22 -219 -416 146 66 -387 22 15 -488 -247 -221 -233 296 -367 350 220 -67 -209 -487 369 59 -270 -370 344 -349 -108 112 -170 -266 -94 17 -164 375 -189 448 249 -302 223 -508 -64 -51 -315 -295 462 -118 -63 102 -299 -322 -265 -379 191 83 446 -292
-82 4 -88 186 454 -414 308 -69 -311 354 254 -11 -362 -404 -187 -198 -247 -448 -109 -83 95 -481 32 281 161 -270 290 265 -350 -385 -230 -306 -2 343 -226 462 194 -20 -250 298 -34 -244 -298 -23 -322 88 45 -472 -194 194 481 14 -325 91 -429 -142 340 -502 258 187 371 -493 291 51
-157 317 -4 -225 -265 -96 303 -388 -411 28 408 -114 -353 499 -468 270 -115 134 230 -447 -370 -463 -438 168 16 234 443 -97 -91 -507 -157 -213 -59 242 -401 141 136 299 198 445 -202 56 432 -392 -99 332 431 -50 93 -438 291 430 397 95 275 -458 -396 -334 -32 13 -294 45 276 61
386 -122 -397 -172 -158 -315 -186 -130 71 -165 -197 212 340 488 -174 -249 21 -112 -435 191 -14 -449 53 -127 312 434 -255 401 421 -228 496 137 235 307 240 -289 -246 158 -139 -234 -118 -203 225 -223 -13 -34 362 -343 99 434 329 -456 -70 345 320 -360 -206 509 -42 193 259 -168 -121 -321
-397 244 -207 75 -389 173 -208 314 -309 -489 -343 444 -147 421 124 346 323 81 256 198 135 -277 -112 -47 -149 -265 23 120 -249 -17 -461 328 -257 58 -323 -74 90 282 -298 75 30 -177 139 -177 362 504 468 -368 294 301 -260 150 9 225 -506 -285 -507 32 227 342 -329 -267 18 -410
-239 378 287 313 60 -322 -347 -286 97 165 336 54 -355 269 -424 -440 -11 -108 120 380 336 237 65 238 -19 135 -214 354 348 -18 47 472 -16 369 -322 -73 -421 360 129 -66 -270 -240 300 247 185 383 350 329 -459 271 -108 310 430 113 -291 -344 -56 312 -450 281 449 -346 -255 143
338 112 -180 479 -29 56 308 -113 236 -311 -387 -248 -373 -3 104 -504 -86 -135 29 149 -348 224 -495 221 255 130 97 415 -70 -415 371 -76 -57 8 180 218 12 -57 -197 179 179 -346 -16 -419 -391 -195 403 122 -396 -451 -502 -249 250 376 195 69 128 -150 280 -161 -321 232 -7 -272
224 -404 -235 -235 -162 266 -232 -52 -388 270 444 -94 485 155 418 338 -8 -216 -234 193 -145 -165 261 -340 -452 251 469 97 -59 -503 354 255 -99 -103 215 163 174 -375 24 -33 37 -198 -457 73 -8 311 460 271 -18 -144 -399 127 -102 385 48 247 -510 -465 -420 -493 -158 -145 -185 193
135 492 -474 511 26 448 111 -331 469 312 351 308 -390 91 147 -491 406 0 -278 53 444 -431 -425 64 78 -246 381 -97 368 -357 308 -361 -443 100 -149 224 434 -25 -413 409 -100 -216 -407 -418 -468 219 297 51 -74 -297 313 -254 30 -384 -438 54 -303 -503 123 314 257 -110 -134 144
474 459 -255 285 375 -383 -411 253 69 115 443 -365 19 -347 -287 -129 -139 83 180 -177 -274 -218 504 251 157 179 471 502 -408 -460 -142 262 286 -145 102 -8 -362 174 -197 -134 -60 -75 431 -279 153 474 464 19 -47 -174 407 79 -421 58 -177 -295 -178 5 -37 263 -448 -299 -421 82
277 329 193 -75 -335 -368 439 -464 267 237 454 369 -371 -315 -454 -259 -118 479 -391 367 -383 374 245 345 -429 299 297 224 -69 -476 214 -318 -336 -211 -423 120 151 -499 -349 332 463 -205 -179 -375 270 19 -103 -62 203 37 -331 -37 149 -426 327 149 416 -270 -372 100 -8 -143 -275 -256
-261 -52 276 310 -93 329 -193 474 404 -249 417 124 -319 183 -460 -38 194 -282 -355 -201 -444 -383 499 -123 -435 290 346 -386 265 -16 -266 -284 473 -65 -302 -111 416 -403 493 438 -74 -433 -499 -158 -186 326 456 185 -262 -165 108 -388 -104 4 287 430 -344 -415 437 137 -377 -443 -440 -334
-137 202 -29 96 191 -330 -204 -72 345 170 107 -16 44 -264 -149 -331 12 -408 25 -292 386 -191 -6 -125 -36 172 -236 -484 -144 428 -35 506 94 396 286 165 331 161 -35 -446 -106 281 203 -108 350 -162 309 359 -504 -67 -224 -148 339 -282 368 205 36 -309 -137 -212 69 -117 497 -226
0 -408 407 106 -379 -286 225 337 -286 -259 468 -245 250 -131 223 -444 182 143 113 -35 -319 -252 -432 216 -333 434 404 -201 316 -90 -251 -351 494 -135 -176 -294 -340 -395 377 -93 -282 5 -255 -380 499 -393 -426 142 494 -317 323 -294 -257 441 20 -279 262 -440 -354 -61 -30 -199 -85 155
-3 -350 209 -262 487 -278 -326 30 246 -137 -60 -28 474 468 442 393 -17 317 511 -291 -274 -116 182 -101 66 160 455 52 -348 17 218 402 -449 -456 443 341 119 -314 -156 110 -173 -350 164 -126 495 -204 -137 -184 200 -428 -251 83 -192 -304 -117 -488 487 -381 -275 442 -162 -71 435 451
35 -334 471 47 -358 345 -500 487 195 -52 -102 127 224 21 -403 -397 -114 251 -18 16 509 317 3 -316 86 -394 425 -255 481 -422 -106 -294 -376 -246 -487 -364 140 130 1 237 129 65 -142 435 192 343 -275 263 142 126 -426 179 -267 -406 -97 -492 -179 -189 236 -288 355 -100 -20 190
152 115 -512 143 -97 -294 222 334 337 -183 506 482 -36 179 275 -326 50 464 -111 371 -230 451 -42 -497 73 -357 -373 165 -190 193 272 223 12 379 501 455 206 412 -68 -187 364 -218 -311 460 263 199 -90 -73 298 -31 -460 499 231 -315 -343 410 194 -499 30 9 328 -341 -324 -261
-487 -370 211 -128 454 65 394 -505 403 272 66 379 238 455 -128 -172 206 469 319 -126 284 -257 -231 -243 -77 207 420 -137 380 -244 -501 126 -259 170 75 -508 106 376 -190 -57 429 -499 -24 363 77 -244 263 309 -438 -348 234 264 303 -471 240 -363 169 18 41 -7 159 -192 256 108
-340 89 -325 -209 154 196 152 175 346 382 -135 -101 -234 246 -321 98 315 -335 -154 36 -242 -244 106 388 -18 -471 -5 -139 22 424 -478 -263 -370 -22 -199 132 379 274 498 -330 143 -422 -452 478 -24 66 228 177 -507 333 301 106 277 -384 342 -337 400 -45 -456 -234 98 -43 -164 -454
-217 -428 385 497 18 198 311 78 -291 -408 179 -229 -190 -85 -112 -14 77 250 489 -2 248 -265 280 -382 491 -332 -107 -510 -211 184 -392 -276 198 -235 472 -163 -372 78 177 223 193 335 -1 256 -143 382 -22 -423 -383 497 -163 460 295 -469 -236 389 -501 484 69 85 -414 432 151 -349
-277 227 361 -22 106 428 373 481 461 403 -25 233 -501 -67 -160 413 319 -437 71 -274 250 328 452 88 93 -360 375 -333 149 -500 374 298 -23 462 -215 -132 -502 290 174 459 118 483 21 176 -415 -438 -402 -130 -114 -107 41 -234 192 -150 -503 -271 63 -397 111 -383 -295 81 -62 165
-412 -58 96 507 -323 49 -375 -421 -376 407 42 8 259 477 162 200 333 233 -55 440 370 94 385 150 25 373 172 -502 -160 117 305 -309 245 -120 -265 -412 157 110 179 34 245 -269 -12 211 460 248 -85 -505 -329 -272 -123 -501 115 75 -438 -398 133 282 -225 464 -248 -451 -362 178
442 249 -17 417 355 -52 31 239 -418 109 315 -424 -456 -82 -260 62 -510 -107 170 22 -64 -465 357 -114 -119 82 344 -505 124 -102 418 -421 116 -352 370 390 179 -203 455 -97 298 -403 -429 -3 -499 47 -195 -320 -435 252 60 -273 39 -337 -367 462 -407 -158 -12 -246 -89 51 24 -511
-357 -26 -21 -397 100 189 304 318 375 47 129 15 414 -360 364 -65 262 -293 -484 302 -41 -154 357 463 -204 -162 -383 146 413 -485 -467 -364 504 -357 -136 341 -277 -285 362 -28 65 304 -268 344 213 -411 15 -79 497 182 -475 402 -325 182 -56 -453 -479 -253 -154 -263 384 92 -375 -120
189 386 440 -111 -152 338 -234 -250 491 -295 -47 318 -117 -52 503 -89 -405 83 -358 -104 -71 76 69 -242 289 -400 -453 -482 -133 -330 259 -18 -28 -204 -400 -205 71 -223 492 -286 329 -74 294 186 -112 -391 361 297 350 -231 81 341 -507 207 77 -349 119 -167 -407 482 402 -288 302 59
296 14 128 497 -58 401 -81 161 204 -439 -88 414 187 402 -377 108 218 492 247 -83 7 -60 311 392 -59 200 158 204 348 -457 -277 325 220 -186 213 376 -172 277 299 394 382 190 -1 -224 188 -233 229 -345 -185 -137 58 -315 223 -52 255 373 -346 28 501 214 -82 129 326 -480
12 275 142 -119 -455 -13 349 -331 373 -309 -117 -32 79 -132 -323 376 -452 171 251 -433 -445 384 -340 192 493 199 -22 -57 426 196 -91 -49 -233 264 226 -107 490 -408 -96 -91 -97 -401 -112 313 289 409 -425 -178 -201 -293 -419 -80 409 85 133 -92 -435 -18 48 -482 -346 93 -54 83
-501 92 143 -149 427 -501 81 -89 -124 158 185 -342 268 -39 131 210 -492 105 -181 407 397 -4 247 348 -103 87 -97 287 -426 235 -498 340 419 326 156 443 99 77 391 -492 315 -222 303 133 -165 487 -373 -225 322 419 220 58 339 127 315 -129 413 272 114 12 425 -138 109 287
-3 -319 -106 299 451 -195 72 -170 -461 -492 -195 443 397 235 4 -190 464 -450 -206 -29 -57 356 -401 446 373 -393 328 -168 -162 359 -103 -153 419 -180 -292 -346 -43 -480 267 6 -393 -109 412 -485 -359 -219 429 -393 -147 411 -317 -412 -148 -205 -384 -387 -26 -54 379 259 139 -66 -246 171
-429 -481 279 -390 79 23 -302 409 -382 82 461 -403 -41 -265 -219 298 -444 230 -19 359 -469 492 -203 359 -84 454 336 -73 -444 164 448 414 -422 70 178 496 314 -42 -66 -26 -286 410 -130 432 -379 204 397 -332 -356 -119 356 284 256 -351 489 -220 87 449 105 -294 26 -171 324 404
138 -215 0 242 178 280 58 -279 -85 277 135 429 -46 27 404 175 -152 121 -46 -117 -387 432 100 -107 -192 -461 434 -323 197 -232 -461 -299 -407 468 479 -273 422 -74 -42 192 184 -256 -142 -339 289 279 243 46 -132 382 -233 -10 -247 0 -498 396 -87 330 219 -197 62 -178 123 -404
419 -329 151 -53 434 -495 -121 -471 197 19 477 299 -218 301 147 -254 195 157 -420 463 -55 -133 307 -380 -68 -382 173 487 76 480 104 359 -348 -74 109 -23 207 252 -304 -87 218 -23 -378 186 214 -15 190 -371 341 -436 300 -280 495 -512 288 -154 -137 351 424 360 512 -380 -327 -173
362 458 264 112 -226 -460 510 368 58 88 -355 228 -123 -202 -24 422 180 -231 497 446 89 141 154 147 264 487 500 -241 7 -107 -42 -225 -151 -143 -409 -421 373 -72 70 263 234 -69 -365 107 67 -38 -143 116 -453 -4 485 -95 440 -240 -171 -437 -402 -210 -179 259 -157 255 -329 -234
-196 60 -489 -357 398 -438 -168 -263 -154 -144 -107 -392 297 472 -384 255 -77 -63 431 274 -256 -331 -293 59 -253 -267 -177 2 108 -37 -455 109 94 -164 -494 -203 -307 286 321 306 -247 249 241 -486 -101 335 -109 -176 414 -320 477 9 -131 -352 460 -429 68 -157 330 333 -397 358 78 489
-28 -425 -358 -355 481 218 412 468 -1 -500 -276 -478 -238 225 -286 -431 -156 43 504 -286 182 505 -247 12 -201 -155 -322 489 121 -60 166 476 -356 399 454 302 449 442 -506 -149 -417 -452 67 376 335 -334 -245 314 359 -353 202 469 396 272 422 257 274 84 -507 -301 -510 50 -472 287
-480 -449 255 -432 155 362 -269 419 59 -137 373 268 158 253 -447 291 175 -346 -385 -8 -415 265 207 357 -103 113 -393 -253 7 -196 -444 -382 206 330 101 242 209 -308 501 -41 -108 264 244 28 -170 -420 -390 98 211 -150 -66 484 312 463 424 -189 304 -300 146 -59 -365 33 -61 240
455 231 -68 461 278 128 -135 437 -196 -26 478 -159 54 271 -23 107 -38 249 21 262 318 -123 -84 -487 -258 -95 -168 -319 379 502 124 401 -420 -344 -511 14 -120 414 -196 -64 -120 43 -118 56 -251 -293 220 -391 -370 -130 -512 455 -218 304 -180 484 93 -508 269 276 456 -311 150 -346
290 34 -255 -198 -69 195 -11 147 389 194 377 -128 117 -271 475 -348 74 160 -49 -120 -465 186 -226 -442 -183 292 81 117 -250 -270 -362 451 427 63 504 -495 184 -449 494 -214 384 370 499 446 315 -504 -247 -488 115 352 -382 335 -510 -131 255 -125 394 -260 -54 -436 -358 -44 -84 459
205 50 318 454 -85 -53 403 -285 -454 -150 322 -404 -299 -95 402 -409 100 409 -46 -238 -358 103 -273 -77 -337 455 -495 131 413 82 9 437 122 72 -74 -157 397 205 150 48 9 -130 430 -338 123 -10 -398 451 122 414 -337 -484 256 127 -331 -342 -191 497 -332 203 145 370 264 -172
396 28 -236 -41 123 -234 374 -173 -248 -216 -352 287 206 459 206 451 -103 341 -166 -99 -37 37 381 -178 -470 -10 258 -320 147 105 59 -151 -188 -153 -464 -263 -394 -453 -7 -208 -55 372 -8 491 -123 -82 9 360 45 230 221 100 195 371 -69 370 -364 -39 -332 -310 164 217 462 -459
-162 482 -133 64 -410 152 214 -266 241 -214 388 141 -383 57 201 -377 41 210 -475 -507 -451 -436 140 262 -445 -453 -165 -153 63 -461 173 81 350 429 468 -445 70 -345 -196 408 -183 94 -27 74 -18 -168 -175 278 -309 84 181 -233 440 -439 180 486 347 -305 -124 346 -314 404 209 -120
-30 85 17 373 381 -289 360 225 -25 57 487 136 497 -40 178 -452 419 -462 97 116 144 57 -288 302 189 -446 -385 378 -18 -299 -66 92 362 287 -51 -353 265 -74 -199 -240 410 244 -82 -306 87 312 -73 205 65 -96 34 -467 245 -295 49 261 -359 283 174 35 495 277 -269 329
98 101 32 137 204 241 150 181 -119 430 -216 -80 -103 263 102 -281 -184 336 294 -343 -81 -93 350 489 -368 -392 -449 166 -275 -492 -283 214 -31 -327 412 281 -180 170 342 427 -113 16 298 451 -250 481 -470 422 374 -410 -76 348 -492 -204 410 -347 -247 -363 493 437 75 184 88 63
357 64 192 87 -1 -337 190 -1 416 -237 450 127 -179 -500 -286 393 -86 -170 462 355 -329 301 -487 330 -130 -163 -9 -220 -467 -275 431 73 -277 319 321 348 -339 340 425 -256 -214 176 -418 155 -98 -325 335 -130 427 268 467 -447 181 17 -357 -7 -86 -221 -194 -228 446 306 -274 375
500 -398 -366 317 -168 138 -308 453 437 393 -410 -165 443 337 -53 -384 -275 460 320 -180 -184 -114 413 -189 443 -127 355 331 -415 76 -306 -358 -353 -22 226 -308 159 70 501 436 97 140 295 -289 -353 186 -35 -31 -141 467 325 315 33 184 -415 -337 149 -498 400 -490 -212 -397 502 -270
57 142 336 271 -56 280 392 85 501 -364 307 72 200 -12 -427 -276 502 -289 120 240 290 158 129 -122 -376 379 406 477 -36 106 -439 -77 291 -279 -289 -87 -296 -480 -134 237 -179 441 -114 13 -117 -510 336 78 422 -92 15 162 -440 -366 165 -253 297 8 340 -78 507 -395 9 -42
466 -11 -220 313 46 -126 -473 191 12 475 -371 159 294 -72 -476 147 -449 -278 -44 223 -167 56 -174 169 387 499 -486 327 17 -138 -269 -348 -134 103 268 -144 219 333 -345 -410 307 458 158 286 370 39 -106 398 -266 177 -432 142 -104 166 -493 -112 -39 -6 478 -78 230 -510 -257 404
483 292 -41 -415 313 -371 -294 312 -193 -43 -10 425 437 -492 441 141 505 505 310 -194 194 202 465 -210 -390 -324 -428 -445 -154 -61 -103 -53 -376 -409 155 -198 473 -156 440 371 3 -398 273 -190 286 309 -506 484 50 483 -449 52 125 297 264 410 -26 -461 69 406 -208 -36 183 277
-73 354 -297 -500 -252 225 382 407 -267 256 386 294 -71 454 425 191 63 332 -142 -160 266 -85 -240 111 -49 208 206 121 -395 139 240 -91 -126 -489 313 154 -322 -333 -468 172 -158 -58 64 -371 -43 -444 -361 38 171 -442 -444 70 357 -29 -130 430 -327 -49 -269 -323 44 195 416 475
396 501 493 -446 235 -388 364 358 305 172 44 -78 372 -446 -21 -286 159 289 -309 60 -188 -414 -104 -462 57 463 505 -426 437 382 77 199 -465 -349 -329 15 -75 474 -179 -3 -15 -281 273 -56 -76 120 -236 -184 363 -471 433 -220 20 44 -362 403 470 -64 389 2 234 -230 426 10
290 -422 192 -308 -477 348 497 77 -510 -191 -247 -120 -9 397 -495 509 295 -441 395 295 -421 -347 100 254 221 -185 -353 -266 -354 249 199 -227 -355 -77 -280 -401 54 469 -386 12 -428 147 -337 40 18 426 6 -143 403 -238 179 134 108 257 -332 417 -80 119 -476 440 454 -229 -346 69
-287 430 258 -356 510 509 15 131 47 -102 -259 274 191 115 422 201 343 -140 -180 -369 495 243 -351 376 142 79 -371 -426 131 -338 397 -213 234 161 418 445 -26 409 209 -251 -273 -183 -104 500 -464 -254 59 -9 -503 370 440 -169 -19 -87 -473 87 -113 -329 -334 78 -387 484 -219 -35
327 -277 425 366 -49 -354 -141 -439 -335 483 93 74 -100 454 388 37 -97 -89 220 201 126 337 258 -67 447 161 476 100 229 -463 -272 -235 16 -212 -168 -411 171 -266 -336 -338 6 19 163 -51 -85 318 -364 -418 -277 307 -120 277 -442 -71 -86 193 308 163 495 -262 121 299 420 -462
477 292 457 -404 -489 401 -51 -158 -93 346 -90 -498 111 384 -165 -165 92 -150 485 6 -8 -471 -38 85 163 206 -285 -307 -411 -262 155 -154 49 406 269 -423 36 -4 75 -247 -5 -511 -506 -93 148 -108 352 -52 -259 152 -358 -200 13 473 -380 445 170 471 -185 443 487 95 -233 -272
-455 380 242 272 -365 -268 384 -147 -116 131 -22 85 -347 -487 504 450 22 59 -130 263 -439 -480 -192 -60 505 -219 162 -245 428 -124 -81 -93 -344 -218 117 148 401 -16 -445 -287 301 405 397 90 243 -468 55 -112 121 -105 -316 -85 60 -43 2 170 108 196 381 459 -361 -286 -65 230
360 -379 -56 -328 370 121 -9 -489 -412 287 -359 -422 468 412 228 -420 10 -252 -20 -18 -19 398 -324 39 -20 484 -237 -281 -360 421 -55 498 12 483 -62 -91 83 42 191 351 -382 423 20 219 111 406 -4 -243 431 52 -444 -251 -102 -475 181 -356 336 -108 386 87 331 -460 -66 -153
272 -109 252 -59 -246 -480 197 -165 -19 103 -387 -165 84 402 182 -238 -374 -91 147 395 88 386 -185 -2 395 -105 -480 172 359 -219 310 23 -469 154 20 -310 -27 -114 -184 247 -385 321 -455 49 -220 157 292 308 41 505 -375 -173 -80 49 -439 -354 377 -214 -124 -161 396 162 140 -223
112 -170 -33 -124 310 106 -108 -202 170 502 -202 -302 -116 -384 248 213 -423 239 -302 396 369 55 165 -50 299 -493 -356 -82 160 -123 192 -81 -238 -77 -319 376 130 -122 -384 225 493 -182 -481 -169 -125 -424 494 276 78 -469 -434 39 -92 -34 400 -319 295 -30 -342 466 253 486 -140 -458
-279 210 158 174 130 -435 343 -300 123 333 -41 414 -100 316 -217 339 -202 50 -396 -436 -290 451 -213 -119 -112 -394 -316 164 42 5 -107 237 -184 -182 -24 439 84 290 240 31 255 138 -342 213 -349 170 -357 504 226 24 -299 -424 300 -222 130 -140 -212 322 -360 303 478 127 -196 487
-499 471 96 -406 155 -170 438 188 -28 -284 -500 408 -303 242 381 -202 -472 -120 -313 273 34 65 -264 -310 -92 -225 -4 -133 352 203 -499 -282 258 451 175 -219 -301 -29 210 -309 -495 417 127 510 -297 -330 427 443 272 -346 162 198 -399 204 122 329 -256 360 -281 91 -337 -106 342 -357
-467 -310 -380 186 180 -93 433 268 347 340 184 -503 -301 49 -11 389 -7 -87 -107 -284 494 338 -261 299 158 -480 -166 204 -217 -141 28 146 -370 498 496 -26 -224 172 175 7 221 -395 372 463 151 -481 -276 453 -71 -178 -239 -473 -181 -56 -65 205 -469 277 458 419 304 -397 -389 -434
-10 -303 404 -493 172 239 76 201 -301 505 225 -399 397 253 85 -230 -5 253 269 -336 17 -399 443 -478 56 -433 511 43 -349 338 367 -313 -485 127 -469 23 -125 -305 384 235 260 242 280 -414 -384 412 201 215 -491 455 204 -454 244 31 -28 430 281 195 403 422 -493 -268 334 241
-229 -86 -364 165 236 -200 -470 173 167 26 185 -468 -123 -359 143 456 500 -117 -291 -483 456 210 450 -263 -100 487 -371 -69 108 -162 406 300 -481 -371 -172 346 142 219 -462 229 -158 376 -11 266 363 -102 -308 -306 72 119 114 -508 -43 -272 -253 113 -153 381 449 282 165 -305 -306 107
