0.008665457367897034
0.107018381357193
0.10688512027263641
0.12385925650596619
0.09476637840270996
0.10553789138793945
-0.07929369807243347
0.014733120799064636
0.004703015089035034
0.025104373693466187
0.09286631643772125
-0.04754918813705444
-0.11411197483539581
0.120382159948349
-0.07244117558002472
0.11800681054592133
-0.027812227606773376
-0.0984916090965271
0.11393749713897705
0.12065286934375763
-0.1055627316236496
0.011314645409584045
-0.08982942998409271
0.0732949823141098
-0.00985129177570343
0.0011673718690872192
-0.034263670444488525
0.10007369518280029
-0.059436067938804626
0.11893284320831299
-0.0486203134059906
0.001688256859779358
-0.02592615783214569
-0.0840526670217514
-0.033806487917900085
-0.018681198358535767
-0.06272724270820618
-0.01139727234840393
-0.045254021883010864
0.11845767498016357
0.03999900817871094
-0.023500338196754456
-0.062466099858284
-0.040088504552841187
-0.08665268123149872
0.03242887556552887
-0.05982100963592529
-0.029763728380203247
-0.06472046673297882
-0.12287585437297821
-0.0127936452627182
0.04798905551433563
0.07995928823947906
0.047970250248909
0.09668309986591339
-0.11987176537513733
0.067201629281044
-0.048139870166778564
0.003927931189537048
0.05799691379070282
-0.07909518480300903
0.05810484290122986
0.015838786959648132
-0.015937134623527527
0.015306457877159119
0.06027716398239136
0.022584766149520874
-0.07569986581802368
-0.10687337815761566
-0.0010823756456375122
0.028616011142730713
-0.09163340926170349
-0.07023827731609344
-0.12401677668094635
0.11763545870780945
-0.05241347849369049
-0.10670801997184753
-0.008804365992546082
-0.035273000597953796
-0.11975210905075073
-0.02271313965320587
-0.05208893120288849
0.04290322959423065
0.05050240457057953
0.1065688282251358
0.09344188868999481
-0.09842891991138458
-0.09442669153213501
0.09259802103042603
-0.08618141710758209
-0.10226728022098541
-0.02520906925201416
-0.024225950241088867
0.07349181175231934
-0.060757651925086975
0.05237770080566406
0.005883947014808655
0.06757669150829315
0.003206774592399597
0.09461233019828796
-0.0491926372051239
-0.11069992184638977
0.06673084199428558
0.11478215456008911
0.06857623159885406
-0.04683810472488403
0.024269849061965942
0.10912683606147766
0.08955730497837067
0.0070660412311553955
-0.0646405965089798
0.01507885754108429
-0.049022555351257324
-0.03214116394519806
-0.03291058540344238
-0.0637374073266983
0.0987798422574997
0.0690721869468689
-0.049796536564826965
-0.05328647792339325
0.11681705713272095
-0.032009392976760864
-0.11762647330760956
0.11010901629924774
-0.062096282839775085
0.02382020652294159
-0.09812143445014954
0.09302316606044769
