-0.02011546492576599
0.0461108535528183
0.005457445979118347
-0.007425099611282349
-0.07106977701187134
-0.11784355342388153
0.02991609275341034
-0.11544522643089294
-0.028564125299453735
-0.010884270071983337
0.10353486239910126
-0.08628727495670319
0.018471330404281616
-0.05270145833492279
-0.07238820195198059
-0.0711355060338974
0.06618162989616394
0.031155526638031006
-0.0861368179321289
-0.11399935185909271
-0.011996656656265259
-0.06287159025669098
-0.10437473654747009
-0.10891169309616089
0.04230712354183197
0.10603119432926178
0.059147000312805176
-0.08208167552947998
0.0435791015625
0.015686333179473877
0.057266682386398315
0.047384634613990784
-0.053055182099342346
0.11097024381160736
-0.011560261249542236
-0.029415294528007507
0.09791447222232819
0.06352207064628601
0.09472478926181793
0.04449491202831268
-0.12181693315505981
0.0368238240480423
0.1024160236120224
0.01629902422428131
0.12106826901435852
0.024853259325027466
-0.0740976333618164
-0.09499010443687439
-0.037386149168014526
0.04098154604434967
0.08645904064178467
0.09359565377235413
0.0910947173833847
0.030928418040275574
-0.09165385365486145
-0.044022053480148315
0.06159442663192749
-0.03005097806453705
-0.11932852864265442
0.10538460314273834
-0.11751146614551544
-0.08382470905780792
-0.04918694496154785
-0.014728918671607971
