-0.05831176042556763
-0.03409670293331146
-0.09521785378456116
-0.08892479538917542
0.07916100323200226
0.034778743982315063
-0.07015691697597504
0.009532243013381958
0.0655381977558136
-0.12256735563278198
-0.11835414171218872
-0.043680593371391296
-0.10873433947563171
0.0520121306180954
-0.03777095675468445
0.009525641798973083
0.09152498841285706
-0.1038324236869812
0.06752154231071472
0.0927266776561737
0.10592761635780334
-0.011981472373008728
0.07639175653457642
-0.07626153528690338
-0.09348437190055847
-0.09605830907821655
0.08490516245365143
-0.05093790590763092
0.12374162673950195
0.12458322942256927
0.07254639267921448
0.1053849458694458
0.02488057315349579
0.08703289926052094
-0.10159265995025635
0.03494757413864136
0.04278053343296051
-0.05569513142108917
-0.12019690871238708
0.07663682103157043
-0.008603334426879883
0.11814911663532257
-0.0588432252407074
-0.03144095838069916
-0.032014742493629456
-0.12195880711078644
-0.09009858965873718
-0.0027701258659362793
0.022120118141174316
0.09327983856201172
-0.016382187604904175
0.10927493870258331
-0.038217708468437195
0.11593112349510193
0.04641871154308319
-0.0065772682428359985
0.0877922773361206
-0.05750089883804321
0.023564398288726807
-0.028680548071861267
0.11213146150112152
-0.015580207109451294
-0.08569680154323578
0.08093860745429993
