0.04353168606758118
0.035012200474739075
0.06623703241348267
-0.03772957623004913
-0.061275631189346313
-0.0992862731218338
0.10876671969890594
-0.11217109858989716
-0.06057290732860565
-0.09173828363418579
-0.040940478444099426
0.011910364031791687
0.051818326115608215
0.043833717703819275
-0.09813731908798218
0.09309715032577515
0.038375258445739746
0.016551584005355835
0.09795033931732178
0.002839013934135437
-0.11546732485294342
-0.08382035791873932
-0.028455257415771484
-0.003363087773323059
-0.10999181866645813
0.12087921798229218
0.0007836073637008667
0.03200438618659973
-0.006959140300750732
-0.07998235523700714
-0.07174649834632874
0.009035065770149231
-0.02087879180908203
-0.034924641251564026
0.03691864013671875
0.07193049788475037
-0.043421924114227295
0.11027304828166962
0.014521867036819458
-0.0870644599199295
0.07136328518390656
0.04699870944023132
0.07660245895385742
0.04358898103237152
-0.09227876365184784
0.014842212200164795
0.08806516230106354
-0.0935225635766983
0.025921165943145752
0.06035509705543518
-0.001382380723953247
-0.11595463752746582
-0.058324381709098816
0.03309543430805206
0.09190155565738678
-0.028412744402885437
0.06140732765197754
-0.06445664167404175
0.09834988415241241
-0.06694905459880829
-0.08751587569713593
0.06881743669509888
-0.12108680605888367
0.11733856797218323
-0.08250214159488678
0.08013539016246796
0.06214408576488495
-0.02090640366077423
-0.030776038765907288
0.08200320601463318
-0.05803753435611725
-0.02165892720222473
-0.07079729437828064
0.10926763713359833
-0.10584335029125214
0.06086470186710358
-0.11762760579586029
0.031017407774925232
0.008780509233474731
-0.11563020944595337
-0.06340628862380981
0.06861478090286255
0.10084061324596405
0.022741690278053284
-0.07674580812454224
-0.10861547291278839
0.0929730087518692
-0.03974801301956177
0.02097080647945404
-0.08763682842254639
0.07631522417068481
0.00717531144618988
-0.09500417113304138
0.09663084149360657
-0.00987406075000763
-0.03645765781402588
0.027493685483932495
-0.03009602427482605
-0.06570121645927429
0.07144246995449066
-0.03699779510498047
-0.07759185135364532
0.00838179886341095
-0.05860328674316406
-0.10182279348373413
0.009153485298156738
-0.07290714979171753
0.028149664402008057
-0.04639464616775513
-0.0334046334028244
-0.04671679437160492
-0.09354105591773987
-0.0019350498914718628
-0.02437998354434967
-0.04109622538089752
-0.0723278671503067
0.07928916811943054
-0.10614369809627533
0.059100836515426636
0.03449474275112152
-0.11039836704730988
-0.12317304313182831
-0.04339142143726349
0.10011573135852814
-0.11822931468486786
-0.06958566606044769
0.04094110429286957
-0.06784093379974365
