-0.012555316090583801
0.014458432793617249
-0.07653559744358063
0.00421769917011261
0.03836449235677719
0.04629463702440262
0.03611738234758377
0.014665856957435608
0.01296091079711914
-0.035379379987716675
-0.037780698388814926
0.03609619289636612
-0.07965949177742004
-0.06040935963392258
-0.08570423722267151
0.03435860574245453
0.06256810575723648
-0.01633058488368988
0.02436879277229309
-0.006490595638751984
-0.05833360552787781
-0.045701418071985245
-0.027658477425575256
0.08121892064809799
-0.05002888664603233
-0.010256491601467133
0.07264994829893112
0.05232708901166916
0.0002976059913635254
0.0208047553896904
0.06564272195100784
-0.032228030264377594
-0.04336962103843689
0.03419791907072067
0.08431627601385117
0.05597861856222153
-0.0666431337594986
-0.05139012634754181
0.0714302584528923
0.048803724348545074
-0.07946356385946274
-0.025803357362747192
0.041761286556720734
-0.047028083354234695
-0.0867118313908577
-0.03226450830698013
-0.049603287130594254
0.01851264387369156
0.06911935657262802
-0.0574444979429245
0.00023772567510604858
0.05226703733205795
0.00800565630197525
-0.07578429579734802
-0.08455996960401535
0.06876366585493088
0.04442752152681351
-0.013625547289848328
0.018717825412750244
-0.02527827024459839
-0.019942574203014374
-0.05125108361244202
0.062121517956256866
-0.0013143792748451233
