-0.06845033168792725
-0.10434715449810028
0.01762595772743225
0.0016018301248550415
-0.07374532520771027
0.10503920912742615
0.11065760254859924
-0.11945773661136627
-0.10566341876983643
-0.12489122152328491
0.10233369469642639
-0.020678788423538208
-0.05499768257141113
-0.004752501845359802
0.09597192704677582
-0.011055320501327515
0.043467774987220764
-0.0580468475818634
0.06148047745227814
0.05327083170413971
-0.03129538893699646
0.11555886268615723
-0.11836041510105133
0.03024791181087494
-0.03437680006027222
-0.04002837836742401
-0.008624851703643799
0.03338262438774109
-0.08608555793762207
-0.005480349063873291
-0.10085342824459076
-0.12342694401741028
-0.12160255014896393
0.09227100014686584
-0.11869384348392487
0.003011748194694519
0.048144757747650146
-0.02470700442790985
0.09815500676631927
0.08858610689640045
-0.011485040187835693
-0.11638155579566956
-0.06095761060714722
-0.12189365923404694
-0.008722156286239624
-0.07748068869113922
-0.04282738268375397
0.021855711936950684
0.12494206428527832
0.048337846994400024
-0.0332937091588974
-0.00434112548828125
0.0871814489364624
0.011690720915794373
-0.04985322058200836
0.042062729597091675
0.08423230051994324
-0.0033859312534332275
0.021940723061561584
-0.09592556953430176
0.11903192102909088
-0.09767839312553406
-0.09838439524173737
0.0660349428653717
