0.0010701119899749756
-0.004979819059371948
0.07334953546524048
-0.0009426027536392212
-0.014314338564872742
-0.02059715986251831
-0.07202203571796417
0.0275745689868927
0.09178856015205383
0.07645995914936066
-0.07579407095909119
-0.10151168704032898
0.10214744508266449
-0.0578777939081192
-0.05630597472190857
-0.003386393189430237
0.06402775645256042
-0.03975248336791992
0.013906896114349365
-0.09684328734874725
-0.05524677038192749
0.035382866859436035
0.01769055426120758
0.0020082443952560425
-0.061279863119125366
0.0036589503288269043
0.0758441686630249
0.043054789304733276
-0.024853020906448364
0.0031632333993911743
0.05798310041427612
-0.03040003776550293
-0.024547234177589417
0.0029537230730056763
0.0634704977273941
0.09232276678085327
0.0014112144708633423
0.1167072057723999
0.06444358825683594
0.08553262054920197
-0.01825903356075287
-0.07184982299804688
-0.08229097723960876
-0.010995522141456604
-0.11882179975509644
0.022459939122200012
0.12314990162849426
-0.0038526803255081177
0.05930313467979431
0.062438055872917175
-0.010534822940826416
-0.055710360407829285
0.05515238642692566
-0.01746530830860138
0.12037250399589539
0.07596160471439362
0.04738253355026245
0.027244701981544495
0.09948448836803436
0.02851659059524536
-0.05157509446144104
0.04084429144859314
-0.01438993215560913
0.012143880128860474
